100
200
7 65
68 50
93 100
1 96
89 65
71 10
36 69
75 8
69 16
4 41
70 8
90 31
78 63
36 70
34 72
15 36
49 18
18 97
82 58
78 23
14 20
88 22
29 46
71 55
36 87
65 79
45 100
89 80
72 68
85 94
47 81
4 90
19 41
23 86
75 84
54 90
46 73
37 80
75 5
63 30
69 88
80 43
10 94
37 70
52 16
50 40
55 11
41 64
23 13
23 94
81 19
10 89
12 1
77 3
67 70
63 100
49 69
53 7
38 40
80 95
10 83
45 58
73 92
53 18
14 10
15 90
66 26
76 81
88 47
20 60
55 24
64 59
21 36
76 66
89 72
88 97
23 43
7 50
39 8
75 68
72 15
85 73
5 86
82 81
83 85
50 86
50 48
67 94
39 15
22 84
77 50
7 39
19 37
47 17
50 49
54 15
50 61
90 78
82 61
48 49
51 73
29 52
93 21
75 59
37 94
51 29
4 25
18 85
27 1
50 32
42 34
20 49
17 29
37 31
17 55
10 92
84 97
23 60
90 47
62 23
40 6
53 49
5 77
95 64
90 98
66 27
59 97
86 62
67 88
43 13
26 18
92 34
6 82
48 48
84 15
62 37
48 24
20 49
98 40
82 36
100 28
63 3
95 32
56 77
71 34
76 33
3 67
84 62
52 41
21 53
28 53
5 36
61 81
66 50
19 79
86 11
31 11
7 51
43 17
98 75
3 85
96 92
23 57
78 2
51 14
68 84
40 65
46 17
74 85
78 41
53 23
5 29
65 63
80 27
40 75
63 82
57 14
64 36
3 93
7 33
75 19
61 83
80 53
92 2
21 77
97 10
94 51
4 75
84 65
2 32
52 81
35 91
78 14
71 90
8 96
77 58
32 2
77 20
89 33
38 80
