100
300
18 92
25 97
14 23
4 54
5 90
70 63
64 26
85 85
61 1
24 69
9 30
81 48
58 29
12 93
40 7
53 7
91 39
63 57
59 55
13 23
85 100
81 80
99 25
92 9
50 58
60 19
22 34
99 29
23 71
44 94
67 21
28 46
79 32
48 82
38 85
25 43
59 16
38 100
91 89
86 25
100 74
11 45
14 22
100 43
57 63
74 33
94 17
87 70
29 74
97 80
32 94
65 38
29 67
43 62
89 14
25 34
92 26
63 92
32 43
34 55
1 95
51 90
15 24
98 44
36 70
74 4
84 68
62 68
11 91
80 29
37 57
69 40
48 1
77 31
78 8
97 68
78 48
47 97
25 92
97 76
89 80
18 40
36 42
100 30
52 66
4 11
6 78
3 73
83 81
46 42
7 32
1 21
70 65
4 30
1 58
100 13
95 95
56 13
37 32
76 54
26 7
26 56
45 93
69 85
19 26
48 53
55 19
25 65
66 46
75 8
72 81
88 16
28 59
48 77
90 29
7 43
48 40
21 87
64 50
17 53
54 6
50 60
9 6
53 23
32 65
96 9
43 46
12 63
52 87
20 10
21 73
7 99
44 97
83 91
23 79
100 22
3 6
2 76
13 80
42 29
12 6
38 42
45 65
85 50
30 3
59 100
49 48
80 28
48 38
47 81
76 88
76 54
30 98
90 55
70 89
5 73
90 42
100 13
88 52
28 55
30 48
56 42
31 90
89 81
7 35
4 12
34 7
52 45
86 93
2 51
51 74
61 50
90 93
12 76
52 11
32 54
63 15
78 14
35 54
46 86
79 88
95 40
73 54
30 60
76 68
1 9
61 43
4 77
47 55
48 92
9 73
2 88
40 10
20 33
94 53
84 8
35 20
46 97
57 41
14 22
63 58
99 36
86 35
78 82
23 27
66 87
83 29
31 71
59 45
69 8
56 73
28 3
95 14
53 19
94 12
5 82
64 21
41 15
54 75
52 30
95 3
25 87
6 91
37 39
77 74
31 8
26 22
46 86
47 42
93 87
63 91
82 71
34 27
27 75
95 69
7 69
1 18
16 10
7 36
24 37
64 77
15 72
82 98
39 37
72 72
19 49
2 69
79 15
8 42
89 93
77 64
97 74
71 1
64 66
98 95
63 25
82 100
49 93
53 37
69 29
26 80
57 53
7 82
96 60
71 89
76 99
79 96
94 27
13 30
42 62
17 28
21 54
54 16
1 47
84 94
42 43
12 53
79 73
46 5
65 50
69 95
88 47
49 34
81 66
99 38
6 38
13 22
40 100
52 80
45 59
81 26
48 72
76 47
58 96
73 51
83 50
4 29
9 59
29 86
1 63
