100
1000
16 74
50 83
23 9
14 39
77 69
40 34
47 71
47 98
35 10
81 85
21 28
33 41
75 71
14 43
26 66
73 26
20 39
65 100
46 3
29 43
61 67
53 7
50 64
60 38
4 6
65 39
28 90
23 52
52 40
49 87
23 87
91 55
86 55
47 65
75 64
15 26
31 33
81 42
32 24
40 30
33 35
70 51
17 87
59 50
9 27
3 42
41 23
47 77
61 31
41 21
25 20
28 94
14 68
15 20
51 77
73 43
9 26
79 67
17 84
51 66
66 25
20 72
39 6
19 22
59 83
32 8
97 87
98 48
90 81
76 71
99 84
1 35
59 87
49 82
69 14
77 41
90 10
38 25
42 71
3 91
41 60
14 14
83 66
65 71
47 66
12 59
9 82
91 13
64 83
57 10
40 99
85 56
21 1
66 48
69 91
38 76
56 46
24 55
48 50
83 74
42 23
77 55
16 3
75 73
37 9
23 38
95 24
25 57
66 82
78 88
35 61
70 70
31 21
54 37
89 16
87 12
77 52
89 94
29 8
42 41
8 28
53 30
64 9
83 45
11 72
53 62
75 88
11 17
41 89
3 78
39 88
70 55
25 3
96 11
62 2
84 90
39 56
86 68
40 64
60 34
45 19
93 23
32 21
4 36
49 65
32 97
37 14
37 1
19 8
7 60
45 28
50 24
3 24
93 46
66 8
21 24
74 26
69 78
5 88
31 33
43 86
66 15
39 76
15 99
16 56
97 5
60 24
96 39
39 93
100 11
93 49
95 85
13 55
92 82
84 45
82 7
79 53
91 60
21 100
20 57
90 37
79 80
81 1
94 53
71 75
4 84
10 73
33 45
23 44
2 22
12 85
93 32
85 9
1 12
72 5
43 16
87 15
44 24
14 9
7 91
68 98
27 84
17 45
25 93
83 23
95 54
76 63
86 31
9 80
53 60
16 22
1 43
92 67
20 66
62 53
8 99
39 37
31 3
83 61
72 91
16 97
91 4
61 9
85 65
69 36
25 6
4 33
80 51
66 20
58 94
63 77
8 38
20 27
86 85
79 8
71 22
64 29
88 46
46 36
21 70
67 52
33 17
96 82
40 79
99 22
60 79
65 77
74 59
85 58
79 93
73 70
58 49
49 58
55 98
67 71
50 92
24 77
62 43
56 37
38 86
60 98
58 99
73 65
55 88
28 74
66 63
92 21
9 35
41 66
10 15
16 61
97 10
92 49
7 35
24 23
41 51
43 83
99 55
62 49
47 30
13 4
19 3
36 60
68 20
93 60
100 51
63 50
78 96
73 100
40 17
19 31
23 66
87 10
99 12
41 32
75 29
60 96
9 47
97 27
12 80
55 31
52 42
97 97
13 42
14 75
54 93
70 47
10 28
96 33
38 11
83 8
8 12
30 47
80 73
21 87
97 18
1 30
13 66
29 69
4 1
43 46
52 71
96 9
31 93
53 82
13 73
30 6
43 66
9 64
64 80
48 36
71 67
44 2
45 99
67 22
19 90
85 28
71 82
39 27
47 79
39 2
18 46
96 22
60 97
44 49
66 78
76 52
92 34
33 29
93 58
32 62
92 93
83 9
9 71
36 61
20 81
58 66
45 84
11 64
73 91
30 18
78 14
24 85
73 21
69 51
61 80
61 24
40 33
46 8
8 72
62 84
39 53
18 4
9 99
18 84
67 39
72 20
70 23
40 20
92 49
57 54
14 28
100 56
85 16
93 19
41 67
72 66
74 34
87 67
54 42
47 49
48 64
18 45
7 15
88 79
93 98
33 43
29 7
30 87
96 30
61 12
49 99
88 62
85 79
22 64
65 88
34 18
86 71
69 61
1 18
37 45
97 51
69 74
46 41
90 13
72 16
17 5
67 85
10 66
52 96
34 24
28 49
36 30
39 33
32 76
81 24
30 93
76 96
21 71
95 18
92 76
91 96
42 36
53 75
76 98
49 10
46 88
74 25
62 50
74 16
86 43
25 60
27 93
7 90
93 78
35 22
70 24
26 24
13 21
58 15
95 54
83 52
21 75
18 52
15 89
94 79
81 53
90 74
40 52
95 21
98 79
10 75
41 78
45 9
53 32
87 40
68 62
86 18
56 14
98 27
25 57
90 53
75 30
63 4
29 20
77 66
28 37
52 59
79 65
85 10
59 49
73 29
94 48
44 82
35 65
53 55
8 7
60 8
37 24
21 37
74 56
37 45
55 65
12 100
46 61
34 74
54 92
41 51
41 83
30 6
94 56
24 21
100 70
46 64
19 10
72 8
78 84
6 11
72 65
3 2
30 79
31 92
61 61
31 92
47 17
13 66
87 46
89 99
16 4
10 17
100 43
20 58
96 18
69 42
17 66
69 9
80 51
43 34
11 21
24 98
38 8
53 57
14 59
66 6
65 85
94 6
2 5
47 80
81 47
72 62
100 4
97 91
15 96
20 41
21 53
80 53
89 18
95 44
31 24
24 98
28 3
33 13
67 35
36 69
59 50
1 63
98 58
10 32
58 97
45 31
81 94
76 23
57 58
53 49
87 67
2 44
32 47
68 57
16 41
95 12
13 87
67 78
97 76
96 16
34 40
94 92
74 74
98 35
3 7
60 73
77 40
45 76
17 62
43 61
58 100
5 97
52 95
69 11
24 45
88 94
29 22
19 87
1 16
45 9
21 35
82 1
65 40
77 63
70 32
4 70
99 8
85 6
47 2
60 94
64 35
2 65
6 95
82 41
62 66
58 38
95 30
17 83
71 65
54 8
58 7
60 79
48 60
57 99
2 100
56 52
30 61
28 46
53 39
69 27
48 90
19 55
95 86
3 57
75 78
61 85
26 71
39 9
23 77
1 77
22 55
25 64
8 87
49 88
48 42
85 4
63 40
35 89
76 20
38 70
88 77
23 89
35 18
52 36
94 17
76 2
12 50
85 85
21 17
79 18
17 42
84 92
31 32
90 4
9 99
100 26
24 10
16 65
15 77
49 9
62 46
35 58
35 84
84 13
69 66
59 14
2 13
82 65
17 12
94 41
6 55
28 27
4 10
69 19
17 60
93 40
99 28
81 63
8 6
85 28
99 10
71 61
29 15
17 45
58 63
63 23
92 35
53 8
46 70
84 37
4 9
41 72
18 99
53 100
62 17
84 26
68 98
14 75
18 78
47 90
62 95
1 85
14 40
2 80
77 21
19 9
64 17
37 45
55 83
93 17
93 78
29 40
94 7
98 76
28 48
10 19
52 14
93 74
93 10
71 84
87 54
34 95
87 65
41 80
80 14
54 72
89 92
45 88
61 92
40 66
99 68
81 37
85 80
75 82
8 86
7 73
5 19
44 96
49 32
13 83
47 100
3 5
85 15
7 1
59 32
23 14
57 18
16 90
44 3
58 10
5 60
40 64
38 93
10 13
86 17
28 54
92 74
32 99
27 44
35 17
69 59
94 77
64 78
56 34
43 46
91 28
59 50
97 78
36 25
2 7
92 11
90 56
3 88
91 75
92 79
20 30
75 54
18 94
83 62
44 92
32 88
3 28
99 70
98 44
58 34
24 75
69 23
56 73
68 79
6 71
41 10
38 29
85 35
17 39
70 55
5 22
83 87
49 30
46 94
40 35
5 44
3 95
62 92
63 58
72 35
93 17
84 39
6 59
80 75
43 2
33 100
95 4
63 17
22 94
70 89
50 43
9 87
4 32
23 55
76 39
27 57
74 65
67 65
64 37
24 84
89 61
14 36
33 48
20 17
67 49
91 4
26 93
71 69
49 54
22 83
17 88
32 35
35 74
97 37
11 41
86 2
68 25
63 37
76 25
32 77
24 16
16 60
83 32
78 45
49 26
92 9
1 55
96 94
60 6
80 18
53 61
26 35
6 27
13 41
21 1
64 86
68 68
45 49
57 57
95 97
71 22
16 6
86 50
23 60
12 39
21 90
84 62
77 81
38 72
40 25
76 3
90 24
98 34
57 72
90 82
36 2
33 19
93 23
50 42
6 10
67 69
15 50
4 24
8 92
18 24
62 36
20 78
2 49
80 8
99 97
89 68
26 100
55 28
19 86
9 83
73 50
42 43
33 72
46 43
59 84
24 2
43 66
85 20
51 19
31 84
95 22
18 28
41 30
39 89
56 14
76 62
64 50
99 76
46 70
39 41
89 95
19 37
66 5
43 8
82 14
58 23
35 7
44 71
18 47
16 86
70 70
6 55
86 51
62 70
6 94
81 6
8 59
77 98
35 16
41 52
100 100
97 24
11 34
13 70
14 90
88 42
25 95
15 35
10 67
80 20
65 89
16 3
35 49
38 22
50 67
92 53
83 23
14 75
67 82
13 31
96 54
6 14
55 69
58 43
74 18
66 20
65 84
88 37
1 18
47 99
52 84
97 69
90 7
87 55
11 84
2 9
100 50
98 38
22 77
17 63
49 61
80 27
10 40
28 42
5 4
87 7
7 12
6 32
69 49
33 75
65 68
18 25
10 82
69 28
11 62
28 69
