100
3000
38 88
33 34
27 74
63 42
73 55
30 91
89 41
66 83
27 72
28 6
47 41
31 93
90 70
31 83
5 74
9 97
95 36
84 52
19 38
66 38
37 46
4 18
30 94
8 59
33 49
64 78
27 76
20 59
29 71
37 40
24 84
79 10
89 66
64 51
42 95
29 44
85 29
63 7
42 23
32 12
36 83
18 51
27 36
30 54
98 100
34 29
76 66
64 85
41 84
58 15
57 10
4 62
46 18
61 53
94 97
90 95
81 100
38 61
2 24
88 7
17 86
28 41
46 95
1 5
100 88
84 34
50 98
79 33
41 32
52 95
19 53
48 28
85 48
27 10
68 77
17 7
60 84
91 34
88 64
72 8
64 40
45 34
42 26
44 62
54 28
93 42
22 56
21 63
98 76
52 60
38 59
24 83
85 94
100 20
47 96
50 87
66 88
82 11
52 7
19 95
95 69
48 34
43 90
3 39
70 39
64 50
41 68
68 2
1 17
31 51
34 69
42 42
7 85
53 45
97 90
91 51
20 8
61 93
98 41
31 81
82 28
71 87
29 67
96 94
16 99
85 38
65 42
67 73
44 49
52 83
65 54
26 15
94 60
26 72
62 100
73 98
9 22
8 70
11 89
63 74
77 75
45 21
51 45
100 19
58 80
76 95
54 9
52 5
45 56
11 19
4 3
21 29
39 84
53 79
92 28
78 26
8 81
60 30
86 25
84 26
78 16
22 14
98 64
43 29
87 91
76 36
99 15
98 78
16 16
56 52
6 32
26 12
91 28
72 61
21 62
59 63
59 97
64 49
91 54
12 100
85 19
43 60
74 42
18 29
74 32
92 23
19 83
39 68
45 16
93 94
14 28
79 70
30 53
81 39
72 99
69 7
22 18
69 49
74 88
89 83
93 82
87 99
36 25
63 7
70 5
38 19
42 69
82 72
13 22
61 66
65 72
1 45
22 28
23 89
34 22
51 70
93 24
95 35
92 29
24 28
4 53
28 56
18 12
49 89
24 97
84 78
96 46
21 4
24 39
45 5
8 65
78 46
73 46
87 34
24 26
35 69
36 65
100 99
47 17
89 77
8 78
30 74
85 75
43 32
43 27
25 89
85 90
69 99
46 56
27 74
60 89
9 3
68 78
94 9
61 78
59 99
70 62
32 47
25 9
100 59
60 28
5 45
68 100
32 17
46 53
90 75
36 42
76 10
12 6
24 46
92 83
8 37
89 28
21 62
97 44
86 20
2 66
61 30
39 57
78 16
52 44
84 60
73 58
50 43
78 79
16 67
20 71
80 57
49 54
80 11
28 79
85 92
30 61
80 10
55 87
22 42
97 70
13 73
98 2
88 43
73 57
5 89
54 72
95 33
10 12
37 65
89 85
93 41
3 93
89 4
97 43
27 56
71 78
44 43
99 79
25 99
60 89
31 3
53 26
95 84
86 94
96 99
12 39
49 67
74 78
17 78
72 12
23 87
81 41
24 81
1 47
12 19
73 27
34 72
95 44
98 54
58 45
69 4
53 15
31 22
40 13
29 2
47 68
99 24
31 97
95 81
2 74
21 23
55 2
32 54
83 79
50 61
31 29
32 39
79 76
22 93
9 7
36 49
68 75
48 52
19 15
83 35
85 1
47 43
30 83
52 43
91 88
15 43
67 64
96 91
86 70
59 76
9 14
30 99
45 80
16 90
49 22
2 58
42 97
4 92
97 85
4 91
45 27
53 43
45 55
59 4
89 1
15 43
70 91
78 17
13 76
69 59
47 4
44 79
42 17
39 35
10 38
94 85
77 50
100 52
78 61
82 10
49 90
68 34
26 18
77 39
67 24
34 39
34 93
20 73
16 32
77 20
3 75
33 51
8 65
53 43
78 26
73 79
36 90
54 20
1 87
43 51
76 75
7 35
59 36
96 77
9 4
95 93
57 98
84 41
36 41
78 9
75 63
13 4
50 54
50 59
68 28
16 51
57 14
48 9
70 21
82 91
37 72
54 58
80 47
18 30
90 41
58 44
46 53
54 30
86 54
37 43
47 51
82 22
67 98
56 91
17 61
62 49
55 38
28 55
63 21
94 1
26 64
68 92
27 27
7 54
82 85
90 73
65 32
67 8
47 20
27 43
89 30
61 11
73 1
52 88
36 46
48 35
71 100
23 55
24 97
35 49
9 29
58 39
100 46
10 79
70 71
44 97
62 89
95 83
96 27
57 7
72 52
87 98
91 37
36 12
25 51
38 53
93 68
5 42
3 97
94 54
18 60
78 96
65 98
66 56
63 52
35 51
71 5
56 81
86 42
100 68
7 31
62 91
70 28
37 13
67 98
38 29
39 97
29 10
36 5
9 76
79 31
23 98
92 72
31 31
12 14
70 29
86 33
21 67
51 78
68 11
23 80
38 59
38 10
7 14
1 84
91 34
85 51
87 38
29 35
3 4
33 2
1 10
66 69
52 68
30 14
34 23
100 75
72 70
96 19
98 84
87 6
58 73
89 47
100 33
11 57
56 24
43 47
55 13
22 38
76 16
57 42
69 55
24 4
97 21
7 9
76 34
16 81
19 48
84 40
41 8
1 42
42 64
2 4
43 35
63 91
33 46
41 15
1 100
77 77
41 78
86 5
56 38
18 65
78 53
67 28
42 42
33 47
83 62
28 83
11 14
51 25
59 15
59 92
9 10
93 13
14 68
12 62
34 2
71 40
10 77
75 71
33 70
91 86
93 26
62 71
23 88
93 25
13 84
95 7
46 89
77 78
78 25
5 41
11 56
64 73
28 64
38 57
64 87
1 47
86 19
14 52
53 35
84 16
79 29
68 41
70 80
61 27
74 13
10 26
95 94
53 99
57 36
93 2
33 7
18 66
56 36
7 26
15 52
33 78
45 6
34 78
35 53
47 91
35 44
77 13
74 96
19 71
81 64
91 41
15 53
57 83
38 40
54 34
59 99
10 86
56 44
62 41
80 16
94 55
71 25
64 33
50 83
44 1
45 79
18 6
86 9
29 16
26 20
69 65
26 82
36 51
71 22
92 62
74 69
84 24
56 39
19 85
7 53
67 10
90 72
5 26
49 64
4 24
64 2
68 93
94 30
3 46
5 73
72 11
76 8
6 10
52 40
99 13
94 25
85 64
25 78
71 76
75 73
7 19
40 21
71 72
47 74
38 84
1 69
90 90
33 41
4 55
83 85
1 77
79 37
81 99
16 100
90 5
54 48
94 54
75 16
4 96
10 43
68 50
59 33
10 68
16 36
73 77
67 3
53 53
72 4
3 55
83 34
29 80
50 56
85 20
48 73
68 72
55 20
85 68
43 69
28 69
82 8
66 12
88 20
26 87
17 93
82 37
69 65
46 53
72 91
61 91
98 86
13 48
38 46
33 21
28 57
73 51
44 92
24 89
52 42
52 27
89 79
18 65
7 15
60 86
42 65
86 7
2 67
98 28
81 4
58 94
55 31
70 68
89 24
68 67
66 34
51 49
51 77
99 13
95 100
88 25
43 81
89 91
12 28
81 10
65 87
13 50
98 47
74 49
97 93
28 18
34 8
51 91
14 36
67 99
6 19
87 98
28 56
4 52
58 2
3 27
18 47
2 100
27 57
70 42
77 23
48 100
60 89
95 2
12 3
12 73
31 99
26 94
92 81
88 6
100 92
55 34
18 66
93 76
1 59
15 76
24 51
11 59
74 94
7 31
31 41
61 48
87 42
57 31
32 74
67 27
3 89
26 61
29 8
97 99
92 95
17 1
4 50
31 69
99 24
83 75
97 8
73 54
2 91
25 56
70 87
75 50
52 18
13 80
14 29
80 74
10 98
91 30
59 81
89 24
16 37
94 29
2 90
70 62
77 42
76 87
50 93
72 34
54 22
99 66
87 38
81 62
42 76
79 44
3 24
80 22
89 61
91 43
54 16
6 82
46 39
46 5
70 64
99 36
53 26
33 93
34 55
45 72
44 47
26 47
29 22
39 33
87 39
79 30
28 14
64 29
22 99
52 43
14 95
26 58
70 59
95 46
30 69
38 13
98 36
82 24
83 43
8 95
70 75
75 76
48 25
73 61
8 84
92 85
96 47
31 95
57 88
19 21
56 72
39 37
21 29
79 46
12 85
63 87
9 81
81 5
27 82
69 61
25 80
15 56
61 2
77 55
61 55
73 20
86 75
96 31
15 81
75 90
88 69
10 36
82 14
92 29
74 64
72 29
31 17
39 95
70 17
52 90
83 6
4 50
37 95
51 56
34 85
29 30
3 86
65 38
48 17
33 69
80 64
68 70
35 40
84 97
62 30
33 10
98 46
47 50
54 86
95 23
81 8
77 26
35 32
94 5
8 5
26 24
98 23
78 85
25 98
97 23
41 31
75 10
53 8
15 99
79 70
79 21
100 34
80 49
19 59
82 89
23 65
59 38
32 2
82 50
28 62
32 96
58 60
59 4
87 40
38 73
58 55
63 2
65 23
69 67
49 84
22 68
28 76
6 75
6 95
87 30
69 29
25 13
6 49
16 87
78 91
85 89
44 54
98 70
87 41
30 74
57 57
26 12
79 23
89 36
33 36
60 100
71 14
76 84
97 52
100 28
10 15
7 9
5 46
91 45
30 81
37 18
78 12
25 21
12 22
21 40
95 83
8 35
93 93
19 28
20 51
13 76
68 80
9 46
59 19
44 83
82 35
21 35
87 98
6 89
67 76
35 1
73 51
52 67
30 87
11 41
9 29
72 12
64 40
78 82
69 6
62 88
2 68
67 4
54 88
60 82
38 39
1 86
31 17
89 95
42 93
83 46
100 3
88 24
8 26
86 19
66 24
13 80
87 67
2 20
39 58
19 36
19 84
98 66
88 23
11 91
15 6
73 14
40 45
82 63
75 42
9 37
19 93
27 85
97 36
11 86
22 69
11 53
50 38
29 12
11 77
6 37
41 42
11 69
45 8
77 61
82 76
87 42
85 26
54 18
94 72
86 4
12 14
30 98
69 30
66 32
71 92
53 31
38 41
75 92
30 44
83 17
49 83
61 25
6 17
44 81
63 9
55 61
51 56
23 26
12 83
57 75
19 59
30 68
55 42
89 96
99 55
62 81
8 16
83 87
23 49
36 1
21 29
27 77
8 98
4 55
62 7
97 77
73 18
93 50
66 2
92 53
30 12
30 63
55 7
80 86
65 48
54 72
77 40
91 66
26 42
2 27
69 64
75 62
94 53
6 83
75 93
35 4
3 77
59 68
40 5
72 85
89 51
29 59
44 25
86 74
47 13
88 100
56 59
25 93
33 38
95 27
63 92
81 69
34 72
41 37
24 16
16 95
55 5
16 21
54 19
22 69
37 49
81 69
35 53
91 61
66 72
57 70
11 91
58 28
14 8
93 16
63 66
32 45
59 30
38 95
4 28
24 67
89 40
93 12
55 35
35 25
3 76
53 44
45 17
64 18
77 70
89 30
35 92
6 88
99 46
51 13
38 61
95 3
12 5
64 26
83 41
33 46
99 30
9 71
66 79
66 26
72 4
12 30
40 15
38 47
43 90
100 12
29 90
61 37
20 98
59 100
23 68
83 57
84 28
63 20
39 34
8 11
7 74
14 69
63 91
22 85
80 27
72 14
72 93
76 57
71 78
58 87
71 34
77 35
38 27
43 80
9 30
58 87
62 45
20 87
55 28
51 26
6 59
43 94
56 5
26 79
5 76
95 37
52 87
81 89
15 20
12 44
40 92
87 13
59 26
66 82
35 70
92 83
6 6
96 6
22 4
28 14
30 18
52 30
66 93
86 75
50 51
89 19
42 3
41 19
24 96
47 94
48 65
27 67
30 4
72 83
78 61
20 5
97 46
73 80
49 92
6 90
48 5
2 51
28 22
94 61
17 54
69 89
84 58
17 92
6 62
4 59
37 19
63 88
55 54
80 75
36 66
51 32
4 70
82 22
29 7
93 27
7 32
48 96
31 93
62 66
6 37
76 80
37 62
53 40
6 100
64 7
81 44
59 94
6 11
80 94
67 89
98 20
64 74
88 47
80 53
42 73
79 60
30 36
81 97
53 11
57 4
36 60
14 23
60 97
30 95
3 77
58 58
13 18
24 72
31 77
82 27
67 86
60 94
79 42
25 57
81 70
82 95
55 75
75 85
38 79
49 10
8 28
59 57
56 100
99 26
54 37
75 27
79 35
68 72
10 4
27 74
92 84
88 65
1 55
91 33
81 91
67 33
84 85
57 35
58 22
1 86
33 81
47 94
77 31
6 94
67 71
46 65
64 43
36 39
6 89
31 23
19 2
36 8
13 44
99 90
10 45
41 26
35 19
34 99
84 15
58 7
32 78
16 81
17 43
31 93
56 92
16 34
36 14
66 86
9 88
93 84
65 20
29 23
67 82
1 76
75 64
51 42
54 51
26 53
57 62
63 33
69 5
7 90
76 46
32 76
9 85
25 71
85 7
11 10
8 95
35 70
43 11
85 36
90 71
15 20
74 85
11 82
34 6
49 73
78 95
82 14
32 11
29 40
25 62
30 29
31 91
2 24
44 70
86 79
87 65
32 79
10 65
59 9
2 34
27 98
82 55
89 44
6 58
64 83
93 100
76 38
49 30
58 1
96 77
53 92
83 20
28 41
86 76
83 64
86 62
59 74
9 20
41 73
20 41
65 38
64 27
76 19
28 88
13 96
57 50
6 84
55 71
17 28
5 49
17 66
1 54
39 1
100 32
99 51
38 24
90 47
37 73
28 6
30 91
11 89
79 8
72 94
27 29
100 77
54 60
85 41
71 80
44 40
96 8
73 79
30 64
48 14
2 49
6 16
83 13
62 94
100 56
46 7
86 85
8 16
70 79
11 61
17 63
33 57
100 47
3 11
27 90
49 11
75 69
76 97
18 87
17 100
46 14
38 75
76 33
81 20
73 32
8 3
85 87
5 64
42 89
6 90
97 26
3 55
100 24
89 28
59 12
96 67
96 88
24 88
18 41
64 57
2 20
60 100
8 17
77 92
99 5
28 53
81 39
3 73
27 93
6 66
62 75
43 96
4 38
11 82
36 76
79 40
61 20
51 45
53 37
83 34
46 27
5 66
12 86
35 82
86 89
46 76
67 7
76 75
99 98
75 29
77 44
78 5
64 9
26 42
60 29
31 25
85 71
17 6
64 63
61 27
60 89
7 22
19 72
100 3
95 31
92 52
51 9
45 100
66 99
52 44
30 76
84 84
77 62
40 40
67 15
84 78
55 54
89 43
86 48
22 77
60 97
83 87
55 7
71 50
23 80
22 92
71 96
14 45
17 100
28 71
3 10
11 73
99 54
71 72
85 39
3 37
63 44
63 48
5 43
8 79
93 12
80 7
43 50
64 17
88 36
43 56
41 70
89 59
50 89
23 23
48 94
22 55
77 61
64 17
95 87
68 71
67 91
67 9
99 63
21 67
69 9
86 65
75 35
66 34
70 78
78 55
61 97
77 20
21 62
68 48
32 45
31 25
72 8
89 62
72 73
5 36
91 78
2 7
56 60
33 32
54 77
22 63
1 68
15 50
31 29
85 29
32 8
57 5
15 71
71 24
28 83
79 95
2 49
43 67
51 63
30 58
8 25
24 36
85 48
4 30
47 17
89 22
91 37
56 5
69 100
70 81
95 3
60 91
65 21
57 25
93 61
43 67
5 93
42 66
54 96
80 55
34 84
72 49
69 4
99 34
74 83
14 50
76 35
2 24
42 78
60 9
92 59
28 68
42 13
17 48
36 34
5 37
22 84
85 11
80 29
15 66
63 85
63 20
43 3
76 61
26 79
14 48
51 71
93 42
68 30
38 69
7 23
29 34
33 5
50 73
8 24
49 62
8 37
72 8
74 36
18 50
19 14
58 74
36 15
2 21
59 98
41 58
77 57
11 8
77 5
69 63
58 24
40 12
88 62
82 75
54 73
45 65
75 79
22 45
98 23
53 96
35 12
72 55
85 10
23 48
21 64
77 98
70 89
17 70
53 37
10 50
74 70
40 87
14 65
43 55
11 10
54 12
100 96
71 100
15 14
53 9
81 62
53 70
82 90
9 39
22 68
9 15
46 19
68 66
54 97
76 14
79 11
48 8
12 88
93 40
53 77
9 68
65 51
18 39
23 12
45 56
20 61
52 38
10 22
97 67
87 19
10 78
91 59
65 87
99 36
12 83
71 62
47 12
49 80
54 58
79 46
51 18
59 50
28 87
21 24
69 71
48 88
39 6
71 15
41 9
97 45
94 6
84 87
100 70
39 55
63 48
48 9
33 93
67 53
64 37
47 13
8 44
12 56
24 63
48 35
99 95
83 43
37 96
7 82
70 65
44 43
22 33
7 77
67 71
17 19
40 48
44 15
39 46
10 43
55 27
49 13
4 28
60 36
30 96
85 22
47 73
97 72
58 44
88 1
68 76
58 100
65 93
44 90
36 94
7 29
22 25
73 86
15 87
61 45
40 97
9 71
57 59
5 6
13 78
98 50
59 48
10 30
1 54
36 4
89 83
87 1
72 4
14 99
77 94
61 81
99 41
99 87
65 38
22 24
16 6
49 62
96 69
84 6
24 82
99 80
2 33
43 59
81 21
84 39
32 13
55 71
26 24
31 45
76 94
29 17
59 41
72 50
16 42
54 75
46 8
100 100
90 63
88 87
96 6
91 92
92 11
21 28
75 90
56 71
12 36
100 28
74 74
10 4
99 64
67 5
73 99
51 52
54 35
29 79
83 93
48 53
16 35
53 57
80 26
55 65
66 22
83 45
81 15
84 39
88 83
31 42
68 94
28 64
18 26
67 83
57 8
50 39
66 50
7 29
60 55
17 95
9 53
92 48
49 98
19 48
28 77
21 74
68 40
58 22
77 29
10 68
23 92
15 37
18 57
35 37
84 51
92 65
50 60
100 72
87 100
20 68
35 19
1 29
21 96
21 46
71 17
33 23
82 42
77 62
33 35
40 68
28 32
18 43
79 18
61 100
68 89
12 96
8 38
28 93
64 91
16 99
18 41
60 75
100 91
74 52
42 11
31 24
15 53
97 100
72 65
82 77
91 71
85 63
36 15
81 38
43 50
8 15
51 87
43 29
67 12
13 37
69 75
92 73
55 89
88 33
54 68
26 74
91 92
13 21
78 65
9 75
24 65
94 83
27 48
29 84
55 88
33 36
80 62
86 27
70 92
96 30
100 9
41 94
34 75
99 74
77 79
23 92
71 60
68 40
29 27
43 45
98 2
80 33
20 94
17 53
16 24
52 81
26 31
6 40
86 16
32 18
9 62
78 31
55 26
2 48
79 50
40 52
12 14
58 42
41 61
73 95
11 65
42 73
5 75
44 96
60 24
80 55
42 57
1 69
71 85
99 31
29 32
16 85
77 98
45 68
16 86
57 2
10 34
67 51
39 18
92 65
14 95
81 40
93 33
20 74
71 11
15 89
2 85
66 9
9 86
67 85
21 100
27 56
95 11
42 39
90 39
59 75
14 37
54 68
56 90
16 90
68 71
58 49
64 9
27 47
69 19
49 5
97 75
10 76
93 25
62 59
59 68
72 78
88 76
90 13
18 45
39 89
77 25
41 74
67 41
64 62
44 2
4 58
52 63
7 37
75 34
80 75
36 73
83 83
32 42
39 2
66 80
1 74
92 72
62 56
70 63
97 30
42 39
18 7
28 64
50 44
61 33
73 89
42 49
80 17
6 10
92 39
78 22
56 83
28 2
35 10
20 51
16 81
89 64
63 34
65 97
11 83
51 67
56 86
84 49
95 35
3 49
92 32
75 32
75 82
99 15
80 48
85 52
22 5
86 73
17 19
31 35
24 94
14 9
95 6
54 82
49 72
50 1
67 79
60 88
96 32
28 19
73 93
63 52
92 29
13 28
39 17
26 87
66 50
81 80
73 69
22 49
34 69
93 70
99 78
32 41
69 39
97 26
96 20
50 86
12 15
56 51
36 98
42 72
35 63
98 34
46 98
70 59
1 25
97 68
98 19
18 38
78 68
59 100
82 25
10 86
57 21
85 17
30 18
83 81
23 19
71 23
43 10
93 9
43 63
12 31
99 56
37 22
58 13
28 25
5 97
16 13
88 74
9 16
95 97
6 1
50 81
32 50
95 23
30 73
25 5
48 44
23 62
90 60
71 10
14 70
99 14
27 87
39 65
19 83
32 22
85 11
58 32
34 82
50 39
22 63
51 75
1 96
96 11
82 3
8 6
89 4
71 45
49 13
61 61
70 89
27 17
69 76
51 44
43 100
35 14
5 96
84 63
52 93
74 31
83 11
100 17
57 54
27 7
77 93
21 100
60 92
34 16
81 26
19 43
52 15
6 63
5 42
40 53
13 53
38 10
7 97
10 36
11 52
83 59
92 94
82 16
83 15
91 46
86 4
86 50
92 40
90 16
31 71
65 66
27 23
39 70
91 93
17 19
41 70
33 17
80 60
20 67
56 80
67 96
69 88
39 16
4 85
25 57
94 93
37 47
50 59
30 56
78 70
50 18
8 88
4 95
6 74
29 80
88 54
48 89
39 25
82 98
59 33
56 66
68 56
38 85
95 76
69 16
1 35
8 57
45 78
100 65
95 90
59 69
85 32
58 43
31 40
67 4
99 43
13 5
39 34
43 18
9 87
72 1
19 81
42 41
93 43
69 57
65 3
6 86
50 71
40 34
92 88
32 14
88 18
73 78
86 84
31 63
1 62
63 26
63 9
63 94
12 65
40 13
44 23
89 20
88 38
65 33
39 93
62 75
77 3
24 23
59 4
68 57
95 74
59 95
52 82
11 42
92 78
51 60
91 63
12 41
88 36
54 4
89 61
50 67
19 19
91 45
55 58
52 57
8 13
51 36
8 75
18 43
98 69
12 13
4 27
87 59
95 66
60 99
57 70
95 91
11 52
41 27
33 87
31 54
55 18
45 12
100 66
87 71
54 40
30 19
14 53
44 79
69 19
92 97
39 13
12 23
16 71
74 43
24 3
25 33
73 25
91 93
83 50
91 46
96 15
29 80
37 81
82 97
38 2
40 84
7 17
18 3
16 54
49 24
22 74
73 57
14 46
30 51
40 69
6 28
65 75
66 63
40 78
53 100
78 85
65 73
5 15
67 4
56 49
43 63
66 48
83 35
46 62
24 64
28 19
31 56
64 69
85 60
31 15
51 39
5 19
97 93
71 95
90 77
90 38
30 76
78 39
99 35
96 27
48 45
63 49
64 16
98 44
34 47
23 66
93 45
41 61
88 59
34 66
98 34
18 43
65 99
4 92
37 37
46 24
4 71
26 83
10 70
74 70
87 24
65 40
62 52
22 62
54 85
32 89
49 30
57 39
97 95
12 54
43 18
88 10
43 32
74 69
7 86
91 50
43 43
100 1
81 3
75 65
47 28
86 48
55 41
9 43
97 75
30 55
89 6
2 16
98 77
96 81
67 43
49 99
34 69
38 13
97 95
47 98
50 40
35 74
88 60
35 37
45 27
36 14
63 24
32 76
43 72
41 45
6 41
57 82
62 74
30 80
21 9
49 81
91 51
61 11
10 75
27 51
27 76
75 4
58 47
69 33
56 24
67 99
27 35
91 39
47 36
18 30
70 35
22 52
75 100
20 8
59 29
91 56
66 89
24 52
19 39
14 6
56 42
18 80
27 74
77 58
23 19
25 12
34 68
37 5
25 80
55 62
72 59
37 64
95 22
56 97
74 7
71 63
96 5
16 18
37 99
94 56
81 63
70 72
100 15
10 97
1 19
12 27
56 42
3 12
100 72
25 89
80 92
22 26
100 17
33 78
100 66
35 72
75 41
57 49
90 99
82 88
90 69
2 13
63 18
70 45
97 27
28 27
15 80
10 86
3 98
69 54
35 22
34 16
10 69
97 48
75 2
51 98
47 62
17 47
47 81
15 79
66 61
49 21
20 11
10 37
83 72
43 79
99 50
33 53
73 59
83 61
11 6
81 93
91 6
94 61
100 100
84 4
16 87
21 20
58 61
81 69
53 82
74 75
71 66
47 48
38 95
25 85
20 42
78 90
52 34
96 31
40 6
73 88
37 5
6 59
12 13
5 66
75 2
31 66
26 49
77 23
47 87
1 98
52 21
89 71
9 69
51 32
44 23
51 22
2 8
93 95
26 51
34 73
43 36
95 3
99 68
57 64
62 75
22 47
64 55
82 78
49 48
14 92
6 8
49 92
72 50
33 81
63 50
59 12
12 70
98 77
84 25
42 65
24 39
98 78
58 78
7 9
36 39
63 46
97 64
18 96
62 40
30 12
34 17
70 35
88 7
28 30
57 97
35 23
21 30
50 90
51 70
52 3
56 4
38 66
49 21
43 76
57 56
75 7
28 99
58 58
4 96
5 23
92 7
53 96
45 77
27 18
50 89
59 88
83 70
50 24
39 20
28 55
19 69
48 90
92 58
39 93
47 19
4 44
26 86
89 63
34 25
42 93
96 12
91 54
2 71
65 11
80 44
90 15
12 10
21 1
55 91
58 63
99 85
90 30
67 57
51 98
68 65
48 21
8 12
81 49
90 40
37 18
65 99
41 28
93 91
8 78
30 20
45 19
54 39
73 71
44 74
78 12
41 3
96 34
41 15
46 8
40 33
4 30
55 95
8 47
3 57
64 92
2 70
51 4
98 23
17 33
51 39
85 4
40 75
88 83
57 96
78 6
4 7
83 44
99 24
34 95
19 2
2 34
73 21
69 31
87 40
59 83
30 57
54 51
24 5
77 32
35 29
55 12
18 64
52 16
40 51
61 8
17 16
83 28
52 11
19 19
98 4
37 51
59 15
40 87
3 52
11 26
42 52
25 45
62 53
11 56
100 47
78 65
7 76
68 97
54 3
61 86
18 97
55 58
90 17
99 72
32 4
14 46
2 82
7 6
16 6
32 82
11 66
17 69
33 60
65 67
2 38
27 38
48 10
79 36
96 18
82 84
66 12
88 53
56 8
54 89
3 59
42 18
91 58
40 13
23 17
60 14
57 77
78 5
63 82
73 35
86 24
45 34
77 44
44 19
5 37
68 95
87 52
80 62
59 86
79 15
28 64
71 96
26 67
70 72
80 52
84 38
85 73
62 84
8 7
1 71
97 10
50 12
29 93
19 32
62 44
59 8
51 9
68 83
16 48
75 82
12 59
36 96
91 45
31 32
10 57
74 96
71 22
39 48
32 55
54 15
26 95
38 99
37 10
34 8
9 41
50 74
67 5
73 65
85 2
65 8
80 79
48 98
88 10
36 51
76 56
53 2
32 98
42 71
26 42
28 27
37 21
92 10
93 82
81 7
31 97
8 59
79 69
38 15
40 67
53 47
77 16
10 98
18 34
67 83
46 58
68 50
89 29
71 99
19 66
14 96
46 40
61 29
69 85
45 93
78 43
20 17
80 72
17 74
66 46
45 2
97 70
89 10
42 48
66 59
73 74
11 78
81 30
86 97
14 13
13 44
42 89
57 60
