100
400
68 60
8 85
18 95
61 100
54 14
58 58
55 56
79 57
17 96
23 44
40 38
19 25
45 56
18 16
59 49
32 96
30 6
81 85
38 29
25 21
72 16
20 70
38 24
66 1
81 69
75 48
23 86
29 48
92 81
31 56
4 29
24 75
95 25
75 89
44 64
97 6
54 72
55 44
81 3
7 7
41 21
46 94
29 59
82 25
95 28
65 28
59 68
3 83
81 59
37 50
72 32
47 4
18 99
39 59
72 7
73 31
62 59
56 70
92 81
64 40
76 94
69 73
90 95
46 94
53 51
41 68
33 63
47 26
58 99
10 24
51 14
19 52
86 69
9 90
66 6
62 26
19 10
98 23
8 4
9 10
37 29
71 99
70 6
10 75
12 30
100 36
47 10
100 3
54 44
42 14
97 20
74 29
5 10
64 63
20 98
52 100
69 80
62 71
19 47
72 80
72 33
27 54
42 9
42 48
33 25
75 40
12 30
53 2
24 10
63 35
17 42
90 47
22 85
45 27
80 21
25 97
61 34
50 26
87 64
34 13
2 10
11 30
27 33
17 46
62 74
77 20
25 10
10 9
94 41
66 26
31 16
62 35
48 62
69 61
38 12
47 63
63 50
61 100
89 58
94 53
33 29
30 73
88 1
24 38
56 71
14 83
61 55
41 88
79 90
9 3
100 42
12 65
15 33
100 62
3 68
94 31
43 58
14 78
7 77
70 47
70 56
14 69
24 26
70 2
13 64
73 17
70 23
41 66
43 78
66 94
99 97
74 39
78 31
99 34
81 69
89 71
25 18
22 93
36 62
58 95
39 77
19 67
33 87
52 50
90 6
74 85
85 57
78 76
50 84
86 86
13 86
26 88
51 46
73 30
24 65
3 87
79 100
95 68
1 67
1 37
50 92
84 84
4 1
41 96
84 20
69 100
11 37
41 8
4 79
74 95
64 62
69 61
16 89
85 58
52 10
54 75
32 94
63 89
3 27
44 86
88 89
89 62
29 47
57 56
80 8
26 99
38 61
25 29
79 95
29 17
14 43
32 32
1 85
71 91
27 5
53 78
68 71
35 78
88 99
11 64
43 59
31 45
4 69
8 91
61 34
28 5
54 10
64 55
30 53
38 99
75 89
33 8
14 55
57 2
14 35
29 74
16 25
57 54
97 3
40 15
68 2
63 41
89 92
79 26
64 53
49 66
98 38
4 70
11 75
7 43
54 25
84 70
34 88
67 51
66 28
89 11
46 2
89 100
55 92
39 68
35 84
69 53
9 45
35 45
36 25
94 90
7 73
11 47
66 59
39 82
45 73
35 92
43 67
79 43
97 37
27 88
84 65
21 2
67 34
78 38
20 27
94 58
42 92
93 20
74 49
54 85
79 6
4 6
19 35
47 68
12 1
77 35
54 21
56 15
94 88
55 100
28 59
65 11
28 18
65 19
29 93
4 40
61 59
78 98
55 23
94 42
22 11
92 19
28 26
77 87
20 16
65 53
52 88
11 95
55 47
28 53
59 27
14 36
17 82
77 8
40 98
6 74
8 93
56 91
63 55
60 36
6 52
9 67
75 82
85 70
35 27
80 71
71 17
54 22
30 57
81 96
70 17
40 30
10 95
83 48
100 80
96 76
86 73
20 15
50 46
62 47
83 22
49 41
62 6
51 55
69 20
100 90
46 78
6 75
97 83
81 4
54 11
44 53
46 40
42 46
28 11
11 52
50 36
35 91
90 82
40 16
69 60
21 30
12 77
39 13
43 59
63 67
48 73
54 87
2 67
41 89
19 34
28 2
10 82
40 64
