100
500
30 25
54 85
62 62
92 12
4 62
32 95
58 70
45 31
96 4
51 81
5 69
14 53
48 29
32 19
5 40
96 26
74 78
50 1
92 82
10 6
50 27
39 12
53 53
73 35
62 41
94 21
71 70
86 49
6 59
26 99
52 51
85 28
24 65
80 4
65 51
29 8
27 95
69 43
76 54
65 44
33 68
56 33
13 53
95 25
8 56
9 97
39 36
12 92
41 29
30 1
61 71
2 27
55 61
11 44
47 67
46 60
49 23
49 76
81 31
5 16
97 11
75 47
47 17
100 70
89 16
97 54
100 52
15 10
86 48
51 42
49 63
57 42
78 84
12 38
12 4
36 69
64 71
29 27
78 93
94 7
82 59
55 93
40 7
52 70
71 55
99 43
35 59
81 58
62 86
26 64
73 77
62 34
99 79
70 78
52 57
31 36
14 70
48 36
63 33
59 69
49 60
5 87
92 55
26 4
70 63
55 70
95 51
33 27
73 23
51 72
38 18
35 69
48 55
52 24
23 78
84 42
77 27
45 60
55 50
94 15
82 24
85 74
46 68
60 50
49 53
54 77
14 65
55 28
93 77
62 47
25 92
89 84
74 58
27 37
64 66
10 2
47 81
3 81
89 37
9 1
51 29
91 24
9 9
88 86
52 76
85 44
84 10
15 11
75 93
62 62
23 93
51 79
5 61
53 35
55 98
44 1
79 99
72 82
72 69
81 56
10 47
68 76
60 86
85 15
69 45
90 78
59 68
21 8
15 71
61 86
15 51
53 46
92 25
85 16
78 80
77 65
61 17
48 30
42 69
31 44
48 39
95 3
10 22
65 35
37 92
60 49
2 81
9 27
70 74
88 42
73 28
31 23
34 99
36 58
75 60
50 43
93 97
84 49
75 98
78 79
84 67
8 35
24 68
48 60
26 89
29 17
11 41
8 77
69 60
75 60
4 92
100 41
41 97
62 25
73 51
16 73
89 21
56 30
67 8
58 62
27 17
21 30
3 68
51 38
52 98
11 78
53 81
23 62
81 36
78 63
76 93
35 82
79 66
31 72
17 94
15 49
77 82
76 37
95 14
83 69
22 37
42 28
58 100
92 44
43 59
55 96
35 53
11 25
100 11
86 75
18 6
42 2
38 50
21 46
73 89
76 2
83 78
4 47
44 7
91 25
52 94
70 92
84 80
4 64
8 79
21 90
97 28
8 73
16 66
41 46
4 23
32 3
27 94
76 33
89 33
43 80
68 70
87 36
10 15
87 68
62 60
29 83
46 73
47 36
62 14
8 63
30 35
61 88
32 89
31 58
6 68
26 83
58 53
60 39
31 57
91 7
1 45
26 4
57 84
82 5
4 21
12 4
22 36
33 76
14 2
58 26
77 66
94 39
29 86
58 72
32 97
14 84
12 24
99 55
5 53
45 52
75 12
56 71
38 97
86 45
1 72
97 86
28 86
52 91
96 83
13 91
73 17
46 73
15 42
87 82
4 56
30 40
7 22
53 51
21 79
2 47
77 10
64 41
12 66
71 27
28 32
10 4
26 38
74 16
29 11
33 57
45 27
63 55
67 24
89 40
40 84
7 82
17 86
45 40
3 89
27 72
11 78
49 2
25 52
90 87
59 53
77 91
27 86
53 67
5 40
31 92
72 42
47 92
65 90
44 2
78 12
63 39
78 48
59 58
4 23
62 86
71 1
38 52
40 44
60 72
1 58
46 20
33 35
19 75
12 84
63 50
72 29
17 9
73 3
84 95
96 60
10 70
16 78
9 6
20 77
95 63
47 12
93 71
36 71
61 67
80 93
21 27
75 31
60 76
19 70
97 66
72 91
26 28
57 13
66 15
35 98
91 87
94 16
76 6
60 21
96 32
6 1
40 78
15 87
9 80
74 57
31 67
68 3
60 13
55 98
76 87
35 83
90 98
4 87
1 63
32 41
96 64
30 56
61 60
69 23
41 59
94 56
5 46
69 87
19 49
36 84
47 87
1 32
59 54
74 34
30 67
53 23
64 67
91 4
85 49
30 15
32 87
11 26
92 67
73 47
93 65
87 74
85 51
79 60
14 52
67 89
20 64
23 87
57 12
75 42
29 56
10 42
78 53
63 19
26 56
44 6
66 58
42 35
100 60
79 18
40 98
50 98
3 86
85 80
31 32
63 2
72 79
22 26
67 65
21 36
15 16
18 99
74 87
25 9
61 50
91 22
50 99
37 21
87 59
58 41
96 93
98 59
62 23
58 59
60 9
