100
900
62 39
99 93
100 91
98 7
53 86
65 59
27 19
65 67
40 54
24 95
72 85
96 39
77 81
55 7
34 73
95 15
12 13
11 43
35 76
92 29
3 73
62 93
86 12
40 60
39 56
24 19
61 16
17 46
12 63
90 71
17 68
22 20
5 31
44 43
76 91
71 67
40 52
58 60
64 74
36 43
50 89
25 11
20 87
57 61
74 1
3 5
51 60
80 98
32 40
74 50
7 60
56 62
68 65
8 13
86 48
20 23
62 21
59 2
20 8
60 85
38 72
77 70
69 36
56 72
59 66
32 75
74 93
35 45
43 1
33 76
94 12
42 51
52 65
23 97
2 10
61 58
5 31
88 9
72 53
8 17
99 34
13 1
49 94
56 61
51 11
5 18
55 68
8 52
41 78
42 14
30 14
43 32
41 66
22 49
48 6
8 44
68 60
28 85
69 100
6 1
83 90
6 43
35 62
80 15
31 71
81 6
2 17
84 45
22 79
16 41
91 48
1 40
6 56
10 46
38 28
57 49
3 67
6 47
24 91
65 82
35 67
58 14
64 13
28 68
3 93
50 50
41 87
33 50
19 11
96 27
33 92
53 91
26 50
4 13
11 3
70 22
63 24
52 59
56 24
76 16
98 31
89 31
16 15
46 52
26 81
67 1
75 19
82 1
9 47
7 78
20 24
50 55
13 2
46 48
38 34
21 25
97 67
86 73
17 49
75 13
51 35
76 93
60 49
81 54
10 92
51 56
1 91
10 89
75 79
56 97
33 22
59 88
56 73
22 13
8 58
44 65
35 57
51 32
33 99
69 73
80 96
79 3
63 7
47 99
68 37
72 55
50 3
62 13
47 45
65 74
68 65
26 63
89 79
52 94
81 85
8 53
59 73
60 35
44 29
86 78
62 90
20 60
83 34
38 56
34 55
28 75
49 97
100 71
51 32
72 58
52 45
66 57
68 2
97 11
40 47
30 56
12 29
90 66
79 84
35 62
23 47
46 27
97 81
50 59
88 83
89 24
89 39
3 1
91 46
87 43
69 52
51 72
18 38
25 25
12 21
34 23
35 83
44 11
8 91
91 18
22 56
30 87
93 21
33 36
58 62
90 80
17 33
55 79
98 44
21 81
58 65
70 98
1 3
6 22
24 11
9 93
39 15
65 36
43 35
19 84
65 76
25 26
48 48
14 94
4 12
11 9
2 79
14 54
20 94
60 5
79 11
86 15
7 21
79 48
4 19
29 25
49 51
42 3
1 72
62 69
62 55
76 94
7 28
15 9
92 52
92 11
30 87
79 29
91 52
96 82
14 87
74 67
59 12
69 4
62 59
33 72
94 84
97 46
63 13
62 47
98 92
36 52
75 7
50 83
97 25
30 80
60 11
82 17
48 100
40 75
37 66
88 44
7 78
54 63
39 70
31 21
75 72
15 37
79 6
78 79
38 55
55 71
8 18
62 82
100 67
11 41
52 54
16 65
59 39
92 26
19 17
9 7
28 60
68 37
41 61
60 17
76 61
43 7
38 18
42 17
25 72
97 93
52 73
13 7
6 79
59 12
28 88
62 71
35 71
49 62
43 27
66 79
13 91
72 73
79 46
10 44
89 18
38 97
33 39
92 3
79 89
69 92
37 81
100 51
11 55
6 73
53 9
53 30
62 61
86 34
29 82
36 63
51 91
18 75
19 58
4 19
92 28
49 3
81 39
26 90
73 26
77 54
45 79
54 97
79 14
52 26
88 27
96 49
57 84
21 28
50 38
43 53
44 44
36 58
71 99
71 81
19 31
79 47
56 95
10 44
31 47
93 93
19 11
73 23
82 100
50 42
74 41
78 35
39 35
51 94
90 79
70 81
87 39
97 27
78 39
100 38
95 5
72 64
33 62
72 20
24 15
26 72
85 28
28 57
42 1
63 5
96 55
96 54
96 83
35 92
88 1
17 78
86 49
22 90
60 86
92 47
34 28
32 47
53 3
5 57
22 65
13 45
28 29
83 97
76 14
87 19
23 32
37 70
93 9
96 4
98 80
89 17
9 9
20 52
53 8
46 71
44 60
36 7
92 16
88 12
25 10
32 87
35 80
2 60
47 14
31 23
88 71
79 6
44 43
16 86
92 82
18 98
8 69
98 33
78 88
95 51
36 84
56 52
80 46
88 54
78 12
11 88
15 74
45 23
79 51
67 79
14 13
31 2
14 25
26 2
78 24
48 67
43 85
52 66
57 27
44 31
15 2
64 94
56 97
10 34
28 77
54 92
15 57
63 15
49 18
94 93
21 39
41 92
50 78
54 18
48 3
66 55
74 58
65 88
100 16
12 26
84 96
79 86
28 25
20 28
71 11
82 8
45 99
88 10
1 29
72 13
6 32
21 84
37 46
31 42
72 93
78 53
87 23
86 33
78 30
70 34
6 26
99 52
50 31
86 64
20 63
89 95
57 45
87 58
11 14
16 69
79 4
69 67
64 83
50 38
13 18
84 65
41 51
8 88
10 56
25 10
32 88
96 26
39 37
77 52
99 2
84 50
53 53
97 85
60 33
63 86
75 4
96 61
3 41
75 20
89 57
68 32
43 2
13 40
88 50
59 87
60 34
45 3
50 38
5 4
43 2
83 62
71 96
24 72
74 98
16 3
84 68
85 12
41 51
22 17
38 45
95 36
47 52
4 77
23 2
64 8
30 67
22 56
83 23
63 5
24 81
38 90
71 99
89 61
27 81
73 6
2 67
96 26
1 85
90 75
82 48
13 54
100 12
47 20
85 99
68 93
96 83
74 70
94 32
43 37
86 44
59 67
63 55
54 90
47 3
34 6
24 62
21 28
71 78
62 60
23 82
85 55
75 76
42 96
23 12
62 53
97 43
28 77
57 42
73 20
32 54
84 59
94 54
79 30
49 62
8 47
50 59
47 55
20 58
54 21
99 34
71 57
73 10
39 60
49 12
21 52
24 69
60 55
58 60
34 36
33 21
20 78
11 9
42 70
31 19
53 63
76 16
7 92
81 90
68 18
57 100
22 8
58 21
44 4
8 83
61 18
88 58
56 1
82 19
33 15
26 57
14 13
60 58
63 39
42 29
29 34
42 17
60 44
93 79
29 87
66 99
29 8
17 24
100 14
83 2
28 83
37 81
76 74
42 73
22 88
48 26
17 69
6 45
27 94
16 29
3 32
44 6
35 9
86 70
89 59
37 16
74 17
1 90
20 6
63 29
54 68
17 35
32 52
12 65
12 79
85 43
98 84
26 70
52 51
8 79
11 80
84 7
34 77
28 26
39 93
97 53
58 61
87 41
68 92
2 75
100 11
98 46
11 98
46 10
18 74
45 85
95 35
1 24
92 41
90 96
93 20
98 19
99 37
50 13
56 44
75 93
35 4
85 85
38 11
91 36
62 94
21 64
44 62
10 41
29 37
15 45
60 91
65 83
35 36
82 80
49 18
20 65
65 71
94 36
82 71
10 1
36 14
4 32
20 32
2 51
30 94
12 62
41 74
52 20
96 94
12 47
52 44
38 85
13 59
81 5
41 11
49 22
86 50
66 95
2 37
14 96
13 8
32 48
9 68
78 39
46 41
2 69
33 53
26 17
85 53
57 68
58 24
1 70
32 73
8 72
92 89
25 43
75 84
62 92
15 70
14 20
15 4
12 52
18 78
18 1
55 7
43 35
66 35
11 33
50 24
65 74
48 97
42 19
72 44
6 84
19 80
93 25
79 98
65 69
17 11
5 45
21 94
83 66
94 69
22 63
29 17
47 81
27 90
26 87
14 45
93 32
64 33
14 33
46 25
88 71
59 45
79 19
89 9
61 86
66 32
8 7
46 72
20 60
48 66
57 27
87 53
91 16
10 85
53 95
7 62
74 27
34 28
91 54
97 25
48 40
61 94
18 24
22 13
41 4
92 68
23 78
5 12
100 91
79 45
81 83
62 74
21 23
27 88
7 42
5 5
59 61
54 69
31 22
48 62
71 25
85 32
5 21
20 4
1 56
25 31
44 23
67 7
27 72
80 37
1 62
77 21
2 98
52 93
24 86
27 61
