100
6000
55 62
64 40
66 30
80 41
57 4
31 90
22 13
83 41
38 79
42 59
29 96
52 75
40 32
15 51
47 87
59 1
36 8
11 70
17 5
10 63
85 86
46 36
98 27
7 66
77 41
21 44
76 32
46 7
14 4
42 22
45 55
29 58
99 10
49 50
31 47
34 2
59 62
92 80
10 90
55 20
68 97
14 86
62 96
55 64
79 97
74 22
55 4
78 3
68 67
20 31
47 58
64 43
92 8
29 60
86 56
57 72
32 81
62 82
20 35
47 30
34 31
51 15
50 72
3 26
58 76
97 61
55 11
51 99
85 85
50 34
57 7
36 54
32 81
85 20
74 24
65 58
36 1
58 71
74 58
96 70
91 52
23 72
30 52
87 69
90 20
56 44
54 21
28 31
48 74
88 87
78 79
87 60
86 54
9 50
2 98
37 13
62 41
5 28
42 2
97 72
68 10
75 22
30 93
49 97
67 59
28 11
75 16
32 98
2 9
99 33
89 56
45 25
67 17
73 4
56 60
34 57
82 69
50 5
10 10
45 46
37 1
51 17
44 32
41 88
96 96
38 76
85 16
6 36
45 55
80 47
96 57
62 58
32 4
24 31
33 93
48 54
43 24
24 56
57 53
18 88
49 78
90 30
87 87
35 53
15 16
63 19
30 80
66 68
68 90
87 13
29 90
83 20
56 25
71 24
79 47
76 18
51 84
59 9
89 48
74 53
49 91
31 39
18 60
39 57
49 98
70 59
44 42
16 2
70 19
68 21
80 47
94 21
40 88
54 49
24 67
28 54
59 8
44 22
37 77
17 47
75 91
6 36
27 95
35 85
12 11
74 99
81 37
52 82
99 93
57 8
41 7
73 85
21 20
1 18
39 49
71 51
6 84
58 1
5 8
34 40
100 48
55 21
32 52
80 91
58 87
98 90
17 59
49 77
45 94
76 74
73 56
43 23
72 28
76 53
71 64
73 100
97 9
95 82
19 76
70 31
5 58
68 64
24 88
74 17
93 35
49 24
62 73
27 76
8 14
62 94
9 30
57 81
96 37
93 32
96 81
11 40
54 4
12 47
32 81
94 63
37 79
59 63
79 47
46 92
17 35
59 90
50 30
81 36
25 83
83 92
86 5
24 60
68 91
43 65
79 90
89 2
4 14
18 39
83 28
46 67
91 51
58 46
53 92
12 49
44 38
50 13
39 20
45 66
10 16
81 32
24 45
55 99
14 42
92 61
52 42
41 35
53 59
57 51
26 75
89 1
23 24
94 23
70 21
48 47
59 92
67 68
13 35
53 16
88 63
72 31
59 7
71 35
16 38
34 22
51 69
91 64
31 15
47 84
10 32
4 77
22 57
60 48
1 22
72 86
80 82
30 29
74 81
59 54
3 62
99 57
14 21
96 31
74 94
53 37
42 83
61 11
98 51
89 63
8 62
5 51
94 84
74 41
38 67
67 43
79 90
53 28
61 21
81 53
31 53
71 44
5 22
96 27
79 38
31 63
30 27
3 1
66 2
62 86
48 68
14 88
30 76
32 69
45 44
65 45
18 25
13 79
98 1
9 70
84 23
95 85
84 36
64 45
10 68
20 28
63 65
80 7
69 93
43 57
85 21
8 51
63 87
47 51
99 79
41 63
11 59
77 24
79 83
6 74
33 28
27 55
2 50
7 43
37 47
31 57
1 49
26 58
84 97
16 1
14 72
37 14
44 89
41 30
49 90
96 85
93 4
29 100
63 26
26 26
32 95
82 13
5 15
7 69
38 89
60 2
45 98
93 85
70 64
19 64
75 41
74 23
41 27
3 77
76 54
40 37
40 67
85 42
87 66
75 72
73 61
63 83
94 25
100 65
9 4
63 77
53 4
79 92
92 92
2 11
10 71
96 62
47 39
18 12
86 77
1 16
26 62
17 36
12 100
52 91
76 17
80 47
56 25
73 91
1 73
15 48
10 99
82 31
80 11
56 45
76 75
48 84
74 48
96 51
93 61
15 82
23 80
5 71
39 36
10 12
12 66
98 96
64 30
89 6
90 30
53 9
26 56
66 9
49 86
78 26
26 3
20 42
80 84
40 77
52 49
87 13
93 48
94 1
13 10
42 2
78 31
18 26
50 82
83 99
89 77
24 58
6 9
79 80
100 39
94 3
56 98
33 80
22 92
65 10
40 63
76 40
44 21
77 75
23 94
34 53
80 63
53 56
33 17
66 12
13 11
56 31
99 85
20 84
59 81
63 56
12 69
47 30
45 48
66 63
18 27
15 86
29 84
87 43
34 61
84 61
14 14
77 24
50 52
5 15
35 28
46 17
67 84
44 11
10 27
23 43
38 70
12 46
45 35
89 24
29 91
50 6
63 18
93 10
97 87
33 49
49 34
2 32
23 28
3 21
48 64
64 21
75 81
49 74
95 89
21 44
67 76
59 97
47 35
18 71
37 80
31 22
83 85
12 44
10 20
9 80
67 67
83 49
9 4
45 71
46 37
57 15
92 40
16 5
81 86
24 18
46 14
15 81
25 15
43 98
77 67
37 52
27 2
13 19
75 31
96 91
35 3
70 79
74 82
91 62
71 90
11 81
33 33
94 3
33 76
15 3
12 89
94 94
65 89
60 66
96 93
19 24
62 93
36 31
70 75
52 57
88 15
10 18
9 4
21 72
78 92
64 32
73 55
29 69
47 40
30 10
54 49
62 38
33 24
35 98
42 27
63 21
35 96
32 3
2 75
96 97
54 19
57 44
17 64
3 72
40 37
48 47
45 45
96 46
62 25
21 100
42 27
4 2
43 44
43 49
21 30
60 72
27 11
80 74
76 68
70 49
45 48
42 20
81 23
41 80
39 97
86 51
67 14
43 51
62 1
72 35
76 11
2 7
94 25
84 66
14 76
85 26
89 23
71 23
53 96
12 11
67 33
73 84
18 45
45 23
3 70
58 57
24 8
58 25
86 59
58 32
27 29
32 8
97 46
2 78
80 31
73 67
53 31
67 48
32 74
84 30
100 30
41 32
20 36
3 86
6 38
28 62
74 36
66 20
60 33
20 32
45 58
89 43
20 63
52 56
20 32
5 28
73 69
42 69
4 96
38 13
63 62
82 77
80 72
91 50
50 80
43 89
66 85
35 12
15 62
32 25
18 53
17 15
38 38
38 33
74 92
91 64
100 98
53 51
72 89
45 66
70 34
79 5
77 90
4 8
22 32
23 60
66 21
97 53
37 97
50 63
39 10
68 24
89 54
9 41
8 10
11 33
36 88
60 100
70 10
34 36
51 91
88 32
95 74
50 8
69 57
10 15
11 3
34 27
1 75
96 97
17 5
79 8
50 2
77 3
60 14
81 60
56 14
23 84
99 58
80 32
96 32
91 17
59 9
17 41
79 93
27 16
66 4
41 74
14 63
91 31
23 57
46 25
45 94
22 24
46 53
12 51
12 45
61 5
59 47
62 97
91 40
11 65
6 26
76 17
19 93
46 82
56 77
85 74
35 23
88 33
21 77
16 74
100 24
31 23
67 45
21 96
8 96
98 26
80 85
80 95
80 19
91 51
22 47
72 49
18 100
80 39
51 16
73 24
74 12
37 40
35 19
71 80
23 38
93 44
3 17
38 29
44 65
97 28
46 8
87 91
33 48
98 65
1 70
12 43
34 89
72 41
25 72
25 72
75 69
1 16
19 14
53 61
27 42
20 44
59 16
90 84
39 27
99 21
44 33
28 4
99 89
47 27
18 58
39 63
9 64
38 56
99 80
66 40
6 9
60 5
2 74
30 19
39 49
17 29
25 78
18 66
53 23
91 41
75 98
39 91
18 75
41 16
14 93
80 55
88 89
56 58
87 3
70 98
17 97
70 4
87 81
95 81
36 9
90 16
31 85
98 25
49 81
70 59
21 98
61 2
53 7
54 90
80 29
98 67
62 31
79 100
73 72
41 5
18 79
4 51
15 96
31 19
23 34
56 10
99 52
31 82
87 48
87 94
48 46
17 47
22 92
47 19
45 59
47 20
2 38
80 53
19 25
93 76
55 79
95 86
23 41
76 80
37 11
36 63
6 43
36 31
34 6
97 23
34 16
22 35
41 63
61 16
17 70
38 41
78 21
2 89
62 31
29 72
29 45
70 57
84 98
90 66
32 63
95 94
77 31
42 65
67 55
56 37
35 24
28 78
19 56
27 93
36 77
9 49
69 37
35 66
37 48
6 22
80 99
54 16
27 70
80 22
75 66
34 28
46 78
68 24
41 83
96 2
63 44
17 57
42 34
65 80
57 39
84 49
8 32
11 54
41 99
46 94
76 98
49 86
80 27
51 50
14 58
17 31
33 48
62 14
28 53
72 21
63 16
60 100
22 67
56 54
67 67
85 51
93 1
58 99
89 91
50 22
44 36
58 58
97 90
49 89
62 94
10 54
58 97
12 67
90 13
5 67
11 21
41 82
81 11
21 59
12 51
41 37
11 49
21 51
9 35
17 58
79 48
85 99
80 45
29 4
7 57
19 72
42 16
69 5
66 51
76 100
28 86
55 11
24 72
96 86
55 68
16 8
89 29
63 12
20 64
17 56
5 80
89 35
78 73
40 43
96 14
33 4
45 26
77 33
91 5
69 25
42 66
26 57
33 96
24 81
80 28
53 68
69 39
1 37
19 21
12 33
39 51
15 66
69 95
23 4
79 81
63 68
30 76
69 39
32 68
100 52
35 73
17 29
33 68
2 43
2 3
31 92
11 86
48 67
34 20
60 32
43 63
79 59
17 68
46 45
22 35
100 37
89 99
8 92
8 90
64 2
47 98
84 57
36 60
28 80
95 20
36 18
84 100
2 29
21 45
13 66
30 52
87 15
53 24
63 10
39 52
78 11
99 92
76 13
10 20
62 5
28 80
97 100
25 74
75 91
30 66
91 78
99 8
82 14
17 29
50 93
62 6
8 52
11 4
38 30
98 8
55 72
79 55
30 52
10 41
93 22
76 10
1 8
60 81
33 38
44 68
76 2
42 56
94 27
64 59
1 32
30 21
2 51
95 30
87 82
66 16
84 68
75 76
99 37
47 14
98 9
81 66
39 90
76 60
78 97
35 32
22 17
41 72
50 1
58 46
37 65
59 41
48 99
54 94
56 34
37 47
98 76
79 47
88 83
15 76
35 3
73 71
11 4
2 12
62 30
12 45
70 25
96 91
32 26
59 7
97 20
25 68
17 84
86 2
66 1
46 1
75 37
46 83
49 12
5 23
65 46
63 71
7 24
22 84
31 11
18 83
53 1
38 21
85 93
35 94
35 12
97 79
24 64
28 99
87 97
23 25
53 97
27 24
66 63
87 22
98 74
64 38
79 16
90 5
75 85
33 52
99 68
29 44
71 51
59 38
10 91
71 75
83 31
61 39
87 3
65 14
83 45
82 16
8 52
76 22
4 52
24 89
66 9
93 6
94 52
45 57
92 73
50 100
38 76
68 8
29 19
68 29
33 55
78 68
69 86
23 96
48 68
32 99
3 60
43 89
82 20
5 90
47 6
76 78
61 95
96 5
98 42
75 58
82 10
63 58
66 5
55 77
37 63
8 27
74 26
20 86
78 27
52 51
37 76
87 75
84 34
3 19
69 42
84 21
42 10
83 90
96 69
88 28
92 68
65 4
69 49
70 34
35 28
5 8
39 4
65 48
55 3
45 8
64 82
30 34
70 91
81 95
90 78
21 78
99 74
92 85
47 18
4 62
82 65
84 52
10 64
62 11
31 34
49 3
37 69
1 19
93 2
79 33
33 95
75 46
77 63
59 56
8 12
52 11
90 84
20 20
78 91
49 68
6 38
33 19
94 49
67 88
24 43
21 27
98 44
57 43
11 66
62 65
64 94
85 25
32 42
11 100
63 51
2 92
15 85
13 81
85 13
52 67
33 43
89 50
38 49
93 43
47 35
18 63
41 3
91 82
23 31
6 51
8 85
95 21
29 52
96 90
3 63
68 10
44 52
11 48
20 24
8 90
88 84
56 14
52 13
98 41
65 78
60 5
44 87
48 97
50 99
71 77
69 49
83 89
31 44
75 49
78 21
95 14
15 73
89 88
5 19
10 32
77 96
1 16
49 18
54 73
56 17
44 92
23 29
22 58
23 86
63 31
58 49
86 24
85 36
48 70
69 79
12 39
14 29
81 97
22 80
24 80
82 65
40 56
69 12
12 76
63 97
93 82
26 75
97 70
28 55
41 52
30 64
40 16
57 91
27 85
2 44
16 20
43 20
49 87
63 28
16 30
51 99
99 23
21 25
88 47
38 46
57 14
54 86
84 71
61 29
44 51
44 81
5 59
46 2
2 34
37 73
78 62
75 6
81 30
61 16
2 75
25 37
94 37
30 84
48 22
98 22
32 68
42 21
69 47
57 62
91 32
48 6
79 76
4 13
99 20
3 4
22 17
68 51
81 61
85 27
62 12
13 50
45 19
64 59
43 68
69 80
21 77
50 75
82 1
76 16
57 24
59 47
19 100
80 77
20 11
35 45
65 9
7 93
43 10
44 9
98 11
57 49
10 81
86 89
82 21
86 95
25 69
97 62
77 4
34 51
86 98
74 61
31 47
12 87
22 72
50 11
33 64
25 11
16 18
89 96
41 52
56 58
1 14
26 82
38 69
12 33
52 46
8 23
69 39
91 11
4 25
27 24
69 18
4 37
46 82
52 29
91 42
99 9
76 24
6 27
83 72
42 46
43 31
16 81
28 94
61 32
29 10
57 86
23 62
53 29
64 29
84 77
25 4
13 70
57 51
4 79
44 29
88 46
84 76
90 68
85 89
4 67
31 52
43 72
34 75
65 43
47 31
92 22
3 52
34 68
48 23
38 96
87 72
42 33
1 92
8 7
70 23
46 86
60 11
49 27
38 83
43 33
65 50
80 66
19 22
14 91
73 49
64 61
57 68
17 9
70 48
47 77
58 7
48 99
96 2
50 85
93 21
54 58
42 49
46 56
23 67
79 48
47 92
46 28
40 77
31 23
86 19
100 43
11 26
21 16
36 60
44 48
68 51
97 42
93 53
33 50
75 66
52 87
91 97
18 43
59 93
51 25
84 92
66 40
14 45
40 25
13 91
26 97
88 57
85 45
29 20
25 27
77 46
96 55
65 91
87 20
74 39
100 99
25 76
61 18
1 90
89 87
59 89
69 10
10 75
41 66
43 62
13 92
77 79
33 33
27 21
79 81
71 2
46 33
60 50
47 60
61 27
63 90
11 75
55 33
40 52
89 21
49 47
89 80
33 72
74 43
59 95
7 44
7 22
61 60
50 93
47 18
46 79
46 2
45 48
37 21
22 28
46 58
69 89
98 81
14 57
27 18
50 61
47 75
91 8
78 44
55 15
3 11
47 32
72 78
15 49
10 33
41 67
65 21
71 97
64 1
76 97
34 12
97 99
86 82
28 47
90 73
73 36
21 73
42 77
77 25
10 80
43 49
20 5
77 40
95 93
91 19
35 51
3 10
83 16
60 66
38 20
32 15
50 54
55 30
37 6
57 64
27 31
11 99
72 35
37 97
29 70
1 32
89 40
12 88
27 96
88 9
7 79
45 59
52 8
92 58
2 72
90 39
12 92
65 31
1 1
43 89
62 25
17 24
36 34
38 96
96 65
43 69
100 84
67 100
34 51
20 42
40 86
38 33
4 49
39 6
33 20
65 24
57 6
36 35
67 72
17 55
16 52
23 76
2 18
32 20
4 41
96 7
24 7
12 20
13 94
4 50
65 59
26 2
37 60
48 99
36 31
4 16
4 35
12 22
29 80
45 50
17 12
98 20
63 58
28 84
34 76
8 51
16 32
58 38
20 48
80 67
21 23
86 14
74 51
22 57
30 96
68 92
93 6
52 98
51 51
62 37
72 78
89 25
24 47
84 18
5 59
5 91
91 35
31 26
15 59
70 52
48 51
71 83
50 78
85 74
81 16
73 4
72 75
46 46
1 78
3 15
30 56
44 38
14 53
60 73
65 5
5 52
29 23
97 76
39 33
6 4
68 19
35 81
5 59
42 89
97 44
56 89
85 13
14 8
31 67
82 86
20 56
40 87
53 10
51 82
22 93
93 4
66 55
90 39
37 54
2 83
49 77
2 97
42 7
66 13
37 1
80 50
48 67
42 43
42 2
96 29
85 51
26 88
38 32
53 7
4 37
18 11
32 3
63 37
53 81
51 40
48 73
5 10
19 24
23 43
55 52
40 40
21 95
45 63
4 23
74 10
30 49
67 72
6 95
4 52
26 96
51 41
21 72
5 31
25 16
29 59
41 3
62 72
97 59
60 22
98 16
5 7
54 91
92 79
46 18
39 95
35 71
46 31
86 57
77 44
33 34
3 94
58 59
38 70
100 20
24 95
35 55
37 47
53 50
34 25
41 94
18 75
90 81
71 41
61 74
42 74
95 84
49 12
20 67
27 38
64 98
81 25
61 7
52 37
31 55
47 71
84 25
44 11
66 23
56 36
45 23
44 7
20 26
55 50
71 10
61 57
30 31
5 95
13 34
5 64
31 87
56 80
55 91
99 86
63 74
72 34
19 28
50 45
72 97
28 11
39 9
9 80
6 76
2 18
77 60
99 7
63 25
23 20
76 17
56 42
23 17
90 34
9 70
17 98
19 64
26 60
87 15
56 64
49 89
53 2
78 2
41 66
84 61
38 82
41 52
51 18
92 47
41 26
84 29
53 42
6 74
99 7
77 76
65 70
40 33
49 12
62 4
20 67
95 80
7 52
99 72
1 59
28 4
79 83
87 14
47 3
67 38
20 45
12 34
25 75
58 61
54 29
80 24
4 29
11 32
30 49
6 79
27 6
69 19
50 90
96 63
26 41
52 76
87 4
29 75
28 52
20 77
99 48
9 25
41 19
87 20
27 81
25 99
28 69
22 73
94 21
46 39
90 11
52 59
89 43
36 12
93 73
20 64
46 22
61 26
19 56
46 51
78 54
79 52
31 26
76 63
38 75
70 94
50 66
30 95
3 43
28 2
79 87
20 38
71 83
14 66
37 21
64 1
85 48
51 17
97 100
39 31
80 10
24 31
77 2
34 24
26 42
2 63
24 28
40 61
5 48
6 82
65 4
20 19
84 38
44 83
14 80
18 18
97 16
84 56
14 94
5 30
76 29
58 26
96 31
70 65
50 45
13 54
66 3
44 12
49 98
13 84
77 90
81 55
23 65
27 59
71 79
92 76
1 16
8 31
99 86
90 14
92 98
91 49
19 97
79 32
11 96
77 68
91 48
66 76
65 72
12 94
92 95
44 90
99 74
4 85
29 73
60 52
26 5
74 53
71 42
51 64
4 39
69 4
12 30
60 5
63 16
25 15
85 20
79 87
46 51
56 79
73 83
27 91
6 33
82 73
22 16
4 64
32 95
89 59
19 28
12 51
8 18
68 96
5 45
86 16
70 76
35 42
70 92
15 76
49 70
88 56
100 26
3 33
91 11
70 81
35 45
80 51
11 96
35 20
79 81
6 91
11 23
12 62
62 70
15 61
60 14
65 26
71 70
98 24
56 81
40 64
20 47
33 38
48 61
83 26
20 53
99 12
61 84
20 55
62 38
35 85
82 56
57 94
28 35
94 71
52 33
17 24
24 7
10 29
89 100
80 99
80 74
57 7
65 27
53 56
76 3
97 56
75 92
93 83
21 79
64 23
43 97
25 37
4 83
15 25
3 65
37 69
81 9
1 61
10 72
96 21
9 98
30 52
35 26
10 35
77 8
84 37
50 42
65 79
98 21
68 62
46 23
61 64
14 42
40 87
98 2
83 40
28 68
40 10
20 55
63 39
3 3
51 14
70 58
48 28
88 8
92 97
51 36
8 4
83 71
72 35
29 89
76 1
80 93
74 15
80 85
43 8
100 55
69 10
47 4
19 83
88 3
67 55
28 41
95 99
14 91
35 86
81 55
84 91
36 4
78 4
61 31
94 60
60 100
35 57
25 73
56 87
100 100
8 80
95 65
42 22
92 45
33 34
91 51
12 1
83 91
57 27
66 90
58 98
30 48
76 27
39 93
85 92
3 8
61 54
44 86
74 35
95 51
10 7
91 20
42 10
76 49
32 17
85 36
60 43
66 10
49 21
31 59
6 45
55 97
61 47
8 41
35 27
33 7
44 89
37 9
25 28
40 41
60 71
34 51
11 25
75 17
24 7
15 69
2 37
79 42
39 83
2 12
96 8
3 26
92 85
27 61
4 35
86 92
62 69
28 92
40 29
67 81
98 12
76 8
91 53
100 58
80 26
76 38
67 61
50 17
40 77
10 19
53 37
87 98
81 95
55 7
90 49
85 77
27 96
85 10
56 20
42 29
45 46
53 21
45 21
20 37
90 14
92 88
7 68
59 83
13 68
92 44
69 49
55 24
85 88
88 98
51 85
24 29
90 68
78 61
24 88
70 56
19 90
14 31
12 39
75 19
12 51
71 16
11 87
37 54
73 54
77 51
54 3
7 96
24 42
49 33
4 49
67 69
28 78
78 89
82 28
17 38
83 9
43 24
72 69
13 36
41 100
77 24
73 44
57 81
37 19
84 28
75 78
8 63
49 19
93 69
1 22
59 93
79 72
72 6
38 39
15 3
79 81
13 61
78 33
18 32
8 44
60 72
72 62
25 15
65 9
79 27
55 79
93 23
90 94
34 97
25 64
44 2
56 2
79 74
64 89
1 45
67 92
74 83
51 31
7 69
40 71
55 54
57 16
19 22
18 25
16 47
36 23
38 87
33 47
48 47
64 75
97 16
20 90
38 72
36 13
93 33
24 16
1 39
56 37
99 25
59 34
49 93
73 9
89 12
12 50
74 50
61 35
41 46
63 100
12 58
22 85
65 52
6 55
87 33
11 22
89 70
32 35
37 28
79 46
23 49
19 25
83 96
96 71
2 100
4 73
89 17
50 17
1 32
65 17
69 52
23 12
41 38
15 56
87 76
43 80
27 70
18 61
73 57
65 17
43 30
46 65
92 22
47 82
92 83
20 48
38 26
84 37
45 59
2 79
25 58
71 72
61 59
49 6
51 57
45 32
30 89
85 64
84 27
68 82
32 20
71 62
64 76
53 24
87 56
19 89
80 51
68 23
85 69
4 22
17 44
65 90
44 70
66 42
85 40
88 96
69 19
45 55
4 41
30 48
58 78
45 47
87 34
50 65
28 57
71 46
81 45
98 5
80 92
23 34
24 33
7 27
40 53
53 82
41 40
53 23
13 55
44 13
54 26
72 69
14 83
30 15
58 40
29 10
62 38
75 65
3 22
55 63
52 10
64 25
13 91
20 41
7 3
11 15
61 19
61 5
83 82
28 86
70 19
2 69
89 7
52 12
28 6
32 35
75 42
52 4
22 38
45 80
29 57
71 21
16 58
36 80
28 61
91 64
24 44
51 39
75 97
32 7
14 57
77 14
39 27
46 19
66 65
92 88
87 78
3 83
99 38
72 18
75 74
65 41
37 69
11 63
56 14
17 49
43 42
22 16
23 5
22 28
82 30
60 70
50 50
33 49
24 80
4 87
48 51
59 20
53 66
34 95
72 65
26 30
60 44
9 61
9 30
80 53
47 14
99 84
29 65
71 80
33 16
16 19
85 76
38 100
60 5
8 57
68 20
77 52
89 8
10 5
92 64
65 90
91 47
63 29
79 100
42 6
75 64
43 85
84 68
34 11
37 27
25 91
13 23
11 30
95 37
50 95
56 32
100 7
89 72
90 93
96 16
29 37
49 91
30 69
96 55
28 59
70 42
6 94
91 76
87 5
39 67
81 70
85 9
49 29
99 24
49 43
6 33
35 80
86 94
91 49
57 68
22 56
80 20
59 24
61 71
63 67
2 38
21 26
25 53
97 54
33 79
80 88
80 48
79 94
49 19
74 83
31 38
60 3
25 73
34 14
40 32
79 48
81 52
79 32
73 47
54 3
86 12
65 10
22 76
25 67
43 32
100 85
14 31
18 67
57 54
20 26
81 99
35 1
50 67
33 62
78 27
77 85
95 69
38 49
43 16
73 2
82 94
27 80
54 72
54 58
32 12
10 25
88 40
90 64
42 84
66 57
26 3
81 38
4 86
38 12
76 64
17 5
20 34
60 37
8 76
23 31
53 75
33 26
91 26
47 77
1 58
68 18
22 77
66 91
13 18
63 1
51 26
98 4
3 4
43 100
87 2
59 14
30 11
52 3
16 98
94 76
52 9
69 32
43 99
21 27
69 4
15 21
2 40
18 42
60 90
11 35
93 40
6 97
61 43
53 29
85 67
19 1
72 60
46 83
59 40
17 73
78 8
51 70
77 27
89 31
36 50
49 56
89 85
29 83
69 82
1 12
12 35
100 70
32 90
93 55
59 54
26 70
27 26
41 64
79 23
38 76
83 6
40 74
3 99
92 95
98 25
3 86
59 54
52 70
20 73
99 94
73 72
63 95
89 67
64 73
96 92
31 57
8 54
48 3
83 62
80 11
36 44
51 75
73 77
21 85
80 11
96 20
22 4
51 43
16 84
25 2
99 38
76 26
12 68
50 60
88 69
2 12
12 17
19 42
25 13
13 31
91 25
40 45
56 38
50 84
34 73
88 41
73 2
54 97
25 94
27 27
44 63
67 10
92 13
13 95
16 77
6 87
91 1
22 23
17 61
20 44
43 14
77 88
9 41
27 18
13 59
66 37
95 94
21 95
42 66
61 40
22 67
97 59
95 66
37 77
76 68
6 4
85 85
14 98
64 15
3 97
39 74
2 47
24 21
5 3
66 52
88 43
96 87
65 98
21 32
62 8
47 86
7 64
82 100
84 47
38 31
13 89
89 91
38 52
36 44
66 69
63 9
55 69
78 66
1 39
72 53
19 85
4 47
38 53
95 12
25 27
77 28
67 70
91 70
88 40
61 17
92 34
51 85
39 16
21 44
41 41
80 51
94 94
45 89
56 10
100 8
81 61
93 84
74 16
48 20
90 30
40 62
18 90
88 37
68 43
41 71
78 66
51 38
55 94
75 73
66 25
89 73
14 46
31 8
79 95
38 88
5 40
94 64
6 41
92 83
13 23
80 18
47 79
7 36
52 65
80 3
16 53
79 15
68 35
25 34
37 31
65 65
79 6
100 40
15 97
18 19
35 57
97 66
47 48
34 12
100 67
95 46
38 92
85 42
37 37
46 25
60 29
5 49
32 15
36 84
83 79
2 31
41 3
76 37
19 33
18 36
16 5
42 84
25 41
52 98
68 63
48 36
63 72
24 50
42 32
33 34
42 78
100 59
23 68
53 87
90 25
69 5
11 81
59 64
27 40
56 15
14 60
92 37
95 81
31 28
36 38
13 54
82 98
63 59
95 13
95 59
48 32
92 15
94 58
26 43
35 77
79 68
69 54
8 46
65 9
93 21
10 40
37 21
86 50
12 92
91 77
35 10
79 20
30 19
64 7
6 60
96 32
34 87
51 38
35 94
64 56
1 52
98 40
53 23
28 51
28 73
5 3
54 99
4 91
49 40
16 89
80 39
50 87
15 12
85 70
83 82
39 75
70 78
57 29
88 11
12 10
46 3
9 8
67 73
72 88
23 59
5 13
83 69
100 49
22 78
57 42
84 94
24 90
50 49
28 9
99 2
49 71
81 50
51 88
23 99
1 53
100 19
78 23
9 57
70 25
74 33
39 27
87 39
88 88
28 27
89 54
3 63
26 76
38 75
81 82
41 43
11 83
7 1
37 77
65 33
19 94
98 100
35 9
91 87
66 34
6 56
37 73
59 24
9 48
3 24
1 22
88 42
15 60
62 93
89 43
16 17
74 95
19 8
14 13
7 8
70 69
45 61
71 47
71 1
57 44
10 84
46 59
38 1
57 72
50 15
71 31
66 93
27 60
7 47
96 58
44 69
30 42
26 58
97 84
5 28
75 2
89 53
77 17
79 13
99 44
10 87
65 46
76 10
89 41
100 85
70 71
14 36
99 20
32 91
3 89
37 17
36 51
44 6
61 45
81 5
5 44
24 32
36 56
31 65
30 75
65 56
68 82
2 5
30 28
58 13
67 100
15 88
22 42
34 38
89 33
36 84
70 6
94 91
45 52
91 85
87 26
22 8
4 37
77 76
18 45
31 1
23 84
22 47
45 80
54 46
74 73
8 5
91 6
77 35
82 31
50 78
65 99
100 26
82 35
18 6
21 21
53 35
28 74
36 100
86 86
16 89
20 94
21 86
44 60
36 81
83 38
20 63
86 42
53 9
72 7
69 36
73 4
12 74
70 58
46 57
57 88
63 77
87 39
78 2
5 88
41 4
93 82
54 87
5 4
55 99
12 46
57 65
20 53
54 72
44 13
80 67
89 48
8 96
68 37
34 47
87 25
80 17
18 29
38 46
76 24
97 10
80 85
74 51
81 71
14 16
90 48
34 62
45 30
98 7
35 12
39 92
18 19
100 50
18 21
24 98
2 15
31 10
40 43
96 95
38 3
62 92
43 1
6 28
23 18
75 82
80 32
68 50
31 45
50 65
75 8
46 8
71 76
36 93
21 81
77 94
89 87
35 74
89 67
50 44
52 24
49 16
66 79
70 31
67 23
9 86
76 33
10 45
77 21
71 35
2 49
37 21
86 39
50 30
96 47
55 39
14 66
44 11
96 70
9 84
31 31
86 6
26 98
28 35
10 58
65 15
94 82
30 66
62 42
23 12
19 74
7 23
33 63
40 48
13 36
14 32
33 98
24 93
30 9
67 71
68 87
54 79
92 32
37 56
1 93
25 26
82 92
8 90
18 90
25 47
65 72
91 70
64 67
53 11
19 100
41 53
18 65
40 93
21 22
83 96
31 18
20 62
53 65
5 32
47 59
41 31
93 58
80 86
47 24
56 81
66 6
13 23
96 81
86 10
5 46
7 43
33 1
37 71
48 2
76 97
30 15
45 14
98 32
85 8
56 69
83 60
20 38
72 5
69 58
50 50
70 39
52 67
51 47
9 37
41 40
91 78
100 82
68 80
71 95
53 1
29 57
41 89
92 49
27 50
29 70
38 17
95 69
14 65
62 47
25 2
99 17
4 37
77 41
26 1
83 72
19 18
3 96
11 100
49 13
23 34
49 64
71 30
50 43
4 94
41 93
17 44
30 40
98 57
28 83
63 20
6 65
56 50
9 12
76 38
85 38
70 63
1 35
5 41
48 67
29 32
27 27
69 98
43 96
48 91
5 27
3 8
8 26
57 42
97 82
12 8
82 86
13 94
83 46
23 34
8 73
13 20
13 26
60 60
19 94
65 7
95 68
67 64
41 41
29 92
64 22
14 25
31 47
32 1
77 40
63 87
94 32
1 10
12 54
96 69
85 13
52 36
100 87
96 35
35 58
19 15
3 39
20 92
69 58
20 94
100 66
46 50
93 89
79 100
8 46
52 78
42 75
28 53
40 10
42 86
59 98
68 93
16 29
22 85
41 65
63 28
99 17
95 65
42 14
91 48
41 27
88 10
28 66
19 28
84 95
59 57
16 11
76 4
67 47
46 87
26 45
25 52
81 22
46 81
13 37
2 80
30 61
78 41
77 1
75 82
12 89
61 56
26 54
38 47
46 89
45 76
27 59
100 51
66 89
97 13
83 4
93 95
22 53
88 59
46 59
17 27
46 88
72 29
79 36
76 8
86 16
34 35
14 80
54 92
25 65
100 73
54 100
11 80
50 24
95 21
63 45
11 22
39 78
6 85
10 33
37 95
17 92
49 59
85 39
26 89
35 82
19 15
11 97
75 72
59 58
89 53
85 43
1 99
39 55
64 70
91 22
68 81
81 44
65 19
89 86
30 41
3 90
82 58
8 77
97 60
60 85
32 83
6 94
43 68
41 76
76 75
18 72
16 15
20 89
74 80
62 6
52 44
57 46
45 76
12 60
27 29
16 100
70 88
98 37
3 3
88 16
99 33
77 33
22 86
3 16
54 16
24 15
17 17
44 51
13 79
92 43
46 100
4 13
93 77
37 79
92 55
47 67
73 67
10 43
48 55
38 91
88 52
56 41
14 22
77 42
33 82
16 31
88 97
19 41
5 23
75 43
39 51
31 38
95 25
16 88
48 78
20 93
54 96
22 15
64 25
95 39
80 100
79 72
70 99
77 95
47 51
37 56
50 84
23 99
85 95
64 95
16 2
53 44
3 26
72 78
77 60
90 69
28 82
57 42
60 35
4 67
41 41
34 52
72 93
16 1
37 78
13 60
87 91
58 90
46 37
58 20
62 1
76 95
14 14
91 74
20 72
80 49
3 83
49 39
99 75
33 61
86 50
85 17
75 66
50 1
84 55
10 81
79 95
74 21
30 5
92 46
62 47
42 81
97 36
30 79
74 38
30 11
64 23
66 10
43 4
67 53
62 28
58 28
58 92
16 70
92 93
58 82
93 42
48 79
96 3
6 82
68 66
46 63
64 32
68 57
52 25
59 60
64 31
19 29
83 8
58 49
17 34
100 85
6 89
50 71
45 57
21 24
71 47
71 93
44 49
90 92
64 71
36 57
39 98
25 41
44 65
34 69
41 49
37 90
67 55
85 96
25 67
70 90
18 69
40 48
59 14
17 6
50 52
40 8
21 77
4 36
78 38
4 47
86 18
18 46
1 50
42 55
15 10
30 72
44 59
26 37
83 14
28 43
10 8
27 16
42 29
34 56
71 95
57 13
23 85
42 64
10 52
89 23
35 39
33 38
69 15
96 24
41 86
63 61
71 19
49 51
66 29
27 77
37 17
53 18
10 15
100 66
83 68
81 39
19 23
97 13
100 14
15 41
75 96
80 92
72 71
2 30
58 6
15 70
29 27
64 80
24 9
95 48
31 50
47 68
49 22
56 55
33 74
87 76
14 34
33 9
56 23
57 10
70 72
18 84
31 83
89 65
41 24
67 42
10 99
91 37
22 67
54 78
12 2
88 12
88 14
17 6
7 78
74 98
90 10
69 80
61 26
63 64
50 89
38 72
61 76
95 38
52 74
14 67
2 83
46 29
7 70
69 60
62 100
86 26
93 7
46 3
38 53
87 94
11 8
6 36
85 15
9 38
50 15
97 68
78 9
9 64
68 25
95 61
29 99
39 10
76 15
78 76
31 74
43 31
82 29
92 70
78 54
5 82
91 64
10 67
56 76
96 3
71 71
86 70
41 48
23 91
16 52
56 70
54 51
64 81
100 99
54 32
53 91
70 8
21 54
1 80
21 90
95 41
4 55
98 85
94 65
79 28
85 82
21 10
26 52
22 81
27 41
63 92
85 9
10 9
34 15
72 73
99 51
86 2
99 11
94 30
85 43
27 75
6 82
14 37
25 67
79 59
78 33
87 55
15 32
39 13
56 39
3 58
40 86
80 92
28 84
57 38
94 65
79 85
51 34
24 82
45 22
41 95
16 80
46 100
93 58
66 72
90 19
98 54
35 63
91 96
23 75
83 79
78 43
53 14
42 92
16 71
20 40
38 29
58 11
77 59
11 53
85 74
92 97
45 10
27 62
60 51
87 13
41 100
95 23
20 63
58 1
71 4
83 67
71 39
10 24
91 10
50 90
55 35
31 6
20 11
1 27
12 88
47 5
39 9
42 100
69 13
12 16
98 23
22 22
40 79
48 64
14 56
99 12
71 86
35 20
69 11
78 9
70 32
49 70
27 65
53 94
10 1
39 8
80 57
91 13
5 65
35 30
83 82
78 15
2 33
44 59
44 70
87 91
21 35
93 45
27 76
77 34
44 77
63 9
88 3
61 19
23 40
82 97
31 19
75 39
22 2
20 37
39 54
80 56
87 56
48 4
97 57
73 73
43 35
20 4
54 89
40 23
2 77
69 55
7 40
86 91
57 78
69 38
20 79
14 73
61 14
60 46
32 25
18 52
88 74
15 63
22 90
81 33
74 89
3 45
91 31
88 6
63 28
53 53
65 78
67 83
32 35
95 70
26 47
63 33
60 61
30 6
81 45
89 88
29 12
34 48
83 36
24 8
87 87
13 42
3 55
71 76
28 79
84 14
75 82
28 18
23 57
10 50
51 62
83 90
59 11
19 83
76 14
11 60
35 27
11 44
29 66
82 51
99 65
65 20
83 83
62 42
72 33
10 32
90 29
9 63
70 88
4 58
22 58
30 81
36 97
80 44
22 31
15 49
24 25
53 13
99 5
7 53
79 15
2 18
60 8
56 86
14 8
99 7
76 84
57 43
48 92
28 27
54 24
93 83
23 23
40 18
35 40
53 19
14 70
68 80
73 64
20 8
12 12
82 82
32 90
29 2
43 27
11 43
90 90
92 40
65 39
32 48
60 27
78 76
86 16
14 42
54 31
24 5
29 75
86 75
35 24
74 6
30 73
55 42
5 18
33 7
98 86
76 65
98 26
22 94
88 54
18 66
100 32
46 22
44 33
5 61
49 2
85 40
23 88
35 56
28 72
36 81
93 19
58 97
54 92
85 53
95 69
76 72
9 76
69 2
77 2
39 43
67 57
85 49
55 97
79 50
34 74
44 38
58 33
76 73
95 81
78 60
90 7
84 14
16 36
31 34
37 20
77 22
82 31
57 46
91 88
73 99
86 25
58 1
27 34
59 36
72 61
54 98
4 42
33 18
71 80
32 31
34 96
80 92
37 18
77 96
11 45
32 83
20 63
42 84
63 32
56 79
92 45
94 93
93 65
98 19
57 35
19 36
33 63
10 56
78 36
40 47
55 84
4 81
98 98
72 97
15 10
33 64
91 86
13 67
25 31
95 83
93 26
78 52
71 54
58 21
77 22
48 17
86 25
44 18
79 7
85 39
13 9
64 92
85 77
23 96
85 32
59 88
27 99
31 54
66 31
92 56
33 72
45 10
26 6
79 76
15 28
26 69
31 18
94 34
35 72
74 33
75 22
61 87
32 48
34 14
94 32
18 54
26 21
51 22
93 22
85 37
80 90
51 95
20 26
12 90
93 17
71 28
25 5
2 26
24 53
86 18
80 93
29 15
67 26
98 74
2 95
84 58
40 71
25 98
96 43
13 30
69 77
56 5
45 54
1 22
78 87
14 100
99 5
79 50
3 38
57 89
68 55
41 13
35 38
10 35
7 47
29 79
43 63
28 74
4 89
40 59
31 71
74 99
47 74
36 67
83 1
66 43
14 85
12 98
79 32
62 54
80 90
79 49
47 41
46 59
42 71
38 21
24 77
10 4
70 26
54 20
49 33
3 11
95 72
15 47
40 95
43 80
16 30
54 53
42 2
2 6
3 25
92 24
3 82
45 74
73 93
80 95
33 66
3 66
35 74
80 97
64 72
40 8
100 98
49 79
52 12
73 34
67 70
56 57
64 34
21 6
21 48
57 61
19 3
31 52
32 1
38 93
22 61
47 25
44 44
91 5
93 10
5 59
17 13
60 47
49 99
65 70
54 1
24 95
86 47
43 27
46 32
63 46
30 6
72 26
7 72
56 67
11 27
70 70
56 74
80 56
99 86
91 54
93 48
77 36
6 51
81 58
83 21
27 89
53 13
28 5
90 80
39 7
85 88
16 43
35 66
54 90
35 51
66 99
91 63
79 90
99 25
34 91
89 32
54 83
83 61
98 73
93 77
70 71
70 87
49 55
45 89
49 93
75 11
46 73
9 26
91 67
52 66
29 82
71 16
86 15
47 34
78 4
47 41
84 24
63 96
46 47
94 44
78 17
47 63
93 97
42 58
49 70
36 54
63 16
52 44
82 43
42 21
15 94
93 37
21 76
76 71
95 25
85 49
92 40
47 90
29 22
28 32
21 89
59 44
80 98
66 57
96 76
74 43
22 18
12 17
73 98
85 39
93 54
4 27
12 56
8 52
60 93
6 63
45 31
73 49
99 96
49 13
13 56
85 83
20 69
41 70
83 53
83 55
29 57
88 31
4 43
76 42
9 2
94 21
62 81
96 65
24 34
39 94
95 63
38 27
30 38
90 32
39 24
6 40
63 79
86 20
40 66
21 37
37 60
81 57
73 16
2 9
82 85
55 60
9 9
49 9
36 89
55 23
65 3
3 75
23 59
32 46
12 31
99 12
52 55
42 91
56 8
85 64
2 49
48 91
11 89
44 79
53 28
14 94
98 9
94 97
24 5
11 62
95 40
4 55
82 16
23 82
10 85
89 58
75 86
68 49
58 87
14 7
73 59
83 34
90 75
42 86
56 36
37 94
61 68
81 42
88 35
2 94
5 60
13 9
79 7
46 4
21 82
61 82
100 79
39 9
90 26
43 41
53 54
39 32
94 94
55 45
74 85
10 29
43 81
51 5
62 89
80 17
65 87
2 56
69 16
91 93
53 81
59 74
54 79
17 39
70 29
28 63
75 52
24 19
25 83
64 9
40 59
97 56
1 71
44 64
56 60
38 14
70 56
21 70
64 83
62 94
81 67
53 48
11 20
5 90
46 12
66 67
94 1
31 26
80 4
27 55
36 38
88 16
100 53
95 41
27 84
2 89
87 67
82 73
30 100
96 16
80 79
94 15
22 12
90 31
65 15
10 4
65 91
10 96
61 29
45 33
15 65
74 32
94 19
89 35
74 79
33 5
67 80
8 15
18 11
38 91
41 77
37 31
86 22
58 80
97 70
81 66
37 71
24 34
47 16
42 8
17 39
5 10
7 45
39 25
42 56
57 46
80 21
65 9
63 58
57 13
42 41
80 64
12 77
75 34
50 41
93 58
60 4
84 11
46 62
92 4
98 60
87 23
46 62
64 80
92 100
55 90
34 1
11 69
3 62
94 98
13 25
27 62
57 100
39 71
64 31
78 92
88 44
7 89
16 9
80 83
27 32
80 80
85 16
46 33
85 32
58 90
6 66
11 48
52 88
98 71
43 49
62 25
88 84
71 83
61 91
21 95
96 61
31 10
45 78
59 93
92 90
60 52
87 76
6 39
18 9
1 64
89 12
61 75
67 89
89 28
61 84
65 71
82 67
82 19
67 51
89 45
91 36
22 97
29 86
21 32
75 69
47 12
50 57
24 16
77 90
91 67
20 16
5 58
10 39
57 1
57 54
74 41
59 7
69 55
75 41
39 23
85 5
38 19
79 43
2 12
54 75
43 31
7 9
40 19
11 64
55 75
44 4
33 97
20 29
70 81
95 100
32 69
58 43
1 47
86 30
73 31
4 95
11 75
22 47
85 26
65 8
73 47
52 14
66 99
39 16
5 57
60 48
77 68
23 40
96 55
50 60
27 21
15 20
47 62
13 34
84 20
33 31
21 4
76 4
11 87
66 29
84 27
96 41
50 78
3 51
77 25
82 97
35 56
48 43
19 21
87 64
50 64
87 87
59 86
18 65
16 41
75 64
77 32
5 85
52 23
23 64
15 63
88 49
93 32
46 51
16 86
76 61
8 1
21 61
46 74
3 4
89 1
99 85
80 17
14 66
46 12
87 69
29 58
14 42
18 95
14 27
99 85
56 19
51 60
85 88
96 78
38 78
24 53
71 74
50 16
75 70
8 11
31 75
64 90
49 73
35 2
19 88
37 68
99 62
38 43
77 34
53 32
72 97
48 96
20 85
54 54
57 18
25 52
79 10
56 98
43 17
55 96
91 96
55 66
80 11
95 85
6 88
75 23
4 34
78 54
9 49
44 53
54 12
49 52
13 30
1 23
11 58
34 44
97 71
30 96
82 74
49 16
14 35
6 78
58 44
31 72
72 57
5 94
68 1
18 69
54 51
44 55
68 91
81 96
3 72
6 58
10 80
67 1
22 53
88 40
28 52
23 70
53 85
56 8
95 57
52 52
7 56
9 69
62 87
81 77
15 76
2 43
91 50
63 9
69 74
14 28
52 67
10 100
55 58
27 33
14 40
69 52
84 39
83 32
20 57
11 98
89 72
72 45
88 80
38 87
86 26
61 70
52 83
60 22
19 95
34 36
19 84
40 81
92 41
29 78
92 40
80 100
63 74
57 97
45 27
47 13
62 57
81 51
53 78
83 41
92 30
63 60
84 50
76 54
94 35
68 16
71 78
3 69
67 84
31 46
97 90
55 23
1 1
16 21
30 76
3 43
58 94
34 51
60 4
95 58
93 90
90 72
31 82
19 28
13 29
10 54
74 31
32 51
29 13
53 35
26 3
3 3
91 54
62 44
59 85
45 45
72 6
1 91
56 94
1 54
88 90
18 22
15 60
87 67
1 62
87 75
44 62
46 61
93 43
39 48
66 59
33 18
96 73
12 25
28 92
85 86
6 80
6 10
22 71
42 78
96 66
70 86
56 95
38 39
86 76
33 26
64 2
8 74
42 58
20 83
71 96
97 35
53 16
31 91
78 58
83 73
85 17
80 55
36 5
31 91
94 88
88 100
98 21
84 50
3 100
27 10
12 47
48 73
28 46
25 66
12 80
25 35
69 67
27 61
5 28
7 60
83 42
78 23
20 80
57 50
45 90
95 18
88 46
33 1
100 69
22 24
25 64
93 84
24 47
46 92
96 43
3 55
100 27
14 51
20 60
50 45
56 42
88 30
58 29
13 79
47 66
44 87
3 84
82 29
86 89
60 92
90 15
12 79
51 34
46 46
66 85
57 24
26 49
31 30
64 42
7 5
79 84
22 88
88 71
37 25
23 27
30 45
31 69
94 88
6 9
55 49
85 40
6 24
4 56
50 96
43 65
1 68
71 16
68 80
10 6
71 70
75 35
72 100
7 68
96 34
4 49
25 21
87 18
65 36
32 65
94 6
39 25
10 87
12 67
68 6
39 21
71 7
1 20
8 32
3 14
40 99
96 67
58 24
47 31
79 64
48 16
99 47
99 100
58 57
10 22
80 23
84 48
6 7
11 51
68 74
96 96
17 21
37 50
79 4
9 69
90 82
48 42
64 61
2 89
23 10
67 5
54 37
19 65
81 12
31 13
46 31
70 82
35 57
59 95
42 70
55 2
46 4
76 96
36 78
81 87
51 23
86 92
35 52
8 47
96 10
64 25
22 9
40 97
8 63
77 96
28 74
90 16
46 75
29 30
56 32
42 91
63 33
19 63
13 35
37 33
76 60
24 27
15 100
19 49
17 58
51 79
22 30
62 7
100 35
69 71
100 47
43 93
58 90
83 16
76 6
42 54
41 83
44 91
75 11
1 72
61 76
41 94
21 100
83 23
54 93
59 46
21 40
96 30
59 57
7 65
62 73
15 63
38 9
91 30
45 38
75 29
55 19
92 90
16 47
38 36
12 66
42 84
8 6
80 92
58 48
10 50
56 71
66 70
77 66
85 36
43 86
44 25
41 11
74 13
73 62
78 85
48 54
5 86
59 89
29 76
20 3
1 47
88 83
13 6
17 89
97 16
6 69
12 15
64 37
60 62
73 49
2 91
59 2
11 34
60 8
51 52
74 19
81 71
52 82
24 9
69 46
9 16
55 70
19 15
94 50
58 22
29 38
72 81
1 28
32 37
43 69
1 61
99 40
59 42
19 23
60 7
92 97
75 59
22 79
51 98
7 91
59 5
63 23
47 77
15 27
39 73
88 30
8 3
23 43
91 79
51 6
70 47
11 18
95 99
7 9
21 41
81 29
86 72
32 24
41 12
9 35
85 70
43 69
32 76
34 87
67 62
95 53
21 8
40 7
80 43
50 70
78 13
52 34
55 5
50 60
46 51
60 65
63 56
24 42
54 100
50 22
21 20
22 14
80 84
97 16
21 61
34 25
5 97
87 51
38 42
21 61
43 52
76 30
8 83
48 80
44 72
96 78
61 46
87 38
7 18
89 40
36 8
21 28
15 63
57 77
40 9
7 77
84 90
98 38
8 38
28 83
76 36
12 96
59 53
47 33
95 67
42 44
41 47
63 17
83 100
59 9
44 28
81 98
79 90
71 23
86 41
7 32
84 11
19 74
13 38
88 82
43 30
68 17
83 85
23 65
29 47
39 2
10 8
38 65
85 20
78 53
28 87
64 88
88 93
71 82
24 59
65 79
15 94
77 61
27 93
17 73
56 33
34 69
96 49
57 2
5 4
18 61
21 69
1 20
11 41
98 39
45 75
47 76
10 91
24 14
31 7
55 93
2 57
24 99
87 48
52 51
55 32
52 8
45 90
96 8
20 74
80 45
77 94
54 71
48 49
15 95
1 55
37 95
63 42
91 89
4 42
32 29
35 71
32 52
30 32
39 33
35 100
14 30
94 11
65 60
19 64
91 81
19 34
64 55
13 17
1 26
47 21
42 14
46 11
1 99
4 91
18 84
28 100
8 95
87 91
26 28
5 88
10 43
52 63
8 50
22 75
18 3
6 88
16 61
64 60
82 1
7 62
76 65
12 14
92 90
97 89
45 66
65 57
86 94
79 68
70 94
74 96
34 29
39 93
40 41
40 85
90 69
45 50
46 34
85 43
81 53
6 29
1 83
4 15
5 96
10 25
38 17
70 51
12 27
28 39
53 69
98 60
88 46
76 90
82 58
42 8
65 86
62 90
79 14
31 51
41 2
78 24
84 57
56 51
80 31
87 29
72 11
50 18
93 12
84 60
60 29
23 79
26 23
18 88
78 36
17 57
4 95
16 10
41 91
20 50
16 56
52 24
63 57
65 7
90 32
35 20
20 60
88 21
13 96
51 92
71 27
87 24
42 8
66 98
20 22
56 34
16 65
11 55
97 100
25 31
39 98
62 19
11 84
50 19
61 32
28 8
40 71
22 36
33 16
75 75
74 85
78 48
79 25
45 80
88 83
89 82
38 26
41 76
19 7
1 82
75 27
88 55
33 24
54 90
83 22
84 62
77 91
65 94
53 40
95 94
31 100
55 7
71 5
74 85
60 57
19 31
68 82
64 39
23 74
11 96
6 86
58 33
79 99
23 78
40 51
85 25
70 73
97 20
96 45
46 39
59 54
60 87
41 32
9 2
84 81
61 92
36 13
76 35
17 54
69 39
86 47
81 46
57 23
77 12
16 25
50 91
96 33
7 13
72 21
24 76
67 74
47 97
42 5
60 32
50 28
10 48
12 92
23 67
70 90
13 32
91 78
48 80
29 38
100 94
73 80
45 68
61 40
10 69
16 66
23 82
19 83
100 90
39 63
76 13
98 24
20 95
45 25
41 29
9 13
76 35
20 16
67 51
15 88
69 69
41 46
87 69
21 8
58 5
2 60
100 3
62 87
89 96
50 74
13 74
66 84
38 20
29 33
39 84
44 35
10 33
65 87
53 37
2 62
39 2
3 88
28 36
25 18
36 12
51 73
93 8
73 38
10 30
52 94
4 7
88 53
54 19
11 30
38 41
2 6
51 35
79 39
96 20
72 99
45 91
16 80
78 20
94 14
8 62
79 45
17 22
27 25
92 64
99 84
96 35
35 33
94 44
89 14
67 67
20 11
12 90
90 90
14 90
100 45
18 39
65 22
79 63
94 96
2 26
7 58
12 27
88 50
37 40
63 61
54 28
74 73
26 22
10 43
4 85
80 12
21 32
95 100
40 38
39 76
95 2
86 81
100 27
18 48
6 33
1 76
42 89
55 88
43 32
15 84
2 58
4 88
5 77
39 4
80 33
10 1
93 55
56 100
15 34
51 94
36 73
3 79
52 1
4 44
87 13
41 77
46 24
55 27
21 45
87 46
2 56
30 26
93 34
55 4
63 91
70 59
69 1
82 20
51 54
1 98
30 55
61 85
79 3
39 13
3 57
32 17
8 67
100 10
22 26
73 76
91 5
93 5
53 82
89 35
54 29
86 21
43 35
93 32
87 38
76 40
34 86
95 62
88 31
24 71
21 57
41 57
38 8
11 52
76 82
71 47
25 35
13 30
6 80
83 17
7 20
6 61
6 41
92 47
61 86
27 88
62 79
49 93
63 78
51 31
20 74
61 10
9 70
83 48
23 74
57 38
73 33
45 28
72 18
97 20
30 34
51 73
35 24
59 7
64 90
84 60
2 39
81 44
37 36
62 64
2 62
12 8
39 60
54 64
52 70
53 48
87 78
5 83
41 66
91 38
39 22
64 23
51 64
12 43
29 56
84 38
92 10
42 27
18 28
22 60
59 97
40 36
4 33
92 14
55 77
13 60
27 34
28 82
48 90
84 40
37 73
61 99
5 34
77 26
26 67
67 10
23 26
74 85
43 6
30 68
67 71
80 11
78 47
27 71
93 22
85 49
85 47
16 39
89 74
59 89
28 34
18 70
29 62
24 66
1 5
21 81
50 48
43 23
95 36
97 37
53 98
68 96
95 74
65 8
46 74
27 67
74 26
61 12
27 61
91 30
1 4
23 15
57 87
10 3
79 66
84 73
3 72
7 23
11 62
87 43
18 3
43 59
13 6
35 6
18 73
69 79
70 47
80 66
24 24
10 23
84 10
60 46
89 25
94 16
77 51
61 22
81 69
89 17
90 31
74 65
82 46
2 80
64 85
38 94
17 59
56 83
1 69
28 97
99 51
79 53
77 21
46 50
23 59
64 73
17 54
4 21
98 58
46 80
30 90
67 74
23 31
97 29
50 6
14 50
100 47
50 94
32 92
4 61
59 12
1 51
82 51
55 40
54 68
63 19
70 88
12 85
96 17
74 67
52 35
22 16
66 6
53 35
81 59
40 76
15 44
77 40
65 94
25 36
71 61
50 35
93 51
82 56
81 21
17 65
79 53
81 32
6 41
90 46
64 86
18 13
57 50
90 90
87 2
99 23
44 94
72 20
89 82
88 96
42 32
47 12
72 5
10 89
18 80
79 57
99 71
2 89
50 68
77 83
77 78
95 57
93 100
77 61
38 12
39 62
56 80
37 29
2 78
3 63
6 71
61 59
17 3
49 80
39 42
13 90
2 27
58 14
42 22
12 71
78 9
35 78
97 78
75 89
90 2
43 43
42 67
17 13
63 57
10 57
37 88
86 92
96 22
93 22
77 53
92 93
2 97
39 7
43 58
17 56
41 84
16 44
21 71
85 38
20 84
36 44
15 53
