100
7000
29 94
63 86
81 77
24 93
10 27
69 30
54 87
1 68
34 49
6 56
10 93
42 98
42 90
21 9
30 76
69 2
42 4
72 23
76 18
73 57
19 65
21 9
25 61
78 63
58 28
75 19
45 38
57 20
40 77
95 70
9 75
34 67
18 96
79 31
18 93
47 24
25 49
17 82
75 20
2 56
15 28
79 19
62 78
31 61
27 61
13 38
91 81
64 76
12 40
43 57
67 71
87 39
82 69
72 97
100 15
74 54
51 36
15 62
85 93
8 26
56 32
77 51
24 75
77 77
30 38
89 86
80 56
24 74
89 32
61 77
59 58
26 27
83 76
6 15
80 19
82 73
89 46
20 42
1 62
67 90
83 56
64 81
79 86
83 81
52 33
25 55
85 99
53 21
40 74
77 29
23 89
29 87
9 30
87 54
58 61
18 30
30 38
3 68
76 65
94 97
94 29
76 14
30 66
79 75
89 4
26 7
44 46
9 28
40 78
76 80
62 88
34 46
1 22
38 59
54 15
31 52
9 36
41 2
29 44
9 7
17 64
34 19
80 10
50 66
10 71
5 7
78 90
26 1
95 23
29 32
40 59
64 39
86 85
31 85
29 61
91 26
75 27
38 99
52 16
97 15
53 64
96 59
78 51
36 75
85 44
26 32
43 77
10 36
65 16
81 28
32 82
91 58
17 63
7 83
54 70
45 27
14 36
99 54
64 59
67 80
55 46
1 3
20 2
64 63
11 4
42 57
89 25
13 100
11 52
17 33
92 23
80 71
72 13
61 96
72 50
15 14
84 44
25 61
9 30
76 63
58 2
66 5
98 71
7 44
29 85
26 4
40 6
13 99
35 74
18 1
12 42
69 41
27 35
45 48
5 5
20 30
18 29
1 32
9 63
52 42
60 83
43 61
33 6
40 3
56 89
74 67
88 31
25 52
43 51
57 45
54 57
45 48
95 7
33 51
34 50
16 95
61 2
65 12
31 96
15 81
59 83
69 49
51 23
95 23
43 55
45 22
28 93
89 39
86 41
91 3
69 51
29 46
65 79
28 4
71 37
4 58
56 83
14 46
32 68
73 19
87 54
40 71
74 83
46 7
2 83
43 42
98 67
48 29
33 51
35 29
80 21
40 62
60 22
50 28
65 12
83 11
60 65
68 28
11 9
65 20
65 22
17 70
49 48
64 24
84 70
34 95
73 30
33 62
35 42
59 97
98 7
50 77
43 39
63 99
80 98
67 9
66 30
27 77
76 91
25 100
31 50
18 87
52 34
14 29
47 25
27 53
42 88
21 86
87 54
100 36
60 53
96 67
6 53
61 25
60 85
65 13
50 3
93 32
70 53
12 51
93 88
94 2
16 32
60 89
76 44
53 20
4 8
71 34
70 58
41 80
7 33
38 4
93 49
38 71
81 53
75 16
100 9
75 24
55 93
91 19
82 94
61 66
71 56
25 44
53 65
23 31
50 49
32 69
91 15
94 95
53 88
74 8
63 62
31 27
71 2
89 86
75 36
48 63
11 26
63 59
13 19
37 5
96 14
84 60
13 64
35 46
83 63
19 19
27 40
10 20
3 86
46 91
4 86
14 4
36 46
16 52
22 32
39 35
33 3
47 54
73 79
3 53
5 28
92 40
37 38
30 19
54 96
89 21
12 15
92 92
61 41
78 84
98 48
69 93
95 36
78 82
4 28
17 70
22 37
87 99
70 100
36 93
61 85
60 45
52 71
79 69
54 41
18 70
26 84
23 5
88 83
50 87
41 16
25 19
17 2
86 72
81 67
44 45
83 85
34 37
57 9
90 17
49 18
42 5
98 45
46 47
13 79
82 10
35 50
6 58
8 63
18 35
36 91
58 74
18 1
46 19
22 51
50 39
68 15
23 85
20 35
74 32
7 98
28 77
66 19
96 88
5 12
15 20
24 91
67 77
6 100
33 29
18 80
23 38
40 65
67 6
3 69
98 62
43 2
79 10
22 9
49 66
19 82
8 3
99 79
8 17
57 30
7 30
2 74
83 96
43 71
48 23
20 44
27 9
27 7
87 7
43 85
45 67
53 85
4 89
56 66
10 42
82 65
64 96
40 44
77 50
19 54
82 65
77 85
100 51
37 80
6 96
98 45
41 14
14 77
77 99
84 48
82 67
81 53
17 41
83 30
92 100
61 96
45 61
73 2
68 89
40 96
72 3
42 61
52 52
25 75
23 6
92 28
75 100
82 87
90 42
82 15
50 27
81 99
44 67
49 18
75 89
57 56
4 47
67 33
63 48
66 82
56 69
70 12
67 95
43 50
71 3
7 73
36 53
65 55
100 67
45 75
77 38
36 13
3 82
45 66
45 5
17 11
46 29
49 14
75 70
69 3
10 54
86 98
4 61
89 9
47 44
20 51
24 63
47 10
24 18
82 76
15 91
54 74
66 4
39 98
15 2
19 11
87 17
30 59
90 86
100 23
2 99
61 35
7 49
76 54
41 47
66 74
69 13
29 55
17 3
19 33
31 62
78 29
39 2
76 38
71 41
84 53
57 56
77 73
76 59
64 63
97 63
22 77
4 79
85 55
86 16
45 24
22 68
11 54
74 49
33 65
92 43
1 38
56 44
20 51
27 87
13 59
4 45
11 4
99 61
30 43
78 85
59 16
78 13
66 19
7 1
33 66
39 64
18 84
41 74
19 19
73 4
56 41
81 55
79 9
19 97
17 50
46 21
45 64
85 89
84 26
53 46
67 24
54 10
79 72
8 15
29 34
20 45
16 9
39 99
18 34
92 45
53 37
72 47
7 98
52 85
35 51
30 19
9 84
8 21
53 95
87 54
46 43
31 63
39 73
42 72
66 43
56 13
83 74
48 32
43 52
36 43
57 2
69 10
74 5
73 5
83 8
64 44
21 20
99 8
28 96
83 22
26 25
90 2
22 21
18 6
36 65
32 80
31 97
16 9
58 47
24 76
3 38
72 81
85 18
72 55
21 86
46 42
69 78
31 34
59 23
88 41
90 18
18 91
42 98
24 20
47 99
97 68
60 41
50 43
44 72
23 18
2 98
74 57
32 73
71 44
31 61
80 51
61 81
92 58
7 91
10 18
91 79
73 34
37 3
3 10
24 27
5 60
28 48
85 83
25 6
73 55
10 97
49 56
86 73
10 35
96 68
75 98
9 11
28 52
94 86
56 34
73 85
66 25
85 90
3 3
93 13
49 94
51 52
99 65
7 46
87 9
81 57
41 66
83 19
83 83
20 60
83 62
82 22
12 74
37 77
86 67
72 12
22 4
37 5
68 44
27 26
10 86
58 63
74 61
36 41
16 60
61 92
1 48
8 90
9 9
70 80
31 16
38 95
83 28
84 12
40 6
12 11
41 6
23 61
96 37
47 54
27 44
73 68
62 27
97 15
45 27
68 53
88 10
10 1
8 58
10 22
7 68
47 73
16 4
96 1
58 34
50 24
4 92
6 99
97 77
62 19
90 90
76 76
25 7
84 99
32 93
83 97
92 8
78 47
83 40
53 93
44 83
68 40
9 73
44 24
8 81
66 100
1 21
89 83
10 12
89 4
81 49
90 88
95 26
52 31
48 54
46 9
12 38
21 55
43 31
42 45
72 23
20 88
85 43
49 67
78 63
83 75
51 48
12 67
1 79
62 40
5 13
42 57
22 26
63 91
32 1
65 66
66 47
47 26
10 38
70 23
6 90
100 84
68 84
32 20
93 89
57 32
12 1
51 27
85 8
78 48
46 8
97 47
41 29
88 25
32 15
2 29
94 24
68 86
98 22
80 72
43 94
88 72
94 94
93 54
21 42
69 39
28 9
81 53
40 59
49 82
5 49
40 78
16 84
17 91
39 55
83 29
79 39
38 60
72 87
71 26
2 65
38 12
18 6
68 25
93 13
87 38
95 34
44 26
35 12
91 91
90 85
44 73
99 72
71 57
34 85
10 37
4 26
37 91
54 71
53 3
62 26
42 8
29 35
98 18
17 48
48 62
22 21
37 54
54 19
64 16
51 72
96 34
53 38
45 7
79 2
84 86
77 38
1 58
10 76
72 29
34 32
49 34
31 56
55 61
39 90
91 51
87 2
75 22
31 12
25 83
51 19
2 41
27 67
20 97
30 68
67 21
69 96
67 49
72 8
39 47
1 54
84 22
51 24
72 32
3 73
2 99
70 90
37 81
39 64
9 2
85 96
85 99
99 48
13 64
24 54
96 81
41 26
34 36
19 40
11 100
7 33
96 65
98 76
68 54
10 57
81 42
49 6
35 24
21 91
73 93
19 70
93 35
5 3
84 9
25 84
85 33
56 13
25 74
55 68
43 51
75 51
22 26
1 68
85 48
31 40
59 43
7 12
25 21
19 48
50 74
30 40
60 76
82 40
6 25
49 98
27 28
50 32
45 18
26 72
32 73
15 26
74 89
67 43
13 6
45 84
99 41
90 95
46 18
58 58
51 22
55 15
96 55
92 55
79 68
73 4
57 43
34 8
58 64
55 28
80 19
56 99
44 9
37 23
84 50
70 61
35 72
43 83
57 23
30 99
81 43
99 72
9 17
79 52
10 19
27 24
88 70
71 20
71 17
47 80
55 45
89 82
20 52
79 65
12 85
35 68
33 91
22 52
6 63
13 36
73 31
95 29
12 48
1 35
79 86
3 77
2 53
73 34
61 78
40 29
55 15
41 65
92 16
12 66
16 49
10 19
68 12
46 96
25 81
30 26
38 15
92 76
65 4
11 40
87 69
28 13
94 45
52 1
86 39
87 47
23 50
87 30
21 45
67 93
72 100
14 1
51 100
6 61
39 2
18 67
78 68
39 99
99 24
88 88
18 57
49 100
26 21
35 41
23 39
28 77
66 68
42 29
90 100
11 5
90 33
30 29
10 47
26 81
53 18
24 66
71 12
87 26
62 84
97 59
74 39
67 84
70 40
62 2
17 11
76 1
72 22
1 11
20 86
59 26
43 23
76 76
88 8
76 34
19 99
90 77
12 39
97 48
29 53
31 100
10 8
30 7
57 98
16 45
4 19
85 32
59 66
83 64
83 71
56 75
65 42
5 69
72 64
56 19
82 58
13 2
49 69
2 63
38 28
32 74
52 14
12 49
38 78
74 96
32 40
89 70
54 12
9 12
2 21
62 48
57 33
88 98
22 61
20 93
52 23
2 46
91 45
68 38
99 8
73 22
28 66
55 53
26 41
77 13
36 89
72 2
83 99
100 21
70 5
41 92
6 84
49 19
3 5
56 24
89 18
78 30
62 85
89 4
97 57
23 25
42 31
87 24
81 68
12 80
88 27
91 11
81 14
76 87
89 38
52 24
41 54
51 31
36 93
78 69
86 52
42 67
44 5
83 61
32 94
5 26
3 52
31 54
88 28
3 61
70 70
77 91
76 29
6 66
72 27
82 14
87 57
56 46
59 39
71 83
26 30
33 18
56 51
81 39
47 57
48 68
32 81
17 82
22 19
92 30
95 13
19 48
62 9
49 77
1 28
75 29
12 55
92 80
23 81
32 75
87 24
45 36
99 64
52 6
96 84
63 53
29 55
78 37
22 25
3 43
52 51
97 62
29 61
16 12
19 5
7 91
64 2
1 85
59 11
46 58
43 92
13 35
64 68
81 70
31 76
17 4
57 93
85 49
34 90
63 16
5 76
90 58
21 59
12 24
36 63
66 100
36 80
66 50
92 39
100 23
57 48
48 32
68 38
48 32
95 44
26 26
70 65
100 59
9 67
40 62
87 42
6 24
64 58
28 92
83 79
58 94
80 93
43 60
100 79
79 49
62 93
22 53
11 16
72 48
65 77
34 51
80 48
44 89
99 85
62 74
21 17
45 89
37 84
61 31
27 43
47 63
6 29
57 32
44 80
9 72
37 57
8 79
73 46
29 92
65 61
11 38
94 57
7 56
21 51
37 25
2 85
15 63
12 72
92 82
93 21
12 46
48 23
33 84
28 21
47 8
38 51
25 14
5 42
32 41
53 35
75 92
33 69
61 88
53 37
12 13
55 38
16 74
81 99
51 68
14 24
90 8
31 97
88 66
84 76
85 24
74 37
91 2
72 66
44 42
7 13
74 93
26 71
85 100
80 75
8 29
82 43
83 93
67 82
6 46
50 93
13 96
63 70
80 64
85 57
83 41
65 54
56 39
38 66
75 12
35 63
30 38
89 95
6 16
68 46
66 69
94 52
34 56
26 67
70 18
16 2
60 94
80 81
64 21
81 87
50 90
28 48
61 13
93 92
50 92
48 73
1 20
17 73
85 31
88 83
30 97
81 82
11 81
99 9
59 72
71 67
52 4
80 78
9 78
18 46
39 77
73 67
72 96
4 52
37 6
51 58
22 60
66 20
52 92
70 77
55 3
41 84
22 51
48 86
37 72
52 53
55 48
66 30
16 75
12 46
23 99
33 94
11 36
86 24
79 47
53 14
67 87
43 1
29 71
21 66
86 23
35 68
52 89
33 64
25 76
69 90
62 60
40 96
1 41
66 91
72 42
30 81
16 41
56 37
3 23
1 41
86 53
97 44
95 98
37 36
86 20
65 11
90 96
75 65
80 84
29 13
27 91
42 48
80 66
23 69
19 31
6 34
86 59
63 16
83 78
71 82
49 23
12 90
81 25
65 35
19 30
16 55
96 51
46 8
78 61
27 25
14 85
29 100
79 76
88 64
18 36
47 73
11 9
91 72
21 97
5 1
73 87
84 16
21 36
83 99
33 16
96 19
60 47
37 38
3 83
81 70
12 6
19 20
6 53
1 8
9 9
69 71
64 63
61 84
47 20
55 65
69 11
85 33
97 74
67 55
56 75
65 47
21 89
85 21
56 81
83 14
47 23
52 51
53 36
23 10
16 89
95 5
68 84
94 16
64 68
85 71
22 3
33 33
66 14
35 16
36 4
8 39
74 55
13 10
41 30
99 36
99 25
20 14
24 82
13 65
11 53
32 38
69 80
85 6
20 41
65 19
76 49
7 85
38 72
15 49
34 19
74 89
81 12
18 79
2 55
21 89
61 55
73 42
59 89
11 51
30 14
35 47
95 90
31 62
9 12
53 2
96 8
36 39
1 9
47 78
93 61
73 74
8 70
40 96
100 61
69 81
16 42
39 8
3 43
87 27
65 93
70 37
15 20
81 95
22 28
94 22
38 23
35 46
28 1
84 32
22 17
51 10
55 63
45 72
15 20
24 28
39 9
99 84
58 100
45 57
4 60
49 64
36 6
36 74
94 13
21 24
96 30
94 5
50 75
8 44
75 82
11 18
89 89
79 6
78 98
83 2
24 66
88 49
96 9
6 55
16 32
41 45
33 6
25 82
60 28
75 38
89 33
20 3
60 52
48 42
33 66
19 24
38 55
93 35
44 3
10 35
71 11
73 1
29 86
12 56
60 38
48 41
81 98
44 36
98 16
90 76
53 60
32 94
37 2
56 99
100 77
30 73
59 15
54 21
16 43
90 29
40 22
65 5
89 93
82 8
94 89
20 88
16 21
23 25
12 32
100 64
87 92
42 41
93 6
44 76
53 93
16 30
85 59
30 86
23 91
3 49
65 81
100 15
15 67
73 94
5 11
66 29
75 14
57 13
84 47
82 2
29 51
38 93
76 58
30 42
8 82
53 11
53 74
62 79
33 38
7 7
56 93
61 56
10 24
40 45
16 59
30 78
49 73
17 30
18 25
99 69
33 56
3 62
89 98
71 91
33 65
78 60
88 25
87 23
39 91
77 22
16 17
48 26
70 89
99 23
5 72
33 99
84 54
98 65
7 86
100 13
22 87
61 45
35 41
67 6
42 84
44 65
65 13
99 55
51 83
38 100
17 7
55 35
83 14
73 12
34 10
57 34
57 31
1 91
14 29
9 56
61 25
90 39
2 56
45 11
44 100
57 49
40 89
74 92
6 25
49 28
95 96
24 91
74 59
49 70
95 44
22 61
2 36
40 42
19 35
14 91
38 71
80 30
86 35
48 13
26 30
89 5
4 35
97 46
59 68
13 82
83 35
41 57
39 96
93 35
40 61
27 62
35 87
75 98
77 67
83 36
37 94
24 47
33 23
50 36
44 20
25 87
40 85
75 15
10 63
94 1
95 31
69 100
44 74
66 22
81 89
93 13
83 44
47 81
85 86
67 11
67 84
7 6
39 70
59 21
35 14
15 54
76 7
40 72
88 27
30 17
32 65
45 75
9 44
44 52
77 55
2 65
100 73
34 38
7 61
95 20
73 93
81 13
10 83
51 69
19 14
48 32
60 88
43 93
21 35
17 4
72 17
95 68
43 4
30 91
57 62
96 57
99 60
1 98
75 29
22 54
43 98
30 85
66 46
95 87
75 85
45 100
27 53
28 97
93 15
67 53
91 66
83 19
43 76
62 52
83 48
52 4
61 38
61 7
88 90
7 45
45 29
53 52
40 81
7 53
59 37
90 65
71 69
59 27
83 49
13 93
78 84
30 29
27 2
55 52
70 10
81 16
2 35
75 97
49 38
45 82
30 32
68 6
8 60
59 16
89 67
27 74
43 4
63 77
80 25
16 76
43 33
11 11
80 84
43 77
37 6
79 93
48 38
50 59
84 3
39 36
40 49
19 19
71 41
29 9
31 80
61 66
48 8
81 52
82 87
59 18
73 73
94 90
36 49
94 24
33 94
45 53
60 32
8 60
78 68
28 68
37 11
35 1
35 32
14 79
1 66
2 12
49 48
4 33
51 4
77 31
96 80
50 81
46 95
82 80
12 21
15 79
71 71
86 70
26 86
13 83
89 32
21 5
100 76
44 7
3 50
39 60
58 84
57 35
87 43
97 93
47 5
96 79
24 97
74 97
22 18
50 51
26 54
63 89
15 72
22 46
42 89
33 15
8 5
33 53
91 79
82 20
37 55
14 19
36 87
1 48
99 99
49 30
46 49
4 19
87 91
62 58
26 97
39 2
28 71
46 86
7 76
66 40
77 39
95 81
1 33
40 45
52 3
37 25
23 38
62 91
45 56
81 20
85 8
1 62
100 89
17 36
86 95
9 56
25 93
21 61
82 71
83 49
87 45
78 90
93 64
21 21
74 69
5 67
2 46
56 3
59 37
57 1
58 31
12 54
30 17
63 87
37 26
89 25
15 95
40 63
65 24
75 99
42 68
42 90
70 48
100 79
49 88
80 39
36 79
80 46
68 24
2 8
19 34
73 10
27 31
52 65
15 96
53 48
54 31
17 22
89 8
37 89
96 97
79 66
89 63
44 10
32 45
58 82
11 15
58 94
96 92
73 70
21 10
2 68
29 14
56 77
67 24
2 21
79 68
58 78
93 72
47 1
94 62
45 64
93 42
29 97
35 3
11 99
77 72
71 70
81 38
29 10
13 92
20 86
82 13
2 84
25 59
55 59
92 7
20 65
40 52
61 99
13 13
70 70
88 6
70 36
59 87
65 46
28 7
66 40
23 19
84 21
90 4
71 100
21 19
99 70
100 11
17 26
3 95
21 26
84 74
20 23
87 28
67 45
88 40
62 93
62 4
5 46
98 89
77 10
84 89
48 25
50 60
20 85
52 70
23 24
7 44
3 50
85 98
15 49
15 60
92 39
95 63
47 61
53 40
30 21
36 2
95 76
98 32
27 29
62 37
48 78
57 26
8 51
58 23
93 68
35 27
23 5
55 8
60 86
86 44
81 69
22 77
35 86
97 3
74 87
89 32
83 69
21 41
36 91
80 73
58 75
90 77
95 100
3 85
18 96
73 42
51 5
1 63
100 35
27 82
52 21
98 20
8 54
29 70
82 11
89 98
92 94
47 77
60 28
29 99
61 7
30 40
39 89
53 19
86 6
37 17
57 65
54 59
32 53
38 42
71 59
7 67
60 64
26 9
17 100
17 64
87 98
46 9
58 9
60 38
6 94
93 9
2 38
64 14
40 72
66 36
51 70
52 52
47 59
92 98
4 36
56 1
8 19
47 24
20 11
65 58
5 5
15 95
42 57
15 87
25 51
98 73
37 93
51 28
84 24
74 97
2 29
1 27
14 16
76 51
79 71
37 46
9 59
4 55
72 40
29 17
32 68
92 73
30 91
79 33
16 81
19 73
85 98
44 22
28 84
94 83
37 30
15 85
88 24
63 29
10 56
38 8
21 71
46 87
21 13
72 12
67 84
69 4
54 94
76 86
64 39
17 82
20 4
40 34
8 36
5 23
96 94
45 15
63 20
42 48
51 61
46 86
73 55
43 93
55 45
4 13
95 80
59 17
83 29
94 43
87 89
85 65
46 55
59 8
3 36
73 55
22 31
95 84
100 89
42 28
80 44
10 45
85 30
8 45
29 84
87 26
66 49
63 83
29 3
18 4
32 10
29 85
35 8
44 13
42 12
7 25
39 44
26 15
42 10
3 25
58 18
85 25
6 25
33 69
46 61
19 7
31 39
53 79
69 40
79 96
76 44
72 54
90 11
83 61
87 48
20 33
65 93
98 28
61 52
77 38
73 76
84 68
38 81
49 76
81 48
15 20
25 60
63 53
55 29
57 38
3 6
20 42
95 98
24 35
49 21
8 19
97 16
33 72
44 94
22 45
3 36
4 75
2 95
12 97
36 60
25 67
36 34
63 83
58 1
79 20
55 36
23 39
88 8
84 24
20 100
79 42
84 61
63 72
34 79
100 84
99 22
99 37
30 58
52 20
97 68
10 60
85 65
61 2
13 9
56 36
31 66
78 65
85 72
77 27
65 77
46 4
96 40
48 49
84 32
1 94
3 36
4 70
76 89
15 61
23 64
46 37
65 43
80 49
13 27
44 87
28 7
17 8
59 72
69 42
57 1
75 47
14 48
25 72
38 86
93 17
36 10
93 77
56 47
21 51
79 32
27 1
41 54
69 62
11 72
82 25
86 21
91 65
78 48
54 34
85 30
77 96
22 33
38 48
70 74
34 7
37 39
10 66
25 39
20 78
88 86
38 50
53 82
9 35
54 84
51 32
41 29
91 87
62 90
97 64
46 79
47 65
95 96
68 69
79 53
34 46
6 11
28 78
21 8
62 87
58 8
91 96
20 100
20 12
70 34
99 92
60 58
29 32
25 17
17 88
53 83
18 37
40 13
99 97
50 32
28 30
20 26
81 55
63 95
58 87
33 61
44 60
74 80
36 1
49 90
51 58
24 41
54 32
69 1
2 9
25 53
31 93
73 68
42 83
14 56
72 36
52 28
100 27
49 87
48 59
86 40
14 67
57 45
28 64
14 62
97 83
52 11
43 22
6 83
11 25
40 25
100 91
93 73
13 55
38 92
69 23
1 87
81 88
45 2
67 24
46 32
64 85
9 93
56 18
8 71
74 26
8 87
40 83
37 13
61 99
70 98
19 76
5 58
4 99
23 25
46 32
98 99
25 13
47 80
59 69
33 36
50 20
55 53
77 94
54 62
32 52
4 31
80 51
12 8
79 13
51 32
89 18
74 69
77 49
77 55
61 98
22 67
83 77
78 85
52 3
48 77
55 68
81 86
29 8
65 32
73 9
78 3
83 60
50 68
20 71
7 30
87 33
8 20
69 12
89 37
24 4
94 77
27 74
16 69
57 48
93 7
11 19
88 32
79 56
23 82
25 87
61 46
38 74
69 11
27 32
18 30
91 57
59 87
51 37
22 17
74 91
83 61
48 79
5 40
2 87
99 44
3 81
63 61
98 18
19 74
5 28
63 12
86 74
23 89
56 19
8 79
2 72
11 13
7 66
41 48
87 43
1 83
57 14
74 85
13 94
73 69
12 88
83 68
96 10
72 9
1 23
50 10
82 16
59 61
42 53
98 93
24 100
34 38
94 7
74 69
92 30
71 68
93 12
74 80
97 57
38 49
26 68
79 8
13 89
74 85
83 100
70 26
8 100
47 55
47 2
78 97
39 4
22 33
72 11
41 60
93 49
23 95
2 3
93 21
85 91
16 53
21 29
17 30
49 11
4 74
59 71
39 22
56 80
32 35
39 84
50 75
93 23
99 21
93 17
75 80
79 50
17 27
64 27
40 12
92 18
93 49
84 88
87 73
2 83
4 30
54 9
17 92
6 24
36 37
45 91
20 67
21 84
55 28
4 52
41 27
37 14
31 62
53 31
33 38
65 37
59 18
57 16
57 68
41 99
21 90
86 23
67 96
95 85
100 27
60 89
18 66
22 64
86 42
53 83
33 36
96 77
98 60
98 63
90 59
25 7
13 49
36 76
47 74
28 56
63 60
42 56
55 90
36 86
98 10
16 81
10 37
25 24
14 3
75 14
28 6
51 18
80 10
55 1
55 94
78 69
2 90
94 46
92 78
82 42
77 71
61 87
68 60
34 30
40 9
35 26
23 94
44 28
55 81
71 11
51 61
56 23
29 94
87 64
22 47
44 29
72 48
27 29
52 28
89 58
15 79
23 21
92 11
63 43
67 37
68 57
4 39
22 72
48 25
82 81
61 57
31 15
36 48
18 15
59 47
76 12
79 30
8 9
21 29
30 85
4 43
79 85
44 94
49 45
18 10
35 72
34 49
37 1
3 69
61 95
57 40
7 77
96 74
98 27
26 8
39 85
54 66
55 33
22 20
100 16
98 46
57 47
17 47
82 47
47 35
75 37
13 42
23 75
28 100
9 85
14 16
14 10
9 67
72 75
22 27
41 74
33 41
86 17
27 100
89 15
72 67
66 87
29 21
44 86
31 5
16 5
72 22
46 34
27 38
79 94
90 79
14 35
65 68
6 91
75 2
48 49
67 35
13 100
87 64
64 4
43 82
76 49
74 46
6 65
64 97
53 92
7 73
88 79
92 83
17 99
9 12
7 33
11 6
92 76
67 17
84 4
57 88
8 39
49 20
10 55
52 51
61 31
29 66
44 69
68 2
81 41
2 96
53 24
50 53
39 62
76 80
13 56
14 52
13 2
12 45
1 67
43 44
31 63
44 89
56 33
68 84
66 99
64 12
31 52
66 80
98 62
62 95
21 64
67 65
23 77
66 46
27 3
35 43
97 100
31 59
28 55
21 59
55 82
62 49
34 69
58 51
84 32
52 13
41 63
30 48
35 25
1 1
64 91
80 51
35 94
82 31
50 78
59 92
60 99
45 99
5 9
5 64
47 66
46 96
42 32
21 90
76 3
49 28
69 85
5 18
86 27
24 59
27 85
71 83
63 18
86 99
1 28
96 79
47 43
17 50
70 17
86 91
93 36
71 24
26 64
82 85
12 64
43 23
37 72
61 77
25 28
23 72
92 45
83 47
39 81
55 33
44 65
57 56
35 60
31 1
13 47
30 66
97 66
76 81
11 7
9 36
29 31
82 14
70 55
76 19
22 31
17 2
58 82
7 81
81 9
32 16
6 95
28 37
53 59
58 69
28 3
56 90
73 88
1 32
78 97
21 29
28 39
71 42
38 56
22 34
28 35
42 57
74 59
66 4
19 74
90 79
41 11
6 46
85 28
84 46
93 66
67 5
75 79
47 83
59 78
32 9
32 44
29 12
58 54
19 62
51 3
76 28
75 61
46 32
86 26
98 49
55 9
77 37
86 89
26 77
33 75
48 73
6 44
23 67
54 57
80 71
73 72
17 9
90 29
2 77
89 72
5 22
90 18
33 47
31 91
67 65
95 80
60 50
27 59
86 83
96 19
53 93
72 48
38 56
16 55
7 27
71 86
21 92
53 10
91 38
38 8
2 59
14 44
36 79
38 52
56 4
67 8
67 35
83 48
6 59
99 40
39 57
72 36
19 25
79 25
47 17
75 93
62 16
46 9
34 89
22 7
69 89
12 87
53 28
81 68
14 11
91 77
74 49
29 14
87 59
84 16
53 96
37 27
93 100
30 65
39 37
80 6
99 8
14 54
6 50
6 75
39 55
59 4
32 99
87 93
95 79
33 99
5 37
25 18
57 72
3 3
6 38
57 80
5 35
91 98
79 78
35 75
93 79
57 75
44 74
93 90
19 73
39 20
100 64
40 78
46 77
39 77
90 49
25 9
66 48
87 39
49 35
11 39
39 99
8 41
14 83
75 99
65 91
60 52
30 96
67 69
58 44
31 5
41 41
5 75
5 90
27 12
94 53
60 30
35 64
32 31
4 100
2 62
98 81
32 100
26 15
66 88
3 52
80 19
64 43
39 89
30 24
17 38
82 48
93 46
62 1
4 63
65 45
23 48
79 68
95 78
94 52
4 86
80 17
98 15
74 93
25 12
50 47
91 13
52 42
43 6
44 22
91 22
7 49
40 2
34 98
5 43
27 62
43 77
55 52
32 20
83 92
23 79
50 8
21 50
51 50
66 16
79 76
69 22
84 96
36 43
71 21
59 81
93 23
63 87
26 45
50 78
5 14
20 49
16 53
30 56
10 92
66 27
83 71
84 11
3 30
65 72
47 54
59 89
76 13
86 15
20 4
58 62
24 16
60 53
13 69
15 76
73 12
75 75
25 76
72 39
35 1
90 36
20 22
17 31
22 45
46 49
84 37
62 59
53 92
10 53
77 48
28 54
68 19
25 52
60 75
69 55
2 75
23 66
87 92
55 52
35 74
80 82
64 79
98 100
51 8
47 14
38 5
7 8
76 28
43 52
70 74
5 40
65 52
13 16
8 100
20 30
62 18
68 58
54 56
80 33
89 3
79 31
94 20
20 74
77 16
94 49
6 33
32 25
26 2
32 66
7 38
78 78
38 18
93 41
28 57
67 67
81 64
79 97
8 79
67 44
19 4
11 51
76 75
70 95
29 99
83 73
16 28
12 42
94 82
88 8
57 41
41 6
11 64
42 29
5 31
12 37
5 73
15 49
51 12
84 27
5 38
24 80
8 4
53 95
43 69
55 100
37 5
24 44
26 90
48 70
90 39
5 39
71 9
89 29
98 30
84 35
82 24
37 13
44 52
97 87
50 58
62 8
66 29
10 49
75 53
27 86
22 24
47 71
52 69
38 100
23 83
43 7
44 15
82 92
22 23
51 100
13 22
30 62
82 48
42 95
86 11
20 50
65 19
96 11
72 100
77 11
87 78
85 55
23 94
17 23
44 83
45 43
99 85
82 70
93 100
93 31
95 32
9 34
73 40
41 43
49 48
48 44
39 49
82 24
40 19
69 58
34 60
10 23
59 85
75 54
34 92
32 100
31 76
91 6
62 5
57 23
61 8
20 42
75 64
42 3
15 15
68 61
41 42
43 30
91 87
2 56
37 91
1 18
7 74
23 97
16 87
54 53
13 81
22 78
38 75
32 2
74 32
100 96
92 57
71 77
93 41
75 57
4 81
7 59
93 72
21 24
51 23
30 35
100 54
67 63
38 44
3 41
15 2
83 87
65 74
78 3
74 98
31 40
85 50
25 12
44 29
92 37
86 40
76 48
13 89
61 27
27 46
81 65
19 86
55 55
13 17
19 73
80 35
40 26
67 44
76 38
41 34
53 93
8 98
19 27
82 85
59 21
44 71
94 5
92 78
76 50
61 87
20 50
75 30
47 47
95 59
53 88
40 71
65 9
50 46
88 30
21 72
3 72
21 37
24 26
42 47
42 88
25 96
48 87
45 86
89 77
64 43
91 54
30 95
14 8
57 45
74 38
99 67
34 90
16 80
42 37
13 55
54 40
98 25
15 20
69 62
90 80
77 78
37 5
2 43
84 56
34 88
67 53
80 2
76 34
26 46
19 97
42 58
44 48
100 51
11 30
53 23
94 97
41 27
34 25
34 92
6 4
44 98
81 33
72 20
64 28
4 48
97 7
1 75
53 56
47 10
99 97
3 76
26 15
51 83
97 35
9 53
26 47
66 23
69 60
83 30
42 87
83 33
62 66
30 81
92 10
36 10
19 55
91 37
61 88
62 84
100 94
64 67
3 10
27 94
15 77
48 33
79 73
71 66
69 38
75 85
47 57
42 82
40 43
81 58
9 92
97 66
20 55
85 9
97 34
96 82
34 35
58 71
36 76
50 79
66 83
49 86
50 48
37 13
79 56
24 32
91 28
80 28
58 26
23 7
79 79
78 44
50 24
19 44
48 32
28 82
99 61
6 60
59 19
55 19
44 43
5 6
54 26
19 38
21 6
44 52
49 73
36 14
31 44
89 93
23 77
91 7
7 98
26 16
58 84
63 81
68 53
48 70
22 60
97 36
98 100
71 9
37 9
70 87
62 48
88 22
50 2
100 47
58 63
85 83
28 71
5 63
70 79
53 44
22 16
90 70
98 88
59 44
30 84
14 40
92 58
63 91
10 79
90 21
33 7
38 15
77 5
56 10
37 16
91 45
88 38
14 12
20 95
18 39
41 7
55 29
86 30
4 77
82 48
80 79
2 45
52 65
23 34
4 54
11 81
83 56
13 51
92 55
9 34
74 61
63 94
92 87
96 36
58 31
92 66
39 65
69 45
92 95
70 45
63 98
46 51
90 8
92 10
98 74
60 35
64 29
1 73
61 50
24 26
78 64
78 90
36 95
88 41
98 63
95 39
88 2
97 40
21 64
17 89
41 53
36 62
9 93
95 44
35 63
11 12
69 21
53 3
97 18
99 63
1 67
78 72
23 21
58 46
34 24
60 27
30 32
93 97
21 53
17 100
27 69
70 58
35 1
73 78
88 17
48 14
17 80
99 96
44 76
39 92
7 32
57 4
59 67
48 21
72 17
64 91
1 61
58 84
25 63
45 39
95 82
32 9
41 44
6 63
18 94
66 36
77 55
31 33
49 36
66 73
89 27
72 48
82 49
40 39
83 13
4 38
55 67
60 58
93 24
61 45
42 8
91 29
24 90
79 46
68 79
96 3
62 2
71 10
35 96
32 26
27 77
53 72
6 59
81 40
72 2
48 9
14 1
14 35
2 6
99 52
55 38
45 22
39 46
91 43
86 21
16 30
88 42
99 71
11 73
39 54
5 7
4 85
2 10
62 82
37 55
39 12
12 1
47 96
43 55
90 10
21 65
77 65
34 37
84 45
64 27
73 56
78 55
98 39
54 41
42 6
73 78
46 60
79 66
38 33
86 61
79 82
25 16
71 82
97 6
32 7
45 19
62 85
67 85
56 41
41 96
40 43
84 94
70 3
66 68
44 21
46 3
90 71
62 18
71 78
81 5
93 90
38 13
39 71
91 67
22 83
33 64
71 68
31 26
21 14
89 37
59 76
5 66
46 85
38 100
55 28
20 65
72 92
10 26
34 86
9 54
59 2
78 75
27 38
94 99
39 36
39 41
17 23
32 67
19 32
26 10
49 64
43 8
9 1
59 86
35 100
77 46
18 100
89 88
72 73
44 93
59 54
54 73
34 77
74 47
92 98
1 68
66 87
57 5
99 66
19 38
10 13
54 66
36 12
89 53
30 82
13 29
67 98
56 44
25 57
98 57
66 51
13 28
11 99
32 55
52 54
97 23
40 96
23 85
7 68
5 7
75 17
8 74
15 23
84 48
9 45
77 19
87 27
48 78
32 53
45 53
81 88
99 3
44 8
62 10
74 24
3 31
76 27
18 49
95 41
14 2
64 29
98 61
41 48
64 65
52 54
81 72
100 79
87 51
63 15
97 78
96 75
60 79
52 21
82 50
70 39
63 42
78 43
12 68
65 86
17 23
81 42
1 59
62 28
67 60
52 60
62 12
77 87
80 67
80 87
57 60
52 92
84 70
91 18
34 45
91 72
93 36
33 61
1 54
90 49
5 63
72 17
9 33
83 19
35 75
62 50
93 15
33 76
94 42
56 92
10 82
67 90
72 10
77 6
75 98
58 35
71 25
91 41
35 84
46 29
20 32
4 11
69 39
21 71
24 2
23 85
10 75
36 94
90 61
62 80
91 52
72 42
17 99
61 35
79 18
12 88
90 73
37 88
98 25
62 94
25 57
71 55
50 82
32 55
45 81
4 27
62 29
66 72
42 66
7 29
40 79
54 80
64 10
98 40
64 13
88 59
84 25
33 31
16 88
31 43
30 96
20 34
20 61
53 70
4 27
40 27
9 92
75 83
25 75
74 18
60 77
62 95
15 62
54 46
10 78
59 46
39 58
8 87
80 15
30 10
14 33
43 22
21 38
87 51
53 36
83 22
78 55
99 59
85 63
35 86
7 78
83 58
37 73
19 96
26 9
25 21
93 81
3 10
13 23
85 3
84 88
87 18
96 71
9 41
71 4
97 25
1 20
74 39
95 70
93 27
53 93
72 7
99 89
23 29
35 34
7 12
52 87
66 28
9 42
76 50
4 75
53 73
53 77
11 81
1 98
88 59
95 25
80 90
61 12
7 82
62 62
12 60
68 44
47 50
69 84
89 14
23 56
78 91
45 78
57 30
59 79
65 63
18 96
80 15
41 71
35 17
83 27
85 87
13 8
30 27
11 49
38 11
71 88
93 81
76 90
60 42
39 20
90 4
54 52
68 22
85 44
25 59
94 95
18 26
96 71
88 19
72 74
88 81
34 68
25 31
19 54
47 22
65 45
83 24
91 56
15 57
88 28
6 44
54 93
87 47
28 100
53 36
59 20
13 95
23 99
95 51
93 100
90 46
90 95
31 58
94 89
67 60
88 48
28 92
97 74
41 15
6 6
66 39
13 13
43 74
17 4
31 51
90 71
66 74
93 65
49 76
25 53
54 46
27 61
87 54
12 61
22 42
84 46
68 46
56 71
84 65
52 34
99 66
84 97
38 64
28 51
9 10
49 23
79 69
18 3
34 82
62 28
98 69
96 65
71 79
47 34
72 51
5 98
37 12
81 88
33 7
95 64
78 61
3 96
47 77
76 8
87 28
84 10
68 76
24 48
71 44
62 1
44 75
60 3
96 6
70 77
74 82
48 47
52 81
81 68
73 18
12 29
8 11
21 67
89 38
62 91
59 86
80 19
79 87
43 37
79 99
99 44
10 7
29 82
21 33
99 25
36 96
75 79
76 43
14 22
55 95
12 89
43 70
18 49
13 91
10 68
62 90
6 27
44 41
59 4
40 15
59 99
94 95
81 38
25 78
52 5
80 57
86 69
99 54
64 22
62 59
34 78
3 90
22 72
58 8
17 94
6 51
35 8
77 62
96 50
28 44
35 35
76 44
79 43
76 83
23 13
28 14
13 10
75 46
48 79
53 61
47 98
11 20
40 43
54 25
34 71
51 49
20 55
69 52
15 93
9 43
58 13
89 1
33 38
87 73
66 75
82 85
70 85
55 67
66 34
47 31
80 81
18 62
81 30
43 5
17 52
36 80
51 27
22 84
83 67
16 56
59 61
48 89
97 65
89 41
40 31
32 52
81 21
45 56
79 5
70 13
36 63
99 64
75 55
83 70
31 19
79 65
82 55
31 38
79 9
67 100
65 52
31 29
18 38
68 99
10 56
84 20
6 36
74 4
94 5
54 87
66 60
6 50
66 3
41 81
34 19
46 35
6 69
98 71
59 84
86 64
53 50
76 33
44 99
70 53
87 91
49 44
41 7
6 11
23 82
99 59
6 50
74 70
51 89
71 22
59 11
69 85
25 41
88 61
99 59
91 70
26 14
78 63
3 96
70 64
35 78
49 90
94 5
20 20
75 44
75 76
68 97
28 72
70 98
76 18
97 83
68 38
1 34
17 32
97 11
31 46
13 59
32 86
14 43
72 90
95 42
23 71
21 97
46 25
21 50
25 74
94 71
28 35
4 64
26 20
22 75
2 47
87 74
49 100
84 62
17 32
59 15
9 60
21 26
39 7
54 19
76 69
75 5
93 5
23 69
20 30
5 31
63 70
95 75
70 22
56 93
89 25
32 79
77 6
7 43
8 10
97 77
58 46
61 46
67 72
49 60
87 29
30 63
56 14
78 67
9 79
51 50
32 84
96 62
65 4
84 69
93 80
91 60
86 19
55 22
47 67
18 92
51 47
82 77
11 84
42 64
36 56
66 64
36 82
49 2
67 76
62 83
50 89
58 16
73 47
47 80
71 37
60 7
3 22
33 24
52 23
98 76
26 47
74 10
39 14
67 14
25 98
75 76
49 85
26 66
92 49
52 69
10 1
72 34
81 14
56 26
60 45
14 9
27 50
48 49
53 11
100 80
23 89
13 74
71 11
33 57
39 22
99 13
9 34
43 5
67 27
48 26
90 26
80 15
66 47
73 60
82 61
91 48
32 75
28 81
84 66
65 23
60 9
28 69
57 55
7 82
35 18
22 35
36 48
80 8
87 62
86 74
37 90
98 73
38 19
51 69
67 94
51 98
20 86
41 50
99 56
88 73
91 93
38 62
39 2
87 58
65 54
95 75
99 17
50 2
87 21
19 13
17 64
81 5
41 12
72 33
78 6
86 16
91 67
23 70
97 66
33 98
16 64
31 25
53 81
26 96
94 42
86 64
61 82
91 65
95 73
83 21
92 51
37 65
24 25
92 46
85 60
56 4
61 18
17 58
1 50
45 17
67 53
18 93
50 7
94 39
73 38
61 6
42 47
71 33
74 22
6 29
52 4
75 22
73 73
43 54
23 26
82 25
34 56
32 83
95 17
99 77
62 1
98 56
38 10
52 92
11 13
17 71
92 2
69 77
53 20
86 69
78 1
76 52
17 7
34 6
96 59
70 50
33 65
8 75
16 10
31 38
61 61
26 22
47 57
42 75
54 75
54 81
45 3
33 79
34 54
90 78
72 71
39 23
62 81
51 72
77 98
70 5
56 60
46 97
73 76
42 31
80 11
34 1
50 47
5 3
52 31
98 74
38 6
6 6
2 59
34 49
34 61
4 19
3 19
28 72
60 73
20 93
71 25
66 74
34 41
96 31
2 52
24 52
6 47
24 55
69 98
29 88
37 13
8 78
45 55
37 64
15 61
72 40
96 79
87 92
28 94
4 5
37 84
31 71
82 73
81 28
42 16
75 50
41 5
60 18
68 8
2 86
77 27
49 17
11 92
22 95
82 16
86 32
19 74
3 23
12 33
4 89
53 10
34 33
39 87
58 88
43 52
71 71
19 62
52 63
20 57
70 89
1 1
8 48
82 82
11 45
61 89
7 13
35 59
97 20
61 45
31 36
10 52
62 67
74 17
67 43
97 59
20 44
58 71
95 34
54 39
44 34
97 19
12 97
93 38
23 23
96 90
83 56
26 21
78 85
11 93
52 45
31 37
59 21
96 81
18 51
53 11
81 82
32 52
30 37
38 96
97 58
35 47
42 17
64 47
13 54
48 9
27 99
37 48
51 86
27 77
29 33
50 54
49 79
24 66
19 16
15 32
2 22
21 38
19 26
10 35
67 92
9 27
62 39
42 99
74 95
42 71
89 62
27 59
29 99
10 57
78 86
14 34
49 16
99 92
70 74
56 75
60 21
39 44
70 100
70 28
27 100
18 51
54 3
35 46
94 51
77 35
5 71
64 6
71 56
74 67
21 2
17 42
56 33
48 33
20 60
59 35
22 88
75 57
29 24
82 13
17 81
96 8
17 57
70 13
59 52
91 28
77 57
72 82
90 80
69 25
42 56
45 75
41 49
18 76
83 50
65 12
17 95
17 26
88 82
51 92
76 5
16 22
92 79
77 23
41 40
11 71
11 22
62 7
37 16
11 73
6 59
98 81
2 90
13 31
65 42
21 23
26 14
43 97
2 44
87 8
85 28
17 9
29 76
39 12
71 27
94 66
42 5
72 33
98 58
91 65
26 54
51 54
44 19
46 57
49 48
98 93
87 48
21 36
63 95
70 57
84 36
81 79
68 21
60 90
1 50
94 47
71 42
51 77
64 1
58 84
22 10
94 32
50 92
36 61
91 32
4 42
56 54
16 99
97 98
74 1
49 34
48 37
1 34
11 90
53 98
27 59
39 54
59 16
37 66
19 61
95 58
49 56
29 24
75 34
20 96
24 43
12 16
16 94
46 38
12 86
93 43
9 67
78 74
43 62
3 3
43 98
46 15
47 70
86 74
11 62
25 67
19 93
28 28
37 96
90 28
80 56
80 18
68 68
70 9
5 96
94 57
97 22
62 21
4 12
43 24
100 33
26 100
19 82
60 27
87 68
36 31
1 18
57 9
30 28
7 60
13 12
37 66
2 74
10 17
4 81
74 62
73 28
67 10
46 74
90 8
51 18
2 83
15 12
57 38
38 50
9 18
2 15
42 77
72 52
11 13
7 2
85 97
98 53
27 7
1 88
77 93
6 14
35 33
40 54
2 33
99 4
21 23
60 37
87 46
47 59
10 66
36 52
37 76
88 83
65 28
46 78
71 23
77 85
23 39
18 24
73 33
96 73
7 94
36 7
86 84
93 84
77 93
79 38
11 23
75 60
30 100
77 92
18 57
44 21
56 31
60 13
10 60
88 2
51 64
91 6
65 71
65 77
21 56
43 70
97 96
89 27
66 61
15 18
52 45
59 13
86 76
67 96
68 22
61 3
22 46
47 37
58 97
77 97
41 36
39 9
45 13
16 93
75 55
7 95
4 21
38 41
17 51
79 96
41 39
37 38
86 79
5 46
97 44
52 13
26 76
41 99
41 34
62 99
64 48
89 81
22 74
10 57
41 17
12 54
19 18
42 51
67 56
66 33
40 39
74 52
14 65
95 49
84 30
77 36
40 43
87 21
19 31
42 88
67 77
56 5
86 93
58 64
26 95
28 3
93 4
41 66
8 77
38 33
2 91
39 52
50 46
62 50
58 84
93 86
11 15
73 98
82 63
6 62
78 18
44 63
26 93
48 90
13 26
4 92
40 23
28 22
61 65
73 75
95 25
2 12
20 50
73 5
97 40
56 33
58 64
33 29
58 45
21 56
86 47
7 61
40 80
13 5
79 92
35 29
27 44
68 10
69 22
20 71
7 66
72 52
10 85
31 58
65 28
52 20
35 89
29 30
69 16
94 16
98 26
29 11
33 80
49 14
92 48
9 64
17 7
29 55
9 73
97 2
84 96
12 22
63 48
81 95
8 86
53 97
9 27
64 51
9 27
97 65
97 4
81 63
43 90
11 67
27 8
80 11
4 51
33 57
35 5
48 79
34 43
79 37
66 33
41 30
99 70
91 96
25 66
37 65
95 53
76 88
38 96
47 82
24 98
41 60
70 63
42 68
24 22
6 72
37 87
39 4
5 48
83 54
29 15
14 57
13 63
38 90
29 33
36 67
11 64
19 95
52 3
75 22
11 81
42 34
13 87
86 14
35 95
83 88
25 11
35 30
45 81
76 98
64 62
4 21
26 49
22 59
63 79
39 88
78 27
4 26
97 89
32 13
51 98
84 82
61 61
54 95
81 83
69 41
39 69
3 65
7 57
30 30
57 25
90 61
63 54
28 38
41 36
77 69
46 7
79 18
78 51
15 60
71 5
84 45
87 25
49 80
14 55
95 78
33 78
41 97
25 84
27 11
1 1
18 95
76 92
68 79
67 57
73 93
83 33
97 34
69 80
21 55
36 54
97 22
7 70
14 24
37 77
7 62
48 39
61 48
74 30
33 77
100 58
50 48
90 80
62 67
26 71
77 4
50 19
88 9
75 26
7 21
51 71
10 3
77 49
11 98
89 8
34 68
5 84
66 55
51 45
24 16
16 22
17 61
88 82
17 26
82 76
7 73
48 65
41 85
93 64
49 99
52 69
18 23
18 29
84 33
63 69
49 71
20 1
39 10
95 69
76 15
22 59
27 9
33 45
91 86
53 42
28 85
33 38
16 61
21 49
14 82
5 72
100 34
15 25
57 74
95 6
55 31
65 100
63 74
10 91
81 66
13 75
52 39
32 48
7 87
25 77
18 79
29 52
81 86
87 37
20 16
27 5
64 70
63 41
24 5
86 9
2 42
90 44
4 12
31 64
41 1
39 51
81 50
27 72
89 100
48 11
58 45
5 95
36 70
10 86
51 24
60 82
21 61
57 30
45 17
38 17
1 38
83 54
66 3
77 89
67 54
84 55
93 20
97 58
65 16
73 39
71 4
21 71
42 28
86 65
51 9
88 16
25 56
52 13
83 92
44 97
71 1
93 31
24 42
28 1
3 72
82 58
21 10
68 21
60 62
89 86
31 97
42 50
22 87
43 20
57 50
38 44
73 51
4 18
31 16
25 95
91 26
1 37
98 24
39 11
65 77
30 6
81 41
89 55
31 5
38 89
48 41
88 84
90 52
33 98
29 41
28 3
59 30
22 41
13 82
93 25
78 18
96 52
60 98
64 11
55 17
19 15
72 44
51 40
41 74
95 23
15 36
92 18
72 34
67 3
57 68
44 100
43 43
9 57
49 4
77 40
78 84
38 4
92 12
95 23
73 46
96 66
56 82
28 97
9 53
77 8
14 93
8 54
23 90
16 1
35 14
22 55
23 65
43 27
41 92
9 42
52 30
34 61
80 7
29 81
89 82
30 6
35 1
4 49
66 8
62 37
16 21
18 70
19 59
15 37
54 11
46 66
43 40
61 59
42 86
67 34
72 14
5 98
60 27
7 27
28 6
42 40
15 8
8 8
82 91
88 73
50 16
26 35
22 47
59 17
66 63
96 53
34 26
5 50
18 67
74 10
83 78
83 6
11 1
69 14
55 83
96 86
1 18
18 91
19 21
65 94
9 86
59 86
25 80
68 13
18 3
87 23
20 95
21 98
74 81
92 92
18 56
41 50
54 36
55 49
8 98
91 20
8 78
35 83
23 7
42 22
39 29
93 59
41 63
24 52
61 45
10 22
6 52
78 44
4 93
37 91
96 21
29 62
4 86
8 95
54 56
59 86
78 36
19 18
95 60
86 1
97 44
99 20
16 50
14 26
97 84
83 28
49 13
60 88
51 31
18 99
97 60
5 55
46 85
83 53
56 10
12 92
38 55
3 75
38 58
33 6
20 51
54 19
79 80
92 73
33 70
23 67
37 48
56 81
28 41
26 56
99 65
19 79
12 62
60 42
100 43
25 55
8 61
94 68
48 41
67 36
55 80
27 12
63 65
95 53
4 99
80 58
9 90
90 29
13 91
50 81
80 17
24 87
75 98
62 42
65 99
78 46
32 59
61 79
55 51
76 2
21 84
61 36
16 77
14 6
32 39
85 1
82 1
49 59
15 34
41 40
82 92
93 20
91 54
100 39
41 50
15 80
37 80
5 65
82 62
26 52
28 61
30 28
77 23
80 20
66 88
68 79
91 98
72 59
86 29
15 19
69 61
63 30
87 41
66 99
69 92
50 4
89 9
22 94
37 92
68 41
100 71
74 81
61 26
35 18
68 14
5 18
28 20
12 69
39 6
100 12
46 90
73 7
77 52
4 26
24 65
52 94
86 53
98 58
43 42
3 27
3 54
58 10
98 86
36 90
67 65
2 95
69 75
68 22
57 55
5 23
45 83
71 96
98 87
94 68
73 54
61 43
62 12
2 29
28 88
45 10
82 3
22 3
7 1
71 41
77 20
65 2
17 40
69 18
27 28
31 86
48 10
90 54
56 7
79 94
86 1
92 2
94 58
53 22
46 30
49 61
51 44
6 59
83 81
47 37
81 19
39 38
57 44
53 11
46 1
63 44
40 20
60 61
69 63
3 42
19 100
99 69
16 78
26 24
26 86
80 97
23 72
42 15
5 52
80 76
86 8
84 17
92 38
7 74
52 32
8 21
77 41
98 30
29 10
76 17
95 3
22 59
79 24
75 93
53 82
66 66
42 11
49 3
41 13
9 88
12 7
95 6
33 80
47 85
16 88
89 92
59 83
14 70
21 38
98 62
76 20
82 47
100 37
17 69
66 91
45 99
83 36
31 86
59 64
18 35
80 53
60 55
38 88
35 68
42 88
71 42
40 53
84 28
60 100
95 25
97 21
21 41
96 56
61 28
92 21
3 93
50 85
71 3
100 97
14 51
82 21
22 16
78 83
50 93
96 73
11 84
83 92
66 44
76 52
73 43
22 91
78 80
90 90
67 92
98 88
6 28
77 74
36 74
88 49
99 40
24 14
62 8
84 53
22 97
69 88
82 28
90 40
54 66
60 28
76 64
6 89
17 7
69 67
71 44
95 32
90 43
59 28
53 36
1 33
56 66
81 33
12 19
96 88
20 76
72 41
73 69
77 15
38 49
78 57
94 79
56 54
40 66
36 2
55 10
69 17
58 86
58 35
88 54
71 83
58 66
84 48
87 42
42 32
25 44
40 42
64 22
68 4
43 49
35 12
15 91
16 28
20 4
18 7
14 45
8 96
40 53
48 9
50 48
61 16
36 42
32 47
36 92
83 62
39 21
30 62
67 34
5 23
100 81
43 12
42 66
35 38
2 42
49 64
90 26
81 48
85 61
63 41
87 20
83 87
63 26
17 80
33 65
52 37
15 12
94 84
39 57
72 29
12 62
23 11
26 3
34 13
5 61
1 34
15 81
43 76
94 38
7 72
23 70
3 62
41 51
76 85
13 50
30 49
4 52
10 81
24 95
34 77
83 4
95 80
46 60
69 75
64 58
47 55
41 17
4 8
44 10
68 5
99 100
52 93
80 100
68 81
38 85
6 15
42 67
88 8
49 87
21 67
47 73
29 95
2 47
68 33
37 45
41 40
45 55
74 8
5 17
76 59
76 99
1 95
31 61
21 97
18 76
69 78
16 14
30 46
56 28
61 59
11 44
72 46
60 15
7 16
96 84
15 16
61 44
28 67
25 55
9 19
60 54
8 20
85 64
24 11
62 28
23 86
47 46
30 70
11 28
47 100
9 11
63 62
100 8
9 13
35 33
14 80
87 59
44 34
83 46
59 3
2 52
61 56
23 55
94 44
100 56
80 27
74 8
3 15
50 56
84 52
13 47
96 31
52 48
99 15
84 66
72 88
15 4
22 2
58 69
10 7
98 36
55 22
48 53
9 5
13 21
27 6
7 14
63 27
1 88
9 75
28 43
63 53
70 56
88 50
28 80
12 75
88 8
56 35
60 89
51 22
9 90
51 8
63 71
71 25
12 51
47 42
42 86
61 21
65 60
15 4
76 32
92 24
80 49
48 45
46 99
16 26
61 81
20 95
2 82
14 59
93 8
13 89
50 68
38 23
82 57
63 64
47 54
75 3
99 24
63 5
9 20
62 43
97 5
48 26
38 91
4 76
73 46
15 20
61 46
8 82
46 78
32 8
9 60
72 87
10 52
22 28
100 23
36 23
39 66
27 35
80 50
28 78
96 65
22 89
94 30
41 80
31 7
75 14
79 26
43 5
75 21
97 77
19 73
5 51
92 9
51 87
42 85
61 70
39 9
87 15
26 1
43 31
53 44
3 53
43 73
88 69
99 19
100 58
6 28
25 70
49 61
56 5
25 4
40 19
8 46
38 37
65 20
32 38
16 2
28 5
48 54
98 83
10 49
100 62
52 70
20 33
27 97
53 55
12 91
48 13
67 75
19 7
91 31
95 11
21 87
34 71
83 94
55 71
99 88
87 80
79 96
57 32
7 85
14 42
16 58
73 5
98 82
74 95
28 92
84 45
22 82
67 28
95 71
92 12
95 26
63 62
24 23
77 87
80 99
23 86
82 71
100 45
9 67
46 28
90 2
47 99
18 5
67 73
80 100
21 53
34 69
29 73
75 73
1 37
41 10
26 26
32 22
31 41
95 63
5 38
16 15
25 44
3 100
28 62
83 91
56 46
84 40
82 16
6 67
80 43
87 9
28 58
15 35
82 50
81 31
70 67
23 26
60 24
35 92
11 3
1 52
6 67
47 56
34 93
98 49
69 33
58 4
99 68
55 4
1 14
41 31
30 42
67 77
2 32
100 52
53 78
67 7
23 1
53 1
34 72
30 91
100 56
89 60
33 74
25 79
31 11
89 95
30 91
96 27
92 71
67 55
88 12
10 15
48 32
81 12
67 94
55 22
98 22
64 36
22 61
27 42
18 93
38 100
41 56
86 63
80 17
54 32
3 4
82 41
13 25
62 88
37 79
41 35
84 70
83 40
67 40
97 48
51 85
34 85
10 76
12 28
50 44
14 42
24 99
73 57
31 16
11 40
43 17
68 72
77 59
4 12
41 22
48 8
44 13
15 73
89 55
49 90
90 60
33 92
7 80
70 99
80 29
8 28
58 30
32 67
31 61
41 25
10 34
80 26
1 26
73 31
52 34
82 72
39 60
60 91
96 14
77 27
6 34
86 60
83 60
95 17
17 76
37 13
72 63
16 36
57 21
9 6
7 32
58 15
60 68
70 89
19 75
57 66
62 84
58 93
91 49
70 56
46 99
93 73
1 73
74 65
75 39
49 39
21 7
57 95
42 58
77 8
28 81
14 36
84 42
79 61
24 11
52 90
12 58
42 12
25 92
83 84
82 23
27 29
33 38
12 29
6 10
54 85
54 5
51 25
49 12
52 97
99 62
78 3
48 49
51 24
25 34
38 27
35 90
78 82
64 80
61 48
24 17
96 74
41 80
67 46
6 76
5 80
48 69
74 73
1 65
82 88
39 70
5 41
29 18
8 72
87 46
55 20
70 91
40 89
52 94
79 85
57 82
43 78
3 95
6 84
15 88
59 16
38 52
87 82
2 82
79 91
75 83
70 56
71 60
37 59
94 75
37 40
70 61
39 8
39 92
49 94
67 5
15 36
28 99
26 68
89 47
39 75
40 75
29 15
21 32
1 71
9 2
7 50
96 95
73 90
76 76
93 22
97 11
6 64
73 81
68 66
92 53
46 93
46 26
78 9
63 34
2 38
39 83
19 79
57 81
77 66
41 59
45 91
62 66
76 2
54 36
49 17
32 67
57 30
20 90
17 6
81 82
31 13
40 21
60 6
31 38
61 43
56 49
44 41
11 42
98 60
52 43
83 25
22 74
58 85
38 33
56 71
53 95
5 28
81 80
55 79
53 91
16 9
92 50
16 34
85 5
93 82
29 94
70 80
98 87
1 24
27 28
7 38
100 95
81 28
51 90
3 34
37 69
61 18
54 96
60 34
7 26
22 11
65 59
23 85
3 71
63 65
34 30
13 74
80 17
69 31
41 40
82 99
81 90
62 65
22 30
87 69
98 15
84 41
65 1
13 48
91 28
31 27
25 78
75 70
76 81
52 94
79 9
99 42
82 24
51 63
23 14
61 28
63 25
33 87
27 27
91 79
82 20
17 55
59 29
94 98
35 97
81 21
51 88
74 44
69 45
44 80
84 89
54 97
17 64
3 55
26 48
20 29
49 78
71 78
47 50
37 4
66 23
54 10
54 55
1 75
84 20
96 30
5 90
28 34
98 49
82 88
96 94
34 82
69 23
56 3
90 8
54 48
35 48
77 27
55 21
16 50
6 83
31 35
8 45
84 15
89 47
45 45
15 79
100 28
13 40
90 69
77 4
21 49
60 10
92 54
79 27
17 93
18 71
88 75
79 54
4 28
69 58
8 31
61 8
90 46
50 45
28 2
57 62
86 48
11 67
86 36
23 1
61 80
15 22
23 56
65 61
80 28
68 18
76 54
82 34
100 41
13 54
8 40
78 76
100 46
29 23
80 71
90 86
26 80
84 19
46 72
88 4
90 81
82 13
62 99
50 50
24 9
1 32
60 8
80 31
19 49
25 62
39 76
16 74
20 65
90 67
35 81
85 88
30 5
55 16
94 3
13 87
14 58
69 56
13 100
11 57
75 42
2 71
33 96
58 97
36 43
35 74
14 13
63 30
7 19
25 87
36 90
16 66
82 76
15 48
89 8
1 92
25 63
11 99
56 19
61 57
26 34
25 15
45 78
24 66
13 73
70 72
17 86
5 42
23 96
5 19
38 100
15 26
19 61
84 1
84 24
44 57
25 61
2 73
68 65
54 43
14 76
80 1
61 16
44 71
66 37
21 40
88 90
64 100
6 38
79 29
75 5
88 37
61 100
39 89
72 14
40 99
44 92
57 79
42 33
41 22
70 9
72 20
64 76
18 67
39 98
21 86
39 49
70 99
20 87
27 26
87 61
49 75
90 26
97 64
48 67
59 86
80 57
11 14
98 23
93 43
62 68
63 20
91 39
47 91
76 28
40 11
43 76
18 49
23 20
49 74
90 79
47 96
20 36
68 25
32 23
86 58
99 27
73 54
71 7
93 13
93 45
58 2
7 100
64 15
97 39
93 6
52 67
40 24
9 10
6 26
71 83
68 63
5 89
69 7
64 71
69 29
57 88
41 1
55 1
52 35
49 9
76 84
50 96
3 37
68 96
81 32
71 6
52 49
3 24
84 35
99 63
54 34
30 23
79 23
6 97
26 52
77 42
74 91
26 5
18 81
48 79
47 22
95 39
14 23
54 3
58 57
91 86
36 78
93 81
32 40
8 21
84 96
17 31
56 69
29 22
31 84
9 88
58 70
88 32
81 72
7 92
15 2
41 53
70 35
10 44
23 82
76 63
70 61
8 53
97 81
54 17
58 87
30 70
9 13
18 98
67 34
44 35
28 9
41 60
76 6
58 57
82 52
70 16
97 34
90 68
2 7
24 82
55 54
68 63
56 40
80 9
68 36
98 13
73 57
97 98
33 67
39 92
1 99
18 6
88 49
15 32
20 10
72 40
47 63
58 28
97 62
66 62
13 18
7 100
4 80
33 18
19 39
98 35
59 1
12 70
11 69
16 86
55 39
96 65
1 17
7 28
31 21
43 3
12 65
96 28
73 67
92 98
87 63
11 84
35 77
24 82
71 59
20 60
89 75
56 65
57 78
12 86
89 70
94 73
5 69
92 98
41 68
46 8
63 30
81 58
79 72
42 42
31 79
70 95
5 42
100 98
21 20
61 15
51 67
16 5
35 31
80 28
58 94
78 61
49 73
59 65
88 99
70 22
34 28
51 68
78 9
49 21
15 90
47 59
76 80
21 5
62 95
21 45
57 39
39 87
58 14
37 36
26 73
34 9
78 28
55 34
64 84
20 22
69 42
17 37
99 73
53 92
37 15
76 78
31 28
13 8
56 31
11 94
72 2
42 21
29 53
60 36
73 98
47 48
19 34
24 17
8 89
94 16
84 80
59 61
34 88
63 90
92 81
56 53
29 74
80 85
15 57
26 80
73 19
43 73
19 58
50 11
76 19
48 40
63 33
42 1
44 72
70 25
59 11
91 88
50 72
62 74
66 43
41 20
8 82
34 73
57 24
13 20
21 95
90 48
75 38
71 41
29 85
80 89
77 49
27 40
24 29
93 3
29 41
51 17
63 41
24 4
2 47
22 58
19 88
72 81
66 72
54 88
93 76
7 27
14 95
91 95
46 40
40 64
46 40
24 95
40 100
38 15
37 25
29 41
44 31
78 75
65 97
82 69
47 5
53 30
13 43
96 64
48 52
96 78
23 22
44 12
58 17
49 65
100 1
67 97
82 89
28 65
93 71
18 24
44 7
87 42
77 1
32 32
30 38
70 9
88 30
54 2
58 95
52 15
2 93
50 79
64 47
42 91
99 38
96 91
30 12
17 16
40 39
19 48
98 30
57 87
97 39
26 51
83 91
41 74
48 20
73 52
53 90
26 88
85 52
