100
9000
86 35
19 93
51 39
64 7
45 94
36 47
2 13
12 19
98 62
23 31
100 42
9 44
91 43
11 51
11 56
71 82
52 85
78 40
66 27
81 35
26 20
86 100
18 80
60 27
75 81
20 100
23 58
20 5
70 73
96 31
46 54
62 1
66 50
47 98
39 88
98 60
44 90
68 32
95 63
46 28
11 97
29 14
70 21
18 41
24 18
78 79
23 22
86 6
66 1
77 52
76 63
65 63
100 45
100 68
44 69
37 60
57 86
13 28
24 21
87 65
75 28
55 57
96 57
87 72
27 3
19 79
88 91
66 22
36 17
55 72
66 38
28 49
90 19
6 42
47 96
56 56
66 24
96 99
77 24
98 39
78 7
74 81
36 42
11 99
39 47
87 30
4 8
77 13
47 67
25 18
55 21
37 20
11 35
94 59
26 47
32 72
19 100
96 64
35 49
12 47
31 74
53 85
1 73
29 55
53 69
92 70
84 88
18 5
86 75
14 18
77 72
17 23
68 70
99 42
51 87
56 68
41 40
60 9
91 46
84 30
6 41
95 40
86 88
95 32
21 15
68 79
26 50
29 5
4 14
40 79
73 74
69 59
66 65
37 53
17 44
45 3
6 66
78 36
56 95
48 65
42 91
35 34
46 12
26 25
92 90
64 83
98 18
28 14
67 39
53 60
16 36
95 7
93 63
37 42
47 18
35 48
12 37
35 18
33 92
99 91
51 3
17 79
86 67
49 34
83 68
98 84
39 37
61 58
18 3
100 18
63 48
40 47
26 73
61 99
74 47
91 88
91 55
95 9
52 40
45 1
26 100
10 88
23 64
69 53
76 65
22 36
98 92
20 69
88 16
61 33
79 23
64 20
39 35
73 72
82 89
47 7
51 50
29 90
39 31
42 95
93 59
72 38
28 98
13 79
40 78
58 95
70 71
74 23
76 30
4 54
91 42
5 29
64 41
41 12
7 88
7 31
70 79
64 37
84 27
43 89
83 94
9 92
17 79
96 73
14 68
53 4
52 60
80 95
68 50
47 21
10 23
34 79
75 87
71 62
92 27
95 28
31 11
14 40
30 41
42 25
15 73
22 8
19 42
70 43
28 54
37 63
12 5
84 8
83 90
74 1
82 58
16 39
60 62
42 49
72 19
11 2
90 61
63 15
12 90
65 30
75 19
29 74
12 9
29 53
40 49
72 68
32 72
2 80
94 97
22 69
60 7
100 10
36 1
58 85
71 66
28 81
26 27
21 82
58 98
53 3
50 50
60 20
30 81
6 7
81 2
49 48
6 59
3 93
83 76
7 97
35 24
22 63
89 56
16 13
95 9
18 38
55 39
46 14
30 58
89 41
75 56
20 81
4 23
49 61
2 42
16 20
96 85
75 54
26 24
13 70
20 9
98 92
40 96
8 17
22 60
55 81
1 61
89 39
63 15
53 3
27 87
80 79
88 17
69 21
66 57
48 37
93 22
94 13
26 26
28 31
29 87
31 12
33 70
53 83
53 70
51 14
22 75
39 32
12 50
86 82
4 47
35 69
65 71
24 82
68 9
75 58
32 72
22 8
58 9
20 23
62 74
29 35
86 12
53 27
26 41
55 2
85 79
89 60
93 22
18 30
43 30
76 77
90 24
35 89
30 42
83 31
93 72
25 3
57 13
4 18
3 67
86 79
93 96
62 39
90 80
71 47
69 19
84 48
93 16
1 96
23 88
14 40
34 38
88 24
26 23
54 6
93 39
47 14
76 90
77 49
42 73
15 23
39 89
44 74
33 6
47 95
80 21
29 12
46 15
15 79
92 47
12 19
67 78
22 63
5 26
94 63
14 9
42 63
78 15
54 61
48 57
6 7
49 41
1 29
91 71
66 96
36 50
62 9
9 32
86 7
57 32
93 58
63 54
6 45
38 49
69 72
46 70
42 17
52 96
99 38
33 42
94 15
74 5
15 86
65 64
17 76
54 46
67 88
71 52
22 5
28 68
58 53
4 73
65 30
92 10
47 65
47 22
34 61
52 88
90 17
40 7
99 12
82 71
59 51
46 54
33 33
71 67
66 17
22 17
97 10
88 90
20 95
33 72
96 58
57 26
54 33
51 26
71 32
50 65
56 63
24 16
75 20
64 63
41 34
20 31
36 48
98 13
23 96
52 55
72 12
79 86
86 15
38 44
67 73
27 29
36 9
4 40
30 45
28 65
75 74
77 74
69 21
13 91
35 26
40 48
30 61
54 54
3 48
55 44
59 51
32 39
50 65
33 38
81 58
37 91
58 52
92 21
83 32
63 85
24 57
39 5
76 55
47 19
51 31
44 14
2 72
35 64
35 67
59 100
96 22
70 96
64 49
10 41
96 45
46 74
38 82
35 35
95 74
22 42
49 45
21 69
80 24
57 73
17 59
3 82
34 97
42 76
65 25
68 62
14 98
83 16
75 61
73 48
31 88
97 92
60 81
6 60
40 89
72 63
68 96
43 65
6 38
42 91
24 55
19 62
66 15
71 40
23 46
43 55
6 76
80 53
12 31
74 50
64 71
52 5
10 58
84 3
79 84
32 87
39 6
49 28
79 86
40 76
18 81
85 42
2 79
6 47
14 78
78 18
100 16
42 10
19 8
58 6
86 73
45 84
94 41
83 40
4 9
38 24
33 10
16 50
79 50
95 69
66 12
3 56
27 42
55 51
38 37
13 31
40 17
40 8
60 26
27 22
6 46
7 61
87 94
32 23
88 53
43 30
56 64
37 74
19 89
82 91
11 1
82 46
12 26
96 13
16 20
48 66
39 41
97 35
88 3
77 93
59 99
77 5
75 93
9 59
61 27
91 24
92 40
38 43
5 20
96 63
66 99
29 87
7 64
12 74
77 2
13 52
20 32
90 99
66 69
88 86
26 84
62 20
17 73
43 21
91 22
47 27
95 19
39 21
94 34
84 30
3 22
15 28
89 27
94 57
63 31
57 17
41 54
53 39
51 32
6 15
95 22
11 79
48 73
17 90
90 53
38 13
13 17
76 9
17 20
8 98
38 91
48 99
99 43
85 89
87 12
98 20
97 26
17 37
78 62
11 31
72 75
87 24
93 9
65 70
74 52
19 96
94 89
11 11
6 23
19 25
37 25
72 10
57 24
25 65
6 74
88 78
49 84
85 57
1 8
66 2
29 30
60 72
57 30
5 86
39 91
77 38
48 12
97 50
37 46
55 18
62 15
87 43
15 77
17 76
28 73
3 25
62 35
60 13
90 15
97 84
21 50
86 98
53 66
22 74
61 80
26 65
62 17
50 1
90 88
62 30
29 58
68 59
56 5
18 39
36 32
26 24
12 8
51 54
45 42
15 74
49 46
46 68
63 16
1 98
70 40
43 95
95 14
94 83
43 61
71 2
30 67
12 15
70 6
40 87
27 21
32 2
45 56
100 63
4 52
7 75
97 96
50 70
84 94
77 90
23 90
41 38
40 40
96 62
32 22
78 3
53 88
37 84
31 98
35 23
17 45
35 83
64 78
76 49
79 48
2 22
1 97
20 29
34 17
95 60
98 62
33 65
81 9
65 56
29 92
70 2
35 99
4 67
61 61
43 56
38 37
47 32
44 52
45 72
1 72
73 77
83 56
49 24
91 77
50 84
32 45
96 87
46 38
74 100
61 74
92 85
54 3
97 71
1 22
88 56
36 90
75 87
62 89
75 73
30 44
90 38
77 57
36 13
68 5
29 61
58 98
95 66
2 90
94 25
78 4
79 22
82 52
53 70
76 70
59 70
7 3
47 43
14 94
80 88
21 90
49 51
11 40
91 34
16 19
73 77
93 70
33 55
51 57
88 5
28 100
33 85
32 15
10 22
66 90
72 88
70 100
52 65
12 35
78 46
90 72
22 16
82 26
22 23
43 38
39 88
96 76
17 40
98 33
69 54
1 78
41 4
92 79
50 29
86 60
73 31
84 66
3 41
28 81
40 26
82 36
52 77
100 97
72 66
53 77
7 27
4 76
8 33
40 70
61 78
33 41
45 2
55 18
89 93
65 28
86 23
47 56
10 85
22 35
97 48
12 93
15 32
78 64
88 72
26 46
93 58
44 7
76 42
78 88
80 33
43 17
32 87
21 26
7 82
88 73
99 51
65 16
21 43
97 27
100 89
31 47
60 64
87 63
85 94
46 1
55 99
22 31
99 80
78 6
95 39
6 79
37 46
70 4
85 20
100 19
78 50
13 68
76 2
95 75
100 29
61 97
31 90
9 82
32 44
19 58
15 56
75 72
23 12
87 34
71 8
43 19
25 24
44 30
81 53
84 38
57 85
15 87
42 9
61 68
4 39
81 44
100 56
9 84
7 14
49 31
9 30
25 24
8 52
6 66
88 22
18 45
63 18
63 71
18 9
61 52
76 89
10 15
79 58
92 16
33 57
22 65
44 65
41 64
70 76
68 15
38 1
2 48
54 24
34 98
54 65
95 32
95 78
7 32
44 87
97 16
77 33
61 56
43 32
30 99
79 51
70 69
62 86
62 55
62 80
28 86
38 73
27 77
22 43
22 76
71 85
42 53
35 23
26 81
78 44
11 39
66 18
82 40
87 29
89 48
62 71
90 52
28 53
51 89
84 85
4 92
63 33
83 97
56 72
19 66
25 25
73 46
36 51
96 19
36 81
5 42
93 35
91 85
99 24
52 12
83 42
49 29
28 42
44 81
97 3
3 32
57 19
67 8
71 48
52 65
3 59
31 19
23 99
75 14
54 56
80 18
45 2
22 1
12 14
97 72
81 4
16 95
51 44
97 94
20 20
4 98
20 66
54 70
86 5
68 67
72 42
39 100
21 32
29 93
52 12
27 21
72 77
12 16
76 25
28 84
41 41
97 64
19 4
73 59
31 79
12 20
18 57
49 8
91 59
46 75
22 76
66 62
60 96
60 30
35 44
96 12
23 100
8 53
4 80
84 24
48 80
65 83
30 4
82 75
58 43
29 28
2 23
60 95
100 54
32 79
28 11
2 41
8 77
85 56
69 73
37 97
72 4
67 57
87 52
36 75
86 20
42 95
29 20
77 20
41 70
40 81
20 15
27 65
27 80
23 92
37 71
33 93
97 21
42 45
71 15
73 62
23 76
76 38
6 87
69 93
37 41
66 31
96 53
79 37
85 74
64 96
27 28
67 61
38 30
83 78
33 34
46 99
52 52
4 33
88 2
48 99
76 50
30 27
95 41
30 77
26 96
38 80
84 5
90 33
7 49
71 11
2 79
65 56
59 56
8 29
89 33
76 61
53 90
31 87
92 21
18 82
74 97
63 77
89 97
47 81
17 81
41 4
6 10
49 18
91 51
4 71
12 77
9 32
60 19
93 66
73 87
75 43
78 98
11 80
29 1
17 38
83 50
26 5
67 76
5 6
22 74
84 29
55 34
48 39
62 71
3 63
18 50
52 17
31 6
77 62
95 34
59 7
38 89
73 46
79 34
67 38
79 39
60 69
41 79
52 59
76 91
22 88
21 39
55 96
29 87
50 48
9 54
94 75
9 29
61 5
10 48
77 80
43 29
66 37
20 99
54 64
36 6
63 56
96 39
60 74
11 38
51 80
69 49
79 23
93 57
22 6
7 43
45 43
84 39
5 31
96 54
13 85
95 27
8 7
98 100
33 10
39 65
97 88
62 37
83 12
18 45
6 23
32 84
82 88
97 4
65 61
76 64
97 44
58 69
54 54
16 86
24 30
29 15
90 44
9 79
16 66
99 95
45 99
19 28
98 17
64 97
10 55
68 64
67 6
92 66
59 48
84 50
23 78
24 39
2 30
82 77
87 53
85 10
18 16
38 59
56 82
41 23
51 99
53 21
41 72
85 15
81 79
67 66
63 64
34 82
51 37
90 69
12 62
9 6
62 15
53 12
89 24
18 67
92 27
76 46
48 84
31 61
93 88
72 54
98 88
63 29
85 83
59 69
75 45
64 13
83 36
8 57
67 17
21 73
67 54
7 95
22 31
98 20
26 49
9 77
60 35
13 82
60 29
95 27
64 19
61 14
82 86
2 7
65 38
23 26
59 4
30 24
41 82
34 56
35 57
58 33
74 98
68 97
88 78
58 25
60 26
87 36
57 48
65 31
43 14
78 23
58 25
99 26
17 8
63 27
1 61
7 26
13 14
19 95
68 63
15 86
21 60
82 42
51 53
89 73
67 22
95 5
3 70
86 40
49 14
66 83
81 31
43 63
34 11
64 89
21 34
28 57
19 68
59 41
17 78
70 85
1 83
66 94
17 80
100 75
39 12
64 74
87 6
21 80
75 67
3 89
89 42
7 67
4 66
52 2
86 79
94 20
99 62
54 97
61 24
64 48
55 4
7 80
50 45
25 14
33 13
87 80
67 48
9 6
21 38
9 74
82 30
18 73
51 32
2 8
28 19
93 69
100 64
4 74
88 49
66 92
84 21
46 62
95 9
30 51
20 2
61 82
96 65
100 92
36 20
30 28
4 45
48 43
13 76
71 67
79 59
3 67
76 76
45 85
73 89
44 3
59 97
14 68
35 36
60 33
49 68
100 57
93 37
91 75
93 44
26 46
51 73
39 46
50 83
71 71
48 54
9 84
59 66
7 55
72 96
41 91
46 3
24 2
89 40
9 81
34 43
66 78
38 85
65 51
22 3
56 18
48 37
100 95
97 54
3 67
11 41
28 92
8 20
25 44
9 55
87 60
3 17
87 20
20 72
89 43
44 59
32 95
18 1
32 1
30 1
97 15
6 32
4 64
73 5
9 37
69 58
45 73
94 57
49 34
14 17
68 54
72 83
36 21
60 74
71 62
36 29
73 76
28 54
33 65
35 14
54 83
70 69
72 76
29 59
86 50
29 38
78 80
69 82
27 51
16 88
11 44
5 72
73 20
80 48
44 43
58 40
41 58
60 55
10 97
62 75
72 65
50 15
39 21
60 94
38 51
30 76
88 1
76 17
32 21
42 78
94 71
52 49
89 88
57 91
17 94
83 72
41 7
96 69
69 38
94 43
96 90
41 5
77 73
19 73
78 39
34 5
16 28
2 55
9 40
50 58
89 87
15 83
29 72
94 46
99 89
9 34
13 43
79 85
18 3
48 82
55 87
22 84
99 9
24 99
57 81
74 44
79 35
63 45
8 83
67 79
9 18
55 10
1 47
24 66
100 45
62 76
1 98
99 2
62 20
27 10
96 97
35 17
6 38
84 7
53 18
16 96
9 23
18 3
41 49
53 73
67 44
18 38
78 51
17 16
28 72
50 77
66 11
5 10
74 55
27 15
4 98
67 73
5 55
51 3
62 78
10 55
52 78
19 9
77 35
29 20
43 41
65 20
40 31
9 13
73 46
80 68
8 94
58 86
29 98
100 75
65 87
8 11
53 88
78 4
48 16
94 11
6 92
53 17
76 94
46 78
88 47
46 62
26 51
46 82
10 43
42 11
59 80
96 100
63 55
44 71
93 61
13 96
80 77
99 29
53 41
23 65
13 18
15 29
42 20
87 82
44 60
87 5
70 67
73 39
63 58
17 12
41 34
51 66
38 92
51 76
80 78
63 88
11 66
56 91
69 53
39 50
23 70
29 89
84 16
6 59
7 92
93 45
18 56
40 25
92 85
99 81
67 84
62 44
88 68
85 9
24 93
2 65
97 73
17 68
99 35
2 27
57 84
69 27
57 47
51 58
26 2
16 49
30 40
28 54
7 13
83 39
35 75
90 91
80 34
41 84
34 29
33 66
76 20
75 19
71 13
26 98
23 61
79 16
37 91
83 76
16 58
20 20
61 2
29 53
52 38
24 43
1 14
73 93
28 71
69 52
92 69
45 24
95 85
97 85
8 50
77 78
11 50
35 58
6 62
22 82
82 65
85 82
21 41
26 92
91 83
36 15
68 84
7 94
58 16
77 95
59 21
82 2
80 80
91 99
50 8
81 42
61 37
32 92
85 33
65 61
89 65
28 21
89 32
12 14
51 69
14 90
77 1
75 25
56 21
80 71
31 60
30 60
88 46
93 81
8 66
43 63
70 59
27 21
100 10
53 65
53 97
10 77
70 80
51 36
48 20
95 24
74 7
59 95
62 14
4 90
5 76
93 27
94 5
21 38
70 60
96 80
16 90
20 11
6 45
20 76
39 75
36 18
21 77
28 95
98 80
82 34
64 56
50 8
53 61
54 93
54 21
54 32
41 75
83 98
34 65
32 69
95 56
23 24
30 23
49 35
65 41
82 10
28 84
76 67
80 76
57 4
92 59
24 99
55 5
18 82
17 92
86 4
13 29
30 77
71 37
95 26
31 65
69 32
73 98
94 16
20 55
56 53
27 38
18 23
32 76
14 48
5 60
77 1
16 73
47 68
13 81
71 86
82 76
93 42
35 15
1 7
77 15
27 17
50 63
10 73
21 66
25 7
62 15
88 90
97 88
83 18
40 94
63 88
89 80
49 94
22 69
90 38
18 95
41 87
22 37
1 19
13 76
66 3
78 10
62 14
84 97
68 61
97 8
21 19
27 12
44 3
69 78
25 59
86 68
25 52
23 38
85 49
45 20
89 2
24 34
20 95
10 77
20 73
72 55
65 26
78 28
10 9
76 99
24 61
70 100
72 99
83 28
2 98
39 53
70 57
90 74
91 82
45 31
40 41
77 20
64 41
62 87
1 39
38 19
62 19
56 11
64 5
74 64
51 88
63 92
72 28
47 50
24 10
59 56
28 65
39 34
97 61
73 82
54 79
51 31
23 20
3 22
98 25
3 96
61 75
87 50
35 81
37 32
84 40
26 90
30 76
21 50
78 93
97 12
34 54
32 78
48 51
26 25
11 5
4 37
65 71
52 69
19 15
38 68
27 29
12 91
12 63
36 40
88 89
12 41
40 16
84 52
63 92
34 22
56 41
16 88
82 5
9 5
7 22
74 86
18 70
88 16
74 33
35 77
69 32
67 11
68 82
76 41
48 20
98 73
59 1
1 41
47 32
72 88
8 8
63 58
5 56
65 94
19 32
51 27
85 100
25 58
78 5
5 34
81 45
23 47
27 9
22 30
72 34
45 87
63 88
56 96
85 94
39 53
63 7
9 57
85 82
6 38
78 19
18 99
19 91
32 63
55 22
4 65
43 49
97 55
66 81
42 96
96 15
26 34
86 62
24 41
57 33
66 49
3 44
6 99
79 66
43 97
89 18
89 66
59 33
82 6
47 35
50 89
10 89
9 9
8 50
59 53
57 59
2 70
100 21
75 4
98 53
11 38
8 57
52 12
66 51
20 34
75 4
96 68
92 94
14 51
79 15
76 6
84 87
51 31
78 70
65 73
70 79
73 62
79 21
73 72
55 1
21 52
72 22
20 51
91 54
85 73
40 46
86 74
55 70
81 84
99 9
57 13
65 18
21 59
94 39
10 1
44 82
97 63
78 63
1 53
61 50
7 64
21 78
72 62
83 29
49 90
89 52
89 81
47 72
99 100
98 61
99 23
80 17
34 57
91 15
96 35
87 22
88 13
15 60
22 13
28 37
8 15
31 43
51 45
24 23
75 77
99 41
83 37
73 12
34 35
6 42
97 90
17 83
10 43
16 30
27 37
2 42
57 10
89 16
14 52
34 4
62 99
95 55
95 92
60 2
21 13
43 58
13 19
91 63
53 17
58 75
32 4
49 3
29 96
30 67
96 74
29 76
7 58
31 20
93 75
3 53
37 89
17 84
10 71
21 99
71 32
91 78
41 21
96 7
67 81
14 88
78 88
97 94
46 43
55 90
40 81
11 12
72 57
97 44
28 35
73 29
8 88
68 43
54 53
10 78
88 88
60 14
61 80
57 51
96 67
34 54
75 44
11 52
38 42
63 96
15 64
18 81
22 63
31 65
99 31
54 68
13 87
4 4
19 86
87 62
3 19
40 71
63 86
91 91
41 86
26 82
12 99
4 71
19 25
62 63
99 21
26 12
10 66
83 6
9 84
2 86
98 21
28 81
10 77
93 45
67 91
11 11
86 86
62 50
16 91
85 30
17 37
26 100
99 76
35 6
83 31
61 50
48 98
77 9
67 59
95 19
43 42
20 59
59 30
72 40
89 95
37 79
5 87
27 48
82 99
50 31
2 43
30 18
62 73
28 83
87 70
59 33
21 7
50 76
88 12
3 73
49 96
60 63
13 3
65 100
51 55
95 43
77 1
32 18
64 23
71 2
87 59
16 24
29 3
86 70
12 89
16 20
66 64
41 81
87 95
42 7
75 50
78 26
28 69
8 21
87 10
21 16
84 52
41 5
15 2
11 99
74 13
20 75
15 87
80 11
68 86
82 99
49 56
15 15
42 71
60 72
64 24
27 22
6 24
38 96
5 99
34 68
17 40
49 86
10 70
86 61
9 37
16 95
29 76
4 40
15 55
10 82
46 69
58 69
23 90
34 77
48 54
27 97
82 7
2 52
69 36
24 72
13 45
80 15
23 76
40 45
59 13
15 42
72 29
72 100
91 87
95 90
12 72
61 48
66 62
92 11
56 84
5 75
64 6
6 93
17 63
75 51
14 45
25 82
38 4
85 47
42 72
76 65
87 5
11 38
60 100
57 55
48 57
45 13
49 7
18 38
42 6
5 48
55 40
41 45
96 50
83 14
91 95
32 70
72 14
100 62
73 56
51 24
27 49
92 40
75 18
47 60
63 76
66 82
82 15
58 41
85 14
32 12
37 22
69 53
69 6
16 76
6 82
42 26
40 70
71 38
41 74
71 87
92 52
11 70
24 51
6 26
56 77
82 34
72 40
95 97
25 68
73 51
83 3
63 46
50 20
26 9
36 18
14 4
26 44
75 43
1 61
63 91
12 62
97 76
10 52
92 25
64 11
43 20
37 95
81 41
68 71
17 74
28 56
6 33
46 82
65 48
7 64
34 61
71 46
33 17
65 61
4 10
55 96
51 87
22 94
3 81
43 42
66 2
8 46
88 41
81 43
74 94
15 6
81 95
31 53
41 53
24 34
67 47
97 86
65 63
58 60
40 89
36 88
37 68
68 57
76 30
43 26
65 66
23 73
98 26
58 81
2 55
45 16
16 26
49 78
38 63
81 65
85 46
92 91
59 60
41 73
37 86
24 22
45 15
45 36
28 22
59 7
57 14
56 38
32 14
42 92
32 75
89 94
35 92
89 53
55 22
86 97
2 48
90 81
37 36
18 32
7 71
21 5
4 80
55 15
6 42
46 24
80 40
5 80
71 85
97 46
31 51
76 77
37 93
29 70
10 4
46 83
100 51
36 30
94 50
60 16
82 33
38 96
40 5
81 9
11 60
77 65
35 57
86 80
23 14
8 55
38 13
73 58
96 62
87 51
22 44
43 73
5 98
76 99
60 78
9 74
77 88
19 96
14 56
78 79
94 73
14 66
37 54
28 2
84 74
95 32
78 45
2 87
65 41
99 64
3 73
8 93
7 62
100 41
16 16
100 57
50 87
58 39
72 49
2 35
19 90
52 17
44 64
69 35
11 91
52 53
38 20
79 9
14 18
41 90
71 90
24 2
87 26
100 65
52 62
12 44
1 73
85 44
13 83
26 93
33 50
18 87
47 26
22 51
21 19
78 20
93 84
77 85
23 52
91 47
57 20
46 25
3 54
66 99
78 54
100 6
8 16
57 19
71 39
31 31
29 82
11 13
47 59
6 78
99 59
47 45
59 24
89 98
39 22
24 11
69 30
11 94
99 3
72 31
77 19
45 16
4 100
14 86
8 29
15 19
27 61
16 50
92 97
28 2
45 88
86 46
99 81
2 87
45 31
56 2
27 92
61 63
99 73
73 74
27 27
69 31
76 34
41 20
62 82
7 88
55 11
82 78
78 86
18 73
35 58
22 94
80 79
17 24
42 25
84 7
61 53
44 66
29 68
86 35
79 94
39 87
38 8
30 56
61 8
63 71
27 26
30 25
94 83
53 84
68 1
26 54
48 92
28 17
98 32
100 40
19 7
70 8
78 79
94 21
56 61
63 65
85 58
47 55
76 22
76 74
71 69
48 32
70 72
11 18
100 22
61 3
31 44
40 62
32 21
62 100
28 77
30 30
22 72
5 10
97 32
3 69
98 8
15 99
4 52
34 52
3 84
92 69
23 55
52 62
50 15
46 7
55 100
51 91
44 36
97 20
60 57
54 52
34 84
35 18
13 67
56 55
1 79
40 79
94 85
33 45
72 6
29 14
61 9
77 69
60 77
100 66
76 8
48 88
65 91
78 67
12 81
87 96
18 62
77 82
63 17
7 87
97 12
80 4
79 73
99 69
89 5
62 89
95 91
21 59
42 97
68 32
3 37
68 26
91 13
62 30
28 58
72 44
95 13
81 39
17 29
35 98
83 67
58 87
51 35
83 93
56 4
84 40
68 18
24 33
56 43
35 85
20 12
97 99
18 19
24 48
29 41
22 52
90 61
75 12
49 82
7 99
26 53
28 93
76 27
88 99
40 29
88 36
51 100
53 81
51 34
16 73
27 28
95 77
22 9
94 78
12 15
54 98
54 66
37 15
21 3
67 54
95 38
20 61
74 70
48 44
68 67
29 74
41 66
17 80
9 56
69 29
69 9
48 22
77 20
53 14
75 52
93 96
43 76
7 80
42 92
82 55
94 58
58 20
79 29
100 13
90 62
29 36
28 47
74 12
90 80
97 22
58 89
79 57
83 69
43 88
71 65
70 52
21 37
64 94
80 70
31 4
91 60
4 23
22 32
32 25
19 38
11 28
78 46
56 97
65 33
24 42
34 89
15 34
60 19
30 58
49 67
31 28
100 91
98 23
14 15
11 22
37 81
23 72
44 5
90 63
71 46
66 100
26 16
56 25
87 39
35 10
9 41
100 61
23 94
31 81
93 53
20 30
3 56
12 98
18 19
4 99
99 9
74 23
63 91
12 41
41 19
1 66
28 49
92 75
29 16
51 95
75 66
82 12
18 46
100 20
98 38
9 41
41 99
68 44
84 30
2 64
67 35
45 100
48 63
49 95
38 100
62 3
72 19
9 74
6 21
42 22
25 29
48 47
77 100
2 6
73 60
69 34
91 4
79 38
54 88
79 65
83 67
38 84
5 50
65 99
30 62
79 1
28 5
48 69
100 52
30 44
85 57
68 63
23 28
6 11
95 67
32 92
80 37
45 100
80 92
21 25
88 31
41 49
5 86
29 41
78 54
87 47
99 85
53 63
42 49
10 52
88 79
95 33
94 67
3 63
84 4
65 43
17 21
44 74
80 8
88 16
30 85
37 40
96 73
51 49
96 62
56 54
4 13
58 38
83 10
87 10
44 90
65 11
70 3
79 30
17 73
59 75
97 73
39 11
100 93
76 37
24 38
51 48
94 92
59 63
63 93
68 71
41 6
67 92
98 11
44 37
72 72
43 19
56 79
89 71
26 24
46 82
61 15
44 10
3 59
40 41
98 24
8 30
51 67
45 78
11 62
81 73
48 59
98 48
38 85
5 43
26 50
61 38
17 60
34 65
51 74
70 28
85 38
95 11
54 4
52 68
73 21
5 66
30 92
54 94
22 43
29 68
10 69
94 96
32 10
33 93
60 35
31 49
87 82
68 56
40 2
39 79
70 18
49 20
42 48
86 97
58 84
12 47
85 78
2 70
24 28
52 24
59 74
20 35
36 66
90 67
6 41
21 31
21 36
62 16
25 3
60 77
83 71
88 26
1 70
15 14
65 38
29 5
20 7
4 82
79 84
63 59
1 33
34 18
90 65
6 40
83 37
29 60
65 69
58 56
83 90
51 79
70 21
92 22
22 17
88 97
57 92
84 98
4 59
72 45
33 60
14 84
38 16
25 69
99 2
85 19
73 88
12 32
66 1
52 95
65 70
66 52
39 82
49 11
28 9
32 50
62 3
12 32
47 14
3 44
52 10
90 88
94 87
58 13
29 50
4 93
91 4
8 86
96 44
46 24
8 9
53 65
70 60
61 18
74 76
55 53
35 76
13 70
87 6
61 98
37 89
92 45
41 55
93 76
47 23
52 99
94 91
59 81
56 49
44 44
26 18
11 87
26 71
93 95
74 80
9 16
27 89
23 46
55 8
7 71
63 86
36 12
30 85
25 74
69 38
43 77
100 2
61 79
44 21
47 77
72 59
64 1
43 68
28 85
89 98
88 88
91 70
87 83
97 17
16 75
11 95
18 24
32 64
15 79
87 29
55 97
52 3
53 91
49 84
40 13
17 41
65 34
24 97
18 82
54 3
7 55
21 60
43 38
36 99
14 40
35 88
1 14
83 22
96 65
13 70
13 9
55 46
51 63
70 48
33 1
79 12
34 28
99 38
9 7
100 37
13 8
39 30
20 79
58 65
6 66
16 86
58 98
90 71
33 14
38 97
84 84
82 82
35 29
5 39
24 63
91 32
74 92
31 15
87 6
83 47
51 61
32 49
49 72
26 47
36 94
48 77
87 49
34 37
88 69
32 42
51 88
30 83
39 29
89 72
3 25
12 46
87 8
36 44
87 91
41 90
52 60
52 51
47 84
98 24
82 58
100 84
33 50
40 69
66 23
6 60
75 65
60 34
33 50
84 7
60 14
32 46
68 24
89 44
70 75
33 42
40 58
90 2
4 45
63 5
61 76
38 6
97 67
73 48
80 69
20 79
24 51
41 19
21 35
99 74
50 26
92 33
59 94
36 37
9 64
50 86
1 85
32 93
27 39
20 68
87 58
12 94
30 90
45 7
4 61
87 9
6 56
86 8
6 56
11 69
41 11
67 20
46 56
59 3
30 9
67 40
11 85
17 55
57 27
35 73
5 38
60 4
39 7
8 29
96 75
41 92
76 51
1 48
79 70
56 75
16 82
56 77
9 89
80 6
56 18
87 19
61 9
20 3
77 50
47 83
54 37
81 35
94 98
48 70
9 37
86 99
76 41
80 41
66 30
79 28
76 35
100 5
57 66
35 10
59 41
30 81
95 7
24 72
25 12
55 81
88 49
72 93
63 31
34 19
15 59
93 16
73 13
83 40
51 50
34 5
26 22
26 54
38 20
34 98
44 74
91 80
53 86
9 57
30 95
58 100
34 60
8 59
19 29
20 88
87 16
97 83
40 62
56 82
31 37
93 30
46 25
96 57
47 50
30 34
89 86
35 58
77 75
5 20
1 20
64 68
75 84
58 59
38 9
81 86
28 5
16 59
58 60
91 11
22 46
54 24
54 28
20 39
46 55
25 80
81 43
31 57
5 70
9 37
78 35
65 31
32 51
16 66
79 93
23 81
97 53
80 14
20 50
20 8
71 12
65 76
46 89
27 99
59 28
47 32
80 64
34 20
95 83
29 90
57 66
17 91
47 1
72 14
64 8
20 48
47 39
65 16
9 50
81 38
61 82
31 60
80 26
12 15
66 90
2 68
23 68
96 42
69 100
54 64
80 64
49 66
42 65
9 10
18 10
75 43
19 29
66 8
14 36
98 42
14 84
62 1
92 65
77 80
67 65
6 12
20 57
35 89
40 12
22 6
6 52
8 32
18 13
36 31
21 23
16 54
41 24
61 79
19 22
37 27
51 24
48 89
39 21
55 61
46 6
70 41
87 33
7 14
58 20
84 96
39 67
19 79
96 54
84 18
95 84
74 23
36 4
30 66
50 11
90 38
2 33
70 19
19 32
81 29
3 76
74 1
57 21
36 25
28 4
73 66
100 68
34 64
3 31
40 80
41 69
95 56
65 99
99 47
37 34
44 5
69 33
41 75
20 38
96 95
33 85
20 85
73 27
57 79
13 80
39 48
43 94
58 30
77 73
73 59
76 55
95 50
17 57
76 95
30 28
20 72
61 16
28 18
47 84
48 92
51 21
97 5
71 47
67 82
20 44
77 89
99 48
34 80
21 91
27 31
88 18
7 57
41 28
99 44
46 35
42 48
10 22
42 1
69 61
57 59
49 100
82 35
53 82
32 22
37 7
56 81
2 69
17 46
84 64
4 40
58 29
79 67
71 91
48 44
10 44
27 56
3 82
21 21
18 92
11 77
89 63
2 91
87 72
84 93
69 59
30 22
71 75
59 66
55 62
20 15
57 66
49 44
97 90
2 63
52 70
91 22
8 7
93 5
6 84
28 17
73 10
17 82
70 15
67 59
12 6
59 88
85 56
33 28
36 87
28 1
69 40
89 47
15 92
36 9
9 10
36 56
41 34
30 8
82 60
11 44
65 35
84 44
40 16
17 91
15 83
57 94
95 68
9 8
79 86
84 53
70 96
48 53
73 40
71 45
84 100
51 65
72 22
33 74
6 70
73 61
99 94
2 92
83 16
28 100
51 19
43 58
90 71
91 73
76 95
87 43
53 83
4 29
15 53
19 67
85 31
3 87
43 47
90 95
49 64
96 19
79 1
11 61
35 32
31 83
2 41
10 68
57 14
22 6
55 77
45 18
68 54
76 37
41 27
50 29
47 65
43 23
4 93
15 52
93 2
54 54
36 40
36 67
10 43
80 74
20 48
44 75
77 85
25 3
46 91
15 92
37 33
28 69
91 52
17 86
48 49
8 22
43 48
36 18
11 29
25 79
16 25
19 24
99 95
90 36
36 17
53 94
71 35
17 47
4 85
64 68
38 63
43 36
60 10
73 39
57 9
60 17
52 98
40 76
67 75
67 35
28 79
77 2
51 71
61 36
81 59
70 86
26 88
58 8
18 23
83 74
85 78
55 37
57 2
88 23
44 99
21 94
51 72
35 9
8 69
81 88
74 59
64 22
59 86
55 51
55 81
93 23
88 72
60 7
93 26
40 38
1 9
89 42
98 63
12 73
82 25
59 38
100 49
6 37
93 59
32 98
92 13
100 38
26 6
32 59
46 40
39 22
47 19
39 54
35 25
33 55
19 15
75 2
42 4
76 72
57 59
12 31
93 56
84 39
46 40
22 43
92 17
57 82
20 47
1 73
89 6
43 6
34 11
41 94
2 88
26 50
79 49
7 33
56 80
98 19
62 57
95 81
63 70
71 33
43 83
6 99
7 48
98 63
52 6
42 51
56 64
49 94
88 43
5 97
85 34
51 9
68 11
91 52
77 19
25 21
20 81
20 64
55 30
27 63
98 76
1 57
83 38
75 50
81 9
66 14
10 97
78 59
89 67
46 88
54 74
45 46
57 15
7 98
14 76
7 7
92 100
53 75
88 30
41 48
79 94
53 13
58 95
17 50
80 3
78 10
58 27
70 23
42 52
73 31
62 9
98 22
58 17
33 24
77 46
31 41
18 92
3 86
18 54
81 4
49 75
28 5
98 28
48 11
56 17
69 70
3 74
2 37
5 85
20 48
57 35
32 61
61 59
13 33
36 60
6 44
21 89
26 38
62 72
19 31
84 9
43 65
3 7
55 32
71 19
86 14
12 17
36 82
61 68
2 100
66 68
98 38
26 6
49 14
16 6
26 30
87 89
42 73
53 74
62 54
20 62
50 86
73 55
22 74
29 74
31 92
53 50
40 18
24 75
64 77
88 20
70 26
11 87
58 63
61 29
40 85
3 26
43 13
7 9
6 32
14 87
84 72
6 22
42 76
72 27
85 9
86 64
21 70
89 98
73 88
41 92
100 37
21 96
26 50
25 85
12 7
14 36
42 29
67 81
4 68
100 87
18 34
60 39
16 14
58 44
81 37
70 4
72 35
32 92
42 33
4 41
59 63
2 86
37 18
88 94
87 54
28 82
14 49
14 29
58 79
48 10
24 68
34 98
40 45
21 38
76 22
99 87
99 4
99 78
74 73
31 35
96 34
25 24
69 14
97 10
69 42
28 36
25 27
44 20
65 87
48 36
79 10
79 74
30 84
32 80
80 7
16 36
95 78
20 96
62 60
66 91
81 85
7 4
97 58
80 99
87 59
51 73
26 94
28 80
26 14
26 80
46 34
16 80
31 57
5 23
59 35
80 3
100 47
27 30
78 22
12 40
48 13
3 6
56 58
66 77
48 8
95 59
19 25
43 40
80 80
72 39
48 32
10 56
2 81
4 41
81 4
32 41
22 29
71 64
12 80
50 44
34 33
57 37
76 50
53 46
82 36
58 74
45 82
16 1
28 38
91 68
52 41
50 75
52 48
100 19
63 23
93 52
2 53
67 67
24 93
71 91
92 80
87 23
37 77
36 99
69 37
100 15
43 55
70 40
36 79
26 4
30 67
82 30
36 75
21 4
30 40
89 33
52 53
58 47
56 48
70 84
39 34
28 16
73 83
88 97
44 48
58 28
24 86
20 33
98 45
17 27
52 40
29 5
53 37
50 96
66 44
56 52
39 39
55 25
30 88
52 40
76 80
29 100
92 35
24 76
74 61
86 72
21 85
46 48
73 73
97 25
15 52
13 55
77 99
61 26
86 52
59 15
53 54
90 67
49 12
63 39
79 89
80 97
55 99
95 1
9 10
54 74
80 86
63 71
29 33
69 43
66 82
53 29
17 5
27 50
42 78
57 68
38 89
68 65
30 13
7 27
98 29
54 65
72 88
76 33
71 27
53 21
24 10
3 52
79 11
42 89
74 25
20 54
84 78
34 86
41 5
8 43
15 29
57 43
6 90
40 53
57 52
76 99
5 44
81 35
4 97
90 53
65 10
98 12
92 45
98 45
53 89
36 43
47 17
30 49
92 18
44 5
99 93
49 63
87 51
97 78
18 14
98 77
50 100
63 31
27 80
32 40
27 79
48 56
94 60
19 8
68 62
92 97
62 76
37 9
78 31
75 90
58 48
40 67
28 90
71 11
57 41
22 59
70 99
45 70
45 48
44 55
15 62
56 17
21 8
26 30
65 24
88 91
64 94
95 36
54 99
48 12
66 57
45 8
78 26
94 95
85 84
91 21
54 56
65 3
100 27
29 91
8 96
24 91
69 69
60 58
29 13
39 32
68 67
64 46
14 61
73 31
47 90
36 37
64 49
78 95
14 19
54 15
70 5
71 22
58 74
52 46
87 24
43 76
50 56
59 73
55 7
34 25
8 88
48 79
75 75
88 100
14 41
57 63
86 65
9 45
31 13
77 35
54 32
100 27
55 90
93 18
51 35
40 85
85 98
7 34
38 76
13 53
26 44
79 90
8 92
32 79
68 43
44 27
76 90
34 67
46 78
42 8
36 15
87 91
27 55
79 92
67 81
22 96
18 69
68 71
26 53
92 40
4 5
27 80
91 7
60 31
97 59
3 38
78 39
65 71
76 25
76 59
78 37
11 12
32 83
91 63
35 85
29 94
50 71
70 48
67 15
91 2
87 60
21 70
17 65
93 43
25 15
62 42
48 49
63 95
74 59
17 4
29 72
83 73
72 54
56 12
74 33
30 99
46 97
23 19
73 3
98 87
67 71
57 66
9 51
96 6
58 56
68 66
16 26
96 42
6 38
33 17
58 99
69 90
70 95
64 22
52 64
64 42
98 56
85 69
17 9
63 22
68 11
71 79
46 47
2 28
95 92
21 29
79 38
96 100
81 97
55 45
60 81
38 35
67 12
96 5
52 4
2 86
73 62
88 22
84 82
83 6
96 9
12 80
6 42
98 27
85 90
18 52
20 44
87 66
72 94
89 4
13 62
19 42
59 16
55 49
2 18
27 94
71 96
97 45
19 37
96 74
97 39
58 82
65 63
61 25
8 99
89 6
70 50
87 25
99 56
24 93
71 62
39 10
37 7
92 54
89 62
91 53
46 67
67 14
22 36
63 93
23 79
22 88
78 71
11 62
59 97
10 15
67 10
4 68
93 92
98 23
53 72
44 80
2 20
70 71
55 64
89 14
79 48
29 63
43 74
42 46
17 34
96 93
12 40
12 84
96 59
89 68
94 44
67 44
81 15
76 8
6 84
26 97
62 97
7 99
48 39
26 4
94 53
89 18
43 11
65 39
64 50
95 38
75 50
59 59
95 69
31 13
56 86
50 23
78 98
56 45
72 85
48 32
67 44
95 55
23 85
9 78
36 16
66 4
58 91
97 6
72 3
29 18
8 37
57 97
82 68
91 47
36 24
80 15
99 26
95 39
59 15
9 79
53 77
95 89
81 88
97 83
45 17
79 89
29 56
97 65
8 62
4 5
96 48
54 60
50 5
77 66
96 26
79 54
53 87
100 80
85 73
89 10
69 70
66 91
71 59
21 97
53 54
57 60
77 84
75 36
67 17
49 74
42 78
7 2
58 62
38 90
9 94
4 37
50 89
23 1
11 7
46 75
15 99
20 30
41 89
70 87
55 3
76 66
4 53
15 82
58 80
46 91
27 95
60 15
84 6
2 33
1 42
34 99
34 28
94 25
54 5
58 9
40 40
47 45
8 64
45 36
17 15
27 31
2 61
71 21
41 4
34 67
1 17
30 90
15 97
19 12
48 49
16 40
61 48
38 18
66 70
42 96
24 90
22 77
86 6
51 93
4 41
25 7
30 78
72 57
85 83
19 14
3 58
1 3
7 76
94 85
65 24
34 97
94 62
80 10
93 10
93 62
92 88
42 38
92 1
39 78
18 58
95 68
73 45
26 9
95 32
62 42
52 41
20 22
6 5
82 90
87 15
8 25
60 48
98 72
16 51
92 68
87 57
73 3
57 29
78 8
28 12
94 100
26 95
80 33
48 94
7 83
39 96
17 79
81 7
33 11
92 90
90 43
76 56
23 32
41 28
83 29
67 59
4 46
51 86
86 55
47 74
21 91
56 57
7 94
42 12
84 65
98 8
2 49
34 81
10 90
2 78
11 76
88 38
14 24
13 14
88 24
35 22
58 15
4 46
25 78
14 64
95 91
43 43
33 91
75 74
7 67
92 26
84 41
61 43
29 34
28 52
14 17
36 17
80 68
15 59
59 23
23 38
54 5
64 5
80 59
16 77
87 98
2 78
46 59
12 77
63 42
59 93
56 82
7 60
77 21
65 63
35 39
35 65
13 18
34 63
7 77
63 87
16 8
49 85
3 73
23 93
60 14
48 81
37 69
88 77
23 8
7 48
52 89
86 59
66 89
29 36
80 88
82 87
3 24
19 59
79 89
90 56
92 76
44 45
69 81
30 78
11 57
32 34
92 61
85 32
19 92
3 18
58 61
47 15
45 85
54 5
78 85
54 62
83 21
52 61
1 81
66 79
6 63
63 29
18 19
55 74
15 82
85 97
43 68
31 18
82 15
58 74
82 60
35 9
18 54
21 73
92 66
64 70
49 77
64 62
93 89
70 21
16 52
68 68
6 27
21 17
99 24
89 25
93 29
64 26
72 43
93 93
41 87
34 81
58 64
68 53
1 87
98 53
32 33
33 39
95 52
34 38
29 95
96 11
88 27
26 66
25 43
75 2
21 93
15 48
50 100
40 97
61 44
100 68
39 62
54 76
15 17
88 25
28 55
74 14
66 70
68 13
46 91
97 7
57 70
59 54
61 72
32 2
4 64
16 80
87 89
83 38
70 59
45 65
9 2
63 86
56 59
44 49
65 99
12 27
91 22
100 71
83 32
33 74
47 59
74 41
75 34
40 100
90 89
59 81
79 26
51 70
87 97
7 20
24 13
70 93
8 67
31 61
3 53
4 48
11 46
71 43
18 12
7 35
78 97
76 11
55 95
98 27
33 53
38 52
68 5
54 23
30 70
37 20
87 90
94 76
87 80
26 64
88 76
41 15
28 49
22 56
79 60
25 18
89 55
93 5
56 75
97 82
8 92
81 4
11 69
70 95
88 23
51 81
55 63
89 53
79 38
70 22
85 95
3 49
39 2
17 74
15 31
81 35
68 74
83 27
9 28
16 34
33 46
31 1
84 6
10 89
73 67
2 37
75 68
4 100
82 41
93 95
73 77
90 88
39 61
38 1
59 45
99 87
80 47
26 86
1 28
79 33
26 78
27 65
75 77
8 11
56 3
49 24
15 99
61 74
8 74
55 29
29 17
62 90
64 94
41 75
94 28
99 16
2 9
18 18
18 26
47 34
31 97
56 11
85 46
86 1
98 65
24 62
79 41
60 26
52 83
100 80
50 27
62 72
23 96
36 39
46 84
53 81
65 51
97 93
5 58
26 42
1 90
89 4
37 84
90 72
36 90
76 70
46 91
58 46
60 46
65 64
93 46
62 76
78 80
4 29
4 22
22 55
45 14
76 69
86 24
8 2
96 73
55 33
98 74
93 78
28 90
92 63
92 67
36 28
59 33
1 64
36 65
18 63
36 30
35 90
71 31
49 39
41 69
44 36
43 72
45 69
67 90
79 12
31 67
36 67
79 31
49 99
53 27
34 65
66 13
98 99
29 93
70 70
19 29
61 86
82 83
60 28
53 11
80 72
82 96
57 40
55 69
81 66
81 12
41 2
47 62
24 74
69 37
15 23
66 32
46 20
94 6
35 99
72 15
45 54
66 95
36 19
37 6
85 79
84 41
23 19
46 63
70 67
42 95
55 30
31 88
69 11
40 3
91 22
90 45
49 80
39 92
32 81
19 62
36 19
22 83
28 31
96 92
70 20
45 11
40 44
64 61
10 100
99 63
28 76
24 99
3 58
9 26
8 56
22 54
52 32
75 32
61 83
27 99
73 43
55 82
56 66
98 43
92 12
42 71
28 97
37 83
13 90
65 2
64 94
11 4
76 67
59 4
54 80
12 90
25 8
39 43
25 89
77 15
100 36
16 37
94 75
87 23
39 75
13 52
97 85
79 86
78 43
60 3
36 69
9 17
91 10
5 4
88 95
16 29
41 69
82 32
56 33
78 21
93 96
41 56
2 46
51 57
31 54
42 71
74 42
39 45
63 49
47 6
64 88
22 86
11 22
71 94
26 36
61 33
30 65
25 52
22 34
30 100
86 51
51 7
52 85
47 60
26 5
64 64
54 20
3 8
72 41
8 2
11 6
17 29
22 18
97 88
49 53
5 30
51 75
90 38
33 82
60 42
11 96
19 65
98 10
54 25
1 8
49 98
51 45
86 84
85 41
97 71
6 43
84 93
35 22
28 88
68 2
98 74
41 60
74 50
42 70
14 16
54 19
59 1
48 47
62 23
15 51
32 94
31 97
30 46
14 10
90 93
18 9
67 49
66 47
73 81
86 30
60 41
66 19
15 93
71 35
65 77
79 57
6 32
90 70
62 65
25 96
43 2
91 57
85 67
40 31
33 97
81 52
11 93
55 70
18 54
30 32
70 4
30 36
90 41
61 79
76 75
27 94
78 63
4 81
87 4
69 63
12 65
9 35
51 100
38 92
97 98
30 65
90 71
29 80
10 3
43 22
37 42
59 77
54 78
53 68
4 29
56 92
90 45
89 72
30 44
1 45
83 7
13 9
37 28
10 18
75 1
41 11
25 45
48 34
84 100
29 48
50 65
4 62
57 30
11 5
3 92
72 21
14 56
78 30
3 11
90 31
15 26
1 69
37 51
99 65
87 99
68 37
18 25
87 64
93 78
23 46
97 83
75 75
88 77
85 65
32 37
35 89
43 59
37 55
28 20
58 10
40 32
78 73
57 60
68 70
32 32
47 85
1 38
20 87
88 56
62 90
74 39
94 23
49 8
63 13
40 22
31 9
82 48
53 8
1 2
43 61
33 39
10 44
36 38
57 34
58 7
42 89
73 92
40 90
81 60
89 61
5 100
85 26
14 30
25 84
43 15
1 2
77 75
77 60
85 99
98 54
36 53
86 20
70 61
87 90
20 69
77 16
83 52
54 82
51 65
10 69
11 16
46 9
77 89
83 1
25 14
28 24
62 23
96 28
92 26
50 73
74 1
64 52
14 3
78 72
66 66
40 91
35 19
99 65
49 71
9 11
90 52
90 42
71 79
86 58
35 3
93 5
15 69
5 38
50 71
64 32
49 29
40 91
21 46
36 70
86 16
1 82
86 76
76 35
33 25
80 22
61 49
17 49
84 8
37 85
36 48
86 14
29 7
89 80
96 83
44 41
79 30
9 57
27 11
91 97
50 50
14 27
5 74
31 94
11 32
33 53
11 38
93 58
86 31
49 18
70 82
84 15
67 98
41 69
78 59
43 23
31 21
55 78
31 100
8 23
42 84
21 7
75 76
67 75
80 19
76 63
10 88
59 18
49 89
20 87
15 17
18 47
27 87
64 4
100 23
36 43
95 71
6 93
35 96
92 30
20 42
70 60
23 67
17 32
25 16
45 22
11 23
21 6
71 69
26 26
32 54
24 88
94 78
51 6
13 78
41 9
57 57
71 66
13 10
81 53
93 22
35 2
72 19
65 87
48 85
70 24
90 67
3 38
6 50
71 52
97 19
92 55
94 10
5 86
2 46
48 97
20 10
46 51
83 46
29 79
64 29
89 99
50 42
50 37
66 84
21 88
75 58
47 44
83 49
41 28
83 49
78 79
96 4
75 24
48 28
53 61
5 65
91 75
31 82
71 63
25 18
71 29
9 48
41 12
65 31
88 95
67 77
42 75
32 42
26 77
65 41
1 95
63 11
46 60
98 95
29 50
79 24
12 72
8 64
4 45
60 38
16 24
99 2
100 86
3 78
68 95
36 3
20 49
35 75
74 5
40 44
83 76
60 87
33 91
49 24
3 94
48 51
9 73
31 46
94 35
79 32
2 63
99 96
83 83
78 47
82 86
26 13
96 82
61 31
39 59
15 67
44 51
45 68
100 61
95 10
93 97
19 87
97 60
16 44
1 66
44 51
71 76
67 18
39 50
61 65
92 74
58 78
69 99
99 41
84 22
72 93
82 82
22 53
28 85
34 21
96 43
77 47
93 5
13 40
92 70
71 78
66 88
71 9
71 24
38 51
8 59
31 84
41 2
7 79
56 42
93 68
54 91
35 84
94 46
60 37
30 22
21 33
67 73
35 50
12 95
93 100
72 11
40 22
45 64
12 36
77 8
94 26
90 76
54 92
12 63
31 39
12 82
22 39
90 65
52 59
33 2
40 74
90 41
85 56
89 38
61 30
41 45
55 17
22 14
36 46
48 91
36 66
88 81
60 98
67 20
2 73
84 26
96 18
44 19
48 27
68 25
100 89
69 38
15 45
60 45
93 59
18 6
60 52
93 40
59 18
92 71
23 71
44 41
81 62
100 50
73 19
76 85
22 90
2 8
36 98
63 85
94 71
7 44
29 35
23 37
94 24
81 25
62 51
38 3
20 64
29 41
42 89
68 70
8 42
71 86
27 51
23 68
69 8
53 14
76 54
31 70
64 72
96 87
84 59
4 95
23 60
73 89
90 85
49 8
4 82
2 64
80 80
10 59
34 81
14 65
14 91
11 47
84 59
39 54
60 82
77 57
52 27
87 80
43 100
49 84
16 26
2 19
28 5
67 39
51 57
69 92
72 92
87 27
79 56
81 97
14 49
87 10
28 2
52 96
58 6
9 68
58 6
27 3
91 25
32 51
31 25
51 68
62 80
33 18
14 30
43 71
99 45
14 67
61 82
72 49
93 98
56 56
60 75
24 58
73 38
80 73
53 51
96 56
53 22
68 75
80 31
64 57
38 57
8 77
97 62
74 54
91 32
67 43
87 16
20 89
87 77
8 6
31 4
45 5
72 20
44 63
4 6
62 3
62 27
46 54
61 97
13 70
28 50
84 46
87 91
53 84
64 40
94 47
94 86
18 49
39 94
51 63
70 51
100 36
55 54
69 3
6 14
14 81
70 94
93 57
73 92
54 70
41 73
57 37
53 27
17 85
42 59
78 74
1 83
40 40
34 35
55 74
79 38
50 44
68 31
78 5
50 85
39 26
32 66
57 67
82 11
3 10
39 67
89 27
91 42
51 33
94 46
66 91
73 2
5 80
97 23
21 14
36 88
72 43
44 93
50 4
14 12
23 7
65 68
77 96
44 73
46 77
18 21
23 70
9 82
61 53
91 42
34 66
46 80
57 88
46 100
40 66
16 38
2 81
34 4
100 85
72 24
61 92
99 47
51 46
50 39
45 59
8 52
52 79
73 66
24 56
8 62
78 79
34 55
11 39
33 14
97 20
67 87
98 72
5 21
89 38
85 87
82 40
65 80
70 80
95 88
31 66
35 62
97 87
26 31
14 13
51 71
75 69
90 2
53 33
49 25
100 13
28 19
76 98
44 79
18 28
14 69
66 50
79 23
14 87
37 43
15 38
74 9
70 46
73 99
14 18
29 48
83 5
54 19
83 42
41 57
89 20
20 3
75 76
96 78
75 68
6 26
48 69
4 9
30 43
3 29
36 1
61 5
50 18
20 71
9 95
28 11
15 13
58 67
2 20
67 53
94 100
60 4
38 25
60 53
71 31
34 13
43 58
88 42
75 74
68 63
44 3
32 86
72 92
52 47
11 61
50 48
91 54
13 91
34 75
13 54
67 82
71 58
68 57
60 46
38 93
36 84
43 72
82 9
1 99
79 44
79 14
38 71
6 18
22 31
35 88
47 27
72 100
46 54
92 44
86 21
96 35
90 48
13 65
84 43
37 17
17 25
61 94
69 74
6 86
34 21
4 5
21 55
6 12
47 4
53 55
52 15
97 84
32 51
40 21
1 10
47 54
93 35
50 44
39 86
44 57
76 47
25 30
39 36
49 71
97 53
22 79
8 9
65 93
80 25
96 81
21 99
60 61
79 73
6 94
53 74
20 11
49 87
75 15
52 42
97 90
62 74
29 78
64 94
45 90
73 32
100 2
61 71
1 93
35 83
65 21
77 80
29 75
78 68
56 45
19 60
83 81
69 45
42 2
97 14
73 58
99 93
88 11
92 81
60 37
10 42
24 72
37 25
74 69
23 6
69 43
55 42
90 98
70 92
52 89
13 90
66 24
8 24
8 76
65 18
58 30
42 52
44 25
79 85
100 64
71 24
15 80
4 90
18 36
40 4
27 40
59 7
17 72
10 19
12 72
1 54
14 7
32 6
22 1
70 35
78 96
88 56
7 89
1 89
70 42
67 61
64 37
54 19
62 38
22 68
100 62
55 87
5 36
20 27
98 73
13 29
55 56
89 36
38 4
95 3
29 18
81 82
84 86
56 39
69 85
43 57
91 13
58 56
7 76
87 3
82 85
57 24
57 1
88 15
34 41
65 31
33 91
18 8
97 67
49 62
67 55
35 25
49 59
24 96
26 24
1 100
39 65
24 40
46 63
27 30
44 20
45 39
31 14
23 86
48 92
86 34
17 33
95 16
26 58
73 5
46 53
40 88
91 19
83 2
88 51
94 39
64 47
54 14
34 16
66 81
38 79
52 87
65 5
3 98
8 48
49 85
55 52
7 45
21 31
96 38
68 95
90 34
96 99
24 78
58 38
58 89
70 63
18 72
69 1
8 51
22 17
91 56
40 26
53 96
99 59
35 22
76 17
62 68
63 34
58 89
92 68
2 66
37 46
75 59
3 79
32 40
59 98
100 97
79 7
46 5
30 67
52 82
57 29
30 38
98 81
27 16
13 78
63 18
59 23
29 88
96 98
1 31
50 95
14 85
81 62
2 22
45 47
64 67
55 19
86 76
31 58
38 20
15 68
12 70
73 40
77 71
64 73
99 29
5 12
31 58
73 70
93 66
9 72
38 16
82 67
39 20
77 61
57 84
69 42
42 77
53 82
80 61
66 87
53 82
87 60
29 90
22 46
88 97
29 56
37 30
79 26
29 4
96 27
78 75
7 4
60 97
92 54
64 43
33 12
48 1
26 64
52 17
26 99
90 7
69 70
22 44
20 51
88 30
42 73
53 31
75 86
2 68
11 17
83 55
40 15
43 9
76 87
85 66
8 31
94 32
23 28
63 11
52 24
2 16
22 13
35 18
28 50
19 5
62 68
2 97
9 3
73 28
30 33
42 25
37 13
93 78
14 75
10 85
7 83
29 7
60 74
23 43
64 63
47 97
66 7
55 39
14 32
95 98
12 60
3 43
5 70
96 87
49 50
13 12
54 66
14 37
36 79
8 45
81 47
7 95
5 4
73 53
81 42
78 69
42 93
41 44
86 64
66 5
87 65
87 25
28 5
92 54
28 43
17 76
83 76
56 47
18 32
24 99
34 85
74 34
35 10
6 2
25 77
75 99
48 53
32 64
87 24
90 34
20 47
56 63
17 87
15 85
85 71
34 1
82 4
12 60
46 78
26 48
10 71
24 95
63 18
46 3
78 99
44 19
97 66
17 19
56 64
69 98
38 79
14 14
14 18
90 99
28 56
94 57
51 37
63 99
9 41
1 22
68 65
10 18
20 57
38 6
92 37
16 51
78 88
60 5
96 47
42 59
89 79
71 28
71 12
53 72
5 57
3 94
35 57
23 5
22 66
47 25
90 95
4 64
61 15
32 34
57 97
39 68
44 60
74 45
69 85
93 34
28 35
95 15
84 53
59 6
7 7
41 23
84 92
92 26
60 63
41 60
38 18
25 6
86 70
32 21
46 49
15 35
59 46
71 88
38 10
55 76
45 25
28 60
38 56
71 88
35 11
35 97
36 14
70 60
67 79
34 90
97 12
31 8
49 45
98 93
60 97
20 93
71 33
19 1
59 48
49 89
86 98
45 8
78 5
80 32
98 31
9 1
34 81
55 10
54 43
90 47
73 16
9 15
62 22
34 68
14 12
1 72
58 83
69 41
56 48
37 67
31 25
80 37
71 59
94 20
38 76
26 51
100 3
15 1
68 12
51 99
76 64
52 60
62 20
52 60
69 79
80 60
18 66
95 10
1 35
88 52
15 6
22 92
52 5
85 56
6 75
82 39
26 36
40 15
41 61
60 30
82 20
90 56
15 12
30 36
68 8
35 82
51 4
42 41
3 11
39 36
56 30
27 92
30 70
87 7
71 25
44 60
48 77
18 34
75 85
27 65
10 30
100 96
38 85
46 98
49 45
22 90
46 24
81 92
57 58
21 75
75 64
74 53
21 22
98 61
98 43
46 37
61 13
19 13
70 37
25 31
80 73
41 81
89 50
99 46
81 44
56 49
53 50
36 44
96 3
61 85
22 57
17 71
45 81
42 94
80 43
38 98
8 77
38 26
75 12
38 16
50 3
35 14
88 41
65 1
31 51
10 15
100 33
95 64
65 42
80 9
44 71
90 81
3 17
13 95
42 57
69 45
20 55
73 20
11 79
85 49
57 40
28 33
96 39
11 78
1 30
66 1
62 64
27 25
43 19
54 31
67 21
61 94
24 20
93 33
34 35
7 61
55 47
65 65
83 34
34 96
57 49
42 95
95 33
65 53
27 94
29 53
99 38
68 38
51 92
18 79
43 19
47 69
97 11
51 100
7 56
25 60
93 99
38 33
35 2
22 34
71 50
26 66
76 76
89 12
67 64
14 1
88 24
74 58
45 65
99 69
99 37
32 95
7 46
92 1
69 32
54 10
45 82
17 35
98 70
21 68
50 85
5 60
65 69
38 65
65 18
31 93
54 99
16 24
50 27
59 21
56 11
70 77
20 78
65 39
54 5
54 18
95 82
44 7
55 82
9 29
64 75
33 21
26 86
97 16
29 50
83 6
35 36
29 88
2 68
100 57
22 4
43 69
49 76
5 86
28 62
25 33
14 17
86 98
65 76
30 95
3 43
59 20
98 69
41 2
23 63
84 81
84 28
1 1
5 22
66 15
40 29
56 63
51 69
89 70
7 84
24 62
70 22
69 42
2 6
56 47
55 64
67 69
25 40
65 68
45 77
24 45
54 41
66 70
88 37
5 20
41 33
24 74
12 5
100 52
1 10
9 54
47 80
38 75
41 14
50 74
4 99
50 80
72 98
85 43
33 62
68 37
75 100
48 1
82 7
74 40
41 69
70 17
27 55
51 28
10 76
5 89
35 48
17 81
70 82
25 30
66 27
60 95
61 33
55 44
10 34
86 46
31 35
43 69
2 33
1 48
56 56
80 11
13 16
56 24
23 26
24 42
57 43
46 54
34 8
83 87
55 50
90 6
4 55
73 70
32 86
15 89
1 100
6 46
99 70
56 73
50 54
10 67
80 100
39 4
47 23
70 43
55 80
23 98
17 98
12 92
19 53
97 96
98 41
48 77
8 69
21 96
91 14
50 96
51 62
40 12
22 79
87 68
4 43
88 30
76 46
6 36
92 31
6 31
6 62
77 37
83 84
94 43
90 1
73 93
84 34
35 41
35 93
78 90
75 50
45 17
14 9
42 88
13 9
83 75
60 16
66 80
41 90
12 72
100 51
58 49
50 35
55 11
23 96
82 53
49 97
82 53
17 15
66 28
25 66
74 10
53 34
57 61
67 74
10 91
42 81
15 9
38 73
16 54
27 65
82 86
23 4
56 48
9 82
17 25
46 95
95 74
83 48
57 26
62 58
59 32
1 41
74 41
55 61
5 91
54 27
45 22
83 45
16 37
97 4
55 90
7 28
91 80
18 15
55 80
2 7
10 47
99 43
11 68
23 77
85 70
81 58
23 37
3 35
97 80
48 40
79 31
84 28
27 85
56 24
53 95
37 80
29 96
27 78
25 62
88 58
60 44
77 91
61 22
75 71
93 45
77 78
76 39
5 88
76 89
100 89
10 83
95 43
57 66
10 20
95 68
76 45
14 59
45 79
28 12
63 81
73 51
90 53
63 39
84 28
82 58
14 12
45 95
4 94
80 45
65 1
66 93
68 82
84 41
93 49
38 60
67 59
88 96
3 23
53 59
40 42
61 33
16 72
84 59
73 50
46 77
12 11
43 22
47 70
92 75
1 64
70 58
75 95
6 40
80 42
45 12
85 28
69 63
1 43
49 82
64 20
13 70
4 29
68 74
99 16
21 67
7 71
33 44
58 62
88 52
20 48
2 39
7 98
88 93
83 94
59 98
47 24
44 76
83 58
63 34
25 2
38 15
61 77
13 90
60 27
94 30
52 86
100 65
76 6
11 42
80 58
81 100
29 28
56 52
81 64
84 81
16 56
91 67
20 92
23 92
61 31
7 97
5 44
70 10
47 72
15 10
48 44
34 92
12 63
34 34
47 19
17 64
15 35
99 94
7 28
40 25
98 52
58 18
7 85
68 89
55 19
19 99
80 90
30 61
38 64
7 71
83 49
7 42
65 99
70 49
61 14
90 2
89 42
69 66
65 54
80 3
73 34
43 5
83 65
80 36
59 20
38 52
90 41
18 5
55 76
76 86
16 2
70 71
26 4
60 14
10 7
37 45
86 39
94 68
7 16
31 7
79 65
25 46
47 5
47 47
56 73
23 15
83 34
16 34
66 4
28 31
41 28
98 98
16 38
85 4
73 100
6 68
18 31
62 72
24 57
65 33
14 100
79 49
50 27
39 48
5 80
21 72
74 24
96 57
47 66
35 29
49 51
11 33
15 72
58 61
13 81
72 20
10 79
56 65
51 4
58 65
66 62
45 17
98 61
11 69
59 54
25 56
27 11
5 7
34 62
76 62
21 92
59 5
80 39
3 59
31 49
12 38
98 100
47 60
84 99
71 58
16 78
8 11
55 11
3 32
12 58
49 41
34 62
6 2
19 52
24 86
64 55
96 96
32 99
2 15
63 95
68 68
97 67
42 37
3 73
52 9
76 80
59 82
60 64
9 64
9 93
100 13
80 71
78 54
84 93
34 62
15 48
97 100
62 15
49 43
4 39
66 90
72 60
22 7
28 25
45 100
97 62
80 72
86 81
91 48
2 10
40 96
12 41
86 84
45 1
73 13
19 58
30 54
48 79
56 66
56 48
30 61
61 55
89 41
79 27
7 60
9 78
77 65
33 94
47 66
59 85
21 73
28 6
99 5
11 16
17 72
50 41
16 27
94 78
24 82
37 72
40 72
53 84
13 68
82 72
20 66
46 94
81 12
53 46
74 91
86 95
71 52
67 23
5 33
26 11
95 6
42 9
84 72
55 94
44 11
63 38
2 53
62 58
36 91
42 41
25 3
86 22
80 26
18 65
70 44
42 82
58 74
19 1
54 2
93 15
8 64
8 69
44 48
59 54
26 56
55 92
37 7
9 54
66 48
26 74
83 15
68 54
14 64
64 75
25 14
91 42
49 28
18 53
41 85
95 56
38 66
38 78
55 61
29 97
84 59
40 96
21 67
51 59
53 64
25 44
93 46
91 100
62 91
21 78
1 90
66 50
5 65
29 34
29 66
92 87
56 54
15 13
66 44
46 45
57 23
90 59
44 42
6 33
88 34
58 18
23 75
30 51
12 27
92 4
56 23
77 30
13 79
14 2
14 80
78 86
17 65
45 46
12 57
62 12
89 57
43 94
57 99
6 68
18 56
94 10
49 47
70 85
41 26
84 46
2 12
43 9
62 19
67 69
52 62
44 31
26 95
90 18
49 67
84 48
100 47
23 14
6 24
58 55
24 95
79 8
55 23
17 19
66 3
42 34
67 98
50 43
86 37
55 8
77 1
57 59
41 92
45 97
42 60
50 92
75 57
89 57
24 85
61 32
10 8
33 7
39 38
6 5
2 9
79 19
11 85
71 97
93 21
100 5
99 76
54 85
94 71
72 95
73 83
95 10
84 65
71 4
70 89
68 88
29 95
67 78
4 39
38 54
69 48
67 20
47 35
34 70
25 3
93 37
26 46
83 65
76 1
15 15
100 3
2 86
76 67
58 11
53 67
30 40
5 74
6 1
38 65
29 16
55 72
28 46
57 13
97 83
19 35
94 48
97 97
51 100
98 39
53 89
29 58
6 94
75 1
60 97
53 77
35 81
90 81
31 65
55 23
31 2
34 32
3 98
68 95
28 34
60 82
61 4
22 33
78 17
23 68
2 25
12 5
71 99
86 48
89 56
70 37
89 72
8 33
48 44
75 83
13 59
51 32
87 22
27 76
66 13
49 26
66 92
52 43
87 40
4 38
51 12
65 36
69 51
21 37
11 1
16 40
91 22
12 2
59 50
1 78
52 78
18 35
79 33
4 59
23 67
49 34
97 96
38 6
93 13
10 25
77 35
73 39
49 37
83 70
95 90
6 28
15 42
49 45
86 59
32 36
27 96
45 11
71 71
66 21
83 42
55 24
57 83
28 11
88 24
8 22
100 35
35 95
89 85
23 25
70 31
22 2
14 83
72 55
12 96
40 28
17 15
95 56
51 9
65 82
32 46
40 85
58 18
41 77
52 33
19 77
70 84
40 49
14 19
77 24
31 77
45 76
40 45
76 99
77 100
85 46
12 63
11 31
56 16
76 2
19 79
81 90
15 22
3 76
4 8
9 83
43 49
93 81
55 37
18 84
31 67
100 96
91 65
90 79
91 89
53 33
89 69
44 30
48 58
90 41
31 96
1 63
50 39
53 28
53 16
18 68
90 42
84 91
44 25
39 43
98 17
41 67
34 12
7 87
98 61
59 85
43 76
54 33
7 86
51 88
51 85
5 24
90 14
70 88
29 22
28 19
73 17
93 78
31 8
88 39
77 73
62 79
3 60
28 68
16 70
75 23
5 20
21 77
3 77
30 15
17 87
18 49
15 55
35 17
53 51
56 25
11 30
21 86
93 95
20 58
9 92
74 11
40 65
9 61
53 69
11 51
48 29
14 16
61 42
7 46
62 47
23 27
7 25
41 65
49 45
100 72
93 41
89 32
3 14
60 22
1 9
38 72
92 86
95 7
44 8
61 84
74 33
87 64
15 60
2 22
8 77
70 2
67 63
82 34
21 83
27 82
50 49
16 18
20 34
5 7
91 49
32 1
25 20
80 32
77 15
48 1
49 67
71 54
1 66
78 100
75 37
90 25
60 42
14 40
11 24
26 86
30 19
63 76
2 94
61 37
85 68
39 19
38 62
43 88
87 5
85 55
3 24
4 40
99 19
57 36
34 91
82 71
82 66
47 89
62 5
19 83
100 42
20 79
5 1
66 11
79 78
39 78
1 51
63 79
95 32
73 40
72 81
22 64
63 38
13 79
78 33
29 27
59 32
1 2
32 16
81 86
81 71
98 85
14 98
73 30
74 27
36 69
72 4
69 93
95 7
70 8
98 47
30 11
81 94
49 30
51 14
41 89
25 95
49 31
50 43
31 36
49 6
4 88
49 93
45 39
100 72
87 89
31 37
17 38
42 13
8 86
3 63
63 100
71 62
73 19
41 40
50 27
30 10
33 84
9 33
49 78
36 18
67 76
96 40
78 58
71 9
18 19
11 88
49 44
67 45
29 54
10 23
97 100
2 80
85 56
73 65
65 63
40 78
9 93
66 78
27 21
90 44
45 8
70 77
75 3
61 60
42 28
75 96
72 71
7 42
79 41
27 45
79 18
17 30
44 87
86 73
13 34
71 96
31 54
75 10
32 96
37 60
38 49
65 76
8 11
48 72
74 82
55 55
45 87
21 10
90 68
63 10
32 30
69 60
15 33
79 12
83 48
57 18
98 48
46 54
16 37
15 45
6 13
3 24
42 87
40 12
99 7
7 81
10 92
56 33
62 36
65 7
70 39
92 65
77 36
57 20
51 99
72 71
88 70
55 17
66 41
88 75
91 61
42 27
100 43
79 38
20 74
23 52
94 68
100 8
41 86
80 52
10 61
67 77
60 69
32 75
84 76
53 40
88 13
24 25
13 12
68 82
36 36
67 88
11 45
49 3
66 1
16 15
69 69
47 21
95 63
59 63
30 49
10 52
96 63
58 35
68 93
12 17
61 30
98 90
49 86
81 50
44 72
57 59
2 51
1 22
16 66
20 16
53 32
18 91
81 53
33 18
12 91
85 80
83 68
63 15
69 46
36 76
4 22
38 86
98 13
88 93
33 37
9 24
95 50
85 73
9 87
8 9
33 98
67 28
94 16
2 62
94 10
93 3
47 21
85 86
14 38
95 39
3 44
75 75
20 62
2 97
87 88
66 88
49 92
52 4
49 65
76 50
77 98
90 95
84 25
47 22
28 77
69 61
6 74
77 53
96 89
90 54
53 69
9 29
54 87
4 66
4 31
19 20
3 38
53 93
6 79
54 26
26 72
56 25
46 38
45 53
14 23
11 54
23 33
84 31
10 99
41 66
24 15
74 94
58 68
45 32
50 81
39 86
91 59
20 32
25 10
79 4
50 41
68 32
19 38
79 41
67 63
74 58
11 52
2 17
97 81
50 19
57 70
26 49
76 3
58 23
58 83
36 14
1 60
10 78
38 22
25 71
63 47
59 79
75 31
61 71
81 38
97 70
81 99
90 20
11 97
77 57
53 8
72 26
29 50
75 57
66 22
49 84
5 92
97 61
60 75
66 68
66 45
78 83
50 19
32 23
97 91
58 10
71 12
15 15
32 76
61 55
36 93
34 63
12 41
82 80
15 92
38 60
96 78
11 11
34 22
24 6
8 56
56 93
13 41
65 5
82 68
51 76
3 51
2 87
83 35
13 49
12 27
83 7
40 38
69 88
40 6
7 58
97 10
35 12
100 80
90 89
56 62
61 40
31 17
78 52
86 63
50 26
84 66
77 7
17 46
89 88
5 73
95 76
8 21
20 51
26 48
50 25
14 52
36 44
65 82
100 52
69 43
84 68
55 31
54 72
34 41
2 90
61 35
47 41
25 65
82 5
68 11
71 86
47 20
18 85
33 58
41 88
89 27
97 79
30 82
75 79
46 42
89 89
91 42
14 53
71 27
15 49
71 56
65 99
48 79
87 83
10 70
82 19
12 84
72 34
43 36
81 36
4 44
30 91
26 100
19 49
55 9
37 16
28 1
50 84
76 9
33 59
85 91
52 45
90 86
14 53
13 81
89 14
17 34
45 29
91 24
86 62
10 84
46 30
11 6
2 47
85 32
69 64
67 82
97 46
51 35
98 13
84 79
98 94
33 83
3 84
81 1
25 7
77 81
94 3
59 4
28 51
2 78
89 1
63 45
45 35
96 22
32 56
70 91
22 41
100 75
25 95
17 83
31 40
4 7
90 61
27 87
67 9
19 10
62 52
78 59
71 36
54 24
20 66
74 20
14 44
43 15
59 69
4 10
67 30
62 66
5 30
71 93
60 89
10 6
95 2
11 10
72 45
84 78
74 90
88 41
67 98
3 33
50 11
97 58
6 16
43 31
87 19
82 66
31 33
61 9
77 70
50 41
29 87
69 87
82 16
56 62
60 41
73 28
7 43
12 74
41 21
78 5
46 23
99 10
12 73
72 18
28 94
26 26
40 86
64 40
3 21
75 99
54 8
29 7
100 28
16 35
49 5
8 45
34 8
15 50
29 72
32 54
58 3
79 21
49 88
65 11
55 33
81 67
95 95
38 38
91 32
76 26
98 69
79 61
100 2
36 32
50 32
60 58
65 74
67 22
90 100
73 33
93 28
75 9
85 16
12 81
44 72
78 9
61 93
10 75
37 80
40 73
2 48
42 97
95 43
40 96
62 29
11 13
85 7
94 43
57 93
22 85
5 87
61 25
53 28
75 29
91 67
95 99
74 74
77 28
11 22
23 10
28 6
96 29
96 17
96 90
54 56
49 21
86 54
8 55
70 13
68 80
29 87
39 81
26 58
18 96
97 21
7 9
41 7
64 3
22 4
60 21
74 83
13 96
42 53
24 50
59 71
61 82
93 25
60 8
69 41
93 19
87 85
47 4
82 23
20 42
57 28
49 13
52 62
66 61
72 97
89 89
35 25
98 71
43 66
3 22
15 28
11 75
80 73
97 3
49 98
54 7
34 64
92 5
27 55
28 97
36 27
53 17
17 45
24 84
100 99
15 17
32 69
9 33
27 56
85 100
86 18
99 74
80 30
59 9
85 22
45 26
80 79
72 83
69 12
77 22
90 13
57 1
82 71
70 19
71 89
91 26
72 40
93 28
70 21
25 100
70 34
63 40
51 98
63 100
54 60
18 31
34 50
26 79
88 7
27 40
44 14
36 31
63 95
100 40
49 75
74 99
77 54
9 47
52 19
94 25
6 22
32 74
95 83
92 38
82 71
46 51
90 74
83 70
55 67
97 9
12 100
32 80
75 3
95 2
38 39
44 13
45 55
69 100
17 3
7 18
65 66
35 43
45 46
51 42
8 90
93 30
72 80
7 63
13 38
43 14
35 3
46 14
75 95
4 13
1 58
9 66
89 3
90 27
32 26
86 80
47 89
54 79
23 62
6 79
53 7
52 31
73 87
95 65
17 17
73 11
41 62
100 63
12 78
29 22
84 73
7 22
64 42
19 29
63 61
54 15
72 1
54 97
78 90
50 60
42 52
11 5
7 85
79 70
84 30
21 7
54 88
96 10
40 69
46 68
37 41
74 21
70 68
92 11
53 8
75 90
29 20
97 54
71 18
27 9
1 81
4 7
8 10
84 76
28 75
2 56
98 68
49 67
38 47
42 3
79 33
59 68
23 5
7 33
62 73
97 55
28 32
32 66
85 68
61 81
36 86
10 9
58 98
68 47
7 33
80 15
54 67
47 48
62 73
12 80
74 32
38 71
3 8
96 24
15 75
37 57
13 27
83 85
93 26
40 26
66 60
48 89
70 56
6 5
88 87
66 74
82 35
73 99
1 10
85 80
34 15
65 91
15 38
21 17
49 12
51 46
16 67
42 10
94 87
1 40
15 1
12 1
32 81
73 30
76 19
93 2
3 79
70 82
68 72
81 60
82 97
50 48
49 48
53 73
78 78
11 40
56 24
27 74
39 95
17 90
35 69
60 90
68 86
64 99
8 81
36 62
24 18
25 30
63 62
24 65
8 47
80 5
27 8
46 78
31 75
41 12
75 69
48 90
56 32
88 96
63 48
27 99
5 93
46 95
76 70
21 55
62 43
8 100
27 99
49 76
30 57
46 31
40 68
49 12
53 50
18 34
84 41
86 22
99 43
64 19
66 7
69 96
78 91
43 16
25 49
3 10
85 100
21 90
14 6
5 73
37 7
77 76
21 54
32 70
67 19
34 70
9 45
95 72
13 85
46 27
58 24
43 40
56 73
90 27
69 95
18 17
97 29
28 100
94 78
94 17
18 50
78 81
96 63
6 6
4 48
65 90
19 8
47 80
19 3
97 80
95 68
98 31
38 29
42 11
8 59
99 61
26 45
26 7
11 6
95 99
46 48
83 81
21 50
6 60
7 76
62 38
12 73
25 31
82 56
69 85
45 60
65 27
87 5
34 14
50 37
65 46
75 7
74 27
62 99
76 12
85 74
38 91
63 40
97 96
44 2
2 33
52 49
65 15
48 12
23 71
86 97
2 12
48 21
78 2
8 2
63 48
73 88
53 19
49 18
26 50
34 17
6 70
92 64
79 21
88 75
99 16
96 61
42 8
43 11
5 85
7 90
97 46
14 10
62 94
96 86
75 46
64 23
66 29
46 28
82 27
7 41
86 26
35 49
6 5
61 58
34 19
14 61
78 97
43 20
87 55
14 16
30 22
89 77
88 82
52 82
54 50
53 94
53 39
89 80
23 43
100 77
47 45
96 68
60 3
31 8
39 63
14 5
29 65
67 16
88 8
29 30
36 53
51 69
74 41
29 68
64 4
18 79
43 93
21 16
8 10
68 7
16 61
65 76
6 92
20 83
39 18
25 55
58 17
43 3
24 83
47 89
37 74
67 46
30 52
40 6
49 80
82 84
11 26
35 17
74 46
47 54
56 86
69 37
11 33
71 64
7 90
67 50
47 93
53 54
85 14
65 8
28 41
94 61
37 54
13 82
99 99
90 55
71 8
72 16
11 61
21 96
17 21
97 42
4 64
41 86
15 97
97 97
87 34
46 64
44 76
64 19
44 14
42 70
14 91
92 97
67 93
3 34
10 2
17 36
2 71
71 91
69 9
54 42
59 10
5 58
15 52
3 61
23 48
12 20
33 50
40 12
14 63
4 62
95 50
19 83
89 7
3 82
100 53
72 60
18 40
52 91
37 13
62 17
78 89
24 90
89 43
42 77
65 47
29 92
93 10
96 85
96 33
9 49
92 94
57 75
24 7
24 55
43 34
52 64
96 64
56 32
15 43
53 98
3 67
72 60
29 36
56 40
95 81
34 56
28 20
48 6
23 82
91 81
24 45
84 87
38 51
57 66
56 55
41 84
6 88
46 35
75 16
92 80
95 72
55 54
63 94
26 65
17 47
42 36
95 67
2 25
51 72
99 2
84 81
18 42
32 68
36 27
30 79
76 2
66 7
10 52
38 27
71 60
43 78
17 95
34 25
38 91
4 58
62 89
30 42
16 100
23 82
48 84
16 8
6 90
17 18
95 60
84 3
90 75
14 56
99 5
52 5
88 50
94 52
38 92
72 88
16 1
87 44
23 42
28 15
48 82
87 62
62 18
72 68
31 13
23 3
82 10
79 90
58 67
36 18
18 70
20 63
38 14
52 79
85 93
33 86
53 14
56 10
37 82
76 63
86 54
56 45
11 33
7 56
32 29
45 6
54 55
97 76
19 58
36 90
51 68
29 28
25 97
100 15
31 67
81 49
56 29
62 5
76 71
56 9
60 29
20 46
10 20
54 41
35 4
90 20
30 88
80 97
70 72
38 61
98 19
41 55
41 21
92 97
5 16
47 66
84 81
37 34
65 89
84 86
42 15
41 33
36 75
98 27
10 54
52 45
75 14
96 60
41 79
76 80
27 53
56 32
59 32
56 18
82 20
57 80
100 87
95 96
39 98
60 29
8 62
94 43
68 14
52 77
76 4
94 86
49 68
48 48
86 44
54 56
89 1
77 9
27 31
14 64
30 75
38 61
56 100
69 11
67 60
49 58
71 44
46 35
2 36
56 94
83 31
13 36
60 92
100 88
31 72
5 81
84 94
14 99
22 14
46 76
20 28
83 61
83 34
52 44
37 25
46 32
80 38
21 84
98 96
52 37
76 58
4 89
37 13
15 80
71 69
79 66
34 36
10 48
16 86
18 71
96 56
6 39
45 21
18 51
52 84
44 40
90 18
58 82
41 17
37 26
31 60
53 55
8 44
74 42
77 44
20 75
42 20
6 74
83 90
23 13
65 86
84 69
5 48
82 23
73 66
65 43
77 57
46 7
21 44
72 98
50 89
93 76
78 61
47 44
1 5
61 12
14 24
10 72
95 8
36 27
10 27
80 18
59 5
93 81
64 55
45 60
57 11
25 32
87 25
81 15
4 77
74 40
94 50
66 23
80 12
5 18
38 2
92 74
85 95
85 31
23 41
97 61
9 56
52 81
65 55
38 42
88 80
49 27
23 42
22 84
52 80
60 75
2 15
42 76
24 31
100 81
20 83
65 63
1 1
66 94
80 74
42 33
22 96
23 10
55 3
71 68
7 18
23 26
75 40
34 84
100 76
97 40
35 27
9 46
20 15
21 8
9 97
21 40
78 57
45 48
81 73
11 65
58 84
18 54
92 36
53 52
93 26
47 84
99 58
63 24
95 81
40 80
88 91
47 43
55 45
94 23
91 2
4 56
42 48
1 41
7 82
26 100
52 56
53 2
89 35
14 27
29 60
25 74
94 68
72 78
72 74
92 39
61 6
88 89
64 66
50 27
93 41
91 18
14 46
33 60
77 90
1 93
47 16
62 36
51 34
