100
8000
29 41
74 89
22 66
17 27
69 47
95 71
2 83
93 66
27 29
95 52
38 84
46 36
89 57
21 30
4 98
70 39
31 61
4 75
8 16
97 96
24 98
12 21
58 22
83 92
62 34
9 77
52 95
57 86
13 75
8 61
89 89
49 25
29 91
36 48
3 13
93 2
52 52
11 52
67 67
88 87
32 11
81 94
37 98
3 98
43 45
32 20
44 71
22 82
79 56
88 7
22 63
42 56
82 98
85 39
7 97
69 100
93 13
31 95
65 9
53 3
31 49
10 81
81 45
77 2
80 9
82 9
82 26
63 85
21 78
80 14
90 20
11 74
37 10
12 5
26 53
99 40
15 60
97 78
22 92
14 91
18 78
23 69
98 83
85 39
33 18
73 80
19 87
50 11
78 27
6 12
30 71
5 39
7 52
11 91
24 89
20 15
64 88
42 6
35 12
1 46
64 61
2 6
25 39
21 36
68 13
21 43
95 73
93 51
13 99
21 23
40 3
28 90
48 1
58 75
17 85
41 56
91 40
8 47
41 55
71 3
2 26
47 59
31 34
42 48
72 89
91 19
58 53
38 84
4 78
9 35
92 1
66 51
2 49
58 47
73 25
42 28
27 56
90 8
58 95
78 91
50 66
79 92
99 38
45 1
27 17
9 2
65 93
4 78
71 71
91 37
71 39
28 95
16 63
6 25
60 23
81 18
48 81
13 83
3 76
64 36
14 93
64 45
92 10
28 6
30 27
49 20
51 28
89 31
48 38
100 12
28 33
93 64
27 1
13 8
2 28
100 90
6 86
27 91
87 17
9 98
12 28
95 97
50 82
99 16
71 44
20 5
77 67
93 3
92 30
51 25
18 42
29 71
61 22
52 74
68 56
80 2
42 22
2 66
37 84
40 98
96 28
56 98
22 60
6 77
67 56
52 5
52 67
98 57
53 39
92 86
43 22
10 50
16 27
4 99
94 97
61 66
98 73
72 62
44 9
11 22
60 89
94 43
81 46
63 43
45 26
78 45
68 51
59 67
90 77
81 85
7 87
50 29
91 91
22 78
25 28
4 91
44 44
35 72
23 48
76 11
26 86
63 42
48 60
73 52
92 38
23 72
73 79
42 13
68 22
12 57
75 72
34 67
19 95
74 64
77 74
16 43
71 95
96 30
70 39
40 70
33 69
60 58
87 51
40 20
22 37
82 33
96 58
68 4
10 78
63 5
71 49
42 34
10 69
91 52
71 83
10 79
7 73
5 13
44 9
27 8
34 20
28 13
55 11
44 85
43 86
14 84
26 84
77 52
27 83
14 99
7 95
20 83
85 31
39 94
26 66
61 28
5 70
59 59
88 70
51 50
100 74
8 56
37 20
35 35
95 67
6 89
1 60
77 31
17 86
6 44
81 79
9 44
8 70
74 48
44 3
25 76
21 16
83 79
86 18
97 70
52 37
33 73
53 18
36 4
81 84
76 1
20 12
8 81
81 42
40 48
32 20
99 73
28 6
40 49
47 95
100 94
43 44
39 36
32 6
44 50
21 75
65 9
77 36
86 43
72 44
27 70
59 67
15 21
67 64
61 47
94 17
53 16
78 73
45 89
44 63
42 8
19 53
58 86
6 8
80 10
3 67
63 20
22 51
84 33
25 9
6 76
12 49
8 51
91 90
32 57
73 63
61 15
28 64
41 63
93 37
22 30
62 52
23 6
75 60
37 38
76 33
43 92
87 35
43 22
2 64
25 52
67 54
51 65
64 8
27 4
63 2
68 24
8 43
99 41
49 96
95 52
3 15
11 18
14 15
68 70
73 27
16 50
99 94
44 29
43 20
28 92
50 49
61 64
55 18
91 50
34 30
16 22
27 4
11 1
67 95
66 23
9 37
96 21
26 100
67 78
81 54
87 62
57 70
9 100
47 65
84 69
74 96
34 47
88 82
47 55
38 68
45 12
68 39
98 11
63 67
34 75
82 66
76 90
85 55
1 30
29 63
93 47
11 93
12 48
64 3
18 7
32 28
95 97
24 11
91 73
41 88
38 10
84 59
64 83
51 84
90 26
9 72
48 35
9 58
8 51
66 68
1 42
43 36
48 9
10 78
1 83
12 15
33 18
91 17
54 10
22 7
85 93
91 62
33 36
4 18
72 70
47 91
36 64
57 7
35 58
72 95
21 3
45 6
71 73
85 46
14 48
11 61
82 81
50 89
72 81
76 92
43 89
74 28
14 66
20 96
95 11
33 58
82 74
40 44
50 5
87 70
33 14
21 15
14 50
71 25
5 51
39 24
24 55
49 46
9 87
13 62
70 1
63 1
24 94
58 57
16 92
11 56
41 40
24 59
7 56
87 98
75 1
46 18
75 62
58 69
30 60
95 25
80 25
2 27
48 56
7 92
98 68
85 85
12 41
50 39
99 67
60 37
5 89
78 89
6 11
31 58
5 30
25 56
10 34
27 72
86 56
7 63
86 63
81 49
14 23
88 74
88 54
63 60
98 61
29 75
68 4
32 60
49 44
37 69
2 44
48 57
27 79
78 73
63 60
21 49
28 64
11 99
90 55
89 75
30 26
55 19
98 39
4 22
40 15
51 49
18 20
45 15
61 35
54 93
92 88
66 60
75 43
94 40
19 92
9 45
34 65
99 55
36 58
62 4
8 2
26 13
40 3
57 22
32 4
48 41
90 34
26 10
42 31
22 62
32 79
77 86
49 8
96 51
30 77
79 57
64 9
44 1
68 29
78 76
33 89
62 13
85 91
9 65
83 67
36 4
5 88
85 60
45 13
41 85
14 84
79 97
64 37
13 34
6 8
30 4
14 7
51 65
37 94
36 39
7 89
65 7
25 14
17 98
34 25
81 75
82 53
20 22
38 59
82 26
83 7
44 72
87 29
86 73
40 53
30 14
58 37
80 54
57 14
98 11
50 67
70 43
49 49
22 17
42 73
77 1
86 41
83 34
62 6
67 50
59 76
61 23
35 45
12 46
38 77
73 81
92 67
73 19
95 85
43 89
78 11
71 48
80 60
45 57
82 42
35 86
9 10
42 76
66 16
24 17
14 22
57 49
52 54
49 55
61 15
73 89
12 93
26 1
89 13
34 36
31 70
47 77
65 16
23 98
95 35
85 31
16 36
4 76
48 37
4 20
63 89
36 50
1 11
95 85
2 41
19 26
28 28
8 99
13 56
94 30
46 63
6 57
61 79
52 81
90 89
36 86
35 61
89 71
53 4
26 59
52 64
40 49
48 12
62 84
27 77
1 51
60 63
77 98
93 35
100 70
55 37
90 24
68 98
39 79
30 34
98 95
39 71
39 15
77 4
71 44
68 46
99 78
33 40
25 33
43 13
51 57
30 40
47 98
84 97
16 63
59 85
2 69
65 2
29 19
76 26
97 60
67 27
28 27
32 31
16 96
6 54
2 25
73 19
95 25
40 31
64 8
88 90
37 43
55 60
12 63
52 33
84 49
40 52
54 6
17 25
45 19
97 4
28 45
66 5
52 86
44 99
77 48
32 40
12 44
9 61
61 8
54 76
19 11
96 39
90 98
6 82
38 69
11 94
44 42
92 76
59 38
72 68
75 94
53 79
26 60
36 54
94 69
65 56
4 95
40 38
37 58
18 41
62 20
31 43
29 60
83 99
41 87
31 43
29 29
30 66
66 45
5 92
22 93
100 83
32 29
11 14
10 7
63 88
80 67
70 38
20 99
51 56
78 14
80 93
8 12
30 85
85 69
24 89
71 58
71 29
32 97
47 62
27 44
43 91
62 39
22 52
76 38
37 59
88 76
78 34
79 69
88 84
53 57
43 49
60 42
8 82
97 32
67 97
75 37
13 17
82 10
19 84
54 84
15 95
51 42
65 99
53 61
62 85
99 29
13 43
53 39
60 23
86 66
50 20
99 63
51 30
18 35
21 71
67 51
49 89
84 45
77 66
28 1
6 79
81 15
85 92
74 24
91 52
75 80
52 71
18 18
74 62
23 78
19 73
26 43
4 37
20 1
62 98
92 53
82 35
82 85
31 22
24 79
22 23
42 19
6 68
78 56
43 44
97 15
45 95
18 8
30 52
77 39
7 7
97 14
25 9
12 21
90 77
25 58
86 98
7 27
10 25
84 19
31 89
79 66
45 13
79 75
81 78
37 25
92 65
93 62
24 60
37 19
6 7
85 18
1 76
73 15
76 51
83 93
3 81
18 39
62 2
97 64
18 4
24 63
9 31
78 92
91 79
87 81
26 27
93 40
64 64
85 16
63 55
93 63
36 97
3 63
95 26
4 84
31 65
23 2
17 98
45 28
1 66
49 79
81 64
57 24
90 7
18 71
10 11
100 47
48 22
30 4
40 48
25 33
79 49
89 57
65 21
61 83
76 18
78 40
46 8
49 92
74 16
87 53
16 82
3 4
15 57
47 67
95 91
13 47
45 33
12 18
38 25
87 69
12 6
63 12
75 23
92 10
6 32
98 53
76 49
43 77
82 48
65 68
38 14
7 36
4 48
69 23
3 46
24 10
3 79
86 89
91 45
15 55
71 20
31 63
68 85
15 60
86 32
5 64
29 31
27 85
16 89
44 13
29 27
84 72
35 13
11 79
64 23
51 19
52 99
37 69
33 98
43 87
33 65
17 77
74 2
85 71
94 47
37 80
64 30
44 46
83 82
73 78
6 14
13 25
98 25
15 70
21 3
77 13
28 91
39 96
41 53
3 42
12 23
50 59
68 66
44 56
28 24
84 22
49 1
98 21
47 36
68 46
78 100
79 73
70 73
73 4
27 57
58 57
78 2
92 87
3 92
15 86
41 19
73 3
83 32
41 78
51 26
74 35
37 70
33 28
56 32
83 18
6 86
27 20
3 76
69 88
67 11
40 10
18 87
20 82
50 34
52 48
1 3
11 23
56 2
58 75
3 60
19 60
24 66
28 54
88 61
25 22
75 68
46 14
6 68
55 97
26 28
25 45
94 81
25 74
65 53
44 21
85 9
72 18
71 58
57 47
21 74
49 44
91 22
60 83
62 6
42 59
67 27
10 33
76 28
91 12
75 88
8 52
78 100
9 44
78 73
34 81
62 94
75 28
67 86
89 7
24 35
79 57
51 85
92 2
55 40
27 58
7 69
90 48
77 59
51 87
33 3
63 68
55 1
100 67
86 10
6 35
73 43
13 45
97 69
57 95
48 51
49 13
13 69
73 37
41 51
53 22
15 1
21 15
93 88
15 75
24 8
11 36
91 72
1 19
16 31
85 70
50 94
65 26
60 1
41 43
5 2
12 35
63 75
44 27
76 77
75 10
12 34
98 86
92 26
5 98
83 16
29 20
8 20
74 39
88 23
81 31
79 81
28 29
66 84
72 4
100 96
53 26
91 79
47 21
62 94
66 47
11 68
66 90
62 86
43 3
46 79
24 91
73 23
47 64
27 42
5 59
80 29
90 55
13 98
21 87
33 38
25 85
94 55
64 7
25 46
62 90
98 86
31 99
47 54
90 95
37 64
94 90
14 53
55 28
97 55
45 24
40 21
45 68
23 10
84 37
93 7
33 68
90 38
93 56
72 87
83 75
29 31
90 48
26 7
15 83
99 25
75 90
88 52
28 9
72 44
10 98
90 84
31 56
38 78
20 80
90 41
68 14
72 84
63 12
79 19
64 68
28 10
100 23
25 54
17 33
91 47
82 15
66 16
27 68
1 65
32 47
87 97
38 45
89 47
24 63
38 96
22 59
82 25
46 95
57 49
74 66
16 21
12 7
15 31
45 35
21 57
77 96
20 85
12 23
68 96
68 45
10 20
22 53
56 56
7 19
9 31
27 90
47 17
95 82
20 46
30 88
43 83
85 90
12 17
94 10
35 67
2 62
61 17
23 31
67 93
8 18
2 94
14 17
32 43
84 62
24 42
98 68
49 44
9 69
29 7
93 50
70 27
22 15
3 12
74 87
87 61
48 55
32 48
48 94
50 70
92 64
36 100
23 87
55 17
15 18
26 74
24 11
89 38
19 89
28 59
26 84
19 70
75 18
44 14
81 7
57 55
94 43
6 99
41 55
73 14
25 64
35 23
30 42
63 71
53 61
4 4
39 95
17 46
71 56
66 18
85 9
20 100
74 53
75 88
32 63
9 91
42 64
96 37
30 5
30 86
29 17
81 12
12 86
42 38
58 46
29 99
67 21
81 96
90 90
61 100
7 63
11 94
78 77
16 32
15 46
1 42
67 49
26 5
26 90
71 12
98 28
60 12
28 23
17 53
90 97
42 28
10 31
82 92
4 73
57 83
92 69
76 65
45 8
93 36
2 20
26 52
69 85
37 92
80 14
5 37
33 10
9 28
1 49
31 30
67 98
54 79
64 77
94 20
63 97
88 72
15 7
43 83
92 52
93 41
78 30
20 70
93 50
100 1
99 90
42 85
61 63
42 26
78 44
48 15
85 96
33 40
76 55
8 60
55 44
27 100
78 66
76 67
4 71
34 68
25 61
97 51
5 82
17 93
13 86
3 90
13 79
50 37
88 40
51 30
4 10
17 68
16 34
25 24
9 99
99 38
5 19
8 36
69 99
64 10
44 56
83 67
53 35
4 78
83 36
9 98
41 9
31 72
71 3
51 26
27 90
15 41
87 86
40 96
71 14
87 91
76 7
76 73
16 32
19 62
14 18
66 76
88 74
86 1
84 63
53 87
98 25
10 73
31 4
52 70
75 88
88 84
41 3
22 89
27 7
81 81
81 54
80 28
72 90
77 2
6 59
76 97
19 20
51 53
68 6
4 68
86 99
21 76
78 79
67 38
58 69
29 80
78 13
20 94
68 22
86 9
57 62
14 53
63 74
41 6
75 28
36 62
55 16
64 2
61 80
25 44
17 18
38 66
83 30
48 35
3 10
33 40
82 58
63 23
78 11
60 37
22 21
90 78
38 28
22 61
73 18
71 1
52 64
64 41
66 64
19 46
29 100
57 74
54 6
46 86
18 92
32 71
43 34
86 9
13 27
82 43
58 78
86 65
70 36
23 73
17 2
51 45
74 6
39 54
51 43
70 86
67 34
54 38
49 23
87 61
81 39
24 12
68 44
43 39
86 63
77 70
19 5
83 87
79 75
64 93
66 55
58 14
95 100
12 92
74 45
71 74
51 99
20 24
58 53
7 68
82 41
57 99
53 96
37 20
43 17
1 81
71 35
84 13
74 35
57 53
18 43
56 33
82 7
1 84
36 6
56 36
92 58
87 44
16 79
67 1
29 5
43 58
48 92
43 88
80 53
62 27
79 19
3 42
95 86
46 87
1 97
67 17
73 24
51 19
29 29
5 42
53 37
48 81
42 41
86 84
56 38
68 11
86 97
71 22
41 82
99 98
49 73
77 21
34 19
39 93
71 87
30 21
13 64
38 65
59 68
94 43
89 92
5 81
91 66
90 46
35 46
17 54
32 35
45 87
29 83
5 87
100 5
20 25
69 31
38 35
66 57
6 51
42 41
96 62
39 69
72 2
9 12
44 55
94 15
7 51
78 77
7 98
44 100
30 33
10 1
29 51
33 38
88 29
44 69
10 45
89 70
3 69
34 13
23 89
63 43
42 86
39 69
37 91
78 90
30 82
42 53
34 42
15 34
42 34
47 4
78 43
48 63
47 16
10 97
34 21
53 15
43 91
36 45
58 85
86 92
44 92
84 29
90 25
13 50
56 6
51 64
6 30
25 70
83 78
70 98
18 17
33 15
18 46
81 65
49 67
85 12
93 48
91 7
32 65
96 33
23 95
5 5
82 32
29 57
14 26
73 93
33 83
100 54
70 16
14 32
34 50
42 95
81 57
97 88
18 39
8 28
51 33
74 4
24 74
14 40
68 25
11 80
33 70
53 22
86 93
51 68
48 9
14 68
75 15
87 69
9 93
81 99
57 35
72 77
55 17
57 68
12 44
62 83
9 31
14 59
28 96
3 83
7 36
39 75
100 42
46 100
29 95
73 27
2 75
100 53
55 18
26 65
55 56
54 51
20 30
83 43
99 25
70 75
76 33
24 89
65 57
17 31
88 2
82 18
95 25
39 61
7 21
37 34
61 28
22 67
99 36
79 90
26 42
25 97
20 85
99 80
75 32
40 83
100 81
38 58
1 55
96 54
74 29
93 63
61 54
40 15
10 72
74 20
19 63
33 45
54 11
51 83
43 78
15 50
10 68
34 36
97 31
28 95
70 18
40 13
89 21
59 19
98 48
16 25
7 71
18 23
90 28
21 7
18 9
19 39
49 98
53 14
13 48
33 1
40 37
94 75
65 26
48 39
70 43
4 54
65 2
12 28
98 8
28 41
97 21
42 94
55 18
78 42
11 54
40 57
94 26
60 90
78 1
29 38
38 77
97 44
5 7
22 54
65 33
35 52
74 90
86 52
4 16
65 6
78 98
56 14
93 91
6 49
95 95
42 83
67 39
71 28
72 62
31 1
85 58
56 21
82 46
18 82
90 54
56 41
16 79
41 10
99 73
36 63
97 47
96 81
62 46
3 14
94 6
65 54
53 10
4 62
47 7
5 52
94 67
30 70
26 73
83 31
1 56
48 72
98 91
73 93
74 70
58 10
60 49
15 86
82 97
35 57
46 10
42 69
87 30
3 76
19 59
19 38
71 12
94 48
94 82
31 62
11 35
14 42
97 89
91 77
81 58
66 5
32 17
77 33
73 44
71 76
28 95
24 55
1 62
60 91
57 95
69 27
28 23
6 83
33 4
14 42
77 68
61 9
13 92
54 67
95 81
73 94
5 47
45 64
31 36
80 95
26 46
98 64
93 77
8 20
28 67
24 68
94 43
99 55
94 54
31 84
40 33
5 33
73 79
44 48
69 74
41 87
94 53
24 87
68 62
47 53
32 76
94 56
65 16
74 94
73 45
45 93
71 74
62 75
25 49
41 78
100 35
55 75
14 38
18 95
2 42
87 20
39 75
68 77
13 11
31 73
12 48
54 100
85 29
35 9
48 6
16 48
61 34
88 3
67 31
89 90
23 27
96 25
92 54
35 63
29 49
47 81
88 68
80 13
40 18
54 52
30 96
17 79
85 28
44 40
25 46
91 81
28 84
78 87
87 40
11 61
87 60
44 73
48 100
16 76
95 72
44 23
56 50
39 2
76 98
68 27
6 64
6 97
94 86
36 63
27 71
53 18
2 25
84 35
94 71
78 30
73 6
91 11
11 35
93 17
59 60
72 93
42 74
73 57
96 73
57 51
10 44
61 90
16 44
99 61
51 81
2 82
87 95
5 62
76 43
49 94
21 91
34 72
63 33
74 4
22 64
12 72
69 39
45 64
44 12
24 51
19 99
68 54
72 64
46 17
75 65
52 99
20 82
1 27
19 6
98 51
92 16
6 17
32 35
8 76
100 12
38 4
19 27
16 68
67 16
67 99
47 80
39 68
79 82
54 5
53 75
62 72
88 58
22 42
98 66
67 8
14 41
51 35
61 95
63 4
38 18
33 68
89 54
23 69
80 9
53 95
53 56
75 63
42 19
96 70
50 71
59 63
74 97
55 87
67 63
98 38
88 79
95 62
75 17
51 20
9 78
68 23
25 89
61 89
24 92
79 46
92 92
71 76
65 40
55 99
80 7
15 55
51 14
2 49
90 25
12 7
6 45
23 52
8 22
91 88
95 75
41 12
63 100
85 9
34 98
98 49
74 81
53 94
4 46
36 76
91 70
68 71
1 5
3 85
45 58
31 68
95 82
53 37
5 28
69 93
93 59
57 86
97 94
7 97
11 68
93 81
30 88
71 41
4 97
92 43
54 38
49 47
58 33
38 86
49 23
89 10
98 86
58 48
81 65
98 78
47 26
82 33
70 42
68 100
8 45
50 73
37 15
38 19
39 72
29 48
49 61
49 90
36 85
84 19
9 56
9 8
11 34
19 62
41 68
40 73
20 94
29 22
69 25
8 49
81 100
84 30
57 37
30 3
4 49
54 42
73 84
90 85
15 38
37 32
86 17
47 70
65 46
35 45
7 41
56 37
70 9
61 69
95 61
21 70
27 37
15 4
80 83
16 81
26 63
66 77
6 25
26 62
37 34
82 60
35 39
99 28
42 54
48 35
84 48
22 28
4 66
66 80
100 53
72 30
78 29
91 77
78 30
37 73
66 56
24 77
47 79
11 9
9 74
8 95
60 52
72 60
93 97
19 43
45 30
1 74
33 2
8 41
59 42
84 99
36 64
71 69
9 23
41 95
29 93
47 47
53 30
69 90
82 33
6 52
76 58
8 37
36 45
95 79
57 79
56 41
99 35
91 23
13 5
34 29
84 78
30 33
4 43
6 93
13 76
50 14
98 6
72 53
4 97
66 58
34 57
56 71
44 69
42 44
18 21
22 25
46 26
43 5
79 30
24 80
91 72
67 54
65 45
88 10
75 21
2 36
22 57
60 37
41 55
53 98
16 78
80 49
82 74
19 2
50 96
58 81
58 65
4 14
91 67
85 22
100 30
45 54
32 46
3 10
72 69
62 87
59 21
38 48
33 72
73 71
22 75
83 42
51 4
22 55
87 91
19 75
46 52
47 29
92 55
55 40
55 48
72 18
16 35
91 46
46 34
31 24
43 12
54 22
67 19
57 7
27 94
49 97
58 70
84 10
88 85
29 35
21 41
46 78
21 13
61 83
100 25
80 58
70 43
72 72
56 59
39 69
97 66
8 43
92 76
25 40
78 81
88 59
63 70
73 96
96 35
3 26
95 56
16 78
14 60
12 17
90 21
41 71
62 57
82 38
15 91
30 70
54 74
44 83
85 67
41 100
51 49
27 100
28 48
36 53
100 78
60 85
45 13
39 33
84 9
17 7
10 99
28 18
48 31
65 4
70 88
47 70
41 13
31 2
79 27
23 98
78 77
17 51
49 28
62 42
41 50
96 69
14 42
84 22
66 94
95 10
63 76
6 51
5 62
61 18
62 83
19 16
66 52
34 56
57 97
3 73
34 83
16 10
97 24
49 6
95 86
80 41
51 11
32 91
90 64
32 64
13 49
9 19
95 28
50 48
13 13
59 11
13 90
9 54
92 23
67 53
71 69
27 20
55 6
5 50
37 36
4 12
19 14
85 97
67 91
15 59
82 93
67 15
24 46
6 96
39 3
57 58
33 66
14 16
90 26
87 71
46 46
74 69
38 43
50 94
86 64
72 54
32 88
24 56
30 22
19 27
56 25
61 89
3 33
31 35
6 6
96 62
19 49
24 69
30 74
86 46
8 28
99 63
6 61
21 1
75 21
87 27
73 3
4 84
19 68
72 99
81 42
58 13
79 70
13 46
49 19
98 78
39 41
19 73
97 14
4 2
19 67
11 19
79 44
99 82
59 20
1 86
32 66
99 24
47 35
75 11
62 44
92 96
82 93
58 7
26 17
95 47
95 72
7 53
94 82
94 13
69 48
97 7
39 33
4 86
26 47
5 71
23 63
97 84
96 48
96 72
44 13
98 51
23 34
45 36
57 73
6 29
95 42
56 19
60 50
40 40
72 30
60 80
36 51
12 98
72 90
15 66
8 12
2 73
27 19
81 94
14 23
80 23
31 96
17 46
36 28
88 54
83 12
76 51
29 100
79 38
31 22
13 8
40 98
67 90
80 18
52 69
92 55
25 46
47 14
93 47
69 46
66 59
61 45
69 40
26 55
56 83
65 96
60 88
15 12
24 74
2 38
49 74
41 23
25 20
59 78
51 71
95 25
52 52
80 19
91 94
67 20
73 32
7 4
98 74
99 6
34 74
60 28
2 2
37 8
71 74
49 37
41 46
73 86
11 20
63 86
23 24
13 70
38 17
52 72
40 56
70 74
84 90
47 16
78 32
28 65
85 6
98 93
38 91
78 39
40 20
47 96
70 64
90 30
52 50
82 32
21 92
1 9
34 29
47 40
31 69
81 85
100 84
11 69
9 2
12 56
96 18
60 17
90 62
78 82
88 23
95 29
94 62
88 77
75 90
53 8
86 76
93 28
79 79
92 98
18 65
93 20
53 28
71 100
62 45
54 69
51 64
53 8
60 88
21 75
83 47
43 16
91 70
37 44
49 56
88 76
19 82
90 65
39 82
35 77
58 47
25 91
15 33
38 59
39 70
21 60
58 58
49 7
69 89
22 59
17 45
10 100
57 71
83 27
76 34
23 85
87 55
46 62
3 45
54 65
5 67
31 97
16 73
16 58
75 28
22 12
32 75
18 34
66 22
50 71
15 73
37 28
19 30
83 56
17 57
18 99
96 27
65 89
82 38
4 90
10 32
5 92
56 75
26 71
3 46
41 58
87 80
86 18
90 90
89 60
80 77
99 93
83 70
54 91
35 92
65 41
86 18
47 47
77 65
54 70
87 50
56 25
86 36
78 8
68 44
12 21
27 25
85 2
5 43
96 59
35 78
44 100
78 30
77 7
93 75
20 91
30 46
47 28
71 54
55 6
78 13
92 84
85 37
86 40
23 93
68 36
97 72
85 39
45 28
28 22
68 35
93 95
89 31
93 75
76 39
100 15
35 29
99 76
80 44
88 34
62 19
31 91
72 36
76 62
37 57
37 6
9 31
57 51
62 37
44 38
83 67
75 61
84 55
87 14
26 45
83 75
44 53
18 44
25 4
8 99
2 36
20 32
81 80
79 13
69 53
65 14
88 32
7 5
43 88
19 46
39 36
3 6
14 60
75 77
67 58
54 5
45 70
98 15
32 85
76 50
50 21
28 69
31 70
8 19
84 43
10 76
50 58
73 83
63 69
91 77
23 28
38 90
80 27
76 37
52 93
43 4
82 80
92 61
54 20
49 95
31 77
67 70
11 91
71 97
92 77
89 23
48 19
26 7
78 59
34 29
58 89
20 53
51 71
39 9
62 86
9 76
49 7
45 26
58 95
75 70
21 85
67 97
56 17
25 51
64 13
60 29
64 68
69 81
26 66
22 83
49 90
96 7
20 83
2 45
35 68
87 69
28 39
40 57
31 35
47 10
64 82
49 3
76 25
2 91
23 57
55 33
34 67
72 51
24 19
20 16
29 68
100 20
29 50
70 33
2 86
68 91
28 50
66 59
23 49
46 6
63 33
73 24
16 59
96 62
72 1
30 56
53 88
28 27
12 16
31 66
52 35
80 62
31 50
87 80
5 25
10 30
7 2
24 82
16 13
47 74
37 27
26 2
76 64
97 30
77 88
10 90
79 36
52 14
49 57
37 34
73 64
61 10
18 26
22 96
62 88
85 57
10 45
11 88
75 40
70 63
84 42
1 20
51 4
7 68
62 61
11 8
48 45
51 90
47 83
69 55
59 88
41 75
62 30
9 99
34 47
66 22
30 36
38 67
55 65
16 99
33 80
53 40
19 78
96 84
71 28
52 53
88 5
60 52
36 2
44 25
84 40
10 6
29 70
51 98
93 17
1 8
100 68
1 8
52 70
53 49
50 60
45 26
78 98
50 68
71 70
67 98
22 27
78 10
78 84
74 61
25 100
40 40
57 34
45 31
52 82
25 6
34 52
48 91
8 67
49 99
11 43
10 54
16 53
95 16
32 69
33 9
53 24
38 22
83 33
62 78
11 81
59 98
55 78
27 82
36 26
86 60
27 88
69 68
71 5
85 44
60 29
82 44
44 53
93 19
12 67
34 60
45 69
82 33
7 14
8 73
35 42
16 63
72 80
65 84
38 22
6 14
11 74
84 82
48 22
43 53
51 95
78 51
30 14
23 2
58 55
14 77
38 88
85 96
92 3
59 63
7 99
39 4
7 30
36 69
42 73
25 39
37 66
24 45
38 90
28 74
69 78
69 70
20 91
95 80
74 84
94 1
29 2
31 63
10 37
37 55
57 3
4 76
25 95
33 25
59 1
6 72
43 88
86 90
6 8
98 74
44 38
60 89
38 58
56 37
14 23
49 92
41 93
27 39
2 39
20 5
50 59
69 7
38 93
33 68
7 43
48 48
94 88
37 90
77 70
44 87
17 94
63 46
80 90
32 47
58 26
12 96
64 47
37 8
70 7
45 52
3 74
46 88
84 10
27 66
34 34
86 65
48 89
58 97
99 23
29 55
87 32
47 82
87 20
83 26
83 87
4 11
15 80
98 78
43 69
12 40
93 76
97 54
79 96
90 74
75 1
47 16
6 42
19 33
3 64
81 78
65 1
10 65
59 90
35 5
93 31
89 62
69 59
80 77
42 51
49 99
18 65
34 21
3 8
42 93
78 22
50 16
64 41
66 53
87 10
71 36
9 60
51 7
75 89
40 27
88 92
13 64
61 41
80 44
4 11
45 36
59 86
79 97
36 96
6 44
4 16
16 13
19 83
87 12
71 21
36 35
71 61
82 74
16 61
83 73
60 31
88 26
74 37
69 80
80 40
39 99
54 31
48 1
16 33
62 41
96 63
56 50
89 31
60 6
63 15
83 18
51 92
19 92
7 63
65 10
40 73
63 71
9 41
66 35
100 90
63 22
40 68
31 84
91 64
9 25
35 20
78 11
13 84
92 64
2 26
76 100
4 63
9 62
52 88
47 56
70 50
28 66
36 93
12 6
30 19
58 50
80 17
49 42
47 73
25 79
79 89
69 96
91 65
73 90
64 29
8 64
55 48
16 75
53 68
47 47
92 80
68 38
9 91
5 13
58 28
52 75
7 13
57 65
43 96
85 4
49 58
53 76
79 14
71 49
87 25
23 77
51 47
32 93
1 26
80 81
45 46
37 67
77 4
53 56
87 42
31 89
86 13
54 69
13 65
65 17
29 56
62 65
15 74
54 75
60 7
26 20
65 25
82 53
76 60
86 10
7 74
7 13
32 21
52 100
10 92
6 49
77 50
6 7
66 13
37 36
69 29
100 41
64 30
91 7
83 67
21 42
7 65
97 59
27 14
88 42
67 45
68 25
5 80
80 62
41 17
15 33
51 56
11 27
58 95
74 38
83 59
28 23
76 59
47 53
1 47
92 94
33 55
35 79
50 87
9 82
86 29
59 26
33 35
97 93
21 58
22 26
99 38
23 55
54 49
41 50
2 88
81 34
8 33
46 17
24 96
6 83
85 11
34 33
96 25
59 75
99 12
59 70
42 97
4 40
77 33
73 93
98 99
74 96
63 58
37 55
8 61
47 27
25 5
34 42
27 58
48 98
69 42
27 74
69 4
96 3
43 46
52 21
86 53
86 75
34 50
89 92
63 8
86 1
55 43
93 85
87 82
8 27
65 48
84 49
16 7
54 37
27 24
57 34
74 64
58 11
75 48
18 9
16 17
37 4
78 91
59 100
34 5
57 96
22 96
12 94
77 14
72 22
77 98
16 46
72 31
54 62
81 1
34 31
93 57
100 42
74 17
100 68
30 45
68 29
85 60
68 82
24 38
46 71
55 30
42 91
43 58
58 93
4 34
54 39
31 93
27 39
5 52
61 80
29 20
83 61
47 15
77 55
71 16
48 34
17 37
96 27
12 27
66 43
31 31
87 11
87 89
23 70
61 58
41 38
50 51
77 49
93 1
86 61
7 30
67 77
62 99
63 80
84 21
55 21
62 97
76 5
26 24
37 85
99 79
81 77
5 81
6 15
27 85
99 6
68 84
93 9
34 31
71 7
60 33
36 46
84 5
66 8
77 33
85 68
49 1
88 90
43 56
52 97
72 50
91 16
15 95
78 81
95 98
26 60
50 13
64 6
67 36
59 39
20 96
69 8
83 83
80 31
94 59
62 31
78 41
16 54
47 83
84 38
19 36
89 13
38 96
81 36
91 24
88 17
52 68
74 36
82 84
37 64
88 67
41 44
68 16
84 98
29 61
28 8
63 29
56 53
43 68
18 11
40 68
55 70
20 57
17 74
89 78
75 33
75 10
84 59
5 73
28 95
64 38
63 82
57 68
57 59
55 96
82 92
82 2
3 56
59 67
16 53
95 70
80 42
94 64
31 6
37 16
7 22
84 53
19 62
58 89
50 78
6 5
99 73
96 83
59 67
68 16
16 35
52 24
53 61
66 42
60 48
37 30
13 34
38 26
97 25
56 27
35 78
44 20
50 9
15 100
59 62
36 20
74 11
5 73
48 88
92 37
81 43
58 86
87 43
24 6
38 95
49 94
61 83
20 61
90 88
27 78
41 67
58 36
98 37
12 55
70 46
20 63
99 70
21 5
99 74
61 22
48 46
16 49
82 98
94 78
4 89
20 77
83 31
45 86
87 64
6 10
100 20
97 91
99 40
97 32
71 40
18 36
14 36
33 97
39 63
70 96
2 62
19 27
83 22
9 77
34 23
47 86
63 94
69 71
45 35
43 64
78 79
85 11
91 45
27 80
23 32
20 5
59 69
42 37
32 72
80 37
98 43
6 43
21 71
73 92
5 13
10 99
30 82
98 67
32 45
38 35
98 39
70 63
51 61
21 31
30 60
23 94
85 51
70 65
24 33
78 62
70 91
78 35
81 6
100 86
29 56
80 94
72 72
36 28
63 54
21 14
43 35
99 22
38 49
24 33
90 92
43 48
49 42
64 32
80 26
5 77
13 66
28 51
52 38
54 33
45 40
98 43
42 24
94 31
63 91
34 91
20 73
26 94
61 10
17 6
43 69
97 44
98 30
96 10
100 15
75 84
70 5
89 17
14 82
37 31
86 18
53 71
55 50
57 89
69 57
4 49
60 59
83 35
57 65
71 56
59 46
61 31
22 92
62 2
8 47
45 7
78 54
41 72
74 54
32 50
86 6
99 59
54 19
83 81
98 65
28 2
68 98
47 50
86 7
34 49
18 21
12 68
51 27
63 17
34 11
95 21
49 70
100 71
60 33
67 70
21 16
85 19
56 22
18 15
53 4
7 36
81 31
15 37
84 75
72 84
18 3
53 13
75 77
4 75
16 81
61 66
64 34
41 81
34 82
46 92
10 26
67 44
7 33
15 24
33 26
98 26
95 20
65 35
82 54
51 1
35 20
26 97
19 70
84 74
31 71
92 51
41 90
26 69
23 17
56 85
19 32
41 68
15 72
45 59
44 35
95 100
32 45
84 67
88 61
90 40
4 79
15 46
45 41
32 35
23 94
86 100
48 2
97 100
23 8
4 84
2 85
95 21
85 36
87 36
79 34
7 2
8 70
56 17
64 22
43 57
10 87
60 72
54 36
98 2
67 92
43 95
91 72
91 81
91 7
3 56
12 26
53 29
48 87
16 84
9 39
74 41
62 79
79 51
82 65
19 42
6 57
4 13
6 50
36 91
72 96
77 18
89 7
42 70
80 50
53 23
26 6
91 27
76 15
39 2
81 62
3 2
70 97
78 18
28 35
33 6
71 46
12 46
18 47
45 33
71 31
2 99
83 5
77 53
40 39
94 64
66 48
35 63
45 30
1 89
91 78
55 5
11 93
52 23
37 71
29 30
95 82
35 57
51 100
63 58
15 46
98 19
6 32
53 27
78 78
89 28
21 60
44 35
74 27
75 62
48 64
28 27
72 37
61 51
43 12
12 52
16 24
82 3
88 6
21 12
96 82
20 28
29 95
87 40
63 52
58 81
43 50
100 15
18 21
63 27
56 3
12 93
71 29
67 79
54 4
18 95
62 2
37 82
32 10
23 55
76 18
67 2
84 49
20 35
23 34
88 22
43 92
38 16
43 69
37 86
82 32
40 74
49 3
79 63
81 88
87 95
9 75
50 69
74 72
10 40
46 39
37 97
21 62
100 20
34 50
84 6
92 33
98 72
75 50
4 2
84 50
38 96
43 24
94 51
27 28
9 91
90 1
86 35
2 40
12 68
56 45
53 63
91 27
22 45
28 29
20 51
18 30
49 14
2 44
25 88
52 11
30 74
68 38
57 64
13 86
13 4
58 17
26 11
25 54
67 12
96 74
42 49
29 31
45 60
4 53
98 59
20 5
34 70
24 82
67 54
97 46
50 60
90 42
99 80
69 35
29 57
40 34
16 89
5 62
80 28
92 32
57 28
46 32
36 36
57 86
28 61
89 70
25 87
76 3
95 61
96 10
7 53
57 49
47 63
94 4
84 39
72 41
34 35
5 63
49 16
17 31
25 33
51 93
43 61
24 27
59 60
91 42
64 15
97 69
4 80
51 100
37 22
35 19
4 4
82 23
23 11
75 3
23 31
50 70
89 83
83 48
41 65
47 86
40 56
94 58
60 48
88 40
65 12
9 65
100 62
76 93
21 21
63 5
8 89
77 38
87 38
7 81
96 55
70 80
97 45
83 99
91 80
30 7
58 9
52 78
11 32
88 28
6 45
45 14
74 85
25 18
84 60
60 89
15 19
4 63
28 66
34 35
66 50
48 48
60 83
84 89
13 35
22 56
21 64
79 7
29 23
89 28
44 12
46 77
5 12
94 76
50 45
61 85
72 2
50 52
18 8
19 47
17 57
33 29
75 72
42 69
95 83
24 27
52 20
54 45
93 85
32 83
30 31
75 36
71 75
21 51
7 83
56 62
97 94
55 67
58 78
61 82
52 34
53 85
73 51
51 24
79 4
7 61
98 57
8 86
82 78
73 28
37 14
54 65
56 64
39 88
30 32
9 56
75 72
72 23
7 63
41 76
22 35
44 62
90 36
8 88
71 61
54 33
82 75
38 55
16 27
98 56
17 88
14 44
11 53
56 36
82 79
33 82
78 80
1 40
85 28
40 5
68 78
4 71
63 35
28 42
27 19
20 58
21 72
27 73
55 67
98 5
11 73
36 10
91 68
2 98
37 21
4 23
85 61
89 55
42 7
88 78
92 50
26 42
85 34
54 62
92 73
37 98
90 31
21 95
80 55
45 9
50 82
53 52
65 50
5 57
4 2
20 51
56 8
26 68
46 50
10 67
97 98
8 54
43 68
69 4
12 20
25 54
42 80
60 6
48 39
24 28
31 79
94 14
9 16
84 25
4 95
18 75
42 11
98 21
5 74
79 47
21 88
19 65
30 24
13 55
74 82
28 22
65 23
88 10
74 17
87 59
63 90
39 63
31 85
41 24
41 25
21 41
91 50
51 62
12 56
94 53
46 60
3 51
33 77
45 9
30 100
7 77
50 23
14 35
50 16
45 65
2 98
32 47
84 1
50 14
72 66
52 41
57 69
45 28
98 39
17 46
30 73
38 23
61 42
53 87
23 80
2 100
6 21
12 74
42 55
65 80
89 83
16 53
5 15
14 19
35 41
60 81
94 100
12 58
50 14
11 97
84 54
89 3
62 11
9 43
85 88
37 48
38 3
49 74
56 53
33 31
10 2
9 10
79 40
2 9
94 32
68 82
61 67
75 37
20 69
84 37
13 9
21 85
49 16
91 36
50 60
38 17
16 67
61 32
65 17
6 63
71 35
66 34
48 75
83 43
35 92
29 3
61 20
60 3
67 64
67 27
41 55
32 53
1 16
63 34
34 19
55 46
81 38
74 11
40 39
71 61
92 64
96 64
77 49
70 78
95 4
82 1
48 84
28 29
6 8
61 89
47 16
91 30
72 40
2 14
1 12
21 60
94 16
67 34
18 15
90 13
40 64
23 76
52 40
26 5
53 16
16 58
72 8
35 55
8 87
14 43
73 82
5 81
9 41
25 36
54 90
32 99
53 97
76 91
80 51
42 92
100 8
79 57
58 79
56 61
60 100
91 73
94 19
35 87
87 53
12 31
7 43
4 61
89 73
51 46
37 88
36 21
39 53
43 96
13 86
55 44
11 15
22 2
99 55
16 42
80 12
42 85
21 81
4 3
85 45
35 23
78 9
57 93
82 2
86 1
71 81
35 42
28 48
33 57
55 90
100 43
36 31
31 16
20 30
72 74
79 38
71 96
92 39
79 82
32 34
13 37
38 6
20 36
86 83
32 80
75 65
55 96
12 9
41 91
41 17
16 4
20 96
11 38
2 65
4 73
92 86
56 99
57 82
17 11
100 98
50 8
16 78
10 5
38 89
37 65
37 72
62 6
30 95
97 99
23 95
79 57
13 11
28 59
32 83
50 97
41 6
66 56
67 79
46 49
74 69
23 5
30 3
6 49
69 33
39 5
45 95
77 98
76 7
92 57
68 20
7 19
7 34
78 83
78 83
55 31
79 2
50 75
34 34
9 46
53 73
7 94
77 20
19 48
83 53
99 93
54 52
53 71
43 37
4 1
77 83
18 91
92 89
75 43
22 62
84 22
15 5
99 88
80 58
76 5
19 69
47 95
40 10
21 63
40 6
32 15
20 66
15 2
18 78
32 64
11 25
70 39
5 53
88 65
56 2
80 6
59 52
6 88
43 75
25 95
55 86
96 99
59 80
10 60
48 43
93 56
14 47
62 32
50 57
99 40
85 100
30 36
53 12
3 14
85 70
79 12
97 44
51 78
33 64
90 30
60 68
100 41
37 39
73 17
70 13
82 85
9 39
45 83
81 17
18 62
60 89
13 42
85 44
68 80
49 70
16 44
85 95
69 90
5 12
40 76
92 85
59 9
50 7
62 76
35 52
49 47
85 38
73 42
40 80
24 53
37 61
42 54
9 30
61 38
45 29
33 75
10 21
19 94
97 25
54 56
79 71
10 76
16 64
100 87
3 5
64 32
22 95
15 86
92 93
73 61
97 43
19 63
78 13
46 66
38 27
62 69
48 87
89 7
52 39
59 86
78 74
91 88
79 100
53 27
60 31
11 1
19 76
80 93
14 3
18 8
56 59
91 84
60 61
81 88
17 23
97 21
95 100
32 50
28 51
36 85
72 60
32 46
52 50
53 84
30 28
4 58
61 62
2 81
25 57
83 75
55 36
83 94
16 54
62 57
33 33
67 72
53 87
3 62
12 70
41 52
55 76
53 57
33 53
88 83
49 80
52 13
89 30
84 89
45 74
12 27
95 48
74 60
80 75
61 59
95 88
47 30
99 66
4 74
25 67
64 74
39 90
72 8
57 47
88 32
28 8
88 98
76 40
17 40
41 33
54 22
7 42
31 27
26 92
24 46
80 93
73 71
97 89
25 73
80 51
52 38
20 92
62 4
35 43
81 63
81 76
68 82
76 29
61 81
27 82
57 37
2 25
29 26
6 20
93 97
9 44
54 75
1 9
17 5
52 77
30 13
18 1
95 86
31 98
41 65
79 50
59 55
63 60
72 13
99 64
39 29
11 41
48 86
72 91
78 7
17 97
50 16
67 15
20 99
72 76
83 16
29 94
17 71
55 7
37 79
50 100
13 16
14 64
21 3
40 22
42 54
27 77
92 43
1 80
2 53
57 100
23 31
1 58
4 94
91 41
73 54
43 47
9 63
48 26
45 2
53 97
38 52
30 43
16 36
74 6
47 73
50 5
57 54
2 81
29 63
4 100
89 15
62 74
82 6
47 21
18 65
49 26
44 87
11 31
70 45
95 10
19 2
77 20
2 30
100 98
40 93
78 34
21 26
22 37
77 79
31 96
20 99
7 39
81 21
46 40
6 10
53 30
64 81
69 63
23 30
27 7
47 53
77 75
61 17
41 62
42 37
74 34
97 28
19 87
67 57
26 44
51 98
83 64
12 96
3 2
65 30
88 84
22 34
34 58
24 98
89 47
76 88
31 73
30 4
38 94
34 7
71 32
100 75
76 33
23 60
93 78
57 39
34 78
63 58
74 41
30 2
61 95
64 87
60 49
36 39
36 76
25 17
14 100
40 72
22 100
75 58
90 73
61 28
9 93
27 3
64 46
33 100
52 58
90 28
12 1
60 80
97 26
46 94
96 60
10 44
79 22
76 7
65 35
74 22
29 64
34 42
78 38
90 91
20 95
95 15
18 43
74 73
27 9
87 40
79 83
10 41
84 63
67 11
29 89
86 16
59 3
45 78
37 65
70 23
32 97
2 84
97 13
68 56
4 17
13 71
37 49
38 23
21 79
68 91
59 100
94 38
44 47
63 83
54 98
26 39
91 12
94 51
87 42
66 4
55 58
65 20
15 76
68 1
88 29
72 78
3 29
45 68
75 36
53 94
44 89
80 98
35 100
12 60
53 63
22 58
79 41
97 83
9 9
60 84
63 3
10 6
38 49
39 91
10 39
7 90
80 81
35 42
8 29
84 45
100 19
92 79
41 1
54 86
63 4
24 92
6 85
98 83
80 77
96 45
8 72
55 12
7 93
35 49
70 39
5 64
46 76
1 39
48 81
40 93
65 67
91 63
73 43
57 84
51 43
61 69
62 91
26 6
46 32
26 91
85 64
60 37
64 98
24 23
7 67
11 49
33 29
17 25
96 66
38 3
18 39
31 49
92 17
65 40
96 4
37 12
72 37
25 58
54 13
31 33
95 26
33 29
3 58
34 48
87 23
20 93
40 89
99 2
1 4
73 24
63 17
85 68
73 34
87 86
95 28
65 82
31 56
92 14
36 36
5 26
38 30
62 74
36 56
47 83
36 93
84 68
51 40
27 18
85 24
39 76
10 38
51 92
2 35
65 31
17 84
34 48
81 77
67 82
1 11
17 99
90 88
20 46
1 55
27 48
52 22
67 31
46 13
19 42
10 83
92 54
47 72
94 91
69 23
37 6
51 34
80 15
73 85
13 39
11 93
96 57
28 7
44 90
95 40
41 74
81 10
83 17
56 38
29 37
43 89
34 24
14 51
2 36
17 31
16 62
52 43
84 44
64 63
40 20
13 2
73 81
63 1
77 46
60 83
85 7
51 23
91 76
41 46
73 94
32 87
98 30
7 89
87 52
8 8
88 73
58 27
92 23
82 23
35 44
86 58
30 50
100 32
92 56
6 60
45 50
97 5
51 31
1 21
22 3
58 71
69 49
6 19
92 83
16 47
31 64
80 3
78 55
65 19
39 55
26 45
71 39
37 98
7 59
7 11
22 71
97 14
39 92
51 1
27 75
15 58
88 100
57 72
52 3
20 66
66 30
36 35
6 78
67 61
5 51
69 24
28 16
15 4
82 92
17 24
27 65
77 56
52 80
96 47
52 66
95 9
23 43
88 59
91 44
64 55
100 75
53 84
91 26
58 78
79 7
38 19
71 78
8 7
36 52
99 10
71 26
47 55
72 87
15 57
24 59
53 67
9 72
100 56
33 87
40 81
65 58
62 99
88 75
28 98
12 48
53 85
29 75
18 67
79 18
33 92
80 50
97 84
94 38
16 27
28 67
80 65
72 40
76 12
58 23
43 61
52 54
43 72
10 39
85 96
60 4
62 21
14 39
88 44
52 12
69 81
36 17
25 5
89 17
1 36
95 41
68 49
69 83
10 23
26 4
95 4
11 4
48 14
52 38
23 12
45 89
77 93
6 98
84 40
52 98
37 20
1 47
93 72
33 19
7 71
37 16
85 1
1 66
98 34
5 75
4 67
84 40
28 39
29 14
97 10
55 4
31 70
78 63
81 40
41 36
13 21
79 52
75 28
80 3
75 21
58 73
60 82
61 45
82 58
2 51
94 75
76 75
10 21
71 70
28 35
13 19
41 65
76 87
73 68
85 35
3 77
42 47
46 53
81 34
11 82
97 92
55 15
78 91
41 93
37 51
68 99
23 49
28 16
29 83
85 26
56 26
25 10
67 57
32 60
16 76
4 47
30 43
46 7
88 58
13 55
99 29
87 89
80 73
53 86
86 97
75 43
47 7
26 50
14 65
69 25
99 21
77 63
55 18
16 80
9 81
78 89
66 27
49 45
75 22
43 31
57 49
35 22
38 53
87 21
25 93
5 1
31 45
39 29
28 28
40 16
50 47
91 63
48 49
7 42
94 46
82 25
9 53
1 53
16 55
67 20
87 69
24 65
74 35
12 71
70 92
25 77
18 88
41 2
87 4
9 50
27 66
92 18
11 73
48 3
15 39
1 5
57 87
24 19
29 4
76 97
79 29
64 87
79 56
33 94
83 38
91 99
61 62
75 46
67 17
40 25
81 71
9 78
54 35
29 73
58 93
69 18
18 63
35 67
36 64
100 70
97 6
88 97
11 22
99 80
80 85
75 64
60 46
32 66
64 17
43 25
43 54
47 13
36 92
3 80
84 11
32 36
49 42
31 50
85 5
34 88
62 11
88 59
95 97
73 64
80 11
92 80
23 80
67 24
54 24
95 52
74 63
3 37
57 5
13 30
90 57
87 4
81 39
99 91
54 64
67 60
57 39
78 69
39 18
34 60
95 84
45 38
48 42
36 84
9 50
50 86
21 52
96 38
85 26
31 48
77 1
37 95
39 96
33 50
49 4
60 14
54 22
6 78
32 29
71 40
26 80
23 4
85 46
16 30
82 37
77 67
82 39
100 59
48 47
37 82
52 5
25 9
9 3
78 43
85 8
52 33
57 46
91 88
82 36
89 52
5 34
5 51
83 79
40 6
40 89
78 18
58 47
28 28
16 76
76 24
7 21
60 1
72 50
56 65
72 13
93 81
89 9
56 29
26 79
89 27
33 83
33 27
77 37
86 96
31 95
34 49
14 7
17 2
40 69
24 92
77 80
27 40
92 30
65 54
47 11
94 88
64 99
15 71
45 18
17 94
100 29
93 64
50 41
82 82
39 77
43 44
40 100
53 56
54 38
86 19
61 5
80 44
100 6
77 63
54 95
43 93
75 62
36 73
81 72
1 1
84 32
62 32
58 59
99 17
22 50
82 71
33 84
33 54
47 100
3 47
72 19
46 12
71 80
53 24
25 42
88 62
32 6
81 13
57 57
4 98
57 45
99 63
76 14
88 75
48 82
33 49
17 2
75 52
68 30
62 25
50 5
63 74
61 43
64 93
98 75
50 8
68 17
42 90
95 21
32 100
64 71
53 35
54 93
69 44
74 33
33 49
81 23
29 40
13 64
71 94
38 10
51 38
7 8
47 80
94 61
34 53
81 96
74 45
26 4
15 81
31 61
87 14
89 95
24 7
37 64
93 96
20 6
30 10
85 91
83 6
46 94
25 35
23 31
100 60
71 85
51 14
47 46
97 87
65 18
19 100
2 1
81 68
11 5
60 67
43 71
86 53
20 65
14 26
53 61
62 63
29 32
25 5
26 32
91 94
26 77
13 80
38 29
94 87
80 12
87 31
53 25
76 55
2 43
55 32
20 59
20 80
29 27
39 53
46 92
95 43
22 97
69 19
84 51
24 73
76 63
33 81
62 55
28 84
45 4
56 36
38 91
53 40
60 23
8 87
91 67
69 53
43 87
91 11
100 78
97 4
40 5
75 69
77 86
59 66
61 63
76 37
87 43
24 69
86 82
91 9
56 7
41 87
74 65
97 11
24 52
9 79
29 70
61 16
43 14
60 2
54 62
60 77
28 85
58 94
43 86
80 15
50 20
63 71
59 8
52 7
42 71
50 68
77 66
23 53
27 61
98 21
99 75
5 25
27 76
84 8
57 33
27 89
65 96
4 7
63 44
92 49
14 4
78 96
66 96
76 55
70 35
70 16
55 79
73 6
46 30
39 79
6 37
38 52
23 64
6 87
68 27
84 96
51 76
41 19
34 47
35 23
42 75
23 59
45 15
60 21
37 30
46 74
21 88
59 6
72 60
16 26
37 94
51 97
3 42
39 77
58 56
43 34
11 50
78 94
15 35
50 89
66 63
14 87
69 41
90 56
83 95
54 6
3 30
10 36
31 40
4 87
38 76
46 38
43 98
47 33
27 91
60 16
6 26
87 11
26 81
53 28
11 68
70 54
77 45
47 62
96 96
41 64
82 69
56 58
56 64
43 68
30 33
96 35
30 87
49 2
27 100
24 63
55 54
89 9
25 48
36 79
65 46
81 93
39 89
82 94
91 61
72 40
26 62
84 7
43 69
90 64
74 72
31 58
92 73
10 21
34 5
17 44
79 67
74 13
92 96
21 77
67 56
37 66
20 5
77 13
91 84
29 45
86 27
31 28
12 31
81 96
60 31
33 69
7 55
84 51
41 81
44 20
50 36
44 63
46 69
46 100
15 57
73 80
14 20
32 80
68 21
47 36
80 84
12 96
68 50
96 51
42 59
24 99
65 67
19 64
65 31
55 25
69 42
63 36
3 42
14 25
61 28
74 44
14 40
52 89
17 81
24 94
87 48
42 1
98 14
76 54
60 42
99 71
36 50
87 16
45 74
21 30
15 85
12 65
23 53
85 90
26 71
45 20
9 25
37 9
37 83
48 5
87 42
67 9
46 56
29 42
45 77
6 22
54 34
47 91
55 100
7 79
74 98
22 54
37 2
49 17
87 70
41 98
63 66
32 21
58 25
29 97
46 5
26 99
68 12
38 39
51 2
63 71
99 74
47 41
5 27
51 77
87 48
25 30
10 78
24 45
90 13
8 43
20 74
31 74
56 56
19 90
1 27
37 21
75 94
7 44
74 27
43 94
92 7
97 7
67 99
76 32
35 47
29 99
71 74
7 68
76 98
66 55
64 41
66 38
82 31
15 56
84 53
53 54
64 95
72 51
4 65
38 99
51 10
1 16
16 82
50 84
74 68
48 44
32 17
37 73
96 75
98 23
9 84
49 30
80 7
62 56
7 61
43 37
8 54
59 79
100 43
24 5
80 53
86 64
5 84
6 88
72 19
12 89
18 95
83 53
22 93
76 50
70 35
91 35
47 29
96 31
92 75
98 64
100 87
52 26
46 24
40 8
51 37
77 53
11 47
61 37
64 75
1 51
53 95
21 58
57 41
79 33
42 44
15 99
12 22
17 63
15 50
28 21
47 87
75 16
97 47
63 45
38 95
41 17
91 44
21 17
100 93
63 75
76 41
43 96
80 18
37 40
21 66
47 48
16 37
7 52
19 21
51 50
99 12
47 30
49 97
85 54
3 56
11 94
35 87
76 15
65 73
9 78
4 14
11 3
38 77
5 90
22 73
4 70
95 90
61 6
44 23
99 23
37 74
93 80
6 36
99 49
67 65
4 2
44 1
48 3
1 47
97 83
26 54
77 78
85 64
47 68
37 90
17 10
56 51
71 43
38 51
1 60
64 23
49 99
69 54
21 45
70 44
77 63
80 39
35 23
7 100
59 62
71 42
86 14
47 94
44 22
56 27
72 39
32 59
9 38
74 2
81 43
80 81
50 53
27 9
26 60
8 7
84 38
18 64
27 77
54 76
68 41
12 47
20 92
17 14
53 52
66 12
34 6
88 65
90 28
19 35
43 3
8 49
17 4
95 83
87 17
96 22
46 36
13 81
61 32
54 8
62 89
47 79
68 25
50 49
47 81
71 24
52 45
9 96
33 58
93 83
37 40
73 42
76 63
11 17
77 69
59 75
65 92
9 74
46 21
74 51
42 24
8 42
54 91
25 91
93 81
37 52
50 4
35 79
98 9
97 79
49 34
39 24
33 55
70 19
96 31
64 70
83 6
65 74
69 85
61 31
78 14
97 14
30 38
29 57
88 89
66 83
64 22
50 51
15 43
86 85
83 72
35 100
89 81
94 51
97 34
20 80
79 26
56 65
57 40
2 89
99 50
65 92
32 23
44 72
57 80
56 8
79 47
72 37
40 86
54 43
31 35
8 22
49 81
64 22
67 57
11 28
35 15
34 65
28 16
64 44
26 87
87 56
84 85
3 46
71 36
19 100
56 43
14 70
33 1
62 51
50 22
46 12
53 27
11 80
63 69
3 39
93 99
7 38
46 3
96 72
61 75
57 65
56 78
36 23
28 51
87 59
56 39
44 39
42 64
22 41
6 29
33 15
41 100
60 8
99 62
98 51
82 42
51 41
74 49
28 59
7 52
46 92
79 5
15 47
42 94
39 57
32 12
97 93
62 65
42 49
6 17
51 70
34 81
63 28
71 73
37 9
58 17
35 39
58 13
31 41
36 18
5 94
77 5
55 85
87 73
15 14
38 6
36 41
78 34
18 20
41 100
98 21
68 82
40 76
38 32
38 73
88 74
45 73
19 80
51 87
56 29
50 59
27 34
21 52
23 99
16 36
43 64
1 100
33 45
62 29
62 44
38 35
13 49
85 67
3 36
74 56
28 59
94 93
46 21
3 53
93 65
35 84
91 86
62 59
17 80
27 7
85 63
41 88
47 5
49 78
9 56
73 84
84 23
18 98
17 85
16 45
54 4
1 70
76 99
28 75
37 89
12 25
62 28
45 38
32 98
77 57
30 12
1 90
46 92
37 73
63 58
37 5
41 38
48 67
55 43
60 33
71 30
7 54
91 26
43 28
1 42
58 94
98 3
78 61
87 61
27 59
28 84
2 56
19 79
56 55
75 7
2 9
44 9
63 75
13 51
15 59
48 94
44 82
27 53
58 36
100 95
66 37
81 89
31 58
80 9
14 53
50 18
13 24
75 54
92 37
84 26
36 99
32 43
37 58
25 4
24 22
73 36
95 62
76 19
40 53
56 93
7 40
61 9
23 10
79 47
93 44
13 29
58 65
1 80
28 23
66 83
100 45
61 55
48 84
80 23
36 83
70 7
5 6
82 54
55 58
18 78
36 50
77 29
57 84
8 75
54 36
100 40
53 59
40 6
25 92
43 81
28 79
39 66
28 4
58 6
35 94
11 30
87 49
13 29
30 94
24 60
17 41
6 97
3 91
67 83
59 12
4 32
67 22
83 53
42 49
34 78
45 9
69 8
55 60
28 80
35 79
21 87
27 72
87 76
85 12
98 52
65 22
76 54
67 88
45 29
11 63
84 51
76 36
88 6
34 50
38 54
24 88
54 20
12 17
31 52
4 66
71 66
70 29
23 67
65 7
23 89
76 18
44 70
25 77
58 21
83 36
80 89
40 85
56 86
11 70
60 100
29 73
85 35
50 64
57 16
88 69
15 12
31 82
80 87
49 81
27 28
38 60
24 58
29 79
67 89
66 92
27 39
88 12
54 50
27 12
90 47
31 68
64 64
40 80
13 97
58 92
55 55
18 68
40 96
45 35
83 71
21 55
2 36
60 11
69 49
23 73
7 44
14 98
72 65
53 82
83 22
24 25
94 22
92 46
64 50
55 24
26 85
6 64
38 33
99 41
23 45
46 82
77 58
45 32
17 10
97 90
2 28
82 4
84 39
52 15
18 18
70 34
68 86
99 41
47 66
23 5
85 24
40 89
47 36
51 34
7 45
79 76
32 100
39 2
4 24
37 61
45 88
55 99
95 17
49 15
96 55
29 35
37 90
13 84
23 47
32 92
19 57
74 90
99 4
86 22
70 88
75 41
39 49
63 41
21 35
86 68
11 14
68 67
79 10
8 40
97 80
38 46
16 56
72 67
22 71
93 86
85 79
22 50
88 84
14 14
89 39
40 40
2 77
43 55
11 40
28 30
3 98
62 86
7 89
77 72
80 22
83 41
47 45
25 34
12 13
13 56
59 84
17 27
31 100
75 22
93 81
20 17
60 95
81 51
64 5
65 6
68 39
73 29
5 26
66 10
37 51
4 5
80 27
59 68
50 36
32 75
14 43
99 98
5 46
71 1
82 92
62 82
97 43
39 42
36 98
5 15
82 15
79 91
63 15
72 74
14 57
99 57
3 33
64 29
73 4
97 40
62 84
77 22
62 78
87 25
100 12
45 3
87 67
44 63
48 45
20 23
21 27
54 56
37 78
67 54
78 98
57 76
10 14
75 57
41 31
93 17
25 26
12 6
93 79
29 55
62 99
94 17
68 53
58 76
24 6
47 46
50 37
20 67
95 2
90 68
36 77
30 40
24 89
26 85
9 3
99 68
15 1
95 100
17 60
68 53
80 11
89 47
41 70
25 100
53 74
71 24
89 66
91 36
68 68
23 29
88 90
18 65
26 51
9 77
74 86
15 63
38 73
11 95
44 73
33 85
41 46
54 86
98 25
94 6
10 6
26 40
60 75
99 54
69 60
78 49
5 8
33 93
70 40
30 65
38 60
69 72
53 51
4 6
40 1
38 100
22 68
42 21
58 90
82 41
23 49
83 66
24 92
90 16
4 71
28 25
62 51
79 33
23 13
83 39
4 43
88 74
14 93
58 66
88 43
10 24
98 9
81 1
74 26
97 69
66 22
25 83
39 34
26 14
86 64
11 75
42 100
17 23
93 63
7 60
73 70
35 28
23 76
56 20
30 26
37 15
3 14
42 20
23 42
93 69
2 32
87 39
19 16
17 41
39 98
10 73
51 76
36 40
63 33
20 3
29 40
69 18
61 82
34 76
3 31
74 6
82 33
43 91
55 57
14 50
57 82
9 29
77 55
27 82
88 59
33 30
74 91
24 40
90 25
60 42
10 93
57 32
12 79
81 21
5 27
54 75
28 28
60 56
93 11
97 74
84 11
80 4
76 57
87 70
72 5
24 96
57 41
7 15
91 77
53 9
7 98
81 39
1 27
68 88
7 7
24 30
46 54
50 48
53 86
31 94
52 54
60 99
44 95
7 9
63 55
58 98
74 29
49 31
57 35
80 8
70 30
13 55
18 95
81 16
87 41
40 11
36 38
46 99
34 80
94 15
9 100
55 30
18 80
63 48
75 88
25 84
54 64
19 36
47 62
10 86
24 11
42 75
90 87
27 2
26 51
45 9
90 23
93 35
37 20
27 65
81 65
96 92
77 84
10 43
85 81
31 92
60 16
3 98
81 20
28 16
6 31
90 19
54 55
60 30
68 88
63 100
91 22
60 86
84 94
23 15
65 70
15 30
71 1
84 59
68 74
55 21
21 21
24 73
34 73
86 62
55 69
18 74
61 64
47 61
70 17
16 44
10 32
31 37
8 52
29 23
50 89
10 49
58 9
91 8
52 91
46 59
91 74
12 21
37 64
6 82
76 54
8 40
71 8
12 12
19 52
30 54
82 99
18 43
35 22
86 10
35 29
60 6
83 6
46 58
2 30
98 93
55 26
73 13
59 18
14 50
92 83
26 60
35 56
32 47
69 62
36 33
12 28
35 42
68 90
20 12
71 17
71 47
94 78
39 23
40 70
39 22
8 7
71 69
80 47
95 47
27 51
68 88
58 14
25 1
54 13
43 17
18 63
44 49
32 71
36 32
42 4
13 53
39 67
52 56
29 54
46 33
34 41
49 77
30 95
64 84
13 23
28 97
73 22
73 30
34 82
83 70
71 95
54 50
86 56
1 40
26 41
70 55
95 89
76 35
8 10
33 92
20 83
27 10
32 65
73 66
16 33
74 98
88 15
18 37
99 17
94 26
82 71
60 24
72 64
25 95
98 30
30 100
82 64
25 29
96 64
19 89
73 75
53 27
53 38
58 98
90 61
61 22
71 88
44 3
89 43
8 19
86 99
84 21
8 88
9 16
84 88
31 69
40 82
93 83
9 89
26 55
32 34
2 16
30 83
15 15
6 57
73 58
88 22
2 84
48 100
57 32
43 14
52 29
12 77
72 63
50 22
52 84
28 73
41 83
97 69
75 51
43 79
56 8
65 19
49 7
13 22
36 50
67 42
62 3
41 84
38 75
42 81
45 81
80 75
86 87
63 69
74 98
45 38
6 17
21 72
44 91
23 33
10 76
24 46
5 49
26 34
23 68
74 28
62 37
31 2
1 81
40 64
17 100
80 75
76 70
22 39
76 62
20 76
51 51
76 18
59 2
91 38
51 21
45 28
66 6
75 86
65 42
60 83
82 5
8 30
44 39
56 65
79 79
8 56
1 65
90 2
60 46
28 47
92 55
37 71
66 21
4 87
72 79
37 12
46 79
10 3
50 30
2 16
94 65
22 54
44 29
80 44
40 30
54 33
44 83
76 76
8 27
99 56
9 38
37 73
16 68
56 31
67 100
40 81
38 72
23 12
60 50
44 92
42 88
32 70
99 60
16 50
32 68
17 78
54 66
39 15
4 81
7 50
6 71
47 82
5 71
24 49
99 12
87 91
60 32
22 5
70 59
64 83
79 56
56 96
64 53
84 76
6 94
73 94
8 65
1 40
44 73
60 31
3 29
58 27
13 60
79 94
19 52
77 63
100 52
3 76
56 75
14 44
91 52
26 40
72 77
97 67
98 6
7 17
92 1
5 22
20 27
68 62
67 88
74 33
78 71
53 96
85 87
29 45
37 56
63 36
64 23
72 44
100 85
4 76
64 19
30 94
93 69
38 26
75 60
12 32
61 50
28 51
79 80
65 47
55 8
49 57
7 99
98 96
51 87
3 99
42 57
88 97
75 27
67 15
40 72
93 32
48 81
14 91
85 69
79 69
82 67
41 42
36 86
56 89
26 65
76 36
65 23
67 41
54 82
43 84
63 24
53 53
89 5
66 18
25 98
70 54
35 93
12 2
94 61
22 20
85 94
27 26
28 68
65 34
70 23
97 92
69 70
8 33
63 80
40 57
19 19
36 26
53 21
98 98
57 22
96 83
80 94
6 48
74 73
13 52
8 12
71 75
73 22
6 97
32 21
31 7
1 28
2 2
71 90
48 65
79 31
59 19
79 42
72 90
53 39
96 12
62 53
51 99
88 97
35 93
5 40
11 6
71 54
46 16
86 53
62 87
24 20
35 25
72 16
78 21
13 64
1 71
76 45
37 82
17 58
19 5
76 77
53 12
69 38
74 57
67 57
54 83
42 75
73 70
73 90
87 90
69 67
53 80
74 95
61 21
97 49
88 86
60 67
68 62
61 62
95 8
27 10
55 18
44 4
7 71
9 92
28 70
89 58
90 16
23 2
69 96
29 54
60 90
77 37
80 34
61 79
40 29
50 81
23 41
17 26
94 56
81 93
73 14
20 81
41 47
71 61
95 66
37 26
88 10
13 1
99 96
64 14
93 73
93 100
34 96
30 71
62 44
63 24
35 5
1 60
7 66
26 93
86 89
79 55
57 46
25 62
98 84
99 63
8 87
36 63
73 15
47 60
77 14
99 1
77 8
34 61
100 76
23 54
4 83
93 60
5 88
67 69
83 21
99 88
65 100
92 75
67 54
5 36
9 56
4 91
75 75
26 22
86 99
59 67
4 4
34 99
15 52
25 83
98 30
11 17
8 74
21 68
76 36
43 77
78 94
58 66
40 23
56 12
46 95
14 93
87 51
19 82
17 27
37 66
16 71
31 63
56 80
56 8
48 38
84 7
7 11
27 83
87 54
64 71
14 69
3 99
15 12
7 78
41 41
53 29
62 51
77 92
82 87
22 27
90 35
22 29
84 22
11 56
89 46
78 41
8 33
33 61
42 51
89 16
72 17
20 92
63 66
8 61
28 31
73 64
55 18
19 4
5 36
46 86
39 33
77 34
4 64
92 71
33 57
14 33
19 31
39 24
80 73
62 80
89 40
8 3
31 15
18 23
35 63
42 72
22 69
79 50
15 13
60 29
14 43
98 96
29 67
40 97
62 11
61 64
14 63
68 34
31 7
83 17
77 25
31 18
83 43
100 13
33 55
94 1
44 29
60 81
65 97
9 68
65 77
57 38
19 92
82 39
35 41
47 56
44 9
41 82
42 40
82 77
97 60
97 99
28 14
16 86
21 12
94 64
70 17
43 50
79 83
36 71
38 78
23 65
85 7
47 9
39 55
84 14
72 29
35 22
25 47
83 32
93 52
26 85
93 9
87 89
44 58
7 25
99 97
37 27
99 75
7 6
50 60
7 1
97 75
68 23
49 22
78 96
94 45
8 11
47 75
32 25
25 79
82 62
43 74
19 65
44 84
72 78
61 99
10 46
52 79
74 83
36 89
2 19
82 2
95 37
30 11
39 70
86 49
90 31
91 95
85 41
75 92
34 78
99 6
77 6
3 27
61 5
58 84
63 62
82 72
91 83
76 63
53 83
48 91
38 30
75 24
46 17
47 74
58 47
58 37
84 26
98 37
15 12
99 30
53 44
53 50
4 41
55 9
43 85
41 62
87 100
89 39
12 87
8 52
57 29
38 53
1 88
16 89
68 77
49 39
96 41
92 91
84 37
52 28
80 64
58 54
70 74
60 71
73 72
62 100
75 88
72 40
67 4
89 11
90 94
90 95
85 64
8 33
49 30
20 5
8 79
89 47
30 44
81 40
45 75
25 30
95 58
66 41
88 77
2 48
13 30
63 72
48 77
90 95
81 25
92 79
91 2
38 5
18 96
55 30
72 5
66 47
28 60
65 45
6 59
65 90
72 11
13 89
99 54
75 39
6 81
29 80
45 9
59 2
11 27
53 69
39 28
8 73
18 35
51 38
79 98
47 2
20 48
56 19
76 51
60 72
60 53
16 59
15 13
11 36
87 78
93 44
39 1
33 7
5 31
32 3
31 78
90 77
77 22
17 6
8 48
6 52
57 39
68 35
73 9
53 68
82 5
81 44
30 62
14 2
40 47
40 25
79 9
28 63
6 87
33 71
82 69
16 35
17 31
91 4
32 67
91 9
55 92
97 27
41 99
27 74
30 85
15 81
58 60
88 66
25 90
29 60
77 91
49 91
43 66
15 34
5 20
78 26
56 41
53 90
99 91
57 49
90 85
95 88
13 30
2 65
14 38
4 93
22 76
14 81
99 88
1 10
16 91
58 27
44 26
70 93
5 88
56 20
31 64
66 77
21 22
10 57
65 28
84 38
27 42
52 54
5 73
13 31
41 59
53 77
77 78
92 92
73 30
32 74
58 86
51 41
31 78
67 68
37 89
75 76
13 17
21 82
68 32
63 52
79 15
100 6
16 75
41 97
49 13
29 55
88 68
81 81
3 65
18 58
83 5
48 72
96 64
44 59
30 96
82 73
41 9
96 15
4 4
64 67
33 42
14 32
42 88
2 34
48 47
64 3
57 9
56 52
85 48
38 30
46 88
75 86
68 64
65 7
75 37
11 26
18 77
39 22
98 52
6 18
80 29
1 20
4 78
54 92
35 49
14 29
42 75
14 84
16 23
49 45
77 26
95 42
16 32
40 41
43 82
35 51
29 1
42 72
75 90
60 16
75 9
75 45
1 59
29 31
98 26
20 76
48 47
19 9
15 31
67 42
13 47
30 58
83 27
44 90
98 79
54 43
72 98
70 35
42 98
62 71
1 52
59 37
6 22
68 92
61 47
81 28
74 72
70 52
14 95
9 99
51 47
91 4
83 77
62 39
33 68
86 79
1 93
48 10
5 99
85 27
26 46
11 19
10 62
72 92
38 2
55 5
91 37
20 39
52 68
52 39
54 38
68 99
9 86
63 11
95 18
13 93
85 44
39 36
37 57
58 1
33 20
66 22
3 24
8 90
30 6
51 76
88 7
24 62
31 11
86 96
88 45
14 24
31 37
70 19
64 26
80 85
62 3
87 25
97 34
6 87
13 16
10 97
26 15
60 25
6 10
73 46
86 14
28 89
4 80
41 86
42 88
22 14
70 68
34 28
58 15
49 68
60 34
67 33
45 73
13 7
55 18
36 10
76 53
79 16
3 67
90 72
51 67
34 66
91 18
79 92
4 42
28 11
83 99
86 8
31 25
43 2
92 95
83 4
48 23
27 55
90 66
94 69
11 65
80 42
36 80
31 2
43 24
25 2
54 41
70 4
46 77
47 16
23 28
39 18
18 1
20 22
81 62
62 81
39 89
10 81
41 29
89 59
33 82
24 74
96 99
45 94
2 3
61 50
28 46
49 72
77 18
51 53
69 36
3 92
46 27
63 81
36 8
46 17
2 11
61 97
12 66
32 23
52 28
16 24
42 52
66 74
49 39
49 99
49 95
47 8
21 69
5 59
75 92
48 28
94 30
89 100
28 20
7 82
61 75
13 25
99 44
46 80
26 9
98 27
14 43
51 69
95 62
42 70
16 52
58 84
34 50
100 89
98 31
24 93
76 37
12 97
96 52
7 37
32 3
16 97
41 88
98 55
17 22
32 22
11 94
56 34
75 33
80 13
88 37
28 52
86 18
23 100
51 16
62 65
19 93
20 60
7 73
77 1
36 85
54 73
73 68
24 75
100 49
86 55
35 78
80 68
71 33
98 86
31 2
49 90
46 3
8 52
30 15
23 29
46 32
9 1
37 68
20 97
96 15
10 73
59 69
75 40
57 99
11 31
44 25
4 33
1 89
53 94
16 43
