100
2000
21 56
45 90
45 86
40 7
81 1
49 7
50 75
46 50
65 24
12 35
15 11
92 52
41 20
31 5
54 8
96 83
79 34
77 92
8 84
42 16
61 82
20 6
46 22
85 22
20 84
21 43
28 14
69 43
76 68
28 94
25 53
10 63
91 75
74 92
78 98
44 38
25 77
43 79
64 97
2 21
6 14
1 51
77 73
87 74
18 49
16 91
57 90
35 43
71 75
67 4
38 34
53 43
47 13
52 60
68 98
20 70
67 13
1 97
49 91
18 35
34 39
87 88
39 1
38 45
23 51
1 39
50 47
71 98
47 61
56 78
23 52
39 90
19 75
57 5
31 64
62 73
31 78
26 91
39 92
29 21
47 76
93 11
19 88
92 56
65 49
18 36
88 17
100 42
42 10
52 20
15 70
74 53
52 32
34 33
59 7
50 54
52 23
64 47
58 26
22 94
65 36
35 26
14 8
23 45
44 45
50 54
65 92
21 35
87 14
40 23
6 89
26 45
100 89
30 69
60 9
58 91
3 45
21 88
21 62
46 31
33 5
99 35
54 74
7 74
49 19
79 76
69 80
80 52
58 16
54 46
64 81
4 80
1 28
11 1
33 54
52 47
87 100
73 3
20 14
28 40
14 5
74 59
21 84
89 97
63 62
85 68
36 10
43 57
85 65
2 55
4 33
19 40
40 97
26 78
3 20
8 11
50 52
43 10
97 10
49 91
62 41
93 52
75 35
31 54
28 44
47 64
24 24
53 100
86 71
21 50
74 13
23 19
99 49
15 27
79 11
75 48
99 31
55 88
2 5
64 96
31 37
43 59
3 42
91 54
98 64
35 90
68 16
71 33
85 19
29 22
81 59
28 34
37 88
3 85
71 46
46 17
53 50
50 46
23 64
79 92
77 29
33 65
17 38
93 90
67 28
51 43
20 13
84 27
71 65
17 92
78 10
49 33
33 7
91 12
96 62
93 31
34 29
21 85
36 78
62 82
12 53
65 17
79 94
45 56
45 96
65 85
21 73
82 70
78 19
51 11
60 25
95 7
65 43
39 48
32 60
41 10
19 64
18 46
84 61
87 11
31 67
69 34
37 9
49 70
90 75
54 84
78 97
6 23
80 9
37 36
31 66
71 65
55 39
5 34
86 66
19 56
79 30
85 9
12 76
21 93
29 2
91 70
37 33
83 63
70 21
63 40
45 24
69 28
70 81
68 71
65 93
3 83
24 13
80 92
87 5
32 89
80 49
4 22
43 29
69 56
94 42
10 16
20 45
81 47
93 47
70 63
96 18
2 52
63 55
41 65
16 8
38 59
10 81
98 90
80 26
86 68
27 22
57 43
48 81
75 73
74 44
24 48
64 95
92 22
62 37
81 23
56 12
19 46
26 9
56 14
83 44
65 22
32 70
53 70
54 98
49 39
16 42
29 94
100 10
40 14
28 100
86 94
71 43
23 74
51 92
65 44
100 22
51 40
80 47
82 77
12 88
99 81
46 61
96 9
61 84
97 47
5 25
10 46
95 41
69 87
20 70
29 83
95 65
16 26
46 63
84 3
42 89
44 31
41 73
94 23
96 60
50 11
93 87
25 25
50 58
73 65
40 41
54 8
62 1
66 33
66 73
4 22
23 31
60 60
43 97
9 76
45 68
19 13
3 74
51 18
97 21
92 43
17 87
3 70
71 7
35 29
97 69
88 60
23 16
90 28
36 64
8 87
55 98
96 3
68 19
71 69
36 90
8 70
59 22
12 8
35 52
45 66
63 22
8 49
77 89
3 30
91 24
5 75
24 66
61 63
21 25
61 77
17 72
72 96
13 27
44 32
26 52
9 52
25 40
26 98
36 90
83 61
68 20
87 7
79 4
22 58
74 20
17 71
89 55
54 27
74 94
77 21
80 39
58 71
51 62
74 94
2 36
44 71
94 28
39 92
22 54
96 46
65 95
97 17
34 57
5 79
61 10
84 10
1 53
5 93
34 83
81 28
42 94
61 86
6 93
74 31
100 11
6 81
98 82
47 34
10 42
74 99
79 34
67 11
100 81
79 22
82 66
4 26
47 81
40 99
22 64
72 11
24 47
88 96
26 89
52 99
21 11
17 62
83 74
42 85
88 18
26 70
43 59
4 89
82 74
47 35
20 64
19 50
21 95
99 64
24 89
23 79
32 23
86 33
36 56
97 47
10 65
87 86
7 99
86 95
46 92
73 45
81 57
75 58
88 81
31 98
64 13
34 83
24 30
64 61
90 13
56 70
11 70
10 5
35 59
82 50
73 51
50 31
53 84
8 79
45 38
14 80
3 9
36 67
96 86
17 3
90 51
3 98
100 37
40 85
90 28
73 62
75 50
76 41
40 16
17 21
44 83
51 67
3 29
54 63
24 62
96 55
73 23
100 89
56 100
1 57
43 34
8 65
12 22
64 40
60 11
51 38
95 46
16 1
77 86
60 27
91 95
72 81
94 40
83 52
72 32
8 97
65 62
13 58
39 34
37 9
47 23
53 39
90 5
49 76
78 4
47 5
48 16
66 27
71 64
57 29
56 42
80 82
55 75
45 22
76 21
2 18
68 83
53 79
17 13
16 22
46 94
92 76
2 22
58 26
10 76
84 34
71 44
82 60
1 15
70 11
18 70
28 67
59 49
19 29
70 91
81 99
89 26
83 10
51 22
89 35
90 50
40 18
69 7
63 89
49 1
1 9
10 71
69 33
12 20
61 28
95 16
17 5
24 40
91 49
27 25
63 58
29 65
92 92
76 55
82 80
30 47
10 22
4 33
31 15
74 60
1 30
12 73
100 70
69 5
4 50
40 78
34 69
41 16
99 38
42 53
34 79
22 81
37 19
67 98
94 4
70 40
71 62
29 3
64 41
46 23
51 88
7 64
29 58
43 30
45 38
13 45
19 53
37 53
82 72
67 6
90 98
55 55
38 21
63 93
19 79
25 63
13 21
86 10
32 45
4 36
100 58
86 79
51 95
68 96
71 52
71 13
43 82
81 54
10 88
64 75
34 29
44 49
97 3
2 64
45 44
98 42
26 37
90 26
51 34
97 81
29 18
44 10
76 69
98 87
32 23
11 84
85 40
97 66
83 21
12 43
2 50
83 19
45 90
87 45
96 18
84 80
96 72
51 27
5 79
25 6
34 100
55 6
11 3
54 65
50 98
69 93
66 48
9 7
33 50
95 1
90 11
88 66
25 95
46 28
76 48
61 49
76 77
40 15
72 78
38 27
49 76
7 12
42 50
40 21
67 98
4 90
69 9
98 38
70 65
79 12
78 40
15 68
88 8
3 40
4 87
40 47
74 3
23 80
100 40
19 34
13 70
14 21
27 95
1 26
68 27
2 64
58 40
59 59
13 5
82 28
29 44
92 71
64 25
97 25
18 86
85 89
88 52
65 65
76 91
5 91
65 5
45 85
70 68
84 49
85 69
9 41
24 80
38 60
16 5
42 26
58 24
68 84
100 3
46 72
80 37
64 3
1 2
26 98
71 73
54 69
9 67
5 12
93 35
53 96
58 82
40 51
4 80
33 72
94 30
82 31
95 80
91 40
24 19
47 19
39 21
46 67
10 46
9 79
71 4
47 46
41 78
33 64
75 20
50 99
10 24
62 12
1 32
5 91
53 78
51 93
9 90
6 8
19 32
67 31
93 44
20 55
72 93
82 12
40 42
83 82
14 87
11 56
88 39
17 99
28 77
56 46
59 10
5 47
17 34
35 41
20 60
23 18
83 54
48 71
32 96
21 89
7 62
1 4
44 22
83 88
45 73
86 59
3 54
39 86
8 88
80 68
42 43
40 1
61 99
70 16
63 93
27 20
67 1
43 11
19 47
12 62
66 6
11 11
12 99
51 75
13 25
32 71
4 2
82 40
91 86
99 52
60 63
25 68
85 81
24 26
76 99
29 22
51 20
69 5
30 23
63 16
93 15
12 63
39 79
24 86
100 98
29 83
88 31
92 23
53 33
33 62
74 96
35 49
60 12
2 19
74 10
57 99
95 49
40 11
83 25
86 66
74 94
59 17
51 4
65 43
96 19
19 41
26 75
50 11
2 3
35 80
40 42
46 72
11 46
11 52
29 52
7 34
37 5
22 42
57 46
35 51
42 15
70 84
9 1
39 81
35 92
11 58
74 28
51 34
59 83
9 33
59 36
85 98
20 78
52 22
55 46
91 66
88 11
4 32
31 71
95 17
49 32
18 24
92 88
57 16
36 24
42 44
90 97
46 22
58 80
63 19
8 46
94 47
77 96
63 99
28 75
48 62
44 24
11 23
7 64
66 43
23 35
51 60
10 27
61 68
16 72
41 91
54 17
83 3
93 44
8 27
35 65
95 79
43 77
98 1
58 64
10 6
76 55
97 94
47 52
28 26
11 88
38 100
50 12
62 8
58 47
3 74
36 13
98 23
80 58
59 43
83 97
83 23
57 23
44 38
57 9
96 2
63 83
42 64
27 8
81 43
22 48
73 73
53 92
30 30
22 37
87 34
2 75
61 30
8 18
49 84
83 69
79 61
21 9
41 42
83 44
34 64
96 4
81 38
48 41
39 10
24 31
57 72
38 55
32 19
90 68
93 31
90 86
94 75
92 45
19 59
13 16
57 61
20 71
68 81
63 23
21 26
96 68
98 72
17 93
65 6
45 100
88 34
80 46
15 91
71 49
61 32
72 13
14 51
67 51
85 25
70 41
74 65
57 89
100 74
94 43
84 96
80 6
10 13
33 54
4 76
65 83
86 19
57 34
38 98
14 44
85 8
42 48
62 78
23 50
54 44
19 75
84 16
95 68
34 60
58 74
57 97
18 21
91 77
20 46
17 74
90 37
81 31
73 43
39 13
11 84
96 81
26 57
35 36
75 58
31 91
96 29
75 18
45 60
86 87
60 75
21 36
50 63
5 98
64 59
40 20
97 4
25 74
33 92
46 2
98 41
59 73
41 51
18 71
63 41
33 40
56 49
83 88
46 76
7 43
32 52
19 53
13 62
51 70
70 37
87 78
68 84
70 61
97 31
94 34
51 23
66 20
92 11
95 75
72 33
15 48
32 96
64 12
12 42
25 98
61 39
71 47
58 73
32 74
26 4
83 99
18 63
48 30
68 29
55 77
29 81
48 60
60 54
67 36
44 20
68 19
100 12
34 44
17 99
19 100
37 66
28 48
24 100
21 60
2 67
63 36
58 88
40 98
12 86
76 26
55 80
96 54
20 49
15 63
74 13
72 26
84 59
2 29
14 24
83 47
14 41
76 42
94 58
29 15
86 39
53 40
85 93
39 81
44 70
86 56
41 81
41 42
49 60
45 37
32 53
25 22
1 9
62 88
100 49
51 35
7 57
71 48
2 34
34 10
96 41
61 64
20 55
87 77
16 2
89 84
85 32
88 28
34 37
88 14
10 57
60 67
11 68
7 30
67 65
7 62
77 21
22 65
8 97
22 13
2 54
40 63
56 10
91 26
81 22
20 9
29 42
60 44
91 35
78 94
41 44
57 56
4 14
3 34
16 6
87 96
44 65
45 73
76 66
98 99
16 4
13 99
30 9
49 14
28 87
4 42
83 56
81 15
35 17
79 81
7 59
40 26
83 17
78 79
63 84
20 28
86 80
85 42
70 81
56 81
13 61
73 10
84 95
48 78
55 22
66 10
10 98
51 90
17 69
10 6
51 80
85 82
58 35
43 72
21 70
57 9
13 78
96 4
7 8
21 43
4 17
45 26
20 27
35 21
14 96
46 43
3 97
50 54
56 35
74 2
17 16
80 23
57 17
35 41
76 72
17 74
12 4
79 81
51 82
21 87
48 25
8 37
23 72
67 49
91 18
32 48
57 39
90 94
27 65
29 86
77 66
10 91
28 64
27 99
91 97
28 80
14 99
27 71
57 42
33 86
34 64
61 48
7 21
43 31
50 11
60 6
38 34
19 95
68 92
18 38
43 70
42 47
18 50
19 15
61 47
59 4
97 59
24 69
26 52
60 3
66 46
73 15
92 18
100 73
96 77
75 20
6 76
84 75
98 93
24 5
37 54
70 17
41 37
17 18
19 58
68 39
30 17
23 47
32 86
60 50
31 5
58 9
5 24
22 40
70 65
12 42
92 8
1 68
85 92
41 92
31 16
79 23
62 75
40 10
42 15
97 27
57 11
26 25
52 30
15 79
73 72
70 9
45 89
71 19
55 34
62 82
82 96
80 34
11 83
72 35
25 33
72 46
71 3
77 3
50 35
41 72
13 97
29 18
19 79
67 86
96 25
16 41
58 16
12 39
40 2
14 88
93 85
31 79
64 26
13 67
39 81
62 53
71 71
9 28
82 38
83 14
61 65
89 4
9 59
77 13
90 69
12 33
18 44
99 2
61 82
14 92
71 71
76 41
24 31
15 34
26 52
27 71
18 19
68 14
84 48
72 42
30 87
43 80
25 99
86 51
9 95
57 33
23 6
34 76
42 31
49 94
32 77
25 83
2 30
44 93
51 93
34 66
85 24
44 56
62 66
26 98
38 11
16 28
93 27
67 3
12 47
98 90
40 60
97 27
60 44
37 15
16 52
27 94
75 56
48 58
30 65
9 14
82 67
32 22
20 17
92 40
60 91
30 97
17 16
19 69
94 78
83 78
68 55
51 82
60 83
32 6
99 11
40 96
61 15
41 46
13 19
32 99
37 87
65 75
16 68
14 51
48 99
73 72
34 89
13 5
82 84
89 70
38 77
90 74
83 96
23 84
72 100
11 34
42 88
98 73
79 74
23 28
4 6
48 99
48 60
77 23
75 41
54 43
16 16
62 43
52 74
66 9
61 3
74 96
51 9
48 44
27 66
6 63
9 58
54 77
89 62
62 54
86 69
20 42
33 6
100 21
21 74
63 75
24 45
83 3
8 38
66 40
50 8
38 7
28 23
38 46
56 21
27 79
26 12
83 19
59 69
13 55
62 54
62 95
94 22
45 50
68 94
14 72
74 61
37 59
75 2
50 88
58 75
69 24
95 87
80 86
24 17
32 65
94 3
21 31
72 17
86 82
42 84
63 60
50 3
35 16
3 30
97 56
56 68
46 66
55 95
65 1
96 19
50 30
83 4
58 28
63 16
99 2
78 20
72 86
42 13
88 23
39 17
70 19
14 43
65 36
14 99
35 85
37 88
78 43
70 32
97 7
17 61
10 27
60 29
74 99
78 23
97 77
46 86
17 51
1 34
36 33
19 50
11 100
79 91
28 87
83 61
41 87
53 38
87 84
39 25
48 76
58 79
61 28
23 2
7 47
20 98
97 32
99 67
45 50
59 28
22 54
40 22
50 93
18 37
22 24
5 7
61 93
13 33
87 52
55 87
76 27
61 10
95 58
43 84
81 19
70 11
50 6
93 23
32 42
45 76
73 1
97 59
19 85
4 44
52 61
31 23
9 46
66 98
29 65
6 52
36 53
55 6
87 2
66 6
81 44
33 25
13 21
93 53
65 97
44 14
24 97
27 71
52 9
38 52
32 7
90 16
6 9
84 75
62 37
90 26
19 75
81 51
93 92
84 77
3 56
46 37
81 53
33 97
59 49
99 81
1 81
15 61
86 97
49 52
50 81
25 39
46 12
68 43
37 70
99 53
96 66
90 28
1 98
26 92
36 88
8 82
81 94
6 92
33 76
82 59
37 55
9 25
51 42
5 4
73 86
7 66
85 18
24 39
67 65
17 20
63 22
6 69
61 26
27 55
47 13
1 88
12 43
72 30
90 90
88 16
57 13
13 35
61 22
80 3
22 25
73 37
55 59
48 48
63 80
6 91
91 86
40 3
36 3
43 93
100 39
10 82
82 28
48 35
33 37
25 89
90 93
42 29
76 61
39 7
8 89
44 10
74 68
40 87
6 69
6 53
28 72
43 8
16 28
45 6
50 91
54 7
11 74
82 8
7 75
13 88
13 7
76 97
42 87
71 76
97 81
66 10
11 95
73 43
1 69
52 50
52 12
5 24
7 41
17 62
16 1
68 31
64 51
52 86
49 4
98 71
27 21
98 5
48 45
26 76
25 85
1 45
46 97
82 58
37 71
31 34
78 64
33 2
79 50
12 74
35 85
25 3
39 38
12 84
10 75
72 24
50 60
32 77
72 89
1 95
47 64
25 35
28 9
39 74
20 97
54 54
61 25
45 93
51 23
67 76
67 36
4 68
75 45
47 69
24 95
11 41
84 19
5 64
45 39
31 3
20 32
90 17
37 86
73 67
75 71
5 17
1 29
4 71
44 90
31 100
78 39
54 100
12 13
38 70
24 4
23 49
49 60
24 16
76 33
46 88
7 15
59 46
75 5
24 82
1 10
47 38
75 87
36 28
84 27
66 17
22 41
22 72
69 53
19 66
47 21
34 44
24 13
57 36
9 63
37 42
89 28
49 34
23 55
41 74
89 4
38 71
91 79
63 84
17 9
1 16
55 15
31 78
48 9
80 54
34 49
15 9
23 35
79 16
15 48
36 24
18 62
43 63
70 38
50 77
35 4
74 75
85 36
100 35
68 82
77 22
65 82
65 21
57 75
84 38
26 46
27 58
88 29
86 9
96 13
65 26
69 11
29 27
37 36
32 78
76 51
49 37
50 43
24 87
23 17
33 58
84 42
3 46
54 11
20 59
7 80
80 47
99 80
98 91
25 80
22 70
99 35
61 44
11 55
23 18
90 93
68 45
28 100
87 81
71 61
72 32
22 82
63 94
46 22
63 70
75 86
60 70
67 45
78 32
91 39
23 91
90 26
72 98
48 93
63 94
88 67
49 72
25 57
81 44
98 65
31 76
74 71
64 97
86 13
94 9
98 88
98 100
25 46
36 76
53 69
41 22
23 99
71 55
26 45
9 66
30 94
48 88
71 11
10 88
60 6
25 52
68 48
38 78
13 8
10 13
45 83
59 18
29 19
84 85
82 99
12 45
37 89
72 100
14 66
5 60
15 38
34 6
85 4
18 76
30 97
43 45
