120
432
32 72
53 23
58 61
86 18
18 11
78 29
117 107
3 67
57 66
119 49
65 11
47 48
77 54
65 3
120 85
28 70
27 29
90 26
20 80
100 105
47 65
70 41
67 98
113 61
92 72
33 113
115 41
61 90
69 56
85 54
62 84
7 41
120 92
16 36
23 46
111 16
85 13
86 17
4 91
106 92
79 57
29 83
47 83
96 106
13 79
90 31
95 26
44 27
52 3
38 66
82 118
41 43
12 78
53 32
58 42
77 46
94 82
59 78
120 120
93 16
113 69
95 105
55 73
114 85
78 62
112 58
108 40
9 84
19 39
101 82
56 99
42 76
114 117
25 12
37 108
91 96
114 63
110 21
85 35
50 95
87 2
34 106
15 80
76 18
95 108
38 7
50 36
112 42
42 23
33 119
43 80
37 116
106 118
28 41
111 52
30 99
98 98
40 117
103 7
52 75
85 82
13 52
113 51
59 6
23 117
10 107
72 19
74 88
47 116
90 119
94 113
77 16
70 5
95 18
44 87
45 109
115 60
102 62
68 111
8 57
59 11
52 12
60 86
118 28
2 96
119 4
33 34
120 9
23 100
103 117
6 98
59 52
109 65
53 53
11 3
105 110
52 12
120 14
77 62
117 60
2 34
9 106
106 61
7 41
109 8
90 100
103 78
96 39
74 67
67 100
113 43
43 42
54 89
46 119
14 73
39 41
61 79
84 44
76 68
97 19
71 120
7 19
48 76
58 110
93 79
35 114
11 26
114 18
103 46
92 78
50 52
46 31
113 4
2 15
43 79
66 83
72 118
88 56
35 17
36 66
59 4
102 11
29 71
51 82
51 50
86 107
52 94
119 17
74 106
19 63
98 104
98 100
32 18
81 39
98 102
21 45
67 64
32 107
53 37
15 43
24 108
108 5
117 72
2 100
44 34
29 102
13 40
64 17
27 100
37 100
34 2
6 91
4 61
73 2
81 93
101 102
25 120
70 12
114 40
96 23
71 25
10 58
85 57
43 80
44 116
49 104
80 34
73 93
1 71
24 84
66 117
94 35
56 86
54 65
20 118
39 2
29 99
20 5
75 27
25 35
82 83
18 29
30 110
33 77
75 74
19 37
54 103
58 70
56 19
58 3
74 55
88 60
87 89
120 105
36 60
58 8
118 51
33 117
55 25
2 111
119 2
48 102
29 119
35 84
51 56
107 74
53 40
96 91
57 104
42 95
101 60
52 16
19 50
25 51
33 113
80 113
1 69
104 31
120 114
7 55
30 14
13 45
105 65
118 104
6 24
66 39
67 99
103 12
40 68
70 86
85 17
61 64
94 44
77 110
48 21
104 52
7 38
38 82
90 77
55 101
77 79
97 80
89 45
95 71
67 98
117 70
54 70
68 85
57 11
89 76
88 30
72 79
116 91
22 117
94 79
85 46
95 27
1 112
59 27
91 68
29 14
111 73
71 7
32 79
110 80
43 112
113 100
69 100
86 60
98 81
55 36
100 111
86 54
12 86
100 74
63 17
87 14
1 79
58 118
112 27
13 7
9 119
99 64
71 11
30 88
40 10
111 51
84 105
1 116
40 49
107 69
67 87
107 107
116 105
55 85
79 117
22 31
109 85
20 20
76 107
59 20
78 75
75 14
22 110
7 9
12 112
67 18
73 71
60 110
112 84
98 1
98 91
54 1
19 115
52 96
117 111
108 90
36 43
36 20
107 77
1 19
26 4
15 57
8 98
81 36
29 16
67 116
13 90
2 76
35 71
9 6
4 103
64 84
76 36
1 12
109 111
112 95
41 40
50 98
88 8
113 10
90 106
64 59
14 35
102 20
33 36
78 87
45 110
107 25
20 105
65 68
40 37
76 102
20 6
8 21
82 111
47 47
22 79
25 52
119 26
46 120
25 112
8 117
112 63
21 33
8 4
27 35
98 77
77 84
27 59
58 49
38 51
