120
7200
87 117
29 1
28 91
108 70
53 53
24 29
82 85
70 75
35 27
60 17
44 78
75 87
94 115
55 99
75 93
114 63
54 57
118 71
87 86
94 37
115 35
50 42
12 63
118 40
93 34
82 44
76 82
117 95
119 56
102 18
72 109
113 44
12 27
9 59
68 29
77 95
92 2
105 89
37 71
79 88
9 87
9 90
102 22
107 90
28 85
44 19
57 17
113 38
22 110
52 23
42 18
19 95
45 118
36 30
96 32
2 106
79 74
120 66
116 88
16 17
63 117
18 41
77 98
43 37
68 120
40 43
42 67
35 43
100 25
51 99
21 49
5 2
116 32
11 113
16 60
42 24
108 70
86 116
57 89
39 52
33 119
84 25
53 52
94 102
55 87
15 90
53 83
116 120
30 75
70 68
29 59
113 36
95 52
56 72
68 79
107 92
79 87
94 101
29 84
112 95
12 57
75 78
27 36
117 13
116 7
39 113
82 30
19 29
53 88
58 20
100 7
112 120
109 2
39 116
72 115
104 8
63 101
117 45
6 20
2 94
37 96
70 85
7 25
87 81
78 96
24 24
67 8
78 61
47 91
32 18
107 75
7 47
71 112
111 1
101 12
118 2
88 102
49 46
80 90
35 75
66 17
19 2
7 100
78 22
72 16
64 100
57 119
77 29
20 55
33 110
116 119
93 1
26 35
44 9
31 49
109 114
12 109
66 67
32 72
114 66
49 65
106 86
33 119
68 86
73 112
20 2
13 39
32 37
105 77
103 97
116 103
19 13
38 110
58 111
67 53
94 2
105 83
94 93
54 82
42 61
89 26
115 36
62 18
94 100
84 39
80 73
2 3
31 62
110 9
91 42
79 108
30 77
84 49
56 39
80 97
11 44
101 77
32 104
54 60
99 44
20 106
100 81
34 11
45 44
111 14
18 34
40 57
48 51
102 112
7 30
58 62
117 67
32 42
8 110
103 85
114 78
38 40
86 45
41 73
13 116
91 65
79 30
51 117
72 34
26 4
60 105
84 61
44 104
46 108
100 103
91 75
50 29
117 21
99 30
119 18
57 22
67 72
21 97
107 36
110 49
33 40
3 115
117 46
52 14
33 66
19 105
39 9
27 54
66 40
112 114
79 76
81 74
103 85
109 59
13 50
49 104
95 120
115 56
113 34
104 107
21 24
71 117
25 92
2 11
18 95
18 22
102 107
118 53
72 54
63 11
97 26
95 84
72 51
69 37
117 10
48 83
28 50
94 92
104 32
9 12
52 105
70 106
81 56
49 51
63 119
67 104
86 52
40 112
7 114
105 33
5 60
16 36
37 47
111 105
55 33
69 90
109 1
7 40
42 62
30 35
23 110
115 71
20 32
94 82
117 86
100 69
100 109
36 24
22 2
39 78
44 34
17 95
78 74
25 25
44 90
106 116
8 59
86 30
53 21
113 66
88 51
9 77
13 34
63 113
7 65
120 81
33 39
109 116
50 36
77 58
77 72
120 57
60 108
68 31
95 37
84 20
96 29
7 65
45 64
23 54
76 105
29 111
70 50
74 37
75 30
30 61
21 91
74 120
46 92
72 96
60 65
46 72
30 30
59 29
85 5
84 35
72 71
45 6
80 87
50 31
6 69
23 80
96 49
40 92
9 67
72 109
70 107
41 117
83 30
93 28
10 29
98 17
95 34
20 69
99 66
92 86
28 85
21 3
9 13
14 84
55 105
96 17
58 70
8 1
42 95
43 18
53 57
93 118
84 39
53 46
86 32
27 60
66 87
108 70
17 94
76 61
22 30
62 100
9 101
71 5
7 64
104 74
85 14
65 74
46 99
13 18
96 39
85 19
18 79
16 42
38 100
1 88
90 80
11 112
35 57
99 61
7 38
22 34
5 88
77 83
100 90
70 92
17 56
52 53
80 81
68 61
63 29
119 28
26 115
96 38
103 28
84 42
42 14
23 19
21 86
27 95
103 113
51 96
39 89
17 55
38 102
73 114
114 16
19 69
76 36
62 70
115 31
78 47
37 88
18 65
4 47
74 106
100 15
40 46
70 49
42 5
87 10
68 14
73 47
78 61
72 40
38 85
72 10
58 103
2 38
91 38
104 32
30 46
45 71
80 37
76 63
27 116
42 102
95 25
42 77
113 9
57 2
2 60
12 16
118 76
28 21
120 108
26 104
111 18
55 93
67 22
105 47
85 30
60 59
92 17
67 85
18 74
98 73
55 65
69 38
33 37
64 9
73 117
109 85
75 87
52 45
100 19
3 5
66 108
43 116
4 30
118 71
65 42
31 118
55 81
89 42
27 35
71 33
54 76
112 106
8 119
106 40
73 4
29 98
14 14
111 78
51 114
35 97
93 40
12 93
105 118
60 114
113 7
45 110
111 49
44 105
53 7
118 98
9 113
44 56
110 5
33 119
110 82
89 87
25 39
24 91
5 66
44 117
22 42
91 1
89 31
5 89
101 83
109 92
106 106
5 97
25 67
118 96
61 15
113 62
21 95
2 53
3 62
75 29
56 64
91 10
4 58
89 23
96 45
3 90
77 9
7 100
99 48
6 20
78 53
17 59
10 5
15 31
104 112
88 54
97 47
55 19
113 26
84 84
5 31
61 116
72 10
76 21
65 32
109 71
1 8
31 16
70 35
2 91
12 116
20 107
19 60
36 118
81 36
111 105
5 26
24 58
31 75
75 32
88 31
86 114
30 68
48 105
28 89
15 106
48 31
60 17
90 107
54 78
85 70
93 57
79 81
94 96
8 5
56 15
92 90
110 96
40 105
42 75
23 59
15 68
103 119
109 17
52 93
18 21
120 98
77 83
45 45
101 10
103 83
107 52
102 113
26 119
86 71
93 110
109 69
20 82
16 110
3 41
54 77
6 22
109 108
5 76
88 51
71 81
57 18
17 50
12 19
12 114
46 105
5 64
94 70
4 71
92 40
100 90
79 33
93 53
77 93
55 48
113 34
66 98
10 61
14 115
99 10
11 113
24 32
67 72
23 5
110 26
8 13
116 57
116 107
111 40
76 30
15 15
15 85
9 97
44 19
46 82
55 73
89 88
81 35
4 105
31 47
116 39
99 107
67 51
61 1
56 98
71 66
37 25
31 8
79 26
35 96
50 69
66 88
96 117
112 102
44 54
102 52
49 79
51 12
106 114
52 79
86 76
106 8
95 56
10 75
3 72
65 105
108 97
51 101
57 3
43 38
80 8
81 63
47 34
112 18
39 109
41 106
95 30
118 94
68 99
92 62
67 97
67 46
10 9
72 27
9 29
110 108
87 25
61 14
108 99
64 37
35 36
9 10
56 8
15 69
33 95
81 60
109 21
96 64
90 49
39 70
72 50
87 23
88 32
65 87
70 61
60 104
19 71
42 87
13 53
59 98
16 117
10 57
35 27
43 113
120 85
20 110
91 74
23 27
87 60
32 41
55 76
14 100
58 93
26 48
1 69
49 71
101 102
78 117
17 8
74 11
84 86
108 101
27 28
110 103
106 16
25 97
99 51
20 8
117 72
33 114
83 4
38 13
10 27
42 100
30 16
2 103
110 108
49 44
54 117
74 21
113 82
42 98
72 74
73 43
61 70
66 76
85 4
46 45
107 4
17 79
78 103
14 45
46 24
46 35
29 33
79 40
83 52
102 60
5 29
85 116
61 96
1 68
41 70
87 2
6 87
23 81
90 16
57 78
111 71
114 112
120 103
115 3
16 67
104 2
39 13
101 46
78 66
52 60
65 36
94 113
48 110
78 47
63 71
115 49
16 26
47 30
21 42
46 86
59 56
100 74
21 108
64 22
98 9
91 120
70 87
80 89
19 47
34 22
67 94
37 77
38 109
35 92
58 14
73 45
93 93
16 63
58 66
30 79
22 119
24 45
102 54
35 28
83 55
29 38
108 74
83 99
108 109
5 91
89 52
64 10
47 91
3 13
46 5
92 59
83 114
91 22
99 98
63 39
103 88
66 41
12 102
93 78
19 106
75 8
4 81
41 11
77 10
72 92
82 80
36 27
108 64
85 62
77 56
59 95
79 85
72 100
109 31
102 26
13 53
51 49
56 120
49 90
81 67
4 103
62 119
117 34
64 74
17 59
90 100
105 73
9 29
87 42
9 40
34 45
111 42
1 74
97 23
74 11
9 32
5 99
35 104
19 45
26 33
113 28
47 60
16 41
39 63
115 36
98 43
61 76
120 98
38 19
18 80
67 13
39 43
115 5
80 100
68 48
3 49
39 120
32 23
120 93
44 35
24 55
68 114
34 17
96 96
14 73
62 111
19 14
83 65
105 25
83 58
63 46
47 67
2 51
48 38
30 117
112 34
20 97
96 86
5 77
120 72
52 54
65 31
69 85
88 32
70 90
111 93
31 29
98 81
29 87
86 35
15 40
118 63
2 61
102 5
94 55
41 77
43 61
30 41
13 16
78 73
13 17
31 119
81 114
51 19
78 74
15 114
83 32
34 45
29 115
80 103
75 95
57 119
50 9
36 62
92 63
55 1
27 97
2 38
46 83
3 8
18 65
120 64
64 28
7 70
13 8
106 87
27 63
104 28
113 29
59 68
26 80
3 64
86 88
76 40
73 48
76 43
91 2
97 117
85 77
84 27
60 61
38 40
97 29
86 109
116 107
33 73
9 13
21 28
49 10
12 13
24 109
48 42
62 91
72 103
9 84
48 6
8 35
79 113
42 49
2 91
80 84
76 76
117 85
50 20
101 62
47 33
55 113
106 39
38 81
57 54
37 3
71 91
2 119
21 54
46 76
93 81
2 7
62 113
22 80
20 68
17 32
47 57
86 84
56 87
66 115
9 35
60 8
71 86
63 116
58 91
105 20
76 114
112 92
31 116
60 2
54 66
78 90
33 113
28 35
64 79
3 51
21 49
23 86
102 45
26 7
71 90
41 24
89 76
109 47
6 95
10 111
62 102
108 88
2 58
32 57
35 59
7 80
77 80
13 5
92 52
105 81
117 3
30 40
1 74
1 62
92 8
76 108
29 72
75 106
25 5
28 67
112 110
74 76
118 11
113 59
68 95
25 79
45 66
117 72
3 64
13 9
44 92
45 19
51 7
74 101
95 119
70 63
77 97
25 10
63 9
43 19
18 76
108 101
37 28
39 55
13 29
49 102
2 93
35 92
5 75
118 64
45 32
101 66
35 97
44 66
2 12
65 54
15 32
36 72
14 105
54 95
49 81
78 107
113 78
31 35
101 26
26 10
106 71
66 71
20 71
13 69
58 67
4 119
86 102
97 118
96 36
38 59
117 15
50 67
120 69
55 4
98 68
9 109
105 117
90 83
113 68
49 92
90 15
72 45
37 25
43 67
111 45
64 65
17 18
75 45
74 24
84 31
68 23
102 107
116 15
34 73
48 120
65 8
88 48
113 26
118 75
2 87
43 29
10 66
50 88
32 84
80 14
93 93
85 5
105 38
71 108
114 43
45 23
15 56
82 14
15 36
67 41
8 117
119 66
28 41
82 120
5 33
94 9
25 40
26 20
85 77
7 68
44 51
105 86
104 60
108 11
74 48
87 113
70 117
79 83
57 111
36 32
80 112
65 106
30 118
109 59
109 95
94 106
59 43
51 118
104 118
38 109
103 120
46 82
90 96
75 25
108 39
85 78
83 116
52 9
76 27
79 17
47 80
38 81
36 81
28 44
37 39
120 103
11 72
91 33
53 98
83 109
100 76
13 16
43 79
22 1
16 13
69 100
77 93
89 17
61 62
59 6
65 94
42 71
52 51
40 98
55 93
28 8
92 42
66 38
89 42
18 55
69 2
91 65
35 46
83 59
101 98
84 38
31 30
3 35
78 13
52 18
13 108
2 100
60 117
68 53
104 50
84 103
84 88
5 1
28 34
100 48
36 49
95 34
48 116
112 110
106 21
71 93
8 58
96 107
101 77
26 24
85 55
102 2
47 46
117 18
68 33
63 90
83 27
35 78
106 87
11 61
45 73
101 52
107 43
85 117
118 87
10 87
36 65
57 115
41 3
36 38
9 109
19 95
31 111
95 34
109 50
110 80
100 63
18 83
39 66
65 112
11 113
21 113
71 97
43 99
9 56
83 118
112 96
15 64
40 109
106 8
30 10
49 102
99 14
46 28
68 35
60 74
110 66
58 109
12 23
86 93
70 73
111 114
47 49
76 3
57 103
9 77
62 63
85 8
83 96
83 112
74 43
47 51
3 30
111 19
28 52
22 93
30 91
70 79
90 40
91 12
30 118
101 5
31 11
20 87
57 6
34 115
114 11
44 111
49 14
108 23
1 113
103 111
84 77
111 17
15 51
21 5
67 78
38 97
78 21
3 25
96 63
27 28
65 85
3 115
107 51
30 99
13 108
55 118
22 107
61 34
41 5
19 109
49 50
119 100
43 56
91 15
118 8
17 86
43 10
113 40
9 99
31 107
1 91
25 55
112 83
45 24
78 59
120 111
52 19
117 57
105 67
103 69
115 118
84 89
87 99
108 113
91 27
53 6
8 110
61 9
41 61
24 31
86 43
37 92
71 108
21 81
74 92
91 107
38 51
39 29
30 31
52 90
65 14
119 104
43 53
3 33
38 29
83 119
39 62
104 115
9 6
93 60
28 19
2 46
27 36
90 114
106 82
52 83
5 120
111 23
35 71
108 18
113 44
97 52
95 3
82 66
119 23
83 75
37 37
58 83
118 26
72 24
73 105
117 19
120 114
31 18
32 51
82 38
11 80
81 75
85 119
84 18
37 84
47 9
44 36
3 48
37 28
24 38
64 43
103 36
114 120
17 15
14 50
34 57
115 41
109 24
19 120
31 28
1 102
19 3
9 34
91 8
53 6
26 17
37 113
61 39
33 64
112 116
106 18
76 6
18 103
97 23
62 37
28 57
6 7
47 2
2 54
70 20
12 118
83 105
55 1
79 108
105 12
112 105
117 10
29 6
65 13
117 106
116 9
119 110
13 48
86 29
54 97
39 101
118 68
77 113
105 105
77 1
77 1
2 23
92 89
73 56
64 83
12 22
73 73
6 36
27 47
80 43
95 40
55 23
76 21
18 5
117 33
28 115
65 107
13 89
82 67
115 19
67 119
12 1
38 13
99 10
8 25
40 63
68 59
52 61
83 76
30 36
115 35
21 56
114 48
105 102
33 110
29 7
5 111
79 31
44 102
78 74
37 45
6 12
3 79
32 33
43 50
43 15
79 54
30 117
105 46
91 7
9 67
41 97
76 109
10 23
43 48
31 57
100 91
89 69
80 55
104 5
91 101
93 84
23 112
37 104
82 39
16 31
44 17
66 35
57 69
110 87
37 13
66 36
119 36
44 112
48 2
30 5
93 59
97 68
92 7
84 77
30 16
83 81
39 55
50 116
69 90
75 30
88 112
45 100
36 34
12 100
69 96
78 5
8 43
25 97
11 89
108 57
20 76
11 85
83 116
46 109
15 30
103 21
89 78
14 52
36 25
72 67
6 82
90 7
64 62
60 11
80 39
67 86
64 84
50 96
85 84
1 36
54 95
42 59
62 80
65 5
118 119
120 56
72 119
93 87
48 79
61 25
32 118
117 89
74 3
62 95
81 115
23 7
21 50
56 83
1 74
99 50
44 43
20 28
36 60
61 63
52 15
108 16
31 11
77 75
81 49
91 14
100 62
68 86
72 35
32 116
81 16
24 85
67 112
4 91
109 108
86 5
82 86
16 33
55 109
11 103
37 15
1 117
80 49
116 21
1 35
31 54
42 111
52 47
8 78
77 60
103 58
48 67
37 34
26 37
8 103
91 6
19 118
108 69
117 68
18 29
43 8
13 47
117 45
46 115
1 10
120 46
98 83
59 57
49 51
52 46
115 89
118 88
60 114
7 7
85 13
51 64
111 19
17 64
14 81
35 65
16 111
36 54
39 104
55 37
111 33
8 115
30 42
35 116
73 77
21 15
90 114
20 40
53 102
51 119
42 83
24 81
86 84
43 20
83 60
96 106
45 17
113 117
80 63
46 17
14 47
27 26
107 68
86 105
54 85
75 89
86 14
106 14
6 64
95 15
74 73
113 10
96 13
108 62
64 100
82 78
63 6
68 55
107 40
73 34
29 84
114 10
65 84
30 78
42 13
51 72
55 88
97 14
45 14
85 117
113 13
21 102
18 62
94 81
22 25
10 53
67 37
69 2
70 27
2 3
39 52
116 12
12 1
12 65
1 22
66 66
59 40
120 75
112 99
50 12
11 47
108 91
10 110
28 117
32 95
105 64
53 24
25 91
16 81
18 74
44 18
86 97
109 9
34 12
98 34
120 62
25 17
31 99
110 25
46 36
94 64
15 41
4 35
75 68
10 32
35 97
46 105
92 17
69 45
85 116
42 14
11 12
108 37
105 2
108 19
60 59
34 4
22 26
115 101
94 93
90 84
93 5
19 62
38 11
96 87
99 115
5 66
78 63
88 44
104 41
50 104
29 72
84 40
13 74
79 33
96 11
5 34
120 92
14 98
97 93
3 15
114 21
103 83
8 62
111 119
52 105
2 8
66 106
55 70
68 23
4 37
27 40
64 67
23 95
104 35
92 103
38 34
29 104
35 27
50 42
42 117
93 89
54 18
63 35
104 98
100 34
48 115
86 89
105 91
101 66
47 33
60 120
93 112
14 119
119 95
88 97
3 42
96 13
14 33
25 1
9 17
94 90
36 25
16 7
100 6
63 32
98 38
72 24
119 115
41 74
115 69
94 50
115 24
118 96
83 29
87 16
15 46
19 70
73 59
69 95
22 74
17 54
23 19
41 113
82 111
20 19
4 55
12 102
64 119
70 28
30 36
92 78
101 115
22 109
77 77
120 11
25 76
17 51
75 31
43 82
36 68
46 31
10 33
25 113
1 18
7 15
25 79
45 92
81 15
93 73
70 59
106 95
115 55
79 116
20 22
66 111
23 46
9 54
96 71
25 104
76 62
102 71
35 111
65 37
114 43
103 106
15 91
41 46
55 87
37 80
85 47
108 100
21 10
51 81
58 55
103 83
49 45
96 85
112 3
79 91
97 70
114 53
98 101
30 89
48 21
62 29
83 93
14 36
62 70
115 111
50 18
17 18
96 94
46 60
4 10
9 112
108 103
19 77
36 67
106 118
117 49
24 102
69 53
91 80
59 31
58 81
14 112
78 24
1 51
95 12
55 1
59 72
85 2
87 87
29 29
102 48
20 15
56 99
116 71
45 87
93 87
61 97
72 34
17 5
60 41
21 117
108 89
104 96
30 102
7 107
56 43
35 64
106 117
15 74
59 24
117 75
59 102
4 96
114 96
77 88
70 52
113 61
92 30
39 98
79 48
19 16
17 118
118 20
83 23
112 62
113 99
50 8
46 84
90 48
73 58
14 51
35 43
82 76
105 14
85 72
98 4
75 107
82 79
102 66
50 28
102 87
14 14
23 49
1 81
26 98
108 48
103 64
37 99
109 52
77 10
68 51
23 39
45 17
10 92
53 23
115 94
77 18
30 35
45 15
12 92
104 70
88 25
21 32
10 75
105 59
58 25
5 70
8 116
98 52
92 100
14 79
16 111
15 118
82 95
42 53
71 58
3 99
40 93
26 41
113 51
120 22
109 66
14 110
113 75
24 37
43 24
49 64
43 16
9 7
107 90
35 9
109 32
32 27
14 37
56 86
75 101
19 103
116 119
69 66
105 106
115 67
52 38
80 74
101 101
90 13
19 24
120 34
9 107
57 54
6 108
89 71
19 47
35 46
48 99
14 44
27 58
61 70
19 12
38 93
88 55
107 57
106 108
32 52
69 59
18 45
5 69
50 31
31 46
12 85
117 71
22 22
44 58
50 31
15 85
70 69
26 55
51 85
61 103
100 68
16 109
6 109
4 31
98 94
88 43
52 24
82 103
73 57
79 99
74 111
72 21
74 81
83 22
49 84
31 65
13 25
117 78
59 78
29 97
108 14
93 107
85 84
81 69
113 49
79 4
111 64
38 58
91 24
83 65
103 63
85 23
36 75
103 16
57 32
96 52
72 28
102 117
117 16
48 22
75 117
22 28
36 53
69 6
89 51
41 64
33 55
117 61
80 56
83 3
21 21
62 98
69 78
91 91
102 51
38 19
24 20
79 113
105 77
84 88
53 106
53 53
14 77
88 86
46 118
48 73
15 40
119 20
82 25
82 51
77 51
71 76
23 68
15 53
87 111
52 52
77 26
32 109
114 27
104 119
112 52
99 3
17 33
56 102
18 26
50 39
98 17
104 119
12 71
85 56
79 30
18 68
31 44
8 75
120 17
63 54
32 89
84 41
68 94
80 108
19 95
96 63
23 68
85 31
9 108
52 17
14 24
51 71
52 89
2 55
37 72
53 75
47 95
55 79
45 90
111 57
98 41
84 50
62 117
35 5
93 56
93 103
50 78
40 53
53 9
1 96
101 89
110 21
23 91
82 31
23 35
36 45
44 40
82 57
18 3
8 84
82 70
119 47
107 44
21 66
76 7
67 62
2 82
21 82
64 9
24 92
92 27
112 50
13 46
25 78
13 25
8 71
88 12
9 88
56 28
2 118
79 118
3 58
73 18
4 109
110 48
75 106
101 31
41 107
86 80
51 68
68 7
17 19
13 85
102 109
96 80
20 120
71 99
37 112
102 6
23 113
95 80
21 14
33 44
92 1
97 46
103 2
58 42
100 57
21 108
30 97
78 98
108 119
16 23
50 51
2 120
92 47
26 32
99 58
79 99
21 104
7 99
75 85
78 30
96 61
118 102
81 58
61 117
75 70
71 77
32 74
50 46
88 9
18 2
8 52
60 94
5 86
22 50
51 113
103 5
46 7
67 90
83 17
84 3
57 30
25 79
119 23
6 113
113 79
42 46
94 63
43 76
54 20
25 87
7 31
99 118
100 109
111 111
44 84
87 40
86 71
21 100
43 5
36 37
97 40
100 107
89 29
30 6
33 62
55 19
28 57
5 38
99 120
76 87
79 97
57 19
64 110
109 90
97 74
76 17
104 66
92 66
71 37
112 27
37 56
9 42
13 108
56 114
107 37
71 86
103 51
69 67
54 45
22 13
95 108
77 80
23 3
70 93
41 28
16 116
71 35
8 17
37 116
2 45
32 76
26 105
101 14
13 104
80 29
14 2
15 84
33 34
35 62
39 100
18 61
26 53
74 53
32 8
71 92
34 23
50 106
80 42
10 114
11 53
117 25
21 113
65 22
97 35
116 9
14 105
73 46
62 7
69 118
8 36
67 45
101 91
79 66
59 76
106 39
103 35
43 114
74 16
117 37
74 33
66 71
78 24
115 31
73 96
38 19
55 44
16 28
30 81
18 39
103 6
27 74
81 7
107 114
117 49
19 112
63 49
78 103
4 47
115 89
23 67
104 86
85 113
9 88
73 80
81 24
92 85
45 24
85 58
29 23
48 33
17 91
8 16
96 27
63 110
35 39
38 67
98 41
41 9
10 32
92 75
87 41
80 4
22 55
107 108
9 47
101 6
62 23
2 65
62 48
90 31
33 112
59 93
41 28
70 41
113 108
34 106
84 115
65 1
39 77
8 57
103 14
107 67
66 112
76 22
120 75
99 87
53 58
114 21
31 114
56 99
105 42
65 104
36 15
53 97
42 49
59 49
105 8
65 32
39 9
75 96
40 90
79 1
104 96
49 43
98 8
69 52
40 65
111 11
23 66
2 64
12 15
11 92
33 84
51 119
83 112
12 72
117 118
119 90
105 117
52 77
60 95
17 49
70 93
104 19
15 85
4 105
48 33
101 37
16 47
39 45
83 56
100 62
9 63
62 109
25 111
18 22
84 71
81 105
84 70
12 82
63 92
44 23
119 98
110 33
7 71
10 84
41 16
108 74
29 59
80 101
111 46
68 59
77 107
15 100
76 14
96 35
107 7
94 66
82 120
23 21
117 15
101 49
41 33
29 84
47 116
46 91
86 77
25 60
28 65
98 101
99 89
27 39
86 29
56 101
102 120
35 40
77 115
49 103
9 41
19 120
92 83
90 29
57 24
54 77
49 61
5 4
8 60
85 13
40 112
37 38
49 100
108 88
105 118
7 88
90 118
107 87
19 117
1 72
41 32
54 111
60 49
79 120
38 36
18 81
33 20
21 55
65 37
105 43
112 53
64 32
9 40
89 81
41 4
102 88
111 34
85 9
92 56
117 82
19 100
115 88
71 108
92 64
66 50
116 3
56 41
120 88
75 77
73 69
14 35
88 88
10 116
116 65
46 116
11 67
91 54
91 35
118 115
4 105
120 31
43 76
61 101
33 52
42 47
38 120
107 41
69 31
100 83
12 20
103 9
71 5
49 78
22 55
86 28
14 3
66 32
42 107
115 70
24 96
101 105
101 50
78 55
50 72
102 6
4 59
18 55
1 72
108 52
69 40
26 1
76 18
29 117
5 80
114 71
100 57
17 20
118 28
119 32
82 66
20 7
99 46
119 109
109 24
14 75
111 111
119 103
77 105
32 60
1 115
33 37
85 34
29 2
59 16
114 98
111 31
69 44
98 44
24 59
84 17
4 61
10 19
60 111
108 45
5 41
15 101
56 23
26 24
93 116
98 47
48 18
70 51
64 91
98 58
18 48
14 17
102 79
104 66
102 20
77 58
30 42
96 14
79 92
109 93
77 113
52 22
38 105
117 43
5 104
38 111
10 33
33 28
103 57
51 120
8 47
61 13
54 72
15 85
73 9
36 38
24 30
57 97
114 57
54 48
99 113
67 34
70 52
88 50
112 51
24 19
8 25
97 41
102 75
101 112
50 52
71 32
18 2
72 87
31 39
53 20
53 116
72 11
74 85
7 59
64 22
117 113
24 55
113 51
29 110
13 72
92 83
118 116
112 89
64 110
117 71
94 78
102 66
17 33
35 82
46 99
28 82
99 113
86 114
93 56
74 41
43 110
71 105
102 62
88 82
5 54
103 30
59 58
111 61
99 92
61 75
27 66
97 26
19 8
75 112
54 101
64 90
19 72
70 87
74 45
62 15
114 59
60 116
82 20
4 47
5 98
90 67
97 83
28 112
5 66
6 37
116 69
99 92
77 61
52 78
12 83
114 104
62 53
80 32
12 86
110 112
68 85
27 68
59 107
82 104
120 27
9 85
67 25
3 94
26 97
118 60
41 32
111 59
68 61
29 75
53 10
89 94
78 103
110 44
29 117
51 120
85 19
99 65
34 92
52 53
30 119
51 78
3 79
59 74
23 41
91 47
57 12
93 58
118 110
105 95
42 56
115 51
53 52
68 27
60 42
32 88
4 2
63 75
88 62
75 47
13 57
24 92
27 100
77 75
71 20
1 71
101 1
63 52
51 69
97 32
81 24
72 44
24 69
60 25
85 109
16 18
114 71
64 23
68 6
53 38
59 82
100 21
3 61
76 11
114 112
28 23
86 4
53 49
66 31
24 74
8 98
47 65
10 101
79 108
44 12
24 49
110 10
116 116
61 119
86 73
91 17
74 85
113 41
75 32
110 110
58 36
76 3
115 120
79 59
119 48
97 63
2 46
75 95
95 23
58 109
15 41
106 78
34 90
111 113
87 22
117 32
13 106
4 46
104 101
25 104
103 60
93 77
108 79
95 30
26 62
56 22
57 110
78 60
112 117
98 17
37 17
22 77
88 109
21 114
58 63
110 15
80 7
44 42
36 72
52 81
28 107
117 83
12 83
39 4
116 105
55 51
14 6
103 55
37 63
50 109
15 93
24 107
30 114
17 7
45 111
10 93
117 84
18 7
52 66
25 28
64 20
18 69
53 110
41 57
102 98
119 3
39 50
27 79
81 18
42 36
20 91
27 40
47 94
93 3
39 35
9 27
15 40
62 1
35 20
54 89
38 32
23 25
92 24
102 119
12 91
104 90
8 120
78 24
85 6
18 118
120 96
76 70
86 78
99 13
58 57
59 32
57 71
37 104
104 86
17 37
69 87
38 114
23 80
45 39
65 10
118 94
92 108
43 15
52 22
104 84
45 2
112 63
10 17
45 102
17 37
15 58
112 67
74 61
14 67
69 44
46 1
81 9
86 49
53 75
107 83
114 118
24 102
91 62
39 113
60 66
38 100
74 81
83 97
61 53
67 15
39 113
67 12
67 66
77 38
78 51
110 42
119 27
48 51
64 112
6 68
1 70
5 115
97 49
65 26
33 81
103 120
120 43
119 29
56 4
81 62
72 72
20 75
91 86
43 103
40 15
11 78
118 74
59 88
118 53
31 104
82 106
29 49
29 50
114 30
21 23
86 15
103 55
77 14
84 63
56 117
11 95
93 2
4 66
67 87
20 50
41 117
4 79
22 32
23 34
11 103
76 29
114 105
76 91
19 25
92 58
74 80
85 87
9 30
89 8
65 98
10 35
10 48
71 56
53 63
35 14
106 1
108 111
91 25
25 69
34 118
39 82
109 101
86 37
99 92
27 113
104 41
47 42
29 68
119 71
39 8
44 49
38 111
8 60
36 92
41 53
77 12
53 66
1 50
46 80
33 24
76 85
105 50
87 119
120 69
14 107
88 50
94 60
62 68
39 119
79 86
115 63
24 91
13 68
48 42
91 109
43 41
36 53
55 14
61 38
51 90
2 89
118 55
119 117
32 117
115 98
39 70
49 103
113 80
31 104
89 102
62 75
21 15
14 63
97 4
71 1
108 42
68 119
1 51
15 99
69 100
80 110
5 39
116 75
20 11
6 57
95 11
67 32
81 82
111 16
38 7
102 55
66 36
2 4
75 37
36 89
12 101
89 91
57 26
70 84
12 118
27 35
107 8
99 33
59 113
80 107
114 44
37 102
18 37
43 43
94 69
41 84
11 78
20 6
115 61
88 115
112 48
44 6
41 39
96 93
23 27
115 103
101 78
62 21
29 115
41 56
5 84
69 47
20 111
36 11
41 93
28 84
17 67
70 88
93 72
51 105
110 61
76 7
40 56
116 42
63 114
97 112
47 91
115 29
63 27
73 43
39 33
84 2
20 93
41 75
14 118
99 72
36 120
91 29
24 44
79 3
120 111
65 31
93 113
101 42
15 72
25 43
13 2
34 107
45 52
99 22
93 9
16 114
5 10
44 48
74 100
94 18
51 81
77 24
80 114
62 32
51 66
6 58
2 93
34 47
27 96
40 45
90 61
113 38
34 20
103 36
67 114
119 64
1 18
109 57
17 86
119 20
94 19
39 117
17 43
20 101
98 30
119 26
51 84
65 107
91 10
18 33
87 38
29 120
75 22
14 12
106 78
41 42
5 103
73 44
105 11
82 13
91 28
62 28
86 98
50 101
89 86
42 77
38 61
79 97
34 34
85 104
44 39
114 90
22 73
10 86
48 30
100 25
22 55
97 64
86 19
90 66
73 67
55 15
25 3
32 101
87 36
105 39
88 95
56 67
104 40
94 117
68 90
46 22
108 12
56 25
82 100
103 111
90 74
109 86
42 100
37 29
70 106
64 28
97 85
63 72
57 29
114 58
80 97
34 46
60 112
76 27
65 101
46 83
3 50
84 44
50 46
31 41
6 53
91 65
109 82
70 72
25 89
18 106
14 17
14 88
107 94
106 8
72 43
105 91
42 116
56 31
30 11
113 30
89 49
3 95
50 15
13 32
19 33
12 86
82 81
22 73
3 86
87 59
42 90
40 51
68 98
23 73
23 118
33 18
89 43
113 95
45 56
91 13
21 55
103 83
67 81
2 53
62 40
99 12
58 110
30 63
62 63
75 84
73 44
47 80
51 42
107 79
115 82
11 7
120 86
114 9
48 87
32 89
55 105
57 88
82 102
109 83
20 81
25 113
1 69
28 86
41 100
8 94
53 43
70 2
64 67
52 86
96 58
113 99
101 101
64 16
12 53
81 101
81 106
72 35
68 80
25 112
46 6
85 87
82 115
94 26
114 99
101 38
27 80
78 31
102 58
107 102
34 61
35 52
17 83
63 16
63 4
28 52
44 76
54 106
97 104
62 57
66 60
115 12
68 87
66 83
74 91
55 75
37 21
27 57
62 72
20 50
21 28
53 3
20 73
17 63
24 29
114 75
54 32
70 117
98 96
112 10
7 22
82 59
28 35
78 87
62 113
39 16
34 30
53 23
19 74
62 31
98 72
113 19
65 31
11 47
80 112
100 82
22 81
55 84
39 50
75 88
16 75
71 88
9 115
13 105
51 49
42 2
95 52
90 24
92 107
97 10
17 36
77 53
101 64
60 25
14 16
47 23
44 74
99 103
89 71
92 35
77 66
41 81
83 43
102 111
68 110
116 71
99 51
8 90
78 35
16 35
80 57
117 118
38 99
77 120
44 59
110 54
51 6
78 106
16 10
109 115
114 119
77 37
16 6
94 82
90 91
94 25
51 113
29 90
6 120
66 19
15 70
101 33
47 50
105 25
75 3
37 7
51 99
12 57
82 77
33 53
58 83
19 85
29 13
79 36
39 106
72 78
118 68
69 116
57 48
15 26
64 65
75 35
69 71
94 103
70 82
49 38
12 67
86 71
86 86
84 67
66 90
22 1
21 26
100 8
52 82
26 65
31 51
29 68
86 96
23 78
59 92
99 31
36 73
20 67
85 75
28 76
5 107
36 44
100 41
15 113
61 76
71 92
71 104
4 16
68 112
100 27
108 50
114 35
4 97
55 99
103 44
90 76
118 50
71 120
65 106
80 81
20 39
82 47
39 35
117 33
107 21
45 45
13 25
95 10
6 79
84 33
101 96
64 36
119 8
72 116
77 27
42 39
24 45
55 73
14 53
104 30
117 117
53 24
29 80
30 82
100 20
104 103
8 79
114 118
29 3
114 28
16 100
66 32
26 68
115 42
41 8
78 62
62 32
45 99
78 21
56 41
75 33
17 117
17 40
108 82
108 66
86 31
108 69
63 78
73 103
98 42
55 76
104 101
105 21
83 44
53 119
100 91
61 73
22 67
63 19
8 76
36 49
79 48
45 117
11 43
106 42
23 66
101 43
100 11
19 60
83 112
55 48
11 23
79 72
22 102
91 48
97 17
41 6
100 115
37 77
61 41
96 40
21 111
91 22
2 75
65 41
15 24
38 103
80 116
76 19
55 73
24 80
107 59
115 104
98 68
18 43
33 38
78 17
35 90
32 73
58 50
50 72
35 79
7 28
23 89
102 107
47 47
113 113
26 98
96 28
48 28
30 38
72 102
85 1
21 23
84 81
17 55
50 108
97 114
46 70
55 32
66 82
16 96
44 57
64 73
71 92
10 115
23 52
59 88
109 113
77 24
97 47
47 27
21 13
70 58
120 76
49 93
109 3
108 84
10 5
109 52
117 110
120 56
87 116
113 13
18 110
5 118
23 69
69 43
38 44
76 10
83 22
75 23
1 20
109 74
90 8
16 35
99 109
29 47
86 42
110 55
68 19
44 95
120 65
58 10
107 19
29 117
36 73
57 8
103 114
104 4
2 109
51 97
105 47
106 115
5 57
117 29
68 68
15 65
72 78
71 13
69 95
38 105
9 77
43 74
103 108
109 119
62 53
72 10
34 94
5 120
32 109
10 38
86 19
47 17
1 85
86 79
103 52
60 74
45 18
18 4
104 111
22 18
73 53
110 72
43 120
98 106
15 53
63 70
45 80
76 24
115 23
26 46
8 50
44 73
75 34
76 72
115 72
34 26
67 22
76 101
106 92
41 23
98 18
27 7
39 92
19 115
56 37
55 19
68 82
36 98
61 9
91 24
25 89
20 32
29 74
106 34
59 13
83 49
103 30
81 31
5 84
106 75
10 82
31 52
118 79
13 53
94 81
119 6
52 14
85 100
10 42
4 32
19 78
93 103
39 10
1 47
35 5
16 97
111 105
94 88
93 18
29 112
74 68
45 14
3 33
80 64
7 54
74 52
70 19
23 89
14 87
88 34
66 70
36 120
84 2
49 108
27 80
10 70
85 17
105 70
9 107
1 100
47 114
87 83
34 59
50 10
89 33
100 16
14 48
46 42
109 31
111 79
70 72
12 50
106 11
58 51
115 90
79 118
106 11
58 63
25 57
31 100
95 88
117 32
43 102
7 103
94 70
29 74
114 6
108 50
48 86
21 5
38 17
74 100
53 86
69 21
112 76
115 76
110 83
73 39
23 33
106 85
119 63
63 22
100 17
9 43
86 13
45 76
101 31
118 88
66 24
94 77
22 73
70 87
78 73
50 81
51 26
15 112
68 98
8 81
42 46
32 43
40 120
89 108
7 54
93 50
19 53
81 76
84 117
42 26
88 76
89 82
54 27
14 93
39 95
73 98
95 20
40 54
49 118
69 92
31 97
87 116
47 27
101 62
60 31
71 34
8 24
68 11
90 34
82 91
107 81
27 42
34 81
68 30
98 70
38 36
116 35
37 53
33 37
95 19
103 94
78 4
49 27
92 69
78 31
102 90
108 35
39 95
55 48
53 43
17 19
64 50
14 93
88 120
14 43
32 17
87 86
35 81
42 95
99 86
101 47
41 34
34 27
97 92
106 25
5 66
57 120
111 20
117 77
86 87
53 90
29 32
52 47
107 6
30 39
83 108
68 8
82 23
38 11
115 32
107 89
35 1
10 36
97 120
92 65
5 16
120 63
39 99
6 3
14 19
111 103
51 21
32 10
93 114
98 57
102 82
55 44
66 77
24 116
88 97
16 103
9 38
113 28
23 111
63 94
102 61
49 55
98 32
11 49
80 5
77 94
4 30
24 90
48 78
35 110
86 71
41 118
63 81
71 114
51 106
8 34
1 41
13 5
108 85
46 37
64 103
39 46
48 8
29 60
114 38
105 61
115 83
14 41
93 20
71 95
85 50
32 112
36 36
80 55
89 14
56 18
106 94
59 78
47 113
18 45
116 43
17 78
3 13
49 120
34 46
43 74
24 5
49 101
23 42
61 4
114 109
63 91
49 50
79 32
76 97
43 52
106 45
119 102
15 88
76 71
29 74
74 73
113 24
66 24
1 92
107 7
30 86
96 8
102 65
49 81
44 4
110 12
12 41
117 77
16 23
112 38
22 62
90 77
18 112
25 105
115 56
31 14
10 120
2 98
52 20
98 102
30 105
36 111
11 97
48 92
61 13
92 76
62 40
38 52
75 88
77 15
43 32
50 59
11 110
101 12
73 45
81 27
66 49
105 108
24 8
99 84
50 16
41 100
68 19
76 41
39 78
99 107
21 100
70 48
26 45
78 73
31 60
41 105
16 41
2 104
47 41
90 27
3 26
36 67
25 85
46 85
46 4
108 45
94 4
79 83
14 55
94 87
59 89
21 17
102 87
87 54
73 104
105 50
10 74
39 101
17 51
66 26
26 13
68 11
98 103
77 55
88 104
73 7
22 108
91 4
67 55
28 110
120 21
118 80
113 100
107 52
27 68
119 29
90 34
105 41
33 20
54 35
67 51
119 41
86 103
82 79
114 98
72 26
96 44
72 106
53 86
25 10
28 72
28 9
42 116
106 54
119 19
27 117
8 19
50 10
16 61
13 40
100 83
28 91
29 13
20 88
96 83
63 74
98 32
95 32
79 81
55 24
119 107
109 65
45 112
87 86
106 71
120 85
34 93
28 86
60 17
85 34
21 87
57 70
119 110
83 76
35 15
115 98
12 44
26 22
77 43
90 53
86 64
91 89
85 12
88 5
5 84
89 8
32 78
87 116
87 20
86 69
94 119
35 24
39 115
18 80
76 79
108 115
57 26
113 45
38 33
42 120
111 35
112 103
87 5
46 43
113 40
36 28
12 25
119 12
73 36
31 77
104 17
47 107
109 83
30 118
119 101
24 60
21 47
107 65
37 38
63 66
65 53
53 56
94 83
2 9
49 16
24 36
78 40
93 30
107 114
102 57
9 104
95 102
107 22
51 79
105 95
64 71
98 82
107 29
41 17
78 38
65 103
16 73
90 90
92 7
119 21
85 46
109 27
38 82
19 14
16 11
13 42
64 96
26 27
87 108
107 45
25 113
2 46
33 83
90 76
52 27
7 9
83 102
102 43
51 89
102 25
103 54
115 110
50 48
116 32
23 57
79 41
69 93
4 24
41 41
3 109
35 39
88 45
43 93
19 28
93 45
17 105
26 100
105 19
114 81
42 107
64 79
6 33
72 15
61 94
29 78
33 32
63 32
79 111
33 17
8 54
37 105
18 55
90 9
65 76
6 29
85 87
91 103
89 13
117 62
69 40
98 120
20 13
94 97
101 46
62 80
91 102
35 107
94 46
119 108
104 107
43 34
42 29
100 32
16 48
70 94
85 27
5 53
32 9
52 15
33 100
90 120
69 16
110 66
103 105
71 109
108 28
116 81
5 26
78 43
13 20
95 47
23 32
5 105
79 1
42 23
36 117
66 22
45 10
19 17
78 76
51 19
44 49
71 65
91 41
89 55
13 31
47 37
119 27
116 41
42 15
97 103
30 9
114 95
82 49
91 81
30 113
83 117
25 93
89 61
64 95
119 96
49 18
3 49
107 95
65 119
94 29
15 108
26 2
89 58
26 54
38 9
78 39
15 44
32 114
105 99
61 106
12 103
105 115
1 95
56 59
104 115
120 98
7 66
61 24
9 58
45 40
11 93
52 4
88 39
2 56
44 48
80 109
55 72
88 106
41 76
45 34
41 1
32 115
55 66
28 84
19 44
51 48
43 111
97 10
115 13
73 47
47 107
35 99
70 30
109 14
64 118
7 96
8 23
26 73
97 66
43 113
46 48
98 12
26 7
27 14
117 74
80 6
39 77
54 15
48 9
11 77
120 11
21 79
27 12
12 103
86 89
102 81
21 6
42 113
58 47
31 5
120 33
83 37
110 62
102 6
109 36
85 27
48 86
56 114
54 64
55 53
72 73
21 74
118 114
10 102
14 30
105 109
43 34
108 17
101 73
85 61
114 68
84 14
9 49
100 112
118 85
115 104
111 43
78 66
64 18
110 83
100 63
120 65
35 54
6 112
77 59
62 110
110 4
110 79
99 30
19 3
60 95
42 36
103 80
38 44
31 35
104 114
19 23
103 16
119 75
37 30
99 16
27 20
76 110
116 17
77 69
28 34
34 120
118 93
75 6
94 62
82 95
42 111
101 69
6 89
69 26
10 17
99 10
107 104
39 114
99 45
38 75
31 36
100 41
75 79
108 120
55 13
53 105
44 90
89 95
66 68
92 96
42 75
63 106
114 6
2 51
67 6
40 48
110 71
47 6
120 56
89 45
60 15
32 34
101 49
105 23
3 72
103 69
7 65
116 31
9 120
29 110
119 106
80 110
98 57
78 52
109 98
50 109
113 14
88 29
81 12
2 108
105 26
82 66
93 51
17 116
77 88
89 43
8 101
10 12
17 81
69 110
93 18
53 52
76 32
20 3
14 107
97 51
65 30
1 91
92 36
93 53
35 94
63 19
69 99
48 24
48 65
96 43
101 39
92 118
77 106
73 94
114 61
106 109
60 51
23 106
49 48
103 37
84 50
37 2
96 30
96 33
4 67
25 111
58 25
74 37
15 99
109 33
76 84
63 17
90 93
11 100
120 112
118 49
110 35
71 14
15 32
104 65
98 46
83 77
77 12
91 73
56 86
117 6
62 28
66 4
71 76
63 5
70 33
48 42
49 33
115 65
17 25
97 31
36 6
86 32
62 82
24 114
50 78
111 34
65 88
52 26
99 82
42 116
109 35
72 45
55 8
71 68
95 54
40 114
5 11
45 103
58 34
22 10
18 77
16 109
36 36
83 63
36 77
87 43
79 12
49 91
86 1
92 76
57 96
64 83
13 5
117 32
26 8
31 6
103 29
60 58
82 3
28 4
60 51
77 52
109 98
55 63
64 63
79 75
97 16
44 3
45 24
37 113
20 80
42 44
46 84
9 109
90 96
94 112
55 30
2 102
16 46
119 70
54 113
102 53
103 109
63 9
30 7
113 79
108 20
109 5
73 102
116 80
81 116
79 43
73 108
14 64
110 96
17 72
11 55
112 109
102 34
9 56
102 51
106 88
103 101
91 46
83 53
34 82
106 19
98 75
41 33
110 16
36 101
101 99
25 25
119 41
49 21
49 5
17 4
80 4
92 81
76 13
28 24
10 69
71 23
117 120
27 74
44 73
98 99
56 29
117 41
73 42
72 120
102 7
104 10
47 16
23 41
111 19
51 43
87 3
79 74
39 66
52 88
46 2
59 31
8 29
112 101
87 43
24 82
40 2
112 7
54 54
61 24
78 53
79 110
99 94
114 116
38 51
79 87
17 98
77 83
56 13
62 8
92 16
34 48
102 96
35 67
28 78
53 120
99 83
20 14
6 4
119 48
35 36
76 92
56 56
4 101
108 60
23 32
82 108
73 112
119 109
22 72
109 44
106 3
87 73
103 54
16 47
114 77
32 4
88 85
16 19
63 32
109 12
73 99
22 71
118 9
9 47
99 21
43 29
77 89
39 83
5 10
48 89
17 49
87 22
18 95
53 25
106 111
40 47
93 47
75 21
7 6
114 65
41 5
43 86
109 45
53 112
32 57
6 65
27 9
18 14
99 13
58 61
63 63
95 73
112 2
61 2
105 116
61 19
53 1
12 86
97 71
66 31
20 66
120 95
49 74
63 50
113 109
41 85
48 75
51 54
58 89
61 26
93 94
76 105
63 76
26 12
82 26
114 92
38 73
81 107
12 12
69 41
36 6
9 24
57 25
94 39
15 57
96 34
55 103
53 74
113 58
33 101
32 12
2 76
39 56
89 100
92 58
71 17
60 96
94 8
62 66
92 44
100 15
109 92
46 11
5 11
12 92
101 87
104 83
115 115
2 51
51 31
75 42
32 23
102 39
74 11
23 57
4 104
77 66
107 75
35 78
42 87
80 45
76 80
99 99
68 16
73 46
83 40
82 13
46 48
48 41
29 115
24 45
43 38
55 18
63 95
33 37
29 113
58 59
115 104
59 21
69 63
57 73
102 78
109 116
24 61
23 105
92 37
113 97
101 23
26 7
64 41
111 112
77 1
44 41
93 113
62 54
29 97
74 6
70 107
27 21
63 12
70 111
17 50
57 60
29 89
24 78
33 51
84 35
104 52
33 100
102 114
65 82
120 56
38 13
78 38
73 66
52 100
106 118
28 120
46 101
75 97
113 100
21 47
11 89
37 87
7 104
30 58
3 85
97 108
3 111
99 31
49 71
49 58
76 116
79 85
85 31
104 25
69 83
40 69
12 13
5 58
100 52
67 83
2 117
103 120
34 95
74 29
66 9
77 49
118 68
76 108
2 5
17 88
91 73
22 89
70 119
46 19
33 45
22 3
91 109
70 91
114 74
68 5
19 101
111 62
26 46
103 50
55 24
118 50
79 97
62 116
91 1
12 51
103 104
54 30
111 82
74 4
48 23
22 86
83 67
60 76
54 80
21 31
23 97
32 29
59 51
45 14
43 70
36 50
13 64
81 43
3 12
83 2
65 66
102 9
93 103
32 10
80 28
66 64
65 38
120 61
41 105
15 18
23 117
88 95
78 40
88 47
95 91
106 29
93 28
61 94
18 109
44 96
5 67
114 28
78 96
93 73
114 79
3 57
120 59
98 114
68 84
85 27
73 71
84 3
4 72
113 113
46 58
80 13
26 87
56 6
63 1
32 47
19 98
69 98
85 56
78 1
106 90
50 11
97 67
82 39
11 91
106 55
67 75
26 106
67 80
58 14
94 44
55 29
39 120
37 42
22 97
81 99
1 117
118 8
19 2
80 94
63 37
23 25
74 69
46 38
40 94
95 49
19 36
75 66
84 19
54 37
57 21
42 116
96 103
63 104
8 70
46 115
64 54
29 9
112 112
40 14
100 78
70 69
69 7
3 74
93 21
48 3
16 24
70 73
56 95
104 33
114 43
67 48
12 7
25 65
119 3
25 108
89 60
104 27
35 97
108 49
83 59
99 71
88 48
72 49
67 100
34 96
5 16
42 45
32 17
63 26
67 118
64 63
106 59
105 118
68 41
107 15
101 112
54 36
35 57
74 115
61 84
27 25
119 91
44 115
23 67
71 84
80 11
50 23
119 69
33 3
55 107
36 12
40 63
101 70
32 87
54 52
47 37
115 44
28 31
89 109
111 94
48 2
8 73
29 97
18 6
44 34
61 31
93 39
103 17
28 103
113 4
12 35
63 87
65 36
77 75
55 55
47 11
94 21
120 114
42 100
47 32
87 72
22 19
26 83
116 21
68 110
74 103
23 74
83 64
76 16
111 99
64 112
102 80
20 115
15 87
11 35
47 18
83 38
8 114
14 8
113 77
110 41
97 40
109 16
70 85
114 15
117 5
48 107
16 117
22 52
68 95
98 56
84 88
36 42
30 108
89 25
77 103
53 76
91 71
98 15
65 38
80 54
119 24
86 99
26 84
88 91
25 97
67 19
36 105
2 25
14 79
68 27
38 4
89 35
26 102
119 59
13 79
32 2
116 88
104 50
29 82
91 91
13 58
72 53
3 28
8 65
89 83
11 3
117 70
92 120
56 86
90 88
77 51
22 21
58 77
66 89
14 85
20 112
110 62
84 78
41 54
90 92
13 51
82 79
8 64
38 75
24 30
101 73
80 48
71 48
74 2
111 87
6 101
97 66
96 40
64 50
4 81
4 64
98 33
34 22
24 65
48 27
78 118
84 57
12 69
67 79
77 102
60 112
4 116
10 104
15 44
82 72
15 28
25 88
28 54
12 68
31 22
113 4
21 71
17 117
6 39
81 79
73 111
102 92
118 90
29 42
97 94
91 108
78 98
15 2
85 112
33 83
14 76
82 10
115 52
19 58
89 87
31 1
56 61
13 115
40 77
75 17
20 78
67 3
37 113
91 35
92 68
101 18
62 46
19 118
63 14
111 64
40 17
39 16
104 117
97 111
72 84
28 114
106 58
49 88
34 54
79 34
101 51
53 90
70 27
61 90
56 63
92 26
24 58
96 67
111 70
64 86
32 60
45 16
80 19
43 47
49 64
53 100
60 94
113 61
35 57
17 50
36 94
73 88
12 77
116 67
79 85
17 108
38 38
59 111
6 4
108 55
85 62
107 96
24 44
103 67
52 27
82 84
8 49
95 78
77 34
47 46
118 36
64 40
28 101
11 51
96 82
115 22
72 82
59 68
93 113
42 57
28 26
91 67
15 3
113 74
100 96
29 91
80 4
8 39
70 28
83 111
81 98
96 99
86 97
41 113
1 58
98 95
102 108
87 76
47 66
10 115
118 86
19 91
83 58
31 8
84 16
83 38
14 28
58 110
104 28
102 89
6 115
45 21
33 64
39 98
61 36
54 41
54 52
59 105
85 22
46 108
43 68
76 3
16 78
110 25
26 116
39 43
28 97
112 46
39 117
119 24
65 73
118 47
37 26
10 5
67 27
102 119
18 67
58 10
31 3
55 59
2 86
15 98
92 116
112 27
109 52
36 74
12 100
73 108
21 88
119 65
44 97
10 30
28 55
32 55
34 110
119 22
85 31
31 78
51 93
61 63
77 13
23 89
109 118
46 23
117 111
77 87
97 27
32 66
24 7
99 73
75 112
13 73
96 115
14 57
71 86
72 73
52 12
64 3
101 17
74 57
111 76
80 44
11 32
94 116
27 112
110 96
1 81
28 68
60 117
75 4
85 68
19 59
45 61
1 12
62 8
71 80
92 22
66 75
58 109
99 8
43 16
62 55
103 63
69 77
108 75
109 45
34 49
14 54
89 37
92 9
113 94
103 114
21 102
5 46
35 7
47 71
113 46
61 98
6 40
79 31
80 40
93 4
60 112
46 1
106 83
2 38
14 55
65 43
35 118
90 26
92 98
14 70
85 102
77 35
14 73
113 61
6 31
52 72
116 17
28 102
82 59
119 115
46 98
60 58
94 2
116 115
93 117
23 115
85 49
66 21
106 60
58 13
111 53
50 34
90 67
1 11
119 35
29 27
19 35
11 30
10 111
87 66
86 44
38 92
97 89
65 68
42 67
53 59
93 9
117 44
14 21
50 19
109 113
3 4
43 102
64 65
4 95
115 112
51 60
40 96
86 83
55 93
60 21
25 48
68 3
29 99
89 30
40 40
68 38
33 59
55 58
80 61
13 49
62 89
76 83
113 99
27 53
15 63
29 38
113 35
22 91
71 10
76 65
32 91
94 113
25 66
21 15
83 95
72 8
91 107
2 110
104 88
14 35
4 72
6 91
60 92
36 11
85 88
96 11
55 54
81 93
52 48
32 104
55 19
54 119
34 1
107 41
119 108
109 11
62 33
87 23
118 48
40 28
12 52
41 32
50 70
3 45
113 29
56 75
88 114
53 110
101 64
27 12
51 64
57 32
46 15
76 101
7 120
84 19
119 16
14 97
19 24
65 101
92 49
70 93
23 1
27 91
107 67
79 99
37 97
114 25
59 38
14 53
108 116
48 112
7 49
62 118
105 91
52 105
55 66
94 77
51 59
87 80
13 84
96 75
33 69
44 30
6 4
27 100
18 38
41 111
2 34
39 92
50 62
38 8
60 104
102 52
116 29
15 9
77 62
108 66
33 87
20 1
109 13
41 117
17 1
3 51
56 111
94 2
48 80
115 26
120 82
31 69
50 82
83 79
58 99
4 107
96 12
77 47
68 93
25 54
30 47
94 14
98 96
22 47
21 108
103 26
44 3
104 74
46 47
19 103
111 48
14 98
86 43
120 70
11 11
72 21
43 6
70 44
101 59
83 55
91 76
107 55
76 57
113 82
102 33
75 73
40 107
26 83
18 72
76 89
23 3
31 116
105 9
109 87
118 72
8 98
20 97
118 68
57 60
71 119
76 20
38 78
101 102
42 97
85 93
69 3
92 109
36 62
66 64
99 22
41 2
97 80
56 67
11 89
60 71
93 55
112 118
20 64
42 58
67 57
51 75
85 85
104 36
55 101
102 16
119 55
50 64
3 71
23 119
45 9
5 114
4 28
13 86
10 94
97 55
64 117
80 51
28 65
3 21
73 105
34 83
99 1
42 38
68 45
95 54
105 52
101 54
53 64
55 56
45 87
63 62
37 45
92 98
55 36
111 53
88 88
65 50
4 56
82 74
55 16
3 93
94 18
118 111
2 105
20 4
110 79
120 60
81 5
77 6
8 88
98 87
48 76
120 97
86 66
8 54
33 37
29 81
41 22
8 78
53 27
7 91
102 40
20 82
5 78
36 91
60 107
81 81
62 107
34 109
32 40
110 1
77 67
86 41
78 6
105 113
101 117
98 51
97 107
53 118
42 25
40 43
35 75
41 58
22 72
12 78
79 36
117 47
96 34
4 21
96 67
112 73
71 114
2 2
110 51
51 98
68 14
49 109
85 16
93 60
76 111
109 71
105 30
85 114
70 22
10 1
26 70
25 120
93 113
10 9
100 52
86 6
48 48
42 7
83 52
120 6
45 37
76 8
33 80
22 107
25 6
46 28
118 68
111 99
16 15
34 41
57 51
49 43
4 17
63 4
57 11
33 10
40 97
34 5
87 108
71 10
5 96
14 23
22 43
52 85
76 28
39 114
1 78
78 110
10 41
41 100
53 111
89 97
105 19
82 32
84 36
64 61
82 98
104 98
101 80
114 62
8 16
15 99
61 21
106 99
67 105
100 7
1 42
21 116
88 5
23 85
96 41
54 81
113 32
4 74
118 18
64 23
88 102
119 60
55 81
6 79
34 103
97 81
29 97
52 3
52 30
26 82
1 106
116 63
106 117
111 11
58 8
33 75
26 2
42 86
61 96
7 9
25 37
88 57
23 34
117 46
64 110
76 94
83 36
59 41
21 97
107 57
56 63
71 90
11 111
42 112
8 89
52 80
104 82
86 3
107 62
46 44
66 101
105 114
85 110
44 111
75 88
28 73
110 63
117 57
43 65
32 39
74 25
16 27
8 99
62 25
63 47
79 11
71 1
58 118
26 73
4 12
45 75
104 89
78 45
102 59
71 76
20 72
33 67
25 84
111 92
112 4
94 18
96 50
15 69
75 114
58 38
82 83
14 77
106 3
97 35
85 67
91 81
1 73
46 102
49 97
11 24
116 37
118 39
80 2
7 40
93 97
78 86
75 116
46 54
74 104
41 46
75 75
100 41
6 18
52 81
75 12
80 42
94 94
44 95
103 24
28 114
113 120
116 105
8 62
39 91
100 44
44 24
87 38
71 120
18 106
83 4
87 60
71 86
74 72
23 97
14 117
41 107
111 31
22 96
7 84
60 116
60 4
51 36
75 64
105 27
12 76
28 65
88 111
39 41
29 110
118 24
78 73
24 36
22 97
36 81
70 30
5 88
61 94
93 103
78 7
44 39
15 106
15 92
46 111
78 7
2 5
6 79
5 33
64 102
24 55
102 99
106 1
28 118
27 109
83 28
80 35
99 15
62 86
98 105
50 64
64 59
78 97
103 18
86 113
85 59
91 67
2 48
92 20
114 38
38 54
18 90
58 83
98 11
111 109
60 120
57 16
39 93
17 79
13 80
32 16
89 99
2 49
52 44
60 31
54 25
105 9
35 61
5 107
1 96
13 84
108 41
46 8
63 23
68 115
42 113
62 64
4 52
58 63
30 7
19 36
72 88
1 36
84 31
22 52
28 113
85 6
13 50
22 82
92 71
22 25
112 92
101 24
109 60
12 49
71 100
52 53
53 83
9 74
32 39
46 96
48 53
6 21
22 13
23 93
80 21
21 32
94 78
43 112
40 109
53 110
54 88
38 87
68 19
71 34
77 101
77 5
18 3
65 28
32 78
72 80
16 61
1 9
60 99
44 13
95 106
84 65
45 58
36 91
119 50
4 88
57 46
111 79
80 89
53 76
26 84
87 77
10 110
2 70
6 40
111 82
2 7
112 14
27 48
28 109
104 50
92 27
101 30
25 93
103 30
85 29
34 92
112 47
28 13
76 58
49 13
79 36
92 66
57 39
46 114
40 44
55 102
67 113
63 79
78 32
34 92
41 68
105 96
33 18
68 37
77 33
62 3
90 10
35 34
60 19
73 96
74 29
6 120
16 99
24 25
67 115
88 49
70 91
31 79
48 115
107 8
79 95
48 104
75 28
11 81
65 9
86 79
109 65
34 29
11 20
69 75
11 96
70 35
79 20
56 98
55 41
12 73
18 13
18 85
65 42
34 47
112 86
41 90
23 68
14 50
55 100
118 24
28 81
13 63
24 29
70 83
93 102
55 105
108 30
95 46
30 72
109 11
37 63
106 32
80 99
96 7
63 73
46 83
18 16
114 70
57 81
108 99
100 118
83 2
80 118
60 52
17 52
18 60
88 21
51 20
44 63
4 50
88 13
56 59
72 32
76 117
13 22
13 83
45 106
57 3
3 7
51 23
38 104
48 62
111 87
49 20
15 43
54 31
120 105
88 16
58 87
2 35
53 77
26 5
100 79
57 68
2 107
120 77
101 88
105 118
8 120
10 2
30 16
83 29
75 4
50 107
8 29
110 108
107 50
29 42
58 115
25 63
116 15
93 92
1 11
7 115
60 102
120 78
90 34
55 37
120 69
82 34
62 86
40 100
53 82
85 36
82 74
117 58
92 83
48 41
94 33
120 90
116 70
43 12
99 7
36 99
77 60
92 26
76 23
66 98
80 35
32 110
2 105
34 104
65 3
7 76
16 80
75 55
23 117
9 97
49 5
97 114
81 90
19 54
116 5
1 116
79 103
69 73
42 50
106 59
20 51
98 42
97 8
34 84
87 16
82 80
86 69
104 78
101 9
100 53
22 108
11 55
109 111
5 77
115 57
23 112
26 40
40 117
64 101
84 34
37 119
59 99
81 46
13 85
37 15
110 70
119 116
108 56
29 83
103 48
62 67
5 36
43 95
24 27
45 104
112 81
26 105
10 81
110 3
20 55
110 24
19 105
79 23
59 36
117 37
41 32
10 40
51 62
88 8
39 89
50 7
74 69
35 49
76 83
31 83
9 55
21 80
49 41
90 38
42 1
75 61
106 20
104 59
31 56
60 90
103 20
50 43
52 97
57 2
2 66
73 13
15 114
27 76
68 55
100 61
69 21
77 119
5 47
105 105
52 52
103 113
76 112
69 99
93 101
73 26
105 119
11 50
102 109
86 98
8 47
9 118
63 61
19 108
105 38
77 120
78 13
5 72
97 2
6 41
104 67
37 25
58 28
54 77
113 31
78 68
114 66
58 21
55 21
78 87
59 11
62 64
58 30
46 20
84 101
1 44
104 58
23 53
8 51
25 96
65 93
79 95
37 46
31 18
4 61
54 58
112 80
43 44
74 74
12 84
41 20
8 97
89 96
68 6
80 109
92 68
42 28
47 51
22 71
46 55
25 66
61 118
24 117
26 49
95 67
49 103
40 105
28 66
94 59
96 80
9 49
8 111
114 104
10 41
93 64
98 1
22 111
1 63
33 113
54 68
79 82
56 42
5 4
21 112
28 40
79 80
10 99
119 20
60 2
47 48
58 73
14 92
48 102
103 25
57 53
72 106
118 110
77 21
78 79
119 107
33 86
89 93
25 37
91 38
46 118
41 41
89 103
51 69
86 89
60 56
56 38
68 42
3 16
59 63
31 96
71 107
51 73
32 70
95 83
31 97
109 15
45 104
117 28
109 51
45 96
42 74
16 107
88 115
20 13
6 41
1 48
75 102
16 96
111 2
62 73
90 42
102 13
75 60
76 3
16 37
43 91
67 108
5 20
35 85
90 40
40 64
120 100
93 6
56 68
39 1
93 41
112 45
49 23
88 89
9 2
59 66
17 95
113 109
113 108
97 80
65 57
63 81
113 84
75 8
2 70
61 48
37 58
94 31
105 85
34 106
20 54
61 38
106 13
71 63
82 59
73 90
117 82
95 79
35 12
117 112
61 29
32 11
56 68
107 16
104 11
16 30
98 48
82 68
26 54
51 70
88 67
67 38
84 80
81 55
36 69
27 14
93 60
87 104
31 98
72 9
1 98
101 87
90 24
40 55
30 119
52 7
55 45
58 92
29 90
63 107
36 72
51 110
17 80
16 120
13 6
70 16
84 103
42 120
82 54
78 1
78 64
61 26
67 116
8 60
55 22
102 43
21 31
81 38
96 53
104 33
15 46
120 106
39 98
120 105
90 38
91 18
20 80
3 43
100 14
88 59
110 117
55 78
79 81
21 1
6 15
6 78
21 116
60 79
110 75
3 18
56 33
66 60
92 83
97 61
79 47
57 67
80 111
81 60
107 112
60 99
57 69
102 51
115 60
62 43
98 52
110 84
84 2
54 34
8 113
111 98
55 113
106 31
98 36
24 91
44 22
96 89
66 74
64 116
120 100
96 40
28 29
1 98
50 36
93 81
69 12
33 120
75 75
109 8
15 42
20 25
91 102
11 94
73 10
79 119
44 87
43 8
19 101
17 6
97 55
14 23
58 39
96 63
68 108
18 56
72 32
53 87
45 63
88 24
7 106
34 60
109 18
50 43
42 109
94 15
2 20
22 16
34 5
118 34
41 80
102 95
89 4
77 32
46 31
12 44
90 108
22 74
91 108
51 27
100 22
102 16
92 62
104 27
91 105
101 10
22 85
27 7
110 83
12 29
49 61
89 110
10 112
114 47
33 75
84 5
33 26
69 109
21 44
4 88
21 4
41 82
80 17
81 117
63 54
120 16
108 35
14 99
35 44
103 14
10 63
53 47
25 45
86 106
69 38
66 43
29 56
57 82
7 113
56 44
20 31
87 18
54 3
87 18
64 83
98 50
60 54
54 113
64 31
2 19
65 78
98 87
1 95
111 23
55 111
29 50
119 3
55 47
81 43
2 39
24 95
48 71
14 17
81 66
71 6
39 63
82 106
36 21
83 46
118 6
9 16
16 91
6 51
114 39
110 73
85 84
35 99
60 50
18 81
94 44
67 73
7 91
109 29
54 58
109 113
52 18
60 116
30 113
1 90
8 54
82 79
56 37
104 81
25 26
4 32
62 78
115 11
35 89
118 113
59 48
53 83
100 80
50 50
69 88
66 109
52 88
52 87
38 83
40 101
106 84
7 106
109 54
5 96
69 18
93 108
58 52
13 32
78 18
87 56
115 48
82 6
66 78
27 56
110 108
34 20
102 44
116 100
27 17
28 81
70 105
85 67
24 84
92 115
33 101
81 9
25 59
117 97
1 7
9 34
90 46
24 82
22 17
65 103
18 46
64 46
110 92
109 119
112 110
18 12
116 37
37 68
29 16
119 68
11 38
45 65
13 66
64 66
32 88
103 33
98 28
66 28
2 70
105 78
70 110
17 74
20 108
72 3
89 79
51 65
97 24
47 67
115 79
110 105
75 103
16 95
29 120
16 26
104 6
2 109
97 39
20 82
113 105
63 48
47 56
