120
720
84 44
8 44
72 38
113 70
26 11
1 41
58 94
95 43
23 89
54 15
71 22
14 21
100 118
78 28
50 64
116 98
26 18
26 97
48 42
2 25
118 51
51 9
47 91
22 57
60 93
29 90
76 39
25 35
81 74
34 13
76 118
26 21
38 65
85 68
16 75
27 7
47 50
6 98
21 30
114 87
88 109
12 10
53 92
107 64
26 94
86 26
52 3
56 62
118 64
9 96
115 42
92 37
79 20
43 10
77 103
108 56
81 63
25 31
79 15
24 12
96 33
50 19
38 59
95 57
86 26
28 115
11 5
58 44
58 73
101 5
88 74
83 69
114 20
80 111
41 106
117 30
39 42
46 13
28 8
86 90
7 87
102 104
76 14
7 108
4 10
25 64
18 89
40 97
82 23
76 100
43 51
23 96
42 67
6 34
63 36
14 116
63 53
76 92
85 75
12 47
72 116
7 40
29 97
47 63
36 33
116 113
100 49
99 53
6 39
91 35
98 15
30 82
36 35
13 106
25 76
43 76
5 7
54 64
95 92
82 49
35 63
29 36
82 81
54 28
114 44
93 3
107 66
106 58
117 118
62 89
84 44
16 76
77 64
79 103
27 47
117 1
5 111
55 56
11 101
71 93
14 68
35 9
39 61
71 56
93 83
32 114
20 87
119 92
111 65
35 73
117 69
43 89
31 85
15 60
78 42
85 91
21 68
109 92
68 43
112 17
86 96
69 78
28 41
23 53
83 61
51 87
50 94
101 87
98 33
115 9
65 66
39 34
41 29
89 30
94 64
83 11
110 106
101 34
37 30
103 51
7 28
23 28
88 42
89 71
100 104
48 54
116 49
116 48
50 4
72 75
56 119
9 2
63 78
15 41
16 95
109 20
90 110
29 77
81 28
46 54
2 32
19 118
91 16
106 115
73 17
103 107
38 94
107 36
77 5
11 54
113 69
29 31
65 107
3 4
12 76
114 33
34 32
53 56
105 26
45 90
95 37
64 108
24 70
54 45
77 87
100 4
61 22
25 103
93 57
105 102
4 29
38 1
22 39
33 75
38 34
114 56
57 39
109 110
108 38
35 97
62 66
97 59
24 30
27 108
5 81
3 60
60 70
95 37
103 2
30 75
22 112
91 7
24 61
96 80
26 6
99 57
7 94
95 111
90 4
80 75
91 95
67 105
25 95
36 36
73 108
71 61
48 1
102 72
33 6
8 52
103 18
17 60
100 31
4 74
64 27
28 43
11 11
88 109
7 105
103 115
108 114
112 30
22 21
53 23
64 45
116 44
96 10
57 17
96 19
24 91
107 106
67 28
74 61
7 17
84 106
109 113
53 30
104 1
25 7
31 9
60 26
80 40
110 74
101 80
40 92
118 29
54 6
116 88
106 67
91 111
70 38
11 112
46 51
52 99
53 23
54 64
66 3
98 83
39 106
51 86
76 120
72 9
12 39
42 95
68 13
63 118
18 19
26 87
35 97
115 115
102 49
36 66
27 112
51 45
55 29
29 114
53 76
62 22
6 94
87 73
59 57
114 9
76 95
54 79
4 75
92 18
60 69
27 70
63 106
91 45
61 37
34 51
90 1
30 82
74 5
73 76
16 84
95 24
30 58
19 16
60 39
109 22
92 85
67 63
86 70
65 32
16 109
103 80
47 81
98 119
30 78
78 12
8 61
120 120
31 66
75 102
1 75
119 92
71 114
47 98
97 77
81 118
53 38
1 103
29 65
14 35
65 65
9 32
29 20
16 119
58 11
18 58
24 1
61 29
38 48
93 25
11 25
93 83
1 16
9 63
17 66
46 17
120 3
15 26
63 38
82 98
8 68
3 67
112 36
31 100
80 33
98 71
65 108
34 14
74 11
106 50
20 39
34 32
6 14
118 9
1 98
64 21
75 43
56 69
118 24
17 88
87 113
79 57
46 5
29 77
112 23
71 31
34 68
76 24
104 54
41 73
104 45
22 29
97 114
26 40
80 41
51 104
12 51
51 64
20 11
61 31
11 7
59 26
70 78
49 107
88 11
47 79
63 85
95 31
118 21
64 78
23 11
87 72
50 32
19 83
10 96
82 104
83 75
112 17
104 31
76 63
82 73
49 36
79 34
113 4
2 72
43 11
12 77
15 51
59 11
83 38
33 86
114 90
95 34
104 38
13 90
113 8
58 62
60 32
90 82
97 23
40 8
84 92
77 61
112 10
94 82
57 114
52 99
3 66
106 106
28 4
76 45
117 47
26 82
44 69
55 117
5 103
57 32
33 16
96 68
98 49
45 49
110 118
36 2
8 72
60 52
99 14
14 97
9 26
8 88
20 103
71 7
65 55
72 59
44 82
56 69
40 78
105 81
18 30
72 70
119 31
62 97
70 111
116 3
106 11
20 91
101 39
69 91
98 117
22 85
111 99
38 88
114 111
115 8
96 32
49 56
102 24
43 73
64 43
37 53
61 33
39 84
115 22
97 73
52 19
56 32
110 65
116 30
49 20
90 9
29 34
45 4
73 117
47 3
21 118
3 8
34 110
77 101
57 98
46 91
53 44
90 5
13 50
60 5
69 16
29 81
102 85
59 43
30 1
12 115
115 93
30 15
86 21
22 114
110 87
67 72
49 23
117 61
101 58
53 46
56 92
5 117
25 63
69 5
93 23
75 20
101 35
86 14
69 106
27 101
80 92
95 33
115 38
22 38
18 108
59 103
102 76
106 26
23 91
33 83
98 85
94 81
104 81
26 78
59 13
51 15
27 93
8 68
90 47
101 45
9 64
19 86
109 2
26 80
101 93
118 71
30 27
114 23
45 82
17 80
109 96
12 39
14 4
16 64
25 58
38 116
98 49
39 120
43 21
3 55
53 99
54 65
20 90
19 21
28 50
13 96
98 5
15 85
60 23
35 104
113 86
33 97
3 55
109 51
94 19
90 21
102 89
63 106
7 113
24 91
24 59
70 28
98 44
35 109
110 101
36 24
13 76
42 3
107 45
55 43
109 104
44 68
82 3
43 7
43 70
63 31
117 81
92 110
101 4
54 112
108 13
94 64
12 74
24 12
101 97
63 33
45 42
5 102
84 12
105 58
105 101
96 75
25 47
71 10
37 30
120 37
33 111
73 10
28 6
50 7
64 54
35 50
46 97
28 97
77 100
54 114
117 34
18 53
80 76
96 92
6 98
102 101
6 39
120 10
46 24
53 33
56 71
31 67
64 60
1 69
64 21
97 88
36 70
120 80
43 67
