120
4320
78 15
112 71
103 117
46 66
101 116
51 15
25 26
109 55
51 45
33 58
85 49
40 59
68 13
113 36
55 115
42 78
46 36
57 96
41 1
97 108
32 92
72 101
104 11
6 24
105 33
91 42
110 77
11 37
110 61
5 4
5 39
112 17
84 64
102 35
32 55
102 29
97 13
100 43
64 21
65 54
73 29
11 85
72 41
100 34
52 44
79 81
50 25
10 21
31 38
28 79
91 44
112 62
117 5
11 120
92 75
50 62
90 65
32 43
50 81
60 82
114 120
85 63
48 89
67 32
75 69
87 17
90 93
4 45
50 37
104 68
17 65
14 58
48 106
118 83
82 61
105 15
104 35
87 2
14 49
112 21
57 7
90 27
55 108
108 101
103 1
112 7
26 1
55 26
10 106
41 76
36 81
12 71
10 37
61 44
10 43
105 112
37 106
41 5
115 66
22 17
50 36
3 37
34 104
119 43
14 11
31 33
14 111
33 59
43 14
84 3
27 24
115 119
42 40
23 50
61 112
111 76
71 24
120 120
114 87
93 61
70 74
74 64
35 62
68 1
55 55
53 46
8 4
55 67
98 120
21 118
54 109
114 101
74 89
103 60
34 19
69 96
78 80
101 56
18 69
83 120
23 90
24 17
5 95
59 110
105 105
53 23
119 82
41 89
57 48
65 7
77 29
55 44
39 82
40 5
74 118
73 29
20 100
51 37
117 31
117 100
96 64
23 90
69 86
12 89
70 91
45 98
9 67
96 19
2 34
36 70
76 106
5 76
23 31
81 29
115 47
65 7
102 31
79 110
9 51
19 44
64 120
100 44
11 1
52 22
10 86
110 60
115 19
46 50
2 27
40 25
91 118
29 111
11 35
97 56
101 96
110 41
1 52
95 25
79 48
110 91
79 33
84 16
7 61
56 27
10 83
108 70
88 28
26 65
96 93
92 29
15 23
51 8
79 118
112 54
40 116
20 39
91 116
27 65
70 82
7 45
106 96
51 75
75 105
62 78
109 113
33 68
37 51
4 49
64 63
84 81
13 89
27 43
79 3
11 17
98 17
94 85
75 57
104 71
39 106
64 59
14 18
53 95
109 34
95 49
83 48
102 16
20 8
36 62
41 15
64 76
22 103
64 75
79 94
8 97
34 48
4 56
25 107
21 86
89 87
86 52
27 21
56 14
39 46
46 55
103 85
36 33
13 58
79 37
31 45
106 21
57 75
100 37
22 70
5 26
114 28
116 100
30 37
97 81
104 47
18 97
29 41
24 25
64 64
56 10
4 49
12 88
88 105
32 52
66 37
78 64
11 107
56 63
4 31
69 60
107 1
11 12
67 20
78 17
19 95
113 70
51 109
53 101
59 100
30 25
119 3
107 66
89 59
17 22
57 39
30 60
91 120
116 57
37 24
39 111
68 39
113 7
75 96
42 60
93 66
118 29
70 30
80 71
105 91
98 54
2 42
64 114
73 9
118 24
65 90
99 115
83 40
92 55
95 33
93 103
112 85
13 82
109 16
98 40
11 28
1 47
98 108
106 5
47 103
92 66
49 96
53 90
104 10
80 27
24 97
35 12
79 47
43 79
63 35
22 19
62 110
88 92
9 30
45 66
2 24
63 110
91 97
15 64
110 26
19 100
56 74
42 68
40 30
105 98
97 72
18 73
109 72
107 88
10 89
57 118
100 101
56 118
111 7
4 107
6 24
111 55
47 18
33 62
97 82
44 28
111 33
89 84
111 56
60 28
40 57
1 61
65 98
117 83
47 21
112 9
114 97
118 59
83 75
11 77
75 9
6 5
4 23
82 45
112 109
34 93
40 50
76 80
62 105
46 27
102 102
57 5
51 96
4 101
105 65
73 63
103 54
33 17
11 100
113 25
88 75
1 60
48 35
89 105
120 88
55 104
67 19
120 67
61 120
62 69
96 64
29 20
110 22
39 36
6 11
79 84
11 18
79 80
47 36
47 3
82 109
48 83
27 70
17 67
36 12
16 58
37 108
14 107
101 37
95 59
38 105
120 15
12 113
87 60
83 108
100 39
64 97
16 46
66 23
57 76
5 108
1 88
36 70
47 74
75 112
113 49
34 108
5 23
97 90
56 81
20 30
92 105
31 89
3 99
91 55
36 106
38 1
53 3
23 61
24 114
73 1
77 82
91 100
71 48
26 39
61 93
113 103
119 85
55 5
80 83
11 67
45 30
114 70
82 32
10 36
88 55
9 57
44 99
6 32
39 88
22 103
41 90
57 1
32 98
52 26
120 33
92 14
117 111
71 31
40 79
104 38
88 51
86 40
52 50
12 52
25 40
105 77
50 18
26 40
45 76
78 119
50 111
32 97
1 106
49 15
98 38
29 56
103 27
78 57
57 55
71 14
102 102
10 69
102 118
34 51
65 80
90 116
94 59
2 30
9 104
73 110
92 102
105 102
32 88
13 99
102 89
3 68
19 2
28 50
57 88
99 40
71 98
28 111
7 4
118 12
8 119
26 99
20 113
13 37
108 90
50 97
49 97
109 120
74 57
56 78
51 61
25 10
90 51
7 14
53 119
28 114
8 83
120 111
52 84
23 31
7 119
18 62
80 81
23 106
56 36
81 76
23 23
57 120
10 49
67 23
84 67
104 27
35 18
117 40
49 57
55 22
42 33
116 42
19 76
54 3
11 94
11 12
30 81
28 44
91 80
6 93
113 43
1 42
108 50
117 111
5 61
63 118
47 92
119 118
85 57
3 62
18 45
94 13
40 117
39 16
86 52
105 83
28 98
48 108
3 3
31 16
106 53
116 11
77 36
31 40
57 46
103 39
14 106
8 100
14 48
51 92
80 93
107 59
70 116
14 88
88 88
64 55
92 49
49 10
89 2
102 50
70 1
16 2
68 98
31 61
114 13
50 56
107 4
38 46
75 53
54 69
1 78
79 1
110 4
112 101
78 90
19 79
71 50
4 49
54 77
52 83
111 68
71 102
36 49
104 80
31 75
56 56
56 51
36 73
101 71
67 75
72 24
2 25
103 7
19 66
59 105
80 98
11 78
52 53
106 60
30 108
74 85
110 60
29 49
25 14
53 114
17 90
88 68
77 8
67 36
89 26
106 2
114 115
70 13
120 107
6 12
48 14
6 120
99 19
72 110
101 12
8 86
91 100
108 47
104 88
66 16
108 95
35 78
34 5
64 43
11 28
60 11
55 8
58 39
77 97
16 61
113 70
84 56
118 21
12 19
28 49
25 106
113 44
119 44
99 105
86 60
64 94
96 10
35 16
101 16
20 71
118 50
113 43
14 118
98 43
17 39
81 104
6 35
39 92
36 31
46 24
72 64
86 85
109 39
115 55
44 83
30 36
29 106
46 23
101 89
88 17
60 49
86 74
117 33
25 25
118 44
27 47
45 4
2 86
22 5
99 82
37 120
96 117
85 30
113 50
7 117
38 43
46 34
106 78
12 102
90 108
18 108
70 93
3 73
112 96
95 10
100 94
33 27
77 4
76 96
29 17
67 47
44 39
3 35
17 32
45 109
69 56
52 90
49 72
113 37
92 28
90 103
71 97
46 15
110 2
71 96
58 60
20 12
4 80
26 111
49 106
100 89
35 115
97 83
29 26
38 26
56 42
89 96
92 40
53 110
2 109
76 113
77 1
39 4
60 33
46 57
77 101
8 91
6 60
28 38
47 58
45 5
45 93
13 40
89 21
9 72
105 113
108 96
40 65
58 87
94 39
65 113
8 23
83 66
104 20
97 89
68 99
89 80
63 7
74 112
83 118
52 52
104 22
46 37
113 81
33 30
88 76
90 85
62 42
84 35
59 101
41 42
62 111
112 74
33 26
14 101
75 89
103 82
43 100
47 71
21 92
89 43
13 68
13 101
58 51
25 86
96 60
5 80
32 12
19 22
47 91
29 119
54 43
116 100
20 19
63 10
5 90
54 115
111 50
105 17
51 23
109 79
58 77
65 87
3 18
47 45
10 102
49 5
40 24
42 50
47 84
24 63
92 37
29 106
116 89
76 51
76 69
21 18
97 61
104 110
58 92
120 19
109 27
95 48
108 118
37 1
1 34
65 20
91 112
64 48
49 44
37 97
22 70
108 66
100 88
42 12
12 7
48 113
110 116
78 92
8 112
91 102
73 13
100 38
94 111
106 58
45 16
94 4
80 94
63 96
89 85
37 63
116 39
55 16
1 42
51 92
112 104
63 16
73 89
43 46
40 90
36 10
104 17
53 92
116 100
15 108
43 100
25 98
92 38
56 13
12 55
116 79
57 5
1 12
71 105
92 108
67 22
75 9
20 58
111 23
62 117
65 23
111 119
21 59
107 91
117 65
91 83
37 26
69 21
70 7
27 28
58 44
45 59
109 27
102 13
66 82
69 55
94 106
76 89
89 14
62 24
66 114
63 13
43 102
41 4
34 118
110 76
38 25
20 61
28 65
30 54
5 91
73 120
68 76
63 19
7 120
104 98
55 91
96 116
42 86
117 67
54 100
61 63
61 101
85 33
18 40
32 117
77 111
109 16
57 87
31 114
81 65
62 78
40 36
77 6
19 47
12 25
3 103
59 4
46 51
79 82
60 101
86 42
120 103
40 84
46 33
58 119
107 68
80 98
92 85
107 40
80 23
114 43
67 18
106 117
34 67
8 98
115 17
2 19
62 7
98 38
117 36
93 115
91 18
100 114
118 118
108 96
48 108
7 116
105 38
87 31
21 107
20 34
49 113
34 20
10 117
31 14
83 110
51 82
106 86
52 15
36 15
2 8
113 16
92 44
95 107
64 51
71 56
85 22
66 100
31 98
52 81
44 9
38 99
105 52
116 80
120 7
104 116
118 78
57 35
52 46
53 114
89 29
54 116
26 15
101 69
82 19
93 22
77 32
70 65
86 69
105 30
96 81
99 2
8 44
99 23
88 36
18 72
105 26
65 62
113 93
63 49
67 3
76 80
29 14
71 80
27 23
37 69
20 20
21 102
79 80
10 80
105 115
50 13
17 22
46 40
1 46
50 38
11 44
77 54
31 46
2 45
80 81
23 79
98 86
109 99
43 106
29 80
90 21
13 117
66 112
46 46
44 83
93 1
10 39
38 37
118 72
44 36
28 6
64 84
74 63
74 20
25 30
82 76
98 53
99 61
101 38
19 108
105 45
12 14
106 59
99 36
25 70
55 52
83 72
68 109
91 70
45 85
90 63
34 109
106 67
34 27
106 64
89 74
17 29
105 101
53 36
114 21
86 69
48 18
3 21
79 80
42 30
56 27
38 54
93 25
39 86
100 35
58 107
111 24
55 98
91 67
41 86
102 4
7 107
22 26
87 86
24 90
104 2
28 85
92 77
89 47
29 71
113 76
71 99
12 4
32 65
68 19
22 85
62 107
6 85
110 64
82 25
116 95
4 53
37 72
59 3
100 11
24 92
9 118
22 19
118 31
9 40
92 91
93 80
52 9
1 103
27 108
84 12
69 55
57 108
30 15
114 80
91 13
53 96
27 87
32 29
56 117
107 98
80 44
45 17
36 106
33 27
11 87
30 59
113 100
49 56
75 21
9 7
83 80
54 109
88 39
17 8
7 95
113 80
101 64
57 65
26 7
76 63
2 69
73 1
19 6
35 78
49 40
16 105
66 54
35 99
30 107
103 34
53 97
13 103
55 101
38 40
105 44
116 78
28 86
72 109
82 119
8 65
55 56
20 47
72 5
39 109
108 102
30 75
81 95
95 88
67 20
59 97
28 25
50 5
17 50
68 23
1 6
52 18
6 16
45 59
48 61
42 86
112 102
86 45
16 107
39 21
52 24
33 71
91 46
107 34
17 15
98 35
45 5
39 89
114 68
57 82
17 87
98 58
32 51
99 37
100 92
101 84
20 20
94 101
31 68
77 85
100 97
111 76
9 70
44 31
30 80
18 75
26 9
45 1
57 21
13 4
56 27
2 88
16 38
37 82
54 34
46 29
28 117
21 68
104 94
74 88
32 37
69 119
22 1
108 16
72 116
82 109
33 103
113 9
16 7
42 15
84 24
26 25
10 69
88 68
52 2
10 20
11 117
62 8
96 15
59 82
35 74
74 110
27 45
75 7
9 98
94 51
100 46
33 63
102 97
90 97
77 64
23 71
1 50
93 8
67 119
19 54
12 12
68 62
108 38
39 106
15 34
85 109
96 94
101 73
68 24
77 48
102 119
91 64
88 49
52 26
4 83
77 96
100 47
13 34
62 105
79 119
54 62
76 30
119 94
75 15
62 5
102 59
55 46
5 96
18 101
91 48
30 77
15 88
70 81
114 8
19 83
24 109
30 76
87 26
103 26
38 11
109 29
87 62
116 98
106 53
101 50
101 35
48 52
42 42
72 85
111 49
46 52
80 4
89 87
36 30
35 49
19 26
79 80
77 115
33 111
106 1
27 106
110 119
102 21
55 36
18 98
80 100
84 47
33 32
105 3
7 18
85 43
38 82
50 111
72 117
55 66
48 86
30 17
39 32
80 61
74 93
98 77
28 105
42 38
120 36
86 6
85 8
81 29
32 66
69 120
26 119
53 101
89 108
19 12
118 24
31 119
32 61
10 109
63 61
118 95
21 30
57 104
37 15
94 56
56 100
43 113
35 69
90 102
89 4
101 91
74 41
21 116
45 97
7 56
37 25
14 5
56 61
18 46
100 5
72 5
78 5
78 90
56 96
75 5
73 92
8 31
45 63
39 43
39 84
100 77
104 5
17 82
32 109
58 40
14 84
43 15
113 53
96 62
24 67
6 101
114 57
7 98
52 21
108 77
61 24
41 94
2 67
60 81
8 99
78 59
102 80
74 8
49 27
9 44
98 19
37 39
89 74
91 111
10 2
72 66
36 110
1 99
35 4
53 59
33 36
95 12
19 29
97 46
43 33
46 30
95 64
10 66
86 47
101 66
15 42
55 96
92 58
2 84
101 32
85 20
55 92
116 53
35 104
35 79
56 20
38 58
85 21
77 109
56 69
80 29
104 37
40 18
5 88
12 34
83 8
18 10
67 29
75 8
96 63
32 40
101 26
118 80
86 7
41 116
107 64
74 108
117 56
106 114
108 118
79 30
99 7
57 39
26 82
60 87
71 11
80 118
70 118
13 14
89 23
57 43
103 41
80 110
69 24
105 102
24 100
70 50
61 22
54 80
64 55
74 14
5 53
114 11
19 9
65 61
6 13
29 94
35 117
101 23
7 87
1 104
6 20
65 79
103 112
28 48
86 111
74 105
26 108
43 33
77 119
82 75
3 44
106 80
11 44
27 11
117 75
39 31
90 72
12 116
18 78
119 76
78 72
92 75
61 34
11 95
107 119
87 90
80 92
60 49
49 61
39 115
114 84
27 40
105 20
90 15
35 90
97 29
44 80
64 62
12 113
91 5
36 47
55 111
116 61
80 1
4 18
63 10
87 57
3 100
103 17
107 74
11 72
103 78
33 69
55 53
24 105
73 45
24 49
31 74
22 64
85 35
1 58
98 71
2 2
86 68
116 29
103 65
102 117
74 1
12 31
77 55
77 71
71 11
101 55
19 60
95 10
24 81
74 14
49 6
10 116
30 91
13 6
108 95
21 6
14 46
83 60
40 56
41 14
91 39
92 42
119 104
99 81
15 93
100 21
17 113
98 86
35 2
102 93
95 25
33 6
51 53
36 5
23 40
95 85
25 99
83 79
26 2
20 44
87 86
75 87
118 84
41 119
89 64
106 37
84 15
95 113
85 114
100 88
32 81
4 118
83 105
9 1
2 31
118 101
5 101
23 86
52 12
28 73
31 55
44 89
119 63
67 83
69 13
32 102
111 93
119 5
98 21
38 33
118 84
29 33
60 23
115 58
28 14
53 22
27 68
48 73
119 8
74 28
46 4
38 28
23 111
102 53
97 74
6 30
94 65
26 38
68 1
60 21
72 87
35 98
61 6
25 110
75 50
82 27
107 95
111 89
39 52
2 28
15 88
1 73
25 71
27 89
26 69
76 5
86 74
115 23
77 88
12 6
26 26
115 38
64 37
86 82
115 70
7 37
4 80
50 21
83 85
48 48
24 53
98 88
48 72
98 17
81 31
36 7
41 109
16 71
28 20
50 70
119 13
101 94
68 8
72 50
99 36
73 30
59 92
72 73
20 116
79 91
35 10
46 93
108 50
31 16
95 103
83 21
88 83
70 103
58 38
82 101
79 15
71 57
89 93
110 91
36 88
32 114
47 72
82 79
46 76
27 68
102 5
73 99
18 70
24 23
86 26
94 112
67 49
45 109
101 74
90 63
18 31
13 19
79 90
108 89
87 36
55 22
6 15
76 77
20 28
102 19
49 114
36 59
94 77
104 15
91 32
48 102
44 95
52 108
35 56
11 41
116 2
45 52
25 112
92 110
103 15
94 39
45 14
35 106
63 84
67 19
59 59
56 37
62 5
105 53
75 29
70 108
119 6
46 40
80 14
105 18
29 97
51 3
62 85
64 43
33 23
32 109
59 42
57 35
79 109
10 65
101 117
1 120
8 119
27 104
106 74
117 70
93 28
115 35
73 80
37 1
92 20
49 83
21 64
26 10
78 105
113 98
84 49
108 115
120 34
82 82
90 26
95 75
80 109
1 35
41 52
21 94
13 102
5 51
89 31
34 4
48 25
57 36
86 108
78 3
3 45
111 6
64 20
66 54
78 88
47 94
119 1
103 110
72 34
99 29
81 26
46 45
78 5
80 115
44 113
78 15
14 21
105 116
18 8
70 52
76 17
5 3
93 39
59 100
3 76
87 90
111 84
104 94
106 13
54 36
98 52
20 71
69 67
1 88
42 51
19 27
34 20
90 81
53 4
2 79
40 68
24 67
97 52
110 82
42 5
102 23
54 36
94 96
93 25
104 107
13 119
40 73
89 50
96 22
92 20
31 119
89 83
89 15
21 80
22 113
25 105
111 44
96 87
111 41
19 32
82 42
46 59
38 74
12 75
63 59
116 79
99 49
115 18
79 114
98 108
43 93
24 59
23 34
86 62
17 19
89 23
39 34
93 56
64 100
30 101
13 77
33 76
53 67
46 45
47 2
71 97
100 28
77 84
30 101
57 110
13 74
97 49
101 52
18 82
1 111
17 78
100 33
23 86
67 41
21 28
89 53
24 99
49 16
42 28
115 39
86 3
120 66
65 39
111 82
63 76
61 108
52 13
73 22
12 47
6 44
46 43
21 84
92 100
67 82
5 115
82 84
15 62
31 45
47 84
107 38
35 98
91 60
73 9
96 25
42 45
112 60
45 114
112 113
68 3
10 92
80 62
13 39
46 49
1 40
115 77
69 93
64 74
96 99
105 72
86 58
111 30
29 86
120 72
8 59
63 21
120 33
59 119
46 66
110 42
95 101
25 21
52 41
49 4
64 51
89 80
113 92
17 98
74 39
43 33
60 75
49 62
96 65
117 107
113 115
54 120
36 4
13 79
65 69
63 110
88 46
100 59
87 6
15 34
82 17
104 117
13 83
9 80
60 118
106 18
11 6
6 97
33 82
97 30
62 59
51 107
99 98
40 46
2 47
35 34
19 47
62 15
35 112
75 37
6 114
31 105
29 60
2 116
70 39
54 40
23 50
72 114
5 56
22 94
41 78
33 29
13 44
90 108
68 28
57 5
17 52
25 55
104 61
59 108
87 81
2 60
52 7
106 32
94 71
69 70
61 106
90 52
89 74
61 23
38 24
45 103
17 81
120 39
101 7
12 79
105 31
119 6
62 119
27 70
12 109
23 81
79 35
69 52
111 1
111 105
94 115
22 75
11 67
86 48
49 104
69 19
67 48
61 111
6 81
69 75
11 116
109 63
2 116
72 18
120 15
30 16
69 45
46 103
84 32
8 76
84 63
74 79
80 107
35 37
51 95
61 88
84 91
57 17
115 1
95 46
78 68
14 76
80 15
60 23
40 34
97 71
78 101
106 55
24 83
70 30
60 114
119 25
80 113
15 35
36 6
7 70
25 78
94 17
9 108
82 95
62 23
50 81
87 85
101 5
119 20
55 26
101 54
53 61
91 108
116 65
102 105
106 31
114 50
75 12
40 3
102 23
46 18
75 4
36 105
85 42
65 65
107 78
90 2
33 109
12 79
20 112
38 72
105 97
112 7
18 77
80 87
55 49
40 103
5 93
113 110
28 21
31 48
116 60
86 34
14 76
39 85
60 82
105 66
55 117
21 61
63 3
55 73
45 105
9 12
26 30
101 44
23 107
50 111
14 81
103 61
85 67
7 21
40 107
43 72
93 88
24 5
51 50
95 48
51 1
97 14
70 16
70 110
86 69
68 4
67 64
77 80
19 13
103 53
44 79
35 19
15 32
14 31
59 108
3 83
118 56
96 38
118 75
107 96
37 39
28 91
42 32
57 45
90 14
10 16
83 37
11 29
95 63
36 34
17 102
41 108
59 81
42 10
120 112
64 82
109 66
85 45
78 105
40 96
74 68
118 12
23 59
56 63
78 90
84 38
42 46
7 52
81 73
47 3
96 70
11 86
27 82
48 41
104 106
69 88
111 3
84 42
22 27
32 39
6 1
101 111
52 18
59 29
86 69
52 108
44 1
49 107
26 107
4 117
84 11
27 45
5 7
25 61
35 12
107 6
21 24
79 62
1 118
28 109
69 53
1 49
72 35
104 76
96 27
24 112
16 101
19 87
35 13
44 29
106 106
5 9
5 61
116 13
56 120
35 87
1 116
38 73
61 59
3 81
49 32
67 7
7 115
73 17
19 91
53 82
101 1
12 14
102 84
72 12
112 39
96 30
85 39
100 17
52 93
48 104
73 120
96 8
74 79
52 2
107 80
32 81
77 96
64 69
114 40
71 15
64 58
42 51
61 17
74 24
74 27
18 58
117 110
12 77
78 91
59 20
40 84
37 9
107 35
32 84
70 24
84 104
25 36
11 45
97 2
28 9
23 84
87 30
67 69
4 10
6 91
63 111
85 32
88 97
38 53
3 75
25 39
100 98
104 76
97 39
87 73
27 81
115 118
14 61
41 64
55 92
107 37
6 37
23 87
13 33
54 26
10 15
78 59
98 85
8 70
112 24
117 10
92 96
76 51
78 61
71 109
82 86
94 113
58 119
86 108
79 89
7 12
31 114
80 112
93 64
71 107
21 81
84 18
115 22
105 98
102 16
24 45
55 114
55 106
44 112
115 36
110 59
45 105
100 4
40 32
13 3
70 58
6 7
43 56
38 15
87 75
37 17
40 20
74 49
65 38
67 83
33 11
66 90
56 117
118 108
17 107
46 110
92 106
100 114
9 3
110 17
93 117
67 38
40 15
111 23
37 37
103 81
11 74
90 110
56 36
100 19
40 25
81 16
25 19
20 37
111 91
37 85
82 117
14 43
15 53
43 90
71 64
56 12
5 119
30 4
20 1
19 82
73 65
29 30
56 28
5 77
90 66
93 96
30 28
17 6
82 1
13 55
97 119
20 110
70 67
40 62
71 50
1 110
88 79
14 96
9 90
101 18
71 110
117 51
53 7
12 96
28 54
120 63
99 23
109 90
28 3
115 57
61 96
3 37
94 113
55 15
24 10
87 86
29 52
28 71
5 53
75 83
42 52
76 35
83 59
50 63
68 32
84 65
74 49
110 48
21 32
95 89
36 83
113 67
70 119
92 115
64 1
58 88
61 60
87 3
108 87
38 49
105 61
74 11
5 46
27 109
50 41
69 96
53 78
50 112
66 51
80 75
71 93
43 41
89 69
114 47
2 115
112 105
119 11
36 86
107 94
90 92
91 57
17 47
117 120
107 56
47 117
118 67
118 60
112 79
22 70
55 38
2 20
102 95
108 90
94 113
25 81
30 13
110 11
114 35
11 94
56 115
78 92
105 60
23 14
68 61
6 114
40 49
42 14
16 54
77 107
38 49
30 85
104 69
51 61
49 8
46 39
12 77
73 30
35 34
5 108
31 46
46 13
111 79
110 57
22 61
89 52
50 28
3 104
110 107
57 23
94 13
111 50
118 83
14 23
120 78
78 78
64 37
85 8
13 5
25 73
110 55
115 64
35 30
111 54
84 28
88 39
8 34
2 97
86 16
67 27
25 21
40 94
78 109
6 88
51 6
96 88
100 1
120 57
14 110
91 85
42 2
43 102
108 63
71 90
88 100
21 41
62 85
43 108
97 87
40 14
9 34
1 62
30 85
21 95
101 70
30 44
8 66
95 115
2 27
93 2
73 11
110 68
71 35
73 57
108 20
112 47
9 29
12 111
101 45
21 112
77 52
109 37
23 79
51 71
24 32
27 23
31 86
90 46
39 120
92 98
53 88
82 9
25 114
98 29
10 54
26 83
64 20
59 71
6 13
81 27
87 50
102 58
26 68
115 66
34 84
49 8
93 70
88 52
81 116
8 44
69 16
64 66
119 4
54 67
88 52
117 32
13 87
81 5
42 62
10 55
77 42
61 38
29 82
75 10
80 51
113 65
6 85
18 49
12 92
77 28
110 26
84 50
30 11
96 52
111 80
53 88
64 106
64 70
108 75
75 84
91 92
55 38
50 6
92 15
112 90
112 90
95 1
113 45
33 89
111 57
24 16
91 53
95 83
33 103
61 50
39 49
5 91
18 44
31 12
33 30
118 39
33 84
95 95
83 103
90 60
70 17
15 55
28 43
78 71
95 103
59 4
4 51
100 14
99 39
86 42
4 15
78 42
89 98
108 114
110 28
115 116
46 69
6 119
71 6
12 27
62 76
21 21
62 120
78 20
64 2
106 62
60 40
53 22
73 73
85 95
113 2
76 13
13 113
86 97
57 99
59 105
99 14
114 59
32 52
63 20
87 78
102 93
68 53
68 88
25 76
22 52
61 12
52 65
79 87
87 41
106 91
9 18
62 1
1 116
51 54
36 27
55 68
114 49
78 108
71 108
90 102
5 97
13 82
41 73
44 102
40 23
10 15
71 15
70 64
3 21
110 102
73 106
106 56
4 14
21 108
98 48
3 25
108 105
99 45
43 56
54 72
119 27
104 39
20 7
49 71
61 63
88 3
86 15
9 15
109 113
93 32
93 17
44 119
52 118
4 29
28 15
43 87
72 7
98 107
96 42
21 26
47 71
21 40
11 51
58 98
4 32
2 110
34 8
7 22
58 107
97 16
86 92
69 74
19 27
101 5
98 36
39 52
19 56
14 89
78 24
49 47
97 57
22 22
78 115
39 91
79 64
29 14
100 76
102 58
7 120
52 83
65 16
28 95
112 18
52 87
113 117
20 31
57 90
7 79
64 87
29 35
50 20
5 8
72 2
19 95
63 49
88 26
70 35
49 47
41 19
80 44
22 114
64 53
60 97
80 74
50 108
89 101
77 88
25 75
38 41
23 103
120 42
79 83
36 49
44 66
55 91
78 19
119 45
90 57
26 107
84 65
36 34
101 47
54 102
100 23
36 58
65 14
101 41
6 42
49 25
85 118
113 18
65 80
112 64
33 107
87 23
24 52
13 30
78 92
107 106
87 3
28 101
23 101
101 81
10 96
3 86
101 20
80 59
32 55
45 25
37 33
69 94
18 12
25 86
22 47
45 86
51 108
112 109
114 87
113 83
31 8
90 74
82 83
37 112
9 53
70 17
82 70
111 107
24 61
26 22
74 86
56 40
29 7
110 80
8 25
28 40
86 96
113 49
101 102
28 103
36 26
8 31
80 117
29 102
120 40
56 19
43 55
22 113
101 33
67 100
66 112
61 100
8 92
80 46
115 36
63 71
66 95
116 61
87 60
8 79
25 91
84 99
113 26
1 35
55 42
44 72
115 14
70 83
67 117
84 18
10 9
104 111
60 106
54 50
62 66
68 95
50 14
43 25
12 90
18 118
91 68
13 88
84 17
61 51
53 8
30 35
38 44
32 28
17 8
79 59
106 119
10 22
84 101
109 58
57 92
8 109
91 43
91 62
1 106
69 28
37 10
85 84
118 111
32 118
96 50
107 71
90 72
96 12
88 76
68 96
31 108
16 87
77 109
90 87
42 35
117 68
109 60
46 106
6 32
103 110
100 6
16 81
63 67
92 83
74 65
60 105
42 113
3 96
11 28
89 93
40 79
101 58
117 18
31 9
77 14
82 67
44 66
51 59
71 27
97 99
37 120
117 27
77 9
39 49
42 105
112 73
39 110
84 32
36 54
2 31
107 103
72 24
111 82
81 77
98 77
79 86
109 105
64 35
80 93
67 16
62 31
87 11
30 84
32 21
6 78
58 72
17 98
79 113
37 53
74 50
13 68
76 26
119 32
65 12
26 25
42 7
108 82
71 48
109 112
87 79
75 87
92 104
23 64
84 32
120 118
15 77
116 1
82 12
78 13
88 82
90 1
85 51
5 94
105 76
77 67
85 62
32 103
28 83
85 52
28 72
78 4
81 28
86 55
17 47
2 53
48 20
65 84
89 30
16 90
22 49
48 96
9 59
45 64
12 80
12 104
7 49
92 65
111 112
109 54
88 75
26 115
1 117
46 73
48 99
53 104
38 93
43 4
3 41
49 58
82 84
55 50
5 92
47 73
16 30
61 16
22 54
97 63
73 117
26 82
82 91
7 64
3 28
69 99
103 89
29 34
15 100
112 13
94 24
5 42
86 102
108 67
50 93
65 67
93 4
102 71
77 48
88 34
89 19
78 40
118 20
85 9
38 84
23 3
40 44
71 14
54 69
49 104
63 66
8 116
78 82
41 36
28 10
31 67
38 33
120 29
107 52
98 84
95 39
37 28
52 113
116 28
74 99
85 105
11 66
74 16
48 106
25 70
62 22
69 73
52 27
85 44
37 40
102 33
95 76
48 48
53 68
102 110
46 117
68 92
114 7
24 12
88 58
91 112
94 60
51 109
23 37
103 29
61 63
84 44
94 107
111 34
39 102
83 113
40 76
65 58
117 82
59 33
118 85
56 7
87 91
62 45
94 97
43 99
79 42
18 20
67 27
45 78
64 30
101 21
49 53
10 103
35 43
28 98
109 40
85 45
27 43
16 101
70 97
29 36
48 76
108 40
25 86
69 44
56 16
100 38
55 23
98 60
89 60
59 70
37 88
29 43
43 67
79 95
20 79
58 74
27 28
12 120
27 50
36 80
74 47
31 20
112 1
101 67
30 30
57 10
70 71
120 49
26 24
27 32
76 79
3 63
54 50
80 84
2 71
26 109
13 31
108 86
94 37
77 104
23 29
97 48
104 85
2 119
69 41
75 40
13 19
9 108
60 73
3 58
12 9
34 12
47 92
48 45
68 44
100 70
101 37
17 100
33 37
25 32
45 47
68 3
71 75
34 28
68 99
118 112
57 35
35 26
61 91
22 118
101 15
43 34
13 51
105 45
106 2
15 2
21 58
93 100
36 78
94 43
11 4
71 79
77 101
39 8
81 2
1 1
30 106
116 19
66 90
45 37
21 40
63 100
61 56
98 106
25 45
84 48
83 17
65 46
83 91
114 66
12 47
80 57
83 61
69 50
91 2
89 114
79 108
24 63
34 28
26 92
58 17
21 73
83 23
1 101
62 68
50 100
31 64
87 22
51 66
65 2
51 19
5 59
6 89
81 67
81 37
89 107
90 43
7 1
69 89
77 18
110 11
33 24
62 44
68 118
51 57
99 35
4 115
62 61
70 40
55 28
54 120
107 117
24 103
52 79
71 120
114 41
49 97
49 75
33 70
119 11
14 80
66 10
104 15
99 41
80 118
99 83
86 119
1 61
117 29
36 93
106 13
1 69
62 116
44 3
69 13
81 43
46 83
67 14
95 75
15 114
85 51
100 34
12 27
86 29
4 93
69 117
81 114
1 3
80 70
29 54
3 59
54 72
22 80
52 98
30 70
80 52
12 21
61 39
5 54
80 58
69 114
87 35
16 44
2 22
52 22
101 69
92 84
63 108
114 5
57 100
84 11
47 28
114 8
57 32
109 83
78 7
43 67
76 12
2 79
27 65
19 15
12 83
36 82
62 92
87 50
100 107
112 89
52 28
84 101
30 30
24 56
52 77
41 33
101 42
86 62
92 41
7 102
30 68
6 118
97 19
57 64
76 41
43 75
119 2
94 109
16 120
30 89
6 45
15 92
10 16
34 14
46 27
13 37
9 87
56 47
34 73
110 119
58 76
94 60
24 12
53 64
21 36
26 37
72 9
41 45
59 78
56 49
16 63
42 56
76 60
86 23
69 64
52 9
7 112
54 75
30 21
23 107
83 17
40 7
83 11
52 25
32 112
103 62
56 69
29 119
16 29
109 15
16 78
63 60
76 88
21 28
109 85
73 33
14 56
105 7
69 73
117 81
52 49
120 28
19 25
94 71
62 40
70 32
105 90
114 69
74 25
13 2
83 34
93 74
45 43
107 24
66 25
115 109
25 59
102 49
4 75
108 116
81 34
2 80
11 46
28 13
34 96
90 118
40 49
94 24
77 114
30 92
120 48
47 82
105 27
99 119
29 79
2 51
15 39
12 113
118 72
42 65
46 88
90 43
30 76
61 19
115 21
87 100
53 2
43 11
54 42
78 73
109 52
25 43
5 8
77 111
91 24
90 111
53 69
108 116
102 28
47 98
25 44
69 8
68 18
118 79
64 48
12 83
98 99
14 84
99 30
73 51
48 96
99 103
112 80
108 19
29 45
8 29
79 96
60 83
49 98
5 6
8 118
53 59
119 107
62 61
81 13
96 9
72 114
82 99
54 42
25 26
58 34
59 102
83 73
56 67
37 77
61 75
79 93
20 44
93 115
96 34
26 94
72 62
63 18
87 44
117 9
41 34
34 113
12 77
49 91
34 22
103 26
18 29
41 71
96 102
68 71
56 93
19 64
64 98
95 32
104 86
77 107
76 47
29 91
113 19
61 60
74 60
60 13
37 51
101 34
19 56
88 94
17 63
11 50
106 110
5 105
39 11
20 54
102 69
94 51
15 26
62 16
46 63
58 77
25 16
54 104
52 48
17 95
43 15
62 38
55 32
30 20
54 61
23 110
7 40
71 94
107 75
44 37
117 28
116 68
37 96
100 120
36 37
88 63
119 3
37 13
46 90
64 1
28 14
100 5
32 94
87 89
9 57
28 22
13 54
94 43
80 108
77 106
18 81
30 69
115 12
99 13
88 117
102 29
71 99
79 74
54 70
112 88
88 115
87 5
93 39
114 25
64 79
95 24
27 95
92 58
91 86
103 7
115 55
105 3
109 105
62 14
79 119
52 119
10 59
62 42
107 31
112 99
23 74
68 30
20 120
70 79
79 37
46 34
7 80
1 111
15 69
87 35
19 69
14 10
67 34
5 72
60 35
25 65
57 67
17 27
62 1
81 1
90 106
109 118
19 116
64 77
12 99
97 28
65 56
84 15
83 15
43 113
87 25
61 42
25 13
81 109
104 57
113 2
87 114
27 15
112 98
71 111
40 54
107 40
21 66
97 35
116 85
19 103
4 9
111 42
102 58
40 17
42 49
111 107
22 95
35 34
45 57
3 36
115 105
96 83
55 3
2 41
70 23
117 87
53 42
42 46
76 40
8 33
55 94
119 7
38 33
98 72
31 100
47 6
80 28
27 51
17 58
79 82
82 62
58 31
75 3
22 102
120 11
26 16
9 19
5 3
9 38
13 49
63 4
57 55
23 101
93 20
113 106
45 64
95 3
27 60
107 80
8 67
100 115
94 85
115 23
22 9
107 84
66 69
83 52
92 15
68 56
40 71
102 75
118 26
22 6
26 100
7 92
75 35
12 97
48 55
2 73
102 22
12 1
98 65
38 31
38 44
34 34
34 60
105 106
101 109
8 37
60 62
99 62
111 85
117 88
54 36
26 56
110 92
1 53
105 68
12 55
49 26
113 83
6 81
86 10
23 50
94 56
58 27
2 118
116 91
25 53
91 94
89 117
88 21
6 7
107 118
49 76
63 115
51 5
93 33
11 87
45 90
33 109
118 110
55 20
62 103
4 97
41 74
7 50
75 94
86 31
15 29
98 90
86 86
7 35
115 110
22 6
70 42
63 41
101 59
82 51
22 80
37 4
115 73
41 110
111 98
113 16
49 104
82 100
103 2
31 107
117 93
81 60
84 28
32 76
59 109
113 54
52 58
106 83
109 15
118 117
21 12
22 5
70 37
83 51
9 65
79 103
47 4
32 111
89 41
80 22
77 14
23 14
13 33
108 23
107 42
66 72
32 89
74 54
80 49
49 105
110 45
32 70
111 109
18 32
112 14
72 85
93 45
12 36
45 61
43 20
36 30
60 18
61 117
45 41
5 109
98 58
38 43
99 8
2 96
70 105
14 12
99 58
12 57
48 68
56 86
77 110
1 71
57 35
59 111
42 96
65 47
16 2
1 94
30 72
69 21
115 36
70 36
47 42
71 4
105 9
77 11
111 45
62 17
38 117
91 84
88 17
63 101
13 79
47 88
25 114
19 109
18 66
2 78
89 67
66 97
74 79
2 2
96 108
29 47
44 65
111 47
10 27
83 56
72 61
114 65
18 29
76 106
65 64
58 46
74 80
89 52
75 61
60 33
101 2
100 76
24 18
80 19
23 2
49 118
20 39
40 46
65 87
72 17
114 55
42 11
98 39
81 111
38 5
75 73
101 80
66 10
8 3
76 56
105 20
13 62
42 86
112 79
59 55
70 15
15 25
72 116
65 50
84 77
107 108
104 21
83 85
26 43
35 25
42 84
43 47
1 41
87 68
55 44
103 83
57 28
46 89
12 16
109 14
43 48
119 29
21 119
72 19
81 34
66 72
28 61
110 98
70 23
47 110
37 19
72 106
18 9
84 114
115 99
19 8
54 114
33 28
43 17
12 101
83 74
48 47
34 29
94 108
77 34
61 98
38 79
47 111
96 25
47 101
5 106
29 96
3 98
41 21
80 107
22 85
90 107
117 62
69 110
82 43
119 48
55 27
70 14
1 59
74 9
45 101
44 55
45 72
37 19
6 94
100 50
75 14
35 2
20 46
85 35
104 60
109 10
114 67
59 110
4 74
5 54
115 96
63 17
118 72
31 112
52 108
98 10
115 109
59 120
69 24
114 37
61 81
13 118
86 60
107 114
115 48
2 87
60 48
35 50
108 118
59 105
11 102
28 26
115 80
81 94
116 28
52 119
85 2
40 50
27 55
71 62
80 20
117 2
52 29
92 103
98 32
49 81
99 112
87 24
100 92
54 23
5 104
25 24
79 43
105 25
48 92
8 80
50 114
7 65
104 89
61 78
72 33
37 87
37 31
88 60
15 74
4 101
34 40
116 27
47 75
77 95
67 63
3 19
54 3
89 2
98 3
17 78
92 5
97 38
13 72
53 38
117 112
35 3
103 93
120 76
117 43
62 35
92 113
42 103
6 79
72 37
17 120
11 73
69 4
50 25
48 112
105 100
102 34
81 112
