120
1008
40 79
25 115
116 51
83 119
14 113
62 118
81 45
69 61
47 120
14 119
15 24
96 90
8 86
31 92
47 50
84 75
117 75
54 43
48 66
13 112
54 74
35 40
9 92
85 6
66 112
76 56
31 59
2 119
40 37
109 20
84 116
75 42
40 110
60 51
111 102
11 32
59 119
24 9
7 8
118 104
113 5
83 74
63 100
11 88
92 27
115 113
85 99
101 104
48 69
112 56
41 50
22 1
2 84
120 93
27 12
118 50
43 101
82 33
36 120
68 38
42 11
5 58
61 119
32 21
109 18
109 109
13 109
22 51
25 64
36 65
23 49
47 52
42 11
112 113
117 55
17 29
67 21
80 103
32 118
96 18
118 69
113 59
2 25
36 5
73 51
32 31
109 48
60 40
35 98
54 110
86 28
24 68
72 29
64 40
100 112
117 23
118 78
85 117
16 86
28 99
102 94
33 58
70 101
98 91
48 35
45 31
79 120
27 70
45 13
7 83
107 24
108 89
31 14
59 93
100 7
16 9
47 91
22 47
67 92
12 4
92 52
106 52
71 70
80 117
88 50
95 31
117 38
69 98
76 113
71 119
11 94
113 88
1 17
95 37
25 78
67 13
119 28
65 14
106 32
86 38
104 96
106 110
70 43
9 110
118 51
42 107
38 25
114 86
115 115
15 101
25 35
104 64
80 64
47 66
23 36
18 78
108 33
107 90
16 85
104 117
44 78
86 3
101 88
46 33
71 111
27 36
69 42
49 35
115 60
36 85
114 114
76 97
56 15
13 40
13 30
61 36
114 93
74 100
47 55
40 62
120 88
22 52
59 114
76 116
6 48
70 23
94 5
9 92
87 41
91 31
13 76
61 18
19 6
17 1
103 95
13 60
34 17
84 52
92 14
97 16
48 1
5 53
74 6
61 112
94 15
50 73
66 33
46 29
8 8
70 112
48 4
73 120
81 75
5 2
102 37
87 1
95 6
60 30
13 79
64 45
112 57
116 102
99 88
83 114
62 29
113 23
60 45
107 106
20 45
66 69
20 48
27 87
112 40
1 89
93 68
52 25
57 34
107 10
36 10
116 120
47 21
5 110
19 46
29 52
12 12
118 119
61 7
101 39
53 101
79 81
47 27
47 62
101 97
40 29
60 102
112 84
83 53
11 55
20 59
93 109
80 119
37 114
90 15
100 40
63 56
29 118
82 75
119 88
109 12
46 55
39 40
114 101
105 116
75 100
88 44
84 108
80 36
114 119
91 16
7 46
84 72
74 105
96 16
6 97
104 10
87 1
7 90
73 24
110 115
117 9
73 79
105 90
83 113
69 90
62 114
77 92
21 45
12 95
81 41
90 1
94 109
52 93
32 19
27 42
67 78
21 114
39 7
31 49
16 44
50 39
56 112
104 52
38 97
67 65
21 120
73 111
24 5
15 79
16 48
18 25
119 60
63 25
89 48
110 119
14 43
27 96
80 17
81 31
113 57
105 119
36 36
78 18
96 106
116 113
14 40
55 40
86 1
28 103
67 47
115 6
26 30
92 49
19 40
116 73
63 119
10 90
63 113
96 61
10 4
101 27
90 6
90 72
65 64
54 41
23 9
70 13
45 113
47 77
3 11
44 5
69 96
96 56
17 84
22 22
5 39
112 97
102 26
51 61
92 98
110 47
76 90
7 35
27 33
75 3
74 15
95 64
9 97
76 79
87 23
15 22
112 27
56 90
14 88
96 23
39 4
106 107
75 84
75 50
33 111
50 83
76 116
32 26
117 102
42 45
48 44
96 93
42 52
98 79
44 119
49 92
88 104
98 80
27 30
37 31
50 30
39 86
102 72
58 101
36 71
73 118
52 107
55 82
19 81
83 15
95 82
76 29
90 53
93 17
85 69
109 1
84 98
60 82
98 27
29 7
92 73
41 43
76 111
116 99
116 85
95 54
117 78
28 21
117 39
101 30
95 33
106 71
98 9
109 19
19 84
10 53
21 79
78 70
74 64
3 110
62 32
80 89
18 83
106 5
8 93
49 56
116 95
80 46
25 40
66 16
89 57
105 21
4 19
9 45
12 40
10 54
27 65
66 25
23 10
34 35
28 61
21 59
32 46
120 104
10 107
117 50
4 33
20 60
29 2
79 70
68 17
67 77
77 45
89 81
22 22
52 64
74 15
108 107
107 50
86 16
77 8
76 95
68 48
96 44
119 51
77 66
96 115
99 52
38 78
39 60
15 116
97 54
19 57
103 61
8 5
89 83
104 85
47 36
10 117
12 72
119 99
110 110
87 59
87 115
75 70
95 64
59 93
86 119
68 102
60 25
101 52
28 76
81 100
99 52
11 32
59 52
90 66
106 60
114 110
99 27
34 89
89 11
36 99
65 78
9 92
2 64
34 68
74 39
112 84
76 98
53 1
20 113
30 3
103 63
94 101
105 61
34 47
47 19
66 30
68 83
55 116
22 25
53 106
15 93
35 24
71 27
33 38
105 23
50 62
118 39
5 66
79 81
32 96
70 16
35 81
17 39
112 45
29 56
96 27
105 16
114 42
52 4
42 42
13 62
100 23
33 17
36 12
47 99
62 92
14 2
59 55
61 104
98 1
112 33
36 45
54 93
33 3
111 29
61 30
108 67
56 32
54 40
58 84
91 57
107 77
42 117
20 80
19 37
20 34
87 43
61 20
15 115
41 107
59 13
6 86
19 100
88 22
109 18
63 18
29 17
102 24
85 118
34 5
49 7
72 71
77 69
55 84
79 86
24 35
55 14
119 28
4 76
97 72
116 73
17 98
50 43
31 113
2 70
10 52
45 43
37 80
15 77
48 25
29 3
69 17
117 69
43 117
80 97
29 4
29 68
9 15
4 102
31 5
8 29
20 112
83 111
71 35
58 73
44 19
23 3
38 110
11 50
69 91
46 15
112 87
56 104
85 26
36 56
105 49
115 65
92 10
18 119
114 29
109 43
82 17
37 88
3 99
12 40
102 107
28 116
26 114
59 95
96 108
87 42
48 55
75 80
102 50
54 24
20 113
41 34
79 15
74 39
7 2
31 56
107 117
88 61
44 109
116 7
102 72
110 56
33 40
36 26
112 16
79 39
11 7
2 31
88 96
102 103
63 96
117 71
58 45
14 102
29 44
4 75
47 77
91 52
87 96
1 85
68 105
12 27
46 73
116 87
118 7
87 100
24 5
16 107
72 58
30 42
72 54
55 40
37 1
111 14
24 49
99 34
2 22
96 117
76 1
79 37
26 33
109 105
114 13
80 97
90 56
73 91
104 14
100 102
59 101
91 54
24 17
78 111
4 3
82 61
26 100
113 119
19 24
110 96
108 110
8 116
8 4
48 104
91 79
66 29
68 99
14 57
46 116
36 19
93 77
45 110
73 91
25 64
104 88
2 76
9 112
1 94
87 54
111 55
60 106
56 113
107 60
96 94
8 75
73 56
28 15
119 96
112 3
101 98
79 36
64 50
109 57
27 104
27 76
4 81
52 12
115 81
90 113
120 24
57 59
29 14
51 50
61 51
112 12
87 85
10 44
2 54
93 98
30 13
7 69
69 71
50 19
32 34
29 104
46 56
46 1
64 46
69 54
114 80
80 54
95 6
118 73
66 109
68 90
33 64
18 82
72 111
118 37
45 87
80 115
7 102
17 98
23 25
13 103
100 87
24 61
14 23
57 104
47 62
22 18
62 106
57 72
115 65
51 42
7 62
38 6
83 48
109 5
6 78
1 50
101 16
69 8
42 68
8 20
94 106
77 66
18 12
11 85
64 40
59 49
45 42
17 74
93 2
34 6
53 32
86 86
18 9
92 87
45 110
28 41
5 86
43 50
46 85
46 24
66 19
47 2
109 44
94 68
37 23
83 64
47 53
20 29
35 63
51 76
40 107
60 73
105 20
110 62
30 106
6 41
103 86
5 28
104 25
103 94
34 32
74 59
1 48
67 40
73 41
85 97
36 24
77 118
89 83
108 91
64 5
41 23
48 67
114 41
87 92
50 68
39 80
66 38
11 84
120 15
120 11
49 39
10 11
19 81
87 30
23 84
112 52
14 116
52 119
107 13
31 102
117 21
69 74
65 66
55 56
56 35
11 12
49 99
40 36
18 86
91 120
105 22
26 28
39 17
82 55
74 35
117 38
25 42
77 34
1 106
62 108
74 48
1 115
71 116
81 27
30 2
34 98
11 7
77 19
36 92
92 2
20 7
72 23
8 32
109 45
12 19
94 44
29 102
1 107
85 95
75 111
25 65
41 32
5 30
99 48
37 4
49 11
46 49
113 23
120 107
26 11
8 110
63 104
87 117
12 85
59 105
10 120
30 85
109 3
53 84
85 101
109 21
11 13
62 65
78 14
42 14
41 46
75 81
57 51
29 71
28 66
5 101
104 81
29 44
18 109
54 112
120 68
90 69
21 96
86 83
110 36
57 54
35 96
10 89
69 35
117 43
66 17
58 14
72 20
9 118
45 119
116 28
2 31
1 42
62 93
77 13
109 72
52 55
39 112
1 8
26 103
109 93
11 8
