120
864
21 66
54 92
111 29
117 14
52 49
42 63
25 112
114 30
61 120
115 72
52 53
50 84
77 34
95 66
87 21
81 55
91 20
94 55
69 85
118 117
98 25
93 90
101 109
111 113
56 70
28 45
68 88
98 3
63 52
97 49
84 91
29 107
40 21
33 66
105 114
22 51
85 5
116 42
58 85
21 84
102 62
12 68
99 24
8 74
98 36
94 67
112 15
56 70
27 110
76 115
95 3
9 42
51 106
80 19
8 47
113 81
100 93
37 75
8 3
101 119
13 70
48 21
47 23
28 77
87 18
113 7
8 9
17 5
75 65
112 67
105 82
9 112
62 94
1 115
12 81
28 17
28 98
81 88
86 5
120 13
26 54
43 100
92 79
114 46
22 107
56 11
33 78
62 96
13 53
39 5
25 116
85 44
35 101
92 3
114 102
94 104
55 57
67 29
19 105
59 69
78 51
8 110
5 114
9 109
42 58
71 17
22 79
43 103
21 2
30 47
30 31
75 52
71 9
100 80
8 93
55 110
9 86
92 42
45 80
68 65
69 111
74 89
16 68
24 30
96 22
53 5
43 100
114 81
45 1
34 82
34 59
88 78
118 8
41 91
63 38
54 97
108 106
1 16
104 67
83 9
4 17
7 113
50 24
109 94
101 14
111 39
87 28
82 70
108 89
107 16
20 87
64 31
50 48
29 26
77 61
57 14
17 1
65 82
98 69
102 102
11 41
76 9
38 27
110 72
108 83
33 59
70 68
46 80
115 97
43 56
51 73
50 29
20 84
43 71
15 33
66 74
85 16
109 54
84 18
100 6
24 6
91 120
84 100
95 75
45 28
110 93
21 25
95 34
57 114
41 5
31 7
82 27
66 18
73 73
30 48
111 79
102 16
37 39
25 7
49 29
65 3
15 88
93 46
31 5
112 13
100 62
41 27
17 7
70 23
63 38
33 56
64 63
12 64
85 81
118 62
19 111
1 41
22 56
9 58
117 71
45 26
37 61
80 52
55 19
71 78
109 119
43 76
21 5
92 8
40 37
69 28
12 74
53 10
113 10
35 112
44 24
28 13
99 33
53 113
19 7
106 58
44 69
37 51
78 6
69 45
32 30
89 53
90 43
3 84
82 45
89 109
98 99
50 52
99 5
86 52
116 107
118 47
106 8
35 52
28 100
99 88
33 18
9 109
29 65
9 63
91 78
11 107
59 52
105 111
105 31
49 16
108 118
82 19
76 58
105 54
64 78
81 73
6 81
49 38
93 54
96 52
104 39
14 5
8 8
99 22
97 37
44 31
98 42
43 95
4 68
73 39
85 51
73 62
73 104
104 15
116 90
92 53
36 66
17 99
115 36
34 98
48 70
20 96
3 5
89 42
14 68
73 68
107 55
1 105
54 3
34 103
70 57
113 35
34 33
54 111
64 78
116 41
65 68
115 79
7 107
53 38
42 48
1 114
61 5
92 7
5 70
66 82
40 10
39 48
114 42
94 72
18 3
74 12
50 13
54 102
96 74
116 82
2 91
66 3
71 92
80 20
27 15
4 93
54 111
30 38
54 60
70 71
11 30
98 66
80 55
32 53
52 1
20 46
110 26
88 62
85 109
54 54
104 60
46 77
9 72
40 64
66 68
80 35
24 107
50 91
100 64
59 74
37 16
54 26
50 26
98 24
86 11
21 45
53 23
17 13
47 24
80 12
88 75
93 92
44 50
60 6
82 100
67 74
15 23
1 28
52 43
37 95
23 107
116 117
55 85
8 62
13 65
20 99
43 81
73 82
3 42
96 84
100 64
46 56
109 59
31 5
11 65
107 26
10 55
78 51
88 71
101 79
68 80
71 17
57 13
105 13
32 103
68 54
98 81
56 82
27 54
61 63
27 35
7 89
40 1
47 69
61 42
22 92
16 45
21 75
111 17
67 7
12 87
10 62
25 95
115 78
106 3
78 73
112 81
8 119
96 7
36 95
112 80
4 4
68 118
41 103
79 8
37 12
111 87
52 22
33 115
40 34
95 44
12 88
85 72
25 100
97 100
78 44
95 64
35 1
73 118
51 40
98 4
120 115
48 49
38 108
77 51
6 105
29 50
44 13
4 118
44 96
9 115
43 74
17 98
39 78
33 23
68 87
85 88
76 102
17 27
67 23
91 91
79 113
67 99
10 119
3 76
115 5
17 46
2 13
105 12
106 76
79 59
56 72
47 56
24 21
30 44
44 74
104 34
9 54
49 83
43 48
17 60
43 87
44 98
69 74
56 47
60 39
66 102
74 51
116 18
6 61
19 80
36 80
39 117
107 31
107 116
71 42
67 97
51 28
85 97
106 91
49 42
57 40
80 62
11 106
98 26
85 21
53 64
116 20
68 17
67 18
35 89
5 37
16 42
22 115
18 101
96 72
79 94
36 91
37 42
74 115
110 49
90 72
20 24
3 13
24 55
111 47
18 37
53 112
1 10
13 120
82 70
22 84
116 74
44 95
13 90
57 119
23 15
103 26
11 9
104 114
76 11
97 80
11 20
108 47
90 12
17 116
15 84
62 70
43 61
21 36
59 114
78 100
106 20
116 52
2 1
77 85
10 61
30 119
37 41
45 58
98 90
19 94
20 9
5 25
111 113
110 2
105 82
86 109
10 56
110 71
62 66
40 88
46 59
52 64
12 86
78 110
5 120
41 42
11 56
103 106
93 38
97 105
23 40
113 4
6 5
46 116
111 11
20 55
69 78
35 52
54 32
3 105
36 50
65 110
62 11
5 27
32 75
30 6
33 59
15 37
49 12
64 48
40 98
35 3
18 16
63 49
70 28
55 54
112 89
104 9
55 112
15 97
10 81
102 15
29 99
19 65
33 103
115 103
102 38
94 88
109 106
78 42
53 82
118 26
115 18
116 66
113 24
63 40
18 85
54 116
49 64
14 23
38 69
71 115
77 24
69 104
30 110
46 40
112 99
85 48
55 20
68 90
100 16
100 106
4 53
35 2
61 70
85 83
41 46
7 18
14 52
110 82
61 70
39 58
45 61
60 33
51 92
120 28
56 60
105 15
112 103
116 62
47 105
46 78
69 38
14 107
105 59
52 65
58 36
67 81
112 26
48 25
54 99
104 93
58 107
29 70
18 51
72 54
43 57
21 92
18 85
55 119
1 59
67 110
52 76
81 73
111 100
66 15
86 91
89 43
28 102
85 28
12 69
83 99
46 94
77 12
40 72
25 32
102 29
19 89
96 93
88 93
61 107
27 39
27 72
54 99
6 39
93 24
120 17
40 76
72 58
12 109
96 57
95 55
107 117
32 32
58 17
83 70
13 55
85 61
29 38
17 103
79 40
48 27
53 4
5 92
97 38
42 43
32 89
80 13
111 40
16 97
99 112
45 102
10 95
74 64
115 27
32 114
94 105
7 119
98 31
1 27
81 86
22 79
36 37
49 108
7 119
52 93
114 8
53 113
55 91
18 46
113 45
89 120
48 17
5 56
56 66
119 25
34 76
101 24
19 56
30 95
6 45
59 79
116 11
21 31
54 33
64 99
46 48
70 55
47 67
65 53
82 59
79 49
52 56
76 14
56 50
18 7
96 112
35 117
45 47
17 57
48 76
4 74
87 119
10 3
32 81
36 76
72 91
71 88
14 45
89 27
111 10
58 72
61 99
6 65
64 94
113 77
76 15
95 26
10 15
89 35
38 13
28 77
8 56
90 41
107 104
38 36
99 77
20 113
109 51
80 74
75 87
54 111
63 79
100 106
111 38
67 13
102 48
5 2
9 23
74 63
7 21
73 17
39 24
55 1
91 53
107 16
10 102
77 45
94 114
25 78
16 66
33 21
114 60
10 100
26 7
43 21
54 59
26 99
116 97
40 74
81 117
66 87
29 43
88 92
41 106
