120
1152
32 8
26 24
105 53
96 57
9 50
95 41
61 114
24 74
41 85
82 41
119 101
39 36
9 89
56 4
36 13
28 27
119 20
25 71
101 41
63 28
60 35
75 57
91 56
15 3
14 97
9 110
113 96
2 1
59 6
108 10
105 58
44 13
104 4
82 76
102 9
27 62
92 74
74 65
45 10
102 97
71 108
50 59
100 32
105 33
55 35
92 77
53 24
120 108
99 31
116 30
114 78
47 116
59 19
97 36
99 30
18 76
114 39
117 106
33 104
113 71
56 14
39 116
26 18
88 37
40 24
55 58
5 32
62 61
65 59
27 29
107 71
16 68
43 22
9 116
100 89
101 53
1 73
32 88
44 6
62 98
100 28
98 109
105 27
29 99
13 73
46 51
112 39
29 39
80 39
114 117
105 119
20 8
51 62
81 99
68 59
31 113
24 13
12 38
58 100
64 118
2 86
119 92
63 71
88 77
71 59
62 74
44 87
85 81
19 78
106 115
48 106
110 32
96 3
117 87
52 58
111 51
62 114
111 117
24 105
27 57
63 103
84 28
100 3
118 16
33 39
98 44
53 69
59 61
114 1
63 81
110 40
79 60
95 58
68 31
107 38
63 42
23 12
27 93
56 60
120 13
113 34
79 15
39 108
62 12
103 76
8 2
78 53
105 12
12 37
40 36
114 65
42 34
99 109
12 61
88 107
16 116
55 47
76 67
57 1
71 92
54 33
78 63
40 44
95 42
28 8
1 60
98 84
56 21
12 106
45 2
72 5
113 98
71 49
76 4
87 53
103 92
64 38
46 109
112 105
17 20
105 15
45 8
73 51
58 84
83 36
61 106
45 46
89 90
118 47
37 1
88 56
97 99
113 112
81 110
28 29
35 43
34 14
66 5
109 3
51 106
104 120
7 78
52 81
61 82
1 44
29 79
49 19
110 116
103 56
110 41
69 5
77 34
116 117
53 14
87 14
60 47
59 7
4 117
112 27
44 51
50 1
71 21
48 46
66 105
60 114
87 85
74 25
50 75
38 16
67 64
120 97
29 21
11 2
53 79
104 120
119 37
99 42
47 79
117 41
114 92
36 35
70 15
25 73
43 106
64 17
106 26
112 3
51 17
116 80
59 8
93 17
43 68
22 40
120 117
115 88
63 21
49 60
55 14
81 77
11 37
48 83
29 113
55 53
59 80
40 58
69 114
74 106
27 80
71 116
67 86
51 44
118 113
96 113
92 120
62 77
22 113
42 28
61 41
99 41
88 109
29 13
82 55
94 16
27 12
40 24
84 38
5 94
25 5
53 73
77 109
66 90
103 116
117 37
104 118
30 108
67 58
50 100
70 58
102 39
47 80
13 102
38 53
23 49
43 112
64 107
82 70
78 29
108 113
119 57
57 54
112 93
21 41
30 56
88 47
83 72
67 100
116 13
83 2
93 68
87 32
93 94
35 35
94 47
99 29
13 115
75 112
81 23
84 51
102 40
83 42
13 14
55 94
82 71
112 119
8 109
39 28
67 94
1 87
75 97
101 29
74 24
31 56
52 78
52 33
115 101
55 80
118 62
50 68
66 99
19 84
37 92
13 13
55 62
64 17
48 96
18 117
117 94
52 48
6 61
115 81
52 15
55 112
58 97
3 13
69 48
103 18
71 96
107 46
44 35
70 64
75 28
31 57
13 59
90 102
87 83
41 75
111 66
66 45
77 84
118 27
53 98
48 3
33 13
7 62
53 29
51 14
89 25
52 91
37 99
45 115
103 4
36 55
102 33
2 46
30 35
34 34
120 43
17 61
65 82
40 85
119 79
78 77
25 51
5 21
5 43
87 112
24 99
36 21
48 3
22 109
93 54
5 89
116 103
63 119
15 67
65 40
3 13
41 66
43 86
64 24
87 96
18 96
67 58
14 32
14 95
104 102
63 50
92 37
86 113
30 112
49 9
71 71
109 43
96 45
96 83
115 76
61 78
9 48
92 89
63 17
86 48
17 42
44 106
43 50
108 118
71 65
83 82
46 96
46 87
39 59
69 26
32 24
76 6
78 5
108 59
54 77
26 86
97 33
103 79
49 35
104 83
68 4
80 32
81 72
81 101
13 19
55 19
75 94
64 21
26 43
106 45
111 63
91 57
32 36
5 92
111 80
17 115
4 83
77 98
30 115
2 104
46 5
39 50
16 11
111 97
105 64
17 20
27 23
22 40
76 14
88 44
92 11
69 68
81 53
72 112
5 81
66 86
65 39
103 36
36 117
21 79
68 3
65 24
8 96
98 40
35 77
101 112
35 39
83 14
5 71
93 48
67 82
55 5
118 110
10 89
119 42
109 71
84 41
73 63
33 84
3 93
59 22
105 91
79 19
23 2
68 57
14 73
80 86
97 16
117 33
3 26
20 78
113 107
11 40
88 102
100 40
60 34
50 82
62 17
39 37
28 63
27 85
71 45
21 16
91 27
57 95
24 54
56 91
37 10
30 71
35 75
34 115
113 9
46 72
58 115
68 5
54 53
16 51
113 108
11 74
85 37
12 18
57 11
45 8
116 74
49 45
74 120
77 52
86 58
38 109
90 17
59 45
96 67
84 87
97 21
27 67
75 32
45 94
104 48
66 96
39 38
98 60
103 61
87 117
20 41
41 24
73 40
96 96
95 16
52 41
38 100
57 111
5 28
64 38
84 88
1 79
112 16
47 97
47 112
59 95
79 59
50 71
49 57
101 52
61 46
47 19
44 109
64 22
36 41
51 42
70 93
48 51
1 69
89 51
9 23
2 110
62 114
67 71
78 73
95 117
108 10
112 54
30 3
15 71
46 76
54 102
53 6
69 55
76 96
38 68
6 67
19 34
4 54
26 65
69 119
29 64
53 88
114 94
58 81
61 40
120 8
53 83
95 84
95 119
117 29
13 77
22 39
4 106
23 79
102 91
2 90
44 14
60 94
49 10
77 75
43 65
3 42
26 79
14 7
62 73
98 19
39 84
34 45
69 111
109 81
58 47
111 73
8 103
35 11
32 14
33 40
48 79
72 100
33 36
95 87
60 101
82 20
68 72
16 91
25 20
1 70
8 57
117 81
65 65
89 7
86 64
100 70
97 3
56 119
63 7
82 9
81 75
43 119
78 119
39 19
103 67
38 42
79 100
118 74
89 43
80 8
28 35
116 28
119 16
55 98
9 70
26 34
39 66
73 51
84 43
88 49
94 32
48 53
113 115
79 71
96 26
2 60
86 48
41 57
23 21
20 103
21 98
53 104
111 22
114 102
107 54
95 2
92 24
10 67
75 69
68 76
96 61
8 84
99 52
34 34
5 46
57 16
5 99
89 52
57 96
31 17
75 108
10 24
105 51
7 53
93 53
93 46
1 106
52 117
77 28
69 97
65 105
13 29
90 35
120 21
22 11
69 12
30 25
55 7
83 20
19 64
8 92
80 28
18 90
69 120
66 40
45 36
30 67
46 101
10 118
46 15
82 78
62 34
37 117
35 89
7 112
27 14
100 70
12 106
20 109
38 3
44 49
3 97
5 46
116 92
83 116
11 118
71 119
58 90
1 91
89 69
82 59
22 84
94 46
8 49
68 69
116 24
2 61
56 80
98 64
2 109
34 112
118 30
2 40
114 30
99 4
34 95
23 70
50 33
111 43
56 12
21 104
115 107
92 19
53 77
51 91
35 107
109 109
42 35
11 91
91 109
37 36
36 72
31 16
96 50
2 58
61 47
84 42
39 36
2 40
108 114
47 67
104 21
16 34
60 26
6 46
96 24
20 38
40 39
25 65
64 57
54 117
86 38
75 61
18 76
8 23
87 29
106 42
68 5
9 18
1 17
103 67
3 113
93 13
34 100
55 83
59 118
86 119
102 78
15 42
83 75
3 20
18 104
29 57
38 112
51 83
4 32
118 29
67 41
61 55
107 6
81 36
16 38
89 22
20 96
115 95
82 73
79 40
63 17
26 37
31 107
47 71
74 43
79 56
119 26
95 29
84 114
113 80
112 67
38 93
106 39
20 61
30 90
114 112
107 26
62 25
112 69
63 83
74 120
86 75
30 38
116 113
82 37
88 52
80 1
97 47
23 59
94 27
110 120
32 26
67 53
50 43
3 71
114 110
63 35
10 71
112 100
67 15
32 82
117 27
79 23
61 51
18 19
101 64
15 70
37 34
21 26
42 4
101 108
46 99
55 65
2 115
6 22
82 110
28 61
34 83
4 76
62 29
20 22
14 4
46 5
36 54
91 54
71 22
24 29
62 91
22 75
49 56
26 84
1 61
63 38
8 101
59 66
27 80
42 14
44 60
67 50
106 115
58 66
5 71
45 46
20 12
37 36
42 15
75 57
68 60
69 17
35 48
55 40
100 31
23 95
45 78
80 63
4 102
76 43
39 10
58 20
27 11
34 112
118 13
42 37
58 3
51 37
43 1
64 104
80 72
77 14
41 15
29 76
77 54
83 24
56 29
67 90
39 1
109 67
55 9
2 100
97 37
29 11
18 63
98 118
60 113
20 105
41 36
69 53
88 101
114 86
94 107
38 23
30 1
43 40
101 46
81 105
11 120
18 43
36 63
112 105
26 18
115 82
45 8
2 32
33 110
39 27
4 66
75 37
38 71
109 95
30 15
36 109
90 105
79 29
52 17
48 36
11 43
33 47
26 60
14 38
41 64
56 110
37 93
120 12
24 106
27 106
20 18
41 11
50 118
14 9
14 43
25 72
23 116
74 65
87 108
76 110
47 4
16 85
66 41
54 76
59 58
50 42
69 61
64 33
14 99
58 58
83 43
95 89
1 35
44 23
61 26
51 116
48 26
32 8
10 62
19 29
23 1
86 119
76 85
38 13
87 4
23 98
36 92
99 113
111 85
116 13
69 55
16 47
48 106
96 68
24 3
114 28
21 16
99 12
53 3
57 84
25 1
74 77
29 16
14 116
54 5
61 62
68 17
17 18
106 118
106 44
10 108
60 52
60 82
12 33
109 111
45 61
47 62
88 120
62 5
66 64
65 22
43 81
58 91
49 103
20 67
43 78
115 98
9 11
35 82
39 115
49 82
96 107
54 99
119 65
40 3
47 61
94 35
86 81
32 92
23 99
94 42
65 52
32 118
59 88
67 97
37 36
27 16
39 63
91 82
61 55
64 49
26 24
69 119
6 105
41 90
24 114
71 31
19 83
10 55
