120
144
70 31
96 78
17 7
84 84
100 63
14 62
70 38
69 117
100 76
81 66
30 114
66 7
4 103
113 2
100 81
61 67
86 62
5 18
86 76
109 85
26 104
84 90
91 42
20 20
54 57
87 67
37 103
105 64
28 58
27 93
45 47
105 120
119 111
62 23
85 17
42 35
51 67
90 2
72 47
24 30
6 55
42 57
29 51
31 83
54 44
2 66
58 116
66 41
101 82
42 66
48 65
17 60
73 22
119 72
118 95
44 58
51 94
120 25
34 92
21 69
33 60
57 117
87 114
87 100
47 88
98 80
56 107
98 85
117 32
40 40
38 70
39 100
6 26
26 1
63 18
56 7
36 52
54 57
52 45
72 4
98 50
10 33
37 33
102 84
35 119
43 68
15 105
93 64
32 29
55 89
52 52
120 106
59 22
28 82
85 45
102 116
94 33
119 56
87 59
97 78
113 77
84 98
2 37
54 1
60 53
90 95
52 60
93 6
85 98
91 10
76 62
45 70
105 30
55 10
6 42
101 11
77 76
41 93
70 55
15 73
70 54
110 48
40 82
110 23
8 15
61 116
24 38
69 26
1 93
74 67
42 46
6 6
95 13
63 120
40 72
104 120
52 64
14 42
33 83
103 44
16 64
8 112
12 77
11 59
