120
10080
62 97
16 21
51 8
107 58
93 37
99 52
68 63
50 88
78 92
78 90
97 107
14 99
10 82
59 43
120 8
26 65
2 109
51 100
100 1
71 79
42 50
109 120
13 39
87 101
55 89
41 112
3 11
27 88
39 73
3 99
22 36
106 73
34 72
87 21
18 9
117 110
15 85
100 71
98 50
70 25
111 103
24 100
94 87
70 105
57 85
96 71
27 118
98 6
112 22
46 37
78 2
109 107
34 110
70 120
8 11
74 10
35 15
40 3
30 81
13 39
20 37
34 10
106 120
18 36
50 74
113 39
113 60
59 62
20 47
44 38
53 52
35 4
13 113
119 116
115 94
10 77
110 43
89 18
22 106
25 32
97 14
74 13
31 6
30 92
38 51
119 42
64 59
72 71
92 97
21 110
58 45
46 18
120 38
107 84
62 29
37 88
95 7
62 89
7 43
67 83
46 92
40 1
68 99
18 10
74 56
83 88
5 109
51 117
112 30
103 34
87 85
21 9
47 25
60 71
34 19
85 36
97 111
35 110
45 44
105 43
36 7
17 109
106 21
66 99
18 81
60 115
61 100
107 63
55 94
35 51
91 100
22 67
11 22
112 59
36 36
31 72
64 120
14 67
104 67
62 4
102 83
28 77
72 66
74 32
74 17
60 48
111 94
68 23
89 13
42 107
71 5
100 77
111 83
84 40
66 91
28 69
38 58
91 101
106 25
59 30
34 103
49 17
87 13
114 20
120 84
69 39
29 108
32 4
102 41
117 46
83 54
76 50
58 9
101 93
17 111
21 97
95 35
29 46
43 22
10 18
104 11
84 74
23 41
30 109
39 6
46 104
33 29
50 69
32 119
68 38
85 38
99 30
21 18
103 88
46 87
16 81
13 77
112 10
65 14
48 3
11 68
85 14
103 95
103 57
76 93
4 62
100 48
41 16
80 120
84 29
110 82
38 93
24 2
86 42
79 119
55 108
27 1
98 74
85 91
52 5
116 105
66 75
37 2
120 88
90 107
14 81
9 71
38 15
98 3
7 41
33 65
56 86
37 47
21 4
96 98
63 41
85 38
95 34
1 29
83 11
117 60
89 27
110 30
115 55
113 44
64 43
11 9
85 101
3 26
30 115
90 39
26 66
27 59
23 20
68 91
74 100
119 21
99 94
10 93
87 11
10 27
116 118
83 116
112 84
89 102
7 66
106 66
75 55
117 46
15 9
102 17
29 80
66 110
88 28
26 44
85 104
110 26
38 8
17 21
106 37
16 27
15 7
14 85
90 53
5 104
44 91
72 12
76 82
95 93
101 64
40 94
4 25
76 19
92 33
105 51
83 83
9 80
115 119
2 98
41 83
25 107
110 116
14 105
115 111
96 102
40 108
52 20
78 55
49 29
29 61
23 60
72 23
91 3
8 67
20 29
81 50
47 115
1 58
40 100
89 116
50 62
9 118
72 42
64 16
32 33
59 45
92 53
52 53
49 3
43 13
105 13
54 21
39 106
37 103
18 45
106 118
37 82
17 100
105 119
79 105
66 56
96 29
100 70
87 41
38 90
88 64
91 98
96 20
61 44
100 37
22 22
114 64
12 60
104 55
73 51
86 84
80 26
68 77
36 12
60 36
24 80
7 30
91 58
73 55
107 111
95 94
86 19
58 115
57 55
104 28
93 61
37 109
111 115
57 92
11 118
33 97
19 68
75 74
85 10
51 115
68 47
107 110
66 34
18 41
60 94
91 10
72 36
32 111
119 81
15 101
3 25
87 70
64 45
27 29
32 41
119 114
73 51
32 5
92 120
83 88
14 41
36 37
45 109
12 56
88 48
100 30
58 36
99 98
52 69
100 42
12 5
58 101
43 37
46 76
70 50
12 103
26 35
40 54
33 101
64 7
55 72
16 3
67 26
7 23
7 63
82 11
117 58
79 101
8 90
74 68
60 103
25 116
16 16
16 23
81 91
22 105
115 46
61 103
98 25
12 31
105 53
57 83
23 68
28 51
92 44
60 56
99 94
5 67
21 115
99 76
14 12
114 27
95 16
119 47
97 75
8 12
4 2
48 1
27 109
47 72
115 40
32 93
43 60
98 9
55 48
20 102
14 70
114 101
90 94
20 106
64 24
98 40
34 115
18 114
100 43
40 40
106 94
35 62
40 46
25 87
12 38
102 118
92 98
16 75
31 17
36 38
65 103
107 72
23 84
51 29
3 29
58 28
39 92
1 77
8 23
110 7
108 111
97 106
95 74
63 46
89 120
68 31
4 63
52 7
85 113
30 8
45 84
38 39
71 82
41 81
47 51
48 71
29 104
9 37
4 46
17 22
115 94
99 96
92 89
54 31
43 79
5 30
97 98
81 64
115 54
58 13
53 18
1 105
62 66
78 9
7 10
97 109
29 40
97 16
38 47
116 7
12 102
25 61
26 21
61 118
68 107
7 43
19 63
57 44
98 39
33 38
68 22
15 50
77 96
96 79
103 48
97 4
51 75
120 31
118 41
94 58
88 6
99 57
85 39
27 3
57 50
17 115
59 98
15 113
90 36
56 114
23 6
100 49
3 94
105 114
35 11
68 80
54 108
40 34
82 114
71 47
50 34
62 54
47 63
23 1
31 2
16 55
57 27
90 108
110 15
30 37
13 81
23 86
55 81
78 30
81 67
44 7
44 104
5 58
96 86
65 11
87 77
10 44
92 76
101 46
83 114
85 29
79 95
93 1
93 118
83 29
56 18
118 90
17 107
25 56
66 108
109 42
86 33
27 58
49 97
111 63
110 35
48 71
6 93
56 9
105 77
33 2
104 51
21 20
97 100
97 120
71 34
63 52
74 8
20 85
7 71
63 92
56 114
93 33
16 119
37 19
21 19
81 23
81 3
83 41
59 72
26 77
30 31
65 73
57 71
83 41
51 95
77 94
117 1
17 68
76 93
91 87
27 76
105 69
103 6
5 56
80 114
102 114
93 104
62 3
114 37
39 15
33 19
111 76
117 86
26 76
77 108
101 59
94 97
56 46
97 15
30 108
112 86
23 98
66 10
36 51
45 38
51 84
93 43
84 1
109 108
46 25
118 101
64 39
74 100
101 77
85 77
67 66
107 80
119 37
96 77
62 65
63 12
97 22
62 79
69 2
28 57
47 68
15 74
24 24
107 1
12 21
60 116
3 8
78 94
67 65
10 41
114 27
34 35
24 6
69 48
31 4
120 112
31 93
21 32
37 78
56 72
108 38
115 77
107 16
37 21
102 23
84 110
10 34
80 58
94 56
72 111
77 53
54 51
53 105
56 115
78 64
92 118
59 39
34 81
47 32
35 85
6 96
113 22
84 69
98 17
40 108
92 21
103 11
90 71
91 58
103 113
37 62
94 21
56 86
88 13
43 19
54 42
3 31
83 120
92 119
35 117
2 14
86 29
37 15
24 91
20 49
52 114
44 77
23 22
87 118
52 86
29 43
79 78
68 85
31 84
17 81
71 51
105 46
73 58
105 76
93 115
98 87
100 9
67 21
67 76
27 13
57 79
109 111
102 74
52 112
14 91
1 64
82 41
33 6
36 75
119 25
30 38
55 58
108 58
25 68
25 106
93 29
56 71
26 56
91 21
99 104
83 117
33 18
44 28
85 37
66 108
16 74
28 68
79 77
104 57
88 27
83 93
4 42
57 55
9 65
95 19
86 4
108 38
76 80
56 112
101 102
1 12
23 76
81 48
97 86
106 26
7 120
14 10
51 96
2 35
25 68
87 72
93 115
33 102
120 89
104 86
16 14
7 42
11 23
10 48
107 70
12 55
22 60
97 53
109 81
48 45
117 72
90 22
56 73
44 82
99 64
49 45
112 71
6 63
61 56
30 20
18 74
62 15
12 17
69 119
97 5
106 92
63 103
30 116
108 107
13 85
96 65
47 45
79 76
26 39
109 118
40 4
34 93
35 117
13 108
85 93
55 73
79 60
55 67
21 118
47 49
66 35
117 76
73 69
58 67
73 100
118 47
120 52
62 27
16 112
56 102
93 79
101 115
68 53
75 90
103 63
7 48
12 104
114 60
109 81
47 7
31 65
43 8
83 52
55 108
42 78
21 82
66 6
65 80
110 103
76 77
17 19
108 30
31 64
56 109
107 30
49 15
73 67
49 115
90 44
47 99
24 116
81 8
42 52
8 71
67 35
90 90
28 95
13 45
56 24
115 1
98 45
29 86
53 69
90 32
119 19
43 43
22 15
87 76
77 4
39 57
27 33
11 74
112 51
6 25
62 82
3 18
46 115
52 93
4 30
52 49
55 23
20 3
64 14
87 53
20 118
86 112
58 11
74 37
56 115
51 92
75 10
103 29
52 94
17 15
92 78
44 42
106 73
87 96
93 1
98 98
106 59
8 68
22 53
50 109
12 16
14 104
49 23
19 118
65 64
98 3
48 19
90 31
36 108
20 119
24 14
89 5
109 22
25 61
79 110
17 22
36 24
101 16
118 118
4 64
48 5
82 33
100 24
48 35
1 27
110 118
100 46
76 27
45 1
32 14
86 94
17 58
74 115
100 74
3 17
49 72
10 43
56 61
28 75
5 112
103 17
60 16
30 98
14 94
91 41
38 20
74 12
52 119
100 68
68 72
7 23
111 15
94 30
19 51
107 49
98 110
83 115
36 3
40 64
21 110
39 107
14 88
97 50
36 7
31 9
52 31
97 50
83 83
83 37
34 52
75 91
17 30
89 42
17 100
106 14
120 81
33 16
50 113
54 53
91 99
77 41
103 49
3 78
76 18
46 63
51 64
118 78
27 97
85 20
79 66
70 25
38 42
43 21
66 85
54 20
49 24
12 19
85 31
73 90
106 60
61 95
3 61
107 1
49 70
82 4
38 107
66 46
32 6
106 105
27 31
87 43
36 43
22 62
12 2
51 9
28 80
96 69
76 117
90 53
86 61
93 85
57 107
59 37
81 86
61 32
74 101
53 112
45 5
63 70
6 78
57 74
87 88
15 61
40 24
21 54
83 20
44 46
78 119
42 29
58 71
54 104
31 69
118 96
46 99
54 8
35 81
26 14
103 99
10 8
94 111
107 54
53 77
28 120
91 101
82 78
22 14
22 57
39 97
40 35
41 58
4 104
62 46
67 88
59 39
39 76
82 76
110 66
105 74
74 18
58 76
11 33
71 116
37 22
105 28
29 109
84 43
66 29
87 68
36 91
73 82
113 20
27 76
7 35
22 118
83 86
17 98
26 66
109 75
24 36
116 73
89 114
23 88
40 22
61 83
52 41
115 15
50 90
90 110
58 55
32 87
113 115
119 106
53 113
43 18
9 66
109 12
62 36
66 54
19 103
44 110
69 35
11 61
68 83
25 73
26 58
2 85
79 65
76 58
24 91
57 35
3 91
99 118
16 94
14 13
118 4
103 16
28 111
88 81
48 15
25 26
71 114
52 93
41 112
6 78
91 19
61 113
56 35
88 95
44 20
101 57
37 13
48 53
76 12
17 83
74 27
17 12
47 19
36 58
9 105
50 41
37 92
109 16
61 93
83 87
32 23
77 101
70 63
49 4
77 75
80 68
95 22
116 63
85 92
22 27
59 44
76 77
47 39
64 21
105 67
26 15
41 43
94 100
31 110
95 45
104 107
49 47
20 105
8 37
82 91
82 116
62 58
54 9
36 115
102 47
5 31
21 14
16 22
4 53
31 75
40 29
83 78
14 3
104 46
54 42
47 71
7 18
38 57
65 58
41 34
52 86
1 33
114 53
72 44
106 29
111 13
35 111
73 64
33 16
58 38
25 94
49 84
91 5
17 11
21 2
110 83
33 5
60 119
85 41
81 104
77 75
73 115
42 26
28 5
70 92
83 7
20 72
90 71
84 103
44 10
73 20
54 8
3 119
116 4
10 110
83 107
81 80
52 110
29 40
61 55
100 89
7 50
31 11
16 50
88 73
34 97
98 4
48 37
110 46
49 70
79 100
80 28
74 75
91 93
12 108
108 4
30 17
2 115
13 46
81 47
109 96
13 97
39 16
11 92
88 120
51 8
1 23
31 95
106 67
83 91
49 29
15 54
48 71
116 21
82 92
24 107
21 66
118 50
9 97
46 104
18 67
50 87
97 29
9 118
115 14
96 45
120 9
48 83
107 80
45 17
116 19
32 17
11 117
113 1
113 113
42 59
91 32
61 17
96 46
104 111
5 10
26 16
55 14
39 52
3 87
27 72
74 113
120 11
74 57
82 27
87 6
112 19
118 47
120 109
32 32
6 28
69 48
30 88
52 22
19 102
78 20
5 84
27 23
47 74
60 32
71 10
34 46
97 60
59 105
69 77
5 72
88 8
81 44
30 25
38 72
75 71
2 70
54 92
40 13
14 39
76 99
103 27
50 13
92 52
22 96
52 87
103 7
23 85
108 12
44 77
59 110
101 35
76 72
108 28
32 7
90 58
56 68
41 40
21 117
61 77
92 91
95 73
73 75
82 47
33 80
7 82
51 97
46 65
4 54
97 76
79 6
87 82
78 109
59 11
31 68
80 77
82 11
89 49
51 16
14 96
84 89
54 10
2 34
91 86
60 86
73 26
47 9
80 111
109 65
56 41
22 95
50 77
53 49
25 7
106 102
18 96
66 11
14 46
120 21
112 83
3 26
23 86
59 108
87 67
102 13
59 79
68 60
74 106
1 18
79 48
63 77
49 94
71 29
38 32
57 4
87 99
117 65
66 57
76 21
74 14
109 15
52 51
97 22
82 114
45 9
56 98
74 19
85 13
102 52
117 80
111 37
110 19
31 19
5 104
37 98
107 48
103 49
67 57
113 108
17 99
100 1
53 72
107 99
58 120
10 75
13 117
64 51
23 45
36 9
26 104
55 13
111 15
38 20
72 53
86 114
41 79
92 61
58 75
25 43
83 62
85 11
65 36
103 102
103 44
28 120
75 33
79 60
77 78
46 53
13 93
62 90
102 49
107 101
20 110
4 31
76 86
25 97
84 45
114 118
37 55
6 77
49 88
5 108
53 4
112 13
35 78
51 80
34 86
95 10
84 113
12 78
113 54
13 109
54 105
91 23
16 56
63 85
107 57
88 84
95 120
26 85
3 1
104 110
120 90
93 17
111 26
103 120
93 29
38 2
101 82
91 52
88 108
13 105
64 89
93 22
22 73
91 72
66 108
32 88
119 111
62 86
98 67
113 25
104 61
74 3
19 105
74 68
120 7
111 35
102 35
80 111
114 54
57 8
88 26
55 117
75 29
55 14
58 41
45 91
103 43
7 97
57 75
70 41
118 14
72 55
32 76
57 5
55 50
52 3
101 21
33 82
17 115
117 80
66 116
30 82
67 26
35 36
17 34
24 53
64 17
39 43
70 11
43 93
84 65
106 69
9 63
15 57
54 61
23 25
15 18
91 37
103 66
107 108
55 85
25 49
32 113
8 113
16 118
37 91
62 67
20 56
80 53
94 60
108 59
18 58
74 74
59 19
71 14
47 66
55 9
110 16
54 76
80 102
58 66
21 117
84 61
110 107
81 32
110 50
87 3
20 75
58 88
12 60
72 93
38 97
81 88
10 37
5 43
73 101
60 81
117 1
75 32
53 3
6 107
31 27
108 22
68 111
71 84
28 48
46 5
88 50
55 98
41 116
120 41
85 38
94 47
88 62
90 5
30 105
89 112
117 100
50 17
13 1
28 29
12 48
21 42
117 15
43 32
72 6
52 24
26 85
38 96
54 47
68 87
14 73
34 73
88 29
119 4
111 51
94 69
20 31
66 43
84 42
1 61
104 45
104 76
37 37
39 98
60 60
111 54
90 20
37 27
41 61
79 103
83 42
46 6
118 59
4 96
78 65
96 89
80 57
45 44
10 114
3 21
83 95
9 117
66 99
110 61
79 99
72 120
48 114
35 70
19 99
102 49
50 96
95 63
57 77
5 88
44 97
23 47
21 57
12 67
42 6
95 99
114 114
68 29
95 58
6 116
30 96
89 74
81 6
61 112
5 18
94 24
15 59
101 59
69 48
33 81
109 85
110 45
2 52
29 5
11 46
96 92
5 37
30 34
89 115
43 100
24 114
98 83
116 71
68 41
115 112
76 17
50 42
5 25
35 74
72 76
54 15
45 110
81 42
117 49
85 89
90 6
74 82
120 60
11 30
70 85
63 8
91 43
18 57
53 10
119 18
16 76
21 98
19 100
88 120
31 98
118 50
53 9
92 33
40 29
67 87
81 72
6 91
94 21
105 101
88 15
111 81
23 18
40 58
27 96
19 5
35 92
103 66
105 60
61 79
46 55
119 51
50 79
79 42
78 21
4 26
30 4
9 111
6 47
87 35
88 53
54 50
71 67
106 78
93 76
117 113
36 101
63 57
77 35
84 41
66 99
14 82
80 75
31 52
43 16
111 57
80 69
7 42
107 83
117 105
20 94
67 98
99 94
12 51
102 31
70 103
95 4
104 22
49 20
34 41
73 41
3 14
41 116
50 1
115 26
63 45
69 36
40 20
88 43
49 74
21 75
31 61
83 78
41 36
47 61
67 43
17 67
7 107
16 29
36 41
101 70
9 25
115 116
31 107
88 38
104 46
90 26
116 35
53 118
54 55
75 105
96 60
12 42
111 93
75 56
70 24
73 88
2 65
23 77
9 3
95 108
4 14
59 65
110 20
82 51
47 57
30 36
116 46
115 103
82 57
51 74
33 17
93 71
90 8
46 61
56 87
114 77
3 57
71 33
44 29
79 16
94 85
101 44
24 5
32 111
34 90
43 78
90 24
94 108
84 58
113 59
7 119
85 25
4 44
12 72
23 114
84 1
9 12
9 57
49 54
65 75
112 105
106 3
117 80
51 12
78 32
112 101
41 94
47 23
68 89
30 38
76 94
72 48
116 114
21 5
109 42
12 83
74 119
96 81
113 84
68 29
119 102
68 36
117 38
66 109
1 53
120 30
99 61
3 14
6 52
59 79
85 64
59 93
72 10
109 50
36 55
90 83
39 15
38 52
82 20
7 5
91 74
39 2
20 82
53 71
93 72
11 89
36 56
86 54
28 80
95 56
89 51
66 56
104 86
81 96
68 117
112 100
46 104
7 13
88 99
55 12
76 12
118 93
6 1
64 68
81 74
49 1
63 50
84 62
102 29
55 49
41 40
24 100
101 93
64 31
43 50
36 47
15 98
104 17
89 33
32 89
6 57
40 10
53 117
53 51
112 105
106 104
16 91
39 71
113 42
4 119
26 98
61 104
3 29
11 85
29 27
42 106
18 6
84 84
48 13
77 111
31 94
83 98
45 119
79 24
110 57
13 100
98 5
29 63
114 18
111 108
120 18
2 47
52 33
108 30
48 81
77 24
24 3
108 57
99 86
118 89
52 40
41 70
2 64
89 35
45 33
66 19
41 51
11 48
115 64
109 79
92 61
26 4
62 103
69 1
96 96
62 60
90 106
94 52
81 43
112 103
108 67
11 52
29 6
85 92
11 55
3 33
66 34
22 78
63 21
60 8
7 60
41 115
76 112
33 53
101 92
23 42
116 99
80 73
50 17
2 30
35 82
80 2
84 3
38 27
8 15
68 97
1 92
29 69
27 15
118 49
78 80
82 32
72 45
23 46
60 78
24 23
29 22
59 39
108 10
109 13
19 93
58 38
86 47
2 24
77 81
44 37
103 94
22 14
59 56
4 65
50 97
103 101
35 9
37 10
25 53
26 117
75 24
79 98
114 26
75 66
3 25
102 56
66 66
22 43
5 75
6 21
72 4
15 77
62 26
49 14
112 103
107 20
80 117
88 20
73 18
19 42
70 108
28 55
40 38
72 54
75 100
48 113
60 46
62 82
64 78
108 17
45 38
60 11
113 14
94 46
112 69
70 75
105 85
77 10
34 93
71 108
117 47
43 15
17 64
34 53
8 31
52 110
81 103
97 74
81 24
105 71
2 97
117 101
88 93
33 26
65 14
25 63
40 88
36 7
24 110
25 76
87 80
78 53
39 80
97 118
26 118
29 55
113 45
96 2
100 71
62 72
75 104
18 106
87 47
31 72
57 97
77 7
24 43
66 16
94 99
59 92
1 75
114 20
19 16
69 37
67 94
107 55
120 39
94 88
25 79
90 42
6 36
75 42
21 41
72 107
114 91
78 65
12 73
114 112
15 105
61 92
54 15
92 20
29 11
111 37
2 118
24 92
57 73
102 46
44 10
49 42
12 114
108 8
107 57
34 42
44 33
30 105
4 48
61 87
98 26
54 66
74 59
106 60
24 4
71 39
85 89
62 16
41 53
14 44
47 19
36 118
23 47
32 75
91 87
101 101
109 3
103 8
109 119
64 26
7 46
74 10
102 69
23 47
20 33
22 64
116 12
25 6
59 26
33 31
107 57
71 70
6 35
50 13
107 112
22 50
43 19
71 19
26 39
72 27
94 75
75 96
92 63
1 116
108 100
91 74
85 87
37 40
111 31
114 95
51 98
11 108
86 42
82 4
110 84
87 27
94 58
87 2
10 18
46 42
73 19
4 91
107 77
73 94
119 77
23 79
45 97
114 33
54 62
100 24
82 16
54 66
68 23
23 64
2 76
104 53
3 119
66 40
22 93
105 25
5 51
2 28
42 6
99 45
30 114
27 100
110 75
30 83
18 33
115 49
19 56
69 114
80 49
57 87
13 28
41 72
1 92
106 4
66 36
118 67
31 14
117 91
57 50
37 110
56 9
81 27
85 53
38 5
54 50
12 49
83 78
67 43
14 70
25 118
39 102
61 27
44 72
20 74
56 24
101 120
16 46
86 34
81 56
81 21
80 70
75 1
79 27
51 32
6 109
39 5
33 94
5 100
55 103
117 113
92 99
46 13
2 64
7 23
75 58
119 95
88 96
105 3
31 62
61 7
112 20
38 116
99 16
82 102
119 106
98 32
12 111
51 104
33 97
59 15
1 8
51 29
105 105
29 68
120 34
80 89
81 55
103 85
53 65
80 80
2 5
112 78
116 119
43 18
63 67
59 11
19 5
25 70
23 75
62 115
22 63
35 45
104 70
94 103
114 32
63 23
11 30
26 102
107 58
14 101
1 112
75 51
39 10
46 45
45 63
47 17
58 81
90 18
76 107
48 43
105 59
22 104
34 87
3 36
69 59
19 67
55 119
26 1
37 88
24 7
119 76
22 26
43 11
74 56
105 10
9 3
109 103
34 97
62 103
25 84
77 97
4 116
18 105
113 75
92 111
28 71
105 53
58 102
51 65
31 32
16 28
107 60
42 38
120 22
68 39
106 35
20 54
79 29
112 50
10 87
114 19
16 44
36 46
100 82
49 85
45 45
30 85
71 21
60 4
66 23
43 111
86 86
75 76
93 20
70 84
55 91
81 95
43 115
84 35
36 77
51 60
8 22
86 104
63 57
36 77
51 24
10 31
74 29
85 28
116 92
85 110
34 37
42 50
83 61
25 111
2 108
29 94
89 52
66 19
69 41
73 15
49 103
57 31
79 26
50 31
60 83
52 12
43 41
82 118
67 7
61 98
10 70
52 47
31 35
79 7
120 69
108 20
38 88
2 116
29 104
16 104
92 25
56 102
87 88
37 47
6 76
106 105
50 23
42 65
99 77
109 38
46 7
19 16
61 117
114 12
25 110
113 62
117 102
63 112
48 99
97 82
62 16
90 107
115 25
76 95
48 113
109 106
33 88
2 24
1 112
76 58
28 11
91 74
100 106
12 16
77 45
46 14
49 53
23 7
68 35
19 86
6 119
5 39
89 56
16 96
118 28
113 112
58 40
8 112
96 22
13 50
6 96
14 70
6 9
96 76
94 88
50 97
65 60
72 117
24 16
35 70
104 73
29 109
49 36
44 37
98 1
109 41
116 57
113 99
90 113
79 12
106 69
41 64
59 35
19 56
1 1
29 1
52 94
85 100
42 54
18 92
80 21
19 14
110 102
34 43
90 82
28 114
118 46
110 58
29 47
22 2
66 32
112 106
107 29
11 21
71 47
91 78
56 26
111 5
72 65
26 93
104 107
30 46
72 14
24 24
26 43
107 16
78 31
49 13
47 79
96 84
49 54
86 91
8 73
11 13
106 76
23 4
74 61
52 76
62 22
1 46
17 86
68 107
41 35
75 101
116 109
72 48
109 20
52 106
65 44
80 114
24 68
98 2
87 107
41 14
44 28
104 82
77 113
17 97
60 39
119 25
40 113
33 68
58 41
82 87
89 90
95 9
55 24
107 74
18 12
74 76
21 5
83 53
42 36
105 6
108 102
8 114
64 72
110 3
113 114
63 62
43 5
61 25
91 83
33 60
47 55
107 78
95 56
94 45
11 38
88 92
117 94
80 80
22 61
82 108
59 97
106 28
45 116
94 16
60 16
45 77
70 79
36 53
109 19
29 82
102 9
68 108
44 88
71 2
38 120
91 118
87 13
7 119
69 75
109 37
24 117
96 93
100 100
101 65
52 87
25 20
11 32
35 15
62 3
14 24
51 61
102 88
44 31
74 75
107 64
1 105
50 15
107 26
101 35
60 34
30 108
113 116
111 73
82 43
88 65
9 18
57 45
8 47
100 119
86 107
116 91
118 92
103 9
6 58
51 84
98 38
49 100
117 39
6 107
36 44
72 119
35 89
60 120
93 12
22 67
104 85
74 112
49 103
14 20
44 104
9 62
57 99
99 90
18 59
8 116
97 61
21 81
27 45
1 88
105 18
56 112
70 58
45 26
86 83
84 48
62 5
25 59
107 87
37 10
79 14
16 120
40 56
4 47
100 96
33 101
68 37
73 95
119 85
50 41
16 70
101 82
117 102
37 66
59 59
25 89
85 50
21 34
30 92
65 65
25 65
25 98
115 92
7 38
106 31
43 65
42 106
117 38
14 1
99 52
49 33
120 21
87 76
65 37
17 34
76 76
37 3
90 58
25 101
86 34
97 48
47 103
85 107
70 114
82 67
96 53
66 38
94 101
84 51
118 45
6 96
22 95
96 67
23 64
53 93
81 28
17 56
34 101
1 44
12 12
46 3
55 12
65 92
34 8
99 106
85 92
49 106
13 53
76 85
94 55
55 55
99 31
103 115
29 40
94 83
108 12
38 53
49 45
64 29
91 58
18 107
84 6
15 16
28 31
49 1
90 10
61 34
52 77
105 112
111 2
110 10
2 35
92 108
81 56
113 96
34 44
113 38
98 10
100 22
93 38
19 85
12 50
11 22
60 31
85 23
116 112
105 68
11 16
86 28
54 68
40 8
106 82
104 48
1 50
104 31
57 114
101 107
105 63
28 40
105 1
50 37
32 3
28 25
85 25
109 46
80 55
109 110
50 79
81 74
115 105
35 43
57 109
58 46
28 104
8 56
39 25
42 118
27 101
101 5
18 64
57 118
63 57
94 108
11 108
16 87
7 54
83 95
51 91
25 55
56 35
17 14
103 111
116 18
30 4
15 98
47 26
88 98
18 99
109 29
109 59
80 92
13 86
18 10
3 25
52 109
48 73
87 98
2 86
9 31
112 85
59 83
68 86
105 41
70 19
102 36
20 81
76 120
23 4
97 101
55 48
92 49
41 116
116 23
35 72
89 82
65 87
48 46
77 93
65 87
117 74
90 61
51 44
59 72
104 91
64 9
62 47
47 40
42 30
55 84
100 116
117 92
11 83
16 46
36 3
51 54
44 11
77 59
78 88
12 50
120 74
76 13
61 28
38 112
98 78
57 25
1 76
67 25
111 105
107 106
108 8
11 87
74 81
114 110
117 5
6 40
51 100
37 84
43 57
71 73
108 54
90 91
108 27
37 43
79 6
111 85
100 2
18 103
100 68
72 7
110 24
63 70
59 50
15 75
42 100
114 82
97 11
51 28
107 67
9 41
65 44
5 1
57 36
73 16
45 44
81 94
56 52
81 115
73 75
41 84
37 78
35 13
24 106
42 31
4 47
100 12
52 12
31 3
102 80
81 38
107 16
98 51
114 17
23 62
48 33
88 57
13 60
33 41
15 50
47 99
62 73
71 66
9 35
59 76
65 70
87 76
82 90
101 85
119 16
47 50
16 94
6 56
5 56
65 5
61 11
100 60
105 51
23 106
88 104
82 74
81 118
25 53
55 65
114 19
32 53
49 8
59 53
45 93
79 77
11 79
8 55
18 39
112 67
37 108
6 12
85 15
3 101
2 56
72 64
67 24
102 68
37 107
80 119
105 95
43 16
113 105
93 47
41 30
50 1
102 33
105 83
29 16
37 53
75 86
36 45
46 84
106 14
95 56
19 59
33 35
23 113
62 8
2 89
75 103
91 46
100 69
32 1
101 4
75 101
42 109
43 2
88 96
94 112
118 101
22 120
116 39
25 36
35 23
102 66
67 41
114 51
21 66
95 5
40 33
115 78
5 29
95 78
66 101
97 97
57 23
29 70
24 68
83 95
82 28
15 106
80 88
66 65
39 51
48 15
99 67
72 37
88 23
109 110
100 32
55 19
27 44
57 50
22 14
107 67
97 95
96 109
10 81
115 46
62 8
78 51
104 70
34 24
17 114
86 63
89 64
54 78
22 42
9 5
27 108
107 46
39 11
111 9
67 109
84 33
78 41
26 94
4 31
49 12
84 69
96 42
102 25
58 52
24 46
22 120
104 114
73 99
101 83
51 20
11 3
53 39
26 9
95 38
109 82
27 109
69 38
77 3
71 99
63 42
15 29
101 68
32 9
17 85
83 70
85 104
13 51
2 88
102 49
27 105
45 74
87 82
97 60
71 110
41 35
99 86
7 26
118 100
100 119
95 117
112 92
107 3
49 49
3 102
12 93
115 114
17 110
17 67
62 79
56 46
120 102
114 74
37 1
106 29
56 88
4 69
2 75
86 73
118 84
62 7
46 16
103 1
99 40
89 118
2 6
119 86
27 3
37 12
85 7
85 64
29 76
2 72
98 109
93 61
4 41
1 43
34 7
37 65
86 59
81 18
90 37
54 53
1 70
102 12
26 29
85 3
82 80
99 59
119 115
36 87
49 112
93 5
105 13
118 101
110 99
118 106
87 64
119 66
116 32
33 64
54 6
120 82
81 55
108 35
65 35
37 115
91 46
83 91
98 52
42 91
102 102
30 110
17 34
95 79
17 13
14 42
65 117
77 65
4 9
30 102
70 95
15 81
78 34
97 51
9 118
67 91
55 111
48 84
16 9
114 67
78 15
104 54
97 63
101 39
88 47
8 50
82 51
35 33
80 25
94 57
65 79
10 112
113 8
52 53
23 95
69 4
119 108
74 112
98 56
7 85
117 111
96 76
84 105
59 75
22 7
14 120
73 14
96 119
114 44
99 70
86 21
119 74
27 39
95 66
75 69
22 105
116 117
102 83
45 25
76 8
92 68
70 70
42 19
109 94
28 52
107 71
91 3
106 28
30 119
15 55
24 106
85 19
99 12
117 10
113 114
53 11
119 120
26 32
119 27
27 8
112 58
23 42
105 79
111 56
31 25
111 74
12 58
98 69
1 89
36 7
40 30
3 58
96 24
42 65
66 114
97 57
72 68
34 33
47 82
47 4
7 112
43 110
75 22
96 29
65 111
16 68
118 47
56 19
64 81
11 59
20 90
98 93
2 108
30 61
115 16
71 68
59 65
30 26
20 70
90 22
109 2
30 6
33 117
16 87
88 32
40 49
81 24
70 57
60 79
117 51
76 118
77 70
39 58
105 28
97 47
105 65
83 93
104 29
88 104
111 111
93 49
18 25
120 87
82 8
82 60
57 77
15 70
22 51
101 32
14 113
96 47
67 27
116 78
5 20
107 87
79 16
63 47
83 4
83 46
70 92
91 86
37 6
59 21
85 54
19 51
84 52
80 47
13 11
51 113
102 76
1 110
35 56
25 97
51 109
11 97
15 95
114 119
61 50
18 3
88 84
70 76
14 62
36 36
34 34
64 10
69 25
78 31
69 10
52 23
58 86
9 69
52 60
90 29
27 82
5 15
71 88
75 51
33 17
84 117
92 5
47 68
49 33
120 108
48 53
46 18
13 55
37 30
5 75
69 69
29 63
66 43
97 70
40 4
52 103
70 14
44 75
56 62
71 10
24 30
101 35
117 26
12 54
7 62
20 1
44 38
48 5
55 37
15 51
84 7
29 58
72 45
47 83
93 108
90 97
118 46
5 52
12 33
41 56
72 12
88 8
119 89
13 35
29 86
99 100
48 6
88 32
22 13
115 88
90 35
16 38
91 38
44 81
110 84
73 65
38 60
116 96
120 48
77 33
77 11
8 54
36 35
97 58
7 64
23 26
30 33
77 66
71 52
37 101
66 37
120 89
95 54
101 41
12 108
60 102
112 35
74 55
52 106
54 39
97 26
67 69
67 6
69 62
75 1
20 77
12 49
68 49
11 117
69 77
28 75
50 104
30 90
32 104
35 49
90 14
113 2
113 104
40 72
113 6
43 93
48 92
102 117
65 87
15 106
82 52
5 44
11 110
78 55
58 120
34 117
117 92
8 91
89 111
1 9
101 96
86 94
111 23
56 89
113 112
32 36
26 116
103 105
67 64
16 78
29 50
86 26
34 14
46 118
86 3
93 22
96 6
115 100
8 5
82 77
95 114
11 38
88 101
114 15
95 77
17 45
21 47
72 11
30 68
49 102
79 12
97 70
91 5
44 46
24 113
101 61
110 99
84 79
8 117
120 17
74 119
3 110
113 38
33 68
88 21
11 55
45 113
5 116
38 14
33 41
5 116
11 70
42 53
104 13
69 1
81 75
52 53
10 58
78 22
42 64
11 110
116 53
93 24
40 67
103 26
109 102
109 63
32 19
119 88
8 37
31 113
45 93
33 86
72 29
38 11
33 80
3 23
12 107
111 90
53 72
116 10
113 80
98 74
32 81
38 67
12 22
35 22
48 41
20 43
119 63
113 78
6 109
72 55
68 40
56 71
88 94
98 120
118 113
84 107
104 24
37 65
106 24
101 4
80 80
113 55
91 19
77 49
8 32
66 86
5 3
49 18
97 59
85 24
86 96
41 16
18 33
64 8
52 76
54 91
101 52
20 119
105 100
85 2
117 80
94 8
68 71
42 53
71 54
69 104
11 92
81 72
82 60
58 20
2 53
54 59
33 57
25 20
112 51
59 90
102 80
58 46
45 56
74 83
102 47
30 84
70 91
116 64
21 77
5 51
84 38
9 56
93 5
99 21
33 10
106 53
104 65
97 57
80 8
102 68
64 98
20 50
87 59
12 79
35 68
91 77
41 55
50 47
70 17
102 48
56 25
89 116
27 113
21 51
108 23
31 1
66 86
102 57
42 92
25 66
55 95
68 82
82 81
67 110
109 102
36 40
29 102
30 53
64 16
89 67
30 104
107 13
53 116
12 69
93 78
59 88
55 81
39 3
90 56
77 8
120 1
23 76
25 115
102 26
101 99
101 51
46 41
59 61
64 27
68 54
74 5
108 78
108 45
82 66
82 61
92 75
2 97
30 90
34 112
87 17
57 36
50 17
106 94
84 115
14 120
76 116
4 22
104 90
90 69
82 46
45 104
71 49
102 28
31 83
10 33
79 76
81 40
105 41
24 8
82 88
26 103
11 56
106 20
70 18
101 4
81 34
11 56
86 73
112 3
14 32
78 85
98 26
92 116
46 109
109 77
19 18
61 79
32 85
77 98
55 31
115 24
19 75
112 111
52 120
66 111
93 4
26 109
104 62
21 42
103 78
9 101
92 104
10 118
104 75
89 62
89 70
49 14
80 13
45 22
12 58
113 1
44 96
59 91
118 62
96 1
25 52
41 75
14 83
6 57
64 108
84 88
111 32
27 2
71 81
25 77
37 99
87 93
89 29
24 56
117 116
78 41
106 14
41 102
75 55
28 66
116 11
20 44
109 86
3 94
87 86
52 96
114 118
69 68
74 7
38 80
39 107
120 114
18 14
7 13
28 61
74 113
78 78
43 93
4 77
41 73
68 117
96 54
97 13
110 38
57 30
29 14
48 18
114 100
62 119
76 19
93 92
10 27
74 17
29 3
105 39
16 29
106 11
32 99
71 17
85 62
83 90
13 99
88 48
60 47
52 106
61 58
93 3
109 114
85 98
30 45
61 114
33 98
79 72
79 113
13 51
31 25
25 17
62 17
62 40
33 60
112 98
48 29
78 17
14 109
73 111
88 33
35 94
46 110
74 5
25 18
13 77
9 33
59 48
7 14
13 12
69 44
41 108
3 112
23 10
80 56
74 58
51 85
116 119
83 30
119 46
80 42
112 6
67 75
75 76
98 116
58 93
85 46
86 62
10 100
29 117
51 120
13 93
60 94
92 35
42 81
81 42
120 85
90 90
47 85
26 103
82 56
52 45
89 88
13 67
37 11
55 47
13 46
77 93
88 64
113 31
107 106
25 65
81 14
96 66
9 56
61 110
8 42
52 45
75 32
101 112
13 116
65 1
17 56
85 48
37 120
62 10
106 6
72 1
50 53
51 63
91 43
21 39
87 33
81 7
75 33
57 95
24 33
31 83
69 120
117 88
87 23
9 65
10 116
29 59
31 107
99 59
111 43
82 13
105 63
9 30
43 18
21 21
79 100
51 1
17 82
50 119
35 66
37 81
119 94
3 30
6 51
105 91
65 101
5 89
77 81
73 109
3 4
47 100
69 116
86 16
117 50
116 87
106 2
89 49
112 4
6 36
102 55
93 50
100 2
61 58
96 89
38 82
10 97
99 103
114 70
119 83
89 62
110 22
108 2
48 102
59 48
105 18
6 42
86 81
1 20
9 74
10 55
17 12
85 79
10 118
51 71
65 92
64 116
24 2
109 9
112 99
45 50
95 112
48 39
106 34
74 114
39 23
77 29
47 96
67 43
84 43
41 23
67 47
66 21
84 45
59 91
24 9
113 52
92 82
57 23
34 114
20 81
12 91
51 74
65 29
104 116
16 10
52 88
16 8
24 73
8 88
84 76
101 107
82 12
3 83
8 111
67 70
107 87
91 4
93 4
44 77
72 15
48 10
118 80
107 41
114 64
25 101
39 5
102 83
44 6
33 48
33 86
88 83
112 77
62 24
33 109
63 85
68 118
5 48
36 12
2 40
64 84
15 72
7 50
90 9
115 95
21 36
95 63
54 59
19 59
110 59
116 100
11 20
52 21
78 15
65 118
115 107
11 5
12 80
87 63
66 111
64 32
65 47
11 18
76 11
62 66
102 89
107 57
91 23
115 97
61 15
19 82
110 119
46 107
72 75
87 18
65 37
4 101
55 105
44 96
89 113
8 77
28 73
103 52
115 100
63 93
34 35
9 27
96 67
112 60
59 23
98 28
86 83
119 20
41 36
16 94
34 64
102 51
108 50
80 70
54 120
24 3
46 26
94 89
118 78
53 85
74 68
24 110
20 93
30 106
61 28
6 32
28 46
45 22
5 108
72 22
106 20
29 22
47 61
74 23
41 56
3 72
66 80
46 2
35 71
32 114
41 36
50 6
42 5
71 27
71 111
95 108
73 13
3 102
104 82
96 2
12 14
53 69
86 43
60 18
78 59
80 96
25 38
64 10
33 101
112 57
6 120
35 115
97 61
47 43
13 103
5 15
46 68
100 92
36 82
68 1
56 63
65 46
66 102
33 33
58 84
111 55
66 105
78 38
27 104
103 48
3 96
101 98
43 94
10 40
86 99
85 33
97 13
6 25
114 38
45 57
2 1
113 107
16 120
40 32
87 46
115 7
59 92
37 29
9 65
112 33
63 46
14 72
50 64
7 13
92 84
5 23
106 117
109 23
25 61
108 115
106 107
85 51
36 115
100 113
80 88
101 21
10 94
37 58
9 1
71 106
88 76
86 109
112 61
97 2
8 100
112 91
98 1
9 85
16 98
36 42
75 48
5 45
102 14
113 76
33 51
65 92
87 74
16 114
64 112
71 68
108 50
41 87
39 67
80 60
56 32
75 115
94 22
48 95
62 102
47 82
41 70
86 74
107 79
108 72
31 64
79 11
36 64
32 113
102 65
65 115
96 4
119 45
65 112
10 66
38 47
89 92
41 31
8 70
39 11
33 33
46 115
77 68
38 112
91 90
91 36
79 67
96 119
78 54
81 86
89 111
13 48
116 52
64 26
51 8
117 8
26 110
30 12
70 118
80 85
118 113
76 109
109 51
112 109
12 108
58 107
119 78
6 40
113 37
76 42
9 97
81 111
1 14
88 75
30 98
6 15
67 76
103 113
23 98
22 76
24 12
65 10
91 75
100 35
84 28
73 91
58 14
41 24
48 54
9 29
11 91
27 36
96 8
62 109
35 60
79 111
23 87
11 38
41 113
55 5
40 114
84 106
44 6
51 21
35 90
50 23
79 30
6 20
107 91
38 10
45 66
76 1
51 87
62 35
46 107
25 117
11 103
86 68
71 50
46 87
38 36
63 98
95 5
47 46
41 18
66 84
51 56
6 36
5 45
82 11
27 79
45 69
34 18
19 42
61 120
36 86
30 61
56 62
75 43
49 53
40 106
54 96
119 102
16 91
77 113
18 39
83 104
88 14
108 84
69 74
85 34
94 120
50 24
10 107
23 63
104 85
95 15
88 57
118 15
83 68
110 52
86 79
22 24
76 77
9 66
8 52
93 120
102 24
69 68
1 103
13 106
64 24
94 102
3 8
46 73
18 8
113 85
45 28
113 81
97 35
105 44
115 28
15 116
69 6
95 96
102 62
108 26
10 44
104 113
32 64
19 69
10 22
11 109
22 108
100 22
79 13
76 106
66 72
109 76
7 83
64 82
79 87
60 44
105 53
69 42
29 4
68 88
21 64
72 6
65 39
36 13
116 6
45 41
29 46
112 106
46 78
82 71
18 53
4 34
85 50
47 74
49 5
64 78
98 22
120 63
17 46
31 34
110 82
113 57
53 46
26 112
53 97
113 86
12 12
110 78
48 95
17 111
57 26
85 112
8 19
79 42
110 48
50 11
26 63
31 22
37 118
104 1
76 69
104 106
6 60
27 40
104 55
14 16
41 119
110 111
69 34
117 38
8 118
40 27
32 51
43 67
51 2
60 8
108 115
13 64
37 96
62 3
118 62
66 28
110 62
24 65
39 26
22 59
52 28
45 57
11 89
59 102
36 118
99 95
117 89
54 25
92 112
59 72
57 82
120 76
113 47
21 116
107 30
59 108
105 88
104 107
80 103
50 20
48 29
113 42
99 84
57 102
85 36
10 34
37 80
116 59
114 16
14 95
97 22
82 56
52 18
63 31
66 64
25 80
8 109
108 116
54 108
12 14
79 98
34 30
75 12
15 111
59 104
79 56
111 84
91 90
113 32
27 12
51 84
8 56
15 55
13 8
106 74
93 72
3 36
117 7
1 72
2 34
91 108
17 88
108 63
85 37
56 36
42 104
26 81
110 2
38 20
28 50
104 113
53 104
114 102
51 17
113 71
72 103
5 113
119 12
8 3
114 18
35 94
104 29
63 26
104 92
97 81
91 33
21 82
109 88
92 41
28 76
85 111
83 18
2 32
54 63
26 86
102 45
51 20
9 42
54 67
1 17
9 28
80 10
42 118
13 109
118 64
78 5
24 86
116 89
7 25
26 9
79 60
82 31
97 51
91 76
85 10
42 4
46 97
91 90
81 1
72 113
82 29
98 1
44 116
40 20
72 72
116 79
37 38
51 50
3 67
45 89
63 4
106 69
33 115
40 72
99 67
7 91
17 63
21 61
14 50
115 84
14 15
13 35
25 40
105 94
68 74
36 114
23 93
21 11
55 18
97 117
54 54
63 12
85 80
71 54
50 113
113 61
109 100
17 88
117 42
3 30
97 9
117 32
104 85
59 3
32 97
61 2
73 41
6 91
108 23
66 96
17 64
110 58
51 3
99 101
40 78
120 82
12 7
23 63
39 106
72 39
70 3
107 41
47 80
50 25
118 49
100 32
32 97
100 107
74 44
108 44
13 13
50 5
68 18
6 72
8 48
16 77
117 87
60 118
113 28
53 110
94 20
83 46
16 51
10 92
82 44
78 19
18 87
15 60
86 70
16 75
92 46
11 97
71 59
80 29
77 56
36 34
55 56
25 2
7 46
42 92
115 9
112 66
71 44
4 116
29 106
84 93
38 113
110 60
68 89
12 35
97 94
106 63
20 62
52 106
14 12
91 40
87 88
46 73
105 26
94 71
92 50
39 109
81 100
9 62
96 11
80 111
77 66
26 3
120 71
16 31
120 15
50 80
63 37
65 51
102 64
10 120
119 71
111 102
82 73
41 120
20 77
60 94
4 51
119 33
42 28
77 30
21 120
45 86
102 80
108 52
49 38
107 73
102 94
107 52
69 119
96 26
3 19
82 68
95 15
118 40
61 6
67 1
79 38
5 92
15 70
56 78
50 97
2 40
25 63
113 118
103 79
13 115
22 93
50 81
63 90
112 81
16 30
49 30
80 21
91 24
18 60
72 43
3 25
105 3
46 70
112 113
56 12
40 106
49 10
68 27
63 83
5 106
29 113
64 33
68 47
31 35
41 8
53 116
11 16
38 11
86 80
81 19
45 67
59 53
53 76
11 1
86 66
104 28
10 47
92 81
116 21
75 87
26 95
15 4
36 87
7 53
112 4
104 118
13 97
41 12
105 119
56 18
63 92
73 3
97 29
26 28
29 111
34 17
60 91
1 26
6 53
97 107
7 27
30 113
9 112
58 97
92 106
78 49
70 34
21 10
104 20
7 25
35 49
118 12
98 47
95 60
15 20
19 104
33 18
41 110
18 35
118 60
106 44
22 30
55 45
90 59
77 63
65 110
84 81
34 108
28 21
91 113
19 64
13 89
29 119
82 66
94 92
119 49
22 68
22 54
103 51
9 40
47 27
60 30
104 68
76 12
110 55
23 87
2 2
6 43
59 83
23 49
20 79
7 63
115 52
32 85
77 105
5 66
79 120
26 55
18 42
21 63
33 31
5 89
114 40
22 21
27 4
89 56
61 18
96 84
45 70
4 55
92 34
57 112
63 92
76 92
118 105
21 60
119 45
98 118
31 14
71 111
51 36
34 83
37 13
11 51
113 27
91 48
45 52
120 101
22 16
67 107
14 89
87 80
48 69
73 94
8 11
63 8
11 66
87 109
60 31
51 97
1 38
49 110
109 84
92 9
81 41
32 27
120 115
87 70
65 101
75 108
13 86
38 70
11 3
96 111
109 9
102 96
97 108
110 114
16 3
75 73
16 49
83 95
30 100
16 23
113 105
49 31
97 44
10 66
44 75
72 60
31 38
24 60
9 87
83 82
120 74
95 33
85 30
100 33
104 39
84 73
116 69
75 44
12 50
91 23
102 77
53 31
109 67
84 110
48 64
53 70
68 117
15 41
14 63
58 117
1 90
1 41
48 71
1 49
62 54
17 98
72 112
14 113
104 85
78 7
102 118
53 34
29 38
69 115
80 96
3 31
43 98
19 104
63 2
48 53
29 17
93 82
52 107
7 25
24 110
51 10
86 107
4 115
44 18
43 77
68 102
20 101
109 61
75 13
49 104
45 14
34 7
15 112
67 119
87 116
103 109
24 117
9 57
40 84
57 38
60 52
119 57
70 80
11 85
75 21
65 54
23 72
59 52
87 20
85 91
72 60
118 117
113 88
99 101
1 83
15 10
98 22
100 102
31 76
95 50
28 101
117 6
118 35
67 35
1 62
60 80
8 18
58 53
3 112
39 36
118 36
89 35
3 110
118 55
97 78
69 106
42 28
109 33
24 16
94 2
49 72
37 6
78 59
116 25
41 85
104 12
99 91
98 84
96 31
92 27
99 42
59 118
109 109
68 28
13 57
19 2
115 94
26 76
29 78
32 27
5 51
93 69
60 93
8 105
50 86
42 28
95 20
120 5
10 80
61 9
27 22
61 88
77 1
63 119
29 99
32 12
67 84
107 29
67 7
115 19
48 45
78 26
10 86
1 75
12 72
58 113
81 66
69 16
109 22
27 38
107 47
101 88
75 68
2 97
13 82
73 94
98 77
118 102
110 38
71 42
57 23
101 99
13 84
72 29
80 91
13 47
45 95
3 41
30 22
12 17
38 89
59 40
62 62
7 104
43 98
109 99
104 36
77 90
6 60
89 91
110 67
117 9
111 58
116 10
55 81
120 93
46 110
113 109
9 48
87 100
92 101
29 46
64 72
116 5
19 119
60 89
10 30
31 16
99 39
2 120
10 52
72 116
64 60
40 102
54 45
103 68
113 89
43 88
63 88
71 94
37 88
42 64
65 86
113 47
13 4
41 82
43 16
50 89
110 66
1 23
47 35
109 98
14 46
61 84
39 43
100 10
9 26
74 114
113 21
106 117
113 15
28 77
9 40
111 86
50 20
100 27
89 26
6 44
84 88
23 86
14 81
47 79
7 113
102 35
68 85
3 19
23 33
113 67
14 26
22 36
18 98
44 7
3 21
64 58
98 94
102 111
107 80
102 29
62 96
71 40
32 27
8 39
57 10
2 3
67 73
5 35
74 5
81 52
40 86
42 41
14 16
46 16
30 72
105 74
63 2
60 50
41 105
62 16
119 75
25 17
74 107
4 119
120 86
43 38
62 55
83 1
74 98
17 64
4 19
63 91
5 7
21 54
10 9
48 18
56 13
85 97
70 116
69 12
71 71
92 87
99 110
30 85
24 70
96 45
77 115
16 105
71 68
41 4
65 4
69 35
21 78
64 26
60 69
85 95
63 64
92 87
81 65
77 24
89 22
88 24
116 13
118 19
39 32
117 114
52 88
24 75
3 119
114 99
77 38
95 55
80 13
77 30
32 11
104 51
109 18
39 59
30 64
59 63
103 26
63 108
110 97
62 50
10 12
18 9
4 118
82 88
101 8
99 82
48 105
29 63
65 114
94 57
34 99
101 39
76 62
110 47
27 37
30 17
80 96
64 18
81 52
61 102
36 93
53 20
114 8
110 16
105 52
55 97
64 116
82 40
118 61
66 43
69 81
3 8
87 46
81 31
94 1
43 107
56 111
99 1
64 28
34 67
70 73
3 24
14 90
114 29
52 35
71 65
92 81
86 110
98 98
56 43
103 103
54 95
48 54
24 59
20 43
16 5
60 32
34 109
87 1
88 58
22 118
55 41
29 107
26 36
117 21
15 79
36 63
66 67
74 4
18 77
28 53
8 62
120 33
77 40
17 67
27 4
51 11
25 69
71 51
70 46
13 9
89 14
48 32
93 112
13 13
5 80
55 56
20 73
76 102
111 107
23 55
17 41
115 91
74 111
29 20
22 17
101 90
104 93
104 97
59 57
118 90
31 85
4 75
68 77
2 105
85 21
104 103
18 11
25 69
30 65
113 4
43 111
59 48
77 19
88 65
52 97
27 6
119 56
72 120
51 86
53 63
1 65
84 46
86 92
52 47
100 103
48 7
80 17
41 11
103 11
7 90
20 108
7 88
116 89
44 90
23 52
40 49
94 64
11 1
3 114
64 68
52 43
31 27
25 61
41 104
23 83
103 71
42 4
10 43
25 83
98 19
83 19
20 28
33 106
72 104
91 38
87 31
118 118
63 29
106 117
65 61
8 16
116 32
28 53
89 118
64 95
90 30
47 2
4 39
94 33
118 102
107 105
104 32
116 66
23 113
102 28
53 34
81 83
60 115
36 66
3 105
87 108
42 13
104 83
6 61
76 98
26 42
116 80
35 119
67 64
87 95
71 92
107 102
10 72
43 8
10 21
49 105
87 40
53 79
109 101
39 67
85 111
3 12
58 2
65 115
22 69
9 3
113 87
28 14
55 69
107 11
53 72
110 26
78 17
61 111
104 78
21 20
29 85
10 61
111 49
31 49
42 16
91 81
34 93
60 17
89 111
117 29
16 9
108 79
76 48
19 37
82 115
43 42
14 52
22 79
29 106
55 104
47 45
57 39
40 69
8 9
67 11
15 116
96 37
67 33
106 99
57 79
33 29
76 42
98 85
74 29
17 106
45 30
109 17
82 44
67 43
27 26
113 63
112 113
114 54
5 6
97 113
88 26
56 116
93 47
100 118
44 65
12 2
46 55
99 54
28 102
59 2
111 93
37 119
58 65
112 47
32 85
7 2
81 86
54 43
39 50
24 92
102 43
105 65
89 36
28 47
113 21
90 68
77 31
69 49
42 11
67 35
22 22
27 32
53 12
93 62
81 90
120 39
88 39
29 8
46 94
87 37
12 45
45 66
54 104
89 51
41 110
41 24
30 103
116 56
61 106
44 101
57 59
9 38
94 11
95 9
21 2
11 109
65 103
87 106
36 85
8 84
16 67
26 79
94 8
116 3
1 15
56 4
70 16
14 18
88 49
88 70
73 93
83 97
107 30
107 13
27 2
70 74
26 61
91 46
4 24
102 26
109 56
36 102
10 86
7 2
74 71
80 12
53 32
111 72
61 82
103 7
88 64
54 79
47 110
84 73
120 2
27 22
46 43
91 91
41 85
53 42
84 108
94 16
80 103
93 7
65 9
43 30
59 21
78 36
102 102
70 29
113 108
44 72
115 65
8 97
67 64
104 76
65 106
54 20
53 65
116 96
28 20
53 83
86 98
67 30
78 28
36 102
58 74
14 70
95 14
9 50
95 22
116 65
84 87
15 65
81 37
3 66
80 115
83 100
68 115
103 55
72 15
66 84
118 48
74 119
34 44
64 32
76 32
86 48
11 27
99 49
26 60
118 15
39 84
26 18
31 36
58 109
57 46
114 26
53 92
100 54
3 86
102 54
6 111
8 55
83 72
104 115
119 32
110 59
119 57
94 77
110 18
38 73
41 9
99 71
15 108
80 102
93 65
71 72
100 66
112 89
112 44
17 78
23 118
1 80
16 39
8 3
8 118
52 44
119 56
54 101
11 44
48 14
90 35
18 5
57 81
99 115
107 103
93 41
107 90
27 103
63 112
20 95
101 79
29 104
93 34
53 117
120 94
62 29
118 44
111 8
120 49
55 7
68 83
35 40
6 14
75 74
45 82
53 84
81 98
77 1
8 81
102 12
103 28
99 34
62 9
113 55
73 23
106 92
111 55
37 112
91 56
82 107
44 27
10 78
95 99
24 85
99 22
73 74
120 33
105 82
50 65
12 90
119 57
89 33
119 40
71 85
63 46
110 72
28 83
29 8
120 109
13 97
27 112
14 68
21 26
33 37
6 12
16 87
77 68
67 81
17 7
114 48
92 110
60 112
13 54
108 104
52 111
119 21
104 61
43 79
98 108
8 77
82 105
5 51
74 104
119 16
77 61
60 95
103 33
85 68
18 62
104 54
13 98
17 50
53 8
98 2
3 118
58 10
106 30
2 36
43 4
25 61
120 88
17 80
31 2
89 20
95 93
95 18
110 13
19 89
66 108
55 19
67 22
26 39
97 59
70 55
23 89
81 90
117 31
40 106
22 61
94 48
19 70
30 6
99 24
108 83
85 114
49 32
4 28
22 74
23 50
54 33
35 22
95 18
54 76
50 37
75 108
91 110
91 109
105 82
40 50
53 106
54 34
96 3
36 18
92 65
30 52
35 59
6 113
83 30
55 2
94 36
77 20
35 2
92 110
79 55
1 7
23 46
70 94
55 101
44 75
4 119
117 105
2 119
26 21
48 36
76 33
23 103
52 66
110 69
82 62
58 32
92 63
70 112
105 75
47 59
38 66
7 79
21 27
59 16
69 89
111 3
113 46
50 52
2 97
84 103
10 68
22 116
52 95
99 77
83 40
5 31
39 97
45 112
10 116
34 91
85 12
71 35
72 84
112 76
10 66
116 68
8 57
7 74
65 20
56 9
75 86
39 102
65 85
25 36
118 15
83 80
43 109
28 64
99 75
42 107
99 74
39 56
71 65
73 30
106 8
7 80
52 70
80 106
23 54
56 27
63 83
7 48
87 16
37 54
94 104
4 114
33 57
72 115
46 18
63 119
63 37
37 92
69 94
22 73
45 118
10 91
117 49
75 113
35 39
66 41
29 98
36 33
84 65
33 109
3 3
20 13
2 32
46 94
21 117
93 99
36 17
92 2
100 19
29 96
13 87
96 109
37 57
41 109
83 84
91 113
31 53
63 111
88 112
82 48
77 86
85 40
88 78
13 87
55 59
100 20
49 83
40 90
65 33
7 87
120 118
89 104
42 13
1 9
108 33
77 86
31 60
34 15
117 6
100 86
29 77
77 18
103 105
113 78
62 28
70 11
14 101
26 89
28 20
91 42
62 51
33 99
18 71
19 93
115 48
47 48
58 69
56 18
106 27
25 46
41 69
73 116
7 116
6 46
119 79
74 24
107 26
20 89
57 3
2 88
15 40
9 105
31 85
5 4
1 119
14 61
28 101
56 75
25 56
17 62
95 93
80 5
112 57
109 76
109 73
111 13
39 2
90 79
43 68
47 46
75 55
66 81
100 118
95 66
5 54
117 17
106 26
67 31
43 16
51 112
78 19
48 12
29 85
40 20
70 91
89 81
115 88
81 61
67 39
34 42
65 17
23 8
36 68
114 25
87 39
77 67
78 63
104 94
56 2
64 64
108 89
56 36
111 114
64 34
117 118
24 57
56 69
50 61
23 106
40 57
28 17
68 32
52 115
77 97
50 18
28 40
10 40
23 99
41 50
87 83
23 77
74 113
9 6
97 24
32 51
65 6
112 21
100 35
42 80
67 48
82 17
68 11
45 16
17 4
109 42
69 23
36 52
103 51
8 109
118 49
61 55
86 116
55 4
105 65
45 31
26 106
90 44
48 33
107 93
79 96
23 59
16 97
68 48
103 100
49 107
46 36
7 44
25 45
48 112
95 58
99 71
3 77
44 61
24 89
106 117
101 18
83 107
51 86
64 47
37 20
49 117
95 91
40 34
35 86
22 38
67 86
85 70
26 102
23 101
73 114
81 84
57 91
73 73
16 110
4 22
48 27
99 39
61 84
17 60
14 9
96 22
106 91
107 28
39 77
71 58
15 23
33 105
105 57
97 25
9 3
68 113
86 79
43 109
63 64
53 95
100 90
87 77
8 90
88 33
95 96
62 65
5 96
82 93
78 98
94 11
52 98
83 92
32 42
53 37
33 27
42 115
67 89
21 61
9 17
100 109
6 51
63 56
47 5
113 97
97 65
20 97
90 1
79 70
45 27
69 65
110 110
11 75
89 77
86 118
31 90
73 71
120 54
80 32
40 106
49 71
116 2
49 119
28 51
46 70
20 18
32 113
95 118
48 40
116 85
75 69
72 102
112 24
72 105
13 48
41 112
93 64
92 57
31 61
61 99
21 36
61 106
110 54
119 41
73 100
114 89
40 83
9 35
37 97
36 85
65 49
11 69
11 19
80 41
58 47
63 52
95 81
5 1
86 72
91 9
99 107
56 47
66 92
46 37
61 17
118 69
40 98
99 2
115 32
118 77
106 116
40 92
22 103
107 105
108 17
7 108
46 74
11 13
10 46
3 25
17 35
84 66
54 25
94 36
14 14
96 73
24 11
33 49
16 4
22 110
110 61
19 87
10 13
50 67
82 79
9 1
50 34
52 104
31 23
32 8
107 35
49 26
25 31
25 103
49 5
116 14
42 4
66 50
118 82
88 81
114 56
89 78
5 110
100 99
32 41
114 36
23 3
33 108
70 108
38 34
48 107
31 4
95 103
94 55
45 102
52 79
48 56
62 99
115 105
23 66
81 113
86 31
36 77
23 1
77 36
61 107
97 31
25 38
71 90
26 32
43 117
58 115
117 105
27 118
15 42
37 106
53 41
117 67
101 22
49 47
95 10
14 59
93 96
1 43
33 51
18 10
54 109
40 68
59 84
31 104
73 74
7 37
26 118
60 106
29 111
117 99
66 41
51 102
17 70
21 9
93 87
16 41
54 20
33 97
90 66
30 57
21 39
44 43
4 72
105 74
103 38
97 28
26 115
39 118
90 43
25 104
12 119
112 97
105 45
92 31
16 107
48 104
44 62
103 62
40 112
81 97
7 23
49 69
70 84
37 15
77 22
11 28
43 42
84 83
74 112
118 11
47 3
76 4
64 21
46 1
31 50
35 97
36 101
31 43
103 27
9 65
20 119
81 21
24 18
48 21
50 37
66 55
57 107
48 13
96 118
13 35
43 66
23 28
114 112
77 50
86 34
52 34
26 54
6 109
110 23
92 11
57 64
58 43
55 21
81 67
21 27
75 82
102 30
114 31
10 88
42 33
14 65
39 47
31 114
71 60
61 49
18 62
43 119
94 53
45 115
87 113
19 51
54 96
34 92
25 12
52 46
87 7
47 28
87 80
9 81
105 47
10 64
119 64
59 31
14 78
7 110
112 9
64 118
118 46
1 78
95 49
13 71
26 87
23 86
108 17
111 98
95 81
35 105
43 106
75 79
35 102
40 10
26 10
37 40
20 90
117 10
65 18
119 53
65 88
68 5
63 45
63 95
54 96
118 110
115 46
16 119
33 26
89 109
43 36
48 43
66 88
26 58
11 95
24 64
87 117
9 53
30 74
104 9
69 17
109 57
69 82
115 103
105 102
93 103
37 21
78 78
68 35
47 30
105 76
15 66
20 11
9 106
22 62
65 32
73 37
88 44
59 56
12 93
93 72
109 120
70 22
53 114
6 72
76 22
75 55
7 53
86 69
66 24
74 42
7 57
18 14
48 63
95 113
47 55
68 97
26 42
76 12
28 93
31 100
12 2
77 83
70 28
26 37
3 13
16 112
11 70
68 98
114 54
98 1
72 74
93 96
79 17
10 113
31 23
88 53
74 116
40 101
31 95
98 38
105 57
70 117
72 59
26 65
62 43
39 41
112 94
94 37
25 112
29 47
47 43
108 29
88 60
86 19
105 82
101 117
107 45
77 66
94 58
65 88
88 119
50 58
106 19
57 98
86 77
37 51
70 112
110 65
39 97
106 21
50 100
115 113
29 64
71 100
107 24
110 32
10 103
55 9
34 90
8 82
72 89
77 69
106 21
119 24
5 24
36 98
77 23
117 114
108 64
72 33
86 15
2 37
24 9
102 72
4 108
89 20
45 107
14 10
25 11
111 56
71 43
61 1
80 67
112 115
43 2
40 10
85 118
76 86
70 86
21 3
111 37
91 113
11 65
29 35
66 81
39 25
23 75
23 29
52 79
21 39
1 67
15 64
70 18
1 7
25 12
28 17
8 116
71 38
13 70
42 58
12 28
39 69
110 109
98 90
55 5
119 56
109 113
8 99
34 60
9 57
47 116
3 54
97 110
78 36
51 81
56 77
84 79
83 49
33 92
17 104
107 97
89 72
40 52
99 113
48 37
117 79
79 14
41 56
55 50
48 2
112 12
111 82
88 41
20 47
33 110
76 3
104 3
102 1
78 75
98 97
78 9
98 94
5 13
43 109
4 72
25 5
120 117
27 78
41 17
47 93
60 100
79 95
19 92
43 119
53 60
74 12
39 69
52 57
48 41
2 67
39 82
28 20
8 80
12 57
89 45
85 107
101 113
71 79
74 38
100 68
106 81
48 94
38 27
26 75
64 41
28 93
80 83
35 120
86 115
51 72
113 35
34 30
73 86
117 77
35 7
72 91
15 21
63 106
50 91
78 44
6 10
59 42
105 4
8 85
108 62
47 119
70 38
52 46
66 11
5 120
7 45
107 13
61 15
38 22
38 70
102 53
18 62
80 98
112 99
52 114
20 113
55 51
18 23
35 72
47 9
34 115
120 8
83 42
64 7
92 113
22 77
116 6
66 75
46 59
12 54
16 51
97 60
1 4
87 35
44 29
52 109
60 86
16 32
67 45
19 35
6 70
69 60
78 15
59 33
112 104
12 109
20 45
105 45
68 101
73 52
55 58
48 90
12 101
26 12
13 73
25 51
48 15
19 11
22 44
103 50
100 108
93 59
93 81
39 9
6 9
17 52
73 95
24 55
2 111
75 53
25 55
5 62
106 11
70 76
95 26
14 102
24 41
12 41
25 48
55 116
116 48
45 110
30 67
38 116
68 116
7 22
16 59
5 25
54 62
116 94
17 104
69 66
65 4
63 56
71 84
106 46
112 5
32 32
77 86
114 69
52 97
92 65
49 49
91 23
72 62
69 1
46 39
26 64
119 69
100 94
74 59
59 81
38 81
28 18
114 9
55 62
69 17
116 108
3 112
65 19
21 10
114 68
64 115
85 17
91 103
51 98
55 9
65 41
83 33
27 73
77 70
38 71
44 55
111 62
8 61
14 100
111 24
103 112
61 49
111 24
15 16
63 79
43 95
99 6
89 9
45 32
19 35
93 36
43 41
49 115
107 16
34 2
20 36
34 63
96 28
22 15
48 55
30 68
10 13
53 42
120 96
27 62
85 110
78 8
71 91
50 105
116 7
62 4
51 60
25 32
17 83
4 90
26 66
46 15
60 60
103 114
67 5
63 58
21 96
61 31
2 82
26 66
14 25
69 56
112 25
99 23
89 112
75 117
113 77
88 36
78 2
19 80
36 54
50 89
83 15
61 80
6 73
80 84
5 47
43 115
56 82
69 50
33 116
35 30
75 111
62 21
68 16
60 92
92 37
45 79
37 100
55 106
62 82
92 119
12 109
58 75
73 107
85 20
70 74
87 19
87 113
64 101
69 66
50 57
39 76
23 43
17 74
6 75
113 44
39 52
95 64
98 104
72 112
103 14
57 110
46 7
102 53
63 25
96 77
19 75
76 105
49 26
56 40
13 110
74 13
111 26
114 13
84 51
59 58
110 16
76 110
93 10
104 93
11 48
56 55
59 87
72 8
24 62
68 17
10 48
25 88
54 92
98 116
84 63
9 119
73 22
16 94
101 4
70 79
58 72
99 50
35 23
101 28
84 119
30 87
42 28
44 21
112 3
69 113
54 93
12 65
35 112
32 102
48 60
68 19
50 45
83 62
9 7
103 23
77 71
42 45
94 86
11 45
84 87
87 78
112 4
119 63
32 64
68 68
83 72
51 99
70 22
104 20
20 100
108 63
92 19
100 66
35 42
105 42
48 96
7 20
4 94
119 48
33 74
115 10
72 84
69 59
70 58
87 82
84 32
83 17
115 35
87 23
26 119
12 100
25 44
119 30
111 56
79 106
67 18
51 99
3 82
117 30
91 88
116 52
83 23
93 30
24 106
39 116
13 68
91 47
83 24
52 81
78 33
16 11
53 34
118 6
44 57
25 1
97 61
14 23
115 50
77 99
69 31
110 56
76 92
81 40
100 48
117 42
101 88
30 45
63 38
64 59
71 114
36 118
28 64
49 27
65 82
9 68
69 66
54 46
73 116
30 13
69 69
10 78
27 94
101 44
23 72
106 62
4 11
12 78
3 31
55 85
52 34
80 66
93 114
76 44
62 117
97 41
25 64
100 112
63 102
16 102
39 95
50 14
62 12
54 108
35 19
57 29
110 95
44 18
55 9
114 46
32 114
28 15
101 107
71 111
91 64
23 62
54 56
33 90
90 54
59 65
94 17
62 105
61 54
83 76
114 87
1 99
40 61
78 116
105 81
71 19
72 17
52 55
64 9
53 75
72 39
54 22
101 17
10 51
56 6
1 80
103 107
45 22
42 58
16 18
53 5
103 83
7 34
28 20
68 70
116 26
77 84
38 99
101 100
53 100
76 34
41 23
64 80
72 13
51 7
18 99
77 43
54 117
10 69
111 113
13 79
39 72
112 17
68 18
85 3
71 112
42 84
2 51
45 75
90 54
41 40
6 69
68 76
17 18
81 59
115 79
116 112
60 96
47 1
73 34
115 119
58 85
119 83
117 12
3 39
111 113
38 58
11 7
88 74
54 51
105 22
56 51
14 103
98 7
54 98
110 6
26 58
58 114
52 72
2 67
66 22
119 95
25 49
23 60
2 112
103 16
61 112
75 54
44 92
10 106
19 7
31 79
82 13
5 27
83 68
30 78
55 56
30 92
59 76
116 94
119 58
20 78
42 5
112 111
11 79
2 1
94 37
21 64
78 86
115 51
53 12
45 25
25 98
104 11
21 107
101 100
45 83
118 53
111 91
89 32
35 87
96 53
89 42
12 61
40 59
117 41
24 16
4 6
81 15
39 52
80 113
7 8
49 92
16 116
32 10
99 114
55 73
117 96
109 24
95 38
91 78
14 112
19 50
90 59
70 13
38 16
24 120
120 70
17 47
105 17
120 24
106 86
106 72
84 106
26 95
25 13
91 15
73 76
93 1
22 34
120 109
63 46
92 66
108 79
19 38
104 117
64 78
19 113
28 27
99 96
30 1
90 81
119 37
31 107
50 15
69 12
104 48
88 8
46 50
75 66
54 5
41 93
95 36
89 11
65 22
53 41
2 40
50 20
32 6
9 68
57 42
15 54
90 66
86 30
10 17
36 115
31 54
35 70
67 94
26 66
18 33
32 91
116 108
74 94
104 59
86 99
85 108
54 33
90 41
10 81
108 54
3 51
108 4
85 45
20 114
43 7
31 94
46 60
20 99
17 54
100 48
37 42
9 104
6 25
57 21
102 30
77 99
27 120
32 18
4 8
12 6
89 110
2 25
36 37
90 11
45 94
116 64
60 87
50 115
48 102
12 40
48 44
115 104
58 35
78 15
98 5
25 34
68 81
41 41
78 116
18 81
2 97
31 112
108 77
104 61
86 22
104 100
48 29
29 105
59 102
109 105
24 49
118 73
13 77
117 102
6 67
67 80
13 102
94 65
94 35
90 113
109 79
100 101
62 58
18 12
91 103
12 58
65 101
33 83
94 89
2 67
37 88
61 114
77 81
31 120
67 19
77 43
73 26
40 20
76 34
57 22
94 103
93 64
108 8
61 55
7 2
20 81
114 81
78 66
77 35
51 65
41 27
9 41
93 74
117 32
83 104
107 36
11 77
17 63
40 82
22 5
102 84
24 50
102 120
88 100
75 99
74 17
40 47
42 108
88 94
7 50
36 17
74 107
118 68
77 4
12 60
76 12
59 82
62 86
38 93
30 37
102 13
39 108
37 53
24 29
1 89
20 87
94 40
102 16
10 24
84 62
37 90
82 40
58 37
76 47
89 65
37 60
89 40
100 7
104 67
36 68
55 103
112 61
32 33
24 14
115 61
28 103
94 101
73 108
5 14
42 77
47 35
120 29
85 73
19 94
57 95
78 17
42 90
4 46
13 18
42 46
36 12
2 58
31 45
24 19
62 22
109 75
45 52
22 67
115 33
64 89
107 56
2 66
90 67
3 83
34 79
104 48
35 30
53 88
77 27
91 56
96 104
98 64
63 65
46 108
102 30
9 42
101 65
28 72
93 54
38 80
38 62
53 101
2 69
120 81
85 55
9 17
64 85
100 66
73 109
2 18
77 48
59 63
119 21
115 13
63 116
96 86
59 34
85 114
97 90
18 20
90 35
47 86
85 42
32 31
20 57
99 84
21 95
61 13
54 87
24 95
48 102
33 70
98 66
14 31
52 29
9 6
16 50
52 10
119 81
81 58
5 39
106 112
108 76
27 37
49 75
5 17
17 72
42 116
15 116
30 29
87 33
118 40
18 109
12 95
62 68
53 2
12 33
69 93
89 40
83 119
51 119
108 9
17 73
37 69
79 117
37 81
113 119
3 99
85 9
84 28
39 44
4 45
114 92
99 46
18 100
22 117
60 112
83 88
70 2
21 117
27 21
38 20
119 72
84 69
56 32
75 27
106 57
102 25
64 92
36 32
82 66
115 92
79 30
103 50
59 24
2 88
58 80
4 4
54 75
39 77
110 57
32 81
2 40
67 80
59 10
93 98
53 99
93 1
27 60
66 53
19 93
72 90
82 93
95 14
93 41
106 105
29 27
106 68
13 29
35 38
110 63
94 74
31 111
16 22
2 67
118 106
29 35
105 51
5 39
113 79
52 12
79 101
44 35
62 43
59 38
44 64
35 29
13 63
89 28
45 85
71 93
6 30
20 76
26 83
94 53
16 27
24 78
85 12
96 37
52 87
61 10
82 85
5 23
23 55
108 52
60 95
97 120
2 118
58 93
108 58
71 99
20 32
64 54
33 118
8 116
105 30
110 87
45 108
95 61
101 84
6 41
85 56
17 5
43 61
115 22
101 29
44 66
48 72
85 31
52 35
106 102
29 58
9 46
62 70
51 3
63 77
5 92
47 6
8 40
22 35
23 70
30 43
87 69
102 98
113 16
20 117
48 15
97 51
41 18
94 112
19 14
23 25
89 24
119 9
74 84
41 73
85 43
17 105
112 42
8 6
99 120
18 56
44 63
117 38
83 60
58 62
109 117
47 58
84 99
42 94
114 25
18 87
73 22
99 8
89 22
57 15
6 63
83 12
12 61
116 33
22 54
109 10
18 105
20 55
107 10
65 110
49 16
40 88
19 108
58 112
116 63
114 49
75 91
35 120
25 55
32 115
97 110
83 119
109 26
96 68
80 40
95 117
9 49
39 74
83 47
43 107
70 53
9 100
57 115
70 85
116 103
32 23
16 14
87 86
78 109
98 14
94 11
105 50
59 52
82 15
71 106
118 118
52 75
110 5
78 101
58 87
119 88
28 24
92 49
112 105
86 97
90 77
33 50
82 62
33 15
78 25
42 104
28 45
86 23
21 20
61 40
2 78
82 16
111 25
85 69
51 54
67 116
116 1
40 92
50 116
93 23
5 70
42 20
4 26
96 17
49 76
49 52
41 58
73 11
103 70
115 21
69 111
30 12
63 50
107 45
108 105
54 8
108 112
8 98
84 65
71 26
107 84
98 102
96 34
19 22
77 96
120 3
8 109
92 10
110 81
69 101
16 81
101 18
117 56
98 96
81 77
66 29
5 39
109 98
116 11
78 59
51 4
48 1
38 76
36 72
111 112
103 74
7 30
85 70
102 18
49 10
12 43
90 89
112 49
22 79
3 62
110 52
91 59
58 112
117 74
6 77
18 108
5 50
105 46
77 104
37 29
108 4
30 24
113 51
97 84
35 1
87 54
98 73
79 2
87 44
11 73
100 81
11 101
41 18
117 74
109 89
25 30
20 113
102 104
72 18
100 110
85 106
16 24
97 83
64 43
39 3
25 113
100 53
17 109
3 106
22 50
18 23
118 26
36 104
98 63
46 20
111 68
39 69
50 46
92 9
21 109
63 38
32 85
78 95
60 20
22 22
95 88
18 59
110 87
89 93
10 99
68 86
65 3
72 4
11 3
107 91
16 82
75 91
20 31
96 113
16 101
51 118
110 20
62 93
25 55
86 119
77 26
89 79
51 105
50 109
85 85
44 29
35 84
114 105
101 51
115 70
71 107
20 79
7 51
12 81
60 75
14 120
37 76
31 43
14 96
92 51
73 3
18 40
17 74
53 120
36 66
39 77
120 20
120 69
6 26
12 1
44 37
67 27
45 29
26 117
45 33
21 67
76 26
33 107
22 82
49 65
64 25
86 40
62 87
19 85
38 115
13 58
104 79
47 36
108 18
6 62
3 23
24 53
56 37
88 111
44 19
118 28
60 109
51 9
16 50
47 14
28 79
77 40
80 1
48 101
6 53
50 76
103 5
58 66
95 90
26 13
25 73
66 117
79 105
12 42
115 35
90 25
33 60
85 56
50 43
83 43
22 33
55 56
60 68
104 32
98 103
110 94
103 75
51 76
71 26
82 115
87 70
111 61
10 100
102 22
72 40
7 54
82 27
93 35
47 114
67 95
22 93
15 20
82 120
69 67
84 29
117 32
119 51
5 50
19 94
23 20
75 77
85 78
97 29
107 35
18 110
31 72
60 73
81 19
75 114
26 20
51 2
14 62
41 71
37 35
53 38
50 53
68 17
107 84
81 102
91 95
70 22
59 81
31 117
66 49
16 20
21 92
91 114
14 34
33 114
64 68
98 23
65 64
97 98
34 10
37 120
23 48
31 76
22 87
5 62
111 120
98 57
116 97
22 55
63 87
23 62
60 105
69 39
75 69
10 67
13 89
57 81
72 113
68 19
2 29
74 53
32 50
80 27
45 42
104 55
40 89
51 53
28 69
84 22
16 95
11 120
71 70
67 99
56 98
61 72
37 5
110 27
46 80
42 45
47 56
104 59
45 113
118 79
55 67
30 120
110 80
37 96
43 27
50 46
58 60
89 88
1 17
41 97
76 48
82 119
6 36
84 9
94 33
113 53
111 19
111 12
52 88
102 58
83 64
5 29
3 108
58 46
60 110
11 112
6 70
102 78
4 10
31 18
117 76
63 22
6 59
64 56
90 21
2 117
108 70
87 18
23 40
1 51
62 100
57 79
105 9
12 59
56 37
57 30
19 9
114 104
45 74
42 100
105 22
74 22
31 48
5 109
23 10
29 37
100 68
34 85
17 15
23 77
8 95
73 91
28 68
107 18
25 70
75 42
27 79
27 51
99 50
103 7
2 98
7 111
36 31
39 117
75 28
98 84
20 56
107 39
115 34
35 51
11 39
73 118
51 63
33 91
62 52
12 9
70 59
68 90
1 84
6 76
105 74
103 18
43 45
55 104
114 110
60 55
67 26
86 53
2 57
14 34
31 36
24 22
92 32
94 27
25 47
43 10
100 79
101 31
22 56
119 88
116 19
55 45
35 57
65 108
8 41
5 18
68 83
77 82
114 86
70 7
4 113
73 81
93 75
8 82
37 96
114 29
105 108
33 71
56 55
11 53
108 21
2 49
34 33
5 93
30 16
22 59
9 8
57 90
114 2
67 105
80 55
105 73
2 69
14 14
18 68
97 89
63 74
21 85
64 88
93 108
87 91
57 9
64 66
70 14
22 100
91 76
116 21
17 10
109 108
77 22
11 49
92 68
26 71
90 35
114 74
66 17
116 13
101 36
40 114
81 49
16 64
73 37
111 100
71 21
84 26
108 67
85 110
111 105
69 75
79 105
43 40
37 7
8 32
115 8
18 35
40 83
26 24
79 31
24 57
116 75
65 112
80 6
26 46
114 34
87 94
95 76
74 37
73 50
56 102
57 96
72 50
4 60
76 83
86 46
11 20
95 105
97 26
28 60
65 102
86 54
108 5
74 69
34 59
29 2
86 27
37 109
73 72
32 105
84 95
82 36
62 44
114 109
51 38
111 91
41 109
31 107
15 17
14 53
107 102
82 99
50 97
114 99
21 84
3 114
5 84
72 105
62 77
77 72
80 25
112 75
88 10
105 89
67 115
2 118
77 70
81 72
88 96
35 52
53 72
120 52
36 78
58 58
7 49
39 107
13 44
35 58
83 12
21 105
3 24
19 13
30 41
101 15
12 80
118 44
89 39
55 98
82 14
102 45
104 13
2 4
13 58
33 80
62 54
84 115
85 106
109 42
27 27
113 11
113 105
11 72
109 55
62 9
73 18
82 6
1 38
65 116
17 120
97 87
50 21
20 96
38 114
110 99
101 18
90 100
115 27
34 8
33 89
66 72
19 44
64 97
16 44
120 42
54 69
7 59
20 114
93 63
44 6
5 26
110 96
78 7
119 120
84 27
116 64
52 104
30 46
19 20
109 93
94 117
113 117
51 93
40 34
60 60
61 90
92 50
64 66
118 119
112 20
23 35
49 102
119 33
3 67
29 103
77 31
40 17
35 83
71 110
70 57
42 28
13 29
79 11
117 35
108 115
23 39
6 32
51 52
117 95
44 66
7 58
114 12
61 111
19 18
87 20
17 43
78 102
45 56
3 69
1 37
94 98
42 44
23 60
2 31
33 92
116 100
11 64
101 113
31 118
32 22
40 51
90 43
44 119
10 96
49 93
65 53
38 19
103 68
59 60
4 56
61 2
58 64
8 82
54 65
41 63
67 19
118 108
64 24
120 62
119 15
43 84
62 111
35 100
10 68
103 65
102 77
41 91
100 80
69 64
111 3
115 84
7 36
80 107
35 17
79 98
118 67
44 70
31 80
89 120
75 106
91 100
65 70
111 108
97 1
54 118
59 85
103 1
104 81
120 110
99 16
96 21
73 86
13 57
120 13
35 25
21 37
30 29
66 107
15 55
119 3
15 71
117 39
28 16
79 11
25 86
103 33
57 33
7 29
18 38
62 86
70 15
44 8
118 29
67 99
111 65
109 71
98 3
7 4
100 74
30 61
33 80
40 59
108 51
53 117
113 9
71 103
62 58
110 49
17 100
51 88
6 34
27 71
39 97
69 96
114 40
27 22
25 69
61 47
99 39
2 84
56 30
47 111
40 100
69 88
45 82
113 41
85 116
113 118
90 107
71 16
116 51
43 12
79 33
5 27
70 89
14 101
72 58
13 10
89 34
118 59
18 54
118 26
87 23
60 33
1 26
116 96
54 94
39 43
90 18
44 91
113 31
87 115
5 59
94 68
74 49
19 25
20 44
64 67
6 39
60 58
111 80
108 3
98 12
7 113
10 10
11 64
56 80
5 103
119 74
31 23
37 84
115 3
17 83
2 37
25 52
69 81
72 11
111 6
84 33
104 6
44 118
24 80
68 60
28 22
45 76
1 58
44 64
68 18
117 114
73 96
74 25
113 57
107 66
78 84
34 78
16 88
19 53
29 9
2 24
37 18
114 55
111 80
27 12
119 24
14 6
68 98
19 108
12 56
79 101
115 78
82 99
59 91
101 49
54 15
110 79
61 116
101 100
85 96
78 61
45 58
80 96
66 52
89 58
59 63
71 5
114 117
83 40
67 58
97 99
47 6
10 80
79 62
38 76
111 116
46 100
80 90
116 78
104 92
21 2
11 9
113 5
9 41
27 23
114 75
65 81
106 98
8 34
35 85
87 88
50 23
31 111
95 65
46 31
71 68
90 57
117 58
5 104
31 109
69 65
94 4
17 70
81 18
119 66
71 92
48 88
112 29
103 106
103 21
82 90
29 98
87 37
75 93
87 54
53 118
77 45
103 48
67 113
14 30
40 114
8 117
52 18
25 110
58 77
38 16
31 60
40 76
12 106
12 2
28 59
66 34
100 22
65 78
8 35
108 8
98 30
21 23
117 113
53 42
89 111
88 47
36 66
62 42
70 24
75 104
96 85
62 57
86 39
67 100
33 112
9 14
32 63
60 20
94 1
15 72
69 67
57 120
63 30
118 2
114 30
93 24
36 86
74 117
18 76
10 27
54 77
25 64
73 104
81 64
33 97
53 64
7 6
67 69
97 11
74 66
20 23
20 107
46 20
82 106
77 60
79 62
4 50
100 20
66 102
53 37
51 3
59 8
79 29
97 17
102 89
55 65
82 53
63 33
4 75
25 64
79 111
41 64
38 91
113 40
111 1
120 37
67 44
85 104
73 112
38 111
85 52
9 89
112 105
5 72
20 9
99 59
26 112
83 37
107 73
84 100
60 32
12 1
3 75
54 36
108 65
21 73
44 32
88 73
45 23
117 112
109 79
47 117
4 108
118 7
101 119
53 35
17 109
87 45
41 77
55 81
87 111
100 112
63 37
115 38
97 50
50 96
117 15
23 68
15 16
73 65
91 29
16 39
1 78
66 93
105 40
76 66
107 59
8 60
115 81
109 80
50 5
100 25
65 17
76 20
67 111
8 96
119 49
27 46
81 51
107 5
5 111
25 21
114 92
12 46
40 16
112 3
39 114
30 26
14 108
51 119
13 116
110 85
28 77
24 101
63 102
12 113
119 109
67 1
18 93
112 110
5 35
87 1
108 105
96 93
107 46
9 117
20 35
55 69
58 109
80 72
94 100
38 35
48 12
28 64
99 79
119 11
8 92
108 31
105 8
77 90
36 11
20 76
63 33
21 102
31 19
21 18
92 24
91 106
36 88
21 70
110 62
3 26
6 26
52 58
92 61
83 60
111 117
90 7
109 64
89 8
6 42
76 32
53 80
109 95
56 70
35 63
86 26
95 47
54 113
36 68
112 96
79 16
50 98
14 107
86 111
87 23
37 75
59 31
1 80
120 39
80 89
70 30
36 73
63 96
29 17
25 104
50 7
84 62
107 92
115 50
22 2
68 61
112 70
55 35
2 45
52 119
31 1
92 58
97 102
2 84
68 101
57 37
88 89
93 79
68 99
66 12
108 30
33 28
11 52
3 32
89 61
75 28
82 114
20 7
21 67
96 48
87 24
62 39
11 40
52 73
9 76
104 75
75 47
17 2
66 11
62 108
75 98
101 70
62 80
27 70
100 76
25 8
9 66
51 106
45 93
44 87
95 99
87 23
16 92
20 11
105 34
91 89
79 103
22 75
112 23
115 93
40 36
87 11
56 89
45 57
58 103
100 3
12 91
50 79
59 67
104 57
71 44
90 65
61 75
52 13
90 21
120 72
29 14
30 42
114 70
35 117
81 70
87 78
104 111
94 64
19 22
29 42
55 51
46 18
49 103
68 96
42 83
79 43
40 31
24 79
3 79
96 86
32 54
114 4
1 98
39 23
115 67
44 42
11 36
110 89
98 11
24 6
90 18
68 67
16 81
101 65
13 52
39 45
100 23
69 23
92 34
99 3
3 66
106 79
47 72
117 88
79 62
50 76
78 29
1 84
49 2
110 19
96 32
29 32
43 117
104 19
50 51
8 57
13 76
21 1
3 40
103 85
95 34
18 97
36 25
41 9
34 59
76 39
11 110
77 86
31 88
89 42
51 2
108 115
98 23
50 66
100 93
96 85
106 28
60 98
53 98
19 93
95 78
110 4
24 87
53 46
66 85
46 112
71 66
26 48
77 99
18 20
61 56
45 56
26 62
25 91
52 17
87 21
89 41
69 98
53 38
106 69
16 66
92 32
120 59
44 39
19 16
88 36
112 24
63 111
5 19
64 50
17 95
87 117
88 42
2 40
93 51
18 111
69 40
24 15
49 27
8 58
112 82
12 111
110 49
2 93
40 79
19 77
113 51
57 55
34 86
70 82
43 40
20 3
68 42
73 37
15 86
29 58
91 6
38 75
62 27
104 23
42 32
117 78
8 87
39 95
43 77
3 101
51 23
47 34
45 94
97 24
63 78
44 11
115 75
14 24
96 97
29 53
82 63
69 73
119 13
43 41
57 15
115 53
107 93
30 107
49 120
35 110
32 42
15 29
8 65
118 44
41 43
89 93
80 82
115 15
54 96
33 111
83 48
21 14
50 118
63 7
93 114
103 120
99 59
81 74
90 40
62 75
39 86
99 102
84 24
114 98
97 119
99 48
44 56
44 106
55 46
51 20
22 65
16 6
61 105
19 37
91 86
3 105
18 98
42 17
47 98
19 20
50 86
29 14
81 84
41 80
119 27
70 70
88 112
49 24
54 83
31 24
42 92
39 9
69 62
43 119
48 63
44 111
29 102
106 117
25 5
43 37
5 65
28 38
69 48
53 83
35 75
47 77
26 79
116 119
53 10
89 104
55 109
74 49
60 102
52 65
78 74
120 62
6 18
75 117
63 111
56 100
59 98
93 100
37 112
79 6
91 62
82 32
44 36
5 42
57 67
58 81
5 99
35 69
120 36
60 64
68 76
69 91
114 64
2 15
62 75
116 115
62 49
97 111
68 13
106 105
104 16
116 7
62 34
61 107
14 77
48 104
99 104
42 88
34 56
87 28
58 50
58 107
23 61
54 12
62 81
101 87
84 109
87 29
84 114
5 95
15 20
55 95
20 36
69 86
53 103
73 45
88 89
73 49
21 86
49 19
80 34
9 75
67 113
74 10
4 68
106 65
106 113
120 16
111 47
10 90
55 107
21 38
69 111
16 48
48 116
11 39
91 71
120 14
104 120
86 80
90 34
66 102
89 112
98 73
58 88
49 58
37 32
84 12
21 97
118 35
62 104
65 50
66 97
50 87
58 23
82 105
48 37
85 98
37 105
116 59
62 92
119 51
46 26
41 95
48 42
54 1
6 19
104 39
55 55
7 39
47 82
118 20
84 60
89 94
11 67
81 110
10 106
62 72
89 67
25 84
77 30
30 63
57 19
112 95
97 27
89 100
29 67
37 12
66 5
77 111
57 51
5 14
45 82
13 83
77 71
41 91
55 77
15 15
37 56
70 33
40 108
6 25
103 67
21 62
34 15
34 26
87 62
1 90
42 18
21 65
68 100
104 117
59 108
110 10
6 39
62 118
103 38
41 113
37 108
111 70
77 73
3 89
51 105
35 77
62 101
58 108
23 95
35 38
83 102
44 74
96 83
83 103
108 9
112 102
110 72
46 96
41 68
50 98
38 35
99 8
10 31
90 51
24 58
40 7
65 93
96 68
103 34
12 98
55 115
15 59
86 90
72 47
107 7
89 35
86 77
114 35
88 91
58 39
61 12
73 100
79 56
18 98
77 57
14 62
48 53
45 61
114 54
89 66
6 39
15 52
98 41
25 91
46 85
37 29
34 58
38 117
87 73
45 24
31 77
102 119
91 70
21 79
55 50
111 98
76 79
116 90
117 119
48 2
78 107
39 42
111 118
74 115
22 39
71 102
105 25
83 50
105 62
3 10
108 53
36 40
105 44
66 81
52 61
51 4
17 15
11 43
22 6
95 21
66 79
38 9
21 96
7 84
34 53
7 43
30 92
89 118
4 115
1 48
21 110
53 26
65 41
40 26
106 59
63 109
103 79
36 103
24 59
15 35
109 30
75 22
17 105
15 102
11 96
27 81
96 39
86 107
5 57
77 118
46 51
95 99
37 18
111 20
20 63
111 98
107 22
93 97
42 33
76 65
5 102
56 29
97 52
92 89
92 32
7 25
99 19
6 115
58 101
5 27
13 105
15 79
48 7
42 72
4 50
21 36
61 92
55 5
100 11
33 83
31 101
25 68
83 35
36 33
16 87
84 97
84 59
92 67
78 95
39 53
117 50
115 53
91 111
67 88
7 2
59 55
55 50
11 97
77 54
33 114
68 86
60 82
66 3
58 111
74 4
43 115
43 62
29 59
84 78
68 43
89 73
34 70
69 103
62 61
32 29
84 96
33 86
56 96
116 52
117 21
102 99
74 95
24 53
110 100
52 12
76 120
3 2
99 1
115 69
2 112
20 4
91 11
5 42
1 2
1 53
34 47
31 95
34 105
100 21
46 4
36 67
19 10
79 25
112 84
88 115
15 100
24 3
41 55
96 53
22 60
27 72
65 31
117 65
91 86
7 10
68 19
61 115
89 106
14 103
71 5
62 113
109 57
31 67
117 97
53 79
30 5
37 37
119 60
49 55
110 103
20 15
35 105
114 60
2 7
99 87
19 93
105 24
36 25
4 45
51 72
18 64
116 99
104 112
56 95
94 69
98 66
86 23
43 6
62 58
94 2
76 99
39 110
101 63
99 11
15 85
63 102
67 80
55 36
28 18
33 29
59 55
72 93
94 103
94 29
25 4
118 72
34 71
65 17
14 12
15 113
49 51
88 38
24 49
