120
12960
2 64
114 57
94 118
92 32
32 44
23 107
44 40
73 58
20 80
45 73
21 37
70 7
98 73
4 25
118 17
37 30
101 43
37 113
50 55
116 61
67 103
73 68
95 21
62 26
87 77
52 109
77 3
115 58
13 18
53 80
51 46
55 82
76 30
53 28
86 107
30 78
39 62
89 66
49 12
117 89
107 17
4 95
36 49
3 82
12 74
51 26
65 80
79 14
39 45
98 37
82 69
9 56
26 27
17 5
12 115
17 35
20 97
35 35
66 64
117 107
58 73
99 17
47 44
63 20
105 91
54 36
33 68
28 47
45 16
55 111
57 71
45 16
76 88
67 99
18 96
45 38
86 11
93 112
12 84
51 111
94 90
16 42
116 71
104 76
16 41
110 13
36 78
91 103
73 27
102 96
52 34
55 43
88 109
116 6
3 68
1 102
86 85
18 114
40 31
108 120
24 18
82 34
81 20
102 108
58 6
64 74
100 86
80 24
25 90
66 12
35 97
114 119
60 57
48 10
33 115
84 15
17 96
91 96
107 116
36 53
51 43
81 11
74 53
21 81
38 93
4 97
94 4
57 75
31 31
112 13
109 47
114 51
46 104
37 22
44 12
82 46
53 84
80 76
4 15
89 23
66 72
48 70
33 21
39 119
120 109
27 54
103 67
36 48
27 71
20 82
92 21
113 105
79 65
47 83
22 86
116 19
113 117
9 5
83 110
93 27
77 110
101 114
25 117
91 88
37 96
85 117
39 94
68 48
13 33
65 116
34 99
31 66
94 107
61 87
101 87
35 35
118 115
1 18
4 10
97 9
66 39
83 25
108 61
50 93
114 87
82 96
27 93
30 82
12 101
69 1
52 62
87 30
22 95
119 62
52 42
15 85
70 81
81 9
37 91
72 94
46 120
49 4
85 59
25 91
25 26
45 17
80 101
21 27
100 14
65 68
115 59
16 3
113 117
19 102
35 79
108 86
21 34
10 88
83 12
113 101
25 66
64 26
83 117
83 104
45 36
27 69
80 59
27 24
18 41
7 63
8 76
61 4
103 64
22 48
5 114
85 14
115 51
7 76
65 103
91 47
52 95
68 48
100 42
61 44
19 85
62 59
6 9
17 43
74 118
61 75
12 2
83 61
72 79
89 66
110 69
90 66
60 67
78 23
22 81
1 84
21 92
8 44
14 53
73 37
60 6
72 102
29 112
46 13
33 74
79 63
97 111
4 16
4 90
95 105
109 99
34 14
67 67
89 49
119 29
42 114
86 58
40 4
32 35
89 61
15 3
70 82
55 97
18 38
35 67
54 29
91 96
1 111
14 95
84 30
61 58
119 67
78 65
101 28
10 6
103 62
27 111
83 42
110 75
23 119
3 94
1 117
108 36
119 28
95 20
62 14
33 46
91 2
33 78
118 103
74 50
120 77
42 8
118 45
107 110
68 84
16 119
93 98
35 109
82 16
76 104
12 27
113 84
74 117
63 107
5 79
13 54
62 103
1 102
79 11
27 88
79 102
43 75
76 42
21 26
41 112
23 94
46 10
26 72
85 30
69 108
59 63
26 98
47 17
17 25
82 28
90 26
45 41
62 112
59 51
111 98
62 35
26 3
20 115
65 82
45 52
30 98
69 55
3 28
10 85
62 88
23 46
98 39
55 12
90 81
117 78
30 46
115 65
19 103
19 98
87 77
10 104
52 58
12 71
49 82
120 97
5 17
115 82
107 76
89 11
3 72
115 95
50 53
111 64
110 26
64 89
53 28
104 74
110 103
89 89
17 86
6 9
27 44
12 63
33 71
54 39
119 23
16 98
44 95
119 8
1 51
82 6
77 24
93 44
76 114
110 119
91 94
91 56
94 4
38 18
31 120
80 75
58 115
117 73
51 112
25 46
10 36
118 35
46 113
3 101
37 103
4 67
12 59
111 93
68 19
74 8
118 64
90 103
118 8
97 83
3 34
45 5
43 46
53 67
87 84
71 93
36 67
116 18
27 48
64 50
37 89
12 103
77 51
113 42
55 1
90 33
14 20
106 70
25 69
98 18
119 97
19 81
20 59
44 50
53 11
44 53
58 94
66 89
92 78
25 107
116 25
21 102
113 82
112 3
10 13
38 55
3 103
107 14
5 12
103 15
28 5
64 95
69 2
26 35
68 102
4 51
78 24
3 16
51 57
81 56
19 80
106 60
25 47
65 106
21 108
18 78
12 39
80 41
60 18
101 100
5 86
32 4
94 119
33 11
69 118
99 74
74 114
28 9
17 56
92 66
110 53
116 101
14 39
43 120
30 42
114 94
99 48
45 17
117 75
6 107
7 110
26 112
16 60
113 67
15 73
117 36
64 10
63 111
67 68
50 116
31 53
85 8
116 80
115 46
56 113
19 87
44 46
26 34
5 7
89 11
103 23
71 23
25 84
91 82
78 16
64 75
120 63
70 98
71 8
15 67
100 8
28 114
117 95
48 28
113 114
43 31
57 62
72 83
3 79
15 58
81 61
101 4
114 61
63 98
27 91
34 99
44 68
76 59
14 43
93 36
70 84
50 46
28 36
75 41
67 64
72 115
24 102
37 63
36 59
67 19
100 38
2 50
78 68
75 39
16 68
33 38
9 85
25 45
70 52
26 37
84 111
49 33
106 80
62 18
15 40
32 19
115 64
61 41
119 48
4 9
74 113
35 8
31 5
65 27
24 73
39 90
88 55
36 113
38 96
81 91
34 100
12 39
110 50
32 73
8 120
27 73
85 83
98 68
36 26
45 93
115 114
80 48
24 45
96 21
13 89
16 37
93 54
103 45
90 64
13 102
91 1
25 26
100 100
1 34
79 34
24 8
90 52
67 58
111 88
115 36
33 86
45 74
49 72
68 1
38 47
120 67
10 56
14 76
8 66
7 35
103 36
57 91
34 113
32 84
19 36
60 18
66 47
17 97
73 32
105 63
77 93
21 6
45 34
83 46
113 44
28 66
1 115
34 85
16 101
15 16
20 10
27 112
36 95
71 76
89 58
117 66
86 44
102 119
46 68
64 60
20 75
92 90
24 37
111 66
90 77
49 50
8 91
74 115
93 53
23 116
104 102
84 77
8 91
14 29
69 109
107 42
35 36
80 60
27 60
24 58
69 75
33 77
68 29
111 20
5 1
82 23
69 99
71 50
93 104
66 72
74 112
13 111
67 50
101 52
38 87
34 39
40 48
45 72
98 84
102 13
77 119
26 27
76 87
91 28
8 50
101 6
76 57
10 24
58 114
46 72
109 31
44 95
26 86
32 109
68 116
22 16
50 56
49 97
56 56
75 117
73 56
89 88
116 2
70 62
103 59
93 9
29 1
3 31
81 1
81 119
24 113
21 25
99 34
1 102
107 96
96 76
49 100
31 4
104 92
111 95
64 22
66 119
62 100
87 82
1 31
78 14
45 33
76 57
9 84
50 74
6 101
92 68
28 70
11 81
52 48
11 54
77 86
63 16
52 39
1 63
102 109
79 47
45 30
80 26
58 25
73 20
64 61
7 9
18 116
80 70
11 99
22 103
16 36
2 50
53 29
107 49
1 89
40 87
78 3
72 83
62 84
86 50
39 101
11 14
71 15
52 68
70 3
14 50
25 37
87 3
55 21
65 3
62 15
89 30
120 90
45 72
79 56
63 42
11 24
4 64
54 28
13 98
22 60
94 14
75 5
23 109
82 28
43 62
105 117
69 23
93 1
75 54
56 33
113 3
17 62
14 33
42 41
78 83
87 37
57 6
5 35
93 8
12 104
103 25
15 41
53 100
42 113
43 38
75 119
75 80
100 23
2 100
97 92
4 51
12 27
13 40
15 100
4 19
35 21
70 101
85 21
5 115
86 66
2 113
23 104
86 74
77 61
88 74
92 64
60 5
3 82
30 1
95 99
116 12
12 49
16 110
116 17
70 20
2 99
16 70
19 94
4 88
53 78
96 88
17 94
31 103
17 67
70 7
106 58
22 66
97 75
72 6
7 90
101 23
99 52
117 20
50 19
86 100
17 60
88 6
30 89
80 104
82 5
81 113
4 5
32 44
50 90
49 5
60 118
11 53
69 112
110 45
38 99
91 92
41 30
102 68
88 27
100 100
109 106
18 24
93 91
4 53
45 62
97 34
76 38
103 63
48 116
88 62
99 120
93 101
23 13
98 55
37 6
24 31
87 89
119 84
28 41
94 86
57 20
93 84
81 111
115 96
67 15
54 37
84 85
62 48
88 13
94 83
27 67
113 120
39 75
30 17
16 10
105 24
36 73
45 82
111 20
44 9
68 62
109 48
37 19
60 91
28 33
65 117
99 48
80 37
97 50
77 43
35 40
69 32
51 80
67 51
87 77
68 66
87 30
84 42
21 94
17 66
28 63
111 118
67 99
72 69
65 62
120 66
9 26
107 14
51 6
25 16
51 108
31 106
27 24
6 114
66 81
20 25
113 67
51 11
17 11
120 1
102 86
4 101
38 5
42 96
43 106
24 99
101 37
81 75
79 100
73 89
94 48
12 91
106 78
114 95
31 68
115 21
34 79
91 85
74 12
75 89
118 119
93 104
111 86
77 83
46 67
75 9
68 51
111 99
65 17
36 108
110 20
27 52
81 99
35 7
86 50
32 82
37 8
53 99
56 32
33 70
89 44
113 36
68 10
30 17
86 82
50 85
50 95
84 118
75 28
25 51
2 11
30 42
74 70
98 50
91 17
34 82
120 53
9 11
66 60
89 65
24 80
117 36
29 56
100 74
79 42
118 1
120 61
119 33
71 112
83 10
51 78
73 2
53 56
48 28
5 68
27 114
2 43
9 43
26 28
101 6
98 120
49 28
40 52
45 78
52 27
33 74
64 5
97 97
53 9
49 19
13 33
89 106
118 104
35 20
111 113
64 65
102 31
55 11
118 113
64 72
63 107
94 9
58 50
113 46
51 101
96 102
95 39
94 83
108 94
6 74
37 98
59 6
96 114
56 67
15 58
107 67
68 29
64 100
60 47
23 52
86 45
32 64
58 83
28 73
50 25
57 6
115 114
57 4
97 72
97 29
30 60
2 63
111 7
114 49
15 113
54 43
78 27
30 2
28 94
1 33
15 45
92 15
48 87
56 5
8 74
93 5
102 65
74 98
44 52
45 93
47 101
54 65
26 24
81 35
120 72
70 85
116 87
31 24
2 104
21 30
80 115
114 98
77 41
7 77
76 9
2 26
31 51
19 95
23 61
17 110
103 19
62 73
15 96
16 45
90 49
90 108
31 71
82 98
97 90
17 84
4 32
3 24
18 94
109 83
57 90
30 112
101 23
14 52
6 22
49 71
98 86
105 80
67 14
61 63
16 14
24 94
25 78
31 32
78 82
64 43
51 34
57 41
40 16
10 66
113 93
45 61
35 95
57 78
20 21
47 41
93 106
95 49
92 2
13 71
45 43
48 22
92 81
83 44
21 66
108 36
18 74
73 82
31 49
73 119
114 12
40 6
63 103
110 60
95 23
4 50
107 100
27 20
22 63
53 6
11 51
101 73
46 25
38 91
63 93
67 37
63 108
13 24
30 83
115 11
8 20
105 67
114 12
96 39
113 63
2 65
119 49
79 99
4 72
15 70
43 106
7 116
96 95
36 9
52 33
19 26
73 39
25 79
59 42
75 20
8 104
67 72
64 92
58 115
42 88
75 61
81 34
8 99
46 57
52 31
85 89
48 73
45 87
46 92
98 41
97 91
13 59
8 65
44 18
61 77
16 52
76 76
101 102
24 9
23 6
1 40
106 9
77 62
68 39
35 96
66 84
4 63
40 115
42 13
83 24
33 59
119 16
95 27
2 95
80 56
13 58
5 65
92 114
6 24
118 42
26 8
59 96
89 78
84 90
60 104
104 28
67 95
61 55
46 68
70 80
96 35
76 99
78 8
13 92
21 1
61 5
38 107
38 40
67 14
19 66
23 91
101 18
49 89
88 17
10 26
41 87
31 9
58 28
56 12
5 8
81 40
42 102
85 71
7 35
20 70
54 18
83 8
103 67
28 29
58 64
53 64
41 104
23 80
60 90
44 88
43 113
20 45
26 61
46 15
68 112
34 106
32 39
48 62
48 29
26 28
80 96
30 27
4 96
83 40
39 63
68 73
39 41
7 94
51 92
81 6
106 20
59 13
43 60
27 107
80 87
84 4
90 28
66 6
107 112
80 75
68 19
58 11
21 25
18 87
110 79
7 102
68 83
57 46
69 29
113 49
18 115
23 34
43 111
111 71
43 54
47 117
104 104
95 8
36 27
72 107
85 71
64 79
34 23
81 5
34 45
37 79
18 13
43 114
16 7
102 82
49 79
8 19
49 31
42 12
10 68
68 104
67 2
47 44
101 16
19 59
21 53
1 119
71 108
2 97
41 62
15 71
97 86
50 45
28 110
54 98
71 27
112 63
2 22
6 91
102 114
53 117
55 69
11 116
2 88
73 25
69 92
10 93
46 41
3 108
102 110
96 95
29 106
113 79
99 105
116 96
59 9
35 19
1 24
9 27
78 98
108 106
87 67
117 23
7 60
23 118
114 80
42 53
120 74
24 82
36 42
118 86
81 31
16 59
99 55
9 32
63 51
82 82
51 39
108 38
17 88
65 17
31 19
50 2
46 4
83 118
36 9
71 112
88 35
108 50
38 80
92 37
35 92
73 111
78 117
32 10
22 13
80 110
57 19
33 116
3 105
85 42
103 99
79 70
50 50
34 53
117 20
36 28
29 66
109 94
32 22
91 36
48 59
4 72
98 36
82 27
66 17
98 47
22 48
58 91
110 4
54 91
11 94
100 7
24 41
85 98
65 4
98 63
117 87
85 16
63 39
105 56
76 118
62 35
45 33
56 21
21 73
83 108
60 71
77 68
58 113
80 32
119 75
12 54
112 83
60 106
59 106
98 35
6 112
34 27
72 85
74 36
82 17
10 41
73 42
56 38
103 43
89 15
7 31
3 106
3 93
109 48
29 23
57 112
98 25
115 86
65 26
95 97
87 18
66 51
82 64
119 32
13 52
30 78
120 68
112 42
78 30
37 69
9 96
25 82
108 43
9 39
27 46
63 46
91 17
71 21
86 42
94 83
74 64
14 7
120 7
46 31
69 9
76 82
96 59
66 31
100 29
15 73
95 14
56 105
81 78
71 39
56 94
103 93
110 7
63 35
6 33
106 89
92 35
71 3
76 18
8 62
2 35
71 20
119 116
104 57
55 57
119 97
9 68
72 105
110 75
8 58
44 20
74 70
43 61
6 46
44 24
99 120
12 90
16 21
17 68
101 83
101 65
60 58
66 79
36 27
88 9
95 112
107 6
78 24
34 75
112 100
20 81
33 118
31 36
10 37
109 98
41 113
17 77
79 28
29 43
20 108
83 98
106 30
119 59
115 65
11 67
97 114
50 51
65 10
6 103
9 73
44 112
20 85
68 39
100 31
91 78
83 41
10 111
37 68
50 109
76 12
103 46
39 97
108 57
105 36
42 96
41 3
71 3
104 16
2 57
74 83
3 28
40 13
68 103
95 3
87 34
69 40
57 14
3 4
53 105
107 10
40 95
25 60
110 45
105 55
45 72
36 80
33 94
33 89
75 60
51 8
86 87
73 30
118 104
9 106
87 66
53 88
109 27
2 52
43 55
8 51
34 98
108 5
12 9
47 103
28 69
46 115
16 80
38 41
36 66
94 44
48 86
74 57
59 110
107 74
84 5
68 40
24 30
111 1
31 95
45 66
25 44
54 50
97 46
76 3
71 107
108 3
1 2
40 3
93 39
108 88
110 81
89 64
42 117
20 77
100 30
81 89
58 54
66 16
96 15
91 46
18 96
93 15
51 28
118 25
48 79
58 87
108 61
7 38
3 87
85 4
85 105
23 38
60 62
83 114
119 30
28 106
103 96
26 47
4 84
4 104
105 100
17 55
14 21
120 52
20 108
29 50
24 47
105 80
119 66
6 73
56 63
56 119
19 24
104 54
92 63
10 89
10 38
82 44
43 8
52 70
13 112
6 67
23 3
6 2
60 102
88 78
14 82
90 69
102 31
90 77
116 118
100 49
33 82
108 104
114 65
94 105
1 50
83 65
67 85
97 11
70 58
2 82
61 102
36 82
88 72
11 120
92 14
34 35
73 99
51 28
94 59
21 17
113 7
15 15
78 49
95 46
105 96
8 41
49 109
99 118
9 79
79 66
71 120
13 19
103 106
71 73
63 112
28 45
30 52
8 99
8 33
40 33
106 87
19 48
81 113
108 108
22 14
107 17
56 71
77 28
96 11
103 120
4 63
49 105
45 82
30 3
54 31
107 10
49 13
84 112
52 86
104 40
102 44
76 33
52 75
19 60
92 29
56 48
48 7
119 65
76 9
12 86
23 78
27 29
40 50
75 23
39 82
95 108
34 67
48 90
75 115
29 50
5 40
61 11
46 56
5 38
91 107
35 111
71 107
110 70
97 6
92 24
106 13
108 78
9 110
46 101
119 65
30 16
19 47
7 96
26 83
52 33
69 72
117 54
49 9
106 79
116 8
115 21
97 55
19 2
7 72
92 13
41 90
9 84
82 115
61 29
62 65
89 3
82 63
20 99
94 98
5 114
61 15
92 73
28 116
105 60
33 30
11 58
113 113
3 41
30 60
47 120
60 35
9 117
101 75
106 49
73 26
32 41
6 107
66 41
72 4
116 108
6 46
56 10
89 43
118 60
113 106
83 2
62 113
98 101
59 63
55 43
47 10
67 96
116 62
109 120
43 49
16 86
91 118
2 4
103 73
68 51
59 34
54 19
21 98
49 17
83 54
98 71
11 48
43 118
86 26
6 22
36 107
74 2
79 44
40 7
40 64
36 44
43 14
37 37
111 12
57 77
80 84
2 56
89 73
2 8
25 21
57 51
109 117
24 57
23 4
50 78
36 72
90 99
82 105
47 8
54 44
39 14
58 99
43 13
99 59
68 78
54 41
44 32
105 35
89 51
14 35
46 43
51 113
2 79
117 56
67 38
94 120
22 110
70 108
73 3
53 41
15 36
27 93
30 65
112 72
84 21
57 20
90 39
113 49
6 95
70 56
20 11
75 77
87 60
12 14
84 108
66 78
77 76
33 36
6 36
69 75
102 32
3 115
70 110
64 100
51 107
26 22
101 6
67 79
116 17
94 44
28 31
51 4
88 22
86 45
12 13
94 30
105 79
3 7
89 42
80 79
54 14
115 83
16 43
21 15
18 85
48 110
38 71
13 83
48 63
51 1
92 99
34 81
23 99
64 15
109 81
71 28
35 6
91 53
8 29
61 29
68 112
118 78
62 19
76 5
60 100
40 119
97 64
112 57
19 6
60 104
16 52
117 78
41 58
4 97
87 92
1 29
86 3
20 107
29 51
74 91
76 88
63 56
88 108
75 86
5 98
102 20
95 68
68 72
44 72
94 52
28 60
70 25
50 99
116 94
41 48
83 41
106 51
119 51
83 25
98 44
86 5
20 27
60 36
7 54
56 59
104 99
85 95
3 93
26 86
37 57
93 72
99 67
73 36
49 5
104 52
116 13
46 55
78 40
103 20
108 115
8 8
119 62
13 109
43 69
97 67
79 13
78 43
86 54
19 33
92 56
49 113
56 79
36 20
35 80
57 30
62 7
68 91
97 72
110 27
81 79
31 26
35 55
6 40
53 39
52 55
71 20
77 24
54 107
81 45
21 21
58 34
92 45
11 41
104 40
28 104
54 56
89 15
109 84
53 24
98 107
100 37
73 77
73 29
117 43
43 35
84 103
80 118
73 120
107 11
70 53
117 32
95 59
68 53
79 118
49 72
83 44
102 30
19 65
6 41
61 72
57 101
82 15
17 22
1 111
74 35
84 21
12 114
28 26
2 69
10 35
33 103
108 80
113 43
28 106
102 37
53 50
51 8
71 29
25 108
58 76
89 21
10 72
22 21
20 104
14 25
48 27
117 4
89 55
25 83
113 69
83 97
9 31
107 107
91 68
109 69
37 6
92 118
33 28
115 73
7 27
5 3
97 102
103 89
44 88
37 23
83 86
115 56
74 8
3 60
82 30
10 107
83 14
72 63
37 44
80 62
33 91
9 113
96 118
44 48
73 57
39 110
3 110
76 1
49 40
47 32
6 104
53 87
58 22
84 35
61 106
22 51
79 59
73 40
21 26
76 30
94 60
101 33
37 9
61 116
8 119
116 53
118 44
67 37
37 56
11 55
25 51
111 8
48 12
71 58
55 96
20 114
3 109
20 81
3 115
67 99
41 97
11 78
19 98
92 34
32 110
17 63
120 117
105 47
40 101
7 48
44 36
111 55
55 105
34 66
81 27
57 73
20 38
52 108
63 25
41 114
94 28
9 52
63 61
94 34
41 120
68 59
88 33
18 114
12 101
74 18
97 102
17 117
61 89
16 26
92 27
7 17
30 2
65 54
70 104
88 75
22 105
81 95
74 32
61 82
45 115
91 1
37 115
26 13
109 35
112 104
57 91
11 58
49 28
49 21
64 24
69 118
90 108
62 3
86 113
54 85
71 42
49 56
15 12
40 67
82 114
51 112
110 67
112 77
64 67
23 116
87 82
118 10
89 82
42 19
95 33
28 67
87 51
74 109
38 77
42 4
82 46
14 22
64 108
84 17
46 120
15 105
32 89
17 68
100 99
103 86
99 24
49 44
100 105
69 95
112 54
56 114
75 45
113 61
74 18
21 116
7 32
83 63
103 21
78 40
13 98
65 93
37 3
79 60
103 83
82 48
52 65
49 10
66 102
27 84
94 88
106 79
120 3
88 70
29 68
8 107
78 107
62 101
25 10
69 79
32 17
3 35
1 7
4 107
52 47
62 39
65 96
21 7
20 49
27 67
22 42
94 69
114 62
47 119
99 61
28 12
81 63
16 79
19 99
68 110
48 39
98 83
106 44
33 80
36 92
67 90
70 92
12 23
103 120
117 67
19 85
13 40
2 66
119 26
21 79
90 39
3 107
35 36
65 34
95 72
43 63
81 63
38 50
83 77
87 112
78 52
76 73
67 72
43 44
120 8
105 113
2 79
97 21
2 105
57 4
34 6
40 24
97 112
88 45
68 7
110 38
33 115
75 51
58 40
71 51
77 61
10 33
60 52
55 57
93 30
72 12
31 57
4 58
23 108
30 77
60 61
39 107
9 76
37 27
86 56
86 1
94 82
98 6
9 89
118 17
22 110
51 67
90 83
92 75
64 109
100 32
2 60
89 22
58 82
48 44
89 12
29 21
110 16
81 83
108 2
28 80
53 109
66 42
5 19
94 2
70 105
20 16
16 2
68 41
33 83
114 41
104 102
85 42
5 26
108 53
78 83
82 79
57 73
56 102
88 12
98 101
58 95
8 116
15 104
73 107
61 62
8 4
33 89
17 41
23 89
21 86
23 91
98 10
67 4
4 90
108 15
65 97
45 45
23 23
4 30
53 27
103 70
42 43
109 61
22 54
9 34
49 67
53 56
55 49
33 50
10 115
98 80
46 93
75 26
60 115
59 91
91 93
59 90
12 83
3 69
40 25
73 105
97 62
78 84
22 80
87 26
11 19
15 87
53 2
45 117
120 26
58 36
66 12
21 8
78 71
24 56
100 111
11 86
109 89
90 87
41 120
56 21
41 37
14 18
26 27
5 34
44 100
52 119
82 55
28 118
79 19
22 97
7 93
57 81
37 88
119 84
19 120
90 41
28 38
2 3
116 105
24 32
105 54
3 70
35 6
117 77
81 84
108 96
96 79
100 111
47 31
93 109
75 40
42 101
49 119
52 85
109 87
37 38
59 70
9 88
91 61
92 111
15 69
23 74
68 5
112 118
60 10
59 27
96 39
71 28
5 87
110 82
68 108
4 38
105 39
35 97
12 88
113 36
1 72
45 36
14 111
92 42
98 82
104 118
92 101
68 68
50 10
92 100
81 40
21 3
30 37
11 13
56 46
101 47
90 78
65 108
85 3
58 101
79 60
39 119
14 21
89 47
104 85
9 83
53 32
57 119
22 109
90 95
19 99
108 67
42 73
96 2
103 39
107 76
55 90
18 13
73 35
76 43
34 84
93 11
84 57
67 106
92 67
120 108
14 4
93 75
73 33
64 89
93 30
99 22
28 84
54 33
37 65
34 8
24 78
99 7
98 90
89 100
114 37
44 104
79 86
91 50
40 78
69 29
46 89
34 35
21 74
108 14
104 119
45 26
78 88
49 53
8 61
3 52
117 75
2 67
16 56
43 111
93 75
10 117
15 81
99 28
103 114
48 26
97 3
37 24
82 20
68 98
62 47
90 36
115 85
88 9
12 56
104 23
106 40
60 117
65 109
78 61
114 22
29 27
116 80
87 23
44 48
59 73
74 49
102 93
64 46
37 100
81 115
67 85
119 100
26 8
64 119
81 47
96 47
64 115
1 6
47 77
39 52
112 30
106 89
35 23
81 59
72 67
78 15
69 22
19 22
53 32
40 53
19 117
86 11
113 61
120 29
22 108
106 32
58 44
113 87
95 4
111 91
68 24
32 38
77 113
22 11
28 2
77 40
88 109
112 46
112 24
37 26
98 8
49 13
116 27
75 84
89 26
120 43
17 114
52 9
11 76
40 8
106 82
9 15
3 10
74 119
112 90
76 77
52 31
17 107
103 57
75 57
98 10
117 51
31 62
51 115
22 32
101 109
108 89
34 64
28 9
92 95
24 56
81 86
101 37
97 26
38 39
114 34
117 26
57 71
22 30
77 106
47 76
46 35
39 35
7 42
22 104
117 9
47 105
67 40
49 3
66 16
20 62
25 34
12 72
77 54
3 103
92 66
83 3
26 98
45 118
3 88
19 10
2 47
107 109
29 67
45 113
105 64
3 41
29 51
98 97
109 27
95 120
12 42
106 66
70 94
82 56
16 58
57 9
63 84
106 15
51 43
91 2
62 115
104 67
82 24
50 39
37 96
18 65
67 92
105 88
54 77
79 13
110 49
28 9
85 10
74 105
59 50
61 71
48 98
107 49
6 95
3 66
53 30
22 92
33 26
102 119
14 116
78 59
64 81
58 11
110 77
52 22
41 2
76 105
89 98
102 120
46 116
95 92
76 117
87 48
20 96
15 46
104 84
64 6
51 59
43 91
29 2
19 70
34 90
83 15
70 51
60 73
83 101
14 92
79 64
87 9
99 39
52 60
92 68
94 109
72 95
54 36
57 53
1 41
53 6
120 8
109 47
53 62
92 96
73 52
32 62
105 86
118 76
68 51
1 96
111 97
56 73
18 16
114 60
41 81
12 10
61 105
52 23
13 9
45 109
36 118
84 113
109 31
96 54
111 104
89 67
15 77
97 107
71 115
2 96
87 99
118 103
67 77
67 76
108 2
16 101
29 68
116 69
117 104
22 51
115 47
26 87
20 117
101 46
116 110
19 57
85 79
12 89
90 120
63 99
38 118
59 51
108 33
88 27
36 83
31 96
120 79
41 4
95 98
66 37
47 97
85 36
85 24
51 85
64 90
113 45
23 16
67 112
76 105
81 39
30 8
13 9
15 119
8 107
31 35
106 29
72 32
81 10
92 16
20 80
30 85
9 26
40 89
17 104
28 31
9 32
36 5
40 38
92 24
79 96
80 103
4 57
115 79
7 79
38 21
50 44
76 49
7 105
57 9
9 90
9 113
62 18
76 117
34 108
47 12
68 15
109 82
28 2
55 110
51 27
67 16
38 54
107 68
55 108
35 81
107 69
37 84
25 83
67 66
46 73
110 48
45 39
96 44
39 117
10 84
65 76
94 51
21 44
38 103
92 12
109 63
108 77
56 60
13 14
70 27
9 85
93 49
108 83
24 116
59 10
94 68
58 38
15 76
22 18
60 10
31 11
20 86
88 23
101 9
91 1
26 29
56 85
87 75
55 71
37 96
89 87
15 99
81 101
88 49
50 55
64 32
110 119
98 40
67 63
58 13
44 102
41 55
73 107
47 84
96 96
17 61
22 88
108 50
28 98
100 70
7 58
28 54
20 90
26 108
39 90
57 63
84 91
111 27
93 14
112 94
74 49
51 43
34 72
4 76
58 68
14 12
102 40
96 67
70 71
97 70
32 77
74 21
109 9
31 93
99 96
3 104
47 76
55 43
89 33
50 12
83 52
20 38
14 76
117 90
103 46
65 40
114 5
10 31
14 70
55 80
82 68
105 10
57 37
25 114
70 15
67 93
37 101
33 51
102 97
82 25
16 31
1 77
84 79
82 120
68 22
2 16
29 42
58 79
4 81
63 19
54 110
73 53
77 37
55 64
79 36
65 22
34 21
40 21
53 112
50 54
56 93
112 76
4 28
20 12
115 46
31 19
74 33
54 98
49 11
96 53
48 83
2 34
23 119
49 1
1 14
64 97
10 60
20 53
77 29
87 24
68 57
8 31
86 37
72 103
8 73
84 111
80 23
70 85
47 103
18 116
19 90
118 46
41 61
79 100
13 88
21 48
52 107
84 82
77 46
23 37
104 55
40 26
94 87
61 65
64 35
81 27
12 40
84 8
90 89
17 73
52 33
100 115
3 83
77 85
98 65
8 81
75 5
24 42
85 21
49 53
72 59
10 82
27 75
28 98
59 82
3 95
43 27
118 120
2 68
26 90
71 92
96 79
93 19
10 11
91 12
59 53
113 62
41 83
14 94
77 11
75 34
46 116
67 105
119 33
86 46
99 96
75 58
115 94
42 90
42 6
93 48
119 42
77 26
1 87
5 4
98 2
9 111
16 82
5 88
40 19
26 37
1 40
80 59
91 83
74 98
1 97
21 36
46 49
12 68
85 108
81 29
116 8
2 88
63 65
34 39
80 117
76 48
8 33
6 2
31 11
19 20
114 30
40 98
30 56
5 24
22 43
114 116
2 29
98 53
56 30
14 11
36 113
78 119
105 110
44 5
3 47
9 50
78 61
92 85
11 34
62 96
115 108
8 29
52 72
65 102
112 113
53 89
31 3
98 119
34 40
31 3
93 22
108 17
6 114
76 71
13 92
52 58
106 29
27 85
88 78
112 73
110 39
73 91
75 60
48 35
89 108
99 32
77 112
100 31
73 118
25 65
95 95
18 78
2 48
38 49
31 78
21 92
81 53
115 12
15 29
8 18
86 45
77 54
30 15
115 13
51 55
24 52
112 120
22 98
42 28
82 36
54 17
102 46
109 3
40 37
45 84
85 108
90 67
81 46
86 19
82 36
101 9
17 110
4 61
56 115
115 63
52 92
48 42
44 32
102 4
114 99
61 85
73 49
82 3
69 107
66 109
111 67
109 31
5 102
96 35
61 103
25 35
85 101
77 101
50 117
13 88
90 38
75 38
85 22
48 70
117 51
86 53
43 50
43 44
40 110
4 45
10 5
19 1
51 95
20 77
72 39
45 36
57 20
72 117
4 11
31 84
4 14
77 69
24 55
22 82
99 93
11 21
22 55
63 96
33 14
32 72
63 34
120 97
64 1
77 30
5 53
25 47
9 109
57 59
111 116
46 74
62 78
106 104
79 87
83 47
97 114
65 98
51 36
94 118
88 50
83 119
49 23
115 79
102 111
6 88
65 62
90 2
21 37
102 67
72 60
45 55
16 80
27 13
55 84
16 30
107 100
47 8
105 2
116 23
26 111
105 40
7 64
12 30
58 120
43 65
105 5
57 94
101 4
7 118
62 9
42 86
85 55
45 10
95 85
30 99
44 53
20 12
72 66
103 29
40 116
59 53
19 43
100 61
47 10
116 11
3 31
14 100
73 115
55 43
101 5
46 84
71 5
26 74
66 83
51 94
106 71
20 34
115 28
76 111
8 3
117 100
11 46
119 95
14 7
1 28
105 94
47 116
12 57
62 119
43 9
63 68
25 67
108 39
94 61
113 82
40 107
44 18
40 61
38 9
39 78
4 74
44 93
29 12
71 79
9 89
7 103
20 60
80 34
16 80
44 106
45 30
34 45
10 47
94 89
13 39
86 32
70 53
72 119
108 109
103 17
18 108
67 1
104 4
10 39
77 64
7 49
59 71
79 3
49 70
73 50
19 24
7 71
1 77
26 26
78 63
115 10
88 62
41 91
106 108
29 94
46 116
15 7
92 73
38 2
36 113
49 89
69 120
75 116
25 105
106 52
60 4
57 68
24 88
42 4
69 112
1 26
14 82
9 18
40 60
56 118
39 116
84 57
73 35
106 52
51 5
4 115
52 22
52 55
74 89
29 113
40 26
16 21
70 102
3 81
60 65
47 93
117 17
60 110
31 24
28 21
25 7
91 37
12 31
14 52
86 75
12 106
64 44
106 29
77 22
63 90
72 91
114 20
76 103
8 79
51 3
42 99
6 119
54 81
3 34
111 36
98 1
16 29
103 71
59 66
36 79
93 10
14 33
109 43
118 66
9 26
53 56
44 43
54 109
69 76
35 62
77 72
65 88
42 107
97 31
78 64
57 15
54 94
59 77
3 81
73 75
81 3
12 46
112 77
38 68
46 114
120 34
100 39
70 16
33 117
116 72
33 120
108 77
89 104
52 6
20 109
101 16
37 38
95 34
108 35
99 99
109 74
99 55
116 11
72 38
95 73
13 83
67 117
43 80
61 22
55 6
100 42
33 36
11 105
59 35
116 80
29 29
69 70
66 110
105 59
95 20
107 4
50 36
74 90
42 86
9 28
107 3
65 102
22 22
114 43
10 8
41 55
118 62
68 64
39 23
40 77
75 40
66 38
74 24
50 102
53 83
22 82
25 96
20 90
76 38
70 21
101 21
74 67
62 102
119 6
63 115
31 76
61 86
104 73
102 101
35 58
21 99
42 30
57 13
11 98
2 3
86 91
28 30
111 67
106 111
93 41
66 107
59 52
49 37
33 109
76 117
101 35
19 114
119 89
35 87
8 46
22 50
80 70
24 104
24 115
50 64
77 60
5 70
116 59
66 114
64 74
2 104
46 110
115 46
41 34
104 13
35 71
43 78
84 96
48 103
116 26
40 38
79 47
84 40
47 82
9 71
12 109
43 69
2 114
98 64
86 10
59 98
45 107
35 77
113 10
18 43
87 85
63 78
118 90
101 38
29 81
32 36
64 119
82 70
60 84
104 8
80 76
23 53
18 4
108 41
107 35
45 38
94 69
89 119
11 43
75 49
93 75
50 63
7 45
108 21
71 8
3 74
104 118
108 61
34 9
72 26
58 93
105 66
71 62
108 90
110 94
67 64
94 50
2 77
32 57
79 96
49 37
85 55
120 61
35 119
41 82
9 25
1 85
78 17
66 97
87 108
117 62
6 102
57 40
62 5
6 100
86 12
85 37
101 75
51 105
114 55
39 47
61 83
25 46
45 42
75 2
33 27
42 111
20 24
118 1
61 56
43 90
58 25
49 117
111 78
72 75
92 109
107 5
109 117
6 110
34 63
95 74
107 101
93 99
1 53
49 87
23 111
45 58
103 7
75 31
75 75
86 79
24 65
87 21
118 61
4 73
62 57
52 49
38 71
47 34
87 82
70 18
49 31
62 30
30 75
61 79
27 53
89 53
10 48
37 62
77 92
6 12
92 7
14 69
77 69
62 83
21 97
14 91
19 104
66 51
96 67
94 77
51 27
103 119
99 37
76 16
101 45
106 104
44 28
114 89
11 48
89 45
81 17
35 43
26 54
28 61
58 45
75 10
63 95
87 33
59 66
117 108
13 42
98 62
115 97
50 70
91 80
79 116
17 28
47 108
18 3
64 58
41 59
45 24
19 38
87 7
103 13
20 95
114 36
78 22
38 22
56 7
6 15
7 38
110 55
67 119
110 49
81 80
54 97
93 16
68 9
41 107
16 51
41 43
70 68
54 51
67 81
114 93
90 116
9 43
49 73
96 55
78 63
90 57
27 56
3 113
109 68
75 24
61 25
100 21
52 45
93 65
113 61
108 54
116 29
114 37
70 68
62 80
58 108
15 8
33 45
44 28
57 91
72 86
40 20
56 119
64 30
39 68
70 53
12 57
58 38
63 90
90 31
90 2
75 6
24 77
113 36
95 62
120 11
41 28
27 33
63 22
87 27
73 1
64 86
82 80
34 91
1 40
101 113
72 51
2 26
54 89
19 75
53 23
94 85
41 38
63 42
50 119
23 80
95 13
91 72
57 96
71 63
15 98
95 112
116 91
74 28
41 80
102 42
108 48
61 11
15 53
116 1
74 40
57 15
80 34
72 82
89 11
66 104
10 44
42 32
108 46
66 11
93 33
57 118
45 27
49 19
30 38
16 32
65 101
114 59
27 17
45 42
97 9
118 71
18 14
72 116
83 25
44 81
94 115
118 78
111 44
40 83
12 74
16 4
115 8
22 12
10 94
48 86
63 90
68 93
26 30
9 85
88 46
74 60
54 42
91 67
45 19
72 47
83 49
113 48
103 81
114 76
2 77
69 109
71 15
106 19
19 109
46 4
72 107
41 25
78 114
69 67
82 99
40 11
39 107
69 70
26 42
6 43
55 63
23 86
64 111
11 6
25 110
112 24
100 82
100 83
3 82
57 46
90 58
34 63
86 88
80 17
87 98
75 3
58 37
65 30
91 92
13 92
70 76
110 65
57 116
17 22
87 119
106 118
29 16
65 57
79 10
93 38
82 112
27 90
3 99
7 97
96 32
30 70
84 65
77 27
83 97
62 55
68 54
74 15
5 63
18 8
77 26
83 16
112 43
28 40
52 51
113 28
111 106
28 85
71 87
94 79
63 52
69 56
10 41
76 87
74 10
107 47
105 81
73 88
78 26
81 31
58 111
41 9
36 24
33 82
44 73
81 104
34 31
90 97
13 4
8 34
87 74
54 30
8 120
83 41
10 100
45 3
99 29
110 70
116 100
112 32
54 5
5 56
95 87
84 110
81 13
14 26
44 19
89 83
79 4
39 11
108 82
114 7
106 7
87 3
36 19
74 98
88 30
22 43
71 63
29 115
117 13
19 107
34 99
53 117
2 105
96 5
67 43
93 104
100 96
49 78
15 24
108 94
42 96
89 97
43 66
36 85
99 92
62 86
10 14
116 17
7 67
22 120
11 23
50 50
119 5
32 6
81 66
115 11
1 110
95 87
105 21
49 36
57 25
85 19
74 41
43 63
46 51
21 6
99 3
63 40
109 101
60 106
109 118
102 93
113 49
55 44
88 15
7 45
54 59
104 115
14 59
109 27
104 111
64 5
6 82
73 102
86 14
33 90
105 91
10 44
4 45
30 34
32 60
89 48
55 18
119 120
60 49
49 23
101 69
75 48
50 23
52 39
3 69
1 115
116 17
34 97
6 52
52 75
68 15
6 94
61 46
46 5
77 119
34 108
50 108
108 52
83 21
115 14
90 105
93 32
41 39
45 2
43 116
80 38
63 57
100 93
93 17
74 75
86 18
117 112
41 46
33 34
10 22
100 77
87 19
98 74
112 66
72 66
4 38
84 7
54 15
101 38
1 8
76 110
71 74
52 93
48 93
101 74
41 65
70 116
50 79
99 55
41 29
81 60
63 24
11 94
25 80
20 21
114 30
102 44
73 41
6 25
59 49
7 69
42 46
45 119
108 75
35 33
75 44
66 54
81 70
91 99
115 39
3 33
97 83
85 89
109 117
7 37
3 111
24 7
74 36
9 89
46 91
41 119
44 102
47 22
87 9
79 19
117 30
89 97
30 100
46 90
28 62
104 50
75 6
38 56
11 109
40 44
80 96
89 87
88 13
111 82
65 30
112 71
47 50
45 24
50 82
97 112
40 119
1 23
60 13
35 6
13 56
77 101
62 89
109 1
34 10
56 105
95 18
77 64
72 26
43 40
33 108
40 111
61 111
46 36
11 58
32 44
73 60
43 73
15 77
49 36
50 110
83 33
91 32
81 80
72 20
111 112
32 83
7 69
66 75
42 87
16 106
8 107
114 40
88 118
96 105
38 31
29 81
86 67
32 120
104 13
98 94
64 70
35 74
99 58
17 30
12 37
33 6
28 81
19 87
63 12
113 7
3 79
95 26
97 31
83 21
91 22
38 18
46 44
98 70
93 41
8 70
57 88
110 116
51 30
53 20
93 108
1 82
24 85
32 28
94 112
40 4
25 42
86 18
55 15
60 15
26 30
87 93
9 35
65 78
38 5
30 55
120 30
48 51
57 39
75 14
89 7
45 39
91 45
80 59
12 43
61 13
13 89
89 110
44 31
93 84
30 108
26 40
46 85
55 43
78 37
31 62
73 12
72 57
36 30
30 37
28 93
69 110
51 95
68 51
84 10
40 37
63 6
85 79
60 111
120 55
80 51
72 46
58 111
65 108
114 55
107 5
92 65
1 103
103 28
22 32
58 29
30 52
33 14
58 16
50 107
91 60
10 97
21 50
39 21
58 6
45 93
117 24
86 31
74 1
33 38
42 26
55 39
71 58
101 32
25 92
17 7
101 30
71 5
13 57
62 101
56 52
111 19
85 119
57 1
45 64
68 18
118 8
97 26
21 53
5 103
96 50
115 35
9 82
25 64
42 18
5 57
83 65
43 76
74 7
87 115
30 82
90 117
94 89
120 26
14 110
5 49
105 14
4 54
86 119
60 39
15 27
115 28
61 77
111 115
101 5
68 42
98 44
92 78
37 64
100 38
115 67
95 72
64 120
114 73
15 64
95 33
74 8
55 91
3 53
77 56
87 37
10 119
21 65
78 21
50 112
120 91
3 3
67 46
14 74
102 93
28 17
14 28
56 55
67 50
85 84
25 31
74 34
89 18
36 91
20 109
47 115
59 106
93 115
41 15
12 25
109 117
41 66
63 70
13 71
7 80
91 61
26 1
9 92
68 87
15 1
118 50
57 57
63 27
111 46
41 117
43 48
68 115
112 103
32 55
108 103
76 95
94 19
28 45
96 24
90 2
114 66
80 74
60 89
56 109
93 29
86 59
101 81
63 57
52 22
41 76
106 46
51 80
11 31
47 12
59 13
54 54
31 60
44 21
106 102
76 24
20 40
81 109
38 109
7 38
115 109
14 47
21 116
39 63
6 117
9 56
79 105
27 11
25 9
76 42
73 40
80 34
49 84
31 75
47 95
97 61
68 78
82 92
66 105
36 17
42 55
69 111
56 73
69 45
97 110
8 106
10 49
72 22
111 18
46 98
111 50
18 14
61 59
12 97
62 14
4 29
46 55
16 60
51 8
71 9
21 114
85 65
81 5
110 61
115 98
16 97
54 19
108 118
10 119
73 71
114 13
74 79
96 47
5 85
71 19
119 60
40 108
24 115
114 3
115 39
61 12
111 115
77 93
41 65
63 59
55 45
33 23
30 13
6 51
46 14
86 89
91 57
106 120
112 4
1 15
74 1
41 51
1 35
110 44
5 11
77 94
76 40
60 56
33 52
75 96
83 103
114 90
2 104
12 83
25 41
58 78
52 117
97 100
70 100
7 19
109 97
29 4
72 119
85 98
27 6
2 44
37 107
3 95
40 42
88 80
24 75
106 26
69 116
34 102
100 96
22 78
65 33
40 51
82 60
56 27
20 61
89 50
84 34
15 53
112 55
117 58
14 79
109 35
68 40
83 50
63 89
58 17
36 5
8 113
27 50
93 1
84 103
80 70
97 115
73 58
13 88
33 115
117 76
92 88
82 4
79 85
75 39
67 117
38 60
94 5
11 68
28 58
23 101
9 42
6 16
48 29
14 94
61 48
54 45
41 10
107 91
93 82
54 69
89 95
44 42
8 114
66 2
118 57
26 2
38 34
114 112
86 57
79 91
92 38
119 65
61 45
81 51
57 6
106 29
93 68
2 67
23 44
68 24
87 109
6 62
50 37
69 93
103 78
93 84
60 12
90 108
21 20
21 5
88 87
37 33
60 97
109 23
66 46
38 45
37 67
114 36
43 51
78 107
37 21
24 60
115 119
94 119
98 62
17 59
14 36
104 45
86 74
17 5
24 59
39 42
60 104
24 105
110 55
108 65
11 61
114 112
97 106
53 70
61 17
43 34
53 100
18 17
85 10
92 26
99 46
60 67
6 17
45 18
119 30
67 116
65 115
69 8
5 117
61 10
109 25
87 88
26 108
71 15
16 54
56 90
109 37
91 83
28 110
102 18
91 96
61 14
116 24
102 39
75 105
65 25
67 75
77 118
44 101
67 23
105 88
84 51
98 34
61 9
85 67
110 76
29 14
87 36
48 4
88 81
115 79
56 16
95 106
111 85
15 47
82 111
61 23
75 32
78 6
116 31
119 36
58 35
100 11
46 105
113 76
86 81
42 32
37 86
32 104
35 118
23 1
102 3
63 48
72 34
9 68
57 48
23 48
13 29
51 91
5 37
85 6
36 9
40 30
65 111
94 92
77 33
7 75
34 16
100 120
52 19
3 18
50 2
64 63
85 38
72 113
17 81
91 103
14 28
54 94
106 46
77 3
23 16
24 35
116 41
49 37
78 104
44 32
34 77
34 108
103 78
56 78
24 9
25 113
102 41
77 26
51 112
58 46
88 6
54 102
28 66
10 87
120 24
87 81
25 82
56 44
39 26
72 107
7 39
69 36
55 97
119 7
13 117
71 25
4 60
25 4
39 115
76 10
56 106
60 108
117 2
68 69
25 74
72 8
70 29
46 23
4 29
113 113
82 33
19 11
83 102
60 66
29 69
96 42
113 14
21 105
74 93
80 55
86 9
103 72
108 120
2 16
104 43
109 117
29 10
58 34
22 21
92 69
73 57
86 29
59 112
119 59
118 82
5 106
48 35
35 94
105 84
97 37
16 2
21 74
90 120
16 96
3 4
84 68
5 117
11 88
13 67
4 66
36 98
82 86
61 118
88 82
42 116
90 110
63 60
116 11
81 28
74 41
54 78
116 110
45 1
66 77
55 80
98 101
13 110
77 25
79 73
66 28
115 9
103 72
22 25
69 20
74 17
32 69
74 2
107 16
101 32
76 46
91 117
117 4
111 88
24 46
82 98
2 57
103 90
19 12
51 98
80 25
4 91
116 87
12 1
5 12
40 17
77 115
96 25
44 77
47 17
108 7
60 14
46 116
106 58
91 97
64 48
14 117
47 19
15 11
35 54
68 23
91 109
40 21
73 23
52 62
66 71
64 58
115 8
84 21
80 20
43 97
119 101
85 27
25 14
117 41
73 76
57 97
90 116
50 112
94 71
119 82
108 24
95 24
69 113
16 119
84 59
108 60
113 7
82 103
78 101
120 66
55 71
103 7
92 7
71 68
2 18
23 29
20 59
109 25
14 80
38 4
4 19
114 94
20 50
118 54
8 5
41 44
66 4
29 66
11 7
80 52
82 37
69 70
24 43
64 85
37 82
95 56
55 35
40 100
44 76
118 60
32 12
45 49
57 27
115 13
30 17
49 94
33 94
54 77
94 96
16 46
34 92
12 13
21 80
69 32
59 32
85 59
30 116
59 6
87 48
94 32
27 94
75 22
68 90
111 111
5 30
107 26
66 39
55 68
10 76
6 52
103 23
17 91
6 14
49 92
67 109
110 43
24 31
48 114
63 95
85 80
117 64
99 47
116 36
14 2
100 81
10 22
61 1
120 99
10 55
80 95
100 73
101 107
25 94
63 67
58 97
87 68
83 89
78 117
37 78
26 89
39 51
76 115
39 23
37 104
63 17
27 70
54 108
66 38
116 36
98 112
72 102
94 100
62 36
119 78
95 108
42 110
79 96
22 104
31 25
48 115
5 79
57 24
26 21
80 54
24 113
65 27
33 56
69 106
66 106
75 6
51 7
30 3
18 75
87 92
117 43
41 46
26 77
62 56
98 90
88 103
17 49
84 92
2 29
84 1
52 69
105 46
113 29
74 95
113 64
28 72
8 93
77 113
114 115
13 44
17 61
22 2
37 104
14 90
96 37
7 103
65 50
42 17
96 57
4 10
99 22
50 28
50 1
48 118
68 78
31 72
97 76
95 58
89 71
65 35
75 43
43 12
24 40
14 11
31 68
12 59
49 18
33 16
47 112
90 119
61 29
104 35
82 105
16 65
81 17
25 83
7 16
9 46
15 39
5 76
89 46
80 42
52 53
75 75
17 66
35 54
105 8
106 7
116 95
105 80
72 74
113 10
43 67
23 31
24 48
113 94
26 47
46 41
80 111
2 75
118 78
38 90
115 52
31 59
80 89
4 68
62 14
62 23
101 67
66 69
10 80
18 70
48 6
3 28
108 39
23 42
13 96
24 7
8 10
101 74
49 58
117 74
52 21
62 17
21 62
3 118
25 49
72 89
5 35
85 54
19 22
38 55
88 31
71 82
34 10
35 79
52 12
114 63
88 34
97 11
87 112
22 97
5 12
77 16
86 58
63 90
13 99
94 2
105 73
79 10
26 36
97 49
118 45
21 112
11 66
33 91
29 22
7 62
59 17
48 47
77 11
67 1
5 40
19 13
40 84
92 51
89 114
92 89
4 49
107 10
44 64
77 112
2 74
112 33
102 68
34 50
21 18
90 58
77 2
80 99
97 37
115 116
104 43
8 5
92 8
97 3
112 95
26 33
103 106
93 85
71 83
85 98
22 31
93 117
80 18
1 53
96 9
115 105
6 92
45 2
86 87
99 31
29 45
54 104
103 24
24 72
23 100
32 4
29 74
62 93
82 118
36 54
86 90
54 54
56 36
15 49
86 119
61 25
9 27
87 50
33 105
95 32
35 22
63 8
43 91
3 17
109 108
78 54
10 62
56 21
92 83
57 26
32 91
117 39
46 42
103 29
1 56
37 66
90 93
118 13
110 44
33 54
9 68
54 36
49 109
110 2
12 83
48 3
49 37
70 91
115 100
39 26
33 111
92 28
115 22
78 71
44 115
20 85
13 66
64 51
9 93
28 31
45 59
15 11
16 97
3 11
59 29
10 12
63 23
88 60
80 34
54 90
78 3
36 65
76 55
101 77
86 56
27 10
104 22
96 76
51 9
106 35
107 30
3 49
102 94
74 60
31 63
76 4
9 6
35 29
63 84
19 1
6 53
71 93
110 79
17 19
89 91
29 22
33 12
73 40
21 46
33 48
32 2
60 109
16 89
64 15
86 21
84 43
94 103
59 71
38 57
22 78
3 84
35 84
106 44
14 83
8 102
5 2
110 3
36 4
118 29
93 43
62 79
55 83
11 101
62 58
30 95
86 11
11 48
55 67
55 80
44 3
107 19
18 78
15 27
111 72
80 65
90 12
40 112
109 10
52 33
99 23
61 68
73 77
86 31
51 102
85 40
93 68
70 102
58 11
119 79
77 31
30 32
72 59
116 56
70 59
18 39
87 32
39 87
99 24
90 64
78 49
36 107
116 74
75 53
58 84
8 20
49 56
11 1
100 63
28 78
52 71
46 56
61 119
88 42
50 47
65 95
69 39
119 51
66 22
5 40
55 81
101 87
51 103
66 34
49 116
1 83
16 41
32 71
15 5
100 17
34 81
46 15
21 38
28 33
35 47
81 80
32 101
67 88
107 30
97 56
64 74
80 71
77 99
67 103
26 36
105 118
77 11
36 26
10 58
91 119
20 63
1 20
28 48
18 80
15 109
38 39
11 12
52 46
86 74
34 80
93 29
85 40
86 91
16 118
12 104
23 102
81 47
75 96
26 34
88 81
64 46
4 113
15 82
95 62
106 95
96 113
40 30
118 29
98 3
31 3
88 28
50 31
15 96
15 23
120 119
27 46
11 47
48 118
87 120
87 40
88 29
25 41
18 74
58 53
20 52
67 5
97 105
88 31
85 73
32 95
112 19
76 107
56 12
55 107
13 15
83 93
105 28
105 8
117 45
82 109
55 99
102 66
30 29
107 18
30 106
57 74
3 76
33 57
87 93
37 19
119 54
66 115
21 13
72 38
27 51
72 95
120 91
70 93
107 17
27 51
51 92
15 67
93 9
24 75
59 52
47 31
56 88
83 43
29 10
83 9
24 105
111 90
113 20
25 60
109 25
52 116
72 89
35 51
90 3
12 97
56 37
60 46
32 40
36 36
33 71
20 1
2 40
114 108
56 58
89 97
32 5
24 103
8 9
72 111
50 31
118 49
89 28
7 22
117 6
90 52
71 14
45 99
32 114
83 19
52 9
90 110
89 75
116 98
112 7
46 91
7 91
33 13
38 112
70 99
47 67
100 80
12 113
116 114
20 92
29 4
59 64
93 74
92 78
97 58
77 91
2 67
57 68
42 56
102 86
2 34
16 113
118 117
90 98
10 12
88 59
84 39
109 115
50 80
100 40
14 101
6 52
115 58
49 24
1 8
111 18
20 83
25 2
66 66
62 81
115 118
46 55
14 15
63 44
4 18
110 103
102 15
116 62
2 98
94 50
2 101
37 90
62 101
38 103
69 105
76 75
33 72
70 63
58 44
73 36
100 64
10 31
65 27
2 26
90 25
84 90
61 110
97 63
56 66
25 104
33 91
38 58
65 104
43 6
32 109
120 25
97 80
82 105
37 5
75 36
97 109
20 31
40 22
89 106
50 81
84 38
2 86
111 19
64 63
56 70
71 73
89 37
86 16
68 109
102 35
67 109
3 96
46 66
69 102
54 10
29 108
98 74
73 64
108 94
75 97
34 29
107 34
34 111
31 57
15 35
3 53
57 94
56 88
20 23
23 36
112 118
22 101
25 68
119 27
31 45
44 96
120 88
53 42
95 11
66 82
114 44
29 24
72 60
61 19
101 73
67 11
117 78
31 95
33 98
42 14
8 51
103 41
92 19
38 93
5 95
92 82
48 42
2 66
27 107
58 88
52 87
81 23
110 120
58 116
90 117
114 108
26 70
72 26
48 102
39 2
8 61
66 10
5 42
11 74
72 83
70 40
10 83
104 85
92 19
5 66
96 80
97 100
112 26
89 26
66 30
92 64
116 95
87 86
73 25
28 20
86 38
64 99
22 17
106 9
65 46
87 33
89 117
12 100
91 26
91 73
34 53
73 29
112 54
63 22
22 53
51 15
63 118
76 99
5 56
71 61
76 21
37 84
3 27
93 21
72 7
27 15
95 13
84 30
71 103
95 93
120 3
18 79
46 42
33 101
14 59
8 90
95 82
99 56
67 62
20 85
91 107
91 46
6 110
84 31
112 47
86 65
31 54
90 77
94 107
96 66
88 31
113 97
96 85
120 39
116 92
26 55
84 23
107 27
117 68
85 54
49 117
36 26
1 87
64 8
84 86
88 63
1 104
79 70
104 1
95 47
102 11
51 8
36 101
114 109
103 32
65 7
53 56
33 2
116 112
70 90
94 68
31 3
37 95
43 4
117 67
44 94
70 18
115 62
4 19
29 50
75 86
69 45
42 48
52 23
77 47
85 63
79 76
4 71
85 23
69 96
59 76
113 78
82 25
15 110
105 21
28 60
29 77
31 81
79 96
54 63
35 27
20 22
51 93
44 33
7 45
115 6
16 6
6 10
80 81
104 108
28 2
18 116
110 53
4 53
30 86
9 72
76 105
16 38
111 59
113 103
59 18
51 20
27 61
38 40
9 54
68 118
8 35
38 64
51 68
90 79
113 34
2 104
77 37
110 11
3 18
18 60
87 18
39 59
89 109
94 76
57 25
79 50
22 114
18 10
46 30
22 54
58 120
94 55
99 73
77 120
53 1
103 50
14 77
118 45
17 13
93 34
32 9
64 25
56 40
56 89
60 16
120 118
24 81
76 117
47 61
84 67
56 100
72 99
22 12
21 17
70 41
117 102
63 35
15 99
89 116
34 28
73 38
115 115
113 11
20 72
106 107
19 24
83 69
8 6
82 118
29 50
53 67
32 104
85 109
9 82
16 42
63 97
99 21
119 72
58 52
9 54
82 97
22 101
28 21
7 25
77 65
112 77
47 47
71 56
1 51
55 6
9 76
7 37
83 20
18 32
5 109
103 10
25 5
73 79
21 13
108 29
73 4
3 27
34 62
70 31
101 2
70 47
14 107
9 55
48 96
38 37
28 63
118 63
12 34
9 80
77 2
104 21
62 36
64 63
119 43
4 21
11 33
108 100
30 17
20 90
26 14
19 19
21 83
67 85
1 24
13 52
12 97
39 41
53 29
81 103
38 55
55 64
16 110
17 42
82 51
62 91
37 51
78 27
24 72
24 63
89 11
64 36
104 97
89 39
100 68
117 54
100 111
74 18
77 66
33 26
11 38
5 98
48 119
97 95
77 69
100 19
66 16
79 34
93 88
105 8
7 24
99 46
83 72
96 51
93 45
66 31
97 99
39 4
79 90
85 23
43 35
33 99
100 78
74 48
16 25
21 33
1 102
29 10
115 27
88 69
30 119
58 70
116 75
7 52
107 64
95 35
116 106
67 81
113 99
30 104
11 113
57 78
30 34
29 76
120 61
70 16
45 97
84 18
21 6
104 69
111 108
21 107
52 17
116 24
82 62
109 70
98 79
110 89
114 77
70 21
40 105
32 17
106 4
45 108
120 75
80 33
118 62
114 64
118 1
9 85
40 91
86 32
102 61
83 118
95 15
22 112
55 12
91 86
6 20
110 70
102 111
117 108
25 104
24 118
6 26
98 68
54 71
100 9
84 25
80 16
40 53
61 94
120 18
89 48
37 94
46 83
61 61
10 60
63 109
21 30
100 41
90 92
92 112
107 40
56 30
44 58
41 32
28 72
112 24
61 15
103 36
68 3
97 78
91 52
36 61
45 13
71 94
81 26
73 52
18 31
43 52
4 66
99 13
33 45
13 120
84 76
17 52
72 38
42 103
91 120
70 7
85 21
75 66
55 98
3 26
10 115
68 84
9 43
50 26
33 37
115 51
93 94
78 25
103 24
71 99
67 31
119 9
49 56
76 44
67 81
72 34
72 13
117 22
58 115
53 5
49 33
90 80
42 15
80 58
15 93
47 10
46 15
95 113
116 117
8 95
52 46
118 13
106 1
67 42
37 98
78 34
59 40
119 9
56 6
57 5
81 114
115 30
97 18
75 5
80 113
115 74
48 56
48 86
85 38
25 105
30 53
11 17
53 85
57 51
79 99
28 78
49 93
115 12
100 52
19 66
93 8
9 23
61 71
59 74
84 53
103 34
9 23
9 106
18 93
38 113
104 74
83 3
103 46
60 68
13 80
40 109
102 99
20 39
88 62
1 83
47 71
3 21
15 41
10 36
18 9
13 99
46 92
65 49
30 10
116 73
51 33
66 100
32 20
106 120
59 19
60 99
60 120
28 50
69 47
12 69
94 28
60 3
24 74
113 22
34 113
64 74
52 73
63 110
88 7
29 11
79 19
100 103
77 88
84 44
95 9
28 9
15 20
73 74
85 7
7 47
28 92
92 90
79 118
39 95
84 13
52 7
88 107
3 106
56 77
36 82
66 67
64 72
62 98
99 103
42 11
97 16
78 80
86 22
7 15
80 1
13 37
89 30
115 55
51 112
94 114
68 6
89 90
88 35
19 74
74 41
61 58
56 95
52 103
9 4
13 113
93 2
22 117
82 107
104 78
107 43
84 33
15 89
44 16
46 67
14 40
87 72
99 35
83 110
62 40
53 54
14 58
110 3
74 13
45 107
32 103
47 93
3 106
30 19
2 31
72 110
77 81
42 97
90 68
18 63
8 117
101 68
50 89
28 41
41 87
92 105
117 79
39 3
48 88
75 40
35 73
31 8
60 17
101 73
79 111
19 22
86 118
45 49
27 95
19 69
21 95
50 105
118 65
10 100
100 34
117 88
106 70
86 4
69 40
17 63
117 2
13 23
65 72
22 76
45 105
79 5
90 19
92 34
49 30
9 105
106 49
104 64
113 92
54 45
81 74
29 86
68 4
119 99
29 78
98 95
42 61
7 20
114 104
1 53
118 42
83 49
37 71
74 117
13 96
49 89
100 87
16 82
76 84
51 80
40 108
81 77
102 48
21 29
119 11
120 9
116 13
34 21
103 78
32 86
3 56
93 105
2 30
80 74
5 68
107 60
51 41
58 79
100 81
14 86
20 78
16 48
71 68
33 36
3 21
75 90
33 67
115 92
28 114
97 2
76 31
31 97
78 15
117 32
89 83
28 5
9 30
101 37
81 64
39 40
103 47
50 62
15 52
29 99
55 99
98 60
90 11
3 111
72 7
43 35
78 33
48 71
57 100
119 4
69 53
26 36
90 88
8 116
91 71
4 118
21 98
42 60
11 19
92 22
116 39
21 77
102 111
5 65
11 105
38 60
42 1
8 114
10 63
30 97
14 119
68 83
21 110
113 11
106 115
93 26
53 13
120 78
23 3
22 6
5 16
84 119
35 69
11 2
49 35
106 21
92 88
75 77
49 71
31 97
44 111
60 22
93 38
102 50
37 58
79 34
47 17
87 62
21 29
36 64
59 83
55 35
83 48
58 43
95 49
83 81
79 103
79 69
94 66
66 40
28 119
93 17
66 77
44 42
86 24
48 74
27 31
70 61
29 4
96 96
39 101
64 67
109 120
48 85
113 16
100 81
25 71
7 61
83 64
6 11
52 95
19 21
83 103
120 52
118 48
49 99
28 7
63 95
38 34
59 93
90 30
9 28
115 6
102 42
82 39
109 29
101 20
95 6
36 3
119 72
106 40
99 45
53 96
36 11
80 31
72 28
49 120
51 104
25 50
93 27
103 41
60 87
83 59
88 112
109 32
92 82
109 7
8 44
32 117
69 37
112 1
20 102
108 51
34 85
78 30
118 102
53 9
88 90
105 3
55 41
33 29
64 96
19 94
18 11
102 38
108 29
113 84
84 113
53 41
110 96
3 58
107 17
108 44
42 21
83 15
89 23
112 102
113 118
34 98
14 103
116 14
10 114
44 104
58 93
114 52
90 50
81 80
78 12
44 115
97 118
21 36
15 67
21 88
96 114
33 57
39 19
79 82
69 2
86 120
4 25
27 58
34 64
88 28
49 8
81 51
84 50
83 68
48 53
103 105
76 27
29 18
68 23
29 90
30 87
109 46
34 102
72 95
46 65
47 52
84 26
50 22
76 41
85 15
39 18
20 60
51 38
87 73
76 109
73 4
83 70
112 35
24 77
73 62
50 67
36 25
29 65
58 66
83 66
107 16
8 24
76 43
104 114
8 115
47 10
68 14
46 69
70 25
62 87
66 5
87 11
105 82
95 61
69 24
85 11
108 114
73 52
84 69
5 85
9 108
118 82
104 34
17 78
73 22
91 25
87 56
39 63
16 99
117 59
19 36
100 29
10 117
86 103
92 50
23 51
111 78
41 52
91 75
62 3
60 51
62 55
107 77
25 53
8 114
25 120
56 85
68 21
70 103
83 1
9 78
91 12
93 4
58 101
115 32
77 2
78 43
86 114
118 13
51 23
33 99
71 102
46 20
53 43
96 84
88 107
15 30
59 11
104 23
93 19
73 1
9 70
72 120
94 118
2 109
43 103
25 30
18 4
25 87
106 59
44 12
88 3
86 71
52 97
37 17
68 2
76 81
55 120
68 12
107 101
104 9
103 113
107 66
79 78
35 88
119 76
37 10
41 6
90 61
56 10
56 86
71 35
29 84
35 38
90 71
49 63
17 24
12 16
2 62
41 82
39 86
21 73
115 79
114 3
100 52
50 40
1 111
29 17
48 25
80 96
93 111
52 3
110 50
87 84
100 106
60 1
2 58
77 56
112 44
60 72
114 99
102 2
44 34
42 34
59 10
29 22
8 117
43 118
55 107
88 59
18 9
91 52
120 51
36 100
33 52
79 90
88 87
116 37
105 31
89 15
102 57
101 29
82 111
64 116
18 18
61 82
62 71
94 2
38 114
110 43
26 31
10 51
107 6
63 6
56 46
79 55
4 9
21 36
62 23
25 48
7 106
29 40
112 25
28 44
47 110
82 71
8 44
30 106
110 82
92 55
40 99
75 5
58 79
104 17
34 38
1 13
97 85
54 75
84 82
96 103
49 38
66 58
69 92
89 75
69 69
64 110
75 47
105 94
19 67
15 92
31 61
33 116
113 88
18 49
45 92
37 120
15 46
76 43
6 7
36 79
99 9
50 40
41 119
44 97
47 43
75 115
52 113
29 97
63 3
20 86
6 114
120 69
52 87
42 65
95 113
41 24
7 89
36 29
90 104
1 4
92 96
19 21
102 78
105 79
84 8
112 31
6 36
33 102
60 27
90 11
114 83
31 103
29 21
95 61
102 37
46 85
55 115
67 27
94 81
65 111
60 98
59 9
96 10
107 7
117 87
96 69
33 21
117 113
1 6
99 115
4 11
66 99
114 93
91 7
15 95
16 93
120 105
4 59
27 59
117 21
38 59
114 51
5 31
29 67
11 84
45 36
56 114
61 111
43 97
71 13
73 25
24 115
81 92
17 54
102 33
32 81
82 50
9 16
56 112
64 112
65 67
67 73
74 56
110 47
4 79
3 115
21 95
51 9
60 23
92 87
59 37
18 38
1 107
96 36
113 52
104 16
87 70
93 27
120 111
89 12
11 89
19 12
75 104
40 97
21 22
34 15
1 9
107 43
50 101
22 87
67 67
78 3
106 31
78 80
66 104
85 36
119 115
72 55
106 2
76 106
4 113
54 71
99 28
68 45
6 36
20 21
89 13
97 39
13 55
120 55
68 51
112 64
28 89
101 35
21 4
36 11
54 113
44 103
25 2
100 5
14 33
29 76
111 39
5 76
29 15
83 20
29 58
2 64
52 12
84 11
41 25
99 45
51 75
74 114
19 68
31 46
32 3
86 111
73 75
97 23
58 70
75 78
23 49
35 82
5 72
94 39
75 78
52 21
3 98
36 88
101 25
41 96
9 100
88 72
94 75
113 9
60 29
83 64
103 72
82 53
115 25
57 2
15 108
81 75
107 83
101 117
75 90
72 88
40 64
118 46
94 47
95 107
14 42
40 67
40 22
6 59
92 28
45 5
67 54
110 109
90 80
11 76
2 12
102 45
21 16
2 20
104 3
65 26
91 77
89 78
82 23
48 35
91 52
25 45
53 38
43 17
25 111
85 80
14 29
32 16
71 92
41 95
60 20
35 102
94 82
80 75
92 53
78 88
38 100
41 46
55 85
9 86
55 55
7 61
98 69
37 28
59 57
4 60
58 51
71 58
24 74
21 21
18 12
90 17
56 25
89 83
77 98
3 92
60 77
4 55
76 66
107 72
2 105
97 93
67 74
3 9
82 80
87 91
77 29
65 64
7 53
61 81
45 89
19 109
1 94
42 59
82 71
51 3
79 69
73 34
42 88
41 3
44 88
40 57
69 83
29 103
32 48
40 115
107 79
90 44
84 106
18 3
29 28
118 82
15 117
117 53
90 68
40 86
8 110
110 96
64 77
104 21
86 14
25 41
11 74
29 24
58 67
15 20
14 50
15 65
6 101
69 49
106 45
17 32
51 14
19 21
117 4
44 113
35 53
106 46
70 79
62 112
86 34
22 69
67 57
3 82
77 43
110 35
7 106
112 16
34 101
43 97
88 112
104 77
117 56
83 29
38 112
33 105
12 94
116 17
74 48
86 53
119 3
67 82
105 69
3 16
10 110
51 37
120 61
102 54
86 37
115 85
45 21
2 53
44 65
37 115
12 9
73 98
3 17
33 26
7 107
108 113
29 89
15 42
17 54
26 34
96 107
38 49
44 93
15 95
89 37
10 74
13 59
57 2
110 19
96 35
55 109
38 103
63 74
19 3
40 91
2 119
55 11
20 36
111 18
109 34
85 120
14 119
48 116
45 65
14 18
6 25
110 39
42 47
102 50
63 92
93 36
17 98
78 2
12 12
85 26
60 53
28 11
97 4
93 24
36 90
29 63
82 119
69 73
10 16
110 1
89 11
77 80
41 40
15 99
58 83
106 73
71 45
111 41
54 45
21 111
28 70
49 52
47 67
110 75
97 31
59 87
109 24
79 93
1 22
109 27
11 15
41 93
37 52
101 11
99 22
104 91
91 51
25 52
48 86
3 40
82 34
108 51
79 89
9 111
6 48
7 21
55 40
74 34
6 70
38 94
34 96
14 111
61 19
112 70
30 108
38 10
105 18
74 62
31 46
53 62
36 80
38 109
11 51
89 47
28 57
101 71
20 77
106 76
115 42
23 90
67 63
10 19
2 116
37 25
98 28
36 13
27 91
47 112
119 14
77 112
54 25
21 88
61 112
90 68
54 62
36 97
77 59
50 10
77 64
22 8
5 39
83 119
54 33
99 1
103 21
88 117
13 11
79 1
120 58
8 54
17 12
51 9
85 35
39 4
28 78
58 101
39 55
101 98
94 32
77 114
33 119
85 47
119 82
7 114
77 90
110 106
62 51
90 77
45 115
22 97
102 6
102 109
71 13
39 68
69 77
32 18
99 111
104 63
118 86
112 73
35 40
56 94
30 36
47 56
3 40
70 27
78 29
70 25
5 100
100 31
12 84
16 1
97 47
14 54
115 98
28 32
42 11
113 45
61 25
91 4
98 96
92 82
67 70
16 18
84 57
84 25
43 46
52 10
89 64
57 50
58 14
60 107
96 112
59 61
114 7
99 17
111 17
28 76
84 112
98 92
46 88
22 29
16 70
3 21
102 89
108 107
77 75
69 116
12 51
58 75
21 43
19 4
13 68
86 120
21 30
27 102
24 5
63 33
116 67
50 108
56 3
65 83
55 75
24 112
22 83
21 10
118 74
40 106
14 83
64 65
101 27
2 28
21 51
5 30
55 43
49 96
75 21
31 22
77 43
85 25
64 119
86 78
55 23
3 17
84 31
92 79
32 95
103 76
21 112
49 60
83 33
8 86
112 84
61 99
53 32
63 48
2 70
38 46
30 1
117 49
6 94
1 43
65 23
90 70
95 54
13 29
87 40
68 78
89 33
15 44
8 86
105 4
113 102
106 9
83 1
100 77
39 4
37 76
65 28
8 74
84 72
116 53
119 93
37 43
2 71
114 43
61 120
91 69
75 92
120 107
68 15
120 86
5 38
18 46
20 74
71 118
107 1
45 84
56 51
91 1
27 16
13 61
41 4
38 104
71 84
81 3
33 51
106 93
106 80
93 61
23 37
76 106
50 28
120 117
55 52
42 52
93 36
103 92
114 59
18 69
94 74
71 54
53 50
89 91
9 21
66 81
97 7
37 55
81 77
34 52
97 6
32 19
67 56
100 116
6 71
71 101
86 88
62 80
111 109
84 27
62 17
46 87
14 29
63 89
11 32
80 109
86 94
104 16
50 46
5 118
38 96
46 60
44 93
8 3
30 52
53 13
86 109
18 5
77 118
82 110
57 9
78 22
17 34
13 79
21 8
39 117
112 46
92 24
91 8
36 88
34 28
61 12
25 11
37 28
109 36
100 23
40 22
68 6
6 99
66 57
97 3
93 50
82 98
93 4
118 71
26 58
3 34
34 13
97 82
26 102
84 83
37 9
32 109
23 94
50 90
50 103
66 108
107 107
4 25
6 38
29 91
1 106
56 118
70 96
97 73
16 34
71 90
21 90
102 59
111 113
105 70
50 38
88 11
17 24
60 72
45 106
62 120
16 44
54 79
10 5
33 93
95 16
40 16
38 114
117 92
33 50
65 18
87 57
108 40
51 111
31 89
85 102
74 69
116 6
14 94
41 41
93 87
89 107
41 96
92 53
120 67
112 43
62 85
90 13
116 34
100 17
80 45
104 116
108 57
5 20
87 116
118 101
75 43
11 120
84 73
65 84
2 4
64 80
72 12
50 99
88 35
104 6
46 70
107 102
75 102
119 63
52 11
39 11
50 72
69 117
46 98
79 120
11 6
16 6
97 36
88 15
99 42
27 110
66 108
32 15
58 27
93 33
110 100
64 85
75 1
56 85
35 68
43 114
6 40
53 74
75 80
118 80
101 17
90 98
109 42
97 85
72 48
71 106
50 62
11 72
48 89
27 79
98 73
117 90
56 37
49 17
118 71
104 71
97 97
82 119
57 99
30 29
56 43
89 77
105 94
11 11
29 39
46 79
77 93
103 13
101 3
91 72
79 80
74 30
30 13
120 46
34 50
100 16
49 99
16 114
23 55
61 113
10 72
90 44
44 33
13 103
78 114
29 64
98 104
71 16
30 81
7 115
87 34
8 105
115 41
92 79
23 35
47 53
66 17
34 59
79 31
68 35
98 89
26 1
56 50
6 88
29 92
33 3
1 109
62 11
22 36
12 20
108 31
84 120
62 46
96 35
86 89
86 33
21 80
1 112
86 23
78 1
84 101
77 118
76 56
120 11
2 54
47 17
89 113
13 30
85 9
45 30
38 71
88 37
102 3
92 78
83 52
29 5
112 23
103 107
103 2
35 19
11 11
46 120
99 43
48 51
55 70
118 74
18 47
73 8
110 97
65 84
29 112
103 30
94 84
61 82
28 87
53 30
83 65
52 100
97 95
37 88
7 45
11 109
96 2
87 39
98 14
50 51
2 35
51 15
6 2
21 33
33 110
107 33
17 2
21 15
3 30
66 25
102 7
119 62
57 64
30 61
114 98
77 95
97 53
32 63
27 74
98 26
64 57
108 13
18 103
17 103
120 103
114 80
62 77
68 11
16 51
62 110
98 69
44 74
93 6
81 57
7 25
78 117
101 15
4 84
6 18
51 71
43 4
26 39
18 23
16 73
39 29
66 30
103 4
102 88
105 20
20 104
55 116
1 110
83 54
57 58
78 72
111 118
72 6
39 58
93 23
96 57
44 28
37 78
27 34
45 114
1 54
50 31
9 91
59 113
66 85
17 25
119 46
91 18
52 89
84 52
55 50
99 29
65 78
9 58
32 34
36 3
34 65
64 78
112 77
77 58
42 52
115 87
111 40
89 111
96 18
117 74
114 62
92 8
111 72
43 43
91 120
34 99
41 93
101 84
70 31
14 38
49 33
2 39
68 38
104 75
1 65
20 49
26 31
80 23
74 120
82 70
16 66
13 75
36 93
2 59
75 93
116 100
78 95
14 28
92 114
5 28
93 96
38 84
75 19
16 61
27 16
120 118
89 92
120 72
58 28
108 76
32 91
11 29
77 50
95 82
33 119
60 28
24 117
32 75
12 65
12 58
1 57
72 82
62 4
29 27
75 116
86 110
17 71
55 51
106 78
30 106
104 35
40 90
35 71
29 67
85 35
43 31
30 66
27 94
120 45
98 10
56 97
72 65
13 11
60 38
9 115
100 98
110 110
117 107
5 118
115 92
32 97
75 15
95 116
71 5
66 118
80 15
24 8
21 53
30 51
115 61
21 7
72 81
57 21
84 43
77 21
85 114
56 13
55 58
11 7
67 48
109 32
94 72
39 45
23 15
31 57
47 41
115 112
90 98
99 34
96 4
70 29
78 23
81 67
30 107
77 66
67 60
23 51
34 87
8 56
38 25
115 75
9 90
63 104
109 14
20 58
97 87
12 21
59 118
19 70
63 29
4 24
43 62
92 107
31 113
99 32
85 44
6 43
89 8
76 107
115 71
77 18
76 53
60 21
21 12
94 8
52 58
58 80
84 73
92 90
92 113
47 66
76 9
109 40
120 72
44 104
99 75
1 53
98 74
32 95
22 65
57 2
84 17
76 44
36 35
1 96
118 63
119 68
68 36
26 109
43 22
81 91
29 60
63 34
63 31
10 85
20 92
99 61
97 76
36 86
65 22
31 100
3 56
114 61
88 84
65 66
6 114
67 27
8 57
37 45
25 116
50 77
68 35
112 37
106 53
66 19
32 1
13 66
78 11
19 18
104 39
18 13
86 37
5 116
64 112
77 49
26 42
28 114
110 104
72 105
112 106
69 100
55 64
62 28
62 58
102 98
14 71
17 24
62 81
68 46
13 23
21 3
110 52
24 64
102 42
105 74
89 88
92 94
12 73
13 94
67 110
33 9
17 99
74 23
37 67
119 63
109 61
23 63
88 56
50 80
26 44
53 99
112 92
114 91
112 106
34 63
2 82
95 108
103 46
21 53
6 111
18 98
6 44
13 27
71 57
14 28
87 73
85 34
33 59
31 113
71 36
100 26
34 8
17 60
76 100
86 80
46 29
16 62
15 82
37 97
118 35
89 54
50 74
4 113
80 114
66 5
63 23
60 34
5 32
107 109
48 92
84 100
76 42
61 85
34 22
18 111
35 58
85 16
39 103
51 14
3 35
22 72
120 42
71 119
31 109
31 87
52 106
103 96
95 69
72 72
112 81
66 84
4 80
44 92
55 85
76 83
41 54
107 15
62 18
12 7
84 75
107 69
14 6
52 51
109 31
119 2
85 118
21 63
91 3
15 69
101 16
93 9
104 48
17 67
102 112
50 28
20 86
109 27
59 45
85 17
88 59
16 80
112 83
101 16
27 27
38 22
106 58
77 31
85 4
35 92
9 87
43 27
8 88
108 66
29 32
21 116
9 44
29 7
113 20
41 79
8 32
77 59
120 11
69 29
27 78
61 118
32 54
103 31
18 86
29 55
37 54
111 71
110 17
84 55
25 38
33 70
46 21
37 118
36 16
87 104
23 29
47 86
113 91
2 15
13 25
46 49
51 110
64 106
41 59
6 20
58 111
24 97
74 83
25 18
75 17
119 67
44 24
21 114
11 86
32 105
90 17
29 46
117 85
45 68
57 52
1 59
16 22
2 4
79 58
20 33
83 27
95 27
7 35
18 85
33 98
106 106
12 87
109 107
96 93
95 61
37 42
74 99
107 82
108 13
80 32
96 95
58 87
62 66
74 42
39 44
69 88
40 89
64 73
38 32
16 89
31 72
90 70
80 22
10 101
33 119
8 56
17 21
4 54
64 41
44 31
21 114
94 83
23 101
46 81
17 76
90 29
81 74
109 42
82 100
37 67
116 7
35 79
94 5
87 29
31 8
61 24
62 112
64 109
97 12
109 51
87 108
24 24
6 39
33 108
113 72
85 45
21 41
99 21
56 12
111 8
23 47
87 67
16 2
56 7
63 85
119 115
9 51
104 84
11 33
115 65
64 6
118 100
16 26
58 74
87 5
115 115
33 6
47 102
38 45
62 53
103 8
26 44
105 29
70 24
6 46
28 66
96 120
7 28
51 38
48 55
83 2
111 36
52 116
7 61
41 93
62 71
84 7
69 8
95 85
81 44
60 78
79 21
98 16
117 25
74 3
64 13
52 28
58 50
105 1
48 30
43 115
120 101
58 63
84 19
10 31
44 3
76 26
19 53
36 114
40 90
93 3
57 98
53 39
42 97
29 42
42 76
83 112
58 55
119 43
66 28
24 14
4 76
88 111
90 86
31 57
80 115
38 56
106 120
3 105
105 88
91 3
108 50
30 38
118 2
60 31
41 22
78 61
93 75
23 79
30 20
97 70
64 23
21 62
2 41
76 88
61 33
53 42
54 93
49 70
11 120
60 19
13 120
34 77
2 105
48 119
68 58
23 76
41 50
96 27
84 44
109 98
107 18
98 9
37 49
39 48
111 34
25 69
82 25
45 117
91 88
20 64
76 50
35 85
53 52
85 76
44 56
64 109
88 83
85 56
36 90
3 97
51 13
99 31
22 94
69 10
89 78
81 24
53 100
26 58
115 88
107 13
113 48
38 19
80 12
34 76
31 40
44 112
96 84
35 102
84 117
25 39
64 72
65 8
10 120
77 41
25 10
60 6
58 56
87 76
58 90
42 12
84 98
76 104
47 51
118 14
61 68
57 6
11 91
62 96
6 8
12 19
114 99
43 78
1 101
73 7
71 18
43 93
113 89
108 17
64 75
102 51
6 114
86 64
69 86
56 32
72 100
4 67
56 21
14 7
49 9
37 87
100 20
85 91
81 41
85 66
61 109
56 32
21 108
118 76
112 6
16 119
93 120
115 82
7 45
87 114
85 60
19 65
79 60
46 95
100 89
23 67
25 92
11 101
9 67
106 103
104 51
13 105
114 15
98 35
81 88
64 88
76 30
75 86
81 93
42 109
110 104
94 87
41 33
46 29
79 18
39 17
93 4
31 119
99 84
93 100
76 1
104 72
67 20
86 107
67 83
78 39
88 49
68 83
91 47
101 67
65 46
65 41
36 2
99 117
28 85
35 23
56 26
53 59
88 55
118 44
86 108
117 13
17 103
97 67
43 35
25 13
23 110
50 75
88 11
20 99
82 27
43 99
86 92
34 21
91 71
15 86
39 48
105 114
53 80
102 31
54 4
119 26
30 47
95 70
19 17
92 10
79 44
88 30
76 17
92 107
97 69
18 27
118 7
76 109
67 49
64 21
73 65
98 100
85 114
2 27
31 53
61 53
48 118
65 80
13 105
67 57
115 46
84 54
44 20
5 80
45 62
100 73
99 64
88 90
79 56
110 61
15 80
62 99
80 97
5 23
114 67
41 2
45 2
87 43
1 18
42 40
43 117
99 90
61 2
54 70
64 18
104 90
87 51
105 55
105 96
32 86
32 5
18 67
42 2
109 102
6 67
103 116
76 15
11 120
69 62
44 24
18 104
47 11
46 46
72 52
26 106
25 36
3 5
30 81
56 64
23 82
11 27
58 116
84 91
111 87
72 6
60 91
37 113
22 7
27 119
82 40
120 105
39 23
3 111
106 83
42 29
5 2
21 54
46 64
10 28
1 104
83 40
120 101
111 2
64 12
55 102
61 15
10 42
120 96
70 53
1 43
5 9
120 114
26 33
39 83
106 73
47 100
50 11
50 90
65 73
37 77
61 88
36 7
20 17
13 39
102 86
54 86
19 41
103 41
33 13
83 85
23 35
59 36
99 74
93 1
7 69
55 37
45 117
66 2
39 35
9 6
117 38
49 66
75 117
84 83
25 90
110 81
69 77
93 69
116 84
103 30
59 102
74 46
70 115
79 62
98 5
115 9
118 106
30 74
19 99
66 100
111 75
37 120
105 34
80 85
46 73
69 65
66 113
100 48
27 1
116 68
5 73
14 104
92 84
90 44
12 34
99 101
100 109
6 113
91 101
13 101
59 19
4 116
92 85
86 22
52 118
13 12
88 105
12 83
54 42
62 44
90 117
73 116
16 81
23 71
109 98
29 73
13 51
34 9
96 70
86 65
65 111
33 119
71 77
92 16
3 85
60 59
30 66
108 47
35 120
9 86
35 44
35 65
22 20
116 10
30 90
90 15
35 30
98 91
52 79
1 28
46 53
12 32
35 62
51 44
69 91
35 76
58 64
95 100
117 66
17 43
42 106
48 112
37 94
44 9
38 79
1 7
102 22
29 42
77 110
75 93
79 75
4 22
110 40
10 20
115 115
42 14
16 13
28 1
52 28
32 27
27 15
96 17
93 12
53 76
71 19
98 67
84 72
37 56
102 101
107 25
51 78
12 17
4 21
7 119
21 76
97 64
34 111
101 111
102 111
97 69
7 28
28 31
19 20
21 15
55 104
12 97
97 51
114 66
69 115
84 11
74 40
25 116
115 115
76 51
17 95
73 27
107 36
28 57
15 24
32 99
40 85
14 2
29 25
22 120
39 6
118 100
39 57
58 61
33 37
73 7
68 70
51 57
83 115
5 31
44 39
112 22
59 76
42 79
77 12
13 40
80 81
35 56
118 106
35 101
85 65
99 84
89 57
92 91
34 30
120 17
42 113
75 97
90 28
33 10
68 40
77 28
45 50
34 112
47 59
43 88
115 16
34 81
111 106
29 102
115 91
111 109
104 76
91 105
65 114
109 75
84 30
111 104
117 24
28 11
97 81
99 90
40 56
3 88
70 105
101 73
118 112
73 46
114 36
48 79
109 116
52 64
78 6
74 34
64 79
93 116
53 88
95 36
113 90
81 30
14 92
33 96
31 84
69 42
100 66
8 89
57 40
59 75
81 43
72 91
79 42
46 63
36 81
5 5
65 71
70 61
76 6
50 78
100 92
6 88
50 6
26 41
93 62
94 47
107 37
64 51
12 26
83 57
95 39
69 56
27 38
75 61
80 98
46 59
16 103
1 115
105 78
34 105
48 118
55 7
82 90
76 85
118 84
81 17
40 13
71 15
102 112
63 87
84 46
63 94
61 4
90 9
96 92
89 47
77 56
13 56
33 74
44 63
43 83
78 35
11 104
42 81
80 19
32 68
98 64
90 37
53 66
81 97
9 83
112 16
59 99
76 31
31 94
81 87
46 115
75 84
23 98
100 80
88 4
8 25
20 78
44 60
73 54
33 98
22 18
19 106
85 93
96 45
1 7
74 108
45 9
112 102
6 53
87 109
115 16
46 28
86 120
28 12
2 108
39 39
100 34
110 61
40 90
113 76
103 80
86 6
120 20
112 113
62 65
66 11
116 100
75 32
62 74
50 100
35 105
116 9
54 54
37 11
43 6
11 76
89 113
103 106
92 100
78 8
57 82
14 26
20 29
86 33
58 96
108 92
97 79
92 119
105 87
26 16
101 30
26 109
28 41
113 97
16 2
111 108
70 84
62 55
3 80
108 81
120 84
15 75
72 115
70 21
22 9
95 33
66 40
44 81
66 119
19 3
40 71
73 100
69 118
72 75
46 117
87 12
13 85
43 27
75 14
18 64
101 51
22 95
109 108
64 65
68 62
4 97
43 56
26 7
112 69
54 107
52 91
73 89
73 63
26 18
119 5
27 40
73 12
75 108
74 34
11 71
101 70
114 11
28 79
102 15
118 61
71 41
101 99
90 27
38 30
86 40
98 85
94 74
81 83
82 51
58 39
58 17
17 81
120 73
87 25
6 18
108 45
31 23
42 50
69 69
44 41
93 65
70 58
13 72
55 50
39 41
58 95
69 101
120 103
69 36
67 78
52 89
108 58
51 100
75 97
10 112
93 35
86 117
100 27
115 81
71 19
23 31
7 74
80 64
61 64
56 102
117 93
63 28
25 111
58 15
109 78
33 28
1 46
91 83
17 82
78 101
75 50
62 8
32 35
98 45
69 6
40 55
8 21
12 41
6 107
50 32
35 107
117 92
119 101
86 16
120 115
103 108
24 46
57 86
34 28
103 119
24 60
44 34
24 12
55 59
55 33
80 73
95 86
11 31
41 5
28 72
15 14
24 34
72 69
114 9
98 6
110 99
70 34
16 8
107 109
118 116
44 4
3 34
11 41
47 36
51 111
62 12
43 99
114 32
41 44
119 78
68 39
114 95
1 37
93 87
56 110
75 117
56 56
98 8
93 8
105 115
73 34
75 24
106 66
43 39
25 46
65 76
44 39
70 87
42 27
76 61
109 41
42 56
116 51
39 101
25 62
101 34
40 96
21 35
14 85
77 42
103 113
3 98
60 110
62 106
60 76
115 94
119 81
59 60
18 115
28 96
37 34
48 30
42 83
21 86
43 2
30 100
37 66
45 73
104 29
110 18
14 20
8 30
104 28
46 74
74 57
10 43
118 5
10 52
110 52
1 65
28 19
76 12
110 28
20 114
41 100
63 64
43 42
86 100
59 33
112 20
106 21
6 48
86 17
6 79
58 36
96 109
98 6
56 33
12 17
24 26
27 108
12 31
3 116
119 117
61 47
65 1
105 42
14 93
46 1
113 118
46 110
62 113
82 92
15 8
18 52
119 113
106 46
16 38
23 99
63 33
57 91
21 4
104 54
23 83
105 96
117 69
67 63
53 83
25 76
50 35
25 29
107 24
117 11
49 81
24 70
98 5
73 102
118 1
61 17
67 35
94 88
56 72
22 95
30 5
75 81
100 116
71 83
47 77
32 72
97 72
82 40
64 13
45 12
6 57
5 92
111 39
111 24
119 58
61 106
19 54
95 9
87 30
117 112
49 73
61 62
59 63
47 93
23 68
85 102
57 33
115 78
77 28
46 112
43 32
62 120
24 100
92 79
7 86
113 61
64 113
40 73
71 70
35 69
44 119
39 45
90 81
66 79
17 111
25 107
26 35
37 10
70 22
26 28
100 39
118 39
16 103
65 56
7 118
75 120
36 67
72 19
53 120
3 43
55 32
86 92
18 29
82 1
9 94
58 3
108 77
119 105
110 19
59 89
57 83
64 79
93 113
56 66
105 96
40 4
69 55
101 19
24 88
77 61
45 10
18 111
16 27
77 54
47 14
64 33
13 18
47 78
75 113
22 74
34 80
38 69
24 2
99 38
63 61
33 2
92 44
23 92
80 80
9 50
115 110
17 25
100 6
103 57
86 32
36 114
24 17
24 56
83 81
52 79
23 50
25 30
22 16
82 69
52 91
85 102
81 104
25 88
57 89
111 6
29 20
74 2
68 110
41 48
96 40
116 27
23 119
49 18
88 11
35 7
54 42
82 37
96 93
75 113
47 42
32 72
108 90
107 116
111 81
65 3
14 39
74 68
100 1
34 38
68 58
5 8
91 112
105 84
45 14
47 96
6 112
93 58
34 7
21 100
62 99
92 44
111 87
47 47
27 83
99 20
43 72
104 66
44 66
109 90
77 59
96 98
99 4
78 84
70 100
36 21
69 16
109 111
3 45
50 111
59 73
37 13
113 118
112 12
89 110
39 30
83 83
44 4
70 100
81 29
58 95
85 63
100 69
109 53
119 26
17 69
61 85
76 60
55 51
25 61
80 78
106 78
20 38
99 58
35 85
74 113
66 67
5 100
111 10
75 38
3 61
34 65
115 119
23 96
60 67
30 6
116 46
28 96
109 86
19 37
73 18
36 109
9 97
66 85
117 66
113 30
110 18
12 32
32 46
113 75
36 48
16 115
108 10
109 4
32 3
109 16
96 114
5 112
19 118
10 120
29 37
97 11
77 115
50 22
72 65
20 63
6 27
101 44
2 97
82 46
39 55
13 111
19 91
106 29
84 56
111 98
101 120
106 55
118 86
79 51
90 73
66 81
73 109
14 36
7 105
29 72
84 72
73 18
112 65
85 8
102 23
99 77
28 76
62 58
43 96
58 114
115 83
111 69
53 103
95 89
86 115
17 51
74 16
64 58
39 74
65 108
43 61
54 51
14 19
5 106
49 96
63 99
12 116
67 7
39 97
62 45
80 113
6 46
104 104
21 50
33 44
68 106
87 48
11 45
15 32
41 44
79 35
83 117
2 119
41 58
75 58
27 23
117 100
120 57
43 29
41 52
44 84
41 15
81 66
60 69
55 2
46 63
80 99
104 38
50 4
72 23
21 8
55 4
69 120
116 62
87 71
79 88
80 11
103 69
88 33
17 70
1 104
28 51
63 14
47 111
17 117
119 113
25 58
81 53
69 39
11 118
24 80
6 2
77 91
101 5
58 106
88 87
53 92
28 81
50 22
111 23
70 89
48 114
107 53
28 27
66 89
83 42
101 80
3 19
60 21
6 73
3 106
5 29
11 39
115 91
8 22
117 44
119 41
69 96
23 109
32 119
37 68
63 2
3 51
14 6
74 40
96 90
96 84
70 120
107 58
12 39
24 27
94 99
104 30
14 34
112 31
26 4
14 14
62 48
66 83
79 90
24 5
107 42
44 2
62 63
75 9
49 63
100 60
35 101
54 37
78 115
12 116
108 53
20 64
99 58
45 14
81 104
102 73
86 103
89 42
119 113
57 29
58 67
69 26
12 78
101 18
91 114
42 113
39 77
29 74
65 53
43 97
103 8
101 102
70 25
15 46
111 73
88 59
9 11
15 13
44 112
90 109
53 12
91 88
36 46
47 30
95 42
120 14
65 69
20 77
114 111
11 60
24 109
22 7
43 95
34 105
117 47
91 79
39 94
38 110
32 114
38 113
54 88
28 108
44 105
50 17
106 119
43 114
107 61
8 81
56 14
95 56
67 118
11 115
57 60
92 52
16 44
18 77
86 21
44 39
33 117
49 101
46 20
44 21
71 62
19 6
87 101
42 15
71 1
65 50
52 4
39 27
25 103
23 3
35 17
100 42
88 39
24 78
85 87
93 1
91 64
36 90
110 9
49 34
51 115
76 116
37 104
60 18
20 24
97 84
111 76
70 28
54 111
3 24
4 5
112 82
78 98
65 37
44 13
22 26
60 55
101 56
52 76
61 108
8 92
10 80
78 42
94 92
57 77
110 110
54 108
47 54
41 29
29 49
15 34
101 32
44 63
80 86
103 7
58 7
18 82
98 110
88 119
4 25
28 80
33 103
26 51
12 114
49 83
88 89
17 4
50 45
114 98
12 36
113 108
42 28
48 22
37 60
69 87
86 11
6 13
17 71
56 81
79 106
75 73
17 64
3 58
116 101
38 4
36 84
68 86
61 64
38 73
2 112
93 69
101 36
93 69
22 68
72 33
107 63
21 75
51 42
111 8
34 10
3 65
17 57
35 89
65 41
116 28
21 93
94 117
27 88
78 112
7 5
95 32
111 94
105 86
95 80
70 14
92 4
85 14
78 69
10 38
58 31
75 47
7 15
5 81
21 11
77 43
75 38
117 84
34 90
41 50
58 95
93 44
69 64
97 94
55 26
75 88
48 114
114 78
120 45
70 107
31 6
14 101
9 51
21 74
15 32
78 39
109 63
94 35
69 77
13 13
1 63
65 94
92 54
77 42
93 88
28 10
90 19
75 90
19 119
108 93
47 34
62 116
93 49
50 6
87 61
13 74
57 100
104 9
71 76
68 113
26 58
9 12
39 76
114 45
14 50
104 40
4 69
53 97
46 64
2 73
38 45
37 94
75 58
92 51
93 118
55 42
114 57
117 61
107 1
61 38
23 89
45 83
101 30
83 120
2 28
113 117
15 64
30 24
83 41
100 20
35 57
113 6
35 45
88 23
47 80
71 68
17 36
36 110
84 24
39 98
118 8
65 69
21 105
49 26
87 15
95 23
74 5
36 34
35 113
65 48
54 21
1 78
102 83
103 45
57 115
46 38
7 47
110 52
118 26
39 14
119 68
8 15
51 48
30 75
56 96
73 30
63 42
62 14
14 31
114 66
10 89
116 30
36 55
108 72
99 110
21 76
50 35
38 37
34 86
119 2
99 110
29 104
35 40
55 21
106 39
108 119
1 118
40 87
116 21
77 27
94 93
78 68
111 73
53 50
68 98
78 60
85 10
89 70
92 9
48 71
72 4
16 8
12 59
24 85
33 114
104 75
111 84
30 61
110 32
57 94
12 35
55 10
38 7
78 56
84 96
95 44
23 67
9 110
90 26
62 111
73 1
72 110
85 72
19 95
46 64
26 36
119 98
62 57
93 31
11 108
39 43
90 51
97 64
66 77
85 71
105 112
37 7
82 67
39 82
99 36
52 24
5 75
105 110
7 15
23 40
39 38
58 50
10 95
62 24
102 54
57 15
77 89
39 49
7 119
38 37
1 17
13 94
36 13
86 36
49 87
15 22
51 16
15 16
47 103
61 75
51 119
106 42
67 68
19 53
117 77
14 56
119 30
7 12
119 17
85 71
71 6
91 67
35 25
105 9
25 114
30 67
80 100
88 28
118 72
105 110
95 36
26 67
84 72
99 85
81 4
37 77
109 72
35 117
57 118
48 70
25 38
2 81
82 35
60 7
101 3
31 10
102 40
79 76
90 66
104 34
115 53
39 42
42 76
21 55
2 8
81 10
32 38
71 65
112 116
24 113
37 38
63 116
10 106
37 83
50 99
26 71
77 48
22 20
112 101
34 36
38 33
51 1
30 50
19 50
71 56
64 67
78 20
93 20
59 35
102 7
10 44
25 30
4 61
66 91
58 22
32 104
73 13
113 41
14 95
18 21
26 89
90 5
67 2
99 66
40 7
80 6
11 69
118 37
17 57
62 45
37 68
97 17
110 49
22 112
6 104
45 45
43 15
64 98
74 43
51 43
96 47
68 59
80 87
82 90
95 18
106 108
8 34
26 47
97 76
33 21
119 53
64 41
105 96
34 2
111 102
87 44
36 17
61 108
30 12
79 18
18 60
118 22
66 2
26 53
22 2
63 5
65 12
12 15
58 84
3 29
15 94
33 24
24 63
7 63
46 29
80 101
41 5
96 35
91 91
34 62
120 54
53 110
88 50
117 53
103 62
3 66
57 84
76 46
61 62
38 101
31 62
46 78
96 22
72 25
88 30
102 69
25 119
14 22
78 17
103 85
5 39
18 72
77 97
35 95
112 64
58 62
68 33
109 80
61 80
66 22
4 49
15 37
94 89
31 34
4 83
70 18
87 63
27 85
30 27
25 33
16 94
94 83
25 112
117 80
85 38
32 59
91 114
100 106
113 50
60 63
13 57
12 18
29 63
8 28
117 58
54 16
31 20
21 115
98 120
53 17
112 45
95 35
77 28
74 85
105 105
78 116
89 45
72 4
8 71
43 13
2 82
17 31
21 61
21 1
29 41
41 33
48 46
50 101
112 105
108 50
6 44
56 105
119 96
3 89
2 18
49 94
25 71
10 72
26 17
11 79
18 70
9 28
89 33
112 89
85 117
20 59
18 64
120 94
9 91
119 52
13 79
46 103
46 75
56 20
96 115
40 66
72 69
76 70
91 95
15 74
19 110
100 56
106 28
87 67
91 71
103 7
60 104
26 51
117 83
47 11
93 117
95 34
114 43
44 36
76 12
32 69
15 84
96 41
17 101
69 42
18 111
114 98
50 26
85 41
47 61
34 74
22 35
12 59
25 61
25 115
43 94
52 42
33 102
52 24
7 84
69 85
17 77
21 97
36 32
48 82
64 97
118 106
51 70
107 104
110 30
30 76
2 49
88 1
78 98
48 37
75 15
23 31
102 113
107 50
40 47
44 21
120 76
70 85
14 80
87 20
78 80
30 68
61 113
60 83
18 3
51 49
59 76
88 63
37 42
67 61
32 12
74 28
61 18
18 16
3 97
59 82
98 66
16 26
39 52
91 93
12 8
2 82
87 89
52 43
82 22
117 87
117 68
70 40
111 47
70 23
80 13
113 78
74 11
4 14
90 111
77 74
30 52
77 114
68 36
108 40
40 54
15 49
43 21
27 55
56 111
82 3
102 101
89 85
119 59
60 108
31 81
3 80
24 26
105 34
42 77
34 102
47 76
92 59
43 94
30 92
53 78
18 35
71 99
57 78
40 63
97 96
110 119
10 17
110 104
85 3
91 114
13 30
80 116
75 93
103 27
1 51
116 83
53 24
20 6
72 27
69 74
17 95
117 91
113 92
111 109
93 90
94 70
28 64
104 67
20 3
9 79
60 16
14 88
19 74
7 47
33 31
68 40
67 102
75 34
89 89
84 32
21 25
100 107
51 92
24 75
108 103
119 41
31 24
107 111
3 16
43 18
41 40
94 83
18 107
58 75
105 21
102 13
79 33
45 14
20 28
47 92
93 42
59 29
33 85
10 73
114 118
83 57
25 52
106 7
117 27
92 25
83 74
112 9
36 82
79 68
40 61
99 17
54 46
18 81
94 6
66 27
76 82
76 46
16 95
85 49
8 93
76 96
31 34
3 115
98 10
81 97
45 70
44 99
27 20
89 108
98 17
89 22
73 117
20 53
20 79
88 4
24 52
35 11
26 15
26 37
5 62
88 46
69 40
104 118
30 47
36 99
88 3
63 110
92 109
102 78
13 57
62 42
17 20
89 23
109 78
22 92
85 39
20 62
14 10
90 115
44 90
98 17
116 49
114 38
29 82
42 106
55 82
93 115
53 12
93 58
38 52
90 96
114 92
113 22
44 98
77 16
59 27
80 108
20 65
70 73
7 73
88 38
15 29
67 18
52 43
58 48
108 30
70 18
40 71
20 91
3 92
17 81
54 47
43 8
30 31
83 24
11 1
107 79
76 66
106 45
83 12
23 77
12 119
24 6
52 22
47 20
101 62
53 101
54 83
45 19
117 102
54 103
101 64
51 99
78 119
46 25
59 99
90 10
88 32
49 57
10 59
81 23
103 54
118 13
112 114
1 8
23 30
8 9
72 69
25 12
108 42
96 118
58 90
3 112
102 108
15 112
16 100
72 56
32 40
27 40
120 84
106 28
77 83
79 52
21 6
37 40
110 49
65 93
50 75
39 119
96 30
31 1
57 8
17 95
6 112
2 108
76 94
1 87
39 109
4 59
115 94
7 32
5 62
119 52
17 70
20 47
79 71
17 37
105 99
79 95
26 13
75 100
33 73
34 41
50 29
38 63
27 69
26 65
78 85
104 22
83 90
35 71
52 97
99 92
99 96
10 98
36 112
23 21
103 17
57 63
78 63
81 112
47 9
49 8
12 89
104 98
86 16
24 47
115 79
66 88
72 14
60 33
76 90
89 100
114 97
60 11
17 116
38 35
113 105
44 27
18 26
112 52
61 27
54 36
23 119
100 8
67 78
11 7
119 19
69 37
89 30
62 34
46 73
96 89
97 84
21 9
35 39
24 55
92 100
20 95
97 85
118 51
104 67
47 33
51 74
101 117
70 80
113 65
24 28
33 39
93 57
65 48
106 105
71 79
53 32
101 40
99 41
61 28
116 111
110 43
95 88
70 61
108 91
77 31
10 2
54 78
32 37
70 11
16 108
22 106
10 96
55 73
43 67
75 47
89 32
87 9
27 67
66 52
29 109
1 87
100 115
81 30
83 52
90 39
40 96
35 94
106 3
36 47
116 77
30 22
99 34
120 50
68 32
46 78
86 6
114 30
32 2
45 21
62 76
95 79
9 54
59 32
47 57
108 17
37 10
52 50
28 76
82 52
29 108
111 8
84 103
88 17
80 108
8 97
72 94
59 115
102 58
117 97
10 49
28 73
64 66
65 9
38 90
2 84
14 107
55 18
27 30
115 49
67 32
12 95
30 14
55 53
41 102
55 77
86 92
73 79
64 89
26 107
38 24
87 40
18 96
4 73
83 8
39 93
30 112
76 110
25 101
5 30
62 52
30 102
78 18
19 39
23 117
76 50
51 72
23 19
92 101
77 50
13 50
70 57
40 23
84 36
99 48
75 62
96 106
96 97
62 100
77 17
2 60
8 41
61 117
40 25
4 116
77 43
38 49
114 89
61 104
111 49
72 104
39 53
79 50
38 33
81 106
77 96
70 7
88 67
78 91
30 100
4 47
11 24
60 62
103 26
30 35
74 96
47 13
66 45
62 69
39 19
77 36
118 60
39 115
52 84
81 91
36 115
43 75
108 85
87 68
27 104
113 23
92 42
85 106
74 39
117 64
6 68
50 115
101 46
15 60
77 36
72 28
57 12
31 84
3 60
44 98
118 6
102 3
14 88
37 17
20 79
95 46
64 25
28 109
99 55
19 19
77 79
105 35
90 97
118 89
104 13
26 101
71 54
107 65
41 59
36 28
103 120
76 65
92 24
102 88
76 110
22 34
104 98
32 113
33 114
53 89
70 10
84 10
105 3
65 83
54 32
41 117
25 14
56 17
50 114
24 54
84 108
103 36
112 67
35 90
17 41
96 94
17 7
31 51
112 75
70 94
90 68
112 100
19 11
40 58
99 7
107 30
72 25
20 57
37 7
89 74
3 81
2 5
119 49
75 100
12 89
54 86
28 88
58 110
63 51
101 51
99 29
76 110
37 61
84 89
15 67
67 67
81 48
112 31
58 101
27 114
62 86
87 107
56 62
21 12
95 97
14 43
51 83
98 44
99 114
92 89
93 24
101 20
63 18
27 48
77 90
8 113
68 67
61 76
81 39
70 101
99 51
120 47
101 4
18 3
63 70
70 45
86 118
104 53
75 99
26 11
40 46
8 82
108 119
22 31
85 110
20 30
2 62
22 85
15 79
107 119
32 14
76 117
97 92
24 13
113 25
19 38
44 63
119 74
13 83
63 114
70 6
3 72
110 64
52 41
98 13
62 80
101 116
106 99
6 120
49 29
20 65
81 24
40 16
57 100
105 52
113 104
26 48
12 75
34 91
10 50
74 87
101 98
20 40
27 49
81 98
54 18
26 85
82 43
39 55
71 16
108 28
110 72
97 86
48 103
31 77
99 74
84 5
51 73
115 65
3 15
6 101
115 49
84 99
36 101
66 38
10 89
84 111
99 31
39 46
47 103
25 65
73 116
92 38
4 117
68 24
73 10
18 47
25 9
15 62
44 44
77 84
16 51
102 117
74 68
12 7
63 93
37 22
48 32
93 114
30 96
42 54
77 59
12 69
51 92
108 4
41 7
120 46
48 69
9 77
85 119
2 3
31 111
62 41
92 5
77 67
113 107
89 47
17 100
106 49
95 89
99 106
78 93
67 6
110 81
56 46
93 63
38 26
70 70
18 32
45 50
25 120
77 89
101 39
96 23
32 68
49 40
65 55
67 31
1 72
34 40
6 91
40 41
34 58
69 66
58 56
4 48
29 60
118 49
21 106
21 27
113 20
49 116
98 112
35 65
73 7
35 72
72 111
71 9
26 104
95 5
71 47
113 67
81 25
72 114
67 94
118 11
107 40
41 21
8 40
59 68
119 97
118 87
29 4
32 109
7 91
119 115
78 118
9 41
69 31
60 90
4 97
27 73
39 52
24 82
36 32
32 23
17 106
86 49
36 76
25 117
114 24
64 27
6 19
13 16
60 11
59 110
36 20
94 3
103 51
112 28
44 13
68 116
98 7
32 86
48 93
66 75
28 49
103 94
113 120
59 83
105 56
46 15
102 61
2 98
39 62
54 95
118 44
80 78
10 92
102 16
67 29
81 116
22 69
107 101
87 15
81 56
22 3
70 93
58 70
28 57
94 91
18 49
117 17
103 58
110 91
68 22
56 101
21 74
10 42
65 19
22 93
64 12
46 51
113 11
103 44
57 77
57 88
104 88
67 88
34 110
99 47
19 81
102 50
75 34
77 51
106 57
118 81
120 72
83 43
37 105
112 117
105 73
1 23
100 38
30 31
89 18
10 10
75 38
110 23
72 104
9 97
11 69
34 51
118 63
44 4
54 94
67 87
7 18
57 70
12 22
118 7
80 57
72 69
80 93
117 27
103 42
93 39
119 46
55 55
66 87
3 56
108 106
18 32
83 102
80 40
76 93
54 111
16 92
6 101
112 104
24 107
111 65
108 45
30 71
29 24
113 68
30 57
45 37
90 101
54 54
47 49
85 71
17 67
23 120
7 98
75 85
57 21
8 40
101 78
86 49
17 4
97 101
9 96
6 49
101 12
100 51
98 101
39 114
32 63
11 31
46 62
73 9
49 22
31 101
12 55
120 118
42 58
1 26
48 16
35 2
77 10
110 75
120 19
27 38
81 70
50 56
89 13
41 64
46 8
88 50
115 69
42 47
94 52
87 64
25 111
8 27
39 68
1 25
24 22
50 56
32 42
94 111
35 47
84 7
112 73
98 42
39 44
115 104
47 83
84 30
60 17
103 104
47 47
112 88
94 70
63 53
40 8
74 57
91 100
118 69
116 59
3 120
64 1
59 85
50 54
104 57
100 70
8 36
22 55
13 99
43 12
52 93
99 115
55 87
66 97
20 113
21 53
88 46
23 74
28 61
116 74
12 59
104 16
84 20
80 47
86 15
64 75
105 82
34 35
96 78
26 90
105 66
83 22
26 67
49 108
32 13
102 21
5 114
3 26
17 116
110 57
110 22
14 18
101 39
96 10
114 81
47 65
34 13
59 65
89 82
103 52
98 110
77 120
71 81
66 37
93 82
33 36
91 117
37 14
4 38
18 100
14 41
22 25
22 39
9 95
80 77
35 18
71 15
65 82
26 76
72 21
14 9
103 21
20 44
102 88
85 41
10 84
70 60
118 108
11 22
25 114
56 14
69 11
38 68
100 105
96 48
82 77
90 63
9 115
12 88
54 38
82 104
109 104
3 71
76 99
42 10
74 63
104 29
22 10
15 61
111 71
17 6
112 47
28 59
117 96
19 62
52 30
77 112
64 56
79 28
92 42
37 1
48 44
7 13
14 112
74 1
111 33
71 118
111 47
89 34
60 60
40 92
117 42
57 25
99 73
44 104
66 11
17 32
91 6
11 15
46 51
56 59
39 87
19 43
53 20
34 102
84 29
119 105
54 92
54 3
30 71
66 80
6 108
111 64
104 4
31 32
62 51
92 96
36 10
92 45
5 100
5 120
56 6
25 119
9 14
21 10
101 103
25 68
78 62
12 35
75 90
48 5
120 111
112 81
30 18
66 78
39 3
96 52
76 30
93 111
91 60
96 71
67 40
1 99
51 77
55 78
40 84
24 29
35 69
118 69
9 77
111 90
77 120
106 120
113 11
72 84
9 59
120 93
117 7
37 15
93 33
61 118
33 45
31 42
97 73
53 21
59 114
81 36
61 68
11 32
108 59
3 82
69 93
119 85
78 100
52 33
30 19
102 82
9 51
12 120
28 74
93 59
88 21
45 105
21 108
37 61
110 11
60 6
43 86
118 51
48 18
97 77
89 52
70 42
69 67
99 1
62 3
50 39
29 18
55 41
69 76
29 55
28 28
21 30
67 91
29 106
117 54
47 1
114 111
117 23
51 15
27 112
81 79
54 6
65 39
3 115
67 89
62 60
43 39
105 8
68 101
43 29
51 37
95 10
78 7
114 116
101 32
53 49
45 36
119 88
4 111
104 81
23 58
18 94
9 112
7 89
73 98
84 30
101 17
114 69
41 82
22 23
107 107
94 77
117 86
67 55
112 97
32 76
5 24
65 100
42 89
46 57
35 74
55 74
20 62
81 68
56 16
119 40
69 82
97 51
23 27
48 65
20 73
91 15
31 99
99 73
71 101
52 74
85 40
92 14
113 113
14 63
106 37
89 17
104 92
99 66
49 86
114 99
87 53
79 11
65 75
39 56
104 11
79 71
29 106
3 81
86 91
17 43
62 112
44 62
64 69
116 96
68 117
4 100
100 78
24 103
53 90
75 24
6 75
107 57
2 27
17 101
17 87
98 11
8 108
103 7
10 32
76 45
86 107
33 40
63 4
7 77
34 85
88 73
46 44
15 71
91 38
39 74
65 81
15 40
58 33
95 103
98 102
4 71
110 52
103 26
93 78
119 21
105 116
4 57
112 28
65 62
79 16
6 58
114 19
26 74
83 37
87 21
37 70
12 90
62 48
5 4
31 118
109 99
62 72
89 43
56 16
115 118
100 118
5 40
3 57
109 9
111 2
105 82
116 56
118 9
50 9
100 30
20 58
62 49
19 71
25 13
24 60
33 17
49 64
5 106
93 30
31 67
56 58
89 15
26 76
114 50
99 109
83 29
75 67
32 23
83 107
25 71
104 26
52 14
37 36
66 118
34 43
81 111
33 6
116 31
80 104
33 107
37 78
92 89
29 19
54 105
37 116
59 119
110 29
71 98
78 91
78 81
108 28
92 88
109 77
88 103
15 101
63 24
95 111
51 11
15 25
81 79
13 43
37 58
120 5
81 51
107 64
86 84
98 8
93 24
113 20
10 31
45 79
64 19
71 74
81 84
3 74
108 18
60 96
71 101
98 33
108 44
38 33
24 37
118 102
78 102
70 22
69 52
90 61
13 10
73 115
112 58
94 45
69 86
21 22
68 9
55 9
1 88
92 54
113 36
7 10
69 23
91 61
75 35
106 39
51 62
114 46
102 20
22 63
14 10
93 23
20 18
79 31
38 49
70 113
113 111
56 95
2 25
118 54
112 104
40 38
37 52
78 72
19 7
34 86
85 90
86 27
14 59
38 13
109 2
112 66
90 113
107 72
74 105
12 93
45 100
93 36
114 71
120 92
18 63
113 102
87 52
119 43
55 57
44 78
3 64
88 56
112 62
61 80
95 84
37 118
53 46
119 17
19 7
44 2
95 26
60 62
25 108
116 52
47 3
81 53
117 69
31 117
71 63
64 27
77 27
79 68
11 41
23 111
28 51
76 51
38 117
63 40
6 12
6 24
67 23
68 14
2 99
98 10
87 43
52 112
1 56
23 5
53 103
15 54
84 45
48 102
5 91
89 92
8 41
83 85
95 29
28 64
102 65
92 64
11 23
28 87
55 2
40 2
67 56
116 34
112 56
77 87
25 117
71 115
67 114
102 82
88 74
87 22
39 103
88 70
46 4
86 60
60 90
19 32
28 17
44 87
97 64
23 74
46 25
21 57
54 109
115 5
73 52
108 25
87 7
115 19
28 85
64 93
67 104
73 92
66 45
18 97
115 88
110 40
103 97
13 44
92 85
55 8
60 114
17 115
20 99
14 25
85 113
19 87
103 58
67 92
46 22
33 53
117 29
9 69
83 22
52 82
103 58
90 65
33 52
54 119
77 109
49 48
42 119
104 100
83 103
31 33
71 64
94 23
4 64
5 111
25 119
83 42
92 32
98 49
61 116
117 87
54 52
5 90
100 81
26 4
103 48
45 100
82 3
105 107
91 105
90 90
86 85
50 115
31 79
90 62
17 20
31 33
35 41
120 82
104 112
32 6
27 2
6 54
55 25
57 79
117 55
95 8
73 31
102 100
7 8
68 100
61 99
101 36
12 101
25 86
110 8
119 33
85 53
6 14
33 82
114 39
96 104
16 88
116 53
6 50
69 95
37 76
10 110
52 45
99 21
23 90
68 106
23 70
50 90
19 114
81 110
62 115
86 52
45 108
43 29
86 50
57 115
49 85
41 71
34 13
115 12
114 75
34 19
116 38
76 75
91 31
107 85
6 89
97 79
113 106
24 8
11 95
3 61
11 69
61 23
34 12
57 38
7 93
93 69
102 80
98 86
68 33
115 63
81 83
50 71
120 46
69 94
112 3
14 54
50 96
25 16
70 92
73 111
67 34
119 1
77 108
22 42
45 30
96 119
11 45
85 39
67 92
22 116
72 71
28 5
116 44
110 78
112 66
49 88
39 97
84 1
76 58
25 22
14 105
10 84
57 86
84 24
54 100
72 116
43 86
92 10
89 100
45 58
93 97
109 51
72 61
62 35
60 34
12 29
42 7
41 8
119 15
86 78
61 58
114 7
18 48
40 87
112 46
79 42
70 69
65 56
62 107
44 116
87 55
23 6
120 27
62 9
66 70
106 98
81 73
112 22
88 10
47 113
53 49
53 43
35 50
72 30
58 53
48 40
117 105
110 66
114 34
11 85
38 80
65 50
102 63
114 31
117 17
63 74
105 45
92 102
62 86
55 6
1 68
26 72
13 96
29 64
93 3
24 68
24 82
2 105
108 93
117 50
81 40
30 31
106 94
70 93
88 108
87 54
66 43
96 22
76 13
48 29
88 8
95 58
71 110
107 94
100 107
81 56
112 37
54 6
30 37
6 33
18 43
101 107
71 56
71 69
55 65
113 22
25 89
66 33
71 7
68 55
49 50
83 26
37 31
77 10
51 108
69 39
87 37
64 104
42 21
38 48
91 67
24 20
15 80
29 80
110 71
28 77
82 85
113 116
50 54
37 7
16 74
44 18
90 54
54 87
83 28
91 106
107 58
26 49
60 2
98 1
53 59
2 82
63 17
22 88
2 46
33 101
56 48
23 17
82 59
92 105
74 89
30 18
57 47
70 4
49 119
34 84
62 3
8 117
98 97
12 56
53 88
85 21
13 70
18 39
54 81
10 41
6 11
112 87
6 20
81 71
102 29
49 70
78 74
91 10
68 85
65 44
85 58
5 41
52 14
48 38
50 117
22 93
70 51
9 110
20 17
112 11
67 26
65 19
5 18
95 3
83 81
38 52
61 8
65 106
59 41
46 80
95 16
72 120
84 39
42 16
22 95
19 63
33 54
6 19
81 57
108 27
22 113
59 69
14 116
37 18
12 38
100 12
59 24
80 97
94 95
48 119
13 64
47 58
100 90
110 26
116 120
120 73
46 84
65 84
118 73
61 83
85 34
97 89
80 55
37 113
11 102
46 111
12 59
20 110
55 26
89 12
47 53
18 42
39 84
4 21
114 26
66 69
21 25
98 100
72 52
48 81
58 8
50 17
32 71
59 96
97 80
74 45
106 9
96 97
74 76
96 21
14 104
96 78
95 107
1 120
102 10
114 96
120 92
48 19
98 102
12 110
37 70
107 42
82 9
68 3
56 53
73 47
21 73
81 42
79 78
94 115
69 18
74 25
106 107
118 49
38 61
63 110
50 96
40 114
46 28
90 39
66 46
60 50
92 15
86 68
48 36
86 2
29 69
4 47
117 78
45 95
113 36
56 30
93 118
66 62
109 93
32 13
12 34
30 97
5 52
17 79
75 44
16 77
45 100
88 86
120 83
98 16
106 13
17 31
48 31
42 56
120 77
22 91
34 85
10 39
32 64
75 119
68 17
118 21
64 80
31 47
103 106
88 90
42 78
35 36
37 95
102 9
32 63
96 66
31 115
7 25
110 67
5 91
35 67
43 86
46 45
40 12
15 70
93 60
67 24
50 1
69 10
77 110
79 44
102 2
26 107
54 54
64 25
38 54
61 16
85 91
9 17
14 41
117 53
95 103
88 99
25 24
118 20
67 12
93 101
