120
1296
64 21
39 37
27 36
35 52
65 47
58 31
68 49
32 105
83 45
97 80
74 72
42 15
2 94
31 23
103 71
16 53
119 85
84 117
29 30
109 94
40 110
75 99
80 11
91 75
96 97
39 6
12 98
92 87
24 69
67 107
111 36
18 83
64 83
43 29
1 80
73 84
22 40
13 10
28 51
14 34
91 52
13 52
36 66
78 101
30 94
96 10
49 105
22 49
87 33
21 31
87 86
22 65
54 84
101 52
3 42
98 80
95 119
18 17
102 43
3 69
32 24
90 98
10 98
28 118
53 30
86 110
116 25
118 92
46 113
119 107
40 40
4 29
45 72
54 82
11 2
31 35
108 68
99 53
40 96
3 115
120 108
2 11
101 8
102 19
73 33
61 113
64 6
56 111
36 106
96 112
118 53
2 26
92 60
14 25
69 52
50 99
26 105
40 56
39 35
34 82
26 42
77 97
45 13
78 85
111 14
67 97
34 48
34 36
61 69
97 5
74 47
30 101
44 9
81 30
94 49
41 89
108 38
63 115
83 74
87 95
15 37
71 16
97 80
68 28
11 29
16 12
56 104
110 66
37 102
66 2
17 21
74 22
108 81
91 82
71 63
61 39
119 15
71 112
41 104
76 101
94 103
120 28
51 96
54 4
57 99
21 7
15 109
60 115
111 48
33 5
37 99
69 120
6 28
84 41
59 40
73 68
86 25
8 113
82 38
48 80
38 76
78 109
32 90
55 93
88 118
59 116
31 30
71 81
65 71
93 76
85 42
90 76
73 77
57 2
25 34
87 63
72 19
43 81
4 116
69 56
71 72
19 119
56 8
48 29
12 55
81 48
63 28
13 110
18 14
108 29
43 89
105 3
12 53
111 57
108 116
38 113
48 85
7 53
1 7
33 39
78 82
103 66
79 69
80 53
65 4
32 1
83 91
26 116
49 68
91 69
70 103
53 40
29 70
65 47
39 37
30 41
88 15
109 23
10 42
45 94
116 108
118 40
87 62
70 114
54 43
6 63
1 107
86 87
53 85
36 108
91 105
86 49
64 33
102 23
101 25
76 33
120 36
54 24
106 14
76 21
110 52
18 41
25 76
63 23
65 97
62 55
72 73
98 14
109 70
80 96
58 111
30 30
16 98
12 85
35 99
97 14
20 63
69 21
18 25
106 39
68 34
24 15
48 51
95 15
95 15
63 109
69 30
22 78
93 68
59 100
72 74
101 118
70 24
115 114
108 98
86 9
66 104
80 37
41 11
100 21
110 39
72 11
23 32
1 100
90 10
77 23
29 106
95 18
77 24
51 96
71 111
24 97
103 20
112 31
11 119
107 91
118 70
2 19
10 104
78 79
98 4
48 33
111 40
95 34
49 30
52 83
79 92
24 67
59 86
85 31
97 47
41 75
60 115
70 111
2 36
35 17
110 78
65 52
105 46
59 17
8 69
84 53
29 56
98 70
17 36
62 88
118 8
22 74
37 82
72 4
15 97
103 86
63 47
51 87
85 31
28 63
68 60
54 107
106 54
27 20
87 55
92 43
91 36
27 16
37 10
92 10
101 97
92 2
71 40
78 22
120 83
87 101
8 29
112 23
108 116
114 30
29 31
26 95
117 8
51 47
48 36
60 114
79 75
19 79
99 71
108 91
30 10
29 87
25 56
47 56
20 50
27 95
37 106
26 35
36 34
95 22
17 54
12 87
17 5
37 54
8 58
116 57
103 9
69 116
15 106
19 11
5 69
26 95
101 31
70 10
62 26
27 79
100 69
63 78
30 17
12 119
28 87
5 15
59 53
3 76
37 95
50 31
115 46
108 70
27 21
24 67
88 55
56 49
108 102
4 62
21 88
64 112
42 74
66 59
117 105
2 13
5 69
117 32
5 25
21 71
87 40
34 107
83 78
15 3
48 38
114 36
91 115
97 115
5 17
22 7
35 117
63 25
84 1
111 11
54 65
78 10
81 50
18 3
69 4
40 88
117 101
80 69
50 110
44 113
81 114
80 113
27 120
26 65
34 99
31 101
90 5
106 55
44 38
81 104
82 89
56 33
13 41
78 46
40 87
21 89
37 47
94 119
15 11
16 19
78 107
120 16
84 106
70 3
24 70
98 119
39 37
94 70
33 74
34 118
79 76
19 10
36 20
79 43
117 78
51 85
30 41
4 71
1 117
69 83
75 105
3 112
70 13
42 7
24 21
93 46
107 118
78 106
18 48
49 6
4 65
83 97
80 22
99 53
29 24
47 71
41 46
85 83
85 15
17 44
100 97
24 109
76 18
35 64
26 88
77 77
18 19
110 79
1 23
60 37
67 76
67 65
74 75
2 56
40 73
42 79
48 100
47 48
43 70
56 62
71 93
118 6
120 77
68 72
82 61
117 57
110 65
63 12
74 103
12 30
84 74
47 57
77 73
68 8
101 98
61 73
7 67
82 19
75 37
34 17
95 37
99 34
96 92
112 61
17 8
22 10
22 46
9 60
110 97
95 97
66 54
117 101
95 103
64 38
67 19
33 110
16 92
26 44
92 78
100 12
20 71
73 109
118 44
82 2
19 76
48 113
38 80
115 114
25 6
50 44
43 103
11 26
92 7
110 30
4 74
79 3
5 109
68 67
100 79
115 104
34 81
63 78
17 64
20 102
22 30
28 38
71 87
1 113
68 100
12 68
120 13
69 67
28 40
32 77
71 89
110 36
80 98
15 58
45 64
91 97
26 13
15 32
53 59
16 37
27 26
37 108
113 70
18 67
51 5
53 48
73 54
110 114
49 115
14 46
49 118
61 80
49 2
117 34
15 110
53 92
12 75
89 28
41 40
23 15
16 1
112 107
12 5
7 96
41 47
109 75
96 50
2 67
83 30
97 31
44 2
75 46
89 106
82 6
77 101
38 64
112 71
76 107
86 64
26 53
41 78
69 74
119 60
89 15
100 47
69 100
87 20
42 31
65 18
48 83
49 58
5 31
31 46
91 9
9 73
8 21
13 86
105 68
89 52
65 117
59 61
67 114
48 111
101 27
47 86
104 36
109 107
112 90
89 4
24 28
74 37
64 66
104 46
60 21
4 38
103 37
40 56
92 50
25 101
97 119
55 108
38 44
99 14
25 66
91 100
57 78
93 85
103 4
39 39
101 64
36 17
29 59
28 74
66 50
59 85
11 99
19 60
52 88
3 9
20 71
71 26
40 113
95 80
102 79
73 60
48 38
60 120
24 26
8 73
4 31
35 79
119 19
24 79
76 66
78 18
92 39
97 119
26 6
12 72
118 89
75 116
63 84
50 82
63 22
44 94
73 97
19 90
106 29
60 54
20 83
5 88
26 68
36 27
32 93
97 43
60 16
60 30
50 48
69 78
108 91
102 24
46 59
73 51
89 107
52 67
36 46
42 65
47 31
112 11
55 47
52 93
90 3
120 54
73 34
71 56
107 79
4 38
76 50
93 33
67 114
6 82
69 49
29 88
75 83
57 4
47 111
103 51
13 86
49 20
99 69
84 22
112 33
75 116
37 27
22 34
13 37
11 46
46 28
4 52
109 83
88 101
37 57
102 86
106 25
74 87
105 51
13 6
49 7
50 111
41 65
8 82
114 56
36 5
103 81
55 110
60 68
84 61
106 20
1 57
55 9
9 33
104 27
73 39
40 25
29 36
5 82
30 67
11 85
1 53
113 85
26 120
4 59
72 114
70 33
90 81
108 118
45 62
80 47
87 17
28 26
106 38
73 18
72 89
7 65
31 51
114 37
52 90
27 115
32 65
64 119
89 39
26 5
96 29
90 62
9 91
73 74
93 4
105 79
50 28
27 117
12 95
27 87
93 6
73 26
90 100
3 23
113 10
73 2
13 99
72 93
32 11
21 1
52 68
25 1
46 116
60 110
98 7
24 102
57 40
47 94
110 55
10 81
64 25
87 55
22 77
70 60
40 20
89 118
108 81
116 2
26 76
20 114
6 90
92 6
93 82
78 65
46 46
26 68
28 69
4 30
51 75
112 29
110 19
48 60
56 70
98 20
86 56
90 20
14 99
47 120
10 66
13 102
110 18
52 54
44 56
18 43
24 36
93 99
78 29
36 61
84 60
90 14
53 100
82 114
66 9
33 117
61 105
63 65
34 10
19 104
15 89
95 45
102 109
72 13
17 13
99 15
67 52
23 119
49 114
114 66
25 77
16 68
21 35
96 59
49 30
50 81
26 43
80 81
76 23
26 21
31 9
102 115
29 85
95 42
71 60
74 83
47 109
38 108
18 87
98 32
1 57
50 23
42 80
31 112
105 35
103 38
96 93
17 97
50 5
104 12
59 89
112 4
105 62
8 105
102 118
96 55
27 59
15 88
53 79
50 95
25 115
73 3
34 65
87 61
114 119
1 103
107 39
18 42
39 24
91 61
80 20
79 30
87 44
60 113
102 21
119 91
101 10
31 71
75 3
59 76
52 116
93 71
117 64
47 111
104 11
41 34
46 63
15 38
46 62
120 90
42 48
24 34
40 35
64 27
68 84
12 24
13 16
87 74
64 115
96 66
117 56
15 97
16 32
23 104
15 112
42 67
101 76
15 19
120 73
67 111
6 109
63 54
117 115
82 16
7 47
79 116
41 18
41 82
11 4
29 98
101 61
61 6
18 99
3 70
7 38
81 49
79 68
99 105
19 2
92 9
20 55
72 30
81 66
97 15
80 19
28 74
54 15
91 92
17 76
13 85
28 38
35 89
14 39
43 44
85 8
108 52
69 61
80 5
10 50
112 102
42 63
56 21
6 57
120 69
110 14
80 116
93 103
71 72
54 1
60 69
75 74
117 64
110 47
76 14
102 106
67 15
81 120
89 100
7 20
52 5
16 71
84 6
81 115
73 101
38 108
69 26
107 68
107 42
23 20
3 47
106 52
43 99
11 31
42 53
40 34
40 116
7 48
83 80
40 120
23 78
91 91
29 70
60 55
31 63
116 99
54 29
24 14
28 19
61 35
26 99
27 75
8 34
114 117
113 78
63 95
38 19
36 43
17 117
85 106
5 38
30 29
93 94
116 38
7 31
85 84
12 34
70 63
8 114
82 28
20 31
4 91
87 58
47 53
77 44
117 31
63 90
10 55
81 47
27 31
36 107
63 108
104 99
93 78
13 111
94 116
120 103
49 57
27 44
56 46
52 62
7 11
90 9
3 49
83 103
60 1
81 21
83 97
118 9
119 6
96 67
41 87
63 23
116 14
31 5
13 88
92 63
70 109
104 30
86 17
95 117
119 25
99 14
9 85
47 38
62 1
9 106
55 97
118 93
101 74
41 101
85 117
89 62
67 110
27 105
68 112
96 120
4 88
48 42
72 17
17 84
66 117
94 15
8 11
83 48
103 109
112 24
116 5
1 106
116 95
32 63
40 18
56 100
66 15
69 109
114 69
97 51
85 16
35 51
9 108
30 4
33 90
13 62
119 71
74 74
103 114
35 64
91 104
36 90
46 5
64 98
58 63
35 109
2 69
38 12
36 61
72 117
118 51
48 4
62 81
109 46
55 54
118 90
78 24
64 116
33 61
26 115
64 58
69 64
92 72
63 56
100 54
60 32
79 68
28 22
17 106
74 54
3 15
10 25
42 27
55 66
114 31
23 87
24 94
89 107
26 20
79 106
15 27
59 12
29 64
1 120
4 48
18 12
69 5
48 55
27 50
108 82
107 31
52 84
89 110
91 10
22 95
67 58
17 26
29 36
105 5
71 95
117 76
5 42
120 45
119 108
29 45
14 90
38 27
102 56
67 79
52 94
37 61
111 58
118 111
50 89
113 4
58 32
13 27
54 96
17 7
44 101
116 13
46 33
