120
1440
9 45
1 10
47 99
39 65
38 54
68 79
2 70
37 27
23 54
13 93
32 43
49 95
81 69
105 71
81 36
91 89
13 10
110 18
116 5
33 86
44 69
68 72
113 47
77 29
51 6
65 31
24 84
56 107
94 8
13 72
28 100
20 22
3 18
72 116
108 77
50 37
39 105
48 103
12 74
114 22
56 65
20 43
106 74
79 12
79 83
31 104
79 7
85 50
105 14
75 43
72 83
115 5
71 81
3 44
11 60
18 120
118 99
70 110
24 26
108 40
17 83
64 117
75 78
111 95
108 80
70 45
60 35
3 5
85 64
80 39
46 50
44 103
39 80
1 77
112 31
5 105
91 81
86 35
27 68
112 15
91 112
101 2
88 58
94 113
4 82
80 30
57 1
50 10
105 14
99 44
88 101
62 76
19 102
60 84
73 46
4 56
37 120
43 78
54 94
85 115
4 107
94 25
81 74
42 88
59 39
54 18
94 1
93 19
5 110
29 58
43 86
69 82
59 66
94 84
6 4
38 5
23 92
84 71
108 42
40 35
28 18
112 90
96 106
114 79
102 1
10 45
3 11
21 67
117 37
19 57
36 103
32 116
38 40
96 31
73 41
100 66
51 61
47 34
81 20
39 106
95 83
49 23
69 110
6 58
52 91
73 47
74 53
107 76
11 103
37 27
104 65
85 20
90 56
102 51
110 63
50 117
47 48
81 114
100 47
77 94
9 31
113 54
119 118
57 1
24 97
95 8
3 25
37 30
117 5
49 56
80 19
73 37
21 15
84 8
33 29
41 3
57 16
78 57
72 47
50 89
92 24
25 72
100 1
58 68
65 5
19 48
86 116
42 69
53 105
19 17
65 102
39 79
117 100
77 65
19 53
87 112
68 51
28 54
54 16
57 30
64 65
31 81
17 92
66 42
48 22
104 24
45 80
31 107
68 29
25 59
75 114
57 37
101 5
5 36
85 61
100 29
95 25
76 34
30 46
19 13
15 112
119 52
76 90
3 111
96 78
106 79
107 28
82 113
5 25
34 119
45 48
117 15
4 15
11 10
4 74
76 19
88 12
74 110
102 61
17 9
109 104
18 89
45 20
96 30
60 9
62 7
31 5
78 72
18 86
77 91
29 15
38 69
56 48
26 115
96 78
83 17
42 6
39 59
93 9
38 64
26 108
102 21
73 85
16 115
98 3
5 1
97 61
10 48
64 8
66 109
16 25
98 35
13 103
73 82
91 14
100 66
23 80
37 106
69 100
34 95
116 19
113 92
110 62
82 77
101 79
107 65
101 11
41 21
38 43
75 95
57 114
37 36
97 113
1 18
111 20
6 4
100 23
20 14
30 42
38 16
49 95
92 32
24 61
101 45
63 88
36 12
111 29
38 91
84 109
61 69
37 25
34 118
80 119
116 71
6 97
111 94
109 115
35 80
92 70
31 53
44 12
44 12
42 10
41 84
5 60
72 39
82 71
107 62
119 93
98 68
118 90
99 15
71 21
56 103
6 26
1 22
85 116
22 96
74 62
106 40
29 68
83 69
66 25
23 28
84 17
17 88
10 86
57 91
78 114
27 51
4 115
81 24
114 53
77 46
28 24
46 105
104 74
14 78
9 49
15 28
8 74
55 43
5 59
71 90
89 107
18 18
113 12
120 43
27 19
77 74
71 68
111 87
31 100
46 1
51 19
15 19
115 98
106 86
48 97
17 91
33 95
26 66
80 96
70 78
15 96
20 97
95 94
15 68
30 37
3 17
33 107
15 69
67 72
32 42
8 48
32 21
35 72
99 80
59 117
117 51
76 112
27 64
28 105
7 81
33 102
80 60
87 110
83 97
71 5
4 94
76 22
44 88
66 89
40 6
3 56
64 76
67 86
116 5
31 27
117 6
56 52
73 98
63 15
14 102
70 71
96 45
33 113
82 19
99 109
97 68
19 105
46 109
100 15
45 116
97 110
105 59
78 3
87 32
44 31
100 76
84 19
88 116
118 69
113 97
37 49
97 3
39 41
105 69
103 13
93 51
90 97
89 77
92 77
94 4
57 43
3 48
85 38
9 32
88 62
68 114
38 55
113 56
30 84
92 31
2 85
75 88
27 117
88 34
9 28
68 22
35 68
83 116
91 87
40 45
18 6
31 112
59 21
100 41
100 88
103 49
1 5
30 49
72 35
84 65
32 38
13 103
34 57
78 74
39 30
7 63
82 22
51 49
17 52
110 74
54 95
37 4
25 25
22 116
49 58
24 112
116 41
120 5
41 108
44 35
56 11
30 98
45 11
20 115
76 86
64 98
100 116
25 10
71 97
55 35
27 51
98 62
60 114
119 91
47 60
38 62
88 90
101 28
44 54
43 67
86 26
24 92
68 71
77 28
105 61
25 19
24 8
33 114
90 45
117 14
57 76
102 71
77 24
23 46
73 20
82 35
74 94
48 70
111 83
117 85
108 27
13 47
15 68
118 102
76 102
54 29
35 13
17 115
46 92
89 78
30 51
64 61
6 114
4 90
120 29
4 38
49 47
109 49
27 71
93 73
3 81
34 65
61 56
55 104
86 46
28 26
48 16
81 107
51 60
109 22
109 97
39 120
44 113
99 89
88 78
16 53
26 50
6 91
19 85
28 81
83 30
79 102
73 59
80 102
17 26
64 25
37 46
115 82
11 95
68 50
74 116
37 4
38 83
80 66
23 81
54 67
107 6
92 99
4 54
16 97
56 17
48 75
66 55
29 2
56 41
74 12
83 9
21 60
99 102
59 86
45 23
101 111
73 77
3 34
16 13
114 99
117 74
103 46
70 80
70 100
13 21
52 31
70 16
115 39
20 29
85 59
1 111
77 85
62 90
35 38
10 25
51 38
113 19
100 48
117 117
88 76
82 72
42 101
101 17
72 13
31 112
68 3
115 101
66 77
34 105
84 29
21 22
66 120
101 102
99 63
39 19
14 110
95 72
22 43
91 24
48 68
94 102
39 97
33 12
111 56
93 9
60 57
109 59
46 47
69 116
30 10
41 29
8 38
73 10
16 95
77 1
12 56
74 64
108 35
1 30
42 88
27 119
54 58
13 33
77 110
31 87
75 106
7 55
49 116
31 8
119 7
42 37
85 6
105 90
83 17
41 32
48 84
103 50
11 22
53 71
102 62
106 18
88 14
61 78
51 21
108 20
63 24
92 105
42 80
103 80
116 117
35 53
39 26
2 17
75 83
93 30
14 105
91 9
14 88
82 77
1 94
90 79
95 25
80 92
20 83
82 118
68 105
55 115
58 88
49 34
71 44
35 52
104 51
46 11
40 33
29 9
48 27
76 118
31 25
14 59
44 55
15 47
65 8
113 76
74 2
6 80
76 74
42 43
36 10
18 87
91 90
83 3
81 73
43 118
94 43
46 102
59 107
27 60
90 110
98 21
39 2
4 35
75 116
23 37
68 88
97 46
83 12
109 18
102 71
107 66
103 41
62 81
81 23
82 51
49 112
107 82
7 90
59 88
7 77
63 42
99 32
47 31
4 114
80 20
2 109
54 99
33 38
13 105
31 55
62 64
36 64
52 51
12 56
101 68
79 22
13 30
42 52
97 57
59 11
42 99
80 14
30 43
99 43
74 92
20 62
31 81
71 10
36 44
87 60
117 109
95 44
38 31
57 112
109 48
9 39
11 32
78 51
64 79
1 34
65 28
52 89
31 119
44 48
35 14
87 68
97 32
18 116
34 64
42 21
9 7
57 22
90 40
102 10
103 51
40 4
12 12
36 56
9 44
2 72
3 39
85 85
89 2
50 35
45 23
71 18
4 3
52 72
87 35
27 34
72 68
37 54
12 37
8 61
77 11
89 69
43 65
6 66
120 64
22 31
28 13
63 67
40 96
115 56
42 73
83 17
72 112
100 50
105 46
56 69
6 10
1 16
88 116
33 33
17 69
81 120
19 36
49 66
81 120
22 75
36 27
20 15
67 28
9 58
4 6
3 2
114 72
48 88
67 46
25 65
27 77
112 67
66 58
104 63
107 90
50 10
28 110
84 116
2 39
107 24
69 13
95 50
61 81
107 53
60 110
85 118
50 53
77 30
79 69
63 41
86 106
26 31
64 116
58 55
49 120
58 8
18 27
83 40
35 87
106 54
108 42
106 115
44 97
50 109
68 26
59 109
7 24
118 22
48 47
65 50
23 13
19 40
76 45
49 10
116 82
77 53
58 45
66 16
41 4
15 108
88 89
12 44
31 62
54 52
39 38
64 47
81 44
45 26
31 91
2 31
116 8
61 17
66 73
17 25
62 55
77 41
38 67
92 6
81 94
22 112
112 18
27 16
13 95
26 11
58 76
99 109
30 57
93 62
37 91
71 22
11 97
112 67
3 50
113 59
24 91
78 6
118 106
112 54
16 112
110 67
45 51
97 56
14 8
116 51
96 107
108 66
63 113
9 5
75 106
89 95
43 83
43 16
62 84
76 75
74 44
64 38
12 97
51 5
111 102
38 88
10 118
120 23
15 73
112 49
84 32
2 69
7 62
2 67
8 7
52 65
21 106
54 78
73 58
116 92
67 88
85 41
97 72
76 20
116 50
99 81
85 44
116 25
25 43
63 11
8 33
119 21
56 89
56 105
63 53
5 59
52 108
73 58
115 119
56 107
54 114
5 9
65 71
98 72
112 110
33 9
69 24
42 96
34 21
110 112
96 113
104 100
108 2
103 101
117 62
6 82
40 46
59 84
118 43
99 14
90 110
92 39
70 4
94 27
115 31
60 46
97 103
40 106
88 90
49 3
19 66
46 118
44 54
106 23
47 37
87 38
51 2
50 78
49 112
115 40
12 42
9 111
106 26
112 35
13 112
97 69
32 115
2 85
58 66
69 51
1 94
117 46
48 112
54 106
79 12
51 93
19 92
11 86
103 46
93 71
120 111
76 45
89 108
90 42
72 95
25 95
12 118
57 62
83 38
79 88
47 18
98 91
89 54
15 77
28 19
72 73
25 69
89 108
5 86
1 69
94 63
100 80
73 85
64 81
10 60
54 9
77 13
33 26
39 42
52 12
109 63
52 113
88 76
90 76
23 103
6 116
20 66
110 111
30 70
62 1
106 28
26 96
98 79
17 5
27 8
95 100
105 109
29 24
24 92
29 60
30 84
84 1
51 105
8 31
83 83
87 66
65 44
81 21
51 70
59 9
110 21
35 94
80 47
110 101
44 104
33 29
90 98
17 98
116 117
66 89
78 87
116 90
22 101
2 92
95 118
118 49
73 118
78 71
115 119
106 61
6 91
25 21
82 52
95 82
38 73
34 22
6 8
56 32
56 6
117 74
96 2
76 13
66 15
40 22
104 50
45 52
77 18
5 87
83 100
60 27
53 83
101 75
49 27
85 33
2 96
118 3
80 72
104 73
7 24
97 29
102 66
94 46
72 21
17 90
3 82
65 4
60 84
78 91
111 69
79 81
100 106
115 79
104 77
15 120
113 55
112 92
106 110
62 80
3 64
39 37
100 14
18 63
46 28
78 60
8 114
120 106
46 102
23 70
42 97
57 116
113 23
29 120
46 103
97 2
88 115
116 71
16 8
29 17
29 43
70 31
101 36
84 31
82 11
71 59
72 78
51 50
82 115
111 13
34 44
10 68
93 35
56 47
108 102
6 74
117 49
11 76
17 21
22 93
82 92
60 116
107 113
88 61
116 24
78 44
99 89
6 76
72 40
118 103
11 79
41 37
117 70
81 63
55 104
88 36
55 3
58 96
3 86
114 117
1 87
86 45
106 1
64 100
25 16
63 45
107 66
61 94
42 19
79 8
50 19
66 111
62 70
82 78
86 21
89 28
23 79
119 25
53 76
36 78
12 101
22 56
64 108
34 13
80 61
15 102
110 118
115 114
79 71
62 67
37 79
80 37
44 108
30 53
7 97
57 78
63 14
31 119
32 8
66 66
35 103
71 46
75 17
19 106
19 65
70 117
30 96
18 22
83 57
120 67
54 24
31 93
113 104
5 110
111 73
67 43
111 19
79 39
27 103
58 12
10 95
110 34
65 62
116 3
112 67
35 34
5 12
27 27
13 29
57 106
57 75
99 14
84 55
120 9
34 110
64 32
28 100
119 51
45 103
41 56
116 15
75 119
46 63
13 66
61 35
53 97
48 63
42 17
107 24
40 106
116 117
21 21
83 106
106 47
59 56
103 95
84 65
35 94
113 109
23 42
60 6
54 43
93 34
31 64
41 76
35 25
98 101
96 81
96 54
18 61
34 30
50 72
101 97
29 29
115 57
30 94
37 71
74 81
117 98
2 52
73 12
86 23
80 16
66 19
27 57
112 107
26 25
101 107
81 67
71 107
72 105
74 38
24 46
67 87
61 9
97 49
73 78
9 67
32 102
77 79
93 15
97 24
78 13
20 2
15 14
102 64
28 42
111 60
117 88
91 40
1 31
112 47
99 111
15 3
29 29
71 61
34 19
47 80
112 85
5 63
