140
1764
26 106
82 53
118 69
69 98
73 135
86 50
26 105
70 85
9 47
65 79
92 7
17 51
49 131
49 5
42 90
135 53
102 6
16 138
74 7
118 73
49 137
24 140
92 36
125 68
66 6
124 119
58 48
93 88
99 140
130 66
66 81
131 28
5 112
50 84
39 57
133 131
15 92
74 15
104 114
28 123
87 38
106 82
139 139
98 89
3 71
28 129
131 140
122 85
84 62
40 118
123 58
20 92
131 17
57 11
45 82
21 105
24 123
122 69
92 122
70 92
20 46
78 122
124 41
107 23
26 17
59 8
17 63
10 74
46 21
131 121
98 6
130 82
43 103
31 9
102 86
29 124
73 76
16 66
112 62
22 19
97 9
32 106
16 85
140 122
30 31
99 65
62 80
40 93
49 53
86 109
25 11
41 67
116 98
8 137
46 114
113 18
86 15
34 68
62 17
113 13
95 32
132 2
62 79
29 94
94 54
124 127
110 114
27 63
137 116
36 129
33 16
84 97
14 72
96 37
98 55
57 12
25 81
107 98
69 138
50 69
60 38
30 26
115 70
3 95
121 137
43 71
72 111
134 110
41 50
70 72
29 48
117 110
128 6
90 97
31 131
14 77
131 20
139 59
92 7
38 28
65 24
62 48
118 133
46 126
117 138
34 10
74 75
137 94
115 105
77 74
59 16
127 77
136 61
104 66
57 83
122 114
77 135
55 104
1 53
69 21
63 104
78 84
41 14
29 17
35 31
114 98
56 59
69 34
18 49
130 9
80 45
10 106
126 7
29 70
120 100
129 1
100 39
123 8
129 34
3 60
2 110
36 54
87 85
20 31
8 59
51 32
107 118
93 102
69 135
131 96
61 11
43 108
22 11
71 68
113 12
122 29
140 42
134 17
131 139
13 57
16 38
16 35
1 139
137 106
44 26
93 39
47 57
46 9
45 66
64 119
52 46
110 12
88 38
120 107
95 117
44 118
61 9
110 137
92 112
17 22
1 50
120 31
107 49
78 20
46 97
37 71
36 35
34 39
43 38
5 47
107 64
132 105
80 4
137 71
30 21
30 41
54 134
74 53
2 136
110 99
112 22
79 13
100 97
124 2
50 134
39 119
65 88
134 18
78 77
58 77
85 80
49 34
73 28
86 68
88 137
29 6
126 55
107 126
110 134
85 123
111 132
68 133
27 33
129 90
19 6
46 26
6 78
114 130
27 65
125 107
8 76
107 54
82 132
30 126
34 39
99 116
87 114
75 10
122 52
122 33
43 140
43 28
136 80
80 45
87 67
119 25
66 15
129 134
57 14
93 108
63 60
62 88
31 88
119 67
97 127
123 11
43 31
118 61
134 99
23 2
38 31
18 11
70 55
73 32
55 54
139 8
100 125
77 106
102 137
65 90
139 56
126 107
79 43
38 129
22 115
61 74
103 23
12 17
127 86
69 20
80 92
13 71
10 140
84 65
110 117
83 71
1 78
32 80
128 108
80 24
125 10
38 120
9 135
127 105
121 49
33 51
59 91
32 95
125 137
1 41
62 91
24 34
131 91
93 138
32 29
12 87
109 27
66 128
33 17
107 20
111 13
96 76
109 58
35 17
106 75
14 137
46 85
13 133
140 34
134 101
101 80
31 70
69 50
28 29
4 33
35 79
119 70
49 96
29 129
69 75
48 111
4 28
77 75
55 9
134 110
44 57
32 114
100 25
1 48
122 17
131 111
118 27
45 115
91 95
138 64
74 17
60 45
50 51
41 85
46 55
49 127
53 1
76 111
61 66
85 46
35 71
25 30
80 30
17 137
4 40
18 6
105 4
46 139
59 70
77 42
119 96
95 33
66 13
24 77
48 123
77 112
46 123
51 83
135 120
84 28
22 20
114 96
92 102
103 135
30 114
28 4
22 94
65 95
137 69
102 67
133 109
139 15
71 69
86 22
131 81
46 13
18 98
16 44
47 35
39 13
61 136
124 21
61 86
111 114
19 102
19 56
15 84
28 105
102 77
128 70
24 45
24 111
26 59
97 32
78 60
132 100
108 102
88 40
118 126
85 27
122 57
32 47
54 3
115 136
43 19
92 55
90 2
46 112
84 69
3 124
119 27
78 55
114 88
15 6
37 75
52 93
58 137
26 33
112 126
125 65
21 97
117 48
90 80
68 36
36 37
117 74
61 3
130 107
75 77
25 109
114 37
7 79
95 123
135 86
125 75
29 31
36 117
58 73
69 74
72 40
34 10
13 27
58 66
66 76
36 82
77 14
76 128
19 106
35 11
114 86
54 118
133 88
91 9
1 103
71 71
116 39
139 49
37 59
114 77
24 34
130 76
95 117
122 112
21 71
136 52
59 88
44 3
42 106
103 45
78 31
121 49
11 74
46 95
7 102
82 9
127 93
72 20
35 96
111 67
23 138
111 1
136 128
57 118
98 10
78 122
94 18
79 11
124 84
89 51
116 128
11 105
108 84
23 140
70 134
48 110
15 128
75 70
117 12
36 136
3 45
127 46
89 99
42 31
100 33
34 111
61 49
20 47
30 131
128 139
47 76
52 123
137 1
70 100
101 130
121 119
27 14
73 71
92 30
102 64
29 106
26 134
27 39
75 29
122 118
14 18
12 51
52 114
131 122
57 50
105 49
68 40
53 127
134 49
8 100
110 24
77 89
29 27
72 13
28 105
128 26
125 44
65 6
9 105
56 55
62 71
58 13
57 116
69 84
99 49
10 110
133 113
51 91
77 62
60 121
133 5
134 86
45 131
85 80
75 36
71 47
129 26
17 114
29 81
33 12
125 58
61 131
104 113
130 37
50 110
128 36
74 1
95 99
112 30
47 100
119 2
66 18
86 16
75 108
51 56
89 10
120 89
47 118
129 31
13 75
84 128
103 42
132 22
120 83
72 18
3 73
97 109
62 43
53 101
30 13
133 10
137 65
83 105
98 37
25 105
134 140
94 50
123 18
139 13
79 64
28 4
9 9
5 96
137 79
66 74
28 107
57 68
7 29
31 123
135 36
46 17
63 24
127 2
21 26
121 33
117 80
31 117
48 115
114 77
14 2
102 122
11 84
31 51
43 18
74 82
135 60
94 27
130 54
100 121
139 7
74 120
18 48
88 81
29 2
139 108
133 72
121 110
28 139
3 94
105 71
107 137
4 79
112 120
101 104
86 92
34 111
79 126
21 90
9 25
17 53
33 34
87 84
57 14
133 19
59 4
97 13
4 61
86 91
88 133
10 134
69 29
120 36
51 82
25 2
33 14
126 37
15 46
78 34
116 139
74 85
24 70
79 103
49 136
108 54
38 32
7 121
129 43
109 5
129 118
137 11
139 120
124 71
34 101
90 108
136 99
67 113
74 15
112 4
135 79
73 107
105 91
47 60
117 23
100 21
28 80
96 35
92 79
127 32
33 36
138 31
7 84
132 19
123 72
15 33
47 1
1 68
50 27
51 41
69 77
16 120
9 15
15 118
43 3
131 69
66 56
35 114
49 133
97 72
118 116
2 69
24 34
120 102
17 119
63 49
92 62
51 2
73 73
32 15
70 25
69 93
102 53
130 36
16 19
89 107
114 24
40 92
126 86
104 111
52 48
122 99
22 23
138 72
1 41
91 136
95 45
12 43
23 9
36 66
111 73
113 24
38 14
103 80
91 5
78 9
78 69
79 68
105 111
100 84
108 59
121 128
61 8
35 109
73 116
21 51
108 47
110 8
86 42
126 124
135 57
43 61
93 19
111 134
117 20
94 106
125 55
14 106
103 36
101 5
83 66
10 113
72 10
69 62
56 53
48 69
94 66
80 94
28 122
34 100
108 108
64 135
13 54
22 97
54 43
72 62
6 113
57 72
107 30
106 61
80 77
67 29
39 140
114 126
33 68
72 101
140 48
110 1
47 116
131 28
9 51
98 7
40 87
17 108
66 31
68 86
34 134
37 17
4 16
121 88
13 71
5 45
21 13
110 56
20 80
69 113
13 20
69 11
139 25
119 77
40 36
35 112
124 16
29 48
52 81
72 104
29 11
3 125
37 121
106 78
97 78
25 133
116 103
46 69
18 4
139 79
5 84
28 137
83 40
101 138
106 74
41 134
19 20
99 31
71 135
100 50
40 10
90 72
125 58
20 39
65 35
63 93
40 52
60 28
81 92
48 43
110 85
114 10
128 56
55 21
80 33
43 58
65 47
38 79
45 128
132 110
62 56
123 121
18 28
127 108
33 130
136 4
102 111
81 39
51 112
78 64
4 134
5 116
132 73
28 96
56 2
19 56
117 91
139 35
90 83
99 62
132 50
115 72
82 47
74 49
92 64
69 102
34 26
101 88
50 128
77 86
133 30
4 26
81 95
77 76
4 85
124 13
23 56
111 108
106 74
116 116
69 117
23 12
47 79
50 1
140 98
41 5
31 24
95 2
77 36
98 20
46 89
61 1
133 140
109 4
91 41
15 118
70 83
85 103
32 18
124 71
9 38
86 17
18 13
88 89
21 78
34 18
121 43
100 49
68 58
55 91
94 54
129 44
34 60
34 86
2 92
59 75
73 134
1 3
111 98
7 20
7 129
108 115
137 50
53 41
105 122
2 82
41 83
57 26
47 135
98 31
8 53
28 85
57 8
65 22
55 96
99 81
44 63
4 101
20 125
83 138
54 114
125 107
82 5
28 133
135 123
88 22
32 44
91 63
130 53
105 66
101 19
84 134
44 72
14 17
17 129
140 100
35 11
113 128
28 41
52 137
61 45
131 26
87 39
109 4
72 78
72 55
37 69
73 114
86 98
55 97
82 14
109 66
12 132
109 17
116 34
62 11
112 34
74 113
115 81
32 37
90 106
6 139
19 30
57 3
82 119
19 36
98 23
50 120
89 124
2 127
58 15
117 102
70 58
107 134
96 13
69 122
50 1
124 133
26 138
51 110
137 14
4 53
47 67
102 86
26 80
22 86
123 38
128 124
106 135
95 112
110 74
4 84
22 116
91 122
1 92
16 20
11 75
84 78
3 71
68 91
118 67
8 115
53 25
58 57
32 73
105 129
4 16
73 77
16 101
73 47
92 77
65 77
101 61
20 24
29 82
13 12
124 18
29 59
31 117
96 119
51 68
39 22
27 112
119 100
26 13
44 75
27 5
61 35
41 123
124 70
89 103
77 106
130 103
43 117
122 52
55 3
67 50
28 138
30 22
88 59
77 54
51 87
102 76
59 72
86 86
105 138
10 90
120 50
54 8
99 51
93 41
43 38
124 82
24 104
118 135
55 57
55 15
114 35
91 87
89 5
53 12
78 136
87 67
47 71
46 49
57 93
109 28
20 6
1 19
76 3
24 20
23 5
114 119
97 43
113 45
28 133
40 77
104 84
127 62
136 18
119 23
16 113
19 34
60 69
29 93
105 37
55 102
65 66
62 60
26 53
42 22
90 105
112 125
22 30
117 38
14 105
64 105
118 93
93 130
65 34
93 97
48 97
10 136
55 128
44 90
29 108
123 45
16 136
52 19
42 136
70 37
75 114
25 123
79 35
38 30
88 46
86 127
78 23
111 71
79 6
63 118
121 117
45 45
86 31
103 112
51 99
119 70
66 100
79 70
49 26
115 109
18 99
10 32
83 83
50 85
127 73
58 126
129 12
27 42
63 108
125 57
114 22
6 74
107 27
45 20
3 18
88 46
64 72
12 92
15 104
89 93
50 80
95 19
38 28
37 101
37 68
71 137
121 11
116 101
53 61
54 28
14 51
33 37
74 75
2 95
4 124
124 51
129 95
60 108
42 129
8 100
41 78
130 94
60 105
40 128
126 114
131 94
62 137
130 53
87 83
110 127
77 104
11 103
58 110
13 90
137 82
42 13
48 133
20 49
2 70
139 69
71 108
69 83
85 33
98 20
51 32
60 119
109 50
62 132
57 51
76 109
108 61
80 51
65 27
47 121
20 3
81 138
107 1
126 54
32 113
75 124
114 98
45 36
111 49
59 111
75 60
9 57
108 9
107 4
119 108
123 8
85 97
3 138
123 129
72 86
84 69
40 4
68 25
41 75
20 30
58 33
47 42
36 19
1 94
62 133
80 67
88 39
115 78
62 16
11 126
105 12
71 13
15 6
5 74
2 66
97 134
124 39
52 48
62 135
46 111
12 76
129 140
61 7
89 140
22 80
33 41
123 135
105 120
59 116
129 78
84 10
82 21
90 36
111 93
1 55
31 121
103 129
8 3
117 70
60 56
65 108
52 83
135 121
139 19
2 17
14 107
11 18
27 14
63 72
66 77
23 129
19 125
34 5
114 48
53 36
32 138
108 113
140 72
78 52
13 134
42 123
95 15
85 101
71 48
3 42
84 96
120 35
43 124
112 75
134 131
112 128
97 54
102 70
79 114
107 85
61 109
85 107
48 86
3 19
68 60
19 6
20 99
61 112
31 71
9 136
8 96
54 48
88 99
93 65
30 107
7 101
87 44
28 41
39 112
114 14
20 79
78 121
42 102
16 31
5 110
15 38
88 43
136 117
92 123
81 61
84 32
24 73
106 52
126 57
83 3
139 120
29 77
103 92
41 120
4 59
75 52
21 11
94 113
79 8
63 138
101 139
51 2
113 18
40 45
57 87
46 43
139 96
136 109
106 60
107 94
58 65
70 33
35 81
62 113
54 45
135 106
74 128
96 57
83 127
140 130
72 11
10 131
62 1
50 138
45 7
93 108
27 41
127 53
61 45
51 125
124 59
28 75
104 50
40 79
18 115
40 122
131 127
49 106
71 96
95 54
88 37
42 37
5 56
24 126
104 34
120 114
97 16
118 70
87 26
127 93
4 45
3 43
80 98
10 95
52 104
22 138
68 53
79 87
83 138
116 95
44 90
134 53
84 121
119 136
54 133
97 57
56 44
88 96
67 35
44 87
5 122
37 62
55 112
61 67
67 31
65 62
83 117
99 95
137 73
127 96
15 39
5 40
94 80
28 127
16 56
40 138
127 45
130 127
13 34
44 85
88 30
33 140
76 67
40 70
14 71
9 84
123 122
43 30
10 3
80 47
77 43
45 117
37 42
138 46
41 124
124 106
74 135
90 120
108 116
63 45
11 6
4 106
101 63
110 124
8 65
89 136
130 6
27 92
96 84
105 113
136 24
38 69
36 114
132 19
39 139
70 66
38 111
10 136
7 107
53 3
69 3
54 87
117 58
88 62
7 16
106 8
3 29
59 119
112 26
74 16
79 105
101 120
63 121
80 120
40 68
130 112
66 16
52 125
86 122
25 7
74 57
12 117
53 121
130 103
69 117
49 62
133 73
53 25
66 116
117 106
24 104
35 75
85 31
3 109
66 129
108 31
134 98
108 2
56 71
100 72
28 5
69 98
70 28
12 22
86 44
45 26
29 140
137 10
133 126
112 83
115 55
1 85
115 120
105 126
98 3
81 137
58 69
17 61
87 4
84 48
60 45
100 25
9 76
122 139
19 83
24 79
2 70
37 21
26 8
42 36
41 83
107 133
32 12
94 71
84 113
78 124
88 19
88 26
139 125
116 125
50 60
38 76
14 18
136 89
65 39
113 140
79 18
72 102
20 117
80 13
14 71
90 80
74 29
115 107
69 41
130 140
118 96
76 9
72 53
32 13
7 129
140 80
118 7
115 4
120 76
78 90
73 121
50 61
99 50
96 52
26 65
77 51
140 14
111 113
84 74
15 76
55 77
90 136
104 115
17 134
84 92
119 60
121 47
88 28
99 120
70 65
31 6
15 83
75 134
22 128
77 21
122 98
128 64
89 37
16 33
140 112
124 14
53 55
83 2
64 116
113 35
2 89
140 137
96 112
97 39
39 76
4 100
53 22
97 81
129 76
113 103
125 43
113 134
127 61
5 11
20 122
45 65
19 55
111 79
64 96
117 102
20 69
60 120
30 82
22 25
116 60
22 136
131 65
124 98
100 16
84 77
