140
1960
43 97
134 104
104 51
39 69
90 48
99 113
69 42
62 89
133 55
57 103
61 139
101 129
43 134
33 17
48 132
89 84
20 64
14 1
58 68
90 62
139 19
44 104
116 1
44 133
70 109
58 93
125 83
13 134
31 22
112 101
93 104
81 93
52 77
132 95
49 78
131 32
90 102
85 90
17 106
34 96
71 136
34 31
104 15
55 99
105 82
50 91
76 128
70 140
36 60
132 61
65 37
106 121
113 73
11 109
5 13
56 92
56 103
110 94
122 12
75 128
122 12
122 58
22 128
49 107
82 93
67 131
138 136
17 2
41 3
33 11
5 59
54 98
9 70
139 123
49 138
15 130
105 47
98 47
47 36
90 26
62 72
108 65
109 20
65 102
43 83
17 133
41 3
12 84
36 6
136 45
89 118
25 101
95 11
69 136
62 25
138 140
24 72
66 42
85 107
20 91
65 138
77 122
69 88
26 116
117 114
55 48
132 83
140 117
134 107
28 90
113 73
13 130
43 120
118 28
119 41
103 113
77 3
125 101
79 114
6 39
104 99
101 84
51 91
39 138
38 98
93 44
137 129
15 58
87 81
44 90
133 81
50 49
114 103
56 87
8 40
18 138
59 59
67 89
93 126
45 59
40 129
65 6
25 58
57 101
61 82
133 84
134 71
34 134
75 131
104 103
124 55
11 39
116 22
105 87
112 29
43 42
124 56
42 99
107 93
104 83
43 77
106 11
122 18
12 136
130 71
71 70
1 15
14 48
17 91
128 112
34 47
105 85
96 84
106 64
65 44
133 90
19 110
124 125
1 48
139 55
92 4
132 102
5 106
91 89
75 106
130 102
65 44
18 42
140 119
21 9
24 25
32 15
127 21
44 5
105 22
65 50
59 53
2 126
73 44
32 139
41 121
18 62
40 8
129 30
79 14
120 135
105 31
39 69
120 21
7 11
108 133
71 93
10 107
140 86
12 140
22 47
63 45
82 131
10 128
33 104
36 118
134 28
102 21
27 1
59 32
62 20
136 46
133 100
137 78
10 67
78 96
81 113
103 59
109 5
115 96
65 118
138 30
52 98
87 35
130 33
53 126
18 61
26 62
108 137
8 47
111 59
90 68
120 11
71 117
84 25
107 12
28 105
19 35
120 93
105 99
76 128
123 129
135 74
5 137
36 116
135 89
25 110
100 70
85 2
3 51
98 123
126 70
48 86
8 41
40 50
61 33
35 62
39 123
42 30
40 4
53 132
28 71
109 39
120 129
135 51
91 104
115 128
33 118
42 81
82 81
39 37
50 98
76 66
91 10
120 84
42 62
57 32
72 101
50 122
48 65
99 108
72 41
43 102
122 106
91 54
107 106
96 26
140 62
12 133
17 111
25 120
100 125
29 12
84 128
120 6
9 87
47 30
3 126
83 67
11 100
46 92
80 80
28 44
3 126
42 95
73 63
136 2
66 80
81 31
94 11
20 4
15 100
98 22
135 80
133 65
14 64
26 3
116 20
68 30
53 129
88 13
73 9
118 84
50 84
93 91
122 95
128 72
25 89
4 84
91 85
71 41
130 108
120 137
138 8
35 130
128 4
45 135
94 47
111 7
19 36
19 119
1 71
93 87
32 140
52 10
56 38
86 36
129 90
90 68
69 112
82 4
8 37
68 106
93 41
107 73
77 107
121 19
19 131
110 28
136 50
76 53
85 120
5 26
18 22
53 124
72 25
87 46
127 41
29 50
65 4
47 9
74 100
46 90
10 130
9 56
28 49
75 128
124 58
70 96
58 72
39 118
104 5
26 16
77 3
5 92
71 32
37 105
126 27
1 70
62 58
83 84
75 138
79 32
97 6
100 50
130 46
62 129
36 17
48 43
51 115
86 94
97 93
34 92
9 37
93 49
107 19
12 16
92 5
110 74
1 100
105 20
102 114
111 21
123 8
118 132
96 9
52 56
105 49
17 16
13 5
124 127
9 112
98 131
20 81
65 77
31 54
44 42
136 125
17 105
112 88
21 100
28 5
70 14
25 23
44 91
43 103
40 87
68 21
114 125
41 81
74 25
110 106
136 8
105 122
77 138
79 123
10 27
58 20
111 30
29 45
41 73
125 22
73 40
118 139
61 135
17 94
90 122
106 129
35 118
14 68
11 129
31 8
18 50
14 102
129 12
40 5
132 91
131 137
51 97
59 9
25 130
105 114
53 97
78 77
107 132
26 90
71 69
34 136
101 40
31 62
12 24
139 58
111 11
53 60
94 83
64 36
104 2
117 22
73 55
87 113
110 21
104 66
140 121
135 35
116 13
73 45
137 59
124 2
77 96
103 101
98 94
68 116
93 88
61 117
105 46
4 15
97 74
44 20
34 78
29 11
3 79
10 139
41 43
21 100
127 89
65 70
118 78
38 118
93 4
86 1
3 99
115 133
140 65
93 24
36 129
28 109
31 57
59 76
86 139
27 56
125 79
9 29
22 66
133 35
81 68
123 40
24 105
5 72
93 123
56 139
18 125
106 7
72 127
122 40
12 131
60 108
73 86
117 47
13 95
77 115
119 136
102 25
133 42
68 53
13 37
125 83
98 36
59 12
92 48
32 69
16 46
112 104
1 97
126 9
109 121
103 31
125 7
101 95
109 43
89 30
21 73
42 73
75 28
62 72
95 63
130 30
73 41
55 28
62 11
118 34
17 43
61 55
80 139
17 3
118 9
34 67
63 31
61 28
30 39
81 20
37 106
67 11
116 46
19 100
89 47
61 29
14 29
5 21
29 3
45 41
49 62
65 107
38 48
22 135
5 15
133 113
122 118
91 87
41 52
37 89
84 54
128 101
70 41
135 86
90 120
106 54
38 56
43 60
83 62
94 40
62 85
100 134
67 87
98 60
67 116
107 37
58 74
65 46
89 101
67 82
80 82
77 27
51 40
133 13
90 101
24 60
84 34
98 121
26 87
31 68
5 76
56 24
2 78
2 110
82 118
91 111
78 58
35 74
27 133
10 107
80 51
85 128
58 133
61 113
89 90
37 140
26 50
5 33
132 18
10 19
75 139
70 123
31 137
135 117
39 90
18 109
56 80
19 26
47 66
39 4
50 123
62 129
88 1
138 86
72 124
43 21
24 92
137 136
106 77
53 51
95 11
5 55
64 117
20 115
109 1
64 42
27 49
120 83
6 105
19 48
28 64
119 52
72 46
131 41
133 59
85 61
2 111
122 84
82 125
54 107
99 37
58 20
92 116
59 106
40 3
102 114
16 68
72 58
57 30
121 134
26 94
43 114
29 90
10 130
40 87
40 34
9 15
10 137
69 70
61 87
113 100
140 125
59 95
99 35
72 24
124 138
46 137
89 74
96 41
15 133
118 20
99 52
54 136
93 31
135 39
9 88
14 44
82 33
57 64
76 47
122 1
123 105
111 103
127 131
98 70
104 17
78 53
31 127
49 95
76 34
29 23
55 4
137 13
111 30
40 32
105 66
25 133
108 76
32 115
104 137
4 61
77 76
57 79
66 108
112 89
134 129
13 89
65 18
58 18
11 132
126 45
74 11
77 7
125 75
100 110
84 15
73 17
82 66
99 29
127 9
133 74
132 132
107 94
37 91
102 88
95 64
120 15
41 68
61 92
140 133
90 101
52 41
99 125
25 44
134 108
133 94
48 120
8 112
131 75
103 88
129 12
38 18
36 132
87 33
71 73
110 75
121 89
99 133
134 106
51 99
71 122
16 3
112 25
37 60
16 6
85 85
96 78
86 121
7 138
15 91
111 78
78 78
67 45
30 59
99 49
15 115
4 138
93 29
51 115
127 59
89 107
61 35
65 99
87 34
32 135
79 135
126 9
49 129
54 61
11 74
140 109
23 119
13 133
119 102
129 16
3 138
28 82
16 109
130 110
103 134
48 99
25 116
75 128
56 3
21 126
117 19
6 51
124 108
32 5
98 117
38 99
28 31
51 35
6 134
41 14
127 89
63 136
5 110
43 2
118 125
16 32
103 125
68 99
57 75
57 81
116 25
68 97
5 87
120 128
118 7
14 52
113 25
104 136
87 24
127 76
134 132
102 139
129 13
115 83
126 130
3 5
98 47
133 114
46 6
5 6
12 131
104 44
62 108
37 67
82 10
122 75
52 83
45 31
32 99
94 51
89 70
55 131
98 136
120 101
64 18
107 99
130 61
44 116
28 98
123 108
38 57
125 46
121 140
118 21
124 81
2 25
114 96
103 47
43 39
7 104
132 78
74 137
13 118
126 58
73 69
55 130
72 36
126 65
22 66
8 113
76 26
43 124
36 108
23 30
134 3
24 12
17 55
52 87
33 114
76 54
72 47
52 79
12 115
4 82
72 24
53 92
94 53
40 96
121 106
133 38
65 8
78 72
81 25
122 79
1 6
10 103
8 111
32 89
102 61
92 101
131 124
86 133
91 26
137 139
36 104
98 37
88 39
108 128
75 57
123 75
135 42
64 140
121 82
84 78
108 4
86 80
12 4
6 35
9 13
104 16
117 109
90 65
1 39
16 102
121 8
85 134
70 110
1 68
124 9
45 29
123 22
86 91
122 30
125 79
134 75
43 62
57 26
28 51
45 109
74 43
51 62
113 33
129 127
140 125
130 97
97 94
68 132
37 13
58 132
49 68
14 76
16 72
136 86
48 125
29 55
76 39
117 50
120 3
97 97
137 51
84 62
17 57
38 67
136 62
92 83
124 81
14 14
100 126
135 36
28 14
16 132
78 81
37 138
17 39
73 91
69 99
78 59
57 30
132 124
128 129
49 53
45 12
113 87
66 97
54 131
17 55
29 110
41 36
28 65
76 31
110 132
117 18
108 103
72 104
72 39
42 90
93 139
82 126
85 103
13 69
29 109
44 113
118 94
77 36
66 47
103 64
43 1
6 134
117 91
47 71
110 3
9 107
39 127
34 8
93 89
37 12
115 32
58 60
70 86
97 1
8 129
132 92
44 133
140 58
3 34
73 43
71 64
57 74
114 5
65 137
46 106
109 125
140 38
94 140
115 96
82 44
133 20
78 97
129 17
21 121
130 40
111 2
22 59
58 85
109 55
90 57
60 80
71 1
49 32
136 14
40 133
41 60
132 13
52 139
10 35
108 21
133 9
95 69
62 16
21 135
18 67
116 109
103 18
40 63
120 24
94 126
69 56
118 102
57 92
44 41
89 15
38 53
70 60
56 123
13 36
93 39
19 2
56 139
10 122
5 112
95 34
63 73
132 91
103 124
76 49
41 4
111 42
38 24
57 58
109 77
27 52
21 138
136 40
33 6
2 75
134 26
125 110
82 64
81 69
76 31
62 77
101 49
69 122
94 33
97 37
87 22
124 13
93 89
108 106
44 134
132 45
54 79
132 34
135 31
89 18
39 129
77 59
118 9
32 64
56 106
83 62
1 80
134 40
73 74
90 132
37 110
75 78
12 134
27 127
110 24
81 58
43 94
2 137
124 139
65 9
66 46
95 118
31 31
13 44
63 22
117 7
14 61
133 54
26 45
129 56
99 37
32 116
23 52
106 75
66 72
83 131
43 103
71 21
70 70
97 5
108 112
110 102
57 18
11 86
107 112
26 52
93 19
138 132
47 37
6 59
66 42
69 25
108 60
97 27
64 66
105 109
128 31
13 102
21 84
35 53
126 36
22 21
64 78
89 42
64 55
117 124
47 6
118 100
65 103
10 16
7 58
88 120
80 113
34 69
43 87
110 98
56 49
37 16
120 91
33 122
136 40
123 43
15 97
67 81
132 102
56 43
84 85
41 76
34 88
35 27
35 133
118 120
98 129
47 62
8 23
122 32
137 112
14 30
45 68
70 20
79 86
117 30
19 120
60 16
133 105
48 127
9 118
97 61
120 11
4 40
118 118
22 124
4 130
107 84
111 128
59 95
11 28
101 45
122 99
137 125
7 61
2 28
40 116
8 6
119 57
87 132
95 92
121 18
68 104
84 52
27 122
67 10
49 138
38 82
119 126
83 140
136 52
125 101
51 32
12 48
95 73
25 128
54 21
87 122
130 131
31 21
5 77
118 1
109 8
109 34
119 5
137 1
2 36
77 16
11 115
111 105
109 110
46 7
120 9
65 102
62 107
16 1
16 138
7 53
24 63
72 109
89 133
90 62
114 137
118 135
59 42
35 120
136 104
31 108
135 21
112 95
111 112
64 83
119 114
74 120
121 124
128 112
104 66
108 40
109 37
111 51
131 129
86 111
140 48
59 1
115 139
137 11
72 41
16 73
69 19
67 88
101 21
26 86
49 8
6 123
32 22
85 115
55 80
89 19
126 90
36 79
120 110
103 83
113 71
42 122
29 63
102 112
127 19
21 12
38 90
85 26
4 7
76 136
103 17
108 122
67 10
65 136
123 93
97 39
112 134
137 105
34 57
21 54
18 39
55 62
81 137
94 85
22 95
14 17
76 96
39 113
76 132
92 134
16 110
36 22
87 27
24 136
41 108
139 2
105 14
81 60
4 109
87 48
37 69
104 134
39 16
48 82
18 16
24 126
61 31
96 100
40 38
58 115
88 12
122 102
19 55
42 105
111 93
60 7
33 121
87 140
32 3
29 62
61 7
49 34
102 138
135 64
73 84
50 32
92 127
140 43
115 95
62 31
137 123
40 17
8 10
22 102
24 25
88 32
12 99
120 96
56 12
22 63
125 56
124 119
93 109
39 42
74 117
107 94
19 131
30 131
54 134
51 92
27 140
54 83
71 48
62 109
114 121
4 107
39 129
23 25
136 37
119 83
90 6
101 3
19 45
20 130
5 37
8 14
25 134
116 41
42 45
116 15
32 134
114 34
71 50
62 120
13 2
103 78
84 47
31 139
79 64
105 114
73 43
60 86
64 14
18 99
121 140
76 18
33 27
68 88
6 98
90 23
83 8
38 74
46 28
140 11
79 64
74 88
17 101
5 102
116 48
42 131
72 116
56 11
35 23
116 37
114 40
95 35
90 42
38 9
16 25
52 63
105 16
29 117
51 23
134 7
125 34
91 135
33 5
90 121
50 89
58 71
14 25
57 124
88 132
81 40
38 13
49 77
137 136
102 129
49 11
50 35
132 97
5 33
68 114
39 74
41 49
31 7
109 124
100 103
137 125
7 52
105 8
54 32
122 104
78 105
13 33
4 109
57 54
64 63
133 107
28 53
55 47
132 95
65 2
139 89
100 39
86 103
74 43
62 97
57 38
119 34
118 123
3 50
104 52
23 48
108 53
53 25
56 51
123 127
36 112
101 65
75 15
78 32
17 90
113 36
37 58
112 117
37 140
25 3
21 126
18 27
24 25
97 19
89 137
94 42
14 31
140 136
136 33
37 134
62 58
6 94
41 63
93 51
66 95
110 122
44 120
39 108
55 87
104 5
16 113
104 73
131 54
31 71
63 1
47 78
31 138
111 113
89 91
128 10
34 62
66 132
48 35
106 76
31 93
139 92
85 107
126 102
126 84
37 110
106 60
77 120
34 67
54 52
65 120
92 129
48 10
136 2
110 94
118 124
40 129
118 22
80 44
133 73
60 129
14 63
137 105
125 35
107 30
41 13
106 54
18 131
38 72
125 104
140 97
14 115
83 102
40 77
137 59
114 107
62 60
43 99
38 78
16 5
23 12
3 5
24 63
6 96
21 100
72 119
88 32
17 23
98 34
120 124
7 41
120 31
110 51
90 58
23 47
60 119
116 55
43 45
14 30
39 107
4 64
55 138
3 76
116 73
137 14
68 37
6 49
58 2
65 72
45 74
24 45
129 78
139 59
66 113
50 13
35 52
86 57
8 130
59 25
10 7
130 62
80 81
102 116
34 130
126 22
114 23
107 40
41 133
116 24
30 134
34 76
4 67
52 122
26 76
60 87
98 36
126 45
42 134
27 7
132 95
7 45
138 79
78 127
68 27
138 12
109 5
5 88
135 3
121 94
122 29
39 20
51 118
4 128
122 31
119 44
119 23
95 7
87 4
35 121
44 123
76 2
1 34
18 110
131 32
132 79
88 115
128 101
39 14
83 96
138 62
114 46
133 7
99 117
63 120
96 10
85 62
118 87
9 19
140 46
23 115
44 6
135 45
62 39
90 1
112 107
66 110
2 97
117 15
117 112
116 32
114 102
31 54
90 23
134 93
140 40
3 10
33 53
115 27
67 102
94 93
43 74
90 107
139 115
117 119
12 2
82 71
108 51
63 56
137 119
72 92
80 106
79 127
34 132
99 18
20 86
96 136
105 95
28 117
5 87
43 109
23 100
24 125
25 41
83 72
58 74
28 91
35 52
77 62
46 64
132 21
116 8
15 99
96 14
79 79
93 29
24 140
124 74
2 117
39 124
17 101
85 83
27 96
52 119
81 135
39 59
124 8
36 67
86 87
75 140
81 79
79 135
21 63
18 139
67 82
108 104
128 67
106 108
58 39
113 119
6 63
93 120
126 107
61 44
74 47
9 93
13 12
139 52
105 22
93 44
133 44
96 55
79 140
110 23
139 48
34 117
70 101
90 95
9 42
16 44
34 116
80 39
139 15
45 4
57 122
18 84
127 99
134 10
126 42
107 5
110 35
20 31
137 132
130 108
72 85
30 84
117 95
133 85
33 92
8 59
94 47
68 71
79 33
38 77
103 59
104 110
80 104
66 19
26 55
103 10
55 122
125 112
135 10
46 133
52 114
125 130
10 62
103 96
35 114
47 93
26 41
38 139
46 68
135 112
1 5
128 33
119 139
10 38
64 133
14 77
101 19
131 82
25 108
39 73
33 17
23 137
16 69
107 29
110 43
93 28
112 95
116 105
114 98
41 96
94 130
112 136
