140
196
48 55
119 114
26 7
120 117
104 84
65 121
38 31
9 55
27 15
122 119
96 16
22 20
32 31
100 115
60 55
82 42
7 120
34 88
93 15
74 97
94 31
136 113
46 74
26 116
22 63
64 1
88 41
108 50
16 102
28 14
82 63
140 1
90 132
138 99
99 84
57 12
45 35
124 112
119 81
52 83
12 63
77 93
70 112
114 126
89 131
39 108
13 85
125 13
72 25
26 15
92 133
50 80
126 21
11 120
56 116
128 69
124 73
139 95
126 55
47 8
102 39
137 6
123 87
97 52
89 94
6 33
23 54
88 92
57 35
20 62
60 82
65 71
37 2
18 73
98 88
35 123
104 36
68 80
56 113
85 89
34 96
50 40
62 22
84 120
45 83
98 105
117 91
98 31
140 86
16 126
15 96
48 111
45 20
84 57
8 10
24 106
123 99
82 99
24 93
29 29
104 120
56 5
41 126
140 8
61 35
27 128
45 92
61 70
73 75
45 42
54 95
54 109
24 113
127 12
27 67
99 71
13 46
39 140
80 109
19 88
41 102
9 14
26 107
135 28
78 57
6 81
134 110
140 58
57 50
46 63
79 61
128 88
46 79
87 49
16 52
128 10
22 70
102 48
60 3
92 101
1 22
27 99
60 10
54 76
59 88
64 80
11 132
83 42
104 1
95 56
11 67
91 54
139 55
41 31
35 63
87 136
120 134
37 133
84 138
139 32
11 78
69 7
39 23
110 22
97 106
43 30
80 93
68 84
137 20
112 87
28 104
25 24
98 139
118 5
125 55
111 60
6 68
8 93
121 38
62 62
33 124
2 80
57 108
123 18
126 105
50 139
66 119
3 108
81 3
107 55
106 91
27 79
11 121
51 65
11 41
5 50
