140
588
52 103
115 16
71 35
94 13
116 21
81 111
36 54
66 79
135 29
128 55
140 47
108 96
110 44
118 85
130 38
140 62
81 106
87 28
98 85
25 61
42 116
14 3
64 17
65 90
132 129
32 58
87 74
115 57
10 139
83 120
31 136
119 11
8 92
41 19
92 79
81 134
17 16
66 40
123 32
113 101
11 44
25 77
128 134
57 106
11 41
28 30
65 25
30 8
4 22
87 8
68 118
123 66
91 58
57 1
66 95
125 18
139 72
50 138
135 108
137 30
80 128
95 135
124 30
4 47
122 5
35 43
126 7
11 20
138 127
104 50
116 82
107 139
30 95
23 125
40 44
104 72
88 82
18 136
131 85
86 9
120 26
97 114
76 45
35 4
89 140
29 115
88 41
120 76
23 128
37 44
91 56
47 56
8 60
72 2
127 122
23 9
119 7
16 8
81 72
116 96
6 103
104 98
60 128
29 99
75 69
16 33
91 56
122 88
36 54
26 10
32 123
98 72
14 109
14 53
17 129
61 26
26 104
71 46
137 114
34 140
72 23
114 136
87 91
35 73
98 41
126 10
91 96
97 80
130 71
51 36
44 12
118 118
79 5
18 106
116 113
14 12
41 132
3 94
114 98
37 4
104 98
32 4
27 22
1 21
38 38
65 39
54 140
85 131
76 50
27 81
78 59
132 4
111 41
119 51
114 84
20 138
105 37
7 1
56 35
55 22
38 121
15 84
131 4
2 65
60 21
3 16
137 18
104 108
51 92
24 37
31 124
25 132
134 140
25 9
53 115
122 51
22 45
91 29
125 96
138 78
124 70
132 21
33 6
41 81
76 41
21 63
11 85
23 61
22 105
109 85
78 9
100 63
51 76
139 120
109 105
66 139
50 138
44 35
22 14
77 87
140 68
2 76
80 53
122 88
128 81
89 88
75 38
97 8
78 132
3 135
88 90
42 94
10 26
127 54
119 117
67 98
29 50
90 89
10 122
88 58
61 19
140 140
53 124
56 57
125 131
33 17
18 105
68 25
72 20
132 52
28 104
29 51
33 126
1 10
27 115
26 58
86 45
51 11
32 66
47 96
109 98
47 44
66 67
80 71
62 44
77 105
26 3
67 77
108 136
114 43
49 81
103 1
33 5
39 117
47 1
44 42
50 67
132 11
59 44
133 80
107 34
43 13
85 30
124 71
20 29
132 107
54 112
60 19
96 48
49 135
59 72
106 3
103 60
54 69
44 24
13 120
127 30
127 79
22 42
76 68
44 105
63 43
103 117
10 25
125 136
103 13
47 63
112 117
115 24
60 36
25 115
76 125
90 53
44 66
29 104
2 12
17 83
63 87
36 121
128 103
78 6
7 100
46 135
99 113
136 65
25 48
78 54
52 62
72 104
10 122
93 15
72 137
26 97
20 127
5 70
123 47
28 137
123 21
27 123
131 116
22 128
122 111
43 68
136 29
29 139
38 74
114 11
29 63
7 67
53 47
8 44
32 27
42 92
68 40
121 11
121 125
98 95
83 40
125 92
126 51
134 130
121 129
45 49
92 110
106 118
113 108
137 17
102 133
67 70
91 100
66 48
24 56
60 95
66 19
10 119
74 101
136 65
75 52
113 41
122 69
104 107
50 77
46 89
18 15
82 83
70 62
85 57
38 61
52 97
49 98
137 5
116 104
89 80
94 52
114 12
36 2
31 100
71 28
17 127
79 50
34 47
88 55
44 71
37 137
67 128
118 86
67 71
90 71
133 76
7 87
3 137
114 41
85 104
80 54
56 74
133 103
139 57
53 68
9 122
100 14
89 101
69 33
29 87
133 131
29 45
99 20
53 19
14 7
15 35
88 133
60 33
98 137
56 18
117 109
91 56
124 8
71 97
117 7
21 115
106 30
119 5
111 77
23 43
31 45
133 133
7 134
29 28
29 39
71 107
54 37
140 57
73 133
59 44
5 31
1 50
82 51
43 43
91 41
85 86
17 137
56 72
11 116
99 135
120 80
119 40
74 71
64 59
49 11
119 111
124 59
11 82
43 124
62 91
72 64
140 111
1 70
58 123
125 41
89 122
120 114
113 68
76 78
46 7
54 120
12 35
116 5
29 117
91 106
63 79
51 87
101 123
104 34
86 15
85 50
31 69
54 68
48 68
17 55
43 81
43 55
135 93
10 26
71 136
103 1
92 84
30 9
23 131
131 88
13 117
13 8
103 131
14 116
96 35
18 27
11 64
121 67
13 57
34 66
87 56
138 15
44 41
2 103
131 4
72 100
21 107
19 136
10 57
101 76
68 110
26 73
105 88
136 6
46 128
8 103
7 39
123 134
72 102
101 131
137 86
119 16
130 126
64 62
137 45
56 32
106 115
1 24
95 78
111 54
48 50
92 15
120 96
14 84
134 26
57 97
104 63
135 53
108 128
45 13
61 118
39 90
9 57
115 54
48 35
99 43
36 59
89 114
4 19
32 31
128 132
23 31
4 6
129 65
73 125
14 76
36 80
66 72
46 85
51 48
96 68
18 83
29 108
44 61
5 77
47 52
117 52
31 26
126 97
14 133
121 61
99 92
22 15
71 119
97 59
91 49
71 3
136 124
1 28
3 85
95 35
131 114
66 71
74 135
93 120
93 100
131 93
28 87
132 123
124 35
