140
784
34 117
62 103
95 118
46 42
64 64
73 88
43 53
62 17
19 85
56 1
72 87
118 120
93 23
73 68
22 39
63 46
89 92
86 58
93 47
81 118
97 109
1 14
116 127
86 99
133 29
59 105
72 14
129 22
15 45
114 97
96 107
38 80
107 111
41 86
94 51
23 33
131 72
15 39
102 138
116 57
127 58
9 20
4 105
108 62
21 137
73 126
18 19
34 11
59 63
138 75
122 44
7 92
140 83
75 38
132 12
118 90
22 49
125 107
104 21
72 119
108 12
65 124
7 90
45 135
123 105
124 24
9 32
58 138
76 40
125 42
22 23
22 3
98 24
135 38
96 17
96 132
120 87
83 20
22 137
17 139
43 37
118 21
128 65
140 138
42 85
60 59
32 108
58 140
54 37
97 36
10 84
11 42
56 110
21 33
9 111
81 101
120 55
109 40
110 82
112 16
132 50
18 112
42 95
29 136
49 80
37 33
131 57
17 31
57 84
35 91
75 78
95 140
127 92
29 22
139 67
11 22
120 35
76 7
27 59
115 22
16 13
42 129
104 18
36 37
68 108
42 88
71 57
95 69
131 107
3 11
137 123
62 95
102 88
123 119
107 48
94 134
41 17
136 121
90 81
84 78
115 45
52 26
135 4
106 97
114 34
52 33
71 101
62 27
25 134
91 117
64 134
123 10
101 78
37 91
106 85
41 45
20 108
125 139
11 16
101 138
138 44
32 61
87 119
76 46
47 67
14 84
53 65
138 9
98 81
84 128
103 56
11 39
98 12
50 23
62 125
131 62
110 63
78 18
69 74
47 98
10 67
56 7
50 28
112 54
93 138
98 29
40 43
97 12
123 27
24 26
113 53
111 138
100 104
36 131
70 56
89 88
59 90
133 65
60 35
128 69
8 119
12 16
99 129
66 36
81 131
64 119
52 135
139 12
97 113
21 132
45 20
99 34
121 17
5 121
73 72
123 45
33 31
12 20
92 79
12 49
115 70
63 125
2 101
16 137
21 98
93 85
18 7
64 109
77 55
64 10
31 124
70 15
96 6
111 88
6 22
130 20
74 107
108 127
131 51
24 65
102 92
40 120
36 7
34 71
128 54
85 1
77 105
11 78
41 84
119 69
120 31
32 128
79 62
99 98
105 69
20 109
127 31
119 65
6 25
107 18
6 101
88 77
41 119
46 48
123 31
40 76
59 127
3 22
12 135
102 100
78 74
136 21
64 97
31 11
67 23
36 14
101 38
139 28
126 133
83 99
38 48
58 94
132 88
32 82
51 134
84 64
135 96
51 128
74 110
139 42
36 81
22 106
134 66
122 60
89 127
82 5
76 134
96 95
54 15
131 17
119 122
9 28
43 28
61 19
85 62
110 16
80 102
6 92
19 122
118 110
132 111
44 107
33 65
5 118
136 28
44 79
119 8
92 6
118 122
39 104
26 131
77 53
138 53
98 81
60 97
42 19
44 140
111 68
81 107
29 60
106 118
60 96
42 75
75 8
127 31
12 114
140 73
101 98
24 132
116 132
69 28
72 15
96 94
48 107
54 90
45 67
131 65
69 110
88 111
80 47
35 52
77 136
30 88
110 10
46 13
137 87
85 42
81 103
11 18
113 56
56 103
88 49
48 69
101 13
89 116
134 114
128 20
126 81
97 54
126 93
93 35
27 117
104 131
99 79
36 124
102 45
138 14
41 98
64 29
28 42
16 20
74 117
25 139
137 111
74 26
11 19
73 28
17 67
102 10
49 135
138 92
73 29
104 66
11 75
41 109
35 40
42 118
77 25
71 52
58 85
84 85
18 97
46 38
56 68
30 95
37 63
138 39
80 105
1 71
14 100
9 76
56 13
14 108
136 28
118 140
28 140
60 18
126 71
40 92
95 139
56 118
125 38
27 121
124 91
7 139
107 76
55 138
20 100
50 136
45 124
64 120
112 89
56 5
6 65
67 10
20 11
114 88
40 52
136 59
81 71
100 74
131 66
92 104
9 13
103 10
123 66
6 84
33 75
37 140
81 11
138 5
9 38
86 93
130 29
14 35
56 129
82 75
87 62
133 15
101 120
74 8
106 60
23 92
140 6
57 55
8 39
31 57
26 82
52 47
112 135
44 113
34 133
137 68
112 18
43 2
36 17
77 113
102 120
85 85
61 111
41 39
132 60
46 39
130 18
74 68
66 128
82 112
4 18
116 18
10 63
4 131
74 113
44 119
2 49
117 86
8 121
119 87
16 20
21 40
107 20
86 15
124 125
137 62
125 125
59 120
85 88
32 10
123 119
135 4
87 123
40 52
100 44
87 137
123 81
72 33
85 140
122 55
123 15
33 80
136 138
124 77
40 8
20 33
10 70
18 79
111 42
62 111
43 132
43 24
125 68
73 65
111 132
61 5
4 88
111 102
96 140
54 10
58 110
22 4
114 125
68 78
3 106
101 77
124 12
140 17
76 130
132 140
56 13
121 8
65 55
89 102
72 56
89 23
41 115
35 124
28 69
103 91
68 61
80 129
10 138
113 129
66 1
120 20
77 83
69 80
26 50
82 18
95 90
16 96
82 133
89 129
67 137
128 8
17 21
108 25
93 30
2 83
14 135
13 96
77 102
34 9
41 77
61 128
5 51
137 24
1 62
123 88
30 13
126 61
12 83
62 136
43 66
8 87
50 123
23 116
124 59
56 18
71 53
70 17
65 76
119 75
84 76
41 15
26 51
73 26
119 47
60 88
72 19
84 76
140 78
80 132
35 98
9 110
91 79
114 88
70 10
47 98
103 70
33 70
116 95
51 105
59 125
1 92
82 5
102 38
1 10
50 1
64 4
126 12
107 127
45 107
111 39
99 120
53 21
117 72
14 4
39 81
97 33
90 86
98 70
39 18
101 12
56 72
25 115
101 140
131 71
109 71
90 87
74 129
12 126
94 53
72 119
111 50
87 62
115 11
49 96
28 36
76 121
21 7
8 112
31 16
17 47
2 132
137 19
12 50
70 46
131 38
102 113
17 22
87 96
29 12
61 107
123 101
122 48
114 16
71 23
77 33
72 66
22 90
98 99
123 19
60 103
80 98
36 107
105 113
134 88
33 55
99 113
117 104
90 121
22 111
63 78
36 7
74 127
134 134
10 133
91 56
8 7
65 10
97 35
81 7
47 75
62 132
117 136
44 85
133 113
11 49
3 59
81 67
5 36
74 113
54 8
24 62
12 78
36 54
3 81
117 122
95 110
4 68
65 125
5 124
42 101
133 63
135 34
7 86
130 110
60 19
35 118
95 56
102 18
13 1
17 58
117 79
62 106
78 70
112 134
7 51
51 69
56 127
140 104
12 94
43 69
134 98
11 135
31 111
98 96
80 121
64 58
43 1
75 135
76 91
118 65
105 25
87 84
121 100
112 102
121 36
112 49
112 32
81 73
51 80
123 79
135 92
98 127
75 57
20 136
83 120
17 69
74 66
10 64
45 30
18 18
20 65
112 62
93 44
61 97
63 100
104 25
127 102
113 33
60 55
110 35
14 88
109 124
