160
5120
2 140
110 33
89 128
138 60
49 37
127 100
131 38
151 12
138 87
78 156
41 86
105 89
101 22
136 150
9 144
71 54
98 33
71 110
22 63
80 66
113 80
51 120
3 38
67 136
118 56
16 139
60 156
94 26
73 157
136 127
146 144
48 55
117 122
101 138
22 104
37 52
69 48
146 54
29 67
134 12
84 100
39 99
20 106
13 90
79 32
148 108
121 99
153 136
37 68
72 137
24 143
114 63
10 5
127 109
37 65
41 41
76 92
89 152
46 135
91 159
47 41
37 27
139 12
96 30
54 48
61 76
128 130
91 28
77 56
2 125
76 37
54 44
160 53
36 155
132 132
135 153
14 130
120 26
95 118
83 5
87 17
81 41
116 154
56 70
118 31
26 37
67 4
41 89
78 17
55 12
124 87
38 103
48 118
59 56
124 6
94 30
8 94
23 105
89 27
108 150
124 98
54 154
155 124
45 159
108 105
98 142
112 42
70 106
133 68
14 72
159 56
113 70
8 128
112 13
129 128
134 123
155 22
159 101
17 140
27 70
23 91
72 131
97 69
138 87
53 83
41 134
23 38
14 119
71 79
52 24
88 102
65 67
28 92
55 146
3 39
46 28
4 4
131 123
5 13
87 43
158 156
89 74
118 49
40 12
68 34
83 17
138 53
20 106
149 102
85 133
66 68
109 85
149 51
117 155
6 11
15 1
36 4
107 71
127 26
20 125
35 121
119 68
87 1
30 29
9 142
23 88
2 46
59 1
42 102
115 106
111 12
60 91
28 124
64 85
151 124
26 7
136 160
95 130
113 47
18 72
130 88
40 149
123 124
46 52
85 121
119 158
75 38
77 43
104 157
24 65
123 7
76 156
62 47
84 3
114 158
47 68
105 91
63 144
80 156
32 114
78 91
83 115
122 45
32 65
44 143
52 1
27 117
125 66
120 18
13 11
101 143
145 157
152 94
100 107
59 125
159 127
68 25
130 33
159 150
138 123
59 63
127 125
52 28
38 79
32 66
23 60
7 93
65 148
67 104
21 44
66 39
117 93
1 93
49 99
148 38
136 120
2 26
137 128
75 95
95 142
110 138
112 6
66 128
112 48
73 113
119 58
80 74
4 70
42 95
139 140
74 124
126 109
96 6
126 150
58 36
113 142
75 139
27 86
98 21
155 143
21 50
101 21
67 78
132 5
124 123
42 107
119 56
24 126
118 75
28 64
154 14
31 142
111 8
27 105
74 141
54 134
77 139
85 120
15 64
158 135
105 19
6 138
63 121
48 134
119 74
74 85
133 92
87 9
43 98
82 46
153 97
102 90
117 56
118 54
89 14
79 132
19 61
53 89
40 132
13 69
56 95
34 112
139 38
116 53
124 146
144 3
97 26
78 111
58 71
155 131
49 147
17 98
132 67
124 7
84 90
92 122
39 148
6 116
114 139
57 86
73 49
157 66
143 48
62 103
92 146
83 35
146 135
89 75
144 73
120 123
135 43
70 143
93 140
85 84
137 72
34 103
86 98
27 118
23 150
92 63
129 29
92 16
153 65
127 158
98 72
159 68
147 113
68 103
31 35
24 96
66 104
31 105
152 77
12 107
57 157
118 92
141 155
70 93
155 131
116 57
110 94
19 54
18 15
72 130
107 25
151 8
76 137
110 149
48 40
113 98
25 34
75 68
133 101
64 52
32 37
107 66
99 146
15 53
5 122
159 5
137 121
2 8
6 129
149 64
142 116
83 92
66 71
152 80
76 104
11 114
46 154
13 127
50 6
159 32
109 52
72 89
41 156
129 83
81 56
111 160
22 8
66 34
18 153
125 33
103 140
59 142
21 59
2 19
94 139
13 65
17 5
53 94
61 109
42 153
102 119
49 61
99 58
16 128
67 76
61 101
120 134
103 29
130 137
143 18
14 143
117 67
151 19
3 50
62 127
151 58
91 145
73 65
150 10
17 143
97 19
113 65
160 109
79 122
20 97
64 71
54 45
10 134
74 87
10 98
7 42
111 49
66 54
124 115
32 119
132 49
32 67
32 110
120 151
78 105
67 65
63 7
5 38
157 156
27 33
110 7
29 10
24 125
38 10
4 94
94 23
155 79
117 49
3 79
18 88
74 104
74 58
18 18
3 53
87 34
146 64
80 128
121 106
41 23
133 146
106 22
27 144
69 157
128 142
116 23
160 113
53 77
158 72
112 26
100 56
134 124
8 105
16 92
85 47
8 119
115 58
28 132
100 91
48 68
61 17
39 115
85 126
71 20
93 46
9 158
43 135
132 153
130 97
150 100
160 23
143 117
133 144
140 84
6 96
83 29
15 89
79 59
6 118
6 160
10 120
79 73
70 83
81 138
141 45
25 15
97 8
85 115
111 124
31 124
88 80
137 157
9 54
104 1
119 52
87 73
21 85
63 119
79 107
119 91
9 21
7 113
20 101
88 148
68 140
50 48
16 98
16 78
27 61
30 107
48 103
44 83
73 59
101 41
51 144
148 32
61 135
27 10
106 75
136 34
51 44
43 114
109 127
4 17
126 73
137 58
98 15
104 95
50 151
32 90
7 56
88 76
40 30
144 159
128 112
55 60
155 134
50 90
49 12
11 71
102 102
121 150
42 50
59 26
105 87
20 82
87 119
64 35
118 147
97 100
39 59
16 19
140 44
123 144
25 68
50 148
75 129
130 118
18 91
26 109
16 151
72 54
28 132
103 44
46 77
92 1
135 32
137 70
98 55
150 29
83 38
82 145
17 110
151 6
12 37
85 37
156 15
57 31
29 33
74 69
31 25
17 120
148 113
70 63
100 73
42 71
76 53
49 14
62 88
99 122
146 94
107 96
11 156
34 35
71 147
23 39
47 53
85 26
83 46
58 159
76 25
137 150
75 68
62 113
120 82
98 12
130 134
40 130
86 80
118 144
78 100
25 20
160 67
43 8
15 139
95 6
107 70
119 8
33 53
113 71
155 25
81 19
115 126
78 149
133 59
85 99
50 25
8 41
110 105
67 76
71 158
53 32
63 137
90 94
74 148
88 103
157 49
124 16
138 8
97 111
157 66
112 83
61 129
73 143
72 36
60 34
82 40
10 140
113 128
50 147
143 142
6 72
106 108
123 66
35 12
3 132
153 54
107 114
156 85
100 52
17 68
32 160
78 70
87 25
98 95
5 143
151 47
44 111
150 77
87 31
4 12
25 86
31 136
10 17
37 76
51 91
21 124
82 16
20 145
12 56
23 129
38 51
18 26
31 152
65 104
131 151
1 134
136 113
97 81
115 49
55 35
51 15
52 125
59 23
84 111
147 139
16 44
15 39
20 117
78 28
142 148
86 90
67 26
1 37
141 50
146 32
8 102
96 59
10 89
3 20
82 101
82 44
26 113
1 18
122 138
136 67
82 14
139 135
79 5
60 112
40 25
40 63
65 121
31 6
76 128
72 26
155 132
136 61
23 156
66 59
146 41
155 75
13 77
68 121
3 27
43 105
10 143
85 19
14 118
148 93
25 113
83 81
2 6
7 111
80 84
57 152
97 139
76 58
61 110
5 53
26 9
83 24
42 41
141 15
74 138
40 21
128 138
98 117
65 154
75 147
142 141
121 140
14 61
87 91
59 37
82 126
47 116
109 160
27 73
58 51
20 105
50 134
89 116
51 4
82 147
74 148
10 71
77 151
37 7
43 52
21 142
4 87
58 111
54 6
87 50
10 81
110 25
130 126
124 2
52 74
107 71
7 106
65 155
23 18
96 115
106 87
6 28
37 87
81 40
62 142
123 96
41 141
109 6
141 41
42 107
139 136
101 150
7 40
141 27
90 79
56 153
47 58
127 3
23 158
20 149
17 88
97 75
45 44
116 8
132 112
129 108
117 75
28 133
130 56
10 47
22 97
36 12
117 62
71 120
131 129
160 155
159 121
148 10
25 5
63 24
144 126
54 159
103 139
126 117
135 24
101 141
48 51
132 73
2 129
53 39
28 144
106 70
15 99
35 144
51 46
36 86
110 131
56 73
114 23
125 133
65 11
106 88
142 55
3 1
54 147
78 21
48 136
97 133
20 106
122 129
146 81
127 109
59 123
140 64
45 121
115 51
104 1
114 38
93 129
41 3
39 121
13 72
55 17
156 10
110 104
66 47
77 96
159 113
105 115
43 86
160 67
115 30
69 126
58 70
139 128
90 154
43 160
150 49
73 52
16 88
136 77
118 93
72 157
91 17
147 117
108 99
151 68
112 117
142 22
70 158
57 110
156 36
133 83
142 98
113 27
9 77
144 89
135 156
151 132
120 81
19 120
5 157
136 62
30 130
74 4
146 2
95 53
55 113
155 127
24 137
41 89
86 117
73 150
127 13
6 93
146 96
100 114
147 96
47 138
153 9
144 71
46 23
56 68
62 50
113 132
97 81
134 12
49 48
145 21
104 96
149 78
29 134
70 147
82 119
68 18
102 149
9 137
110 151
114 58
49 74
14 13
92 159
57 59
137 34
16 154
89 150
89 38
106 136
121 47
116 14
159 4
13 17
128 116
76 101
101 126
107 106
40 46
155 20
1 74
129 56
131 17
21 33
31 125
64 77
5 11
142 19
101 95
137 46
33 149
136 46
83 154
121 62
156 35
82 85
150 81
75 31
156 35
61 78
150 81
91 153
98 53
150 142
19 35
154 110
95 10
84 80
102 123
132 160
98 18
74 157
147 121
14 88
160 119
103 114
51 156
10 70
83 65
39 61
7 8
147 26
83 67
138 49
54 156
40 107
94 56
49 134
154 88
84 153
150 33
40 112
11 58
118 116
53 26
74 160
29 132
62 155
109 50
70 94
54 122
37 154
146 1
74 115
69 19
26 155
114 148
132 30
91 138
132 126
24 71
82 48
157 71
16 116
145 9
92 43
63 10
84 147
47 11
59 130
135 1
107 122
17 105
120 79
62 109
42 102
112 105
51 132
33 158
151 84
92 25
87 157
157 149
103 54
52 72
2 43
130 36
82 25
20 47
35 70
38 125
49 103
159 153
142 20
48 113
59 118
118 39
120 78
149 104
21 71
142 122
145 34
64 15
54 22
44 27
127 57
5 156
149 115
57 154
99 93
100 67
47 90
28 60
36 66
83 118
69 47
144 13
149 101
8 28
124 93
16 24
74 10
41 24
101 149
102 108
65 69
45 54
157 87
16 1
8 53
160 8
13 117
121 132
39 134
117 24
99 94
15 136
107 62
17 128
154 31
42 82
23 48
109 116
126 75
50 26
32 19
28 13
155 25
89 142
48 9
158 149
142 129
73 45
50 34
16 106
58 156
158 102
160 154
65 143
140 9
158 143
53 16
97 52
98 101
4 61
133 110
88 12
141 28
113 138
95 155
102 90
122 155
55 112
95 142
11 104
95 16
5 36
58 96
145 23
145 34
77 109
109 123
123 44
93 134
11 64
129 104
140 141
137 129
12 90
54 127
19 1
48 126
73 49
120 81
28 131
20 37
142 103
20 30
47 87
7 80
107 83
18 159
101 155
6 57
67 113
50 109
112 73
149 147
5 39
66 137
77 93
132 19
112 1
37 148
139 66
97 4
48 5
52 124
141 97
10 26
150 135
27 9
42 58
157 11
132 19
122 153
92 140
102 136
156 57
158 102
80 10
38 105
157 108
156 56
126 44
19 155
129 127
121 153
18 101
106 142
83 147
54 89
2 129
117 45
90 27
101 147
90 94
144 150
72 24
137 91
25 80
23 25
109 33
90 43
159 67
27 55
56 149
90 124
5 53
3 151
37 90
84 120
32 73
73 112
151 77
120 156
107 107
113 52
42 75
68 62
43 131
110 42
35 30
131 144
155 140
53 149
47 141
76 85
151 94
5 109
65 55
141 13
90 137
73 85
108 133
35 135
22 124
113 63
62 52
1 55
53 61
123 36
31 23
114 27
143 51
15 83
65 115
142 116
44 127
115 148
112 30
107 91
132 72
47 118
73 142
73 136
47 41
153 96
97 154
46 66
137 121
66 126
136 14
125 118
70 32
129 155
133 153
38 132
114 84
25 157
53 5
92 61
77 35
34 156
59 33
110 117
120 41
92 140
155 139
136 116
46 78
116 93
111 50
81 131
120 150
8 109
73 96
89 26
82 112
35 59
149 107
95 79
111 128
150 7
145 142
138 60
53 25
106 148
93 55
135 138
150 61
84 77
67 155
20 148
155 38
62 142
45 103
139 31
72 104
83 95
120 141
160 99
17 88
54 88
121 156
116 5
29 100
158 138
65 79
91 103
110 142
158 2
46 74
33 141
111 68
160 118
65 39
14 91
55 86
60 146
11 153
39 122
113 74
155 79
154 106
56 59
81 56
63 48
101 108
141 130
135 126
25 81
147 78
20 51
131 26
138 146
18 140
160 14
114 45
107 90
65 96
148 27
12 148
121 87
22 144
43 57
131 137
127 58
160 92
9 14
124 70
159 131
88 64
25 103
86 149
37 116
144 18
133 17
134 32
96 119
105 94
44 112
144 67
29 12
57 78
150 93
65 51
156 58
14 88
131 160
85 93
19 153
49 155
61 150
29 93
114 17
8 100
72 101
32 10
137 29
65 21
59 110
4 94
120 145
124 1
49 138
69 2
66 139
85 88
60 128
83 11
65 11
52 124
35 20
130 2
29 31
93 107
153 88
153 48
24 141
24 32
138 14
32 19
107 68
151 125
21 120
63 60
93 54
117 124
148 160
28 20
66 121
22 27
8 39
65 30
91 97
73 126
69 74
64 84
16 25
42 113
46 54
45 66
128 81
81 100
138 36
68 149
42 96
115 4
98 46
4 2
30 80
141 116
150 1
70 91
6 85
107 43
142 154
71 30
141 124
78 108
30 4
105 72
132 73
47 79
43 120
80 50
126 60
48 98
24 51
15 82
147 108
104 39
76 160
159 154
102 43
65 5
118 77
111 99
137 137
108 79
63 32
119 74
74 8
16 113
65 45
78 154
74 132
68 33
104 151
13 65
44 33
102 153
23 92
61 41
11 122
129 151
88 94
29 115
68 147
82 140
145 26
122 95
63 129
40 77
150 46
38 25
100 143
109 61
14 36
88 147
1 60
121 56
80 31
56 8
46 114
4 4
120 29
29 148
33 53
29 160
38 134
155 133
103 75
133 45
45 119
86 141
71 15
20 78
15 117
83 18
2 6
55 140
108 31
87 122
116 122
38 99
62 60
120 122
124 12
2 24
25 148
106 142
49 26
50 95
59 43
55 147
80 57
145 128
135 101
128 112
73 113
95 100
100 56
149 25
122 131
159 34
107 79
41 85
96 157
92 93
154 73
147 109
49 56
94 23
35 120
124 4
136 16
114 145
143 15
113 63
97 24
54 108
57 132
27 43
17 142
49 102
148 146
73 110
9 90
22 11
154 131
11 4
71 25
143 90
13 81
101 64
128 12
159 150
5 92
107 30
77 30
95 97
151 96
151 12
47 1
103 21
81 39
9 127
143 114
114 100
66 120
151 117
85 48
140 67
129 154
116 84
35 10
42 31
139 20
57 60
39 115
121 29
25 19
92 24
104 151
51 14
102 141
116 140
83 133
42 114
103 10
37 57
118 78
67 81
57 120
81 2
96 62
136 21
129 83
148 2
115 132
34 151
92 64
1 1
86 37
129 27
83 30
141 152
104 142
27 142
88 107
113 103
56 58
78 22
46 59
38 149
17 142
96 54
105 125
87 33
52 147
123 154
48 32
151 112
88 75
47 65
98 25
106 110
136 141
110 43
47 143
65 12
22 123
144 99
47 127
112 149
7 124
48 134
3 133
88 12
40 56
8 71
79 95
73 135
65 101
106 88
95 148
92 85
50 158
112 115
24 45
140 128
95 87
81 120
111 131
125 109
67 106
155 126
89 121
125 78
68 46
102 139
153 125
25 156
6 89
9 128
82 149
67 149
70 117
22 18
124 68
117 120
159 98
48 103
65 5
119 99
138 53
67 113
149 119
61 87
21 125
106 108
92 115
10 17
115 51
95 23
106 133
103 35
2 107
59 38
28 22
31 131
132 89
68 83
26 29
96 102
22 78
17 101
98 157
154 114
140 131
94 67
82 112
71 9
16 62
152 125
41 129
12 126
20 40
28 110
34 49
7 121
25 31
38 110
101 98
5 63
33 141
96 95
60 144
102 83
39 94
59 127
76 45
37 85
15 139
68 64
6 131
110 95
57 44
21 142
130 57
155 51
114 46
132 157
120 159
158 4
117 12
123 102
81 120
23 43
78 122
160 98
118 77
152 43
92 159
147 20
117 80
59 21
58 63
22 155
89 149
8 133
25 82
100 134
123 102
97 58
136 60
59 150
91 99
114 28
121 13
88 142
26 114
122 152
77 108
41 13
12 159
105 60
16 136
71 153
81 54
155 60
36 120
15 112
4 99
70 86
122 106
117 24
67 142
145 72
127 131
148 131
64 14
145 26
9 32
141 121
7 15
33 32
74 79
55 54
3 158
111 64
159 93
97 60
113 126
126 153
152 120
30 62
23 20
139 6
130 129
149 153
94 61
77 87
153 102
80 120
28 29
135 81
40 91
105 87
40 12
25 85
138 111
32 3
18 27
13 86
84 11
27 27
133 72
136 79
54 156
119 78
130 138
12 120
141 85
38 114
11 21
62 86
47 75
133 123
19 100
19 9
159 104
37 54
64 61
100 58
6 95
118 15
148 114
105 40
159 4
4 105
17 78
144 68
52 133
157 40
37 8
54 35
120 124
50 75
37 146
42 94
74 57
63 96
103 109
145 16
120 108
34 87
87 116
97 61
104 91
77 40
2 144
142 72
46 9
159 37
35 76
15 94
58 131
123 92
109 124
99 109
125 128
21 47
14 10
74 136
13 40
138 106
149 89
158 40
88 1
79 98
32 41
52 26
141 52
9 155
127 87
49 152
6 144
135 56
144 33
62 13
18 32
157 96
22 95
147 111
68 95
157 20
135 153
121 53
61 32
143 126
28 19
90 37
9 132
46 112
34 6
23 96
133 133
159 56
118 15
79 69
121 123
89 97
19 144
88 125
118 109
116 117
102 136
72 99
9 107
108 22
128 80
116 100
28 104
101 13
9 31
137 107
76 43
142 98
160 87
63 65
26 19
28 31
122 43
160 87
145 114
72 5
117 25
32 51
115 10
160 105
3 102
89 37
155 100
9 115
58 123
75 53
7 145
149 51
128 142
148 114
130 24
4 6
73 95
4 83
75 135
154 35
93 7
33 95
132 45
26 3
10 71
63 139
72 96
87 112
34 104
54 27
5 54
81 83
96 99
71 22
131 120
32 138
131 156
7 129
35 122
100 29
77 94
117 52
82 137
144 7
78 55
87 119
91 118
100 160
77 118
37 61
149 127
56 124
45 7
2 61
126 2
157 107
11 119
153 2
92 48
102 63
65 119
153 115
121 100
42 56
116 87
12 74
142 105
150 65
36 88
89 100
100 81
127 94
159 142
113 67
155 78
6 44
21 135
10 6
102 12
69 88
143 128
35 154
47 53
105 21
24 14
12 85
91 108
65 77
117 56
113 14
54 73
104 46
48 158
22 97
61 27
101 7
79 19
80 54
99 152
16 152
78 61
118 153
15 99
64 17
31 143
44 34
141 26
149 4
75 112
37 103
37 99
42 121
85 10
52 115
121 8
137 151
94 73
63 15
109 103
152 160
73 41
140 48
21 136
140 60
42 81
39 50
88 22
75 160
101 43
69 115
159 159
142 28
27 55
38 106
157 30
48 4
99 117
19 13
116 42
48 125
59 38
104 43
22 152
82 153
80 24
71 140
156 42
5 82
42 137
147 56
79 74
157 81
101 133
46 160
139 138
111 137
14 14
86 39
110 82
45 95
62 121
152 21
84 79
39 159
48 53
66 53
89 8
33 11
78 122
156 158
14 109
75 41
10 135
51 121
146 88
75 118
116 5
145 97
129 18
120 78
147 31
139 6
103 126
104 31
10 104
45 105
113 30
30 30
89 71
136 152
32 74
58 154
52 122
1 148
81 156
103 93
101 60
57 115
87 137
101 83
50 58
25 101
60 120
150 119
86 129
151 112
26 107
96 58
119 31
97 111
122 7
71 135
68 71
17 25
57 40
71 70
31 12
159 83
130 92
14 45
69 97
75 110
86 96
47 125
131 66
11 145
119 104
145 81
67 105
144 27
6 46
32 51
94 51
21 19
91 56
154 105
18 67
42 78
159 117
60 124
86 159
53 145
101 131
69 66
16 93
39 95
85 18
64 99
38 5
158 45
119 2
33 67
67 17
80 152
121 46
157 152
35 64
71 48
27 72
39 122
67 133
28 75
52 81
132 14
92 115
43 4
136 158
123 96
56 95
4 45
69 86
157 15
112 44
9 154
132 118
56 146
122 76
87 127
58 103
26 147
151 81
98 126
42 157
63 149
32 156
45 75
22 60
13 118
139 21
11 148
128 111
47 25
67 53
109 29
66 59
75 19
98 136
133 118
74 102
157 154
121 91
153 77
152 153
155 150
86 156
105 102
24 57
3 30
62 90
47 123
26 145
116 144
148 96
67 150
86 87
68 146
148 68
143 66
63 28
29 14
45 21
145 131
20 31
101 68
159 144
41 8
43 25
154 46
41 92
41 82
111 111
62 118
83 3
109 81
109 6
97 139
30 111
38 83
32 140
77 49
21 115
45 36
8 141
105 53
3 128
40 121
2 98
12 23
2 80
126 18
76 94
149 69
70 79
142 139
96 91
35 101
135 146
29 34
33 22
139 144
156 51
97 91
104 105
79 17
115 138
29 113
22 26
11 10
115 129
135 85
83 54
120 43
7 141
158 90
136 90
85 152
68 32
112 38
18 158
152 135
150 145
149 118
51 54
114 69
41 114
13 82
24 65
160 130
14 51
84 130
159 84
142 148
90 127
87 91
130 108
105 56
51 108
107 106
31 26
63 3
142 103
98 65
45 142
20 65
74 17
53 50
43 47
10 157
116 115
63 160
117 79
101 93
71 5
26 116
119 112
135 18
117 91
18 91
152 132
19 43
16 158
39 93
8 44
127 11
131 129
80 131
154 66
39 52
160 153
122 104
26 104
32 43
1 98
67 151
73 30
4 18
35 90
142 65
148 61
73 15
56 89
103 56
59 131
115 14
77 85
68 141
31 116
63 122
36 124
148 125
86 54
67 56
82 20
149 120
54 50
108 67
46 129
120 8
132 23
28 43
118 69
1 125
150 89
47 120
107 145
139 11
80 29
160 64
159 12
72 116
55 144
24 140
152 110
100 13
81 105
52 84
143 58
110 149
62 85
151 122
45 149
68 57
46 33
100 6
23 67
113 64
68 56
32 108
96 44
40 36
151 70
95 23
42 135
118 59
27 63
79 22
36 42
9 135
121 46
25 155
57 155
156 147
4 68
24 59
43 78
25 151
106 98
101 55
132 28
7 89
71 8
13 117
108 73
42 22
16 8
151 33
70 96
160 14
138 43
7 11
41 85
96 108
82 56
129 138
74 32
22 101
88 51
123 138
22 43
70 85
100 45
80 52
137 55
44 92
100 125
155 141
101 128
135 134
127 141
13 116
155 144
41 126
74 156
37 16
15 107
106 86
105 160
79 147
73 131
72 136
6 100
108 85
113 111
155 9
116 13
160 56
49 108
73 60
128 147
48 22
95 10
92 70
35 2
112 136
85 122
55 123
26 145
15 64
1 130
157 15
11 50
156 54
70 97
104 16
33 104
45 158
63 23
53 22
95 105
95 138
150 68
66 140
16 103
121 155
45 127
66 45
34 41
126 32
95 105
64 107
109 160
137 79
47 29
129 25
96 116
138 11
26 42
38 147
29 123
24 108
24 122
70 69
58 77
111 62
34 32
29 4
40 70
48 32
24 58
157 101
41 142
128 11
30 133
60 102
147 157
50 112
41 18
109 6
112 153
78 86
130 37
18 159
21 149
59 83
35 25
66 40
159 155
94 63
82 54
76 73
134 142
127 15
153 66
13 43
21 48
40 35
142 17
146 119
75 128
30 43
76 40
125 105
3 79
88 37
9 152
157 151
62 39
19 154
55 137
110 64
148 134
130 22
57 108
38 95
8 93
129 88
110 39
19 24
10 151
46 155
139 150
132 13
22 14
19 115
147 36
149 110
66 136
64 23
13 129
52 148
146 22
160 45
61 32
129 58
78 70
84 157
13 62
27 9
54 95
79 129
117 144
138 60
73 57
11 148
24 142
43 83
130 45
128 12
150 17
104 42
1 73
78 55
14 126
57 50
18 154
44 160
150 28
78 134
114 69
73 97
11 79
112 42
10 149
28 157
158 149
36 101
101 86
79 94
35 42
1 47
112 79
45 86
61 39
69 64
62 79
107 160
159 12
79 88
70 88
87 58
4 89
101 4
60 32
135 91
62 146
39 86
125 126
52 78
9 152
44 51
63 145
90 75
37 36
64 16
105 115
8 40
15 55
23 109
151 111
121 93
79 113
105 44
75 42
75 100
119 3
65 157
3 95
61 103
120 84
80 150
137 94
38 88
52 77
25 39
117 39
123 160
104 8
120 147
115 75
7 118
155 151
101 136
84 86
102 89
126 41
52 103
57 67
137 2
155 137
39 23
24 1
68 145
89 143
155 120
6 100
145 8
86 132
91 150
122 69
19 44
114 73
60 1
124 153
29 69
124 64
113 67
9 48
64 99
159 72
153 151
66 133
105 123
135 106
103 75
69 158
154 132
144 133
59 29
10 5
114 12
136 64
105 85
156 137
111 84
75 45
122 9
158 132
39 82
9 87
159 105
45 65
74 149
31 113
67 88
115 6
64 27
146 5
69 98
103 159
22 19
37 102
63 80
16 7
62 52
91 141
92 22
1 93
117 159
33 32
33 59
144 142
99 27
2 55
51 157
26 142
82 155
3 88
54 119
71 82
80 50
7 22
113 33
102 23
10 119
98 155
90 22
25 153
72 77
138 112
62 101
119 38
37 81
128 87
59 33
82 101
57 131
89 57
26 118
34 77
141 159
43 82
114 17
152 141
79 13
154 78
78 12
29 28
75 147
11 4
112 15
81 108
27 3
34 109
80 145
56 159
120 9
19 35
122 61
143 78
88 111
10 20
148 62
48 23
27 112
4 120
106 56
28 108
83 20
4 93
71 109
155 31
79 117
82 114
17 12
126 84
7 61
13 63
104 128
138 152
58 80
67 28
131 110
33 134
8 93
18 94
128 123
70 127
72 9
122 142
38 122
91 158
62 133
3 118
142 136
50 145
67 91
51 147
105 96
7 117
38 100
101 119
160 72
145 81
101 7
8 59
17 125
108 36
38 63
1 136
9 91
67 142
129 134
148 5
128 160
82 25
113 129
78 89
79 143
88 49
98 108
9 29
2 9
10 55
68 105
29 140
64 150
87 139
49 93
134 159
123 156
52 59
5 72
8 129
112 123
59 44
6 86
33 90
86 83
8 3
152 60
23 17
152 139
136 108
111 102
74 67
75 64
1 152
129 72
82 29
82 87
155 153
41 61
84 110
132 115
53 129
107 24
47 28
97 98
22 103
153 58
104 126
3 160
4 105
104 19
92 100
39 157
104 49
107 154
33 53
24 131
48 84
87 129
134 79
137 9
88 75
15 89
36 88
31 145
110 15
45 110
132 68
40 24
137 108
70 100
144 92
136 77
54 115
47 42
155 34
130 41
73 140
107 70
8 23
70 33
86 2
120 71
92 35
35 15
63 158
51 9
130 130
54 132
97 39
72 79
56 58
96 43
6 68
131 42
137 30
30 44
160 40
93 84
37 15
6 142
118 56
31 48
74 122
25 69
5 160
124 1
157 83
30 66
157 124
101 110
57 73
128 104
1 11
58 13
29 133
48 39
13 68
122 71
63 31
59 59
27 41
122 117
148 97
5 29
137 76
145 44
18 72
58 77
64 75
25 135
13 133
4 37
115 154
159 87
43 36
27 89
109 111
93 61
75 80
75 4
143 24
118 16
26 38
110 20
55 137
26 47
148 110
160 91
144 95
46 148
154 67
19 33
37 24
150 106
119 120
129 125
98 35
77 63
31 145
31 58
15 141
23 131
122 69
156 144
47 104
139 101
95 54
95 137
45 118
144 124
160 14
69 92
6 4
125 71
8 31
1 82
87 97
18 128
32 158
96 130
56 121
80 96
41 75
53 85
151 70
36 160
128 37
155 44
150 90
122 110
56 23
136 91
140 43
35 16
82 139
8 140
48 49
155 145
101 37
152 119
9 69
30 67
20 44
115 12
42 146
37 17
125 61
115 25
150 83
62 142
37 25
58 135
137 70
4 78
102 43
77 80
45 131
37 48
13 78
87 143
110 8
19 136
16 64
79 143
37 13
13 16
36 39
91 144
18 73
106 131
124 27
51 16
12 98
24 44
3 94
104 96
82 27
86 16
36 110
125 5
124 108
8 78
7 37
154 56
67 154
94 112
136 37
42 160
38 94
18 95
134 53
99 133
77 157
83 51
49 98
28 29
135 62
10 40
79 99
157 18
102 157
111 33
125 134
129 75
141 86
52 31
117 159
7 132
18 73
145 59
109 20
113 89
132 122
79 77
144 51
25 51
93 87
94 48
68 158
116 121
74 59
108 145
107 20
62 130
79 145
74 30
20 56
122 44
143 114
89 46
19 20
89 85
95 16
55 15
40 59
50 82
127 94
45 146
95 113
16 90
31 149
42 72
154 79
56 15
106 106
114 14
125 54
135 17
50 39
74 56
57 63
9 72
32 157
116 23
127 35
130 140
14 30
80 32
52 140
24 145
81 53
87 128
20 140
68 68
56 78
124 118
140 57
145 24
110 16
74 5
58 77
48 22
58 21
144 59
36 41
130 65
23 124
111 123
110 101
145 85
149 52
147 126
30 13
153 46
5 65
133 117
103 46
75 109
57 116
53 145
59 4
140 146
154 75
62 69
106 120
109 81
111 67
3 27
74 44
73 84
133 26
35 79
123 60
16 52
118 3
158 84
150 100
67 22
142 91
58 5
104 110
146 129
41 116
159 47
12 53
82 130
17 5
160 64
74 124
125 83
96 25
55 29
66 85
84 51
107 105
43 41
125 124
59 145
25 93
35 66
46 154
150 85
69 100
75 58
143 15
147 34
137 95
52 118
6 27
118 16
141 157
25 48
110 38
61 65
141 140
79 28
17 10
4 11
21 25
11 66
49 104
72 87
147 9
130 97
61 77
30 119
111 65
92 35
9 78
152 130
156 40
99 72
140 108
41 24
88 146
69 113
102 57
58 157
137 5
123 100
15 46
36 144
126 99
58 51
137 152
86 89
43 72
25 54
155 91
4 118
99 29
145 79
39 89
81 42
13 132
55 28
59 134
142 96
110 88
67 138
87 80
108 19
103 156
40 80
136 71
131 109
134 30
153 2
111 58
113 154
9 47
106 31
149 94
1 32
82 152
141 67
124 60
127 136
12 41
121 145
104 116
2 2
155 36
97 141
91 116
87 6
156 81
86 12
124 49
60 128
143 151
29 127
157 130
67 19
14 113
126 30
129 126
74 28
117 106
14 84
91 95
34 69
52 82
95 36
139 63
129 63
49 65
98 33
18 47
113 86
45 78
82 135
78 73
47 39
101 48
60 149
77 130
128 3
121 39
150 3
34 62
7 118
22 93
138 57
14 32
68 8
94 75
12 158
67 145
31 136
46 138
102 19
139 31
52 94
126 66
101 27
59 87
65 39
28 15
131 72
119 21
127 10
53 90
39 123
98 9
56 130
70 142
153 63
40 48
117 88
11 88
148 114
34 137
80 132
148 6
126 16
47 150
68 72
3 44
116 2
22 127
136 61
7 118
88 103
119 151
82 124
43 4
145 85
101 155
26 104
112 135
86 157
44 68
103 130
26 52
112 148
90 42
75 151
65 144
109 14
148 25
151 30
120 60
82 156
85 141
158 60
147 145
44 109
151 132
76 123
153 24
4 22
77 76
81 36
76 25
109 51
107 11
109 69
109 3
105 45
19 25
149 109
7 66
53 76
23 77
138 32
66 128
144 79
31 26
50 139
94 157
133 152
7 62
140 90
103 124
62 27
42 142
69 108
29 137
149 39
109 92
74 60
153 78
73 97
70 6
36 126
54 27
58 19
40 55
87 160
88 56
3 70
142 94
78 73
22 89
95 80
106 70
139 111
32 98
49 15
24 156
33 97
112 5
27 45
116 124
25 67
139 150
114 50
112 108
40 129
149 113
49 65
94 3
70 80
89 93
157 39
55 105
1 138
76 59
52 133
83 124
85 39
127 156
117 34
90 64
108 109
104 104
52 63
106 139
59 88
142 58
71 123
52 31
24 48
135 83
124 125
144 136
131 14
68 140
118 71
65 45
91 133
152 51
46 30
75 7
108 34
121 121
102 100
125 22
50 149
63 97
43 98
153 69
13 38
39 144
14 7
16 101
25 92
90 28
74 102
140 111
6 24
64 114
109 64
129 39
115 13
126 66
21 113
140 145
106 147
153 26
149 144
110 118
155 134
47 160
50 157
53 65
91 115
39 151
109 101
75 128
157 95
157 66
157 58
86 128
93 145
78 150
97 81
148 118
73 100
124 31
127 157
93 59
8 105
86 93
89 36
43 111
143 36
121 49
140 135
63 119
132 150
40 112
44 57
156 15
26 78
55 91
126 61
31 21
32 75
33 134
51 108
68 19
7 21
82 102
159 10
47 47
68 55
71 76
129 12
42 75
45 143
46 127
27 31
143 89
121 114
117 103
30 149
86 119
46 52
134 35
118 115
105 70
25 6
157 14
141 68
57 87
42 156
138 75
72 157
55 126
85 21
113 3
7 37
20 116
128 160
110 43
52 104
102 31
45 70
117 136
112 142
72 105
113 13
40 107
94 33
59 45
91 135
160 146
148 31
5 20
73 75
126 138
158 12
150 81
122 79
33 53
62 31
42 99
84 17
12 141
109 131
36 94
71 19
35 85
149 103
109 22
85 43
119 58
146 43
108 26
62 95
115 74
16 49
143 70
89 130
94 131
134 99
138 66
46 97
73 132
46 8
88 65
64 151
70 40
68 67
143 20
97 56
101 148
11 20
55 19
88 7
48 25
108 134
116 152
85 97
15 13
7 22
8 81
58 32
74 151
40 122
54 52
4 147
28 31
155 152
75 30
89 55
143 153
151 28
117 37
5 140
126 86
117 106
102 95
94 96
117 81
71 53
101 147
98 69
22 94
95 83
125 53
74 56
103 148
40 4
101 54
22 52
125 60
160 83
122 146
117 8
160 41
91 48
78 8
101 44
97 51
145 112
22 154
155 146
149 30
147 63
113 75
106 64
44 149
9 142
138 40
130 116
102 26
15 5
22 149
9 97
87 95
76 35
140 75
139 21
91 134
83 116
9 61
7 27
61 89
129 29
1 79
68 61
139 42
72 63
95 109
117 80
33 98
109 110
21 122
13 154
43 69
41 39
148 158
114 121
78 122
154 76
131 100
11 19
41 56
58 5
99 131
10 94
124 110
33 129
98 89
63 39
51 129
88 81
2 44
26 41
157 144
108 83
36 104
148 70
30 33
105 130
61 67
117 128
32 21
121 57
146 63
25 74
61 157
155 159
5 150
53 3
144 28
151 82
34 18
33 60
92 86
160 77
136 71
18 97
73 2
89 5
42 138
114 82
143 124
150 38
10 17
139 147
68 136
114 20
91 155
147 110
105 1
85 18
128 133
121 32
124 148
89 53
47 132
137 64
146 48
88 147
88 137
115 33
133 71
146 134
66 12
131 109
29 6
80 142
27 135
65 59
16 100
16 92
101 74
69 94
92 131
86 129
144 35
18 73
57 42
84 84
144 110
158 63
40 144
68 125
60 144
17 132
29 74
62 92
22 10
122 123
31 105
109 91
132 58
76 96
150 47
117 57
27 147
47 150
157 144
140 64
90 35
60 116
141 145
128 1
76 81
62 48
77 159
21 36
114 158
12 114
148 46
75 72
109 10
160 122
49 17
7 112
32 122
146 118
160 18
88 124
111 46
2 148
100 160
22 3
128 33
137 148
80 94
115 14
72 52
24 136
104 129
37 65
100 37
127 33
56 119
80 48
72 73
79 76
8 54
152 47
97 80
20 114
143 1
113 15
62 146
20 85
34 97
65 130
100 110
153 92
110 55
130 106
72 11
65 69
94 159
54 156
59 6
106 100
121 40
112 70
17 101
59 104
56 90
39 61
44 139
146 35
74 66
80 17
83 1
91 159
106 124
116 6
133 111
52 89
13 2
138 95
1 110
89 127
13 63
91 128
39 125
22 19
13 42
76 17
73 47
137 38
3 146
106 85
114 124
6 107
136 4
50 46
16 112
17 26
106 124
73 4
44 22
127 61
150 120
87 100
28 156
74 42
147 126
129 98
115 86
147 101
106 108
47 73
81 75
90 118
76 82
104 30
33 26
36 158
68 39
17 109
74 18
1 90
122 5
138 146
29 21
24 128
20 131
69 156
37 32
23 117
113 137
61 25
54 64
2 147
56 154
33 65
13 34
130 104
43 88
20 123
113 125
34 85
124 60
113 95
77 108
35 121
126 89
48 150
7 55
152 158
47 21
42 124
100 115
34 23
133 29
139 149
114 76
135 5
124 96
47 149
123 130
68 130
23 60
83 126
139 156
111 38
26 112
40 44
20 64
135 44
115 69
96 93
132 121
26 111
96 53
88 145
20 95
83 75
65 132
145 54
87 25
31 112
73 118
79 124
148 52
116 129
16 59
120 67
70 116
7 14
66 9
52 26
29 25
115 116
86 80
35 116
98 32
74 73
157 64
145 127
36 3
154 133
98 16
4 33
47 36
151 41
60 69
16 64
68 130
124 4
46 70
20 59
77 151
63 23
15 16
42 21
15 4
13 42
141 151
156 53
22 47
123 138
132 32
112 11
45 58
30 64
65 76
94 121
86 74
69 133
118 62
96 139
20 84
157 121
31 62
102 149
85 84
155 124
73 30
48 17
45 136
145 21
154 55
147 146
3 134
25 2
134 128
49 55
62 134
123 122
138 7
50 77
34 57
38 8
81 4
138 150
94 59
145 66
59 73
125 138
96 77
15 117
5 19
90 18
74 152
30 158
11 44
50 132
109 22
121 2
108 59
5 63
13 31
79 144
72 19
3 74
55 80
72 138
147 138
10 151
43 24
122 152
91 81
154 124
153 1
17 34
13 72
63 142
101 20
104 8
62 109
28 147
25 106
45 71
20 68
29 48
39 118
156 62
124 15
135 24
75 35
117 62
32 101
148 58
120 74
8 149
77 109
47 111
50 63
28 65
152 39
147 63
126 12
28 66
124 50
94 88
149 88
82 123
50 151
13 138
138 18
6 100
101 27
65 106
75 124
12 104
54 100
9 18
7 145
52 27
64 93
97 109
36 52
153 97
37 1
75 148
64 32
113 61
31 111
29 111
71 101
49 22
63 63
46 41
145 49
144 93
82 1
28 50
16 39
40 15
3 120
122 42
47 95
55 21
61 103
152 98
134 34
113 106
139 9
88 84
125 26
158 75
45 69
29 92
130 59
147 127
68 114
96 123
82 108
83 70
142 151
141 133
98 125
42 95
57 9
41 159
48 38
23 108
60 25
36 29
84 140
108 117
33 144
20 121
159 11
33 54
73 98
127 87
97 99
150 54
27 33
85 74
134 21
118 9
124 124
80 142
72 103
35 116
95 115
156 121
63 64
18 23
135 71
91 84
21 18
95 142
131 137
21 22
37 35
81 97
84 7
152 9
104 51
61 57
152 4
140 46
82 136
147 55
118 41
34 81
79 108
56 43
128 11
138 109
17 7
86 111
21 96
60 64
10 72
95 149
106 83
28 65
11 106
158 56
117 59
83 155
18 65
100 151
92 73
97 60
41 62
131 51
117 83
127 36
3 91
140 82
132 119
34 92
102 109
103 16
39 91
130 149
89 104
94 111
77 157
29 159
151 27
7 43
14 119
96 81
62 54
31 25
53 128
104 59
73 118
7 146
137 81
37 138
62 111
111 143
136 59
9 97
52 19
13 124
124 114
48 76
48 151
136 141
123 49
76 61
16 84
9 23
152 155
40 68
38 110
105 133
4 44
89 53
15 44
150 118
143 60
46 14
135 7
8 149
77 37
26 143
83 82
106 152
98 31
78 49
12 25
142 108
1 104
71 59
65 18
67 151
137 94
128 79
107 154
40 134
118 24
143 111
95 5
62 135
143 106
63 143
110 98
147 114
115 133
146 151
57 49
20 152
64 67
98 117
143 58
33 135
108 26
122 129
49 82
152 78
108 63
74 119
101 15
108 11
60 35
140 102
31 39
76 65
126 99
139 113
74 92
26 75
122 154
7 43
134 133
11 38
99 72
63 33
134 158
79 134
153 77
79 156
52 79
63 139
52 126
18 16
23 109
36 118
97 59
89 73
75 131
127 110
5 130
143 55
38 29
29 142
99 45
8 43
64 144
139 118
110 87
135 131
148 27
58 45
96 76
128 100
76 151
151 55
115 64
26 137
87 48
65 37
53 134
47 25
133 35
147 42
33 2
11 136
70 154
105 21
76 98
128 83
70 33
90 139
65 46
150 111
128 142
138 155
116 60
128 47
112 135
102 43
59 135
107 159
151 115
145 29
127 42
89 1
144 156
149 8
117 56
18 158
14 36
35 110
18 59
103 53
6 139
157 148
47 62
36 144
158 134
159 93
48 98
107 23
16 19
31 129
25 16
27 115
105 79
112 148
20 96
136 119
134 88
83 157
135 21
69 64
95 8
57 16
19 7
17 118
54 81
117 100
136 101
76 25
98 54
38 146
26 58
4 101
153 67
18 23
60 4
120 23
108 108
44 105
148 121
66 80
63 88
29 91
151 27
130 25
37 135
147 95
48 116
72 142
41 121
5 48
75 28
83 135
73 73
90 150
101 32
120 44
31 21
104 93
102 142
98 79
100 14
50 105
111 94
25 59
153 33
98 154
37 151
18 85
85 7
41 115
21 103
102 32
123 114
95 45
149 3
127 68
93 85
143 21
45 102
31 133
33 23
65 143
59 14
66 119
32 101
69 12
138 36
54 90
38 17
138 116
77 58
119 109
35 31
5 132
158 140
14 117
151 75
34 121
100 138
36 94
6 100
141 142
57 99
134 79
136 26
125 81
41 17
104 148
127 154
75 87
123 36
109 13
32 20
16 98
126 24
125 67
2 155
155 105
30 7
34 47
112 7
94 32
143 19
112 1
113 136
43 101
17 146
140 159
72 14
108 10
31 12
9 129
45 24
87 9
99 57
25 99
146 55
26 64
37 21
156 47
91 29
99 24
43 84
138 81
73 81
66 27
63 87
32 4
14 3
3 82
132 141
85 46
90 105
140 126
90 48
59 37
23 61
21 14
40 70
102 99
68 75
8 3
97 145
98 38
25 69
141 57
64 78
136 101
142 15
32 1
68 81
100 41
117 22
120 149
3 27
122 19
133 20
26 152
119 20
87 140
67 49
152 2
105 75
95 112
29 13
123 58
106 82
45 15
99 35
70 127
113 159
160 158
106 29
115 55
110 102
65 81
75 8
19 78
1 22
8 153
81 36
160 109
31 104
38 67
16 41
109 60
31 116
99 52
3 66
93 109
117 128
153 4
11 111
137 53
103 121
49 40
91 99
28 47
51 4
136 83
27 77
157 126
128 94
65 134
77 95
29 124
43 44
145 119
63 105
104 5
14 94
144 13
101 68
50 159
52 140
66 69
103 28
14 95
19 130
124 9
120 75
120 110
122 80
139 102
138 48
106 51
16 134
11 105
133 59
45 36
113 86
29 20
129 80
23 98
130 108
111 24
57 26
22 154
65 142
81 86
97 110
82 33
8 63
31 13
50 8
159 119
159 86
73 124
111 58
90 8
113 80
1 70
144 13
132 134
111 35
3 7
89 48
155 47
68 145
124 72
13 32
92 15
120 14
101 133
15 92
13 4
83 61
129 9
67 54
139 143
113 15
118 25
5 7
98 69
132 23
42 42
60 88
124 58
135 131
1 90
107 119
125 115
75 149
12 26
134 85
44 11
69 108
98 23
97 100
131 97
105 53
130 57
133 98
45 64
121 65
123 38
13 96
80 107
23 101
112 14
151 133
148 79
82 142
39 137
28 31
25 85
56 113
6 18
45 45
38 127
151 79
95 76
53 58
54 36
60 132
48 96
124 66
80 146
87 146
16 139
147 157
126 88
100 155
22 101
148 11
89 18
106 141
51 124
9 131
152 29
33 63
19 94
69 12
104 42
64 135
85 1
123 121
78 153
152 13
87 83
59 50
28 55
117 41
113 86
160 131
35 105
54 93
21 54
5 78
6 107
4 103
63 160
157 65
38 38
67 45
65 98
78 89
109 91
157 63
102 17
143 55
129 143
110 93
96 96
133 35
82 102
142 83
82 131
136 87
112 153
156 57
20 113
119 158
37 129
89 67
113 95
98 127
125 120
99 126
80 143
31 87
103 65
155 79
18 76
63 95
25 9
110 151
146 11
122 153
122 89
127 31
116 151
22 96
76 110
105 120
142 38
108 43
47 102
116 15
22 44
98 144
146 34
63 69
65 86
111 99
56 36
104 51
149 60
91 70
147 49
124 42
100 46
115 156
142 151
40 101
114 45
13 90
30 54
93 156
14 125
122 143
145 31
67 141
22 158
126 155
10 86
32 36
38 90
36 119
91 92
72 131
39 129
67 146
75 50
4 72
40 43
96 83
132 77
137 121
88 139
140 12
97 37
9 73
19 133
15 121
136 24
39 86
97 81
156 100
159 53
153 91
7 75
104 91
39 158
96 78
44 30
128 94
14 82
14 60
44 110
47 22
47 45
135 55
70 107
127 78
126 136
14 77
68 6
156 86
160 49
21 60
94 33
77 27
74 44
87 92
110 63
119 116
40 26
39 54
48 36
98 120
93 32
90 126
147 64
112 25
103 8
146 132
95 22
85 117
11 132
90 112
92 6
101 139
21 68
125 92
130 156
3 83
24 94
103 141
127 31
99 141
45 112
34 48
121 143
87 97
41 23
