160
256
97 126
15 120
69 62
150 10
4 37
140 62
145 149
134 32
37 54
50 44
81 121
43 104
145 38
81 19
152 65
50 109
49 21
117 129
147 125
127 83
91 77
58 33
21 43
54 140
145 137
33 49
116 128
13 59
31 35
69 77
80 26
122 137
115 88
94 130
133 86
135 70
158 75
4 63
37 72
132 148
40 6
51 134
140 48
18 1
133 51
18 35
116 138
29 36
101 29
22 128
17 105
85 83
19 135
151 121
103 1
145 37
68 17
115 27
16 127
123 113
7 135
52 38
126 64
152 66
74 74
5 141
143 152
6 100
158 159
17 90
49 4
61 117
156 158
140 37
42 51
27 41
49 124
42 81
22 89
149 132
143 104
136 59
154 133
12 13
40 83
159 49
53 160
46 118
94 67
149 32
84 126
55 106
48 53
104 147
20 14
89 115
40 113
77 32
8 111
74 53
68 145
4 35
73 128
158 43
115 30
43 43
112 2
23 35
110 153
95 46
45 132
121 83
118 113
30 119
67 144
8 95
152 132
124 153
113 78
128 9
147 108
49 74
83 149
105 88
101 49
36 60
134 38
115 138
94 62
78 15
50 143
45 133
157 28
120 148
61 23
142 109
90 6
147 159
84 18
117 108
25 4
15 136
27 125
14 78
77 18
78 105
144 34
30 151
160 33
34 158
56 5
96 73
12 28
141 45
98 27
124 132
100 71
42 90
45 145
155 54
69 155
144 41
42 12
60 36
82 22
147 99
65 95
4 82
13 111
144 22
38 36
69 20
122 70
103 65
54 156
34 153
112 103
109 65
79 126
13 31
155 146
2 16
132 22
23 33
152 143
143 70
10 122
86 150
103 16
150 84
103 155
62 11
152 119
79 143
43 93
12 51
153 46
58 128
8 68
80 7
62 153
120 13
126 137
97 73
45 130
152 156
132 76
91 77
90 1
34 101
139 55
135 155
82 140
62 125
101 118
78 135
89 148
58 141
103 93
84 92
114 151
49 14
132 77
25 22
107 24
135 125
93 24
71 27
116 75
140 110
99 33
132 99
39 17
119 8
88 131
33 3
34 101
45 113
144 94
68 149
73 86
159 63
138 159
90 68
9 77
22 24
138 47
139 155
128 49
60 92
51 127
68 136
72 101
65 101
129 95
52 97
