160
2304
92 88
107 84
11 153
1 86
28 43
21 123
126 69
117 102
1 94
66 128
97 122
146 147
18 17
23 130
27 19
84 72
158 95
77 113
39 50
113 160
9 13
110 5
157 64
47 103
113 97
46 55
52 61
76 33
29 24
100 157
136 118
57 95
119 145
1 45
137 108
126 83
14 68
156 108
34 156
104 14
133 119
159 73
34 46
119 112
68 42
123 84
94 55
29 132
103 32
75 51
139 35
126 26
24 90
81 123
115 70
96 10
45 115
11 135
7 63
11 105
73 40
139 93
112 150
137 112
93 119
49 67
43 153
55 119
2 57
40 67
65 11
136 128
132 35
71 84
95 108
90 86
103 55
106 91
97 22
94 143
80 33
160 29
129 114
154 123
60 38
63 44
117 139
43 9
38 85
94 77
117 100
20 54
159 8
125 110
43 61
135 45
44 64
117 22
113 69
37 157
92 111
2 38
82 155
86 81
71 56
131 15
105 124
11 151
121 32
147 102
17 113
81 132
61 52
140 38
130 59
93 97
77 20
2 140
4 109
147 13
131 36
90 119
151 20
53 87
142 38
88 27
89 52
115 37
81 49
79 120
8 15
23 121
36 128
42 117
147 96
69 73
127 9
105 154
16 135
12 118
123 106
87 72
43 10
8 95
1 109
124 64
56 50
98 146
11 155
35 107
61 126
4 97
45 128
55 106
71 131
20 22
91 77
85 38
88 113
118 86
148 127
55 139
80 45
153 107
122 148
68 32
139 117
2 87
85 137
101 132
51 147
15 16
9 18
120 144
15 36
153 89
156 74
49 128
146 9
100 140
159 7
103 53
25 156
37 70
157 36
63 151
22 11
148 144
11 86
19 9
160 63
23 42
31 33
110 7
9 89
158 45
106 9
10 9
28 150
64 151
77 97
22 98
146 142
100 159
124 35
88 142
54 4
150 36
101 76
52 136
88 20
145 65
64 157
33 87
32 132
12 9
123 149
80 83
28 97
10 160
64 86
134 96
59 52
94 110
40 25
128 19
47 28
68 141
4 34
35 158
32 66
73 115
41 158
80 42
59 98
115 160
84 151
115 33
159 10
7 126
13 82
79 96
158 71
2 155
49 108
7 31
138 56
91 69
115 150
99 54
67 101
109 6
44 151
100 65
114 83
34 35
95 146
7 23
76 27
7 77
105 30
109 73
54 19
60 118
150 51
156 60
4 34
54 57
97 49
60 145
132 24
29 27
55 9
117 150
3 126
121 131
150 157
16 158
33 76
127 6
154 115
69 82
52 99
104 156
155 27
5 34
142 30
157 35
51 107
48 86
139 86
110 27
17 13
106 23
136 17
85 119
39 89
75 2
72 45
19 49
85 55
31 90
2 131
78 88
93 66
34 28
68 100
125 51
100 6
134 149
133 31
58 138
99 22
89 61
48 86
149 121
51 6
75 17
58 31
77 8
125 128
155 117
13 80
127 34
132 110
132 46
83 37
144 132
16 104
112 123
159 25
66 119
117 5
21 61
28 150
147 93
95 114
73 26
69 64
76 58
112 35
44 88
37 59
59 46
95 156
59 67
50 30
115 68
138 152
82 33
130 48
93 107
54 33
2 39
18 121
90 48
32 140
56 16
25 95
26 106
120 56
6 73
91 2
91 84
12 26
61 106
45 64
36 46
24 106
9 123
64 149
107 95
158 130
136 145
42 115
19 54
140 37
29 148
125 92
82 15
32 17
99 51
107 71
61 70
101 25
15 30
123 67
133 135
57 6
41 54
5 82
105 131
114 101
11 36
102 8
20 63
62 40
25 84
111 72
85 45
11 85
96 50
66 76
84 44
62 147
134 133
73 5
73 159
77 6
31 27
105 105
53 5
32 20
120 85
67 114
128 38
95 98
84 40
128 16
15 48
105 74
110 151
14 39
93 18
151 92
116 138
11 83
99 71
4 67
103 156
85 62
137 111
155 39
158 85
45 53
5 102
133 65
133 127
78 127
134 137
105 84
132 7
136 152
8 89
136 7
142 145
153 83
33 37
18 24
150 78
139 147
43 33
137 110
130 129
37 116
107 50
71 6
100 148
140 111
86 134
67 140
152 160
122 115
74 5
41 54
99 135
77 65
99 47
29 142
99 22
83 117
74 50
115 152
75 49
143 51
93 148
37 10
155 138
3 10
101 83
124 12
13 138
101 116
34 89
64 12
29 32
74 124
43 35
17 143
31 129
20 90
124 31
46 115
17 27
152 78
45 23
38 157
6 56
104 151
3 123
69 75
80 146
111 93
133 112
61 107
152 6
90 48
37 50
79 158
65 39
155 3
15 106
68 37
41 32
10 100
9 8
83 122
96 131
50 113
53 49
109 144
152 6
73 76
12 67
51 1
70 56
17 158
62 139
42 105
21 42
121 27
34 67
11 157
114 97
71 42
18 156
160 111
102 106
119 68
16 72
134 21
38 28
20 49
155 88
130 103
149 136
160 145
126 113
86 7
115 28
21 140
108 84
43 122
38 124
113 126
155 78
158 68
113 2
134 139
96 54
88 53
107 101
74 142
109 24
53 24
152 53
105 144
92 60
91 30
104 135
86 61
99 18
117 74
91 51
121 155
140 101
117 4
139 50
20 125
63 150
87 139
120 99
7 138
45 140
129 65
25 91
59 99
94 80
28 80
18 125
81 122
6 136
132 137
20 109
83 103
111 74
159 40
127 11
111 120
105 31
94 14
153 50
54 41
114 27
25 74
85 18
113 4
33 55
21 62
154 159
100 68
92 146
84 47
120 38
9 30
9 52
132 62
94 98
61 59
153 64
12 152
115 158
26 152
57 48
159 152
123 81
93 38
40 127
139 123
21 81
105 55
133 21
107 154
78 38
139 83
96 160
135 56
153 3
87 55
80 141
63 126
122 116
125 53
109 89
25 127
159 72
30 108
102 18
50 18
50 150
117 103
97 115
47 22
130 44
123 76
31 23
128 26
149 124
156 140
122 31
141 128
47 87
151 102
124 116
151 108
57 144
50 74
39 69
13 138
28 23
24 38
82 151
51 94
9 81
52 117
3 74
47 131
135 139
158 22
124 52
115 114
99 135
117 17
147 73
63 35
78 35
25 140
98 60
59 102
99 87
97 153
68 96
102 83
23 44
123 28
61 91
11 26
94 96
88 38
138 22
62 152
145 27
33 62
123 73
92 125
156 57
108 78
20 152
113 152
42 101
59 87
49 75
71 27
12 33
41 86
158 60
145 35
1 102
143 152
93 149
61 17
81 136
86 150
129 133
35 83
10 76
72 31
65 19
24 149
28 140
105 109
125 107
1 45
26 32
127 118
51 51
21 22
89 52
37 108
154 6
105 121
12 76
140 123
76 14
107 2
33 84
67 62
24 79
127 92
115 101
87 44
25 29
61 83
49 148
21 88
160 139
85 68
7 110
101 81
109 5
27 35
112 31
109 75
123 105
79 54
149 6
82 48
12 57
59 117
145 67
146 100
25 134
14 96
36 98
54 61
40 101
144 45
33 82
63 37
74 60
119 130
149 25
6 95
62 92
79 91
22 55
28 54
133 23
123 157
11 6
117 72
47 117
59 93
124 96
114 85
70 64
66 99
75 14
43 121
60 19
133 2
146 40
76 68
51 112
112 70
104 9
127 128
108 117
160 37
4 137
106 1
118 79
44 102
92 153
73 72
5 30
39 36
157 82
158 119
101 158
40 54
95 158
149 77
11 135
1 30
72 160
80 86
118 124
156 127
119 75
124 133
22 120
128 132
51 84
117 34
94 65
85 23
124 50
50 128
116 51
122 118
10 66
35 48
9 124
51 88
35 141
114 5
31 122
97 36
85 58
8 69
145 57
67 67
34 49
135 77
17 106
48 117
100 20
157 56
31 47
160 147
146 39
130 46
29 156
67 6
36 40
122 127
3 30
64 62
120 142
79 117
151 118
149 100
37 134
103 42
143 36
18 142
118 80
103 73
121 144
14 96
18 28
156 50
40 18
71 75
140 64
56 13
84 131
131 90
134 13
153 101
66 39
106 160
102 117
159 46
17 16
10 30
49 158
42 55
124 144
17 87
49 1
73 49
109 3
77 73
119 127
52 36
33 140
58 49
69 157
19 1
23 48
106 90
32 73
151 138
158 30
106 61
91 52
134 67
141 153
81 98
137 121
42 59
20 13
100 15
113 109
134 132
145 129
41 33
115 74
55 44
76 69
75 79
29 115
130 99
44 85
46 129
147 34
37 137
91 147
81 41
91 157
154 90
159 52
15 87
99 9
119 138
120 21
61 121
39 41
109 1
136 58
6 113
72 36
98 140
150 35
106 1
157 108
79 74
24 101
29 99
111 28
76 34
80 91
145 25
95 93
13 5
1 132
46 98
148 145
145 121
48 76
122 151
118 102
130 118
107 55
71 47
42 54
80 130
70 79
35 83
15 76
110 33
113 115
98 113
128 146
96 159
16 48
10 6
38 41
98 124
69 150
11 98
130 140
105 32
117 97
14 80
16 159
41 96
134 134
143 140
152 67
157 160
122 65
42 33
70 134
82 47
120 17
51 28
131 133
66 15
76 37
122 29
130 5
34 98
133 47
139 111
27 39
150 121
50 73
143 143
113 99
97 130
112 47
75 50
54 39
139 122
78 85
88 54
135 74
75 129
142 51
99 142
108 159
65 120
4 120
79 94
61 91
82 100
133 65
115 150
86 155
83 146
61 3
89 51
92 113
28 150
96 134
10 52
155 131
61 111
92 5
155 145
13 34
79 125
13 128
30 112
17 12
25 40
83 158
29 84
69 125
131 125
78 108
135 67
47 113
112 24
53 80
106 79
150 3
75 88
40 141
159 19
110 43
86 62
25 60
48 117
49 18
96 113
36 10
77 82
143 135
70 67
118 72
103 155
38 41
94 33
87 144
76 16
95 120
9 136
34 142
8 117
151 75
153 85
113 36
4 98
78 146
25 62
23 54
43 70
20 25
125 139
76 124
159 19
73 139
155 134
65 137
155 27
151 153
11 145
21 108
24 70
32 93
115 28
149 20
132 110
69 80
102 22
97 95
38 74
145 56
6 124
138 124
62 141
46 60
113 108
65 88
109 116
76 125
48 65
11 61
16 19
83 124
138 62
111 142
110 49
91 43
75 18
17 39
74 133
137 1
73 78
44 53
17 7
105 27
76 128
121 129
127 60
52 19
3 150
144 129
8 144
69 16
119 154
139 50
134 99
67 148
138 108
120 25
85 157
116 21
157 72
70 65
81 33
121 6
126 141
59 37
105 127
90 119
159 145
36 62
158 103
125 113
85 56
82 94
26 114
50 155
123 54
18 99
82 123
118 157
135 146
136 41
71 131
81 93
8 60
100 76
156 83
16 49
132 5
18 147
103 146
97 96
72 159
52 140
26 47
59 73
127 8
45 141
22 124
56 160
73 148
90 159
20 73
121 69
117 119
21 1
41 52
20 8
26 116
12 140
145 102
50 133
121 17
14 138
44 139
93 147
64 103
105 138
113 63
46 115
20 35
133 57
7 101
96 144
150 60
54 109
33 64
131 65
73 28
158 150
50 138
75 54
11 24
96 68
71 88
149 127
104 65
102 131
99 38
26 160
64 9
121 154
59 82
113 43
36 157
118 131
19 137
75 95
20 80
41 118
146 62
133 35
156 18
3 96
25 42
39 91
37 67
157 157
39 50
125 33
12 98
78 96
154 131
111 135
150 34
10 15
18 77
64 70
127 75
155 82
110 144
137 119
24 122
51 93
78 81
110 40
28 116
126 103
159 54
19 16
120 26
124 136
95 154
158 92
22 71
109 91
87 23
110 82
24 58
84 21
58 58
123 90
104 117
117 44
84 62
14 53
1 136
136 98
125 118
91 19
91 88
122 83
60 70
131 100
44 156
61 20
115 57
135 58
7 145
22 28
149 122
160 44
87 125
10 88
91 115
31 153
23 108
134 96
23 98
113 123
36 157
158 46
115 130
69 96
72 69
43 97
65 134
55 49
96 96
78 109
135 77
63 83
16 38
33 141
129 81
82 137
4 56
36 69
84 89
129 129
135 120
118 35
110 74
40 160
49 36
155 100
99 85
60 138
142 144
82 110
82 46
6 71
29 130
150 33
35 138
53 25
8 140
98 31
135 35
19 74
136 151
14 56
118 23
24 123
31 144
38 26
87 64
143 114
80 80
14 111
105 123
13 154
113 35
31 86
33 78
141 145
109 104
31 75
32 40
111 1
159 72
42 33
21 53
99 8
56 114
128 31
51 107
33 93
88 87
63 103
147 123
152 4
75 110
33 159
2 134
158 152
89 130
27 133
79 99
67 56
23 100
130 104
60 121
23 111
83 85
159 72
94 80
13 89
122 156
5 34
127 15
58 119
43 65
130 148
44 35
114 143
96 46
149 136
53 108
72 101
56 138
129 78
90 156
145 128
118 62
60 109
97 13
135 60
54 133
55 158
137 157
157 154
140 66
44 14
144 148
107 152
66 84
24 38
109 22
24 93
37 152
78 32
30 142
59 90
17 111
25 1
85 27
110 129
34 4
17 148
84 43
130 39
73 156
86 3
5 49
84 43
110 123
103 102
116 17
124 83
141 62
66 80
120 9
74 6
28 149
58 33
150 7
61 125
127 36
2 151
112 17
43 5
3 132
13 88
20 112
141 73
16 89
87 44
74 140
124 45
82 111
28 90
93 68
114 80
11 17
135 136
132 149
27 158
119 147
27 116
63 51
4 149
69 54
53 50
46 28
19 147
143 104
93 26
9 158
60 105
20 63
156 49
101 33
73 17
138 87
86 17
90 29
42 77
88 109
145 55
37 25
150 60
139 34
109 150
50 64
104 42
33 65
31 45
160 131
55 112
120 33
83 32
116 20
149 27
54 124
119 29
56 37
9 83
15 93
40 33
91 94
54 71
109 11
56 81
32 9
16 84
99 35
121 26
38 38
154 138
21 15
50 7
134 23
46 115
5 115
63 154
98 127
7 62
87 92
115 33
86 140
41 157
71 71
153 5
58 89
55 124
128 41
3 43
12 118
154 52
160 85
154 8
70 4
13 151
26 132
15 49
125 132
125 135
62 25
149 52
20 128
27 35
18 19
104 140
148 53
100 83
27 144
70 138
75 58
25 7
20 82
54 114
147 1
132 102
18 9
74 100
93 52
19 22
51 151
141 29
20 97
13 130
56 38
35 35
77 37
125 70
17 156
31 129
117 154
59 118
61 141
68 77
3 74
109 53
92 29
95 61
20 12
155 138
119 107
15 114
101 91
146 123
62 27
12 100
103 13
150 14
129 107
88 18
147 48
122 122
84 110
56 114
57 146
144 159
156 139
61 132
122 118
133 42
123 9
38 51
147 131
31 127
78 65
122 144
63 57
117 59
37 28
146 16
54 3
148 78
30 75
72 37
89 37
121 5
135 91
65 47
123 103
51 18
48 32
64 127
109 105
101 46
137 43
96 29
22 153
16 78
32 70
105 68
132 119
109 137
14 135
123 67
94 102
120 107
158 86
13 35
30 86
101 33
30 154
87 42
137 47
67 36
58 11
27 78
143 13
2 68
82 42
106 10
147 88
19 79
48 112
156 90
45 133
153 47
158 103
8 60
120 75
105 147
4 28
8 153
69 143
55 113
52 1
46 30
55 110
32 67
27 130
89 23
115 142
2 142
139 57
136 49
143 32
147 114
84 109
12 153
51 127
130 64
148 34
140 52
29 130
118 136
37 158
64 36
151 73
87 72
13 37
21 158
37 101
44 135
85 84
21 138
15 56
26 45
11 32
144 24
61 32
31 93
41 107
37 33
4 33
36 124
16 111
148 145
68 39
42 4
114 128
100 158
133 141
97 37
25 11
124 74
74 32
23 49
3 128
141 96
11 107
46 84
28 87
20 11
141 46
7 58
87 25
63 66
100 124
24 17
119 127
102 27
138 24
54 46
41 66
145 140
87 22
18 138
149 45
86 46
121 46
109 156
111 155
50 129
52 132
151 83
21 64
135 15
93 20
145 4
64 146
40 92
95 101
84 64
108 47
6 96
115 112
76 37
84 25
23 64
126 90
131 6
129 141
66 27
36 48
23 2
68 87
14 48
98 55
133 115
42 146
7 120
89 129
8 17
82 74
114 60
74 74
47 158
38 54
3 132
119 20
71 93
51 114
18 115
18 147
28 93
71 115
14 77
40 66
59 129
44 61
98 5
135 72
89 115
129 88
150 101
25 38
133 91
46 18
86 149
94 141
143 39
98 113
62 110
121 67
150 68
98 40
158 84
145 84
160 139
74 154
151 137
59 34
117 39
21 119
43 61
160 22
26 148
134 158
153 144
135 36
97 30
77 14
107 38
81 9
110 33
68 2
149 159
14 131
14 112
77 155
64 138
18 115
57 36
73 85
19 73
29 111
45 99
76 114
118 155
14 67
72 102
27 132
110 157
113 28
38 155
110 108
149 141
52 79
32 71
21 128
104 93
140 93
122 100
106 49
32 73
32 99
125 131
30 146
152 141
142 76
1 21
69 126
137 154
114 46
39 10
91 85
52 98
15 52
70 2
114 77
150 85
74 92
50 92
147 29
117 133
128 35
134 10
56 85
160 18
121 61
77 113
28 26
72 137
34 154
30 21
78 112
138 9
99 12
77 49
116 25
17 106
124 152
65 104
160 15
17 93
53 59
56 148
80 34
143 36
129 157
33 17
35 99
80 24
149 130
126 157
95 4
129 153
82 24
102 18
64 58
4 80
124 100
13 50
78 34
138 96
97 46
132 133
119 42
158 67
153 53
155 156
65 49
46 135
46 22
56 31
17 116
11 115
87 38
73 160
139 132
67 22
153 52
69 29
150 93
124 63
2 135
18 15
153 136
132 48
72 57
158 122
111 22
67 51
64 64
72 97
155 6
117 68
85 132
106 11
126 135
47 83
124 135
87 48
131 112
53 150
114 159
51 43
75 20
88 42
133 14
131 100
68 75
44 146
21 89
60 59
138 108
99 6
113 79
137 107
36 78
90 158
157 70
67 88
110 106
104 50
120 50
72 38
15 142
15 143
42 108
12 142
99 159
60 25
57 107
52 130
73 79
117 100
78 95
136 125
39 43
42 116
71 56
79 22
147 12
8 72
28 97
16 48
56 82
80 88
74 45
75 61
53 78
126 117
82 45
119 55
114 140
44 127
12 12
85 73
90 138
106 19
101 63
54 6
38 45
122 152
66 73
17 109
75 107
20 67
58 28
95 148
41 147
133 80
88 78
97 151
81 93
1 80
155 124
27 124
4 150
121 44
123 7
107 133
50 84
134 156
131 119
27 133
126 96
3 151
156 142
146 23
26 143
23 148
43 145
17 158
21 10
137 41
42 72
130 156
47 28
119 83
140 99
126 160
95 53
75 112
132 87
5 137
149 88
48 39
140 40
56 74
154 43
80 27
73 33
127 68
40 45
70 105
147 78
51 102
151 41
83 93
157 153
115 160
62 60
68 60
73 153
7 11
109 97
157 45
50 46
35 34
104 20
121 53
84 22
143 128
108 120
116 91
97 128
31 137
71 109
90 89
71 144
40 8
105 119
152 106
17 140
87 99
16 35
49 1
9 36
8 33
100 92
56 38
97 40
109 125
55 44
54 141
1 42
43 37
13 24
82 63
104 98
148 150
57 1
129 31
47 26
96 69
11 41
96 108
125 112
103 86
111 120
18 23
121 126
23 86
89 13
59 98
91 30
143 146
144 138
69 114
11 25
63 116
20 125
91 105
100 1
13 120
62 23
105 99
63 117
158 100
38 48
110 105
34 119
5 160
145 160
150 53
145 132
98 92
43 144
154 18
153 156
97 122
57 121
80 42
104 30
5 25
133 43
96 18
72 111
123 95
59 73
57 32
70 29
18 26
152 67
139 49
103 103
20 89
154 35
106 29
84 34
63 59
40 27
78 25
149 40
111 130
54 113
153 140
124 5
117 65
82 62
113 129
94 38
59 150
102 10
63 158
78 89
86 85
93 129
58 18
61 139
150 95
119 27
2 113
67 115
61 123
129 126
59 91
38 83
139 19
114 40
40 108
136 127
77 108
139 92
22 119
146 145
30 35
108 18
141 18
108 47
157 118
146 89
100 113
154 37
80 17
93 146
21 100
146 34
158 75
6 139
122 42
132 153
96 156
140 5
134 71
126 72
44 137
150 38
11 20
1 24
48 110
23 124
16 128
13 137
39 30
19 46
28 69
125 41
46 80
78 16
9 144
26 30
9 67
10 86
80 73
68 89
65 144
44 123
47 118
60 53
126 146
127 50
127 93
107 76
88 26
139 77
61 119
43 122
149 86
117 39
129 115
140 68
90 27
120 108
54 34
16 154
113 37
123 18
80 104
35 78
7 25
83 100
10 83
