160
2560
93 83
19 85
15 94
110 58
105 61
94 9
157 32
115 157
85 85
84 88
124 24
150 38
11 101
53 144
113 70
9 75
139 81
42 157
85 39
14 6
77 66
100 160
51 108
121 3
29 105
5 123
26 152
94 103
76 111
82 52
41 10
144 8
114 39
129 45
30 100
156 58
48 95
68 155
95 148
119 37
57 9
84 120
6 104
149 156
122 73
113 126
118 149
100 134
75 114
104 44
54 17
67 31
26 29
131 151
114 48
126 44
6 3
36 134
55 72
59 57
75 92
7 45
62 107
79 89
139 141
132 45
129 59
148 39
49 146
149 102
69 136
64 47
58 135
104 21
73 67
149 94
52 82
75 160
129 9
76 138
144 21
64 39
155 89
147 108
136 46
52 50
71 103
76 61
116 41
51 99
6 151
46 70
39 54
109 9
49 114
132 32
114 8
8 39
134 155
78 43
160 115
85 130
101 116
133 44
152 95
70 16
90 127
96 36
16 42
70 135
75 40
123 124
91 43
118 39
65 30
27 38
88 16
10 57
57 87
54 33
109 122
18 51
98 74
31 3
122 96
30 127
114 133
116 29
116 131
79 47
154 139
143 60
30 36
113 118
151 128
135 53
155 44
52 21
63 139
144 78
137 39
130 14
160 51
77 149
58 124
15 54
57 37
126 51
134 146
17 107
65 31
47 54
100 154
87 105
27 31
39 132
144 155
115 120
35 83
41 99
9 59
45 16
124 92
110 145
81 39
84 5
7 50
20 33
20 57
12 116
145 142
3 86
40 12
96 154
130 87
62 78
21 90
2 160
135 107
20 91
6 158
85 160
76 110
63 88
158 131
84 9
23 72
16 31
159 72
123 123
52 155
53 109
9 3
102 123
79 149
112 108
5 65
22 45
44 144
17 150
127 123
33 90
129 154
35 3
67 104
31 74
116 158
124 91
159 88
75 90
117 39
49 46
117 10
89 30
108 4
18 65
20 22
84 11
123 13
128 59
91 17
152 139
145 82
6 133
106 119
128 121
128 21
69 8
108 124
143 34
146 83
43 60
91 158
10 49
67 3
44 57
69 62
22 83
44 45
34 19
131 32
128 137
99 103
83 141
125 30
41 123
100 2
104 150
39 3
146 7
90 44
52 30
103 89
107 138
34 118
132 40
66 1
144 34
96 144
53 57
3 73
22 124
86 146
119 143
25 114
96 66
17 58
5 149
116 9
47 73
83 26
58 113
123 53
55 20
140 44
31 82
108 150
67 31
56 122
72 88
22 66
124 3
101 138
92 61
91 17
80 8
15 141
106 36
70 63
120 59
75 53
98 61
69 116
138 158
18 124
62 156
145 25
152 125
68 107
74 152
1 37
63 50
126 15
24 91
4 5
22 24
88 30
68 114
143 108
37 131
20 123
121 148
158 10
57 56
121 28
31 69
95 9
19 95
121 65
60 94
11 136
103 80
152 139
86 140
58 130
48 7
88 8
156 37
134 158
152 69
78 110
61 85
73 131
62 36
56 87
24 12
158 121
12 15
150 77
99 143
145 38
32 86
138 136
148 13
83 5
69 33
128 78
85 48
138 70
112 115
34 158
94 7
148 130
93 133
53 151
66 92
20 137
54 155
62 110
134 145
105 78
151 110
67 88
40 79
38 156
66 25
135 48
5 71
28 84
14 158
109 147
151 88
135 125
91 86
56 13
32 139
139 33
62 71
124 133
104 12
88 83
48 148
152 87
2 12
110 115
26 128
135 95
152 40
118 108
55 30
84 22
6 82
39 89
85 60
4 73
100 134
35 130
143 31
116 44
19 153
154 59
74 92
127 50
14 99
39 70
57 105
154 84
147 150
114 46
19 17
61 66
36 40
61 149
154 155
27 143
97 156
131 93
85 24
90 19
32 92
112 160
93 53
74 81
108 69
147 155
79 38
122 42
160 3
61 55
22 76
15 93
45 128
8 54
21 83
125 67
83 94
146 130
35 64
63 140
16 136
123 25
158 51
147 160
124 62
76 144
130 33
109 90
127 69
22 95
86 99
76 68
99 87
143 125
151 85
32 6
97 79
31 104
143 52
159 71
49 75
108 89
26 69
131 32
19 103
95 13
62 22
133 42
50 133
121 110
64 122
116 15
36 131
108 42
145 84
90 52
54 40
49 55
40 11
51 150
159 74
67 68
53 87
27 114
16 25
154 112
129 111
38 31
81 77
80 111
52 49
60 7
23 27
125 89
124 78
94 84
127 68
69 159
120 93
1 144
64 98
38 148
76 30
67 137
9 149
140 111
55 113
114 58
43 61
10 121
79 151
90 48
115 14
108 105
36 18
117 38
25 14
26 139
155 121
88 147
42 72
152 62
30 86
27 11
14 32
66 65
23 101
84 80
64 149
111 4
150 154
113 91
134 117
93 131
114 142
119 76
13 52
65 28
131 84
102 119
108 38
43 105
130 132
159 74
51 24
90 21
102 87
73 99
101 69
112 22
71 62
142 129
113 46
94 155
5 60
83 94
29 26
130 7
85 98
47 63
29 135
28 23
104 95
54 152
101 100
18 25
141 114
68 52
133 104
18 59
75 52
124 82
106 18
24 44
84 45
7 33
49 71
112 1
21 3
118 36
40 15
6 94
108 148
152 116
111 151
136 126
139 43
155 137
46 133
20 100
19 14
23 87
42 36
96 66
103 119
109 50
151 32
15 101
156 136
82 119
143 147
67 138
33 94
90 37
97 79
131 34
116 2
43 39
18 143
105 107
9 122
39 116
58 102
16 73
54 103
131 110
84 66
80 105
123 129
79 103
18 46
43 24
17 123
102 3
37 10
124 133
6 91
73 157
147 75
109 43
14 116
106 75
137 22
67 115
132 103
112 135
14 98
35 110
23 104
54 12
52 128
14 119
75 98
69 137
118 151
49 8
157 153
156 114
72 9
19 66
87 20
97 46
71 32
102 148
68 95
113 2
122 149
156 103
37 119
74 113
56 45
57 15
153 133
68 92
77 27
118 89
74 39
130 71
124 41
146 98
52 90
152 36
138 105
28 46
6 121
106 31
141 18
136 149
118 39
112 97
64 87
110 138
107 118
137 9
112 93
127 12
74 136
148 157
113 81
143 128
1 99
146 132
64 134
41 78
145 37
79 83
151 18
60 2
90 131
6 64
50 77
111 121
123 62
120 21
142 43
157 70
38 108
150 150
100 20
63 108
111 66
121 76
150 81
68 105
128 114
9 36
160 123
27 102
67 9
21 146
6 64
103 16
132 45
150 32
18 104
128 28
49 144
38 142
33 143
160 34
22 66
60 9
137 77
30 55
3 135
48 133
65 50
125 28
91 55
74 36
101 33
28 123
112 137
115 147
106 66
30 39
17 52
1 139
151 34
101 12
133 3
57 138
100 20
63 100
63 104
2 136
34 42
41 82
47 28
132 70
140 29
90 14
51 154
132 6
111 85
111 97
135 131
81 122
120 23
81 126
139 61
131 112
53 22
121 64
90 141
68 140
126 101
4 126
128 32
154 116
72 43
131 150
5 69
140 56
83 87
43 148
157 7
51 126
58 84
157 137
42 20
157 132
101 16
84 105
89 98
85 42
21 126
121 121
128 63
153 22
29 4
9 115
65 47
89 140
53 101
99 16
80 124
39 114
29 48
156 27
102 70
118 46
95 111
29 100
125 134
120 44
16 72
108 24
36 141
124 25
143 100
105 62
124 156
124 103
69 32
67 72
105 68
100 15
36 110
116 9
36 39
154 52
39 122
26 60
66 45
90 27
31 127
28 116
145 81
14 160
44 121
62 89
5 79
71 73
86 107
120 46
65 20
75 109
141 8
133 78
24 141
47 126
62 18
127 59
100 120
132 101
55 112
108 15
41 3
68 8
118 4
64 20
93 140
151 3
71 68
156 43
145 79
17 23
6 85
12 101
87 125
24 159
142 133
98 30
139 78
104 13
91 103
131 24
113 20
74 97
101 138
140 66
10 124
79 152
140 96
131 7
138 44
152 32
18 30
80 44
15 160
10 49
137 4
98 56
120 152
138 81
103 37
66 29
138 28
109 136
43 13
115 90
1 127
127 105
35 159
134 66
12 134
135 82
116 102
153 71
119 133
155 80
149 136
37 41
116 20
137 119
75 22
70 157
2 134
114 17
31 6
140 70
108 52
28 16
81 28
99 96
116 106
105 122
37 158
3 75
14 81
116 153
74 24
55 44
62 67
38 88
14 46
14 149
6 32
19 38
140 42
126 62
63 66
67 115
73 101
37 69
148 22
39 126
67 150
15 117
11 65
100 69
113 41
121 17
158 160
108 48
153 47
27 25
148 160
6 64
79 146
62 135
120 90
1 129
54 106
19 74
77 123
63 77
73 152
41 44
39 11
76 160
74 76
86 52
94 64
74 121
136 143
37 119
91 10
27 45
81 29
127 118
14 129
131 58
93 159
58 52
91 83
77 52
152 41
77 148
129 131
84 110
138 149
56 137
160 123
67 141
42 85
81 127
136 55
29 96
84 65
51 91
149 43
5 61
114 112
150 52
36 2
25 58
86 16
146 77
75 20
74 49
123 59
27 24
25 153
133 87
124 24
44 7
33 78
151 6
92 32
32 58
32 63
64 50
64 123
61 69
59 60
17 80
140 130
14 16
1 97
91 4
117 100
38 38
40 28
41 49
45 134
89 121
146 35
41 132
4 2
118 123
43 89
88 121
39 146
82 56
128 146
50 98
94 153
112 94
53 9
99 90
31 97
141 67
119 66
159 145
109 56
81 119
23 121
127 18
94 112
90 62
2 54
92 156
98 118
63 32
138 100
23 15
56 158
108 52
71 53
134 46
1 119
40 121
88 59
10 49
53 31
137 58
141 76
59 56
34 17
59 123
130 39
16 126
25 146
141 159
114 61
98 74
105 109
67 12
142 52
73 6
84 10
95 49
10 139
63 120
20 115
141 109
119 23
116 112
119 8
125 34
86 79
41 76
67 70
151 91
26 33
142 4
41 85
126 4
75 3
82 46
28 122
82 94
152 62
78 37
131 94
155 127
59 91
158 60
32 76
95 89
26 51
13 82
100 154
7 143
108 141
106 55
124 101
11 48
63 75
146 157
158 58
122 101
64 40
69 93
112 144
109 62
18 142
117 77
69 87
29 60
153 36
160 145
75 42
39 117
149 113
104 88
141 94
129 134
37 71
21 140
54 51
65 131
113 51
140 36
59 132
10 104
112 67
27 150
135 123
135 11
81 136
18 64
138 13
23 2
25 106
114 115
8 63
10 147
154 103
117 83
156 53
71 127
8 45
59 128
115 14
43 33
149 81
140 62
151 69
55 77
23 11
150 156
43 74
4 85
83 30
17 68
23 131
64 91
81 104
158 65
10 117
106 75
97 105
124 12
45 18
49 51
112 25
150 141
96 38
53 22
52 153
130 23
11 80
141 104
121 8
14 118
17 105
86 102
140 94
33 114
61 9
54 11
113 57
94 2
138 160
144 124
28 151
124 113
105 18
85 65
67 52
139 128
40 58
125 47
7 67
57 96
42 57
60 116
91 33
12 31
101 41
160 95
142 19
114 100
13 119
53 35
145 78
119 74
79 37
41 129
67 144
80 144
141 61
46 97
52 98
44 48
56 147
35 137
157 25
67 4
140 84
113 91
86 136
119 22
70 147
97 102
17 151
14 10
91 16
149 151
102 137
56 80
147 124
159 135
66 58
125 5
148 46
8 55
72 87
127 134
136 4
41 20
37 98
155 131
75 148
74 37
92 53
120 75
147 115
151 121
85 9
148 41
96 2
2 25
13 128
71 57
65 70
58 49
41 126
68 9
83 122
58 53
140 88
64 72
75 121
30 124
36 105
112 136
93 26
105 58
97 150
25 35
105 138
155 60
109 67
131 108
119 11
131 52
21 56
30 77
112 43
80 153
74 27
84 131
18 63
23 137
12 72
6 100
73 43
131 51
76 136
137 23
29 65
133 104
108 159
57 47
49 75
95 79
62 48
27 34
150 126
78 63
104 42
8 124
12 6
12 1
125 36
107 13
160 62
30 67
31 28
146 89
4 130
57 119
50 30
27 136
72 116
1 2
109 56
129 74
94 48
99 92
40 97
115 145
155 46
30 160
56 116
108 142
113 46
91 144
151 9
91 108
91 124
148 15
82 133
133 155
94 5
142 92
141 71
2 46
29 90
8 29
59 1
33 9
32 109
95 154
154 37
35 21
135 43
159 89
14 58
120 12
154 146
111 92
29 63
10 13
121 5
120 113
147 109
119 102
158 91
102 156
19 160
130 134
10 103
21 5
19 148
78 50
5 81
102 61
94 77
113 151
4 149
141 96
74 130
160 118
89 49
100 160
150 16
46 136
146 116
26 155
106 1
75 113
29 6
43 40
88 141
54 4
141 14
16 18
106 107
74 119
41 28
69 127
132 134
90 104
97 50
127 71
113 118
79 129
28 69
109 137
159 1
40 104
57 122
149 12
13 82
120 18
149 103
159 51
81 68
103 44
52 19
68 16
19 132
87 26
57 39
90 36
125 67
37 29
85 16
51 64
96 121
52 107
158 99
111 119
125 82
77 13
83 133
106 8
147 11
66 142
132 112
43 66
32 93
56 129
2 111
111 99
91 21
90 54
97 18
151 160
24 79
47 132
145 30
127 124
58 145
28 60
118 56
127 139
53 68
84 48
10 47
67 12
77 147
88 39
4 61
97 127
46 124
113 25
85 64
31 15
119 146
61 102
108 100
41 55
126 60
155 71
155 137
75 146
71 77
16 34
114 150
51 10
68 8
82 15
150 44
4 149
95 125
43 48
61 63
96 123
17 84
27 76
52 159
111 10
38 64
63 98
36 69
70 37
113 48
82 123
58 69
17 113
120 9
106 68
140 36
132 99
72 63
8 95
18 141
30 118
108 75
38 145
147 75
53 99
135 80
30 3
150 97
126 22
110 48
136 114
140 142
58 22
14 120
43 124
132 74
74 130
133 49
47 6
49 29
159 142
76 156
6 50
116 43
120 27
77 56
107 19
131 124
75 111
49 159
31 69
55 156
107 51
47 157
107 132
61 103
133 54
35 71
49 22
8 70
76 7
143 15
38 154
126 102
120 96
107 86
15 22
114 111
66 43
67 115
18 84
143 86
128 115
31 10
127 78
84 55
106 14
125 144
108 153
135 30
115 157
106 61
100 124
149 63
130 96
77 86
148 60
55 45
105 54
120 14
20 60
38 119
90 96
112 77
41 28
19 48
117 55
139 31
41 89
25 35
137 94
60 150
155 38
38 17
3 141
159 109
81 68
124 136
71 113
1 56
47 17
94 21
125 29
120 97
27 27
30 8
59 105
4 30
26 59
39 106
41 67
156 24
5 115
126 146
4 126
151 133
112 20
101 79
36 42
28 75
26 120
112 93
23 150
143 34
30 118
86 93
102 106
2 93
126 125
140 15
16 89
95 137
116 66
58 33
114 109
15 69
13 89
82 134
104 30
65 131
51 58
72 91
152 85
70 35
102 150
154 70
159 151
159 67
16 156
135 15
142 10
150 84
76 39
2 75
136 142
92 155
40 96
76 96
134 55
147 85
149 72
85 116
126 152
57 6
81 130
73 102
34 75
148 87
43 131
82 98
105 9
100 42
48 104
53 15
136 136
104 120
44 119
37 47
77 8
45 151
102 99
26 91
73 155
38 35
30 87
149 155
5 76
136 140
150 88
141 90
3 139
157 98
16 133
153 96
42 83
123 21
34 148
108 157
15 6
49 106
33 53
67 144
2 105
35 3
123 69
25 112
87 83
104 20
41 67
127 97
42 50
35 12
121 149
114 87
146 136
25 76
129 150
142 38
56 105
51 68
34 46
88 32
7 91
39 58
34 87
60 144
144 58
16 105
157 82
92 16
86 97
71 97
40 153
19 72
29 144
43 148
7 140
39 93
20 146
18 116
100 97
108 91
99 89
96 142
115 139
39 11
42 66
79 45
38 139
25 47
154 116
54 27
106 99
72 78
23 53
150 62
65 85
31 114
105 25
64 86
59 18
120 147
128 27
20 55
83 15
40 146
44 127
131 154
140 60
25 132
93 4
18 119
48 103
33 47
68 152
160 96
25 148
17 8
122 39
156 46
154 50
94 80
20 154
4 30
86 126
107 137
79 15
27 46
150 90
17 40
98 8
62 101
133 59
6 30
48 79
45 96
109 107
104 122
140 8
62 62
100 121
119 129
12 41
78 41
112 103
117 80
144 43
100 61
82 81
122 97
65 87
144 15
147 41
44 127
35 80
18 79
155 16
56 115
48 43
118 87
26 121
6 146
108 58
112 71
33 51
99 19
156 151
86 100
95 103
59 58
78 93
118 115
134 93
99 101
46 159
156 51
42 52
15 70
97 126
93 110
150 91
35 123
57 72
99 95
13 132
88 65
117 51
154 78
63 114
29 135
70 47
42 105
137 71
19 75
160 134
53 79
98 113
101 137
159 13
16 123
85 159
94 36
114 31
134 6
79 10
104 113
52 44
66 33
139 12
24 139
35 20
55 72
83 91
57 125
35 130
154 37
80 55
90 30
131 74
95 35
17 92
112 26
62 112
100 96
119 46
122 4
146 76
114 50
121 108
16 59
27 48
140 134
133 56
145 85
93 57
142 4
36 8
102 156
55 112
46 99
70 138
160 143
145 112
4 2
134 23
11 146
154 139
54 104
54 23
135 154
39 5
55 124
101 69
110 62
142 92
43 12
3 10
12 36
125 104
47 57
47 56
5 25
27 7
148 15
157 114
99 145
117 133
100 37
20 6
86 3
58 124
68 148
38 160
153 6
138 81
70 2
75 140
110 135
10 40
122 58
160 66
115 153
130 57
82 108
83 25
101 13
23 141
7 33
156 122
143 3
55 100
26 145
74 150
127 101
129 11
52 157
104 136
67 30
44 15
17 59
92 125
94 106
87 91
100 53
137 148
99 95
19 89
77 79
103 144
143 41
122 11
57 154
43 101
130 146
29 46
30 159
134 78
24 94
17 125
36 29
81 103
84 26
12 48
54 13
125 113
19 22
149 1
153 125
145 55
23 62
110 154
132 126
157 19
114 142
61 73
4 135
46 20
1 46
29 159
51 114
92 110
160 127
3 145
33 152
80 58
70 160
33 34
77 40
126 66
75 155
104 48
140 66
41 55
26 79
87 76
8 110
58 122
131 109
36 160
21 116
139 147
18 159
128 87
143 40
131 80
154 117
15 118
136 37
45 97
38 134
157 133
42 42
52 109
43 134
2 96
3 61
111 30
122 34
30 29
38 105
96 70
104 35
38 152
95 104
52 24
149 17
96 112
51 42
142 3
112 47
73 156
77 69
5 22
116 34
10 80
41 28
92 106
38 42
121 135
63 117
136 50
132 154
123 62
100 160
89 141
88 160
39 14
33 147
107 107
88 81
42 66
105 115
131 19
109 60
23 69
68 36
124 42
58 75
101 125
53 65
26 150
88 132
35 80
64 134
127 31
24 150
16 111
24 87
71 134
103 118
37 21
105 48
138 131
4 120
158 37
149 2
63 100
2 158
35 116
120 61
103 125
1 14
126 1
32 139
28 121
47 150
91 59
37 80
16 49
102 135
53 156
67 82
40 138
46 36
143 129
110 103
57 56
137 20
96 133
155 115
140 30
139 35
19 107
73 6
15 35
126 45
22 156
121 86
126 110
38 122
143 88
73 159
108 16
139 78
142 127
70 96
127 147
106 41
34 58
101 144
149 104
68 105
14 33
71 63
120 16
39 32
144 89
11 115
35 11
153 79
99 38
72 132
129 75
77 3
136 132
54 47
154 113
110 120
35 140
58 97
41 74
67 128
31 23
62 4
94 59
16 141
51 111
101 15
47 112
155 118
63 155
61 128
47 119
100 34
144 159
98 94
90 94
136 93
155 22
111 146
78 123
149 95
84 59
46 124
29 146
44 145
43 90
154 42
150 130
49 97
103 16
97 16
140 135
68 87
57 21
48 27
135 72
2 71
1 131
11 19
7 104
149 22
61 136
86 35
28 82
24 30
7 68
159 24
9 44
18 25
63 14
61 75
130 139
114 141
135 43
125 139
15 59
74 67
41 131
133 115
14 87
115 28
116 145
100 55
160 4
33 107
91 150
44 134
34 132
154 63
144 77
152 120
116 38
132 93
121 10
136 13
89 42
2 115
141 134
87 72
160 77
50 76
20 55
54 154
56 65
13 126
50 139
139 114
56 33
151 88
46 124
74 42
98 114
44 132
108 120
156 159
109 139
32 39
51 107
52 159
144 159
49 143
133 150
133 139
148 75
27 104
38 94
100 135
114 86
87 59
24 67
53 116
52 139
48 57
121 158
10 10
135 4
42 91
123 92
4 40
131 127
82 71
52 33
36 29
67 35
26 131
35 3
111 46
136 9
140 36
22 32
3 127
80 121
96 10
71 107
109 74
45 73
153 112
6 104
52 98
19 46
7 93
110 16
85 19
43 158
69 50
145 82
1 123
15 109
8 95
116 18
83 4
36 12
52 71
28 160
83 49
24 47
159 81
19 51
5 71
142 160
11 88
103 39
64 130
112 113
119 87
145 71
18 56
78 78
31 65
135 112
21 6
116 53
102 11
90 58
66 158
25 41
43 65
96 49
26 137
24 8
51 158
33 48
160 19
20 144
83 15
22 14
39 91
114 15
104 150
67 114
150 78
99 150
150 78
139 71
149 37
121 154
106 50
140 115
118 144
123 44
83 34
44 152
91 109
15 158
98 51
114 26
151 102
2 100
31 81
115 46
7 118
82 110
70 66
73 5
21 140
40 53
135 133
146 142
94 51
38 132
107 64
20 136
31 119
10 160
89 69
27 99
50 40
55 143
32 55
145 93
14 140
83 31
10 104
29 49
120 19
54 62
160 3
95 132
69 1
148 75
38 143
111 127
120 26
151 150
141 11
65 123
12 100
54 28
9 5
141 6
134 5
88 100
85 69
111 62
146 129
80 136
29 159
55 40
142 55
84 83
55 33
13 31
129 151
106 158
59 140
74 52
102 67
76 34
97 41
79 61
113 88
87 142
25 26
35 10
61 128
150 160
91 85
135 88
81 105
11 55
48 129
153 14
22 78
106 124
157 122
156 67
155 105
22 30
21 15
49 143
52 109
51 12
84 135
72 78
110 157
27 134
28 62
126 125
56 25
76 53
117 66
112 31
107 125
28 106
15 115
73 36
124 137
119 32
8 109
107 57
46 104
2 89
67 127
49 11
134 46
118 110
120 33
139 67
150 107
86 88
127 62
76 94
154 113
55 77
157 57
129 146
99 110
19 21
55 82
89 66
134 152
138 117
126 29
23 108
107 19
21 40
129 64
152 128
149 72
102 32
121 156
92 110
103 52
155 18
1 105
106 147
121 51
43 155
151 10
82 35
120 109
15 114
65 98
9 124
60 90
149 45
125 115
65 109
15 17
120 10
97 31
109 31
11 127
87 158
93 35
34 113
122 37
29 89
136 151
134 68
47 102
153 132
108 80
118 110
83 16
127 44
126 54
