160
7680
12 29
91 46
63 54
118 111
43 99
78 97
34 153
113 49
128 75
98 90
160 137
98 149
6 26
56 84
99 160
149 69
41 160
2 27
105 35
118 31
53 105
47 114
122 143
69 156
124 30
86 62
5 11
153 59
31 103
5 151
137 157
110 7
32 147
109 80
81 139
11 43
147 87
113 16
82 17
56 72
100 11
12 81
72 114
103 157
97 146
44 85
158 48
67 110
7 138
156 149
7 141
18 85
154 136
155 141
156 16
160 57
61 80
48 18
28 14
57 84
43 147
133 92
152 138
150 99
8 123
44 60
104 149
57 138
116 68
71 106
147 66
102 95
78 117
93 146
6 93
62 24
159 148
69 48
139 25
34 84
102 74
30 155
69 15
19 139
57 49
98 94
117 53
7 80
53 159
156 13
7 15
28 95
33 4
137 94
50 84
125 52
123 147
132 84
53 25
72 14
131 134
133 105
75 121
54 14
135 84
11 107
20 127
60 152
37 108
73 66
47 105
113 132
152 110
49 141
149 123
23 73
117 139
22 18
76 142
85 81
12 29
64 6
91 97
54 102
49 46
58 109
88 4
159 136
30 12
34 25
130 123
34 62
120 108
98 72
124 112
128 19
1 109
40 130
30 71
76 95
157 25
137 152
84 44
119 66
126 77
22 148
119 34
143 86
68 76
39 39
32 100
67 26
60 112
10 80
31 78
149 27
110 136
146 39
148 145
32 152
41 52
70 147
116 157
89 37
37 39
69 155
112 60
79 10
53 59
123 120
152 142
55 130
95 132
103 58
148 46
143 101
130 74
29 60
137 102
135 55
60 80
105 104
69 6
3 121
101 111
66 123
68 53
54 22
80 53
77 132
158 74
129 51
19 44
92 135
72 90
50 65
55 64
35 74
77 117
105 34
38 55
81 150
122 124
38 60
83 108
129 36
36 86
75 136
154 65
28 111
121 150
128 98
60 74
74 28
2 155
49 39
67 108
61 93
145 85
124 12
7 157
80 138
36 113
119 6
20 88
19 33
10 24
8 10
61 26
41 56
101 112
91 122
130 7
15 135
142 62
80 9
30 10
11 59
82 46
150 22
160 151
89 117
51 70
39 108
84 20
154 14
73 48
122 33
68 90
36 8
9 83
100 96
6 34
52 90
134 12
2 10
18 59
154 158
29 21
24 33
80 100
72 54
96 83
90 12
38 60
157 35
120 8
145 158
109 127
72 152
102 83
4 63
117 10
145 98
8 23
93 121
98 62
71 30
38 83
152 136
89 78
19 103
56 92
30 146
100 48
90 136
87 136
81 41
121 128
40 48
31 34
5 86
134 109
79 45
123 140
129 67
139 49
136 103
45 60
30 116
41 35
99 122
135 108
106 132
125 48
89 64
65 132
58 79
141 64
107 71
35 121
2 28
23 48
93 33
85 129
124 70
100 47
125 134
144 75
15 120
1 154
145 76
44 1
32 152
8 65
6 75
126 156
39 119
154 146
95 39
9 92
123 36
18 79
33 46
35 55
42 132
83 73
146 11
21 52
109 122
20 78
41 27
133 114
147 75
58 68
61 27
79 17
57 158
136 154
105 22
100 53
45 20
113 3
114 140
41 131
68 112
119 146
6 143
82 58
138 55
142 17
118 61
155 39
9 29
62 78
51 19
149 98
154 159
149 110
60 25
52 55
70 77
43 62
41 7
149 19
43 129
85 62
100 81
19 80
131 12
106 22
150 56
102 143
48 60
152 16
108 147
97 73
90 20
132 19
125 46
20 73
156 158
9 38
149 79
25 78
69 45
37 119
136 7
60 157
48 32
7 147
85 160
131 146
109 26
72 87
89 36
3 42
19 32
30 127
151 124
102 18
134 147
139 145
110 81
133 18
149 13
155 25
12 78
61 135
147 51
153 45
96 40
145 15
77 79
48 140
154 60
91 93
64 21
57 139
53 44
9 8
64 25
35 70
114 74
72 35
122 69
20 81
25 40
96 101
147 39
16 62
7 160
103 57
97 138
41 71
88 150
154 94
119 112
100 135
18 86
156 89
93 156
41 42
93 135
16 17
18 91
116 40
109 97
105 58
29 21
138 100
132 126
12 111
121 35
40 6
32 84
101 115
129 83
139 73
142 51
80 79
139 157
115 34
111 69
126 107
98 103
10 72
114 69
31 156
125 102
140 14
65 62
12 38
154 146
48 80
84 56
150 133
129 11
127 127
70 18
74 18
72 112
36 59
119 7
10 111
119 76
130 111
29 92
137 93
21 46
119 114
68 65
47 128
130 118
158 88
55 108
73 95
50 141
92 158
35 131
21 125
38 60
59 78
103 92
155 105
90 17
101 42
144 15
150 127
128 84
79 90
76 69
105 16
62 121
121 83
40 93
114 103
14 48
129 128
140 103
105 33
89 160
17 92
92 148
157 32
145 97
45 45
101 52
2 124
2 15
141 65
47 14
52 15
30 121
103 159
118 24
20 87
107 66
35 83
141 112
94 82
122 83
107 115
121 121
44 133
83 95
81 146
77 37
152 89
101 1
59 124
142 26
114 22
113 146
86 129
76 60
149 53
120 151
144 4
130 103
123 115
44 66
92 84
82 126
125 125
103 36
62 31
5 21
157 14
97 17
153 154
108 22
94 65
54 71
113 110
111 67
95 128
16 79
6 115
117 104
106 116
39 19
75 139
112 8
20 46
43 135
80 142
29 118
52 36
16 101
10 60
106 24
153 97
108 32
137 95
109 29
71 3
150 17
134 46
58 43
65 49
74 75
130 38
38 90
111 137
51 118
17 114
94 139
76 36
37 140
35 37
22 54
100 73
120 53
129 143
8 80
75 109
108 71
65 21
130 28
117 88
53 2
56 155
30 151
85 31
117 68
27 129
120 139
41 138
63 143
10 19
90 146
9 130
16 81
91 32
27 54
34 24
66 36
93 39
93 139
40 2
69 150
152 45
56 97
104 87
130 3
144 40
8 148
127 120
38 119
61 152
32 77
33 135
125 80
8 100
134 95
130 38
89 99
63 117
67 100
158 46
19 47
143 91
132 144
42 24
152 65
117 8
64 155
27 79
127 102
135 98
113 25
95 151
149 151
9 109
122 117
142 74
90 24
85 137
160 93
73 128
67 70
78 101
146 144
5 65
102 82
82 45
5 99
132 78
103 77
102 23
160 141
157 33
54 44
69 132
15 78
51 145
61 56
151 12
56 58
158 107
140 13
90 147
28 81
75 157
93 120
137 63
78 43
66 70
95 109
47 155
7 124
15 28
99 142
71 115
97 40
124 155
115 29
160 53
76 64
5 102
100 63
17 38
95 112
158 150
129 158
65 17
153 117
116 104
141 157
48 126
127 56
80 152
71 9
34 98
135 149
54 108
81 14
20 24
142 155
154 159
77 7
81 94
132 13
144 58
10 151
50 126
104 27
91 131
82 60
66 145
53 132
136 19
46 109
116 125
81 139
68 126
110 148
109 11
51 106
89 79
113 23
52 13
108 71
73 90
79 143
141 48
125 155
147 79
50 10
136 150
135 120
3 13
55 128
136 156
42 98
148 132
64 105
58 43
49 28
123 86
6 137
13 3
103 15
53 36
129 17
73 76
27 141
148 26
46 54
77 129
112 155
122 21
137 118
97 147
85 140
39 125
64 95
34 100
65 34
116 103
148 95
103 137
73 27
142 46
77 136
8 110
16 61
45 91
69 15
94 54
58 160
60 42
93 33
103 67
109 65
60 118
30 92
145 63
13 38
50 99
80 56
103 139
90 148
10 110
30 9
2 80
32 49
36 125
92 98
92 98
143 78
157 102
1 69
136 25
92 134
57 46
160 5
151 72
66 7
112 150
159 72
81 134
96 135
134 57
38 56
53 60
140 37
47 131
157 138
70 147
59 159
77 111
53 145
46 26
159 154
39 55
101 152
107 160
69 97
26 95
16 61
11 77
67 159
90 127
60 69
56 73
14 98
24 84
149 82
40 121
111 66
53 102
54 100
89 40
42 112
98 104
42 149
91 92
15 118
103 7
101 71
143 35
10 2
115 60
63 35
99 63
68 139
3 141
83 59
54 138
153 95
124 98
54 125
123 5
15 141
98 26
41 38
130 143
66 91
3 83
24 73
24 119
44 27
61 149
17 4
135 12
158 71
143 87
135 61
103 133
111 12
12 41
96 152
160 80
55 71
36 44
103 51
40 35
31 40
2 108
77 40
30 86
74 6
44 133
125 104
62 28
127 117
133 98
8 39
57 56
66 46
42 102
82 65
69 94
111 90
23 63
24 120
133 156
30 24
46 70
135 14
95 98
127 25
108 20
71 55
143 156
115 131
158 48
138 90
87 107
160 44
122 56
68 115
117 121
138 80
19 42
160 55
135 55
46 129
48 85
127 51
60 90
28 157
99 7
131 55
146 9
35 89
70 53
33 86
26 55
59 53
158 96
131 18
64 1
22 71
9 112
28 58
49 45
153 112
14 151
63 20
82 94
105 46
85 125
61 59
102 53
118 50
126 19
60 67
105 89
12 42
42 77
20 50
141 26
29 68
88 92
135 21
27 92
101 129
77 66
53 60
20 59
14 27
73 90
20 111
71 138
134 13
31 15
109 119
155 43
93 76
10 122
120 69
102 155
55 108
149 120
110 149
103 61
144 108
26 7
57 123
152 83
3 97
129 61
99 104
44 150
142 121
154 93
25 73
22 64
81 46
61 42
24 45
53 89
111 154
52 44
35 56
79 117
151 23
55 77
28 87
36 73
39 153
67 61
57 94
9 32
27 157
129 149
94 45
86 12
120 60
127 14
45 40
68 136
22 109
52 24
73 72
64 99
13 2
116 18
26 112
2 110
101 41
124 48
123 6
56 87
13 11
95 63
87 105
156 64
43 6
107 160
123 107
44 127
139 110
44 11
21 23
124 5
88 82
113 126
71 49
49 16
75 74
79 87
132 131
88 28
83 74
108 144
97 128
69 91
131 85
10 159
61 152
154 91
119 123
85 119
24 9
124 128
35 10
25 70
141 35
59 20
17 148
120 15
16 95
9 142
156 41
89 150
96 63
159 151
22 57
82 50
15 96
16 57
49 94
146 38
19 90
92 112
109 67
119 105
67 151
24 117
140 22
7 97
93 119
108 20
156 61
42 117
50 148
51 55
91 107
100 117
48 29
120 104
103 157
51 97
137 117
146 106
43 123
68 65
124 79
53 110
61 121
84 75
2 137
124 40
62 77
23 47
73 119
76 25
83 28
65 80
90 122
55 98
97 37
50 28
72 128
55 80
70 1
41 49
82 143
104 71
63 27
140 142
55 54
90 31
13 68
24 30
44 69
35 160
84 98
64 119
17 89
86 51
122 115
128 109
41 14
146 104
19 78
77 112
97 101
147 59
73 21
123 35
147 62
66 107
137 25
127 65
8 139
132 26
39 28
19 127
152 38
68 68
126 43
46 33
136 64
41 68
80 139
114 83
83 50
119 12
2 53
98 75
33 147
114 134
68 130
102 155
31 137
110 29
41 53
152 37
2 26
74 103
48 145
125 144
52 26
108 72
94 123
98 120
25 60
93 93
14 108
93 104
2 5
30 140
27 72
19 18
109 81
117 131
93 29
53 4
34 78
138 73
139 102
116 4
132 103
151 57
8 94
42 130
108 104
1 84
66 68
81 36
135 65
112 113
84 135
19 94
33 133
146 145
20 91
141 61
77 59
31 160
138 92
6 41
145 98
89 112
157 20
24 28
10 40
40 129
133 124
3 9
68 45
97 110
105 76
143 34
26 42
47 121
30 2
83 131
32 153
74 47
144 67
112 109
143 60
120 100
43 52
56 121
87 16
26 17
106 36
64 14
32 12
106 72
108 60
77 82
60 32
82 78
110 1
143 152
59 85
107 101
160 121
106 107
133 115
107 80
150 20
10 46
83 67
57 88
116 149
103 49
82 113
152 97
114 154
154 75
90 69
66 72
159 95
39 104
107 52
42 78
124 107
1 91
126 28
102 42
3 106
91 7
67 20
72 139
152 5
16 9
112 157
84 89
139 50
112 123
138 160
107 82
61 115
5 28
66 76
64 133
79 80
47 137
129 147
134 105
61 16
24 153
62 119
135 57
131 136
138 37
66 84
85 3
158 66
136 10
105 100
85 41
51 4
107 12
6 58
29 100
24 135
54 105
153 126
89 60
7 42
66 7
130 139
136 134
71 17
37 32
66 3
73 6
34 96
89 30
146 77
105 63
123 16
71 154
99 105
61 21
49 40
135 110
130 107
113 107
131 64
26 124
13 60
141 12
58 149
59 52
122 94
78 22
92 80
97 115
159 44
16 38
49 124
26 7
101 121
83 23
80 18
81 125
36 11
63 81
113 97
74 71
132 110
118 130
158 34
13 59
128 73
61 28
88 75
6 41
92 19
67 135
99 135
97 26
157 68
156 16
85 125
17 15
52 152
134 154
159 20
73 37
137 53
7 119
110 101
83 107
39 122
20 80
38 54
21 140
128 152
104 115
152 157
39 67
136 157
39 61
7 52
104 17
44 27
18 2
65 36
124 153
110 122
107 15
103 64
68 136
35 35
22 56
78 14
105 117
131 152
16 137
17 148
33 118
103 155
21 47
92 51
96 2
16 88
100 25
4 49
36 113
152 75
26 114
41 24
110 17
84 112
45 56
12 114
57 136
136 131
93 57
156 59
129 69
106 97
124 27
1 140
70 29
106 27
58 76
99 34
112 23
88 58
127 157
1 58
8 114
149 71
48 35
104 33
148 49
76 111
137 138
117 73
134 111
100 31
52 36
156 111
59 113
157 9
51 43
144 135
153 145
35 106
8 89
68 11
23 47
118 146
113 7
51 154
133 103
148 75
4 128
41 110
28 112
85 14
134 99
44 100
136 10
38 137
30 12
121 89
118 158
30 24
158 79
134 158
121 9
134 51
152 102
68 90
1 151
116 1
122 11
36 44
60 24
6 108
92 6
106 82
62 32
23 15
148 91
12 153
68 104
160 111
120 14
40 19
16 38
89 130
95 43
109 78
91 32
100 100
64 72
46 57
139 51
95 52
144 157
43 112
6 4
6 18
77 89
36 51
63 158
63 133
144 21
95 102
26 108
79 8
10 117
147 12
43 18
140 144
54 116
99 111
101 143
160 53
75 91
29 5
7 94
22 10
160 141
151 77
92 59
93 25
133 135
131 79
98 129
46 16
54 26
151 74
134 122
154 108
75 89
13 152
128 158
11 142
49 17
52 62
3 21
107 135
81 122
37 149
34 144
160 12
54 146
144 58
104 132
4 104
3 29
9 29
156 34
10 80
135 145
1 96
55 73
20 136
11 86
155 7
7 137
71 156
16 71
37 124
122 92
26 112
22 134
145 102
68 149
66 24
115 88
43 7
56 44
16 10
69 9
29 129
22 66
102 152
48 139
49 150
121 111
150 107
26 80
61 3
53 66
72 123
50 75
100 141
67 84
43 72
8 147
107 72
136 108
50 33
2 85
128 146
79 43
75 28
54 94
2 22
124 123
129 145
70 43
128 37
123 57
72 134
25 104
39 76
134 87
96 26
59 99
120 151
57 106
49 22
26 108
128 34
11 93
65 87
56 83
50 106
120 149
82 34
133 50
106 145
93 127
97 109
146 100
12 151
112 103
148 69
63 31
29 117
96 50
14 49
59 150
90 103
156 55
155 5
76 68
89 160
51 34
63 155
19 135
81 139
43 141
97 7
31 27
113 157
150 5
37 102
130 71
152 80
74 108
78 153
7 72
33 32
23 25
139 124
156 136
93 118
109 15
146 111
38 2
72 46
34 78
148 130
158 65
121 117
80 2
96 95
9 37
155 114
10 131
79 118
73 126
63 58
75 81
141 50
136 42
30 86
145 47
12 122
96 120
61 23
140 16
126 86
33 43
27 24
63 99
11 8
97 42
76 150
46 35
118 104
140 131
112 43
92 84
59 42
8 81
98 40
5 110
145 116
74 144
29 67
35 60
121 92
54 1
141 11
139 111
128 117
27 67
17 131
8 126
61 136
71 60
135 17
131 145
40 12
35 68
72 10
52 103
95 109
42 27
129 121
9 40
151 86
103 77
155 137
94 138
135 61
59 60
66 131
94 49
17 14
110 105
117 51
150 150
34 47
114 27
111 96
70 123
39 66
15 9
1 72
30 29
98 156
32 139
68 97
95 58
144 127
143 114
96 31
137 102
120 65
40 8
59 30
81 20
139 37
121 121
77 46
132 155
49 83
106 33
101 10
113 12
144 34
10 138
34 44
79 9
21 83
144 22
51 160
7 131
24 7
120 142
105 83
149 88
158 37
151 117
138 148
37 89
142 133
123 10
4 46
59 32
144 5
73 124
12 56
129 69
91 138
28 47
47 39
18 23
72 157
143 31
54 118
81 124
48 14
72 50
125 92
52 20
67 27
60 35
98 95
6 82
92 62
52 36
42 74
91 39
39 117
123 70
146 62
31 17
11 83
146 147
90 154
86 125
92 139
74 133
70 68
117 99
119 27
70 132
112 99
110 104
94 8
35 137
135 88
102 10
32 77
52 38
30 64
110 110
66 44
139 9
90 31
68 152
48 23
93 44
68 157
107 153
68 160
18 99
24 25
128 106
20 131
7 44
50 15
12 66
131 160
107 146
150 47
107 38
129 76
14 11
93 81
131 130
10 125
18 47
59 101
104 148
10 13
109 75
19 31
92 149
16 126
102 67
141 90
84 107
96 8
85 79
29 134
137 14
117 74
115 62
91 71
50 48
92 156
47 91
95 79
9 141
17 10
73 105
87 23
113 83
63 45
155 90
60 158
19 145
84 22
131 150
49 21
92 121
7 30
5 81
114 56
34 67
130 100
16 69
25 44
57 47
73 44
105 5
128 44
55 31
72 11
24 42
64 156
73 147
71 36
159 7
45 47
88 58
12 74
143 108
92 115
45 122
33 99
24 132
98 50
25 131
54 70
121 124
74 38
78 45
119 21
155 92
144 148
52 159
97 68
59 42
86 120
102 50
32 113
15 100
77 23
123 121
29 120
143 27
138 45
150 109
107 71
65 150
10 3
31 97
92 154
88 94
118 47
136 148
148 55
49 54
133 159
83 146
113 95
20 156
156 64
14 79
56 128
22 144
51 140
73 111
108 124
144 106
13 8
91 140
34 133
16 84
25 75
26 83
71 86
121 106
54 22
90 139
4 16
114 76
100 17
118 38
151 135
159 22
25 44
106 11
94 24
17 133
114 11
71 51
110 24
18 24
73 59
97 23
102 47
15 27
127 119
8 80
111 56
15 26
23 1
24 35
145 34
15 101
106 159
81 113
56 25
61 7
144 92
36 32
18 108
104 152
122 147
157 149
41 4
27 80
6 140
126 134
27 66
108 56
9 76
25 82
145 131
150 135
52 116
57 114
23 149
16 102
49 118
125 41
18 37
85 68
68 23
33 17
80 62
131 81
86 153
74 63
156 130
52 121
111 9
84 74
89 22
66 119
14 104
125 141
104 4
118 46
142 72
150 31
128 157
31 153
70 66
137 26
120 126
134 104
134 25
144 30
121 11
17 154
94 147
99 139
103 53
104 3
38 75
136 152
97 18
110 80
102 143
33 26
106 119
95 76
75 45
73 134
86 7
3 65
113 147
149 86
36 136
112 29
100 75
149 26
124 14
107 147
23 12
57 50
140 87
94 23
77 120
130 73
94 49
113 77
99 27
132 36
150 138
33 114
119 69
84 32
32 86
26 136
35 147
5 5
132 50
126 160
147 53
83 75
125 31
69 3
69 81
119 30
121 107
105 152
123 105
71 75
124 36
27 53
139 46
85 58
43 13
91 46
136 151
137 43
69 119
131 54
148 8
17 151
160 82
160 148
26 152
20 60
13 74
86 54
142 85
158 144
66 66
98 16
11 52
80 63
12 143
157 69
79 94
139 7
142 114
11 135
70 36
69 128
54 126
68 2
132 52
70 85
98 153
53 118
53 138
68 59
116 153
126 72
90 103
126 36
59 3
13 92
17 91
57 11
76 46
112 27
78 102
157 48
141 144
74 39
103 43
157 46
18 96
27 48
83 133
64 31
1 45
159 8
124 121
121 39
15 100
36 118
89 112
145 3
33 21
56 145
68 128
112 124
21 112
130 37
66 108
25 159
62 82
135 60
81 111
125 91
68 44
10 43
3 93
27 24
67 55
88 102
87 6
134 20
24 158
76 80
53 84
27 123
93 26
99 34
15 83
95 114
86 37
25 71
9 141
42 3
7 111
35 65
121 20
21 59
156 42
31 2
73 31
65 157
120 94
44 89
96 152
134 56
154 80
95 91
14 121
95 63
116 95
12 150
75 109
95 42
93 80
140 53
31 127
55 43
87 39
150 109
115 129
112 62
63 148
52 132
20 45
97 92
126 51
126 158
85 10
76 105
49 139
1 100
144 76
51 21
67 8
149 64
48 96
5 34
87 53
157 16
95 22
42 136
2 7
64 147
135 120
144 41
9 118
73 47
40 91
41 70
101 141
19 94
146 67
153 119
130 61
3 24
118 101
67 22
135 100
39 139
49 125
77 137
14 14
65 66
47 117
137 77
82 8
111 2
111 35
122 61
83 4
114 13
38 44
138 76
107 152
139 98
107 83
14 132
73 8
147 140
153 126
73 130
110 136
122 66
46 8
43 71
120 7
31 42
6 105
70 158
70 155
156 43
49 139
76 137
92 144
27 65
141 14
45 38
48 4
138 61
148 137
48 42
44 19
89 22
118 127
91 64
153 117
157 63
135 104
71 53
42 64
72 149
47 72
89 35
144 38
140 149
123 23
6 133
15 92
3 26
85 119
78 67
19 91
143 80
8 140
6 20
123 159
37 154
17 118
88 93
78 115
155 62
45 60
21 132
15 156
87 16
121 41
148 96
79 95
151 157
62 18
53 41
91 32
115 55
108 16
95 68
5 53
146 7
67 114
5 54
121 68
54 85
116 149
51 91
80 18
63 122
109 125
142 4
106 69
110 20
147 90
91 96
145 65
121 48
18 92
18 137
52 159
68 74
131 4
99 157
11 36
37 107
30 27
48 63
124 79
85 133
48 113
95 147
137 56
57 91
136 30
159 103
49 92
76 8
110 15
68 115
7 56
119 49
69 88
121 18
6 38
45 79
131 33
24 93
157 78
33 123
130 21
157 99
155 44
147 124
58 55
117 81
5 76
22 7
89 133
1 54
145 1
101 9
105 65
145 85
154 74
66 43
75 57
145 28
152 127
69 17
146 101
91 13
25 116
116 64
139 122
62 23
2 12
70 123
51 99
48 80
65 58
66 110
43 3
51 19
9 65
43 145
102 69
154 38
46 140
40 16
53 154
72 147
84 31
117 68
40 121
74 52
61 107
107 54
3 34
71 158
41 157
154 35
112 76
154 159
27 65
57 113
133 37
140 5
49 120
99 46
51 13
65 57
84 48
76 136
100 26
150 132
2 18
67 27
18 109
75 63
112 86
141 88
83 31
59 60
19 53
29 102
104 98
112 117
127 160
37 40
121 159
83 45
75 63
125 50
41 81
60 124
9 93
120 133
145 98
125 22
54 131
35 86
119 26
27 8
114 151
39 5
46 86
127 58
34 119
82 8
85 124
133 66
103 155
7 99
13 8
39 142
53 89
59 37
119 91
89 120
24 13
104 98
128 127
2 160
113 79
9 155
150 87
95 76
76 104
34 103
101 128
50 86
91 74
144 64
106 2
122 17
15 90
36 3
36 115
29 78
96 130
7 151
14 84
141 40
148 40
116 73
150 90
146 3
35 9
41 29
112 121
139 131
51 156
122 81
135 68
63 18
38 141
154 89
72 45
75 64
19 57
155 58
18 17
115 146
38 13
155 19
10 152
79 90
143 77
102 61
25 69
25 74
145 64
50 3
68 52
136 130
64 103
99 100
112 134
158 35
17 19
69 39
34 102
30 110
141 8
55 144
37 145
23 118
108 89
49 114
90 14
41 48
122 9
8 81
9 153
106 101
158 42
102 90
70 150
37 87
130 83
122 143
121 46
18 109
113 45
30 89
43 3
17 46
138 80
91 55
55 132
30 138
113 62
149 93
94 2
104 12
25 39
53 155
149 142
36 75
136 100
154 10
115 64
38 69
41 149
102 110
32 49
33 113
13 30
145 160
37 48
90 103
33 29
39 4
78 24
95 4
20 132
74 32
115 22
46 83
31 21
6 157
127 19
45 131
95 117
154 58
114 47
48 65
83 2
8 75
126 20
63 25
46 15
101 3
125 91
111 117
80 38
41 89
77 64
104 134
159 147
41 142
39 91
18 10
6 107
57 6
123 93
14 109
40 19
133 110
55 117
39 137
82 78
3 63
28 57
98 70
45 124
83 131
91 50
128 60
50 16
96 88
149 19
56 160
134 109
102 6
52 30
111 111
23 99
96 37
50 137
32 52
54 78
92 14
71 97
25 17
22 49
44 65
93 70
120 152
150 45
97 106
64 89
3 143
27 2
126 74
134 26
30 141
84 4
41 21
158 15
22 137
40 52
6 2
144 105
35 134
78 156
1 95
112 123
10 88
135 36
77 74
79 33
6 20
32 74
34 40
138 1
125 50
127 33
61 97
63 43
83 153
68 102
148 27
17 114
112 148
34 137
84 25
148 107
44 117
2 136
70 145
67 93
103 22
91 20
124 131
46 93
56 76
118 108
73 85
95 94
39 93
3 120
149 51
148 8
86 28
28 40
80 149
50 135
141 5
110 40
152 29
8 24
30 50
17 30
144 121
25 98
141 130
131 58
40 25
60 80
32 70
51 119
25 31
129 40
139 68
100 8
128 147
108 23
106 139
37 9
151 55
67 65
106 123
99 159
124 119
83 93
96 102
158 86
46 67
108 105
148 17
43 5
131 66
112 75
95 36
13 37
53 149
47 111
144 150
59 110
98 126
118 103
132 147
88 38
105 55
19 91
122 109
97 85
39 8
52 4
95 7
38 80
40 86
22 99
43 109
45 123
14 54
41 16
104 129
34 112
62 125
150 39
42 144
22 92
77 82
1 116
137 70
40 48
153 103
106 9
139 152
39 96
11 67
139 156
124 1
90 158
5 120
58 91
120 136
9 48
76 41
77 120
124 87
139 44
43 157
71 63
5 53
137 26
148 72
152 145
137 149
6 23
137 93
140 160
105 110
131 126
41 8
142 72
70 159
87 18
13 9
33 85
18 84
31 27
56 45
53 71
124 136
124 70
19 138
155 105
39 61
114 109
151 89
131 157
118 68
78 141
148 12
121 125
127 3
90 12
123 105
94 98
123 102
17 31
46 153
32 71
45 28
70 100
133 146
78 2
60 74
75 7
75 88
107 69
138 160
155 131
73 31
150 80
37 140
44 92
97 89
124 44
29 109
61 19
4 111
114 46
146 22
149 134
146 152
77 49
63 153
15 60
119 4
156 102
62 141
80 17
142 63
127 20
78 2
76 152
24 129
37 77
20 6
33 9
143 159
135 98
73 132
135 115
84 19
44 77
34 117
97 69
130 39
152 149
123 121
114 76
75 160
114 139
124 131
115 54
29 12
160 26
61 150
92 81
39 127
25 49
115 159
92 82
70 27
150 30
98 130
160 47
143 9
118 2
3 97
15 115
136 36
92 120
22 124
51 117
160 52
99 96
136 116
37 56
151 160
142 13
102 60
72 145
57 128
9 39
119 85
65 107
22 141
49 61
152 39
140 49
18 6
117 35
89 7
140 100
7 89
128 29
132 21
143 31
31 25
156 140
78 27
64 99
142 48
21 37
110 55
20 63
80 42
21 27
91 90
17 19
64 140
40 4
119 100
21 102
62 42
150 125
154 81
36 80
74 28
58 157
76 25
44 37
105 100
120 119
60 11
146 102
157 115
64 128
3 121
113 139
82 74
15 2
47 63
80 18
58 11
17 100
104 75
111 117
126 58
123 106
64 38
41 160
20 40
54 21
68 118
37 122
65 35
91 117
148 136
135 102
74 102
51 55
140 103
133 57
9 19
116 109
23 88
1 18
123 9
16 14
129 117
13 8
37 39
97 96
1 96
107 124
109 46
143 92
153 87
54 132
50 80
55 85
138 3
118 96
1 1
126 118
148 46
126 119
15 35
61 73
124 103
107 142
103 38
120 11
13 132
158 51
120 6
71 33
146 38
33 138
157 119
134 81
101 146
8 14
11 123
33 80
159 49
120 27
64 114
78 44
130 51
23 155
46 28
106 155
142 112
159 71
77 84
99 15
44 132
29 60
17 44
70 22
135 50
157 80
33 91
102 150
1 12
1 95
103 85
41 84
12 31
51 123
130 123
75 44
29 84
2 151
78 125
87 112
66 52
101 11
120 17
99 55
35 81
109 39
31 38
45 34
141 84
113 82
108 91
15 77
130 71
95 140
53 108
24 153
3 34
107 149
47 4
98 157
73 146
44 35
63 38
60 54
144 43
21 34
37 24
117 139
113 103
66 54
69 160
8 18
89 143
142 7
92 132
45 156
24 157
141 60
150 95
1 118
148 57
128 143
159 140
85 3
136 81
138 135
108 31
16 153
15 135
16 113
59 89
49 129
11 138
57 18
83 46
16 101
158 145
65 113
17 127
13 95
68 65
89 144
57 107
128 32
49 70
101 84
16 94
140 17
109 148
1 16
39 51
15 96
47 99
57 71
71 61
95 22
80 84
102 11
30 44
43 156
32 128
37 152
81 123
4 62
150 118
68 109
68 81
88 157
86 49
160 20
43 108
29 48
148 103
106 80
44 47
66 83
127 11
76 65
37 10
65 28
49 41
10 141
85 89
129 13
8 28
119 57
9 20
17 108
77 10
21 62
9 80
33 25
77 109
24 152
60 114
107 114
50 149
157 118
15 147
90 75
119 14
143 5
99 115
107 51
160 48
91 66
103 31
146 57
83 104
35 82
121 143
144 143
93 2
89 144
95 92
128 133
158 86
36 135
155 119
152 15
76 110
15 52
119 115
115 16
148 34
48 66
115 47
129 90
143 49
139 150
110 75
88 114
41 156
108 57
10 131
60 92
127 65
30 6
117 7
48 67
144 147
75 117
31 44
154 129
68 52
155 142
121 61
112 11
62 111
103 62
135 28
8 15
151 74
126 134
1 76
25 106
146 95
68 14
65 2
69 145
20 83
6 5
126 29
137 152
38 87
39 119
42 90
15 159
136 24
154 123
106 136
98 159
103 151
133 95
67 135
60 44
141 160
157 112
46 1
72 52
22 91
135 39
18 117
118 97
21 106
92 51
7 114
94 129
73 110
85 2
3 124
16 6
2 27
47 112
123 27
108 132
35 89
27 75
103 84
50 147
124 44
107 8
132 50
69 62
134 91
143 66
22 65
64 73
52 159
156 109
18 97
120 36
160 144
107 85
90 17
142 105
69 107
67 100
29 55
160 150
22 97
128 151
150 104
157 46
105 80
152 62
73 134
137 22
31 23
123 93
42 37
129 101
82 137
63 21
30 43
107 99
139 1
58 82
133 32
154 97
108 42
35 160
32 65
133 11
5 114
113 76
86 5
50 7
126 137
30 149
22 114
65 73
15 112
38 93
121 97
152 122
114 91
101 107
91 61
160 156
69 82
28 158
19 66
6 13
160 122
154 26
6 68
29 105
47 4
35 158
8 61
44 132
106 139
144 62
71 25
40 151
135 122
145 6
147 151
3 2
45 113
138 9
60 70
61 25
78 29
102 141
159 14
102 35
56 107
55 37
128 25
154 99
109 80
80 128
19 49
94 76
7 58
9 32
134 156
83 47
57 57
31 22
33 158
119 136
14 24
6 113
142 28
90 10
20 150
149 91
95 160
24 87
7 70
62 67
7 99
132 62
73 84
62 85
26 32
33 129
146 28
36 142
7 134
17 1
16 109
77 82
134 141
72 57
84 85
124 91
20 16
107 71
86 110
144 102
9 144
123 26
147 143
57 32
123 74
12 128
113 12
132 130
3 159
101 95
64 15
9 140
11 58
105 147
97 116
3 27
116 43
138 69
145 9
8 81
60 52
62 145
77 46
44 129
21 41
14 48
136 106
108 133
30 109
12 17
61 12
107 139
113 33
43 41
134 81
148 25
80 52
139 130
17 92
92 46
74 41
144 129
147 153
51 58
41 22
44 48
88 119
23 38
72 106
53 43
46 71
92 156
98 70
95 29
133 155
85 93
76 36
40 86
61 42
67 32
33 87
115 44
4 133
17 114
89 74
12 147
2 91
75 48
70 155
159 119
86 39
149 139
90 134
99 71
57 3
111 87
142 121
51 14
60 156
28 108
144 71
50 57
116 149
69 6
155 62
54 88
19 93
74 116
124 71
139 85
142 99
66 89
135 157
13 97
57 32
60 108
117 97
149 12
145 144
126 148
131 91
92 26
76 11
83 40
45 99
55 147
79 19
150 160
100 17
31 150
154 18
105 79
21 11
145 100
49 125
6 3
154 85
132 26
75 81
11 151
55 52
44 100
63 65
114 130
122 83
138 53
135 3
93 119
14 100
141 24
89 18
114 37
127 70
62 140
152 15
94 148
138 159
4 112
77 128
11 37
31 128
49 73
26 4
129 61
4 104
155 87
19 129
65 90
119 123
85 28
26 74
11 131
51 93
3 110
91 154
58 8
45 92
136 92
67 94
44 11
32 116
28 91
123 15
160 138
133 106
153 83
86 132
86 92
117 6
77 98
113 120
154 111
143 143
133 9
8 124
46 133
35 9
2 42
10 157
27 126
78 49
140 135
14 123
122 138
78 110
90 65
118 18
5 148
45 14
19 44
64 158
133 103
108 9
120 128
29 112
54 97
133 152
70 96
26 1
42 96
150 117
41 35
38 55
12 28
87 29
140 70
16 32
52 49
56 117
16 72
116 5
98 25
85 48
80 142
63 21
66 85
120 63
140 29
160 156
42 91
68 71
89 23
8 83
77 113
52 132
106 104
73 58
78 75
149 87
1 98
158 114
152 99
106 90
61 122
77 107
35 146
142 47
17 2
79 49
96 81
14 102
38 105
29 83
115 153
126 98
97 132
119 13
103 42
55 123
110 86
82 160
104 69
6 23
39 117
49 31
113 92
126 95
29 31
47 35
61 37
35 140
58 26
96 2
44 34
12 116
21 45
151 74
56 11
93 102
42 160
92 16
91 57
79 128
74 113
93 102
141 115
123 5
38 19
69 112
53 11
154 21
19 124
34 19
1 38
105 96
93 131
87 39
12 16
20 114
79 9
129 32
159 25
45 126
107 16
105 22
46 59
130 142
101 80
98 128
29 66
133 127
111 99
70 7
136 151
88 106
71 54
159 104
118 38
6 111
150 45
121 116
32 43
16 62
28 29
101 53
4 152
22 56
76 84
139 146
119 29
48 95
159 45
12 24
39 154
140 94
75 138
144 102
129 17
153 96
2 43
156 34
158 137
23 97
9 94
24 83
154 90
83 108
49 51
152 60
29 11
90 160
28 142
77 42
63 21
3 132
39 65
133 76
145 130
94 110
38 30
90 102
11 97
36 106
62 134
142 132
55 154
118 119
116 27
65 85
69 72
137 116
122 24
9 145
39 155
126 68
145 73
156 135
51 33
138 46
18 14
52 58
128 2
135 85
44 129
74 107
21 27
55 145
140 38
74 121
151 128
67 154
122 126
105 25
37 34
138 18
46 79
43 86
64 53
36 46
149 102
66 30
31 132
35 88
136 29
2 68
92 85
125 17
37 108
91 95
23 159
123 158
128 18
4 81
154 114
143 117
108 96
96 51
72 155
129 120
141 25
26 114
41 64
123 34
24 37
31 136
91 26
131 2
97 119
71 146
49 74
110 21
43 105
79 41
137 55
112 102
153 39
21 20
5 150
149 158
160 50
134 11
41 129
35 159
2 120
104 84
26 22
99 90
101 96
39 71
55 28
127 147
50 100
108 151
146 8
105 27
29 121
54 47
152 93
120 50
25 33
147 72
131 2
69 94
117 144
156 30
130 12
137 91
111 100
60 9
39 134
123 22
125 88
48 104
143 144
24 40
15 45
77 49
31 108
6 77
70 14
48 34
43 76
114 138
95 12
1 126
130 14
147 160
68 89
13 121
73 13
101 52
72 78
72 8
119 132
46 79
130 14
6 34
120 20
88 1
105 119
43 46
151 114
49 111
90 1
120 4
37 57
20 10
124 70
99 34
142 36
94 89
20 131
24 10
108 3
105 106
49 108
8 158
110 101
97 8
124 127
124 42
140 44
6 65
59 133
117 137
89 23
25 27
146 85
108 8
70 30
70 34
138 35
56 66
155 32
56 47
41 23
42 111
24 29
75 92
93 1
100 86
151 82
81 23
141 131
66 145
53 58
75 88
49 3
69 132
112 41
143 78
126 104
85 22
145 8
150 26
128 150
111 141
40 137
44 107
75 116
56 91
106 102
4 56
13 90
29 105
151 125
9 55
21 39
112 82
113 150
127 109
107 57
102 59
49 111
151 2
33 154
35 81
91 125
109 67
111 111
96 123
93 50
84 62
55 130
93 81
39 17
43 27
127 11
39 109
73 116
83 47
35 70
159 55
92 52
84 160
84 143
20 128
39 32
48 91
69 64
137 4
70 98
61 155
35 42
95 111
144 6
119 24
66 51
1 155
85 23
9 31
63 48
137 102
40 108
134 35
160 40
128 35
108 149
106 72
63 100
89 97
20 69
11 146
148 138
11 71
31 77
104 91
110 48
130 87
159 51
87 19
107 84
94 11
67 150
136 3
89 17
33 96
64 40
86 53
19 33
66 138
142 116
16 83
160 69
95 101
116 82
56 118
141 69
37 110
5 42
122 95
141 1
52 57
139 25
63 116
30 64
107 20
116 41
50 89
88 95
39 116
94 43
7 96
50 23
106 91
42 57
102 77
10 57
138 136
19 117
128 144
56 71
102 128
1 82
107 32
84 127
101 60
81 45
42 1
148 76
50 47
128 60
75 117
160 54
18 30
85 63
141 113
34 116
149 8
97 77
137 142
143 130
64 106
55 145
75 139
144 99
21 117
40 151
153 135
144 113
2 93
4 145
90 112
23 93
50 107
110 5
33 50
68 73
81 149
55 74
145 136
88 53
27 16
155 15
70 89
41 106
144 143
145 19
142 49
66 73
114 14
124 127
9 140
103 26
158 107
124 103
48 81
120 4
25 28
61 45
62 104
47 38
124 31
133 139
150 80
20 38
64 66
154 7
46 131
33 148
111 25
103 134
103 120
16 134
83 150
64 150
124 138
122 101
19 1
125 134
71 15
55 121
77 125
55 153
53 132
138 45
58 30
76 14
104 19
136 27
40 76
137 108
78 27
158 15
138 127
140 56
102 77
35 115
105 102
3 91
134 13
52 37
140 48
26 114
4 160
70 48
29 37
86 51
21 122
29 89
81 38
135 31
148 100
48 43
37 109
132 144
130 46
63 104
21 62
18 30
106 11
42 78
133 14
121 7
106 15
31 158
40 13
22 45
142 31
103 124
60 104
101 87
141 3
90 104
57 108
7 103
26 82
135 160
47 44
36 11
4 8
101 118
154 100
127 83
32 78
118 135
54 23
23 113
54 95
107 143
123 145
12 63
42 26
96 71
28 64
33 53
27 85
30 154
128 21
88 44
52 91
90 84
59 31
23 107
102 96
83 125
50 150
47 19
42 74
146 36
62 48
34 69
121 94
11 12
151 72
142 80
90 121
63 62
6 151
127 43
84 70
22 134
59 98
41 41
19 64
91 35
138 27
125 91
123 29
41 61
37 141
7 136
136 137
107 8
37 92
59 156
125 76
114 17
89 7
132 49
43 45
54 7
96 83
95 119
44 117
14 7
5 78
85 106
30 59
23 23
67 60
153 32
47 129
150 70
68 160
13 65
71 131
142 66
88 148
45 57
36 67
157 63
30 54
83 123
82 13
76 82
50 143
87 21
72 64
81 117
71 1
16 147
72 12
86 113
80 141
64 46
83 2
75 71
145 149
34 12
118 91
129 134
139 76
88 110
131 157
121 50
46 5
157 132
13 60
68 107
152 27
141 6
14 113
3 46
108 149
25 63
52 21
62 27
119 18
134 80
145 102
120 15
20 26
22 152
98 127
53 87
152 25
116 109
56 143
100 136
85 72
108 113
75 70
159 21
1 41
153 67
118 111
55 2
156 35
81 149
125 118
160 51
146 48
15 81
143 142
155 112
152 23
123 137
81 9
92 149
47 57
115 62
15 13
91 73
131 139
87 55
36 22
154 155
110 151
39 1
145 40
97 131
146 29
34 30
23 3
147 145
8 124
3 63
73 11
103 76
114 29
101 123
80 113
57 142
72 100
159 61
71 134
115 53
17 119
29 44
13 84
104 89
114 61
47 130
5 104
88 34
2 65
101 134
82 15
4 109
140 62
154 95
54 67
107 151
139 91
157 53
135 111
39 147
135 131
133 131
66 71
71 159
75 33
37 2
103 138
11 150
46 18
73 126
63 106
55 26
157 49
6 147
151 41
27 100
9 71
128 89
38 133
109 156
81 149
72 3
139 159
12 85
23 61
123 157
11 7
111 5
55 101
144 129
60 156
5 66
59 144
41 59
86 115
6 67
153 45
8 30
15 2
115 14
160 7
96 3
74 97
94 64
100 135
87 6
40 43
22 71
72 72
159 147
28 56
137 4
10 123
127 158
149 127
11 135
155 144
57 113
8 73
96 117
143 83
115 123
104 49
136 36
3 118
25 9
48 124
153 138
59 115
63 6
154 43
8 126
16 56
78 3
68 101
90 157
35 127
98 141
143 137
87 13
19 108
44 8
50 97
69 26
40 44
85 106
14 107
85 38
39 40
59 57
149 124
148 131
127 28
68 132
159 15
101 119
34 7
148 71
121 101
21 19
108 54
7 81
76 95
69 10
79 138
104 16
149 139
26 139
86 74
143 129
136 81
5 1
22 18
138 73
103 46
18 33
121 35
13 145
142 46
57 32
131 119
132 99
43 156
114 137
20 47
22 12
157 39
17 73
71 62
67 16
10 56
87 107
107 155
118 126
38 74
158 65
132 27
114 144
79 53
31 76
14 57
129 26
97 34
15 107
115 13
3 75
67 71
6 43
150 112
48 61
146 139
135 120
8 137
12 79
69 98
122 141
92 91
33 89
77 142
130 42
119 93
64 52
76 47
92 101
136 12
34 117
2 11
4 30
136 56
160 153
17 56
84 100
31 13
157 64
133 47
154 37
148 45
94 133
18 147
31 90
32 112
1 121
25 103
129 32
75 110
154 20
27 51
96 28
130 3
40 130
75 112
144 73
72 83
130 138
16 142
21 146
67 121
85 73
24 22
59 104
129 42
85 101
84 51
28 70
91 136
50 32
41 2
39 134
45 10
86 71
19 76
55 66
68 115
71 33
3 20
130 35
4 132
139 122
135 2
94 113
104 70
120 73
96 44
56 30
134 124
56 110
50 116
137 131
26 96
66 118
93 11
102 71
28 121
104 37
76 69
20 39
7 105
142 46
52 88
12 62
12 27
74 12
53 57
114 151
71 71
134 128
27 92
137 118
95 84
44 109
81 119
32 54
15 30
123 4
16 45
109 78
12 156
19 33
34 138
32 84
73 26
69 143
19 114
96 54
17 129
67 57
90 149
28 66
17 25
48 101
9 129
151 41
100 84
156 131
155 17
136 47
65 119
150 91
67 148
39 68
30 93
1 148
9 56
154 37
69 79
57 65
18 128
13 139
135 122
79 68
63 29
130 28
119 67
130 48
52 52
15 104
128 69
114 84
50 119
147 51
46 43
150 27
154 5
95 157
117 13
150 137
4 86
106 86
70 158
90 77
107 3
3 145
40 50
147 137
137 110
118 50
125 88
158 111
123 77
50 33
83 30
19 89
35 133
97 134
5 66
89 52
25 34
57 111
102 6
113 32
143 12
142 63
107 64
40 133
46 152
58 30
134 23
112 144
136 6
28 104
160 57
80 104
25 30
55 37
138 15
58 151
22 155
127 93
125 73
95 77
114 60
124 140
61 16
2 121
110 21
132 133
140 110
128 23
62 160
147 92
90 135
14 45
122 21
18 85
90 92
148 8
115 114
62 160
103 105
54 33
156 85
86 27
139 55
111 145
75 72
9 137
66 134
61 61
43 131
49 67
22 42
157 100
13 78
41 92
158 119
131 76
72 12
118 100
109 155
18 51
46 98
2 57
57 86
96 46
156 159
42 1
135 131
87 126
6 88
2 11
32 47
118 16
26 64
146 2
114 60
110 39
143 100
113 93
117 5
21 60
148 28
114 114
32 121
112 116
106 63
118 146
101 17
113 117
53 2
136 109
66 47
137 59
109 139
134 1
150 68
35 126
83 85
1 110
2 100
156 90
149 25
71 74
158 115
58 122
76 27
102 49
50 142
24 48
34 124
75 6
14 44
96 19
15 37
95 15
33 24
95 31
121 31
131 65
49 9
107 6
145 86
87 126
40 81
28 151
126 81
32 120
107 70
155 115
92 17
148 121
43 158
18 128
141 154
56 19
150 105
118 133
67 113
6 9
99 83
131 17
132 4
83 120
61 96
71 16
19 152
13 157
3 129
19 66
159 110
25 155
155 119
19 149
33 41
5 156
99 67
140 130
152 119
121 7
135 58
139 54
121 118
113 148
152 33
98 69
80 56
48 23
147 140
145 6
91 101
76 74
33 159
83 29
93 20
90 150
115 150
72 100
108 99
71 95
29 24
97 44
91 147
76 5
120 50
117 153
65 93
97 61
72 124
35 17
76 154
42 54
158 146
138 65
135 120
24 128
9 65
160 125
111 146
21 77
59 105
55 70
16 126
18 131
120 148
107 56
42 130
63 89
152 141
119 140
62 90
133 74
70 158
124 144
95 7
26 153
134 116
72 74
79 156
156 121
102 2
151 67
6 64
133 90
142 117
82 35
155 80
91 93
135 8
156 17
8 131
146 82
115 84
135 108
142 69
143 10
86 61
23 52
52 142
9 103
102 114
109 67
30 105
152 131
154 120
34 10
44 25
50 64
114 132
60 84
117 152
149 21
3 160
122 102
36 62
98 156
47 67
139 18
83 78
73 88
5 64
68 123
68 48
102 34
134 138
159 98
109 85
51 154
103 117
152 145
132 58
70 53
41 83
128 120
139 90
76 114
22 124
109 18
4 85
16 64
118 155
122 128
11 100
117 156
9 133
4 7
145 85
35 142
41 96
142 49
31 3
90 41
31 42
109 119
15 76
127 66
99 37
119 60
15 64
76 64
51 33
27 132
108 114
92 83
27 49
120 151
148 65
20 108
3 95
99 17
72 5
1 57
60 84
65 101
157 45
59 91
94 46
19 73
159 33
32 36
138 146
151 157
15 155
20 102
52 117
43 155
139 77
23 96
135 37
140 92
41 81
9 124
74 14
143 125
150 58
72 50
61 71
150 54
125 103
93 112
77 151
119 89
41 58
133 2
114 107
158 101
32 61
125 46
85 114
140 31
1 16
82 80
23 10
32 33
127 54
93 128
20 41
105 86
82 51
3 126
47 81
10 31
140 114
29 97
34 80
18 36
107 136
40 41
144 29
131 23
28 23
125 151
83 96
76 61
136 5
95 124
159 65
41 147
117 61
67 34
157 7
83 72
25 79
44 133
92 15
66 144
75 64
81 41
59 160
89 28
107 48
110 151
100 139
153 92
102 3
128 156
4 11
113 18
57 105
25 22
13 75
84 120
9 23
38 41
95 158
42 146
96 54
96 29
67 154
130 46
95 55
154 4
122 127
74 94
59 45
124 87
156 124
15 23
50 51
12 92
116 110
92 112
88 18
124 14
131 123
150 46
151 114
142 129
159 45
27 141
23 42
90 114
1 89
98 132
12 103
139 121
97 28
89 115
111 125
120 98
36 19
61 149
107 72
121 39
131 53
75 36
61 51
153 78
2 120
69 104
117 24
96 3
26 66
23 160
28 138
80 111
147 29
56 26
74 78
156 144
65 81
125 160
74 84
43 67
135 49
138 134
67 29
151 125
106 58
71 9
93 130
65 102
131 99
26 61
116 108
151 96
105 80
147 47
2 134
94 93
54 6
133 6
46 30
72 117
135 25
40 99
11 65
106 40
2 78
108 117
84 157
90 65
42 144
113 80
15 8
89 150
39 153
16 134
142 25
24 138
65 62
148 56
59 47
27 81
133 47
108 61
136 160
73 85
95 6
109 69
6 71
12 41
12 139
16 21
119 122
100 28
154 92
59 32
28 135
100 61
146 136
140 82
79 81
71 51
5 82
61 55
135 55
149 124
14 121
1 134
4 62
31 29
126 152
115 103
14 65
150 84
72 85
133 46
39 127
67 54
160 156
67 119
148 62
154 160
35 77
6 159
104 91
97 152
141 124
140 58
42 158
123 140
103 133
64 29
69 53
118 30
16 34
42 77
81 129
13 126
85 36
62 65
156 34
25 150
58 154
55 51
118 152
75 105
129 141
11 47
14 71
157 7
89 148
131 112
70 101
32 103
57 42
127 60
151 156
73 2
105 130
152 44
63 59
118 156
78 39
128 55
75 62
46 35
37 156
119 56
69 67
97 110
3 112
59 130
53 53
92 107
106 40
110 156
115 28
10 81
104 115
31 31
49 84
91 49
15 51
102 117
140 103
5 66
96 119
5 58
38 50
29 48
117 80
160 153
54 143
42 39
127 64
4 125
77 22
69 53
77 69
111 1
37 120
155 131
84 133
92 96
85 108
127 13
103 48
73 88
65 127
2 156
49 49
13 126
29 4
39 99
143 134
88 109
96 49
65 120
59 157
48 80
17 83
124 157
76 155
79 87
22 94
22 98
132 60
152 54
133 71
21 83
52 145
81 52
149 95
147 29
52 55
149 8
1 56
45 47
17 134
25 115
147 66
74 68
34 68
67 26
100 86
67 154
133 15
107 75
10 49
106 134
103 130
18 83
108 62
37 118
159 4
83 116
65 104
119 123
85 119
156 13
125 90
63 60
20 96
105 80
62 89
139 130
93 147
35 23
142 71
121 111
30 160
2 21
34 120
30 120
94 139
93 31
153 133
154 73
9 156
33 119
155 24
64 116
36 144
86 156
43 85
129 44
141 129
88 76
155 133
126 99
28 129
50 7
75 38
25 18
39 130
2 19
90 150
142 130
34 130
4 41
4 152
16 62
91 118
142 158
44 144
75 77
66 115
81 86
110 38
100 3
59 74
107 139
128 116
43 94
136 22
107 24
13 126
124 57
118 112
153 43
38 25
5 87
69 79
103 57
109 130
82 124
80 23
132 83
122 151
99 30
105 111
38 106
106 89
142 99
54 154
21 72
106 6
142 150
56 119
95 154
39 48
59 145
108 145
34 144
55 76
147 43
7 141
6 139
44 69
136 52
154 2
61 27
19 24
79 90
123 16
51 87
55 93
66 142
11 51
126 124
20 95
49 132
159 151
22 31
159 154
24 93
147 122
21 16
82 156
52 101
136 103
55 5
86 102
156 152
56 71
48 60
30 121
72 91
67 65
22 32
97 128
117 153
113 70
123 145
71 99
110 52
60 153
65 67
93 155
8 91
60 5
99 145
96 143
129 112
81 88
30 28
14 17
64 129
111 58
57 10
104 52
88 84
132 90
132 20
55 27
160 97
34 108
17 68
37 84
143 141
20 110
16 51
154 83
77 105
107 57
133 42
129 119
94 131
130 70
117 10
42 84
74 53
82 159
98 35
90 112
19 52
112 116
77 3
147 65
76 22
117 13
98 126
82 72
147 101
117 38
53 118
76 21
115 111
68 33
77 145
102 103
121 135
149 81
55 159
42 58
7 156
110 135
151 158
1 157
158 63
96 4
70 74
159 144
21 28
147 87
4 46
87 69
152 11
137 96
110 103
42 97
145 17
64 148
6 48
99 104
17 81
113 9
126 87
130 29
89 149
156 143
55 102
5 33
46 18
140 94
41 151
39 126
110 151
36 34
39 22
13 104
122 159
95 71
63 114
92 8
32 60
16 158
104 65
22 114
124 78
85 85
59 70
83 51
20 141
125 88
96 124
154 20
82 52
159 100
28 61
78 35
29 55
47 134
69 87
149 86
3 69
33 108
124 152
78 59
18 153
1 153
104 157
12 56
87 62
56 145
152 93
93 86
80 147
98 31
25 146
138 21
7 119
34 79
147 68
154 65
94 102
129 60
128 118
17 121
31 81
17 8
83 126
24 60
144 60
11 60
144 135
152 155
156 30
68 84
121 118
19 62
16 140
35 1
128 130
11 110
45 53
128 81
132 67
15 125
121 89
44 146
75 89
30 106
142 93
37 33
36 48
48 122
146 38
70 78
9 151
127 106
17 3
23 64
28 109
153 149
36 155
18 78
130 104
142 34
83 116
85 48
61 101
47 93
27 15
92 7
130 27
14 16
25 17
38 90
56 108
41 45
46 81
102 42
118 148
93 48
156 58
53 135
66 123
31 138
15 117
151 47
60 23
41 19
115 64
149 33
82 121
92 34
149 42
103 69
86 7
104 142
100 111
115 16
105 152
58 68
50 33
49 119
56 41
152 160
108 148
109 79
138 66
153 81
155 44
24 84
16 131
103 60
83 156
27 123
122 37
69 74
115 143
159 18
42 124
101 131
25 47
55 62
67 60
27 59
73 100
73 121
58 84
74 103
81 83
80 129
42 118
147 52
113 55
139 79
122 153
24 11
138 151
124 9
27 4
147 123
154 83
4 126
85 25
84 128
22 96
79 94
119 148
110 41
129 29
159 88
44 5
15 129
148 131
3 34
114 115
83 48
113 116
53 123
7 42
123 4
31 47
90 81
102 80
123 93
79 101
51 30
123 77
119 146
126 2
101 73
106 21
73 47
38 148
52 123
124 127
38 110
132 89
93 55
6 137
74 27
116 38
46 47
134 142
28 20
94 105
105 69
55 119
89 42
145 155
55 65
122 31
64 151
116 46
50 38
125 33
80 113
109 122
87 103
36 143
10 154
79 105
17 21
127 100
11 80
139 91
120 56
33 84
132 83
119 115
99 15
47 66
24 49
140 124
66 48
156 123
93 68
98 98
79 57
22 126
147 61
17 78
5 144
116 119
90 15
117 41
58 45
101 85
38 116
94 120
159 57
58 159
133 4
86 77
29 116
99 114
25 62
131 130
111 69
66 97
101 42
8 98
86 3
158 113
64 56
96 78
158 80
87 114
61 88
99 46
66 156
12 24
60 24
28 156
131 119
99 47
21 156
65 12
89 51
26 93
24 72
34 83
30 58
115 146
20 38
30 97
36 9
148 115
133 29
66 145
39 105
26 43
60 53
14 76
33 110
83 39
111 67
104 128
113 121
111 91
60 126
63 122
24 20
90 26
6 117
42 105
102 45
10 44
91 70
39 71
112 25
120 106
58 147
101 112
43 125
70 119
153 1
64 11
111 62
118 134
39 110
131 145
40 92
33 30
109 157
28 118
98 150
46 57
131 31
66 41
36 28
9 114
111 66
24 149
85 97
61 41
99 145
125 97
160 106
14 14
140 143
117 85
37 112
144 23
102 44
95 152
116 128
64 93
124 118
108 81
125 33
5 145
45 111
104 160
94 78
116 131
75 110
100 98
14 24
71 60
16 144
62 60
24 18
10 1
58 44
100 13
143 51
137 72
21 118
20 62
45 149
135 89
89 153
2 133
126 102
110 38
27 87
157 153
145 127
92 123
75 108
91 47
97 93
83 75
141 157
8 148
19 81
135 34
30 98
89 102
74 65
137 68
55 102
31 118
116 132
57 104
11 4
122 116
76 43
148 142
58 49
114 27
153 30
152 95
76 126
138 76
74 121
100 142
149 147
1 157
149 146
155 125
114 64
18 102
61 130
116 30
15 49
128 127
45 46
16 156
57 90
135 52
92 41
33 76
131 143
87 93
29 36
68 69
132 44
3 154
114 156
88 116
109 1
122 6
65 115
107 52
121 5
111 145
116 75
73 107
85 138
17 142
64 71
133 147
20 138
92 6
29 127
18 133
83 34
149 121
120 52
50 105
86 117
73 99
54 15
106 106
50 49
14 136
51 64
75 133
147 137
107 54
38 28
39 107
88 85
3 154
22 11
40 57
144 145
18 160
153 102
24 26
156 23
119 140
149 4
34 43
90 58
61 120
10 13
3 80
115 50
148 67
139 6
26 137
155 66
109 132
18 101
50 56
49 33
102 58
156 109
144 71
78 153
132 63
13 133
115 23
82 84
45 20
149 22
65 5
83 45
16 103
135 129
155 108
103 70
118 66
90 6
54 100
155 112
157 156
148 16
27 19
137 151
73 32
32 129
16 3
159 133
96 38
84 62
82 42
20 134
107 91
128 12
95 120
92 80
130 101
156 146
14 60
62 135
62 80
38 149
114 141
129 65
15 130
27 54
18 5
90 120
99 104
76 92
78 63
35 95
133 65
122 85
76 64
51 64
30 135
103 9
149 57
15 134
144 25
57 88
18 14
45 160
24 74
121 88
131 112
45 96
128 94
156 112
116 63
18 125
88 159
133 109
129 100
94 57
51 133
124 7
99 122
26 123
127 11
117 29
92 1
25 124
118 153
87 7
15 135
51 23
14 147
17 136
120 36
84 141
118 125
107 113
27 145
130 122
54 68
93 153
85 86
127 95
15 15
139 118
90 133
6 84
97 67
3 125
121 135
153 88
57 138
46 131
133 35
102 74
33 38
134 34
6 123
24 26
126 5
47 105
5 23
35 98
28 115
144 3
131 34
136 7
31 124
154 3
65 126
149 12
144 109
88 28
78 67
136 119
53 18
140 47
62 107
129 54
13 48
41 50
52 98
132 72
154 44
41 6
47 121
144 28
10 65
109 25
68 72
34 29
92 38
139 9
50 79
88 45
114 28
115 124
145 60
134 35
46 52
137 38
70 58
92 153
25 143
54 14
151 150
61 148
63 138
49 62
100 127
95 40
48 89
130 85
33 62
47 82
151 79
35 7
123 46
68 26
83 98
55 133
131 21
5 79
134 105
43 89
22 39
148 127
14 89
102 75
137 132
61 20
74 104
112 151
145 116
13 142
78 16
93 11
16 82
10 132
63 130
122 4
112 86
90 13
144 105
31 24
98 138
6 145
22 133
54 110
21 69
63 134
37 97
144 90
17 79
141 55
149 115
77 55
145 69
76 112
147 66
77 87
59 10
29 70
160 2
100 3
117 27
116 87
80 8
89 92
18 103
17 137
86 127
115 126
129 130
153 90
64 22
132 98
89 80
93 157
4 67
152 118
38 65
158 73
95 119
78 11
98 40
95 43
138 102
8 72
123 24
46 83
27 85
151 6
62 90
5 136
1 141
3 129
153 58
24 134
123 102
56 84
113 12
135 31
105 142
64 54
51 57
22 29
59 33
62 128
18 102
96 123
159 26
138 114
87 159
108 89
93 103
20 150
74 42
61 143
133 26
121 141
93 19
69 19
10 75
128 26
142 45
50 9
117 41
76 37
142 110
59 87
156 36
104 41
77 137
93 55
132 128
76 71
17 93
35 23
92 97
147 159
112 25
119 111
37 7
66 84
48 132
2 32
78 16
2 123
65 40
57 110
29 5
92 28
102 160
123 94
74 49
147 97
49 98
23 92
13 27
24 144
143 137
99 140
43 66
26 66
3 15
98 20
151 26
100 75
32 150
121 92
103 45
108 29
53 144
3 122
110 160
107 154
73 141
149 146
122 98
80 112
1 67
117 127
140 18
17 16
46 105
84 79
21 49
140 94
23 96
160 114
107 19
157 45
52 8
79 78
8 140
21 66
65 45
12 144
51 97
46 24
53 6
89 40
155 76
44 82
121 83
142 133
157 72
35 129
45 122
75 72
104 77
51 124
44 19
106 44
138 42
155 19
125 97
50 132
134 45
28 27
71 131
34 108
61 155
38 62
127 99
137 5
151 144
36 124
13 82
138 105
136 84
19 15
24 129
56 51
32 101
90 51
136 21
148 30
89 68
133 18
18 86
53 160
67 90
84 33
111 142
90 83
146 60
92 91
87 27
83 16
149 130
67 35
56 21
149 14
148 123
93 131
145 52
47 12
3 111
72 37
111 136
90 3
113 28
44 28
67 45
14 16
72 22
139 20
83 20
23 51
97 135
116 146
111 85
39 53
60 76
62 24
43 151
111 109
115 22
48 29
72 23
150 37
11 4
56 72
89 18
40 76
91 54
141 23
96 93
35 28
46 112
45 134
70 10
156 123
108 37
125 143
142 132
144 36
23 26
89 19
78 49
153 61
122 70
36 143
151 78
80 74
16 142
36 156
52 140
157 72
72 157
111 88
132 123
155 62
41 75
112 126
28 84
158 107
141 143
90 44
129 39
28 23
1 74
117 50
63 131
50 103
136 72
136 129
150 132
17 35
31 87
86 79
77 28
137 98
34 62
64 31
151 58
104 63
120 104
27 110
88 14
35 38
159 95
119 16
130 45
127 58
83 101
135 16
65 98
153 66
155 5
43 156
92 123
62 94
103 57
144 107
119 114
66 160
93 82
66 160
56 153
57 136
155 8
75 154
146 149
36 81
129 6
9 124
7 41
65 24
103 138
132 113
145 125
15 155
155 36
131 126
105 68
111 131
102 125
65 47
141 15
7 56
72 154
74 146
102 67
149 57
38 77
65 145
152 35
51 109
58 80
78 65
39 69
122 102
107 132
78 54
39 27
91 132
22 106
131 61
22 117
95 22
160 91
132 136
11 77
77 24
63 155
82 118
160 56
64 39
52 103
35 41
34 64
125 146
60 119
78 121
57 131
146 152
39 37
100 4
140 14
151 92
62 54
136 86
24 133
129 60
49 32
14 69
117 47
9 6
153 100
98 33
148 118
64 136
154 23
126 102
44 62
131 81
138 67
154 43
100 88
30 79
35 128
102 61
117 98
116 1
50 33
76 150
56 84
157 55
22 41
123 25
140 14
39 89
132 94
39 43
49 86
32 87
92 13
108 126
64 10
123 4
1 100
133 135
74 3
99 68
81 82
63 98
116 117
116 135
155 50
126 124
33 114
125 12
12 144
142 95
23 12
60 1
71 28
104 14
103 113
38 142
7 104
32 34
103 120
77 36
88 147
8 47
19 102
17 131
150 136
79 100
14 32
130 22
82 39
53 128
20 141
148 126
100 135
147 112
21 146
76 33
117 76
138 45
77 39
16 44
154 153
61 8
38 25
106 36
71 14
106 83
95 20
138 28
115 129
67 153
138 66
30 111
152 66
124 158
32 85
77 48
21 92
33 18
99 59
136 95
159 38
114 94
39 1
125 39
96 111
85 11
25 36
96 75
137 93
146 69
129 110
69 17
27 138
91 36
100 61
39 149
68 58
15 12
119 27
15 31
90 126
99 20
101 96
21 10
26 157
94 49
23 147
122 64
100 18
63 33
160 105
48 53
50 122
13 32
135 141
102 62
64 152
77 47
6 93
144 13
31 59
53 141
125 23
49 156
84 27
9 102
126 93
88 22
140 124
150 15
93 157
63 90
53 24
81 44
146 159
54 13
17 105
109 28
53 39
78 1
65 59
145 134
41 75
12 149
155 149
6 113
115 136
132 93
106 117
65 5
159 33
153 30
21 108
20 133
102 36
18 125
98 84
53 94
155 36
28 58
84 105
138 31
143 139
145 45
92 12
21 41
152 142
11 125
110 28
120 75
38 129
98 58
29 75
148 10
6 4
19 12
87 157
28 36
12 152
51 66
109 113
7 119
8 106
122 23
155 124
36 7
58 82
100 84
22 103
122 11
90 24
140 95
145 53
158 98
67 93
77 58
78 23
134 61
150 156
38 154
97 131
50 24
7 34
93 49
58 3
141 49
120 25
47 150
74 133
81 4
155 86
69 75
69 73
72 122
122 137
35 11
138 16
80 83
86 9
42 57
85 34
82 74
61 12
14 128
50 31
37 132
86 141
18 73
59 106
75 142
112 148
63 4
75 9
15 77
96 152
73 137
113 57
86 73
143 27
122 44
79 63
63 147
39 96
150 129
75 119
30 68
97 110
148 37
47 118
22 117
33 61
132 46
149 47
43 112
16 115
37 58
151 131
10 160
105 53
138 91
26 53
126 87
55 134
96 87
126 108
101 20
94 78
96 146
45 20
142 120
148 90
75 7
94 57
139 39
115 32
128 84
109 64
4 126
52 116
138 84
152 104
66 124
123 16
98 126
17 115
6 102
103 36
126 83
10 136
60 29
29 43
63 82
157 141
64 138
143 95
93 129
114 113
16 62
54 116
47 147
38 19
77 86
65 93
89 129
108 33
152 58
92 111
33 37
146 102
6 54
113 120
122 12
107 130
56 145
36 133
39 135
112 31
138 57
11 63
129 105
119 19
112 14
135 27
22 18
134 71
120 72
122 20
105 118
2 47
128 130
20 101
89 76
56 144
122 113
4 123
70 77
129 143
22 17
119 106
42 139
97 146
65 7
27 119
28 101
99 53
88 69
113 84
131 107
58 112
17 13
34 16
86 144
52 125
52 104
70 16
11 8
36 102
115 154
37 90
101 36
148 78
159 156
106 112
34 127
5 39
149 69
80 23
87 31
109 30
36 96
12 63
157 125
93 108
108 122
2 134
148 108
88 95
21 132
120 29
45 49
160 14
89 37
18 43
26 138
123 106
108 147
12 55
134 142
51 19
53 54
4 39
7 114
47 125
141 146
50 16
146 149
4 79
86 26
157 137
150 114
74 72
133 10
91 56
33 55
21 99
152 46
96 6
67 90
114 37
65 149
106 154
106 88
71 50
25 130
71 33
36 62
108 147
14 73
10 29
45 99
113 62
124 21
93 47
60 118
49 68
1 50
37 156
131 36
9 118
51 29
40 96
105 145
66 157
93 125
125 153
45 138
142 5
106 20
132 59
81 49
109 43
66 80
76 136
152 79
79 61
160 107
57 113
128 87
158 10
75 85
89 35
91 52
104 42
111 70
18 112
127 3
139 100
155 2
16 40
62 144
87 97
38 100
97 45
52 139
33 31
119 4
82 83
2 41
137 116
28 144
5 100
31 148
150 65
77 125
12 97
28 133
129 111
62 45
108 126
46 131
39 142
122 24
72 55
92 120
156 43
143 132
116 108
23 48
82 103
94 137
53 57
31 44
19 130
126 93
56 135
150 158
128 33
45 136
148 92
94 71
106 12
139 27
135 93
77 84
82 125
18 64
3 143
22 45
76 48
133 66
51 159
113 145
149 128
11 64
90 16
128 145
67 117
89 67
87 60
78 73
20 119
37 101
46 27
80 51
144 134
139 94
114 133
98 91
60 118
79 75
86 134
132 5
108 157
159 105
51 67
29 88
4 112
30 18
132 78
33 132
96 45
130 65
120 129
5 146
52 57
146 107
18 127
157 37
89 127
60 121
131 56
70 65
2 40
125 94
94 121
25 73
86 118
105 84
75 65
21 93
1 81
138 141
79 91
102 16
94 60
124 110
101 110
75 61
90 150
73 95
44 61
7 109
83 82
39 74
91 49
138 52
53 113
74 61
16 23
112 80
41 13
108 93
159 126
141 122
10 109
142 6
40 79
133 62
144 114
135 30
44 86
92 113
122 70
155 33
130 61
17 133
115 57
96 89
89 60
145 53
92 131
106 27
55 89
62 33
42 114
153 103
42 42
119 22
141 61
110 132
97 153
71 68
4 144
125 54
32 29
138 39
47 11
103 80
127 132
47 31
142 42
135 59
155 136
154 41
122 13
19 102
135 73
148 56
135 53
74 157
65 7
111 70
98 10
39 78
143 107
149 112
51 114
36 15
14 157
134 31
42 114
36 87
157 46
25 143
70 70
56 155
38 119
95 151
76 117
64 29
81 15
19 87
13 81
147 58
139 108
30 132
66 158
3 18
139 159
159 153
25 148
31 94
123 45
73 116
78 32
74 62
87 153
133 145
142 106
80 31
99 103
111 39
30 131
54 119
133 120
144 125
65 116
3 70
145 154
102 38
37 84
107 136
49 82
33 108
125 19
86 29
114 72
64 133
107 58
55 157
40 145
106 51
53 55
151 149
117 159
64 89
24 136
24 12
45 154
46 128
54 77
73 54
84 126
142 127
4 2
134 78
11 70
76 42
30 55
128 49
73 85
81 117
87 91
6 61
121 113
51 113
86 55
134 20
6 100
71 53
115 26
157 37
74 47
51 79
158 85
77 9
75 121
71 160
17 18
23 95
92 102
7 19
19 5
94 116
121 117
43 131
122 10
93 132
48 156
153 37
94 67
78 119
43 108
146 28
53 107
157 103
132 108
109 123
80 99
121 26
27 100
77 55
151 125
153 60
133 160
86 38
100 142
14 55
77 128
110 156
130 7
109 72
65 49
88 143
109 34
52 59
93 138
103 23
133 23
132 62
142 6
37 7
136 7
124 154
54 38
14 118
84 64
48 28
20 30
148 10
121 114
142 36
44 94
160 103
20 94
74 84
156 1
54 75
135 107
118 101
49 58
111 139
115 117
94 93
111 142
66 87
149 71
35 95
77 146
4 30
159 160
22 17
147 120
100 143
59 59
39 135
38 133
33 16
138 150
55 123
76 12
114 62
122 135
46 88
104 7
90 21
158 59
74 88
134 42
