180
1620
127 167
159 60
173 115
53 133
61 102
143 2
109 8
12 81
34 53
142 117
38 107
175 119
138 92
171 123
109 178
179 55
137 88
159 4
121 44
43 3
133 174
123 167
171 123
53 139
10 129
29 99
166 171
80 57
96 130
164 150
34 18
133 118
94 78
17 175
60 57
26 61
173 65
1 57
157 71
90 134
101 63
153 169
150 154
126 168
81 139
129 180
61 62
70 19
56 172
23 126
167 97
79 122
52 169
111 142
27 63
46 157
140 144
157 11
14 19
179 107
128 178
100 13
31 114
80 58
123 96
40 81
110 51
125 11
30 96
131 51
108 100
2 170
65 52
24 56
62 3
153 84
42 72
170 74
112 15
172 38
161 118
32 18
52 112
152 45
137 46
29 174
92 85
32 57
97 102
54 33
55 137
72 37
80 162
17 146
92 61
103 91
2 82
164 128
94 39
45 172
120 24
153 166
49 33
56 38
164 32
180 7
78 179
13 40
104 128
104 92
153 168
103 145
172 120
35 30
29 71
138 133
133 66
68 124
61 120
42 44
108 128
21 171
93 70
19 168
173 108
69 173
16 162
68 93
20 87
175 29
162 107
1 59
166 8
132 105
174 5
163 143
5 170
98 78
5 47
156 139
30 44
36 166
151 97
74 153
165 97
58 120
162 140
70 142
121 97
142 29
63 151
173 18
106 39
95 159
173 155
110 121
163 92
18 30
80 130
172 60
31 39
140 80
157 178
109 79
171 51
110 98
1 173
111 129
9 153
13 12
171 45
53 166
106 97
77 118
32 156
144 20
126 69
12 25
104 67
146 100
123 160
110 55
111 130
135 48
70 34
136 20
22 78
91 58
85 169
108 42
80 105
130 6
136 14
175 18
136 160
125 113
31 155
76 119
37 37
126 148
1 29
42 7
99 145
149 166
121 109
6 16
119 172
96 110
41 173
11 17
83 136
103 20
26 116
42 166
10 156
105 99
45 146
170 170
20 38
31 85
160 128
23 4
44 36
89 23
13 95
63 121
27 10
172 86
64 119
54 162
141 126
30 87
122 65
86 12
112 112
152 1
1 166
55 10
143 138
12 120
174 38
34 3
177 36
57 93
116 162
20 143
147 81
176 146
83 162
156 58
82 171
37 11
27 67
167 147
165 91
16 32
103 15
1 141
95 98
18 53
66 22
34 138
117 139
25 158
41 126
127 35
160 87
131 84
25 121
83 12
139 93
3 74
47 38
180 66
108 164
173 19
62 131
111 59
88 47
82 58
134 115
100 15
36 161
106 174
179 14
98 81
42 95
40 138
173 33
60 133
138 55
114 91
65 43
63 155
120 167
171 103
57 161
107 134
86 169
167 21
162 130
50 14
21 43
101 159
178 36
77 8
157 90
6 178
44 144
46 79
79 96
102 69
171 143
45 175
157 151
34 62
11 148
45 125
130 99
103 99
90 103
123 94
112 155
163 146
41 45
14 151
86 86
54 43
171 5
168 82
44 116
44 82
1 50
10 20
87 101
38 77
125 133
33 57
19 135
132 168
53 55
97 119
95 15
110 28
147 11
48 134
168 67
107 108
54 169
94 74
55 13
53 171
145 24
41 168
117 138
1 154
121 117
53 11
31 51
58 148
81 46
127 26
109 139
94 11
98 13
95 9
136 163
64 166
68 145
64 156
41 84
64 141
152 80
168 179
28 86
100 170
122 128
22 156
150 91
169 122
41 157
154 114
85 73
96 41
166 7
35 150
142 127
66 114
26 179
41 53
38 105
110 138
153 80
133 18
74 160
130 160
121 45
28 125
29 156
78 57
107 55
167 72
179 47
129 141
173 2
49 70
92 81
42 11
101 32
31 19
129 165
93 171
146 39
166 133
79 84
19 143
45 126
73 151
121 168
153 23
125 86
138 21
161 22
69 147
52 15
90 69
147 97
65 80
156 100
73 90
88 154
60 7
9 47
167 26
48 20
31 108
43 20
170 28
145 137
101 131
24 40
176 40
141 27
178 96
126 5
68 157
20 126
127 68
74 61
19 172
18 180
160 139
59 114
150 15
57 75
87 54
13 92
34 152
104 145
162 67
28 107
58 70
77 68
124 64
155 113
117 124
63 5
144 68
122 173
22 14
85 90
103 79
150 136
114 167
19 7
117 157
121 23
88 36
97 33
62 168
127 176
134 30
127 71
162 71
179 113
157 52
162 4
33 148
49 73
172 53
101 13
16 130
17 87
117 33
102 70
149 169
64 44
174 171
53 146
67 161
6 21
90 89
121 72
57 80
138 98
72 136
91 23
9 75
13 36
127 51
97 149
40 172
55 122
169 19
158 111
176 139
21 62
121 180
74 90
152 33
78 172
42 70
62 72
41 23
170 21
136 169
77 7
131 129
143 26
59 163
130 105
111 90
174 83
176 87
83 132
10 26
115 70
11 89
178 89
73 110
72 130
134 153
12 173
38 15
70 60
139 36
119 69
147 159
26 155
108 48
98 158
96 90
84 75
52 125
74 1
122 174
75 124
122 107
155 125
92 36
128 175
119 114
32 144
62 55
134 86
105 79
158 76
95 12
123 77
99 27
38 130
90 55
174 118
73 117
6 23
35 90
2 136
116 84
159 109
90 14
54 99
42 158
102 104
61 37
19 16
176 26
16 9
108 118
28 92
72 12
127 63
103 147
63 125
32 147
175 171
180 177
11 121
180 83
61 30
91 157
121 128
146 119
150 17
167 146
108 80
87 137
49 58
154 67
167 161
163 63
140 17
125 171
43 167
17 144
153 19
86 31
30 10
145 52
19 159
158 116
179 42
27 144
154 48
82 161
138 80
25 27
109 57
167 8
65 125
64 70
67 61
157 112
82 102
140 83
143 142
9 147
150 123
161 82
161 123
122 173
140 168
112 82
179 46
10 178
15 62
130 28
52 122
121 46
145 82
109 146
99 165
65 177
74 15
43 151
51 47
13 36
111 8
158 170
2 178
47 42
133 112
2 168
109 35
64 65
41 20
3 55
174 151
113 160
127 103
28 35
170 144
177 105
148 42
125 155
153 143
43 131
53 41
81 72
32 16
125 9
56 90
40 127
69 90
111 62
145 130
30 150
66 124
128 48
14 139
139 25
129 116
134 27
165 102
128 4
175 130
28 89
14 64
116 75
117 53
162 144
116 150
103 178
114 88
22 180
98 170
100 170
136 21
2 131
2 177
33 157
157 93
22 21
10 7
75 119
1 147
76 131
87 133
36 80
133 38
45 108
86 70
100 33
172 111
163 67
107 170
171 2
81 118
101 17
134 25
127 59
21 84
94 145
167 145
13 53
5 80
71 67
28 22
33 31
87 43
49 55
163 169
175 60
147 124
11 31
120 118
165 143
45 126
12 62
64 111
140 92
114 64
35 89
113 19
86 71
113 110
94 67
81 52
110 11
139 162
25 79
148 27
131 68
166 76
60 49
99 88
143 93
45 67
166 63
29 115
28 153
83 44
6 63
54 5
180 129
26 92
54 45
108 39
114 152
128 62
131 96
48 126
140 109
167 19
105 177
116 37
101 41
58 51
28 161
1 98
138 49
2 49
37 79
174 62
180 78
76 175
42 82
116 112
127 17
157 99
71 6
66 50
59 62
111 113
97 108
107 116
43 165
134 73
27 17
48 166
74 162
101 115
103 140
174 180
136 101
93 126
75 43
134 80
166 17
6 9
175 29
62 6
54 25
18 31
72 125
77 3
76 112
130 167
86 164
111 131
166 176
99 133
148 71
11 90
147 123
122 56
149 161
77 17
42 8
21 93
137 168
46 30
73 22
31 89
79 117
156 64
49 133
28 38
122 113
38 117
138 29
40 9
43 22
150 135
177 8
109 2
59 25
20 43
15 127
144 178
83 20
87 24
180 45
138 33
95 16
51 6
63 71
82 120
166 151
12 19
10 20
99 45
168 177
170 160
25 12
150 19
45 66
82 35
3 157
109 81
108 40
170 146
32 113
151 48
88 49
175 149
45 109
151 126
174 5
103 62
119 99
16 76
117 11
3 60
3 180
160 8
72 88
88 38
8 176
155 7
83 127
62 84
134 5
118 39
73 17
100 2
15 143
31 30
95 151
120 86
120 175
174 30
147 98
126 63
99 88
114 62
164 92
143 114
1 10
99 95
111 95
117 28
65 177
65 7
63 114
59 106
70 52
93 160
169 32
25 117
174 158
112 1
142 165
81 17
52 8
119 131
167 2
153 82
59 106
76 32
41 82
61 107
137 64
16 165
127 58
87 59
26 115
91 102
16 34
23 1
95 115
177 107
134 112
104 139
124 114
148 21
59 49
176 32
17 21
177 19
24 165
147 49
23 159
122 104
29 157
58 45
45 130
96 23
109 56
128 2
129 145
70 38
123 134
107 73
23 169
20 166
124 170
30 151
70 137
157 163
21 75
84 70
142 29
103 18
59 2
179 152
132 116
110 163
76 178
158 72
26 105
158 127
174 137
38 132
37 145
21 77
55 125
54 177
125 20
175 29
133 63
118 73
136 165
145 58
4 42
83 23
115 11
15 127
110 78
80 64
92 4
21 62
143 6
100 152
174 102
155 109
58 74
75 143
43 40
65 71
46 157
114 154
93 4
44 64
113 117
44 114
128 157
101 45
5 70
179 23
40 91
20 89
162 82
94 26
14 109
78 37
153 81
94 97
170 80
45 36
21 86
109 92
113 35
171 94
137 147
157 10
47 76
28 68
178 104
121 93
116 26
84 20
168 14
81 95
160 139
160 146
97 149
101 14
41 161
28 153
101 109
142 157
158 63
144 62
42 53
144 147
64 43
17 68
89 8
175 45
25 161
67 166
145 163
21 76
141 66
14 81
41 60
175 79
107 69
42 46
23 125
54 89
148 162
8 150
13 66
3 32
31 174
116 28
27 80
24 42
137 4
146 6
158 133
140 132
138 11
156 18
15 107
25 159
23 89
53 50
168 115
110 29
61 123
115 128
39 2
35 52
76 71
76 15
93 13
59 51
47 95
123 109
56 56
125 142
109 72
27 178
91 177
155 23
53 69
100 160
36 146
87 110
64 99
162 148
173 25
66 180
147 41
153 173
42 8
13 108
59 69
27 59
113 81
11 4
99 51
75 59
122 134
151 79
48 148
163 159
34 78
27 68
89 105
98 180
136 172
114 104
24 66
132 46
115 54
174 154
26 137
88 72
120 82
154 36
129 173
144 172
20 180
123 59
68 159
140 56
88 11
52 8
106 119
177 52
81 96
132 83
4 67
28 58
178 39
36 56
78 146
44 174
5 116
40 55
11 24
30 49
13 32
109 101
155 13
12 126
82 64
85 175
127 135
13 86
53 11
179 122
73 166
101 101
21 177
110 178
153 44
47 32
10 79
159 113
45 86
120 144
66 122
140 2
101 57
8 81
81 157
14 126
175 81
179 7
9 68
107 66
153 151
147 28
13 173
29 102
49 149
79 155
44 162
94 39
78 77
61 110
46 120
33 83
178 147
57 42
88 151
70 136
81 168
156 137
154 103
41 53
77 168
141 8
164 128
154 41
118 28
63 127
40 146
128 114
26 81
157 87
60 71
124 35
136 3
80 61
67 157
165 116
174 124
133 90
144 26
29 137
30 60
180 130
53 11
61 136
49 50
151 104
95 162
52 96
36 134
114 49
149 102
67 41
6 99
90 64
173 151
117 32
82 62
153 95
26 172
88 124
110 46
59 123
90 43
33 11
92 32
144 38
57 23
54 132
85 40
78 56
10 105
86 166
65 113
151 120
31 156
49 8
170 154
37 100
130 97
37 11
137 11
136 112
91 104
156 136
79 10
46 7
97 165
92 119
150 135
76 91
28 174
110 54
34 139
47 148
23 173
126 73
89 88
119 168
18 114
53 70
108 88
36 55
69 5
159 39
50 68
38 92
95 22
149 107
80 74
134 59
102 66
151 111
26 70
120 169
136 111
134 85
33 35
88 135
17 79
36 83
72 131
135 47
129 18
104 41
76 122
141 23
75 80
112 8
158 176
7 139
79 63
115 97
169 34
142 157
174 113
107 56
151 66
82 43
152 105
175 112
61 60
94 116
80 167
54 35
28 2
21 66
90 90
56 174
97 157
69 69
48 167
131 19
110 147
158 179
65 149
164 159
63 53
178 118
36 166
4 35
166 161
113 178
170 29
26 47
44 118
19 133
129 106
26 1
19 137
146 158
32 100
98 119
52 20
80 107
144 137
41 90
32 1
134 34
133 165
169 70
164 57
138 167
5 62
178 147
61 89
71 169
50 103
83 145
9 122
63 31
109 55
73 11
113 54
46 116
49 98
96 32
126 172
123 154
146 11
33 156
27 113
81 1
124 74
8 28
100 160
69 4
128 47
91 113
18 148
17 7
120 82
28 56
46 17
101 65
4 48
24 9
80 10
113 69
180 9
164 122
40 137
160 159
17 107
3 50
166 84
161 176
57 109
95 26
164 139
166 175
109 134
17 84
48 24
59 152
5 92
9 2
108 146
57 91
31 38
54 153
90 83
143 116
51 3
86 156
27 126
124 74
118 75
19 58
17 50
21 150
136 29
176 159
73 67
71 126
82 110
157 150
139 125
150 64
114 140
165 112
139 135
150 100
81 44
173 30
107 27
132 88
31 92
172 34
36 52
39 162
34 64
117 135
35 82
6 6
178 48
55 93
16 54
89 105
178 65
26 40
17 89
3 128
22 146
64 147
45 27
74 109
11 91
95 105
13 54
77 161
122 158
81 36
7 55
11 14
178 61
35 132
69 112
154 50
154 111
103 148
67 140
52 166
15 165
4 55
30 18
89 56
109 132
83 15
157 151
18 24
20 43
117 131
135 39
50 25
31 64
5 163
149 129
103 178
106 107
54 118
176 106
134 71
99 179
69 91
74 158
159 29
97 48
2 122
10 78
20 138
78 5
92 13
30 25
168 164
43 86
24 78
4 11
178 112
70 173
32 99
127 163
47 23
12 97
132 90
40 138
174 170
130 57
36 157
154 149
95 131
46 35
36 113
74 72
77 34
15 155
131 36
51 11
109 24
57 167
166 118
35 99
168 39
117 178
72 174
180 5
6 72
4 164
49 78
82 29
50 177
84 120
12 117
67 7
17 15
110 170
104 69
89 112
71 134
28 41
73 125
89 49
12 80
123 4
29 172
9 146
68 1
166 135
71 12
173 130
78 57
97 148
161 127
16 106
101 23
168 47
102 88
78 84
75 143
162 76
117 167
30 35
144 148
117 12
20 134
92 101
92 50
162 88
73 170
31 20
122 44
114 115
56 152
62 67
180 95
40 129
