180
972
18 53
135 45
117 70
85 112
168 92
25 7
168 76
80 76
22 112
16 127
41 152
105 6
135 102
31 104
61 45
10 77
1 19
76 8
134 171
1 67
57 32
172 106
148 100
21 33
13 39
149 149
18 57
154 102
79 138
95 163
171 101
142 65
179 42
169 67
173 82
152 175
113 48
149 140
72 135
151 6
105 114
179 145
110 12
180 147
46 146
173 46
59 133
36 128
90 124
81 157
166 10
38 108
49 119
102 100
63 30
21 109
5 99
102 152
158 174
109 132
104 116
147 116
2 7
30 77
132 114
100 25
31 129
179 149
152 180
44 45
146 79
126 87
154 165
25 115
86 30
137 19
98 150
154 68
18 161
53 134
68 1
163 143
2 142
73 124
121 92
136 174
103 174
101 127
22 136
10 161
112 121
98 149
81 63
99 72
44 169
99 85
79 175
78 130
78 30
3 10
177 180
139 32
140 125
127 80
72 71
166 175
112 176
80 33
23 130
50 79
110 56
16 85
91 91
45 55
86 122
102 27
69 56
69 75
108 48
36 129
42 174
12 109
87 144
106 90
119 2
59 70
82 125
29 175
149 16
10 152
49 93
142 68
135 1
62 14
110 80
98 2
117 145
117 149
107 48
152 120
19 114
134 153
88 29
127 31
14 60
91 121
88 100
23 7
126 9
160 47
168 60
109 160
8 107
59 17
178 67
81 122
163 128
173 20
93 5
59 18
123 7
11 107
51 99
163 100
25 117
175 150
26 178
8 134
135 68
124 24
28 5
154 56
110 113
38 16
79 176
116 166
58 99
86 146
80 121
33 5
88 19
39 85
135 170
136 33
36 116
52 146
90 28
140 147
180 58
11 123
67 23
107 21
94 26
164 97
122 129
33 142
38 39
18 96
41 113
174 88
7 113
159 164
51 104
56 148
30 129
121 114
66 113
96 111
67 112
91 52
94 143
90 179
67 98
159 17
171 170
98 81
84 38
142 44
49 144
134 76
29 165
148 101
108 70
78 119
63 81
128 86
115 137
43 109
123 22
79 84
50 48
114 81
164 96
38 165
63 142
164 43
31 91
140 118
118 31
14 12
128 8
52 59
75 118
155 161
14 61
64 9
11 141
25 83
53 158
125 151
13 164
160 62
159 61
176 115
146 136
165 141
57 123
15 106
61 103
36 13
61 9
138 89
83 66
93 26
74 91
65 148
26 104
128 84
96 65
70 10
62 168
180 58
27 14
13 133
169 175
79 8
13 102
127 132
98 145
64 34
160 163
38 86
69 109
45 129
32 79
165 140
116 144
71 113
180 7
3 12
143 4
114 58
7 120
31 1
154 139
106 175
116 126
19 104
80 27
70 156
104 48
111 119
122 44
111 45
50 167
11 48
12 78
93 96
134 83
15 24
20 92
139 11
131 107
93 106
152 75
152 102
64 47
102 153
7 92
10 118
39 85
35 173
128 12
113 121
64 165
165 138
72 10
129 77
63 13
33 21
81 172
75 98
41 113
77 128
81 7
5 120
8 116
15 24
106 172
2 68
49 71
155 53
86 2
146 42
153 172
82 55
60 160
142 120
88 5
98 48
139 129
90 32
41 17
6 4
54 175
2 31
116 166
176 10
46 128
44 75
81 22
46 9
177 27
114 167
91 67
15 78
120 64
98 21
9 27
103 28
115 19
138 42
43 175
36 64
50 70
107 59
61 33
43 44
7 8
53 175
57 179
91 158
29 25
124 30
45 135
173 92
174 54
8 168
148 93
12 20
81 73
5 168
2 21
82 72
2 63
157 114
17 61
152 79
87 69
43 92
126 52
57 84
98 170
164 115
73 157
93 98
118 88
108 5
119 133
44 44
121 76
34 38
149 95
95 138
83 9
150 82
20 58
28 106
53 76
107 6
135 74
119 154
137 118
171 58
24 34
28 179
8 90
110 66
122 67
34 125
173 160
11 16
42 154
102 62
176 59
70 170
87 42
135 179
87 121
79 100
76 103
65 107
175 54
11 52
49 97
110 78
65 69
89 66
49 77
73 119
15 17
131 175
100 7
124 42
72 11
21 81
80 73
132 79
53 32
25 171
35 136
169 170
106 11
125 66
31 29
29 18
44 144
101 81
9 77
114 154
36 127
150 44
118 50
137 21
116 92
41 112
44 127
50 178
47 134
124 35
74 1
99 180
115 40
24 171
89 70
118 18
84 106
30 111
129 129
176 173
64 50
159 155
137 97
15 21
18 6
63 105
157 112
68 118
129 153
161 31
97 25
68 90
129 175
19 15
42 59
107 27
14 23
8 67
60 37
61 58
44 172
94 69
142 169
114 15
13 72
54 161
168 116
43 3
1 170
42 10
106 76
18 169
121 141
6 122
63 102
28 110
139 86
72 142
97 65
39 30
176 70
144 105
31 105
160 40
153 135
17 134
4 83
113 171
172 24
127 166
82 125
109 48
118 45
165 124
102 15
145 13
174 21
79 154
100 148
51 48
32 135
159 21
15 49
78 123
156 70
119 78
21 163
70 142
38 65
179 35
122 132
135 174
18 51
82 5
116 93
1 33
18 179
170 29
165 150
172 32
35 52
115 180
141 145
75 64
24 158
83 81
4 176
60 11
9 15
155 145
95 1
92 22
76 120
19 32
23 174
124 170
53 117
172 102
101 29
104 114
86 95
14 31
81 168
50 40
69 117
5 108
43 88
78 39
27 72
160 61
91 19
49 63
48 68
77 119
174 110
89 140
1 136
44 109
2 165
96 27
87 37
79 136
99 39
129 159
47 90
26 174
92 46
128 152
18 99
132 122
72 107
9 138
78 6
17 129
59 129
87 58
178 23
19 115
117 31
77 170
87 17
10 127
31 163
128 30
33 81
150 118
148 151
96 75
140 107
9 4
55 42
120 119
103 19
5 159
14 158
51 8
92 120
108 103
67 179
117 72
123 174
110 38
55 31
174 148
85 73
137 28
161 167
38 12
94 165
13 146
95 54
141 138
103 84
140 133
92 127
63 30
99 173
69 52
96 119
179 171
6 30
57 5
176 70
136 27
174 39
41 16
58 18
157 105
158 113
177 140
79 68
10 18
134 103
145 175
169 165
149 112
134 7
60 162
101 154
63 45
172 91
69 30
173 166
50 161
89 162
81 82
12 24
88 100
53 27
13 143
176 128
52 6
10 58
130 12
135 175
68 31
14 132
35 41
154 92
34 160
77 91
10 154
36 28
2 128
165 9
27 94
89 150
172 98
15 24
102 157
103 157
160 111
47 111
34 169
97 128
90 5
53 176
148 44
153 143
87 42
150 139
7 130
72 107
145 28
8 162
16 79
28 101
134 61
83 160
79 65
53 141
164 162
13 20
69 25
40 32
167 171
133 13
14 3
180 75
139 55
37 90
160 163
84 106
77 180
177 151
165 33
58 121
25 23
169 51
84 112
113 141
95 78
160 149
25 62
11 56
179 171
65 170
149 16
79 161
112 14
106 62
124 102
128 50
63 61
68 123
37 98
113 29
7 171
171 92
120 31
123 151
118 167
115 75
106 171
96 52
34 38
62 166
170 102
161 48
98 48
51 116
103 105
167 86
97 174
169 82
109 74
167 133
28 167
143 58
92 52
89 3
12 70
43 89
18 34
105 151
10 6
143 22
133 103
173 63
132 40
145 161
103 108
25 91
152 53
106 95
149 21
175 141
157 50
58 165
42 49
39 81
49 45
126 53
27 142
149 100
42 28
117 63
117 179
92 100
91 126
135 97
68 176
173 58
145 126
81 60
116 10
132 160
79 113
62 7
180 109
64 165
134 169
6 173
116 157
91 51
80 26
138 30
118 145
102 24
42 146
73 83
107 62
29 33
146 123
72 135
141 52
26 180
68 6
92 89
70 123
24 91
68 180
44 2
140 85
169 30
130 8
43 57
10 135
124 162
32 23
145 75
100 161
114 7
113 124
173 50
137 3
99 119
140 85
26 158
61 160
138 38
172 178
94 102
94 118
6 25
29 80
80 98
12 111
159 15
71 177
44 68
70 17
52 122
66 51
13 98
45 46
176 144
82 82
52 136
52 114
76 135
137 1
172 112
80 80
99 129
90 120
138 121
178 96
105 38
61 9
2 124
101 159
72 40
142 169
64 45
24 46
138 109
132 60
14 176
165 99
18 109
28 61
98 26
131 88
12 25
168 23
104 136
171 6
62 9
75 15
53 21
39 83
178 33
175 152
93 117
101 162
155 29
103 114
42 54
94 50
86 73
31 13
14 74
179 13
9 135
68 16
141 122
75 104
39 98
103 121
91 156
73 56
31 65
103 173
83 131
69 139
66 105
135 176
139 165
165 125
60 34
94 30
37 41
176 132
113 85
42 24
141 35
44 124
115 174
67 30
66 121
49 104
