180
324
58 155
132 91
133 171
10 171
11 29
40 8
10 102
76 69
59 41
24 66
59 59
152 110
125 46
24 95
46 147
119 66
41 158
32 83
129 12
54 34
143 40
77 69
40 142
21 27
112 22
52 23
175 177
148 120
97 84
86 45
98 125
100 141
15 71
147 94
166 55
12 77
126 165
77 16
140 99
84 162
88 141
115 45
58 95
135 53
9 160
35 111
102 63
155 28
14 115
44 4
4 53
76 64
146 50
110 158
164 35
132 67
79 80
38 134
70 131
172 136
134 62
60 129
163 167
37 15
175 89
86 42
14 180
14 26
23 82
123 41
174 58
47 2
163 34
21 76
9 130
79 93
3 152
16 151
95 146
50 73
94 135
135 107
135 119
97 24
113 98
77 54
2 109
89 49
58 105
154 41
62 80
159 21
61 72
49 33
145 164
179 146
8 52
40 138
88 134
140 131
70 137
106 32
88 169
93 66
138 177
8 135
8 18
61 10
126 7
166 17
47 145
102 158
168 56
104 85
45 150
6 80
19 130
180 95
76 5
170 82
18 148
50 135
108 153
37 63
158 147
1 88
125 16
146 161
177 63
127 56
144 44
65 137
99 97
159 100
111 128
59 107
50 96
151 170
51 166
89 110
132 87
31 2
79 171
125 148
63 56
30 165
171 124
125 16
148 3
5 20
18 120
85 42
70 144
124 12
109 78
7 117
172 42
4 114
114 144
107 168
63 10
170 5
131 141
149 101
157 72
65 138
155 41
53 127
122 134
17 134
33 124
92 102
131 119
19 16
136 141
125 18
90 180
61 15
102 135
69 71
82 78
148 57
73 123
136 80
168 133
79 137
22 57
69 140
78 39
34 144
125 86
51 170
102 73
76 37
42 70
122 68
122 108
142 155
154 128
28 32
128 75
97 163
62 150
10 65
156 112
107 136
13 142
106 177
78 172
120 177
167 63
47 158
24 128
168 6
138 15
179 66
122 168
13 21
51 130
134 58
7 96
36 2
103 14
174 127
8 91
83 23
59 108
51 27
85 155
153 141
99 107
83 138
90 62
40 27
174 159
30 145
4 35
14 111
169 112
29 9
146 68
97 97
150 9
38 97
104 125
3 35
67 4
102 86
117 7
38 68
90 129
139 42
135 22
77 115
103 157
159 18
109 145
30 97
119 108
178 32
65 180
89 173
119 138
99 90
179 50
83 12
178 120
114 139
169 73
59 133
136 161
89 151
40 56
22 61
62 71
14 60
134 17
75 16
160 171
117 99
177 154
6 76
45 148
89 18
51 17
69 135
27 99
4 173
6 130
133 47
45 171
115 119
52 121
75 1
5 164
90 132
61 116
61 3
31 93
107 79
125 139
150 174
170 56
44 26
87 122
78 105
175 161
173 9
75 162
108 50
1 170
148 26
6 15
77 21
67 138
120 15
42 104
3 127
12 98
162 89
141 2
88 170
10 11
80 85
