180
12960
66 36
48 179
121 25
140 51
59 2
75 144
112 39
23 158
132 27
65 87
122 73
110 8
136 112
135 156
177 131
65 8
37 24
8 104
37 147
13 14
41 150
141 170
149 52
147 105
81 126
71 144
104 103
61 157
16 169
113 131
40 30
93 46
55 8
165 145
93 15
29 25
35 107
95 43
80 36
97 41
174 132
104 180
92 61
105 122
63 64
77 113
151 82
154 21
8 109
148 48
95 174
69 96
157 63
45 171
22 136
85 33
65 24
27 170
157 49
80 82
47 68
2 9
2 114
141 28
93 1
148 109
124 158
170 10
177 157
17 103
54 54
58 151
63 84
158 54
66 132
178 36
162 20
40 26
64 113
58 51
167 61
2 76
173 125
128 28
137 169
135 7
92 86
108 51
35 68
168 66
124 158
66 13
79 123
13 143
42 84
29 28
132 142
85 145
107 130
123 34
163 26
47 144
103 29
163 90
79 13
126 154
163 20
90 4
172 62
132 136
1 166
178 179
124 60
86 169
143 30
112 119
13 4
69 80
22 143
65 175
76 31
23 111
80 85
134 122
36 156
159 105
14 90
113 41
50 17
4 25
90 95
155 77
80 107
173 53
174 3
131 135
80 128
34 105
96 101
22 6
34 12
177 110
39 80
87 176
113 79
151 124
162 179
138 176
25 49
133 98
37 108
83 164
138 70
29 174
66 94
172 54
84 124
67 72
116 14
141 115
85 105
92 89
129 128
94 38
46 68
132 109
40 82
99 3
155 145
179 151
68 116
143 40
176 80
43 144
152 152
72 60
77 43
146 57
170 71
159 18
63 10
172 88
70 113
32 102
99 38
143 133
60 27
64 105
115 101
108 101
126 42
152 26
125 150
51 60
65 126
43 149
157 27
61 161
131 16
161 34
69 98
41 29
9 124
47 122
54 80
95 43
39 82
128 141
109 109
170 167
49 57
47 14
123 120
178 177
48 36
131 32
31 97
84 161
25 50
168 179
36 157
169 94
44 62
60 55
9 5
164 96
19 155
150 40
82 173
161 159
130 89
118 89
51 60
3 121
21 112
147 133
2 147
92 94
159 177
152 47
79 75
22 106
19 46
172 99
11 46
76 165
56 19
45 41
14 148
10 53
59 158
42 98
73 135
2 56
93 90
7 81
6 71
30 149
147 174
87 27
27 75
77 162
129 128
40 35
58 35
143 156
68 109
111 171
31 64
55 123
93 39
180 23
82 29
164 132
117 79
37 15
114 72
145 89
145 45
7 145
165 66
55 127
91 176
97 8
106 180
58 131
136 24
131 67
116 15
99 21
8 51
88 20
130 160
125 124
178 166
65 87
3 88
126 122
123 163
115 77
101 159
33 121
43 173
97 105
141 33
124 62
55 107
67 75
118 116
160 87
90 88
120 169
124 49
146 40
20 147
15 55
160 156
57 35
46 148
4 84
59 129
45 54
135 132
89 29
74 99
12 45
157 89
9 5
22 172
107 120
126 73
102 112
64 13
80 172
96 44
104 69
180 152
111 99
135 55
56 166
114 166
145 8
91 54
44 2
7 5
91 44
124 156
178 29
89 178
3 110
146 129
20 143
33 62
28 145
89 30
110 167
28 173
51 159
172 22
74 42
103 14
99 80
65 91
70 173
23 144
31 156
104 101
61 115
157 133
56 61
177 119
119 38
119 6
57 47
5 49
1 154
12 100
48 130
9 29
82 3
9 129
44 42
29 21
61 76
121 51
77 148
1 138
79 70
113 55
126 46
105 123
94 14
180 25
24 151
58 173
42 161
122 10
4 99
84 61
15 180
174 151
23 170
7 48
142 144
141 105
83 91
34 19
124 170
123 102
20 91
133 119
90 79
21 58
92 58
27 109
129 96
49 7
137 141
63 3
159 39
36 102
105 68
29 139
174 167
136 52
43 151
3 152
28 21
141 45
169 144
21 5
19 79
60 30
125 88
173 154
11 71
138 143
165 107
87 53
55 164
33 115
36 44
177 60
168 64
117 159
134 177
178 15
39 113
111 22
47 74
106 37
74 147
87 27
135 138
15 173
137 123
28 18
141 38
120 152
177 93
44 71
65 38
35 133
102 150
119 15
174 81
117 149
148 92
21 17
124 148
44 52
86 55
66 144
121 127
72 139
89 47
42 61
122 62
153 180
156 130
8 60
114 41
139 110
117 59
78 150
25 147
62 4
123 155
167 54
79 32
58 105
68 111
81 10
37 15
132 44
156 37
7 47
38 34
41 66
91 80
100 77
113 72
113 22
106 77
77 62
19 87
144 121
96 112
103 76
87 17
149 10
149 82
142 28
90 157
136 36
103 66
39 116
23 7
95 124
159 87
101 55
71 167
176 166
147 4
117 92
152 79
116 50
165 44
38 8
179 36
74 76
9 136
88 68
25 122
19 74
126 71
12 98
79 84
46 134
11 128
2 147
178 46
9 16
130 86
3 6
74 97
136 148
154 40
26 136
15 56
54 177
98 173
50 26
152 81
20 64
24 13
10 15
167 19
18 167
91 112
74 125
172 168
126 53
126 77
17 140
79 1
177 102
22 148
127 50
53 2
50 60
128 128
27 120
131 63
77 85
164 41
45 76
126 74
19 95
174 133
68 107
98 92
103 3
132 73
148 99
106 36
42 111
76 88
54 125
175 171
163 114
1 46
14 149
111 157
46 129
121 67
174 138
114 44
106 80
87 81
152 64
5 124
25 38
114 112
89 172
179 175
99 124
66 110
33 31
123 80
90 113
169 44
170 14
148 58
141 169
39 36
62 153
124 165
115 82
123 32
142 32
11 120
103 94
72 160
54 130
9 124
75 128
10 110
127 20
54 136
44 100
51 148
89 34
141 63
177 72
22 170
156 71
173 89
159 68
140 128
112 162
169 45
92 129
99 166
133 180
95 165
166 6
157 39
130 41
26 144
80 23
120 131
59 66
46 88
31 103
54 81
164 41
148 109
71 140
60 148
81 157
138 170
100 124
4 23
171 14
57 74
141 168
148 108
27 171
76 101
119 119
76 165
3 53
73 84
24 10
163 8
159 127
71 40
88 35
47 134
40 142
62 84
127 115
179 65
73 25
154 65
10 76
19 134
93 131
125 167
139 168
10 93
148 77
153 129
54 76
115 44
124 5
148 59
38 2
51 149
24 122
68 57
75 135
61 83
76 152
17 55
68 46
147 37
128 32
21 163
156 163
59 98
54 152
80 64
1 140
157 5
95 57
126 104
26 41
71 128
92 99
153 40
155 100
53 24
136 139
91 152
111 114
62 33
171 154
128 34
33 139
65 123
89 44
149 65
7 180
161 178
149 93
84 126
83 75
176 25
43 142
19 164
141 80
35 22
82 143
170 64
122 69
80 110
171 86
5 113
12 163
180 110
72 12
155 139
165 17
134 92
25 19
35 54
126 54
51 162
172 137
144 44
1 63
36 68
65 50
110 119
128 128
139 47
32 13
46 170
125 140
61 121
111 143
99 173
179 82
7 115
26 177
19 99
22 71
68 83
57 139
180 175
47 35
27 73
90 124
40 31
30 124
159 130
73 131
33 111
142 136
73 26
149 150
132 146
60 59
58 25
72 145
112 45
125 9
52 96
51 112
45 19
74 82
38 174
175 10
127 99
3 130
26 94
97 47
79 135
140 174
25 101
122 86
7 127
37 87
136 9
100 76
114 164
3 20
33 96
19 56
26 61
44 45
149 67
23 49
125 38
100 63
79 134
22 72
100 3
176 157
69 154
103 72
83 22
36 10
149 44
150 88
67 74
133 92
125 46
114 38
73 90
170 97
117 16
176 118
170 159
86 16
157 112
105 179
9 1
96 117
3 77
140 90
163 147
90 22
98 3
88 25
35 11
57 69
79 3
162 73
178 163
154 101
117 105
124 158
82 76
90 173
38 44
4 26
63 100
50 44
35 121
74 60
29 5
117 46
145 108
72 147
64 36
149 121
76 10
154 127
169 116
157 44
98 130
124 60
83 20
11 37
88 170
47 32
51 63
13 121
62 113
123 72
162 13
170 174
135 36
56 42
123 146
174 6
138 33
30 157
157 141
73 10
150 34
29 50
77 77
29 124
12 23
138 4
162 176
13 145
131 71
22 132
72 17
6 118
119 57
73 40
149 77
152 173
6 38
72 136
1 74
57 88
124 13
53 33
91 149
150 129
50 66
86 173
117 148
108 117
115 103
132 155
177 81
175 65
31 87
43 179
3 117
177 17
110 40
135 105
131 134
27 42
167 138
70 176
160 8
86 159
129 141
50 147
116 98
85 110
74 73
101 170
148 3
160 102
28 73
118 57
50 156
30 128
94 132
155 77
78 154
114 115
72 23
158 154
93 106
91 89
38 162
153 30
88 177
73 171
104 165
163 132
11 103
16 30
19 75
17 105
23 123
106 97
14 16
64 93
41 133
102 61
90 130
139 78
177 125
18 94
176 12
76 177
111 156
15 5
127 10
125 126
149 69
49 164
1 114
92 158
180 73
15 96
11 158
7 120
164 46
39 132
119 161
55 46
80 161
8 6
15 105
97 71
137 6
12 49
90 131
26 62
70 132
37 91
117 9
144 6
130 104
11 140
152 103
83 116
121 10
170 90
26 85
52 31
179 7
101 11
7 161
55 174
117 132
14 39
81 10
12 19
102 76
31 83
29 86
163 12
7 118
52 90
46 86
124 49
144 161
35 55
10 10
160 23
116 145
104 62
25 97
163 137
167 74
170 162
179 57
37 41
17 4
146 57
174 134
115 146
153 6
62 82
94 30
82 151
83 112
46 2
78 160
7 166
110 122
93 61
31 96
96 114
63 141
98 10
26 49
150 44
127 93
154 12
136 24
31 15
84 35
136 94
59 66
35 128
4 85
99 61
22 146
115 169
142 49
29 23
128 66
17 171
129 98
177 58
35 99
118 155
118 118
93 96
113 27
151 40
52 122
53 73
52 101
167 77
76 115
180 44
42 29
35 49
88 116
48 147
140 77
108 159
12 126
36 124
102 137
17 121
121 83
97 119
7 5
58 145
38 136
123 108
17 29
121 11
109 29
145 125
2 112
119 111
109 116
126 167
179 24
81 157
55 179
172 26
168 143
56 133
100 43
48 17
18 44
55 58
113 12
36 4
153 116
42 65
173 173
143 80
85 172
151 65
133 58
101 36
112 79
113 49
154 114
71 129
175 2
20 73
149 115
51 160
146 94
20 161
166 74
83 163
129 129
72 116
90 133
15 127
155 135
155 31
18 4
116 142
47 3
85 121
151 80
142 127
171 20
62 76
138 27
5 179
130 120
46 111
118 100
157 117
123 147
47 85
81 173
168 95
160 72
31 161
74 64
126 175
142 141
143 171
95 53
68 75
36 55
142 146
140 25
144 44
179 97
132 140
82 160
45 148
168 90
60 7
101 122
150 32
99 92
6 169
127 9
45 63
159 171
67 83
79 16
109 73
115 136
134 122
25 63
99 6
59 92
127 14
151 45
11 154
124 59
67 1
11 72
99 13
6 146
175 101
101 82
118 108
25 78
37 48
154 62
22 59
171 37
5 23
166 112
35 60
27 109
38 165
117 67
144 132
177 157
139 17
46 133
110 92
121 164
62 75
37 89
9 58
141 177
10 120
20 40
58 92
164 74
24 178
93 151
134 146
21 111
157 39
47 147
61 96
147 150
178 169
96 100
88 44
123 156
108 36
160 147
131 143
155 143
164 36
68 98
130 73
167 91
71 164
154 142
60 157
81 43
137 92
76 90
59 4
73 176
22 32
46 170
86 136
37 69
168 66
152 173
88 17
88 165
43 30
75 78
133 134
35 39
176 78
157 68
131 64
157 62
144 101
125 102
128 108
152 141
17 61
142 37
118 102
133 98
84 59
152 40
144 163
176 138
119 38
6 72
94 19
132 56
88 23
51 134
30 22
127 29
110 86
37 57
171 137
137 39
25 67
123 8
39 136
13 84
30 66
140 64
61 11
79 138
11 57
57 125
143 20
146 137
169 142
170 106
119 127
152 29
171 10
48 54
57 86
112 159
45 35
113 111
147 86
173 1
53 126
68 79
162 13
178 148
52 148
148 96
4 147
136 48
94 84
106 5
36 135
132 113
106 168
64 42
8 158
124 54
81 141
162 163
135 121
22 87
150 146
127 6
139 35
38 83
46 25
116 90
43 174
80 149
148 176
125 47
42 162
76 61
72 81
40 115
160 129
115 115
85 65
74 175
138 67
145 149
61 87
115 74
49 175
149 55
171 93
56 149
107 21
13 71
22 143
90 131
60 129
122 54
167 38
98 44
140 163
137 169
82 67
84 17
177 70
66 59
37 116
136 82
44 170
178 157
16 134
35 39
25 92
135 20
63 25
97 140
97 94
53 59
114 41
51 97
47 168
100 114
48 106
152 40
101 2
148 119
35 35
158 92
14 74
35 65
168 118
28 27
153 6
153 148
71 49
9 26
175 101
154 145
13 56
137 83
132 145
59 20
4 132
121 98
71 78
85 56
14 88
80 11
15 29
163 11
158 41
19 114
17 121
141 8
52 81
166 154
144 108
89 107
137 133
166 87
51 7
54 84
56 9
77 134
127 33
99 128
100 77
175 100
163 85
89 141
1 101
105 46
78 99
31 91
138 97
8 75
177 46
50 160
33 107
175 127
66 14
122 122
66 4
115 8
87 108
67 31
87 11
112 63
126 58
27 5
35 80
125 72
127 70
12 20
85 110
165 67
110 180
23 138
63 51
80 52
61 136
107 38
76 70
149 117
137 18
91 40
169 91
110 89
170 24
67 142
74 124
15 115
109 123
164 21
131 96
63 166
67 157
124 133
46 111
92 121
48 130
5 46
71 146
22 112
93 68
102 123
97 180
157 148
126 150
33 11
135 14
49 152
103 180
140 149
99 50
75 179
13 146
100 43
70 76
159 61
85 32
137 44
22 151
61 120
71 45
136 21
95 156
121 77
7 146
111 101
167 97
143 134
24 146
53 120
40 95
123 76
104 71
95 141
117 42
83 3
156 119
61 116
17 86
118 63
171 161
172 168
109 78
176 39
114 116
108 20
138 160
54 57
33 17
86 174
114 155
136 68
165 16
148 61
145 89
135 164
13 151
108 6
76 8
38 41
127 151
167 30
1 62
164 143
172 97
119 179
60 50
107 106
47 142
96 42
53 126
33 11
142 143
52 178
95 19
143 22
80 174
175 19
36 143
153 8
49 144
65 150
55 43
158 81
88 89
139 121
48 130
74 163
123 150
144 14
53 90
34 11
66 99
31 46
55 101
34 75
127 79
138 106
26 175
146 52
9 15
26 153
77 139
128 113
45 100
154 56
78 167
5 146
13 146
148 38
22 12
100 157
98 165
180 78
112 24
85 89
80 95
165 56
55 131
49 100
164 107
151 136
45 60
177 98
64 169
120 75
102 44
62 163
57 158
95 82
37 37
2 23
10 63
161 158
136 63
123 111
168 51
29 172
117 14
166 108
92 109
126 70
79 6
35 117
38 172
20 27
46 76
66 134
55 90
162 146
46 115
31 3
24 87
132 107
162 22
73 74
23 52
87 93
6 108
155 98
75 13
145 28
156 149
13 33
159 48
171 129
134 85
156 111
118 46
67 112
156 10
97 51
92 47
115 113
38 15
175 161
137 97
11 157
174 27
177 15
69 18
135 149
145 118
144 13
4 19
109 138
35 144
158 78
109 12
22 164
85 18
165 152
82 135
160 135
137 112
43 91
46 175
38 138
70 83
83 157
78 172
45 49
155 72
39 120
41 140
116 93
36 113
121 132
74 157
109 40
72 101
169 38
160 133
17 114
100 147
39 148
73 20
118 133
84 7
116 94
24 77
127 139
127 155
157 14
12 114
70 152
88 172
179 86
179 79
84 120
35 12
120 25
164 98
129 176
135 74
104 37
151 135
131 101
24 40
166 12
156 136
73 163
109 81
35 78
147 131
102 12
3 135
111 17
36 66
129 99
52 89
139 149
130 145
14 114
19 72
101 105
97 50
81 2
16 140
173 29
130 63
161 57
34 62
35 2
97 12
29 23
87 46
142 121
39 19
148 83
13 150
11 14
47 108
78 102
97 26
32 121
111 60
131 72
134 43
106 87
148 129
9 72
79 36
73 7
96 102
148 136
138 12
40 105
109 129
165 170
42 6
1 91
124 135
12 63
36 175
134 7
102 126
23 57
162 49
144 170
29 71
6 114
58 2
22 67
102 80
128 98
114 174
67 56
146 145
73 177
18 149
114 165
5 46
174 92
140 150
141 74
38 125
145 178
47 113
107 48
52 72
35 62
170 177
19 107
149 51
79 88
9 52
99 119
24 14
39 59
166 35
140 41
2 82
50 109
59 4
32 79
103 13
3 101
77 77
103 19
56 4
123 112
100 39
141 47
113 38
128 86
36 169
158 98
171 114
106 142
156 139
36 115
161 102
77 50
9 167
59 121
172 17
66 135
71 38
88 64
79 22
163 20
148 7
96 55
33 141
176 83
28 161
85 56
88 108
121 79
59 7
105 54
2 168
63 88
134 18
71 177
117 60
36 37
157 136
104 173
140 26
111 175
79 30
126 119
8 126
6 62
40 179
40 25
63 135
103 178
171 49
128 78
158 134
20 106
147 148
6 9
119 2
47 25
57 112
137 37
77 158
157 142
114 30
115 16
82 17
84 1
74 17
134 128
148 161
150 1
46 57
104 30
166 38
79 89
39 23
147 53
138 10
49 62
178 119
52 69
115 39
119 113
38 114
41 111
116 76
109 27
49 60
15 167
42 173
125 174
131 94
112 109
51 128
11 102
52 10
7 22
139 20
55 68
65 76
20 75
28 3
39 75
77 28
160 148
51 170
179 143
10 153
59 97
173 4
49 160
170 106
43 8
98 9
140 156
122 146
160 166
145 89
15 43
24 56
146 119
130 34
102 87
7 167
41 11
141 67
51 20
159 171
100 91
120 115
38 87
165 91
100 145
13 168
80 149
108 50
113 20
151 46
37 166
41 4
124 144
45 51
176 12
176 69
54 173
161 26
99 84
149 152
163 41
118 111
109 134
122 110
133 44
103 19
94 111
144 139
50 130
180 135
129 49
21 92
82 168
168 8
103 26
150 1
53 37
94 99
76 107
31 152
75 85
99 15
10 101
6 22
21 147
37 43
26 89
51 139
108 123
26 146
133 19
24 91
20 120
74 180
112 40
153 37
140 34
73 49
102 147
173 2
40 174
126 44
30 23
150 81
101 142
155 108
115 88
170 103
130 177
3 44
54 89
61 129
152 44
4 124
5 114
168 113
176 37
81 78
93 101
72 53
157 96
36 112
108 111
52 6
30 75
101 157
89 151
173 38
2 172
151 126
66 153
4 19
59 52
25 174
178 57
46 138
50 135
158 89
152 34
141 61
2 6
34 109
153 85
111 104
145 89
16 176
11 45
17 120
49 9
16 57
46 126
140 46
154 153
172 47
131 42
47 37
81 14
127 80
136 63
2 155
166 74
39 33
125 126
114 175
161 167
163 68
27 158
8 153
8 82
79 111
73 67
8 135
166 149
43 60
90 165
113 39
69 117
17 119
43 60
69 20
5 60
13 56
46 117
145 48
120 110
57 16
93 142
161 116
175 149
151 108
160 28
27 31
141 7
149 10
173 31
92 35
122 34
175 77
157 27
46 11
41 6
47 140
51 166
105 74
25 38
96 89
38 101
118 17
99 104
135 174
89 174
115 144
92 171
127 10
157 64
171 38
110 6
77 161
129 6
120 168
65 27
73 87
57 83
180 21
39 59
112 67
135 49
73 13
84 124
74 118
34 11
116 135
24 38
23 117
25 77
58 179
116 124
34 51
41 70
1 137
149 47
30 143
130 91
163 137
97 157
47 78
69 159
97 177
133 180
50 17
75 120
7 18
130 64
90 43
78 16
50 12
107 65
160 44
175 86
125 93
134 37
72 142
85 93
126 6
161 170
140 19
77 166
32 120
61 17
162 79
19 58
111 154
79 20
52 118
63 149
28 173
170 77
89 130
110 105
164 167
126 70
152 159
48 119
62 136
36 175
67 92
22 162
133 55
91 135
109 138
145 122
43 62
179 4
85 57
4 18
148 149
31 146
157 8
47 160
38 96
114 108
110 71
36 18
49 26
70 55
109 94
13 62
41 19
155 152
40 11
126 128
12 59
70 57
37 167
58 66
50 78
5 86
26 56
38 51
3 67
73 33
128 104
152 84
52 81
129 176
63 75
64 49
167 165
64 147
50 158
109 56
120 5
95 143
1 133
138 49
118 22
12 145
64 63
87 27
140 172
166 165
85 80
69 82
100 12
115 105
37 106
110 141
45 83
180 178
22 96
20 84
60 16
111 113
127 111
32 11
164 72
6 61
40 80
57 87
66 66
133 68
109 174
150 176
176 163
142 104
66 129
142 127
47 168
61 49
171 34
161 25
83 55
171 140
167 5
4 71
122 75
28 101
109 117
124 52
94 176
177 41
111 26
65 144
73 66
16 78
174 2
43 90
113 43
60 173
72 128
6 150
40 94
171 152
176 176
167 105
85 146
131 40
64 131
71 5
141 154
179 84
150 91
125 85
178 86
140 9
56 151
133 128
18 75
16 72
29 62
95 122
59 41
21 161
99 128
49 101
106 92
76 17
58 149
75 166
94 156
146 86
33 93
35 32
84 27
143 91
46 25
174 19
1 109
84 14
19 47
60 162
137 79
35 23
151 64
154 76
133 87
91 13
9 69
114 170
107 174
26 26
15 84
130 12
5 35
64 142
159 176
166 169
65 170
118 178
93 132
71 172
34 28
110 116
69 74
14 53
144 136
40 36
63 138
15 49
8 19
80 38
152 123
85 144
123 21
44 159
81 21
114 42
176 42
108 38
133 58
55 41
93 111
104 100
47 59
94 25
90 175
4 146
12 85
167 177
24 42
112 64
93 80
52 65
114 85
93 121
34 38
123 117
94 6
57 144
146 80
78 177
82 163
152 157
80 52
141 142
67 14
105 20
150 123
153 157
57 140
14 49
29 146
79 14
164 48
156 49
104 63
179 107
158 59
72 129
151 113
177 71
179 169
166 139
162 146
51 136
6 28
176 178
104 97
68 123
79 13
123 141
104 33
7 52
174 145
71 89
140 13
55 28
73 170
136 69
17 74
148 14
53 107
63 175
135 121
51 19
106 99
158 144
63 114
23 49
140 139
11 168
15 106
108 91
158 100
10 168
69 11
15 71
161 43
135 1
150 89
50 139
113 173
93 76
74 79
150 38
19 84
96 25
82 180
109 126
43 141
81 144
40 176
33 11
129 137
74 26
127 94
90 155
14 81
123 59
174 155
152 71
95 64
97 45
48 40
97 46
154 151
35 38
101 139
136 38
37 155
110 105
52 153
151 126
16 38
166 17
13 45
87 167
25 120
62 97
108 47
73 107
21 38
42 69
6 142
38 59
17 107
45 4
144 179
169 10
11 173
127 180
125 64
95 48
92 84
12 148
98 34
154 134
62 132
118 67
41 68
95 72
153 97
71 107
149 24
46 109
178 148
69 55
115 159
103 91
152 112
100 33
147 151
121 173
106 109
152 2
170 149
103 149
54 20
165 176
89 93
51 130
28 109
125 63
70 51
154 121
26 74
143 152
107 113
40 10
17 115
154 24
11 24
10 179
140 149
151 171
17 124
71 10
10 15
166 171
16 18
147 131
89 96
60 66
6 58
150 102
54 137
150 177
92 81
48 19
101 50
176 177
70 80
65 47
3 171
41 174
37 78
166 72
150 44
42 66
39 94
8 49
144 104
28 55
39 5
27 56
4 22
11 168
36 80
169 163
103 58
4 169
87 158
111 102
155 128
160 91
175 34
153 107
65 7
109 161
55 92
42 58
132 90
163 180
111 168
28 30
170 78
129 3
106 119
160 109
23 112
107 97
43 169
168 43
147 143
68 174
126 14
176 35
166 159
102 43
159 28
37 23
96 171
28 39
102 112
116 119
134 126
142 20
139 42
38 22
123 178
108 84
163 63
142 99
7 148
76 177
157 111
2 11
43 96
151 69
92 47
87 95
72 80
101 52
140 171
170 56
138 132
11 25
21 30
145 23
166 57
137 97
174 37
3 20
137 110
130 94
77 46
75 106
26 62
45 112
54 128
71 45
159 102
167 109
123 11
115 132
130 17
45 112
87 100
24 13
22 9
89 2
154 56
58 8
87 165
14 7
156 138
160 77
153 151
170 32
96 154
112 68
119 8
63 80
21 48
88 49
121 131
151 51
36 90
162 112
140 84
83 17
132 44
117 95
165 58
82 3
7 64
34 114
31 97
84 43
102 155
33 140
2 23
58 146
107 146
103 160
38 116
179 157
66 163
102 56
85 150
77 157
75 165
119 99
69 12
51 37
39 34
36 52
42 10
69 80
18 22
8 38
39 108
149 82
10 43
161 92
128 26
138 65
142 76
118 133
106 144
134 137
66 50
56 143
120 139
119 178
141 56
18 48
178 148
169 2
40 160
21 86
48 86
107 133
165 114
119 119
11 35
160 82
46 70
7 27
75 48
3 111
152 105
95 140
144 18
122 34
59 6
156 26
110 114
1 24
147 162
51 20
89 13
67 163
112 25
143 166
9 4
125 110
179 151
119 19
89 34
170 64
150 159
63 47
124 15
117 104
20 38
107 161
152 71
156 118
77 10
89 61
6 18
33 94
4 145
161 62
103 3
69 40
57 27
96 34
80 10
31 97
116 6
120 39
27 131
1 13
85 15
113 146
118 41
67 172
83 148
70 84
123 30
54 154
10 124
5 22
167 69
70 143
99 15
124 152
82 38
13 93
122 117
122 138
98 166
143 27
84 140
14 152
31 176
28 143
109 64
8 130
93 116
173 19
166 106
153 147
104 54
20 58
146 151
146 116
17 139
121 64
75 45
23 131
53 108
133 8
47 160
10 44
117 14
132 91
104 132
88 73
20 63
31 13
139 107
169 110
50 65
106 179
87 41
4 11
88 168
126 21
174 65
132 88
175 111
86 114
18 157
4 7
96 102
147 142
107 55
174 137
84 54
104 91
76 82
8 132
30 17
163 102
76 133
106 129
160 61
141 128
102 122
42 169
147 51
48 106
93 64
44 49
142 102
145 8
16 14
33 34
88 51
153 35
145 174
122 145
50 162
11 70
46 129
131 49
92 32
119 78
46 64
131 115
148 143
102 106
180 133
132 156
152 107
141 86
123 96
71 15
28 146
72 141
100 162
137 58
94 103
159 82
172 172
123 157
34 69
147 163
72 84
122 102
101 51
27 169
14 121
17 116
21 9
160 36
71 147
44 180
94 153
4 56
159 90
155 67
1 136
136 21
142 133
118 78
15 125
89 32
113 19
153 76
78 145
59 71
154 72
53 14
135 26
139 40
99 81
12 38
78 72
80 165
94 22
40 18
27 173
16 173
7 167
130 28
120 166
113 172
144 33
117 109
161 82
39 40
46 71
124 179
46 67
93 171
46 7
147 47
147 61
156 106
17 116
161 6
96 28
124 55
131 44
93 42
101 147
10 2
168 95
71 176
146 109
5 142
69 86
99 129
168 50
132 132
151 104
96 175
123 82
88 164
176 157
68 149
15 62
109 113
12 87
159 150
75 121
153 82
155 119
32 128
26 18
116 33
133 53
169 75
81 125
154 90
176 166
104 170
119 166
63 7
65 139
78 64
171 46
129 168
158 83
131 91
171 117
106 118
47 23
61 16
88 41
126 179
96 113
7 82
27 169
21 25
180 134
143 89
165 26
97 20
100 109
131 91
101 155
86 83
130 152
130 1
76 48
134 127
86 49
31 153
128 5
93 166
172 169
38 103
24 167
26 24
40 114
31 10
158 60
92 101
14 142
17 177
134 69
139 152
89 33
127 17
37 53
131 128
82 107
73 143
145 8
127 173
35 27
32 25
49 74
153 4
121 62
179 129
27 106
109 152
101 156
113 115
71 68
178 177
48 34
132 108
98 65
37 13
154 146
78 16
46 164
115 53
55 81
126 107
37 34
27 36
70 54
99 63
49 148
156 23
95 162
101 69
83 77
177 91
1 30
78 47
36 136
65 167
145 139
78 3
42 63
85 64
112 117
11 152
71 54
129 85
38 103
77 87
68 15
64 72
143 144
136 49
164 171
151 44
24 49
29 109
99 30
96 43
84 79
157 38
105 154
78 62
178 88
160 82
45 180
162 8
8 171
162 173
46 126
179 13
157 53
45 65
153 79
119 75
3 24
98 82
104 75
22 122
5 153
27 129
21 14
150 21
137 127
156 92
173 23
139 162
46 133
30 166
4 41
91 141
28 73
118 159
172 137
84 157
55 43
164 111
84 78
19 32
143 11
147 134
2 139
26 17
24 137
75 122
110 27
49 159
101 58
61 167
70 170
164 79
84 144
109 158
125 128
75 107
142 69
5 20
34 119
58 84
153 20
55 119
159 151
179 49
142 47
125 133
49 30
5 64
22 81
19 148
142 74
127 55
151 80
153 40
132 159
10 91
24 4
136 81
94 64
146 78
12 13
9 72
56 99
141 161
163 88
110 106
37 148
24 176
159 160
86 173
79 91
138 86
39 110
106 122
100 130
33 79
91 165
92 137
132 123
164 77
6 30
159 173
97 169
112 29
30 165
142 18
11 63
56 100
147 158
131 126
175 60
162 148
64 98
142 140
108 40
51 69
57 36
163 29
23 19
158 20
85 148
129 95
162 120
4 24
143 106
41 38
80 124
114 70
110 15
109 9
22 74
5 129
143 179
143 114
14 134
60 112
105 31
11 80
117 137
11 113
107 126
113 27
162 27
138 113
25 67
68 148
125 169
157 40
128 157
46 3
98 143
148 50
66 170
47 70
83 134
18 80
24 147
72 41
26 75
118 45
30 93
36 94
174 101
87 97
60 79
98 95
85 23
61 32
83 56
10 81
85 88
158 56
100 1
23 13
57 43
83 55
59 166
158 143
61 109
177 88
57 12
25 57
175 58
18 89
53 145
172 114
17 29
96 38
129 2
95 84
39 176
151 103
77 115
78 68
5 124
19 57
53 67
138 97
93 29
13 87
90 57
180 25
103 33
166 118
11 34
66 147
1 17
4 153
164 83
27 162
148 124
141 175
123 98
57 150
125 153
60 67
175 171
100 132
131 86
80 60
52 107
47 54
161 136
7 126
128 180
41 176
79 93
172 154
24 95
122 126
81 144
78 19
110 74
72 36
138 3
135 180
137 110
180 79
59 9
149 108
126 145
166 35
130 114
151 55
27 159
147 114
7 28
19 124
154 47
29 91
122 70
131 121
173 19
35 123
179 125
103 153
160 129
28 22
14 175
45 98
46 178
24 166
4 45
178 150
120 41
39 139
127 114
109 179
11 49
145 53
32 79
51 140
49 154
144 171
72 121
2 58
14 42
102 173
75 5
155 135
137 66
134 36
73 141
65 150
59 113
179 154
173 162
106 179
86 28
63 52
88 7
6 94
93 36
48 148
159 17
128 55
88 69
107 48
178 83
36 11
64 79
140 17
2 84
117 91
44 3
94 117
120 143
16 161
137 108
180 52
3 29
133 161
116 46
133 84
23 112
157 133
67 126
94 174
107 128
105 37
64 121
123 68
35 173
57 86
32 124
128 2
45 135
40 120
96 180
152 161
106 24
170 41
111 135
159 133
57 57
141 38
134 150
23 47
99 76
152 41
10 36
174 64
155 108
97 7
55 8
22 92
47 107
3 156
126 24
116 133
161 50
20 88
146 84
82 180
128 97
140 57
177 109
138 49
128 143
6 38
107 76
76 12
118 139
26 117
70 69
12 170
140 25
58 74
149 62
25 50
91 104
46 54
155 174
7 119
88 78
67 102
112 28
87 176
172 2
2 132
102 14
136 47
18 99
27 67
61 51
100 160
36 145
78 137
118 53
91 39
41 43
102 66
45 102
80 142
11 40
67 75
170 110
81 136
7 20
42 101
68 19
175 172
22 55
24 152
27 4
39 171
86 25
55 165
27 40
85 58
178 117
38 81
24 173
161 145
163 113
152 53
67 90
59 57
31 67
120 170
167 113
63 159
93 109
111 71
112 55
71 135
49 56
26 13
40 164
112 116
169 9
57 178
60 9
163 177
97 1
148 176
88 83
177 28
104 139
41 138
70 117
149 80
43 121
65 118
174 67
146 61
149 21
12 172
131 78
31 83
41 150
133 128
159 135
25 66
35 85
123 129
88 150
109 25
75 56
144 40
156 177
63 69
13 25
162 160
93 153
149 92
41 118
25 80
152 176
176 171
25 34
133 64
178 17
93 99
52 32
76 20
155 53
18 22
136 86
123 90
170 167
105 13
54 121
104 113
61 146
162 95
13 147
24 128
24 157
167 44
18 50
70 175
144 125
69 159
119 74
46 42
24 143
121 30
92 143
14 31
59 11
143 7
92 87
79 168
118 147
44 96
46 85
133 17
73 108
69 113
26 158
104 76
158 155
134 102
48 56
151 147
133 50
132 133
32 91
178 48
66 3
84 122
31 164
3 105
12 139
38 126
162 94
75 180
66 121
81 45
20 174
93 134
100 68
127 81
172 53
41 173
161 178
104 63
173 105
177 10
123 88
140 3
6 71
50 64
2 106
79 176
109 95
87 172
156 111
156 89
59 107
7 58
177 50
64 68
110 133
82 161
168 170
123 119
77 40
131 89
131 65
109 162
85 3
5 13
109 67
35 41
56 172
127 50
89 65
68 47
89 117
112 99
95 84
24 11
117 30
146 43
70 26
106 41
16 21
21 148
41 90
90 133
122 164
160 65
26 172
29 11
113 174
169 4
141 68
9 104
102 37
83 50
163 73
45 64
123 164
52 139
89 1
116 150
138 166
43 171
148 161
5 176
5 98
174 138
135 48
137 153
69 149
139 174
81 168
167 21
75 12
13 65
2 10
54 150
7 6
36 90
137 88
27 78
130 26
4 99
151 163
122 82
20 102
29 138
170 163
82 14
11 80
25 174
129 7
164 89
87 107
81 159
72 175
27 67
9 76
96 165
72 101
16 70
30 102
52 2
25 84
149 25
144 1
156 90
130 7
50 117
105 30
19 103
108 20
89 2
174 173
114 150
86 79
170 55
14 45
116 169
89 102
19 111
158 146
146 92
95 71
171 59
80 82
116 25
50 125
103 110
142 157
32 179
165 97
56 70
7 39
2 69
99 146
141 5
2 158
95 2
3 83
109 109
177 145
124 122
166 11
68 62
95 76
56 113
75 20
95 128
169 121
86 72
24 75
63 143
180 87
3 131
11 70
161 147
108 113
94 76
151 6
2 102
108 3
11 111
76 81
63 139
123 169
115 2
37 131
101 153
79 128
135 139
49 27
89 114
124 80
4 66
163 150
44 83
143 49
69 115
99 160
149 65
65 160
177 154
45 83
75 36
59 168
174 96
53 8
140 81
44 28
42 63
167 64
71 131
8 158
121 66
153 110
96 16
109 157
174 130
120 96
175 42
69 10
38 15
27 120
67 169
142 36
140 170
162 149
154 106
61 32
176 32
13 103
34 78
88 151
35 35
38 32
80 179
85 165
157 75
92 50
104 87
32 61
151 80
21 2
180 126
88 40
126 97
174 127
47 180
80 171
126 149
178 62
38 161
44 163
158 27
146 77
16 72
112 169
55 14
152 71
25 102
130 100
120 75
42 160
97 161
119 76
91 41
108 71
171 20
152 31
17 148
120 153
20 75
159 168
125 79
53 58
40 174
126 95
131 81
142 84
79 54
167 144
85 96
14 69
4 89
134 180
94 141
43 160
175 179
173 10
170 16
34 57
8 169
44 41
8 95
46 7
74 90
38 22
53 28
32 52
136 92
149 33
49 35
43 16
62 61
157 137
170 130
52 140
14 91
90 107
12 48
145 158
104 147
63 33
141 41
165 123
123 4
93 54
109 154
59 20
166 55
2 36
147 168
77 147
70 56
179 117
56 158
17 116
26 19
145 84
1 165
17 4
176 23
20 135
122 85
62 157
155 17
2 94
159 159
83 103
23 108
55 175
161 22
128 50
12 24
72 176
155 171
147 76
119 74
16 107
41 61
11 123
153 143
108 27
38 178
140 32
52 9
29 107
23 107
48 173
16 121
25 100
2 7
144 105
139 179
163 18
169 10
113 160
52 55
22 52
26 54
123 148
120 97
118 40
99 117
58 5
43 19
18 148
38 41
82 108
109 20
69 83
26 81
144 128
74 93
152 8
139 35
6 180
97 70
176 107
86 100
7 25
68 72
142 101
180 43
9 168
87 78
52 114
34 57
35 13
8 33
46 63
90 1
79 87
155 92
128 123
142 52
61 162
110 114
166 141
123 117
145 136
170 28
158 125
9 6
121 45
129 159
15 140
163 43
101 178
171 2
174 35
140 7
170 161
75 114
171 122
119 169
79 165
6 126
104 138
136 116
84 57
13 95
108 98
86 112
22 113
15 147
23 69
5 111
40 51
173 93
12 110
52 104
95 76
3 95
48 138
38 38
114 99
85 124
127 144
97 30
46 148
174 31
156 163
134 52
140 103
29 141
1 146
71 109
51 2
176 98
88 136
61 5
131 45
92 36
117 107
155 146
48 176
56 114
12 165
27 160
109 163
158 91
163 13
70 32
148 5
111 151
56 113
151 90
62 157
26 71
171 109
57 24
109 150
139 3
67 38
52 69
152 58
152 138
69 144
144 83
99 99
32 149
140 63
28 26
62 136
124 84
90 165
31 152
34 39
149 91
158 145
74 39
132 32
8 13
106 146
151 166
88 104
142 123
87 97
138 165
146 168
69 5
68 3
7 111
113 78
11 118
95 9
13 120
13 62
154 93
145 81
43 120
26 174
92 147
62 59
96 60
121 56
146 85
21 102
42 52
154 113
144 97
63 162
2 110
155 72
44 156
84 162
140 25
107 102
92 29
130 142
175 154
141 9
135 86
52 78
117 36
39 64
160 71
114 74
22 161
67 126
66 93
166 114
165 71
163 141
108 107
153 149
115 116
168 140
127 8
168 46
129 163
86 8
15 18
131 80
154 111
78 149
57 162
58 148
53 64
176 119
56 141
137 39
124 82
62 79
154 71
4 67
80 98
43 21
109 140
136 147
12 145
164 26
136 50
23 83
83 122
139 89
15 177
121 65
125 70
125 102
116 153
119 109
78 45
95 24
109 124
97 53
145 157
54 155
54 155
7 158
125 8
100 173
80 93
70 100
178 137
174 24
63 12
111 160
30 155
23 6
4 83
80 159
7 141
84 40
9 133
77 51
78 164
144 52
121 34
107 8
18 156
80 78
22 118
140 136
7 21
149 37
88 175
27 80
20 117
3 42
126 64
154 103
103 110
102 18
29 144
105 65
29 20
167 129
58 47
150 15
29 101
18 91
147 13
149 82
172 31
111 16
66 53
37 28
177 79
76 111
142 151
85 129
68 28
177 30
172 81
46 180
134 141
59 111
25 35
106 69
65 160
168 40
101 104
76 89
71 30
41 12
91 53
66 49
126 3
58 158
1 127
166 171
17 104
37 147
137 85
26 152
150 20
56 123
50 2
171 159
106 111
114 64
79 35
31 78
31 102
84 154
162 112
19 176
79 151
120 42
14 136
108 150
174 128
180 155
69 138
11 59
47 20
58 162
146 73
166 80
68 102
87 94
179 101
104 172
42 26
125 51
137 28
164 38
124 128
23 37
50 148
22 19
111 144
114 117
136 81
122 120
53 70
163 35
103 170
52 2
70 105
114 138
73 101
42 46
149 144
140 149
157 139
168 62
173 82
46 160
89 177
138 117
78 77
78 102
97 7
111 92
110 50
138 145
1 15
17 152
171 160
160 119
164 142
170 51
42 92
68 50
82 33
13 59
171 136
88 28
132 163
72 10
164 118
72 70
172 38
17 177
156 147
129 129
127 71
83 159
17 11
125 131
30 138
16 104
107 132
101 102
57 30
44 82
49 155
85 145
114 75
59 22
94 146
92 117
162 69
143 88
28 170
1 167
165 107
89 32
132 136
117 40
43 84
111 167
51 76
148 43
179 79
48 49
53 29
13 168
162 143
125 100
169 65
72 163
149 12
128 152
172 87
171 47
158 10
133 39
134 34
18 96
17 13
79 6
32 119
26 146
61 147
12 69
153 96
12 105
50 166
37 132
67 30
123 142
9 123
72 155
61 109
29 34
128 16
88 164
162 30
58 39
108 69
143 96
30 31
174 158
11 144
40 159
116 22
113 57
163 41
142 31
165 31
110 99
1 41
159 18
175 170
168 133
59 4
59 117
58 2
137 164
131 16
172 21
138 99
65 139
175 7
166 180
107 147
111 113
32 52
105 44
97 5
20 22
142 105
65 123
168 47
119 139
31 67
61 26
46 148
95 162
91 32
17 90
33 53
141 22
122 172
64 97
43 93
120 172
179 1
117 108
7 130
134 82
22 88
14 4
69 90
67 180
85 91
72 72
109 151
101 93
45 93
36 4
168 10
56 76
7 119
179 141
167 9
167 53
146 26
25 44
33 167
15 116
2 76
75 121
96 84
143 70
125 126
111 47
147 57
69 116
173 155
152 78
155 95
176 27
105 147
19 115
172 123
160 82
158 130
28 45
172 166
113 23
75 61
41 99
156 144
93 18
25 39
133 118
176 12
87 18
73 147
146 134
91 67
92 127
25 59
62 8
24 65
48 22
180 6
116 28
73 75
3 65
52 151
25 76
105 16
169 138
125 91
130 146
118 143
130 136
104 152
92 111
60 109
48 116
2 74
172 172
126 18
58 21
123 163
146 98
5 109
119 32
97 45
76 22
77 13
7 77
18 133
39 42
80 15
87 157
123 117
143 65
66 79
161 40
58 45
31 177
112 8
18 70
156 84
76 15
161 114
24 41
165 146
50 33
98 84
45 166
172 172
125 134
179 97
168 13
71 144
145 81
5 127
27 33
66 12
7 147
102 109
14 120
80 6
91 13
85 137
98 114
158 160
35 120
63 97
79 173
164 178
16 74
174 1
11 166
163 57
85 58
127 53
9 91
49 142
11 67
173 178
101 115
29 165
55 79
25 93
5 150
47 68
89 4
68 148
105 145
4 153
131 28
117 20
130 96
22 30
77 60
18 57
63 165
78 5
154 25
70 49
80 46
129 18
41 31
79 75
35 84
89 75
149 134
47 119
62 53
29 123
173 3
54 51
119 53
151 166
93 85
43 40
178 56
38 125
152 35
100 164
4 86
73 16
40 75
87 153
169 94
29 171
153 16
48 111
112 68
28 9
17 14
176 148
155 146
56 28
57 124
159 178
56 77
52 73
114 118
166 62
10 166
50 46
48 1
85 76
63 160
18 167
144 103
61 71
106 95
76 85
37 143
103 18
92 45
91 124
29 3
8 91
140 108
1 112
133 17
61 113
109 30
102 66
18 117
45 90
116 166
132 162
1 45
172 89
98 33
142 74
162 64
154 79
154 57
75 80
35 28
61 105
142 32
168 45
61 108
73 94
94 51
46 84
100 61
17 16
133 129
171 145
102 164
37 43
121 146
34 17
162 179
14 120
124 167
129 44
36 117
51 28
156 112
36 96
177 2
90 130
166 118
10 139
131 135
58 128
156 3
59 168
133 96
99 40
16 177
178 27
16 60
14 143
174 114
42 54
60 20
141 116
7 56
75 164
59 10
167 15
7 172
119 59
67 144
21 70
109 178
105 104
177 156
117 133
159 40
116 121
121 115
85 13
173 151
97 135
137 160
99 104
143 109
95 94
171 7
53 145
124 66
25 27
165 55
94 68
72 71
85 78
116 146
138 126
60 84
172 129
76 108
177 54
114 65
57 26
81 156
74 73
121 48
87 154
59 174
158 97
165 47
106 126
91 124
112 4
42 51
45 138
85 64
9 98
134 25
177 95
139 85
177 150
180 4
174 170
20 47
177 124
62 46
85 106
28 102
118 160
39 132
95 70
55 2
178 71
178 14
79 145
45 96
29 96
93 51
57 158
173 142
125 73
45 61
21 39
139 85
124 8
176 125
131 90
50 34
103 89
180 125
13 148
75 71
129 111
17 157
21 137
26 116
5 80
84 79
45 67
29 133
84 128
83 72
33 118
15 112
9 10
130 60
134 5
84 120
138 36
78 45
56 91
42 109
59 154
167 161
70 16
26 20
9 68
135 119
110 50
165 141
105 16
71 40
4 141
173 161
144 108
163 61
119 18
27 168
174 176
42 18
158 169
149 154
137 178
55 135
130 95
122 87
36 164
146 134
180 153
134 164
168 123
157 91
49 38
96 98
69 126
152 133
39 27
99 23
128 150
115 166
155 24
23 161
109 26
103 92
164 110
106 70
99 86
66 177
164 132
84 180
112 89
154 2
142 63
55 102
174 159
3 97
31 93
153 154
173 124
129 130
4 6
115 69
127 136
172 120
116 111
88 11
172 179
23 12
143 100
31 93
106 5
21 90
175 146
153 84
114 15
24 120
11 40
163 30
134 92
174 86
52 94
30 66
94 168
166 48
131 73
49 128
102 142
119 161
88 139
146 169
66 22
12 165
145 123
173 80
138 80
47 168
128 97
83 17
6 87
34 52
34 16
23 116
36 80
52 16
87 32
16 161
166 66
128 132
72 121
133 96
92 3
9 143
19 112
145 51
178 177
2 116
62 125
89 118
73 22
72 68
41 77
61 142
64 17
150 17
177 82
36 16
88 38
128 156
28 37
176 52
102 37
36 106
3 45
55 55
97 54
155 78
123 159
55 78
13 39
36 98
5 42
5 44
18 173
142 39
25 61
117 82
64 61
89 179
109 90
27 67
131 153
119 119
128 175
177 65
155 143
102 37
36 107
180 103
41 4
162 56
177 47
157 170
60 49
162 113
53 108
77 148
45 86
49 5
31 158
5 139
21 95
172 49
153 121
136 86
169 106
97 39
146 86
54 5
132 7
71 9
148 32
142 160
84 97
53 43
159 46
162 20
99 170
8 120
11 51
172 106
171 33
46 179
23 114
165 102
87 72
101 10
176 148
94 78
103 85
98 162
111 53
86 12
112 51
24 164
85 12
48 23
76 22
1 92
58 31
160 111
129 163
172 64
21 18
43 36
74 159
120 172
152 153
12 95
148 120
54 165
9 13
47 153
38 53
63 49
64 34
30 96
174 113
136 58
125 119
44 154
69 119
51 34
152 54
82 98
19 1
156 128
113 110
31 85
86 87
69 39
50 2
55 66
151 73
95 105
62 44
71 79
122 102
99 104
148 63
64 24
146 110
171 3
154 145
149 87
90 81
175 53
155 7
35 46
115 178
17 120
76 142
166 135
11 77
128 151
29 167
147 81
117 73
48 128
7 10
101 43
10 26
151 126
171 92
123 157
49 20
93 28
72 15
142 144
42 3
113 69
103 80
176 72
179 47
64 116
13 158
127 51
70 46
111 42
82 68
139 90
28 91
61 59
89 130
66 97
74 59
97 128
46 145
55 132
60 127
122 68
143 123
180 23
130 127
136 159
131 65
116 147
126 15
147 141
16 136
59 128
159 64
101 124
44 15
95 23
85 23
91 111
108 99
145 76
127 144
105 52
92 31
140 86
70 144
136 68
106 145
162 26
107 39
103 176
31 153
176 112
144 79
10 158
81 70
67 4
76 154
10 8
113 58
134 120
18 63
85 83
75 61
41 45
74 111
39 135
170 99
43 40
128 8
48 130
22 33
137 25
35 6
172 99
158 139
47 24
17 177
161 81
143 35
105 109
24 89
147 74
172 45
65 67
29 19
113 101
140 71
178 67
158 49
104 3
154 1
176 54
97 148
24 172
94 152
175 100
40 12
154 112
60 21
162 28
58 124
172 178
25 148
27 77
148 105
174 71
51 112
72 79
7 111
162 149
90 57
177 30
146 162
139 169
157 147
171 90
82 144
27 121
14 78
143 44
76 83
94 154
102 112
86 21
122 178
49 32
156 9
86 13
161 97
62 74
55 163
147 28
99 150
90 113
153 41
132 24
52 138
65 49
46 78
29 37
29 79
115 29
43 35
168 104
80 127
141 146
11 24
109 20
118 147
15 161
18 89
110 91
180 30
76 22
90 31
98 18
87 51
88 122
23 124
178 90
44 2
120 70
91 49
100 77
144 4
180 40
68 137
7 86
26 9
116 1
11 79
126 38
60 40
104 21
49 123
176 180
147 111
83 76
66 138
34 133
87 139
97 46
138 53
5 64
33 85
84 32
8 35
159 14
138 155
98 130
26 94
63 135
33 109
174 93
93 138
31 114
57 145
145 92
180 61
104 67
18 83
82 72
86 98
89 85
29 58
131 178
37 106
84 63
132 137
89 166
98 56
29 86
164 66
135 75
59 62
31 115
165 59
132 155
124 15
45 91
46 88
76 125
103 3
16 145
170 138
49 161
12 13
166 55
64 147
110 34
114 168
46 152
8 51
103 41
80 72
19 43
109 48
136 70
37 91
47 135
87 77
65 117
39 18
124 152
121 60
23 115
99 42
125 22
149 109
153 3
172 167
70 156
141 108
67 97
180 105
67 166
82 17
163 57
177 43
56 125
9 151
144 123
89 151
180 166
3 156
168 156
158 72
57 169
3 129
111 77
51 21
30 59
98 94
139 62
6 75
105 149
89 64
26 137
39 130
48 90
46 128
123 82
2 180
45 70
165 39
74 15
167 3
69 64
61 147
25 150
153 113
168 130
168 114
138 26
141 41
102 127
68 23
25 151
168 42
33 145
56 53
54 151
76 64
3 162
71 24
55 30
18 27
41 146
147 35
139 91
140 37
106 122
145 90
28 149
35 83
86 172
73 9
101 151
48 86
166 21
133 64
136 132
24 177
159 166
39 105
59 53
18 166
95 111
77 157
45 102
41 53
26 77
29 12
132 129
143 143
6 36
5 59
84 110
40 126
138 131
134 175
159 149
165 103
161 51
17 20
149 19
65 120
46 136
87 57
119 29
38 121
140 104
119 33
14 130
178 78
167 103
155 27
142 54
34 5
120 53
5 59
16 134
150 39
60 97
47 24
144 145
170 148
174 25
79 130
52 93
80 2
25 137
127 23
125 7
118 134
64 100
30 166
15 88
103 125
20 46
60 47
27 67
159 119
38 11
91 34
74 101
71 160
164 97
110 142
155 51
164 61
104 117
161 106
56 31
176 71
65 77
130 160
156 127
68 35
76 90
6 19
18 154
69 16
63 64
116 83
92 35
35 90
103 57
9 39
37 120
57 38
133 116
30 14
137 93
105 34
115 90
164 67
99 42
63 83
70 149
144 119
12 22
99 104
75 106
75 129
160 85
131 167
105 162
142 58
111 41
142 56
70 89
178 106
135 78
51 28
66 176
87 117
55 156
118 123
82 25
19 150
168 49
100 110
174 85
69 94
1 84
51 100
100 128
124 172
53 123
157 61
32 164
50 59
4 66
112 98
6 4
138 17
172 49
14 163
167 136
162 144
84 144
127 13
165 26
133 140
4 71
6 74
105 42
28 71
64 178
96 98
110 70
126 126
65 68
167 151
56 126
94 165
19 53
82 113
133 77
24 116
130 107
7 21
98 17
130 58
61 112
165 80
51 75
163 67
32 81
43 31
71 118
99 133
80 138
76 13
7 161
19 43
43 69
162 91
14 117
111 125
32 40
156 11
85 137
163 167
141 162
173 36
164 37
176 110
125 105
85 145
37 81
24 3
135 106
80 173
38 152
94 75
68 162
60 176
83 158
132 172
53 73
8 72
75 21
47 156
102 118
29 68
131 72
105 62
75 117
122 67
84 110
147 29
58 48
50 140
142 8
108 35
161 113
61 26
27 108
53 34
50 1
52 142
145 90
136 73
157 172
132 34
13 59
1 147
15 125
125 13
102 62
96 60
74 152
98 121
173 165
75 20
90 161
171 78
72 76
72 42
178 45
87 155
86 14
59 151
138 140
113 154
89 46
112 162
9 157
139 42
138 12
96 99
85 147
100 3
124 131
119 85
23 160
161 104
108 78
141 139
79 20
166 177
7 28
116 170
112 178
96 170
101 147
144 144
156 121
82 90
108 177
108 89
85 128
149 101
127 154
94 35
180 152
47 112
32 61
109 118
87 178
82 105
91 23
16 161
169 158
11 32
134 123
118 169
4 149
15 26
118 61
53 157
109 132
117 22
106 155
46 10
28 39
37 51
36 52
160 71
39 108
142 129
52 97
40 136
17 136
97 160
78 70
23 53
162 158
34 70
114 139
123 65
178 155
145 5
177 101
138 141
147 107
7 122
126 71
126 122
165 78
166 22
107 83
179 53
27 125
132 121
69 100
54 72
94 77
129 135
90 97
97 14
82 157
173 47
5 53
129 61
14 113
49 74
14 46
88 137
25 43
158 166
155 85
162 137
3 127
12 28
91 34
179 46
114 123
122 102
24 94
147 22
78 84
179 115
109 130
95 44
119 2
10 116
105 87
20 145
113 89
180 2
165 162
113 112
58 66
102 57
22 61
163 140
97 58
107 121
41 162
70 52
170 123
169 168
85 139
83 10
66 169
45 54
157 14
148 43
35 100
173 89
70 96
126 1
105 73
108 79
15 133
18 74
51 82
55 71
39 101
86 14
47 12
165 157
130 127
5 90
124 41
23 90
178 177
171 64
34 151
30 154
15 96
130 134
108 1
63 33
161 111
60 179
66 6
88 170
149 6
163 34
2 34
23 159
152 180
103 60
53 80
27 141
163 149
78 62
175 169
127 106
80 26
72 158
124 81
23 74
37 132
69 136
91 169
58 8
116 160
157 12
171 106
162 74
176 152
117 58
70 148
174 180
107 99
51 117
93 63
65 26
179 165
137 165
133 85
99 63
59 4
116 56
60 142
72 161
73 21
16 114
140 105
82 116
109 93
22 136
18 141
22 146
17 86
8 57
59 27
128 19
108 86
111 82
73 20
153 3
35 147
70 21
86 116
112 63
4 71
174 38
136 111
32 16
141 37
56 67
33 19
83 170
96 103
145 177
73 39
94 12
135 157
153 10
138 60
114 142
52 114
66 113
74 179
49 70
90 7
111 78
11 152
47 14
1 110
164 11
73 160
110 166
180 28
109 78
14 66
129 18
7 79
92 13
99 91
117 72
62 45
27 43
50 173
156 21
31 53
40 22
65 135
156 105
42 48
153 28
105 173
121 95
53 20
109 166
131 137
161 50
174 44
54 155
176 1
106 151
123 14
39 15
52 103
108 109
77 15
32 164
154 94
170 16
108 103
110 117
108 30
64 152
113 109
118 163
9 88
120 180
113 177
21 105
58 75
80 45
140 11
72 107
44 26
98 64
105 26
88 89
5 64
88 43
115 28
25 17
35 21
101 67
2 163
87 38
6 155
147 164
68 161
131 88
75 91
7 59
45 125
103 115
54 90
74 76
130 178
101 143
1 139
16 54
175 129
176 47
29 137
24 134
156 112
2 135
100 118
102 114
13 161
167 90
87 135
37 115
134 111
4 105
74 76
123 53
150 164
127 176
24 2
146 85
69 32
57 158
25 134
51 81
175 70
32 63
61 64
59 95
101 43
40 59
83 122
26 178
1 157
119 30
33 26
57 52
4 177
149 146
87 22
112 167
48 20
118 32
105 133
174 114
36 145
143 23
145 67
100 46
110 160
38 103
147 12
39 48
86 56
68 180
109 133
157 141
82 69
46 117
81 24
28 26
116 22
66 127
162 95
53 56
106 48
21 162
66 28
58 125
80 73
57 4
60 91
43 50
11 169
73 39
38 10
63 91
73 104
169 64
92 47
139 144
20 26
101 110
136 164
144 93
91 34
88 18
45 141
19 10
64 127
29 160
61 124
71 92
169 140
175 35
156 111
14 117
27 165
97 151
73 128
55 98
96 71
111 166
172 161
69 94
101 142
47 119
159 158
28 158
106 98
111 150
111 179
6 53
42 146
67 169
57 115
101 142
149 146
33 53
118 135
7 74
84 45
95 97
101 157
8 160
116 96
33 8
22 77
3 119
107 135
103 179
153 65
73 31
140 105
123 11
46 131
53 6
140 64
36 25
147 136
165 45
175 68
114 48
151 124
134 163
40 173
73 22
39 179
123 99
170 3
142 14
89 167
122 29
127 16
127 87
101 75
61 174
10 25
105 146
133 152
107 6
176 60
72 97
165 68
156 149
28 76
153 141
35 56
30 113
111 132
38 11
129 43
147 26
36 92
148 176
73 7
170 179
167 28
116 133
114 116
14 20
170 52
50 111
162 60
161 44
16 80
119 24
64 51
133 175
140 136
165 159
143 139
79 14
114 63
89 94
114 132
110 36
48 111
44 120
27 45
159 28
101 106
168 142
44 35
132 56
100 65
101 100
160 96
1 125
149 162
139 75
86 60
174 72
72 5
114 144
134 178
125 120
173 90
57 53
89 53
65 130
35 139
137 131
28 124
87 153
133 82
149 114
22 26
154 23
135 27
161 159
112 156
83 141
28 158
26 19
166 50
147 153
17 99
47 74
6 170
123 125
3 82
71 153
130 9
58 173
2 44
52 104
173 110
53 138
139 142
175 72
66 115
81 173
115 132
111 27
56 49
6 87
9 104
64 119
130 178
109 60
4 171
129 72
123 15
65 122
91 26
170 97
16 114
158 2
43 129
20 18
154 178
169 118
167 8
46 9
110 95
171 138
14 118
44 149
130 42
2 151
25 7
15 124
116 72
75 170
52 49
147 168
62 124
160 79
105 154
68 43
151 144
127 64
66 160
173 145
23 67
173 105
164 34
29 11
9 71
82 43
11 120
14 32
23 129
107 103
13 6
73 11
98 48
155 7
34 160
52 163
129 126
171 64
45 20
160 123
76 49
33 166
158 157
131 26
32 52
43 115
126 118
20 3
122 51
7 55
33 69
49 7
110 110
24 136
155 155
90 22
97 138
146 172
75 88
36 93
33 67
104 102
35 26
66 56
72 141
37 150
26 15
86 19
33 154
70 86
84 31
178 59
133 80
72 155
49 121
177 64
8 33
81 125
35 50
64 42
147 167
135 81
50 167
156 81
10 46
109 32
129 133
12 107
97 17
125 110
100 117
130 108
21 88
125 153
168 155
140 81
144 113
165 87
55 106
172 150
31 159
173 153
152 152
143 180
61 62
26 81
77 34
78 30
48 27
144 79
115 171
108 171
6 81
58 126
4 167
46 82
14 177
87 96
92 71
155 2
168 85
86 103
102 23
134 5
42 178
170 136
149 96
107 144
84 16
127 4
83 2
129 130
20 120
115 120
180 108
112 32
88 158
158 74
14 138
168 48
73 65
6 142
93 118
180 77
153 125
152 144
69 86
158 19
16 24
134 159
163 92
32 142
68 69
24 82
28 140
148 32
94 32
126 33
109 168
147 70
25 146
37 149
28 21
8 176
117 179
76 28
29 85
147 178
111 142
84 173
14 88
100 104
53 109
133 169
85 66
6 147
47 121
130 73
95 15
98 3
20 165
133 122
62 22
170 57
179 12
62 155
129 49
56 37
9 85
67 35
172 132
98 104
75 135
41 46
79 173
141 21
79 109
12 180
58 63
163 23
93 159
103 180
101 125
155 148
48 104
132 110
59 145
60 132
62 107
100 116
37 31
75 74
83 130
100 97
82 40
83 153
24 77
160 101
94 92
118 8
118 52
60 70
138 126
93 37
46 84
129 144
110 153
115 102
64 180
38 24
120 70
143 27
2 98
106 30
37 4
8 48
57 74
142 78
49 138
142 105
97 118
129 45
23 130
13 82
126 12
138 170
177 37
149 106
78 69
156 84
163 104
146 13
126 45
76 18
173 111
11 85
125 172
124 166
67 1
160 67
11 67
150 63
92 14
68 24
61 37
137 94
39 169
34 143
46 123
118 104
9 101
151 108
129 73
94 50
35 142
130 47
151 172
35 31
72 45
117 166
91 50
93 60
166 60
9 80
3 150
119 178
53 6
21 97
158 172
177 81
83 172
176 25
10 121
24 136
54 125
102 90
168 38
90 147
91 155
69 76
165 122
61 109
155 157
78 73
20 75
19 152
15 130
44 74
114 30
129 1
166 14
149 133
168 65
122 64
177 138
125 58
81 130
46 163
139 58
158 23
170 111
121 128
152 22
84 97
120 147
160 40
92 75
40 110
119 161
123 144
56 87
122 119
109 8
54 101
90 1
172 70
172 6
41 166
128 165
121 104
18 117
64 134
113 90
152 19
91 108
3 98
84 112
87 74
56 39
171 114
148 47
148 150
46 160
87 21
134 166
98 124
94 103
115 76
64 13
47 42
151 28
75 37
71 76
140 21
40 158
115 170
27 103
173 50
37 49
175 62
35 158
123 124
95 50
105 122
135 56
28 178
55 128
47 14
28 170
166 72
2 152
82 170
49 126
92 112
55 73
41 137
145 127
171 135
145 5
55 114
63 173
76 131
88 90
145 175
152 33
37 118
47 44
103 144
103 7
77 97
26 79
93 79
155 171
133 94
60 162
5 5
98 145
76 164
30 107
127 125
149 66
54 136
3 100
64 53
154 40
59 86
71 145
76 74
70 104
52 137
54 28
116 61
145 35
162 4
93 147
21 110
119 102
142 105
162 11
6 3
152 160
127 56
48 123
17 9
179 95
12 40
70 90
160 87
146 44
85 38
106 69
99 5
163 15
86 160
107 86
112 148
59 119
36 16
133 161
180 137
7 80
63 104
3 114
103 48
77 88
10 68
145 66
50 90
145 107
112 155
71 70
41 97
172 111
39 142
103 38
116 18
130 18
161 119
35 11
58 171
63 140
161 111
150 178
26 172
41 129
26 125
45 32
117 53
97 28
118 34
68 69
19 179
117 78
53 53
111 22
60 104
169 133
138 83
31 23
107 170
95 128
169 122
101 98
130 70
62 174
152 139
159 45
135 48
86 150
53 14
22 90
53 138
168 20
93 52
78 20
157 80
74 40
44 111
71 22
146 135
131 11
180 158
44 156
50 60
30 170
51 31
55 101
144 145
179 8
171 150
156 91
38 74
101 127
49 125
77 175
59 61
38 178
3 179
91 77
158 10
58 122
11 41
52 154
143 125
27 126
41 24
87 1
127 37
55 70
172 89
65 51
51 76
174 142
7 158
45 129
156 152
18 127
82 92
112 115
104 177
42 38
67 51
158 20
85 73
16 51
66 36
125 114
97 156
114 93
113 105
132 178
94 45
55 95
17 27
78 28
173 64
172 38
102 2
48 90
150 177
163 114
167 21
31 131
52 152
171 61
31 177
38 122
19 177
140 26
117 80
78 71
12 98
23 63
143 124
93 168
86 40
32 138
20 66
57 151
84 48
104 155
122 36
47 155
90 53
20 79
46 174
56 71
13 32
85 55
133 11
107 91
121 149
163 105
83 1
37 65
95 154
37 112
120 105
130 157
56 127
106 104
103 170
109 166
47 80
123 13
43 65
52 58
39 16
21 150
52 134
117 89
80 97
165 5
78 27
91 107
160 29
85 81
52 172
44 103
41 29
80 85
28 41
69 23
155 9
36 130
170 11
152 86
8 142
2 35
69 91
110 103
7 134
89 167
134 27
47 98
77 110
37 53
77 90
163 131
108 74
170 14
114 53
49 35
171 76
48 121
120 72
129 138
2 60
68 21
66 43
100 21
50 21
19 103
159 70
42 86
158 19
135 106
155 14
19 99
8 23
72 27
100 169
163 128
19 137
3 53
177 141
127 122
24 75
144 165
65 177
92 91
10 142
127 78
57 106
142 83
13 83
6 98
41 58
80 32
143 73
2 18
95 41
73 86
121 107
93 19
177 17
45 177
71 145
104 9
74 16
70 139
56 130
152 135
93 107
123 133
177 157
26 81
20 45
2 170
108 68
177 4
172 133
47 86
5 50
111 79
83 127
47 44
180 37
85 83
37 136
77 104
12 163
128 80
89 12
100 176
43 84
55 176
1 93
36 143
38 103
119 65
74 74
107 121
57 8
169 167
71 112
108 153
125 126
156 3
132 166
79 34
98 81
6 176
91 154
62 38
25 84
5 100
7 135
53 59
82 67
147 20
128 155
121 137
159 153
108 31
130 22
34 46
159 149
119 10
60 9
147 52
148 79
161 168
179 99
92 84
53 167
74 45
46 52
62 119
161 56
57 81
83 151
9 68
31 142
119 173
120 22
85 159
94 98
40 19
99 99
55 162
88 137
18 144
21 140
71 178
62 56
169 36
19 53
50 108
84 172
53 107
19 52
94 147
118 68
44 5
50 180
135 94
126 11
65 79
77 140
169 176
106 30
36 115
73 33
160 130
161 3
90 132
86 14
70 107
141 25
7 176
69 37
114 175
2 145
48 128
179 95
110 135
35 35
105 142
51 39
126 103
177 179
23 47
77 2
31 113
45 31
137 135
113 78
57 153
156 80
141 164
97 149
8 49
107 62
35 172
71 159
52 65
159 79
16 90
31 36
157 130
131 128
25 129
77 36
118 54
81 49
159 119
84 27
68 26
52 38
139 131
155 82
129 127
78 20
24 61
102 106
20 129
89 46
159 173
91 16
75 108
165 104
28 108
117 98
170 83
75 115
162 104
24 165
7 19
154 71
165 123
94 75
133 8
24 117
174 71
36 156
98 51
119 168
135 13
168 42
7 166
3 69
23 162
27 118
89 75
128 5
130 106
155 18
85 47
171 66
5 108
148 36
84 3
2 120
99 59
164 20
56 62
41 116
60 97
162 89
111 59
129 68
56 99
135 117
148 166
178 160
129 62
132 52
72 78
129 81
166 141
113 57
67 58
61 42
153 142
123 43
45 140
14 16
152 160
19 151
144 137
125 13
99 147
47 46
179 154
179 52
142 114
39 59
153 141
45 67
180 81
53 97
102 164
113 163
93 42
56 16
81 25
86 153
62 116
44 49
40 21
98 109
160 14
46 64
18 53
4 175
70 1
169 80
106 14
56 109
54 63
179 128
88 34
176 165
36 145
24 98
141 158
147 38
180 143
149 63
15 96
177 45
145 73
162 99
151 20
136 48
63 71
145 6
164 34
68 74
70 130
21 15
67 99
118 17
125 42
16 131
44 79
32 128
154 121
49 118
109 52
124 168
67 126
76 11
121 6
122 162
142 112
31 68
162 10
161 10
55 88
159 163
156 74
112 120
84 35
157 20
29 120
66 160
137 136
13 103
143 109
77 104
56 119
37 18
8 149
71 115
12 69
148 145
80 63
53 92
55 40
1 113
48 33
53 40
100 16
125 46
51 21
103 54
79 113
54 170
126 128
162 27
115 99
111 55
176 82
73 180
148 100
130 51
114 97
168 29
98 164
21 171
150 87
80 104
123 65
169 94
53 88
163 46
36 21
69 119
28 12
157 10
20 122
147 164
49 61
18 40
29 141
104 157
153 78
59 171
99 125
62 1
171 106
137 167
96 17
116 163
36 87
44 90
148 179
86 25
1 83
11 175
170 142
127 142
163 24
80 31
20 176
80 30
26 76
126 122
14 175
114 135
49 68
120 130
134 66
94 79
51 3
91 175
140 108
113 176
83 48
98 163
53 1
118 82
154 166
30 76
17 173
164 81
160 73
57 169
175 46
169 11
71 112
31 27
141 99
117 159
45 48
32 178
88 133
58 59
168 123
131 179
136 48
148 41
154 137
142 130
153 90
98 115
51 84
38 4
52 109
40 11
163 127
52 40
168 131
77 17
127 6
70 42
160 8
50 72
21 120
142 35
27 117
176 127
141 24
59 22
71 151
180 13
151 157
84 3
177 15
176 39
148 60
71 120
159 87
125 138
155 40
132 18
165 34
104 12
165 118
96 95
37 66
109 80
96 96
156 100
169 106
33 68
39 5
59 27
152 118
34 111
139 5
25 177
131 106
76 79
38 96
22 98
113 18
99 73
125 149
22 2
36 74
76 98
1 80
64 20
79 170
98 167
55 173
6 10
154 140
94 80
32 122
136 7
140 103
147 88
106 1
158 149
137 53
45 179
35 39
58 105
176 46
88 118
138 163
42 161
145 28
139 81
134 90
23 137
141 142
5 164
118 86
78 45
58 93
82 134
24 48
72 72
41 102
79 120
138 71
110 10
32 12
49 53
42 27
88 35
129 41
21 152
23 161
27 15
143 115
175 46
119 76
53 82
147 126
21 20
72 131
124 54
141 88
171 161
61 24
107 66
161 48
124 139
7 66
31 34
35 21
9 33
158 127
155 19
65 56
143 116
115 163
154 132
85 11
101 101
165 83
140 156
140 65
100 102
113 15
26 46
45 142
131 137
163 116
113 15
142 14
62 139
30 70
36 144
38 157
90 112
20 127
140 177
32 11
28 180
99 2
135 128
48 39
156 68
34 147
53 1
38 148
13 63
135 1
167 50
5 162
28 35
105 44
132 116
44 121
93 59
47 134
84 79
9 82
154 72
103 118
170 35
160 77
88 55
60 58
91 38
96 101
34 123
146 129
26 9
57 25
146 58
171 3
168 129
5 101
24 143
180 74
163 109
18 124
55 107
131 100
174 59
37 24
73 164
160 142
71 80
157 28
38 108
47 90
71 126
22 76
10 97
65 153
178 59
71 98
6 57
82 88
128 150
91 77
60 156
64 124
113 90
11 39
47 128
24 132
128 52
12 3
107 34
85 67
141 56
84 151
31 19
62 18
43 9
2 59
44 56
39 177
148 137
83 168
129 124
67 28
121 32
122 146
161 18
52 125
115 127
69 84
178 55
118 2
177 63
131 87
42 45
152 106
116 88
90 179
129 177
171 9
67 171
47 12
136 157
94 122
154 51
21 118
113 61
163 15
34 12
112 58
84 167
62 142
166 101
114 68
69 7
100 54
23 41
163 140
159 44
180 14
176 68
102 146
120 85
169 30
40 137
36 137
133 8
137 154
154 113
30 31
74 27
27 136
94 116
34 101
67 162
92 151
157 66
50 164
36 175
66 7
24 11
176 167
89 87
115 85
146 115
90 62
53 97
67 117
34 63
23 146
123 151
111 134
170 73
180 60
15 35
48 154
179 160
115 142
58 15
80 172
27 175
154 48
98 68
105 57
166 66
142 123
137 60
81 175
136 86
124 41
49 82
78 147
110 11
151 90
141 137
119 166
130 131
150 63
150 23
117 31
13 167
145 123
118 51
112 96
9 15
145 94
17 129
173 14
138 141
125 57
9 7
159 117
52 133
33 63
70 109
100 5
10 88
147 12
127 40
128 90
99 172
113 177
60 1
63 140
161 48
58 3
53 124
147 56
32 81
133 68
25 88
61 12
51 41
121 106
122 12
22 41
112 131
55 121
82 115
95 48
175 42
59 162
105 48
10 15
41 66
157 152
92 174
107 179
18 80
119 50
140 19
149 59
36 39
117 32
22 180
82 137
176 111
52 57
11 162
118 111
76 148
123 172
151 147
75 42
178 66
57 2
116 82
137 118
16 124
104 119
19 76
115 62
106 81
107 6
24 11
73 79
58 5
27 149
130 41
65 97
102 169
113 58
59 54
65 179
150 141
63 177
175 8
140 144
63 77
78 86
144 162
178 158
59 116
73 40
60 41
176 97
37 107
39 62
31 55
148 70
167 10
155 6
131 141
4 114
79 71
6 39
123 51
38 123
136 36
121 176
105 81
118 82
126 29
122 102
11 156
115 54
94 130
129 165
83 139
5 25
30 133
38 76
10 111
18 124
140 33
137 76
156 77
152 21
25 52
178 128
159 104
104 169
44 127
88 2
153 87
52 21
109 93
75 157
126 36
11 61
75 173
147 154
122 142
20 33
98 6
178 80
152 29
124 152
120 137
69 14
28 78
156 140
66 98
178 74
113 179
46 75
115 167
29 46
34 18
94 115
165 16
114 49
35 98
166 115
163 159
87 80
144 69
70 49
141 168
10 68
11 102
108 62
133 28
146 70
71 153
42 146
95 107
98 146
44 109
116 32
107 105
98 22
6 115
72 10
88 24
116 6
51 167
18 42
46 19
67 17
9 47
11 114
109 102
34 106
106 15
2 91
37 153
8 165
80 96
163 158
63 71
160 179
172 66
168 151
137 131
174 16
160 142
107 145
178 76
56 4
29 90
94 120
159 31
152 118
27 116
117 28
120 80
109 34
57 95
28 43
145 96
98 143
37 93
103 158
9 110
105 131
94 13
4 51
122 57
53 153
95 143
96 105
22 34
170 122
111 93
27 122
174 113
80 6
80 127
30 32
94 162
36 179
71 10
96 51
117 74
111 150
32 115
126 88
108 31
149 8
108 87
121 46
55 104
30 71
170 132
3 152
7 132
144 85
150 92
28 85
175 121
125 114
55 121
37 52
56 120
3 129
98 149
136 150
176 158
81 22
71 6
112 150
118 153
8 54
126 53
174 98
163 136
16 38
33 122
132 93
1 116
143 3
102 91
1 161
96 51
126 113
161 109
154 170
17 126
10 168
163 164
120 15
147 113
69 96
11 119
75 100
8 103
29 173
133 114
16 114
170 105
8 40
35 17
22 15
5 8
97 150
130 105
57 4
23 9
50 79
116 146
164 147
136 48
86 163
63 68
35 111
132 114
176 129
63 12
37 19
19 112
129 87
39 8
12 169
94 127
126 171
108 70
147 54
36 43
151 43
81 140
127 176
135 128
82 61
58 50
146 61
70 117
158 105
102 168
5 153
110 171
122 136
81 6
33 159
82 147
95 139
110 133
88 127
77 129
97 104
18 35
20 35
63 29
73 138
148 101
70 59
42 69
55 157
173 78
22 62
175 14
34 175
118 99
151 133
59 30
77 99
50 2
120 129
95 135
108 15
125 43
10 65
18 159
90 98
78 150
157 77
64 9
106 69
34 1
62 151
126 133
174 71
77 25
18 106
80 47
129 130
95 43
177 65
94 43
151 140
94 15
28 48
168 159
141 153
138 156
5 32
138 176
89 17
160 124
150 120
146 140
3 16
157 154
98 29
90 9
2 119
167 35
173 22
24 157
109 89
142 122
14 91
169 129
88 41
62 25
39 111
8 37
41 164
75 180
47 156
61 12
164 49
113 144
69 57
56 34
71 95
101 20
19 23
49 82
107 61
23 125
142 99
97 136
101 20
1 153
113 66
171 25
99 113
36 132
138 145
140 60
92 5
123 155
100 49
171 12
161 180
84 121
53 127
164 161
65 43
19 22
83 42
52 141
100 42
172 122
67 17
17 41
60 77
175 84
79 148
24 10
88 19
51 5
3 110
33 31
160 92
2 108
14 86
150 18
145 8
86 170
9 59
137 58
116 37
1 87
2 56
70 76
151 134
96 122
66 76
161 13
71 142
133 108
99 130
12 158
128 64
85 108
107 156
96 25
96 51
163 40
146 78
13 166
100 99
135 5
167 109
68 142
88 99
48 148
33 81
102 110
156 36
12 18
18 9
125 84
99 179
140 151
128 152
17 8
103 54
4 117
177 148
28 117
170 170
78 68
58 115
11 123
156 166
95 72
162 7
102 38
103 70
173 154
4 110
2 179
44 36
23 125
86 147
52 99
27 166
43 115
104 13
87 177
11 149
125 75
148 168
41 171
146 61
102 46
67 42
132 124
143 81
74 9
38 92
15 64
179 23
157 28
124 65
160 118
84 23
111 130
72 118
117 65
90 83
134 63
167 161
131 133
52 27
136 170
100 109
86 57
120 155
6 3
144 132
150 163
121 79
58 132
158 58
175 48
33 128
178 29
151 112
49 54
72 118
6 173
73 31
78 15
167 39
16 99
74 173
4 110
103 137
75 107
79 168
72 165
104 24
48 155
156 151
180 153
170 29
15 80
143 166
111 162
111 89
169 54
168 38
171 136
31 179
21 80
148 33
150 137
167 102
38 154
38 138
52 135
63 126
45 97
110 31
170 95
125 156
69 116
27 114
133 154
51 119
97 143
169 64
9 87
73 97
18 64
55 69
59 122
113 167
123 72
84 172
158 69
54 169
171 42
3 42
32 155
34 175
44 28
14 158
173 44
43 90
150 24
56 57
109 134
98 78
57 160
73 33
40 162
114 26
53 118
98 144
41 53
102 179
42 172
98 126
180 140
55 129
3 36
2 30
72 174
77 86
119 116
177 126
173 102
92 84
39 39
162 168
124 49
168 146
36 89
90 145
124 179
56 2
142 39
71 148
100 123
120 13
45 93
72 117
69 28
90 140
175 22
145 121
99 158
8 100
9 28
93 163
52 47
20 14
86 16
36 176
106 100
29 129
137 98
153 118
133 29
45 120
93 179
3 61
86 7
170 100
105 142
5 60
114 55
156 34
145 160
93 162
14 114
37 75
178 16
169 171
21 142
179 163
161 97
33 13
164 147
177 34
161 140
162 120
158 148
38 24
121 6
78 122
150 35
5 11
5 18
37 41
152 71
101 129
68 72
78 164
32 51
98 152
165 105
32 43
77 144
54 71
122 36
56 141
55 85
64 75
40 2
148 22
62 132
22 23
177 105
118 15
23 10
88 137
147 165
180 146
129 10
80 150
175 166
11 88
34 24
88 36
148 102
87 52
94 137
115 4
44 91
174 77
5 149
83 111
68 108
25 158
102 119
134 145
90 91
99 6
116 28
171 28
80 25
23 167
20 100
36 107
85 161
5 11
61 179
26 162
109 133
27 58
4 27
44 53
153 130
129 177
153 61
12 93
30 51
91 112
51 80
173 94
58 37
53 179
37 16
171 153
26 106
39 123
153 114
75 132
41 113
28 145
86 129
10 34
14 71
161 83
173 3
80 108
116 178
118 26
128 67
47 61
106 84
97 163
99 122
47 161
163 87
125 67
178 48
158 11
29 81
149 155
175 40
84 98
11 167
102 113
161 139
22 35
132 33
81 22
179 112
121 145
52 49
45 73
157 43
65 33
88 145
13 76
113 17
139 116
126 178
75 50
110 160
47 118
111 157
116 133
20 148
36 82
80 123
107 101
146 87
169 144
180 121
45 87
147 6
27 14
161 149
112 104
88 135
50 150
70 175
26 163
162 46
158 22
3 34
114 50
174 168
113 62
33 70
76 94
157 2
142 44
131 95
147 46
150 59
31 104
86 102
153 176
92 52
102 27
46 158
97 178
55 81
21 16
151 56
51 116
107 159
14 79
118 18
133 38
46 17
162 85
107 138
78 161
172 158
51 156
115 49
32 21
121 96
38 99
104 151
80 81
109 59
55 154
23 4
92 164
176 180
6 98
40 32
170 147
24 92
148 17
149 101
173 21
11 19
129 111
21 20
70 80
158 59
172 178
165 56
23 79
55 62
39 21
73 168
136 165
74 150
65 1
68 19
41 103
54 64
28 71
82 119
4 144
176 144
159 152
153 6
56 147
38 162
3 138
18 133
78 21
96 11
97 25
51 159
16 61
138 107
91 66
81 4
48 76
24 69
47 29
41 175
170 63
28 54
64 95
114 143
120 164
135 69
62 24
13 140
122 114
3 102
161 67
56 163
180 19
69 84
160 100
76 12
66 116
116 11
109 37
151 158
74 131
160 40
160 54
86 12
50 44
63 20
171 108
36 106
171 4
141 160
132 103
67 155
47 90
104 26
78 176
157 44
23 177
2 48
176 172
67 147
27 40
9 5
2 76
126 164
142 168
63 63
126 41
121 28
44 147
124 81
25 12
137 74
83 131
81 150
173 151
73 27
13 68
99 59
72 65
125 161
54 3
95 46
140 164
79 87
51 145
37 17
140 24
17 74
71 28
150 71
17 55
41 53
161 58
165 2
96 143
174 167
125 49
31 13
80 116
154 102
173 64
32 167
35 133
90 39
164 64
75 21
39 69
161 39
102 153
145 109
10 79
85 45
143 164
120 77
86 88
42 162
153 128
149 123
30 148
138 57
170 97
170 7
83 142
113 165
72 72
70 45
116 180
96 124
77 139
12 23
138 139
135 83
108 157
135 140
38 113
81 87
116 175
80 140
85 54
23 112
69 48
111 2
122 81
164 120
96 152
139 23
8 170
79 138
128 170
121 97
42 61
129 16
75 29
124 19
60 89
23 9
22 176
127 60
110 152
94 16
141 100
156 178
11 145
149 116
149 89
15 96
96 73
19 50
66 61
132 47
79 133
63 54
82 105
109 172
20 2
16 174
111 39
162 1
166 120
41 102
153 81
96 106
85 88
35 155
114 41
176 74
123 50
142 7
133 58
144 52
145 150
3 140
8 169
1 100
30 133
25 36
66 174
151 128
176 177
126 169
111 114
167 72
78 82
50 28
143 154
103 53
163 25
138 146
165 118
12 51
143 80
50 119
78 165
95 130
86 173
9 43
102 66
49 115
33 46
130 64
122 140
109 28
18 170
117 111
109 6
163 142
116 155
78 176
57 51
76 24
107 86
81 29
14 95
153 39
37 46
44 86
15 171
14 72
22 105
92 110
156 172
77 113
45 5
115 127
135 107
83 140
103 1
174 155
152 106
89 147
25 107
117 52
96 99
103 91
62 114
153 172
160 27
98 20
119 96
24 14
96 13
162 140
158 71
59 41
178 58
112 23
98 138
120 64
63 8
118 115
87 24
95 46
177 160
49 160
119 56
140 37
45 2
139 175
59 4
131 138
125 92
70 135
99 54
14 151
12 82
155 74
55 32
157 119
142 80
89 28
173 61
10 99
152 1
150 2
43 20
84 74
145 43
1 27
143 16
77 139
147 44
54 118
60 67
118 102
115 85
2 160
6 62
23 165
150 62
31 84
64 67
19 12
104 70
30 8
178 38
166 107
153 77
18 148
22 61
59 84
98 144
91 69
9 20
97 13
10 148
32 57
172 121
102 99
138 108
7 11
129 145
27 159
92 106
19 72
62 89
5 95
52 21
173 162
88 143
36 62
179 155
112 85
25 143
154 88
30 106
8 42
115 68
178 2
55 80
4 5
144 138
22 40
32 81
133 68
6 117
67 105
7 57
157 129
41 113
130 103
174 25
170 118
65 151
125 143
20 47
49 151
87 144
160 90
10 85
116 21
180 133
23 43
25 60
1 78
48 30
135 168
130 37
63 130
76 8
109 15
117 48
91 149
127 30
24 13
24 70
134 75
176 162
130 68
179 172
120 166
93 81
48 127
19 55
36 59
142 94
15 27
71 19
82 166
96 53
169 22
81 22
91 102
10 28
85 85
63 60
10 167
57 110
87 136
84 147
130 64
74 145
23 150
99 135
146 108
8 47
111 94
21 30
13 1
167 39
121 155
55 102
30 134
109 61
23 177
114 91
48 77
67 92
11 138
7 108
100 152
81 108
97 67
79 3
68 37
149 112
140 128
131 153
87 98
22 163
120 122
75 42
37 69
56 159
173 114
154 76
43 97
117 8
82 95
44 17
43 27
167 123
47 28
96 46
171 84
172 69
177 55
180 117
103 135
64 173
152 176
131 165
161 67
151 7
92 155
47 93
144 18
106 55
90 161
122 15
130 37
73 53
89 44
16 165
9 167
178 119
178 32
116 88
52 59
68 76
174 124
138 26
67 135
86 7
12 127
140 147
48 130
114 108
90 159
14 88
72 164
49 43
118 85
146 99
67 171
13 126
77 180
62 119
170 158
169 112
132 128
101 99
93 23
109 26
166 154
73 6
82 173
128 89
120 115
1 4
108 36
165 108
18 52
16 121
119 112
164 111
70 12
144 123
32 28
6 41
61 126
174 19
115 10
102 123
79 109
116 62
161 92
166 32
134 25
158 22
106 142
124 18
109 4
98 130
161 41
4 150
14 62
175 35
176 164
41 61
174 65
171 6
172 8
65 83
148 52
17 72
106 3
95 61
32 8
127 3
107 4
90 3
111 63
115 44
151 150
77 157
85 26
80 130
26 31
24 20
75 8
170 146
78 173
5 102
143 2
16 118
9 151
136 157
131 170
159 51
145 21
96 132
174 165
83 140
30 107
173 128
127 143
14 77
44 82
65 61
130 83
116 91
147 123
66 36
102 114
109 5
46 43
5 61
125 122
139 124
97 77
105 144
63 66
30 31
138 63
42 143
160 146
165 129
80 44
116 87
126 80
162 132
14 12
112 168
6 87
131 180
83 89
17 152
109 124
64 26
149 32
147 129
92 92
6 96
48 37
167 4
170 133
127 90
8 16
13 41
77 96
55 96
162 3
87 157
168 22
162 39
89 144
125 122
116 125
78 113
128 143
29 122
157 30
176 74
54 91
78 10
129 81
145 38
125 104
96 122
95 143
164 90
160 1
128 169
99 73
56 141
155 83
104 52
159 4
19 55
138 159
101 118
45 38
52 145
149 116
168 49
40 155
94 164
163 171
67 104
57 122
75 58
95 143
55 35
9 140
144 76
9 133
157 36
95 16
9 95
75 133
101 112
180 20
86 130
172 161
122 149
148 128
74 48
55 82
74 131
92 74
5 78
8 98
39 28
21 77
11 157
138 87
162 175
23 169
4 173
29 174
164 60
23 46
154 41
117 43
16 156
43 142
155 18
140 87
44 65
35 59
63 111
60 5
173 11
138 49
4 19
63 15
68 99
58 125
165 73
58 24
121 170
30 169
25 89
19 172
144 161
152 15
49 21
40 144
168 20
51 65
81 39
30 47
131 104
107 11
141 103
169 165
172 53
19 35
117 73
49 16
126 73
145 81
173 12
1 129
127 166
62 41
10 45
170 56
105 138
19 134
144 6
72 2
171 144
48 35
112 161
92 171
67 164
21 78
126 167
175 39
30 106
81 104
151 108
153 48
115 160
103 68
1 73
32 129
62 42
47 104
99 17
92 35
102 134
87 122
41 118
9 128
119 180
12 1
94 120
73 116
100 87
173 9
177 175
65 83
85 134
35 151
83 176
54 40
129 31
172 58
68 105
121 67
42 164
102 157
76 154
26 12
153 37
25 102
45 27
88 6
124 108
49 33
103 134
129 87
149 36
163 7
143 122
137 52
119 95
65 82
111 88
11 152
171 169
105 87
12 178
121 153
6 8
137 40
44 79
11 63
6 130
131 100
168 32
14 117
4 143
85 151
117 22
73 160
153 176
39 84
112 77
167 100
96 14
113 171
124 15
110 118
69 32
169 125
145 33
120 153
86 21
172 149
109 49
93 35
128 121
146 110
57 1
68 23
108 93
156 114
34 86
101 11
148 180
139 154
49 158
131 166
27 159
14 109
8 148
140 40
151 145
174 172
178 121
90 145
108 80
5 131
49 52
120 56
27 37
40 177
145 129
141 26
15 144
76 65
12 101
159 134
165 17
42 37
147 102
179 53
115 171
40 57
96 69
60 74
36 173
82 174
159 25
73 71
132 166
84 139
16 6
132 78
119 33
153 11
150 66
65 118
20 48
144 163
166 94
63 38
170 138
78 58
170 85
55 49
124 21
155 120
48 72
118 99
111 124
122 69
55 111
25 91
84 158
121 89
160 99
115 110
76 12
173 144
67 8
118 91
11 9
116 9
13 73
48 97
35 75
104 104
83 29
30 58
72 70
168 80
177 5
118 61
47 90
156 146
53 122
53 154
154 17
152 87
168 159
142 94
93 54
33 32
39 15
48 97
9 123
128 113
140 166
179 107
83 176
165 88
21 93
92 180
79 125
174 40
107 99
76 137
174 29
82 176
11 131
151 93
114 95
128 81
128 96
173 151
142 34
7 145
148 54
22 104
30 83
114 162
116 92
104 162
147 19
161 139
69 29
9 113
22 14
56 80
14 45
149 13
172 140
167 78
7 82
165 128
54 165
83 48
20 10
155 113
74 152
158 174
128 180
140 88
132 3
47 31
66 26
167 127
42 88
94 135
74 35
6 2
32 101
65 177
9 34
121 166
16 145
147 94
174 155
176 173
129 41
159 114
57 123
86 67
47 153
20 68
19 103
64 19
113 4
31 133
15 61
165 60
110 89
50 117
64 169
31 59
71 126
66 59
79 108
82 160
170 145
64 146
27 178
23 77
86 48
113 145
9 114
142 36
15 122
134 167
56 44
147 66
120 73
51 147
49 143
13 42
4 170
157 58
63 8
102 133
83 171
117 149
112 65
24 172
92 139
176 171
88 175
153 6
128 99
49 17
56 116
112 91
37 38
78 61
4 124
89 28
133 104
74 16
117 23
172 118
89 30
112 107
2 107
133 56
171 59
112 103
73 62
78 28
131 162
112 53
82 83
5 122
107 177
174 89
58 171
141 31
85 68
99 89
126 55
35 93
164 112
40 147
30 111
118 52
163 7
79 26
158 26
11 62
127 73
89 111
167 179
92 75
146 83
142 169
176 35
79 162
26 17
28 176
141 26
119 88
169 152
175 92
129 9
38 116
96 29
27 28
28 47
160 87
76 6
93 163
52 83
112 4
87 34
174 114
144 108
38 154
118 28
27 166
163 159
22 164
16 77
101 64
135 174
102 171
162 33
56 134
37 23
145 135
127 120
63 14
32 90
90 99
2 46
11 36
55 141
88 78
127 98
141 71
156 58
66 135
161 142
176 15
116 109
17 115
48 104
117 142
18 121
25 107
4 80
110 126
79 35
44 100
6 40
135 80
14 63
21 41
60 158
152 111
6 51
154 36
172 102
73 95
178 36
20 96
30 63
150 138
55 94
23 28
45 78
170 86
105 64
45 42
163 78
38 116
74 15
111 60
163 149
35 45
12 21
100 44
118 48
106 89
145 124
11 91
59 90
43 78
137 143
12 59
134 57
98 77
8 180
87 160
68 62
14 96
30 66
94 56
53 23
118 48
4 124
113 172
41 132
12 23
124 19
150 162
25 101
7 113
151 152
83 111
162 13
81 106
141 142
21 100
68 21
67 73
103 120
75 12
156 159
163 168
118 104
33 41
84 19
47 3
33 141
128 2
101 112
117 136
58 134
69 70
154 164
97 67
32 106
107 82
130 137
38 75
105 20
37 166
166 123
55 58
102 86
56 116
145 105
5 68
23 44
157 17
77 82
57 55
172 46
54 167
39 139
74 51
112 129
8 138
107 99
60 60
72 28
51 85
138 155
130 92
89 114
68 79
145 65
41 25
109 73
55 6
59 98
113 5
32 83
138 162
123 26
177 174
155 130
1 177
74 52
24 73
126 49
95 106
151 67
157 56
148 121
126 72
163 9
29 133
140 110
46 166
119 163
129 81
58 37
70 44
91 47
130 154
159 54
15 91
57 60
86 1
128 15
39 11
126 122
128 139
65 175
120 123
6 106
114 148
168 126
26 91
117 64
144 7
148 73
131 6
29 150
137 119
162 156
75 162
149 135
30 32
76 128
105 9
18 118
126 123
94 146
119 59
142 32
130 84
107 161
64 22
165 103
169 159
59 105
154 10
166 59
146 37
35 84
38 90
85 144
66 6
25 157
74 68
39 176
17 174
53 55
2 100
22 128
54 141
166 38
18 106
9 169
17 68
165 45
178 52
95 169
126 5
30 146
55 124
58 47
73 40
58 64
16 136
124 119
61 64
77 156
88 132
47 94
99 122
172 159
129 116
125 132
31 13
66 65
34 53
119 87
59 44
49 136
50 71
165 60
38 45
15 79
97 84
115 177
83 31
50 161
136 172
109 176
123 91
109 20
169 56
164 161
79 115
166 119
111 86
173 159
92 3
50 35
47 45
146 155
106 9
82 163
104 49
6 66
52 83
76 145
71 153
78 54
39 64
131 155
65 3
96 96
177 44
35 171
140 5
68 119
163 141
84 104
146 165
124 99
141 17
104 139
114 48
179 151
31 93
94 153
22 106
38 41
6 127
59 44
18 133
98 152
109 47
180 22
48 15
17 76
58 161
94 174
165 90
73 107
44 125
86 53
28 18
113 91
170 105
14 20
148 74
140 61
81 65
138 106
97 7
80 85
79 11
25 102
133 86
141 7
75 106
108 5
146 158
100 133
139 76
112 91
101 169
172 152
9 129
68 101
29 123
20 139
30 154
142 38
23 56
113 41
144 131
180 130
17 178
50 49
107 90
88 16
102 69
101 54
158 6
15 77
118 94
147 132
76 41
42 91
145 20
29 106
161 2
159 14
171 27
14 168
150 1
180 48
103 81
9 48
175 88
116 25
147 126
86 3
155 175
76 87
85 1
95 129
122 128
75 131
16 102
64 124
28 86
172 11
73 155
65 180
143 37
145 110
143 3
35 110
66 70
100 22
138 179
141 87
102 89
121 140
95 34
43 146
38 105
106 172
47 116
141 113
162 6
41 107
88 10
70 134
87 82
61 53
12 59
94 13
163 64
153 177
47 44
13 17
161 59
98 147
61 25
174 79
44 67
96 3
89 142
49 99
151 100
22 50
76 50
162 99
40 37
97 89
164 127
70 110
114 12
91 51
145 34
29 142
27 144
38 144
31 9
125 54
117 70
5 45
19 13
34 113
6 99
86 76
53 153
55 119
87 51
84 143
23 175
84 19
114 25
144 51
97 145
127 31
2 170
31 142
91 161
87 52
82 113
32 40
104 164
135 118
25 117
4 19
28 25
139 79
29 176
46 63
79 19
85 32
160 156
114 142
34 130
148 171
2 152
139 131
2 3
107 176
156 124
110 69
1 90
147 82
47 163
48 124
69 53
122 98
117 170
156 82
49 161
66 62
44 35
100 109
82 67
147 151
164 12
120 165
32 20
44 91
63 86
20 105
111 33
16 37
21 22
159 171
92 135
158 112
101 127
136 156
108 180
167 55
89 88
175 145
78 172
117 133
142 103
141 50
21 2
17 102
46 18
3 70
73 170
25 135
1 178
139 172
26 123
42 163
102 160
127 41
23 37
76 146
75 98
38 99
59 77
119 92
146 117
41 150
175 132
79 109
169 117
98 111
79 163
165 61
173 18
52 39
83 37
160 153
125 14
146 165
74 169
152 144
127 125
61 82
113 90
33 179
173 115
86 5
103 137
74 71
84 159
168 94
152 120
92 129
97 37
107 129
128 135
105 156
140 18
38 8
162 63
144 97
100 113
95 64
34 19
82 13
27 31
95 161
51 166
128 117
110 24
92 178
158 119
72 71
77 94
169 134
107 179
165 169
176 17
11 68
128 147
166 159
102 86
10 32
178 48
173 49
9 167
30 100
143 5
162 124
126 2
57 97
69 55
171 4
165 47
101 84
83 16
159 134
114 81
54 122
131 66
6 109
164 78
49 147
100 109
91 43
60 72
122 6
140 25
24 60
96 39
87 178
58 142
74 14
100 120
110 119
107 141
89 12
108 69
104 101
168 161
77 84
120 24
50 18
3 122
135 172
67 40
53 158
65 70
179 95
3 57
130 105
143 52
149 30
47 155
40 159
80 152
96 1
29 103
23 97
106 14
95 82
144 1
85 46
65 92
12 75
10 90
85 148
21 146
153 44
2 112
47 82
69 42
143 1
103 88
7 178
8 1
174 81
121 112
32 114
92 15
128 51
88 93
140 70
128 125
57 12
174 162
131 32
89 44
55 85
133 79
140 172
165 7
40 5
152 76
42 113
178 168
150 76
97 6
127 109
114 44
62 51
62 86
82 154
89 16
123 31
37 14
40 44
5 8
21 169
85 159
66 66
174 134
78 110
139 59
91 128
73 153
10 97
81 135
133 59
20 158
96 146
108 96
131 46
175 134
164 13
171 73
169 33
180 61
16 164
7 143
79 165
86 134
96 70
61 33
57 5
103 22
87 153
36 152
83 1
17 11
96 176
37 78
59 71
167 85
148 98
42 73
112 80
5 52
35 70
135 171
82 42
105 64
81 15
19 92
58 158
101 18
108 105
139 175
105 151
130 27
90 141
130 70
163 128
79 17
14 33
46 167
5 115
100 35
160 24
173 56
112 152
138 30
139 39
36 48
162 179
106 120
166 133
119 69
63 26
114 3
4 130
163 180
59 155
151 171
30 42
4 170
123 176
91 111
100 45
159 147
118 129
72 146
136 165
124 55
36 15
121 1
179 25
78 85
167 151
51 146
69 51
11 172
14 80
75 179
100 110
39 148
156 40
77 28
155 103
68 11
30 119
149 143
1 81
60 180
103 105
83 131
174 145
112 21
24 114
144 65
4 135
141 92
110 35
13 27
96 79
91 135
47 15
65 156
4 40
162 176
79 45
138 53
45 121
39 135
162 43
113 74
101 96
112 27
110 13
117 77
154 135
50 79
141 33
51 154
63 40
70 126
13 173
68 121
81 14
10 168
139 25
79 90
38 65
172 166
3 129
166 11
28 148
61 114
95 180
166 153
160 37
93 93
40 163
29 133
18 130
104 98
110 168
9 174
174 116
153 60
36 178
8 35
125 135
22 60
153 44
178 160
21 102
84 66
129 92
140 121
127 174
167 138
68 151
169 109
14 40
64 86
26 139
134 119
38 68
136 176
176 180
83 106
178 58
42 167
84 179
154 58
52 114
120 140
120 41
160 13
63 124
120 24
21 52
107 35
106 3
62 74
14 163
3 119
8 16
161 79
38 108
146 33
61 40
64 104
143 107
134 59
111 14
155 67
159 33
34 102
74 19
51 39
158 101
20 52
157 170
48 50
16 18
81 64
56 72
143 7
33 158
173 64
35 157
125 157
33 58
40 103
31 94
158 26
119 76
44 168
167 174
53 107
8 49
111 143
58 77
15 127
59 154
149 70
143 132
159 173
124 39
71 128
88 144
158 136
118 85
98 117
116 134
115 130
85 49
102 160
140 50
104 147
80 44
158 113
83 155
13 142
163 152
22 159
24 20
17 87
131 128
141 126
112 161
102 23
121 5
121 11
39 20
135 59
160 52
7 166
63 121
7 135
23 50
67 8
13 5
80 180
55 60
174 119
129 33
136 4
25 62
107 15
128 179
7 104
109 88
28 106
175 23
79 53
153 173
94 132
42 82
71 86
110 21
160 177
73 125
144 107
78 10
178 29
164 13
152 1
134 153
40 125
22 80
118 52
61 80
82 140
113 68
155 21
98 95
52 106
130 121
16 65
19 20
61 120
139 140
177 78
93 120
88 42
114 39
158 57
78 115
142 159
82 138
55 16
92 108
140 19
120 137
87 28
113 63
39 17
172 141
98 125
19 80
57 114
178 177
92 166
80 97
95 156
70 56
23 49
36 157
44 98
88 166
9 110
72 161
98 168
99 27
178 145
82 100
96 88
2 146
9 65
41 13
7 104
63 10
176 92
110 175
53 115
162 22
87 116
50 5
74 121
17 17
32 151
160 16
30 37
157 17
131 10
136 64
127 159
158 129
83 155
73 103
125 148
125 10
42 124
149 125
127 96
47 29
102 127
58 150
172 7
50 79
20 86
49 177
61 68
14 34
26 115
131 131
62 80
96 38
162 16
52 14
134 38
107 121
28 23
48 66
132 39
130 136
157 115
59 115
123 111
64 3
40 168
180 136
96 163
15 27
59 150
33 30
69 137
16 42
60 41
53 141
179 8
31 138
7 13
59 135
35 119
53 25
65 140
35 61
162 60
169 158
95 105
139 41
40 153
106 33
108 156
63 56
6 67
44 2
51 58
84 47
29 137
32 176
69 1
1 60
25 97
74 46
156 5
99 170
134 26
126 52
92 120
37 170
159 132
49 52
26 113
145 61
120 24
57 86
53 65
45 130
39 173
80 92
83 65
117 134
164 65
73 105
158 101
53 32
134 55
25 48
166 81
39 178
178 44
26 3
102 39
114 125
123 31
92 49
93 83
54 45
135 32
112 112
95 47
49 34
61 67
5 105
19 73
53 80
67 64
99 60
65 90
33 42
135 176
76 145
134 113
67 135
11 158
140 10
165 155
165 141
163 59
3 114
24 160
76 71
66 87
67 124
122 28
148 16
18 121
178 35
53 140
131 180
173 97
49 121
175 19
75 138
117 132
17 12
83 40
31 37
117 28
110 101
49 47
22 84
113 172
68 55
127 94
33 133
9 153
153 139
57 26
6 117
141 93
97 74
64 6
128 120
131 58
4 44
29 165
129 151
95 104
44 80
149 146
10 174
155 25
152 48
10 42
97 133
150 82
79 138
28 68
98 72
24 33
6 67
154 58
10 23
23 74
101 61
77 67
49 34
146 69
104 23
171 147
78 77
135 170
145 177
41 139
137 23
167 169
59 51
86 73
76 8
171 73
88 178
21 178
29 86
136 174
47 35
27 124
62 114
136 63
136 68
150 111
36 63
118 25
5 49
119 172
35 141
44 32
78 170
55 120
152 105
102 95
11 93
114 130
20 139
46 88
6 159
135 168
62 63
83 6
146 107
4 103
174 124
175 134
162 9
70 123
4 42
106 101
156 52
97 15
130 111
61 145
92 178
69 105
63 52
131 144
163 163
53 167
71 61
106 58
169 82
55 16
143 103
74 52
80 113
51 142
76 24
53 97
88 77
170 177
50 111
90 171
6 75
16 139
124 9
112 156
50 6
80 80
153 153
8 34
110 42
162 25
109 23
132 12
53 155
73 43
12 138
175 140
148 158
42 120
58 30
114 64
53 168
52 118
87 100
168 11
144 37
20 33
90 139
169 83
132 94
58 93
1 120
62 160
72 89
133 102
77 158
167 169
78 55
43 34
88 140
137 40
122 45
32 174
15 105
32 14
80 41
16 121
71 169
8 70
118 63
67 79
147 150
126 117
124 30
174 17
133 43
105 151
177 59
81 178
7 113
48 57
97 54
28 97
176 132
70 163
40 26
103 139
119 69
166 24
56 138
85 179
9 32
175 79
50 149
7 20
67 35
42 135
52 100
129 72
4 22
143 120
42 117
122 84
149 81
85 18
136 69
31 72
32 120
98 134
68 26
172 19
168 177
6 168
164 152
138 139
53 109
76 122
111 96
85 22
177 110
49 26
124 117
123 108
38 84
65 17
124 110
145 157
79 50
15 69
51 28
12 120
77 176
109 120
176 1
11 160
44 67
20 132
178 9
55 101
11 54
57 111
172 169
98 153
6 22
126 1
158 46
60 133
88 47
66 73
136 129
52 162
63 84
114 43
125 107
8 92
85 87
96 98
103 114
155 109
97 43
66 11
145 73
6 65
146 1
110 36
44 38
22 49
42 62
156 73
10 9
77 71
132 126
21 86
3 15
15 117
33 116
176 114
50 158
10 55
66 51
23 136
45 176
118 178
144 60
169 26
30 90
77 76
9 120
81 172
61 165
74 114
63 92
120 17
164 43
134 171
33 48
166 56
116 7
112 172
99 55
172 7
48 76
83 38
97 74
64 52
86 159
132 109
49 120
8 62
42 107
112 43
120 110
104 32
162 95
73 165
4 27
55 113
11 147
130 176
179 96
15 100
122 33
58 152
21 152
61 42
56 109
104 11
58 142
171 21
102 28
73 161
152 32
155 113
76 167
105 32
109 176
105 123
4 122
133 145
45 59
26 20
166 112
4 141
167 19
101 7
3 87
88 82
65 69
4 20
143 109
157 58
44 54
178 59
52 26
65 140
114 90
30 172
91 85
159 153
30 79
164 64
62 35
140 19
32 151
167 98
94 105
29 107
70 86
150 118
92 8
171 20
13 45
34 57
115 57
61 161
42 88
144 176
150 89
40 89
50 115
126 52
96 162
145 170
33 75
165 44
52 112
43 86
80 42
149 26
67 79
55 32
17 75
63 131
24 51
11 129
159 82
180 147
175 85
118 159
62 79
94 115
129 14
125 74
96 151
74 179
74 136
173 12
9 140
75 168
6 41
125 21
97 151
79 149
25 8
16 135
9 125
149 65
101 31
44 113
38 121
142 101
58 90
44 42
74 100
66 176
165 160
166 163
48 8
13 22
91 121
119 16
114 28
70 53
57 53
1 129
125 30
50 10
80 58
71 144
151 156
163 101
110 39
3 134
85 73
156 34
51 1
95 120
49 135
31 12
47 157
172 8
39 125
130 129
25 154
136 99
82 143
62 151
135 66
111 63
180 99
77 129
61 6
149 106
83 135
22 153
143 30
143 97
180 167
87 99
86 70
96 94
82 73
68 59
31 161
1 45
167 127
2 112
16 102
44 39
118 126
88 124
108 140
23 176
30 89
74 45
67 112
133 17
97 54
94 121
44 120
113 56
33 16
179 50
34 175
29 152
8 144
172 142
36 95
116 34
147 155
95 163
36 54
165 123
130 160
149 97
47 110
83 161
1 163
78 20
175 62
134 103
11 42
53 43
51 24
56 176
118 80
24 116
73 15
138 57
34 69
138 144
23 72
58 115
94 122
27 75
150 163
123 119
145 15
7 18
95 131
127 168
50 53
72 180
173 37
32 96
105 130
143 150
113 110
73 35
89 178
81 53
162 141
154 109
179 99
145 26
136 66
166 72
40 69
110 54
115 178
142 42
63 98
52 139
61 105
110 57
89 16
66 147
168 32
160 59
31 38
159 154
165 16
167 50
173 168
116 21
69 69
69 36
71 83
101 12
65 69
37 109
5 121
160 155
167 67
118 18
53 117
121 32
170 80
99 116
94 126
119 6
128 125
152 1
176 67
34 19
3 79
47 37
83 25
63 30
15 134
158 160
86 35
107 19
178 91
103 178
162 56
49 79
159 96
60 48
11 64
84 79
177 39
20 132
42 82
73 162
10 23
120 68
8 76
22 24
173 130
157 96
114 97
173 88
79 23
21 97
31 66
16 136
2 145
47 124
51 125
143 10
81 170
58 165
88 103
105 135
140 114
18 57
47 3
24 37
44 168
145 178
77 166
84 117
36 166
100 104
150 55
73 106
13 130
67 83
124 85
35 101
148 53
105 94
19 102
162 27
52 47
6 173
150 32
20 44
107 41
13 128
57 61
66 58
66 149
21 62
104 27
20 38
40 94
140 126
39 106
40 157
176 101
112 46
61 22
145 47
91 148
125 118
82 48
77 154
91 8
90 16
10 129
133 63
147 107
138 159
3 21
23 87
10 139
40 106
147 112
38 116
134 148
52 26
90 116
165 15
117 43
15 146
150 129
112 122
157 113
4 62
19 26
39 34
51 31
124 36
164 109
95 6
13 96
81 98
138 102
94 112
23 122
86 178
170 125
14 26
180 93
3 124
30 50
121 43
98 11
140 13
150 112
115 166
77 50
167 33
101 4
177 25
47 96
92 22
78 103
6 172
137 60
158 131
14 141
159 176
138 84
23 63
125 159
180 89
140 156
152 74
129 53
151 97
33 95
53 56
89 88
10 5
94 94
79 153
60 80
172 66
63 113
168 14
132 144
123 44
79 4
61 180
27 17
139 179
81 9
26 80
133 42
62 27
85 19
134 44
165 159
173 122
117 124
162 9
23 128
176 118
157 17
140 157
151 103
53 34
135 70
115 117
35 18
127 113
38 92
140 43
31 29
125 154
178 131
29 12
94 35
157 37
15 62
137 103
68 58
123 36
46 48
73 120
54 76
54 16
9 41
15 75
144 106
157 137
105 19
72 27
110 160
56 124
152 170
100 146
50 35
78 24
108 136
50 42
153 149
56 114
61 92
180 48
138 72
82 9
50 57
33 13
65 179
3 27
38 135
89 8
180 148
177 179
3 137
98 125
149 5
169 83
52 142
106 34
78 51
97 45
171 49
156 56
22 65
45 29
47 88
53 81
156 117
36 58
76 117
107 106
135 5
158 168
30 30
101 104
58 103
124 66
159 6
7 66
63 105
83 109
41 53
143 148
24 176
95 102
17 105
136 26
111 149
132 8
173 117
11 128
31 126
125 144
173 55
5 162
130 86
180 77
1 53
95 160
27 157
121 173
56 175
49 49
105 143
163 48
159 107
39 134
128 162
68 82
76 148
7 137
38 125
89 8
48 90
104 35
108 6
165 146
125 46
47 93
31 68
133 58
47 101
44 20
37 64
96 149
107 51
17 15
135 85
39 56
23 107
31 19
147 51
3 21
58 22
167 2
108 159
128 68
79 52
61 47
88 176
148 99
159 29
19 21
92 168
164 121
50 113
176 160
162 159
123 97
91 76
131 168
163 66
155 101
129 137
141 5
61 147
18 77
92 172
145 131
23 154
86 21
40 63
60 45
51 145
60 147
87 87
19 139
20 133
21 120
7 111
59 137
173 58
61 110
36 104
106 89
141 56
26 36
165 106
53 16
6 166
86 1
1 54
126 57
144 109
101 27
67 109
169 145
63 1
37 91
46 60
71 34
159 56
117 37
33 128
92 172
168 161
160 161
62 65
61 84
63 34
168 174
124 41
87 80
65 179
124 45
132 148
159 126
157 72
72 133
150 134
157 91
51 111
145 104
43 36
10 62
32 133
79 88
72 48
88 79
131 65
3 154
27 43
139 18
91 7
91 27
141 65
152 150
17 140
79 154
142 54
63 53
68 153
61 135
72 14
79 73
41 96
109 48
9 67
111 142
122 4
12 37
132 111
111 23
130 157
137 152
172 4
98 74
154 10
30 112
67 104
76 27
48 98
27 23
64 141
155 92
4 65
26 66
7 59
132 57
155 171
144 60
117 13
23 75
26 180
164 156
109 24
53 115
128 143
154 98
4 102
90 122
39 125
135 99
153 137
69 28
4 170
169 134
43 30
73 90
49 77
156 132
133 57
71 77
177 91
20 177
88 18
74 161
53 123
10 20
168 108
120 96
63 160
107 86
133 110
78 18
34 109
10 118
69 47
39 92
68 29
143 29
40 128
48 89
25 98
25 167
140 128
76 4
89 110
119 109
150 14
65 33
159 127
162 18
157 46
148 61
15 164
136 110
108 11
88 157
137 139
28 38
67 168
23 37
128 18
52 83
165 132
69 79
124 42
115 124
162 73
44 135
55 178
6 34
76 105
144 45
61 67
177 166
121 177
174 61
136 22
178 126
90 81
22 9
24 54
100 112
115 66
133 148
120 18
14 5
149 136
74 5
44 100
99 40
109 159
175 70
132 92
73 141
136 52
157 73
17 7
79 143
128 28
113 6
140 25
149 115
2 19
9 26
120 167
93 29
107 165
133 133
127 82
49 91
42 141
145 9
15 58
145 174
75 94
2 121
45 159
74 85
149 33
127 63
169 135
65 98
13 92
126 57
138 141
4 161
144 106
2 173
124 60
28 111
153 17
171 163
177 74
10 66
141 3
73 156
59 137
141 11
166 48
48 178
116 10
110 6
126 103
79 6
173 164
75 142
37 164
99 26
138 94
66 138
29 27
162 156
44 143
175 4
177 62
109 52
155 164
148 24
116 11
119 49
107 120
103 96
131 91
130 118
94 152
147 36
47 107
121 158
2 100
22 14
107 32
1 28
31 50
3 81
66 49
95 97
156 38
50 138
112 12
71 2
69 96
87 99
70 170
96 31
159 20
11 48
136 55
143 134
120 92
57 60
27 139
162 23
79 171
149 113
56 178
179 62
66 94
66 28
130 147
142 30
53 148
134 146
116 51
63 74
139 175
121 175
169 122
44 152
47 43
148 143
46 143
63 153
47 157
20 157
55 61
125 145
75 116
179 172
151 176
173 129
173 102
39 38
66 15
113 132
89 35
109 37
6 29
123 135
10 137
11 173
126 94
101 7
97 30
87 59
170 92
43 176
115 63
88 8
16 24
24 155
88 139
152 124
4 73
93 4
11 113
144 175
177 34
83 6
62 24
163 95
137 69
170 35
77 107
70 3
150 47
76 44
2 4
167 1
177 39
16 98
96 127
152 43
16 163
18 175
162 172
135 14
37 158
154 135
179 70
168 87
89 26
164 52
116 133
50 114
79 10
21 27
12 80
77 73
61 170
31 161
109 5
118 127
93 47
17 84
28 33
23 50
118 2
26 25
82 105
171 180
149 63
174 44
21 119
172 174
118 85
35 99
54 60
73 131
25 3
4 155
56 102
53 106
153 105
5 157
72 130
34 91
103 133
123 144
1 2
121 152
165 79
89 89
7 172
45 179
42 86
60 62
171 154
112 7
170 38
142 78
29 13
154 65
78 62
103 130
179 179
43 131
76 145
88 3
103 170
10 12
15 97
146 78
79 139
160 133
177 21
148 155
30 141
46 34
178 161
57 158
125 10
8 145
133 34
104 151
155 94
98 176
112 74
28 135
22 93
43 17
100 14
88 162
173 125
73 128
96 39
178 7
36 31
58 153
59 50
75 80
126 36
172 35
157 39
57 1
33 101
24 108
19 167
174 78
102 115
96 154
2 130
30 57
61 119
32 100
156 118
64 57
48 117
118 106
63 160
121 82
97 71
124 159
58 100
18 124
97 126
148 97
90 138
156 9
145 168
94 180
171 67
25 151
87 61
96 2
126 116
127 90
14 89
46 75
150 77
91 77
59 169
31 34
40 11
130 50
111 145
17 155
104 70
157 79
168 50
45 64
151 42
91 102
169 79
56 4
171 173
162 140
118 103
175 33
19 33
79 130
168 45
93 107
105 175
114 27
154 36
24 119
3 112
168 124
119 38
125 70
17 129
89 44
20 121
179 69
104 79
46 54
173 110
137 12
119 167
95 91
96 154
45 19
162 4
22 162
164 66
153 100
150 147
12 151
118 49
112 33
116 77
96 133
69 179
60 33
30 74
117 55
62 53
3 64
105 36
93 16
92 27
103 115
96 65
139 99
161 2
121 69
150 96
20 97
53 71
20 71
45 178
23 39
58 156
137 15
143 126
102 84
26 32
8 96
102 153
87 144
165 101
124 75
161 120
52 170
36 32
157 87
14 96
124 154
138 56
8 171
165 31
126 17
78 93
171 6
10 170
173 96
91 157
89 2
173 35
21 41
113 51
87 24
54 178
110 4
26 78
73 30
27 163
178 95
136 16
26 37
6 122
100 61
122 12
11 79
51 12
121 92
16 120
137 164
30 110
138 92
81 72
177 56
139 125
86 163
156 12
52 2
108 171
66 159
122 9
176 154
96 74
137 126
105 173
22 126
121 6
43 37
37 130
175 101
102 161
160 131
108 8
134 172
26 166
131 149
63 81
174 79
13 56
141 88
27 142
60 72
157 102
103 1
18 57
156 178
97 159
43 178
164 173
67 143
72 1
141 50
86 74
38 147
32 157
61 178
174 97
66 97
142 51
88 53
132 117
35 9
111 85
60 129
57 26
4 76
26 146
122 81
112 75
19 139
11 80
59 109
29 36
28 139
130 122
179 45
16 119
162 8
31 62
102 37
178 43
151 72
78 152
90 143
9 107
176 55
67 63
152 8
80 134
13 27
137 63
169 36
113 139
9 103
124 50
21 37
168 51
8 66
146 74
45 6
12 110
166 74
8 32
37 17
151 60
72 79
3 57
63 9
57 39
149 25
26 52
157 14
45 83
34 124
157 94
32 52
136 61
21 93
84 179
3 169
160 168
103 66
16 5
63 36
81 176
77 154
81 8
72 167
36 64
143 6
139 85
155 108
47 51
83 100
50 8
47 99
142 41
96 20
90 44
20 74
109 131
169 38
48 30
150 156
154 110
47 178
43 132
117 30
10 164
144 140
166 87
25 1
121 157
93 93
65 162
26 13
127 178
93 127
26 33
48 142
177 133
106 64
26 57
15 5
133 169
40 146
140 168
105 175
78 15
2 95
122 33
22 143
40 97
125 174
121 23
134 177
176 40
93 164
150 61
173 46
134 40
164 82
154 7
131 165
17 178
116 33
103 154
86 77
105 129
107 151
54 137
62 103
8 87
79 148
113 146
97 112
106 162
140 25
78 58
97 42
144 136
174 158
70 148
76 16
146 160
124 19
61 125
77 24
127 108
84 168
137 103
17 171
144 173
20 122
139 95
65 143
15 73
54 98
153 143
126 25
121 91
32 88
177 135
28 130
180 5
37 146
34 151
167 87
97 93
116 169
11 3
148 37
114 176
21 176
40 35
166 172
160 60
107 40
2 117
99 179
151 158
114 48
101 33
23 150
4 42
43 160
163 122
89 178
10 155
115 158
89 131
73 111
109 81
159 18
1 92
9 31
83 57
49 1
21 163
96 54
172 28
155 7
121 11
45 51
57 120
25 130
56 169
25 96
92 88
36 23
18 142
8 85
53 88
13 82
46 53
107 75
159 76
157 53
130 44
21 152
87 164
72 145
47 129
106 48
129 168
3 151
138 43
33 173
99 97
47 172
57 143
98 166
91 178
85 86
89 32
81 157
73 31
31 24
88 180
175 151
107 74
121 45
153 140
159 29
133 161
84 159
9 166
113 71
126 99
77 88
160 78
38 113
168 122
138 68
129 51
8 99
157 74
51 128
71 46
130 11
121 16
121 111
102 80
169 65
64 180
14 47
135 102
174 60
79 85
110 143
120 50
58 150
85 141
113 42
40 154
178 11
25 17
169 157
162 123
151 180
139 46
144 105
76 160
172 131
36 35
25 168
101 155
79 76
103 131
59 150
135 71
89 25
114 174
79 146
123 100
176 146
146 117
19 138
51 148
85 26
154 172
150 172
47 151
16 96
1 77
63 63
171 98
36 16
63 82
27 157
70 152
49 170
93 117
20 153
16 23
81 179
136 75
128 120
123 10
126 141
34 59
113 126
