180
6480
60 74
78 99
151 152
140 36
86 137
20 63
105 79
145 17
136 48
71 41
7 129
117 22
147 90
30 4
15 49
91 13
17 62
46 31
110 168
115 172
65 130
102 81
114 22
109 169
118 64
39 113
7 167
92 82
100 125
100 139
94 78
173 31
141 2
168 119
37 142
21 27
148 16
37 145
24 69
110 4
77 3
134 7
6 136
8 7
11 158
83 6
55 104
49 35
40 160
103 63
124 127
43 60
172 174
177 62
31 136
108 73
179 113
121 74
104 96
121 90
27 107
132 51
95 121
107 48
74 169
9 8
44 114
176 14
104 7
143 109
94 90
169 123
169 21
108 138
151 159
77 27
90 51
122 163
133 52
67 105
78 150
120 167
115 49
116 63
176 38
142 15
177 129
27 138
149 62
29 30
4 80
53 27
127 163
94 88
122 132
23 123
99 92
4 155
12 92
8 144
99 10
72 178
84 169
15 119
33 1
46 173
92 8
125 80
144 115
87 14
95 40
158 108
136 6
179 129
52 157
158 73
115 53
56 51
62 14
53 46
154 110
10 83
22 91
6 63
170 153
123 106
31 74
90 9
97 147
119 179
78 136
9 167
114 174
165 91
106 101
18 132
57 121
171 95
123 169
127 16
119 73
22 107
136 135
16 170
3 50
178 118
94 26
10 53
150 99
80 35
157 131
43 64
7 15
48 27
54 60
77 27
147 57
117 160
34 177
24 136
76 18
178 165
20 145
51 171
139 119
178 132
151 90
66 115
84 180
174 143
17 110
10 81
114 79
116 94
153 31
169 101
180 160
178 174
83 120
41 25
133 55
136 44
81 143
152 35
165 8
4 58
138 94
48 114
50 16
176 100
62 142
21 133
166 89
143 25
101 117
71 169
77 30
88 83
33 28
2 158
105 127
135 58
122 24
65 176
33 28
77 91
161 135
101 102
52 57
58 98
34 39
174 151
117 165
9 40
95 21
40 73
67 76
75 58
89 115
89 110
13 72
14 152
47 10
128 16
29 135
40 90
117 87
58 4
153 101
142 41
48 26
7 7
176 30
85 158
143 129
60 40
105 28
167 64
174 172
16 74
163 167
72 126
173 112
122 179
38 18
28 69
2 109
157 29
35 135
174 38
94 180
145 150
5 4
14 17
13 29
55 177
79 169
67 35
36 166
22 104
135 143
1 13
145 99
133 9
102 15
104 78
40 103
77 97
75 95
145 56
146 156
20 148
25 177
180 5
55 93
83 92
13 104
26 137
147 162
14 56
40 82
171 3
6 137
28 73
20 40
101 124
146 78
12 86
30 28
68 27
25 102
152 123
57 154
109 71
169 134
12 123
145 30
82 156
102 127
73 37
128 8
35 78
16 55
174 56
15 31
146 53
62 1
86 15
80 177
155 56
52 11
90 27
166 97
12 137
72 61
134 109
108 60
177 178
145 3
110 3
152 60
36 142
134 97
134 122
49 148
152 22
165 93
130 44
71 152
157 170
79 85
103 167
24 71
122 36
30 72
81 37
161 104
175 156
49 99
11 161
9 79
101 26
82 153
89 73
105 22
170 1
2 44
164 113
121 4
21 109
66 142
96 23
59 136
163 163
146 66
154 152
5 160
141 97
89 13
61 134
112 73
159 61
63 141
39 158
105 164
133 28
20 148
134 82
26 81
95 111
121 41
65 47
107 92
74 164
155 32
83 172
111 56
138 152
157 170
32 37
92 22
174 61
72 164
108 118
117 8
118 138
114 132
32 51
80 61
151 32
48 156
80 111
172 29
131 121
96 39
153 3
80 118
148 84
91 126
75 136
144 40
71 70
148 159
173 88
96 147
137 76
23 166
151 23
47 53
50 70
16 96
112 163
99 64
175 135
56 114
65 42
34 67
26 178
4 179
126 2
117 76
131 152
170 146
173 92
152 103
129 158
3 3
30 107
58 166
40 57
123 157
41 83
62 74
163 167
129 42
28 155
116 176
43 6
116 165
90 119
70 64
87 136
2 168
53 172
24 24
109 156
129 174
151 75
66 86
121 140
83 178
55 6
55 61
73 49
139 12
62 124
9 160
111 83
104 32
5 66
129 99
168 27
142 142
79 78
120 156
133 56
159 6
41 65
120 159
169 86
150 180
41 46
112 166
171 134
175 124
161 78
112 16
180 175
169 79
128 91
95 112
69 70
46 69
124 25
68 143
22 8
104 114
67 147
60 145
71 111
116 68
2 132
52 22
58 59
35 175
68 84
28 122
4 124
168 145
36 3
100 151
156 77
107 97
160 47
33 37
140 179
47 101
137 151
15 174
96 38
3 178
31 3
82 96
56 9
11 166
55 73
158 37
32 162
81 175
107 163
62 19
127 100
112 111
44 5
141 51
147 25
170 56
141 4
47 18
140 94
180 155
115 161
7 126
70 150
163 141
171 180
174 174
6 136
17 38
124 142
41 74
41 144
43 179
73 154
35 149
4 39
24 22
130 165
20 168
178 79
119 55
12 12
6 15
161 49
105 136
169 50
141 4
32 159
7 138
155 24
120 105
12 85
80 144
91 73
83 159
120 29
129 111
38 128
130 176
4 59
26 171
76 78
96 81
165 155
5 142
157 135
23 173
96 104
56 21
175 85
26 64
85 80
137 118
36 167
101 148
172 67
153 76
90 62
146 101
78 30
67 49
101 47
35 140
152 170
23 80
115 54
94 5
34 85
114 177
165 167
15 99
11 8
107 157
91 9
178 136
176 149
74 22
114 157
82 138
28 36
178 154
160 35
22 162
54 170
119 90
16 170
168 159
146 34
166 126
78 117
106 23
107 115
66 16
29 7
5 121
115 146
36 133
49 94
165 163
45 68
24 154
59 44
57 125
98 119
172 64
164 104
121 3
48 30
162 154
145 60
42 120
81 122
109 124
44 161
138 175
10 52
32 40
23 110
177 35
86 106
137 155
8 124
142 87
171 35
36 112
11 76
84 62
47 50
171 10
44 35
138 38
11 53
142 70
73 129
63 89
100 177
127 6
138 63
12 98
108 39
160 99
174 60
157 99
156 19
123 84
40 57
121 115
58 129
123 77
163 132
97 54
112 1
149 147
167 110
148 130
76 165
66 1
97 98
40 84
7 139
81 168
72 19
14 63
116 97
79 150
110 107
172 29
31 65
20 177
74 148
120 58
102 172
28 87
94 95
23 104
88 72
20 31
164 180
153 103
73 139
132 95
165 47
22 71
139 139
13 43
5 44
43 74
175 175
9 170
22 65
55 42
23 2
162 105
160 144
146 152
67 65
89 36
118 57
84 122
131 40
152 105
162 61
69 85
85 74
24 32
132 124
60 62
164 67
122 8
130 29
94 93
164 13
98 71
152 128
139 73
12 67
162 136
75 61
10 164
32 156
147 128
12 73
175 33
74 97
2 32
156 43
66 40
90 134
128 108
91 56
36 111
85 136
173 158
113 58
50 109
147 94
88 143
93 77
175 132
56 129
31 42
70 50
70 84
68 105
112 66
55 16
134 130
85 95
130 154
59 62
89 114
87 157
146 119
128 43
109 112
149 62
113 112
175 72
14 92
165 62
64 137
65 9
7 114
117 158
75 55
55 147
29 4
92 152
85 159
78 124
52 112
77 144
3 65
19 43
150 40
19 66
50 91
70 35
180 28
115 46
122 75
102 163
98 67
140 148
114 148
120 22
162 47
19 92
168 117
160 27
75 178
40 53
143 158
129 11
91 5
71 113
122 157
69 66
135 147
162 117
159 65
62 77
78 25
84 2
128 108
42 179
66 74
66 18
135 145
126 39
1 45
25 120
38 101
180 28
89 119
92 11
47 96
31 12
128 97
149 37
66 25
140 169
163 72
158 1
58 60
35 62
168 128
129 130
154 152
80 50
134 102
101 23
142 143
102 24
22 142
63 32
96 89
7 174
41 27
23 40
160 170
13 122
37 130
58 122
34 134
78 31
96 10
60 44
130 128
161 106
1 33
58 128
3 10
36 91
29 83
100 100
143 99
96 50
83 48
149 104
100 30
93 28
53 64
115 177
63 178
136 68
65 22
148 38
102 178
57 148
8 61
153 39
78 116
52 145
128 90
69 175
41 129
72 45
102 140
116 130
46 41
129 74
129 90
13 135
104 32
125 1
1 36
101 102
164 123
100 108
48 100
75 29
114 110
5 48
84 52
32 49
31 141
35 58
93 94
59 82
176 140
153 116
99 25
99 130
87 6
25 125
99 4
87 129
139 14
136 134
168 15
52 46
122 57
14 146
46 19
164 92
96 11
90 129
67 169
136 28
35 11
139 135
73 46
172 86
19 19
96 173
126 96
97 63
76 109
128 124
27 101
105 14
112 71
143 177
145 70
35 179
150 178
29 120
111 98
158 83
37 165
119 129
103 26
6 122
147 6
49 157
163 143
63 34
42 61
159 11
138 5
68 131
27 136
102 104
40 161
52 132
40 65
113 168
80 136
144 59
44 52
70 60
57 19
34 60
41 147
113 9
99 62
119 147
153 65
108 38
100 20
48 176
110 52
45 4
25 47
59 133
160 101
88 132
61 3
65 166
4 113
1 145
15 128
28 17
115 107
174 55
176 4
33 14
114 69
8 54
162 39
155 73
79 84
58 112
14 34
123 29
60 92
99 47
158 92
74 9
65 103
140 83
61 121
151 109
43 175
63 43
1 46
67 56
77 4
128 96
62 52
97 149
4 160
4 91
150 127
11 41
28 65
54 89
162 178
6 143
93 56
92 129
84 169
93 125
147 76
152 74
93 156
17 180
58 3
146 65
58 98
37 28
48 69
1 82
143 52
146 101
105 14
16 149
74 144
10 70
31 143
117 73
13 131
59 18
107 144
139 91
33 167
106 146
159 142
62 121
159 166
110 126
74 120
111 141
34 66
36 105
84 146
72 108
42 25
8 49
31 117
139 119
155 43
18 8
75 72
131 20
103 179
158 129
84 106
171 6
123 24
133 116
35 94
75 42
52 11
171 165
62 134
45 138
55 117
135 44
104 34
121 131
121 133
47 53
88 114
112 137
161 100
42 134
6 31
177 26
63 127
153 66
45 75
25 17
36 109
55 13
138 31
83 144
166 159
153 53
154 128
11 9
120 150
158 10
165 29
80 15
96 78
4 124
34 14
114 86
104 158
15 145
25 74
153 28
116 153
101 64
169 18
32 159
58 168
156 52
26 126
16 114
60 104
140 141
101 34
144 38
91 100
90 125
41 65
102 15
171 50
104 158
148 75
58 91
106 70
31 147
148 165
36 81
43 15
54 27
97 165
156 83
74 73
154 175
169 61
81 28
46 6
130 32
169 43
103 143
63 22
128 119
16 164
137 38
24 12
14 141
102 104
88 64
115 33
159 167
141 67
122 63
149 36
164 69
126 72
14 50
167 29
18 3
115 19
85 2
32 104
156 2
97 60
142 95
14 177
179 111
165 95
97 149
133 22
35 147
112 57
58 170
156 40
164 137
125 84
175 21
152 162
171 69
66 32
26 60
58 147
123 68
4 40
51 138
81 52
78 80
155 79
92 80
174 139
1 38
39 45
92 49
140 2
53 149
93 78
65 106
84 155
72 44
50 2
150 46
54 57
25 126
173 169
33 128
33 82
103 130
5 56
127 41
124 125
158 90
25 118
156 174
107 55
34 36
150 52
119 126
24 42
105 42
95 93
154 13
92 65
124 89
25 25
16 57
105 152
33 157
88 30
59 80
131 155
45 133
61 133
87 41
67 109
152 144
133 83
66 42
69 31
105 6
118 17
159 99
119 47
133 54
166 127
86 152
128 34
62 147
148 32
123 54
40 134
122 165
78 103
163 170
132 60
146 25
166 74
23 152
65 34
153 4
135 11
140 180
111 3
165 87
116 42
113 54
26 81
78 15
106 48
130 25
79 167
39 44
55 139
85 63
58 108
158 151
93 157
75 79
81 85
106 147
157 148
59 30
43 90
55 172
20 3
38 55
58 148
68 74
151 140
64 152
45 48
103 122
114 19
65 83
136 72
32 165
129 155
163 38
107 43
48 119
1 43
51 129
155 49
121 57
90 117
156 93
99 29
172 158
75 159
62 129
53 14
49 153
37 1
64 174
149 33
84 101
45 100
89 21
121 43
65 69
78 90
131 132
75 52
76 55
180 36
20 166
44 106
91 72
17 84
112 50
29 110
50 5
69 160
67 175
180 75
7 111
35 4
2 164
135 155
46 2
153 14
138 21
47 7
68 102
114 54
135 41
147 152
76 78
6 80
87 119
86 180
131 80
169 174
47 79
164 135
12 160
157 90
83 177
9 9
100 134
54 26
126 119
154 134
167 154
66 40
134 65
164 31
165 78
150 17
17 1
126 110
106 101
81 158
48 37
26 64
43 153
165 72
133 151
65 134
27 46
50 8
45 123
168 50
160 27
74 54
94 102
136 140
146 14
48 165
94 129
25 160
102 31
19 41
122 17
152 176
7 114
178 106
148 74
47 144
158 150
65 110
68 138
85 92
105 106
173 15
94 70
122 67
132 11
41 74
3 167
132 61
131 39
137 88
126 64
138 171
65 92
22 179
7 147
168 145
144 23
79 102
27 13
66 165
2 72
127 168
79 37
36 49
118 42
180 37
73 81
134 16
169 168
149 63
8 172
131 51
74 83
72 70
178 92
146 79
162 111
25 47
118 166
179 57
110 39
33 34
48 87
123 20
77 71
65 52
132 97
37 162
62 94
31 161
112 129
117 44
73 116
148 133
118 12
1 44
46 178
112 38
168 92
153 152
148 173
138 99
148 129
27 102
110 80
119 94
102 52
85 44
112 68
20 94
120 82
154 176
59 89
18 135
1 120
18 89
138 91
136 165
120 9
63 20
18 58
167 147
40 166
19 174
110 111
22 56
9 85
14 167
174 24
142 106
31 152
151 122
30 105
44 175
114 136
82 44
178 115
148 92
98 133
153 70
22 94
125 112
20 13
78 145
58 23
97 47
152 136
157 123
41 178
38 117
153 152
87 110
132 155
134 161
130 84
31 58
4 63
124 167
126 63
115 124
167 121
119 100
69 10
38 56
64 14
170 86
176 169
138 86
141 73
66 160
96 2
135 20
156 166
59 98
112 74
36 50
167 145
115 81
21 84
76 28
173 124
134 105
153 49
78 109
33 78
85 38
92 113
80 72
1 5
15 147
80 128
42 60
176 68
163 53
12 168
1 91
20 43
98 92
114 117
19 153
127 33
39 13
156 148
24 66
46 138
66 171
120 68
140 66
146 115
40 80
126 96
116 131
15 80
72 89
44 52
90 75
44 170
45 103
23 52
147 125
72 66
8 163
142 84
27 118
166 178
150 92
99 21
66 95
90 100
7 118
65 157
34 65
129 48
44 72
57 130
135 40
78 158
107 169
157 30
29 133
87 140
80 77
52 41
26 14
109 71
171 11
39 119
100 170
132 14
29 16
25 90
162 148
125 124
55 160
159 167
50 69
55 56
55 74
55 71
78 148
132 84
10 139
129 176
144 170
122 44
2 81
4 133
143 102
76 145
74 84
59 146
1 3
103 4
93 144
153 150
118 130
55 62
44 140
79 37
143 120
88 160
129 67
22 50
30 6
124 64
71 35
163 149
5 62
149 80
122 35
11 126
31 94
65 101
176 129
156 70
42 60
169 125
4 177
131 55
77 151
38 77
48 80
39 143
80 51
114 12
148 61
20 139
26 61
38 172
110 47
170 59
8 39
31 11
77 4
98 9
109 83
21 50
63 59
95 64
118 30
174 67
51 136
136 73
126 20
44 95
25 67
159 19
19 93
98 89
172 117
158 116
125 70
102 122
127 86
1 12
156 91
118 168
172 1
162 76
19 105
43 22
163 155
17 89
76 158
146 51
57 154
67 7
20 51
40 83
125 162
110 84
58 161
60 116
144 87
42 6
82 19
21 84
179 147
153 109
151 65
38 42
82 61
17 25
4 50
45 168
151 115
132 66
107 147
127 46
130 115
104 49
140 80
179 160
94 21
102 99
61 73
10 80
179 122
178 51
58 83
120 62
40 145
164 126
158 179
78 69
152 31
97 68
29 78
67 153
23 152
134 154
130 24
67 111
87 135
166 83
42 75
104 109
10 167
137 178
17 68
71 77
104 132
68 16
173 109
124 180
174 97
117 158
49 90
88 36
138 4
101 78
77 100
97 94
173 56
143 17
88 165
38 69
141 34
178 159
4 57
83 58
2 137
49 5
112 158
19 167
157 24
89 52
56 65
92 117
170 112
139 159
97 140
59 164
156 19
55 39
179 154
77 95
20 110
121 158
52 1
178 180
109 92
15 3
174 128
174 17
133 109
84 62
150 36
42 73
10 88
153 165
180 174
151 172
114 143
148 42
141 30
105 60
120 2
174 25
126 40
73 161
5 163
70 180
152 139
2 7
15 15
49 14
120 109
102 52
59 66
152 158
116 50
139 3
99 59
83 129
24 172
102 43
92 10
87 126
154 118
118 103
71 2
100 14
152 29
11 18
161 55
119 13
49 110
175 70
156 133
101 109
172 176
89 162
35 118
117 101
146 125
56 177
38 99
73 109
174 3
148 167
39 106
61 95
4 64
175 174
180 76
173 40
97 33
101 74
17 127
108 179
2 148
35 95
151 117
70 23
105 110
113 19
7 19
127 142
81 129
151 55
1 68
54 8
128 10
77 123
163 28
115 172
149 80
127 140
105 79
137 157
7 36
148 149
90 51
93 110
155 66
151 40
142 91
163 115
143 50
124 69
102 7
22 2
51 50
55 53
108 148
82 137
124 79
22 141
160 50
174 108
76 15
33 137
45 137
49 23
129 9
27 15
137 94
113 19
160 98
74 4
61 64
10 151
3 165
44 89
78 123
139 154
146 170
106 18
142 165
114 136
170 75
29 27
23 42
21 164
38 32
124 104
79 86
67 122
85 99
123 44
100 123
43 52
135 33
52 43
74 154
32 71
176 22
89 108
4 18
101 66
154 46
30 123
78 152
162 134
114 65
99 96
170 155
44 105
24 126
74 73
146 58
65 166
150 64
102 155
161 99
19 59
41 10
42 35
158 32
123 109
61 170
74 167
95 131
20 66
25 96
34 3
80 72
49 81
13 161
176 83
42 147
74 136
129 14
16 100
13 153
13 111
105 63
146 157
21 116
119 178
97 104
67 70
155 102
155 151
148 91
96 96
40 49
43 179
96 97
22 13
24 10
166 138
3 75
135 2
27 136
8 107
84 130
106 112
119 66
119 149
5 44
50 160
102 53
48 109
66 103
72 2
80 6
27 94
39 69
102 72
142 104
126 1
50 26
151 114
119 84
150 147
109 67
171 110
147 80
144 155
133 7
102 18
121 152
1 83
125 66
73 108
140 71
142 174
79 19
83 83
34 178
96 134
100 74
53 94
147 43
129 151
80 73
106 161
123 153
128 4
52 49
172 147
63 96
156 145
134 92
62 146
168 106
63 122
24 176
138 145
114 126
129 113
102 175
31 159
60 103
118 177
59 91
3 112
169 23
42 51
166 128
105 37
48 55
115 16
118 75
162 153
127 74
117 121
74 134
163 159
123 119
107 118
103 166
86 36
162 125
45 154
141 17
26 176
165 100
147 36
58 163
70 58
1 91
34 136
25 36
126 132
74 91
94 98
16 125
108 138
6 141
104 106
57 177
39 73
141 110
34 179
108 74
143 160
109 128
107 25
82 127
8 66
44 35
4 30
20 30
116 107
158 157
49 36
4 142
174 155
84 122
134 165
73 146
129 112
92 60
169 98
31 8
72 157
130 48
119 162
7 160
1 160
76 172
48 75
97 179
171 82
54 105
138 121
113 19
97 45
137 129
156 165
146 103
177 166
14 54
80 38
109 99
87 96
64 174
5 79
17 65
141 62
87 33
91 71
180 11
146 2
105 152
144 117
148 55
132 56
130 138
149 65
104 169
137 48
42 150
7 9
136 108
41 84
115 89
100 145
179 5
50 27
36 41
94 117
157 174
70 4
15 27
105 180
74 13
66 176
148 61
73 144
46 64
169 93
134 124
97 110
97 164
13 11
160 8
95 65
19 18
42 111
5 37
6 127
120 51
15 6
160 97
13 157
44 162
87 2
172 177
41 30
160 63
77 81
142 112
89 21
167 10
50 49
130 36
180 134
12 147
15 44
147 143
174 25
178 128
170 71
53 106
124 106
29 155
168 41
170 73
46 86
56 67
150 143
54 150
152 83
89 179
133 104
86 80
26 143
147 179
6 148
1 134
35 156
143 80
52 124
90 77
124 143
18 40
101 15
162 75
138 150
54 34
149 57
41 147
176 111
93 51
115 80
179 53
99 20
120 154
45 115
167 39
92 125
15 167
162 136
88 126
39 103
45 137
158 144
128 72
105 153
155 9
46 144
33 60
153 115
49 111
52 135
85 70
169 26
96 127
41 126
106 12
168 17
14 18
130 112
39 37
157 156
14 112
43 89
64 2
44 53
20 146
77 133
68 33
56 138
109 115
114 122
28 89
56 57
84 157
56 72
32 17
176 2
71 88
32 165
30 155
117 151
14 16
177 162
147 80
79 104
43 49
30 62
147 91
131 1
28 12
112 70
120 10
101 76
14 74
145 12
133 33
148 110
47 142
55 153
49 57
98 138
93 81
106 157
83 41
49 17
37 178
41 43
56 69
80 85
169 155
163 141
54 44
143 86
109 82
72 145
30 118
127 160
162 151
63 154
161 166
115 23
76 136
148 59
68 48
143 118
26 64
65 25
116 73
90 122
62 56
143 64
138 139
34 91
122 112
158 61
47 71
31 55
19 123
49 152
157 28
158 126
56 170
70 120
166 79
45 71
127 44
44 123
168 10
174 171
16 18
166 27
69 107
142 56
130 99
138 146
31 52
43 21
40 149
23 174
73 22
119 111
118 114
117 149
145 67
1 80
95 26
7 45
22 4
60 91
116 153
136 140
120 119
37 109
93 8
90 63
39 33
154 39
71 62
85 147
49 54
161 156
38 1
129 155
117 120
85 112
33 104
135 88
93 88
119 39
122 43
112 64
113 165
31 129
101 60
108 21
59 85
176 165
133 37
23 149
105 23
93 60
43 114
35 122
113 92
95 93
68 29
100 158
33 91
117 179
5 7
83 118
58 90
99 15
175 101
153 55
179 97
83 147
42 22
165 88
145 68
73 24
66 130
152 152
25 27
150 122
116 24
160 32
24 154
119 29
22 171
5 96
51 113
37 93
24 19
119 46
74 25
9 163
13 153
155 156
16 129
165 38
135 92
103 40
80 57
39 178
95 94
46 116
128 30
169 44
6 47
68 38
71 118
70 87
95 35
32 157
85 156
72 127
179 18
62 33
48 123
145 108
90 34
70 116
73 30
17 123
81 33
178 128
2 146
86 152
149 41
45 47
97 81
105 124
11 170
73 178
169 140
79 18
30 119
158 32
50 58
4 116
136 103
62 159
4 106
175 148
147 150
143 161
64 1
127 13
78 179
14 165
96 152
76 100
9 119
13 96
12 171
29 157
162 92
51 77
168 86
158 78
141 144
117 109
102 141
54 68
6 151
163 135
14 15
17 94
63 5
80 23
92 152
59 21
25 130
135 159
18 57
115 66
129 119
114 53
112 25
33 180
135 5
129 141
98 54
137 121
96 73
42 80
52 48
167 166
166 142
30 126
131 106
2 97
109 11
64 50
103 51
6 165
63 15
24 173
72 109
118 13
87 85
153 15
52 130
85 84
44 110
2 101
114 166
57 172
55 96
153 30
131 49
105 90
133 136
73 52
48 69
90 2
163 46
148 108
85 39
119 84
70 84
140 53
71 122
15 161
106 80
13 144
59 93
116 10
101 51
152 57
110 67
38 15
158 24
52 173
113 67
173 69
41 35
76 132
65 5
179 36
133 47
114 14
56 92
88 99
175 32
87 93
161 74
128 143
29 45
81 148
40 50
171 180
7 26
123 127
80 101
124 33
52 107
134 117
56 107
43 145
36 124
159 146
45 16
107 104
100 86
116 59
29 98
56 39
4 56
93 53
85 33
130 20
44 100
30 122
24 15
115 40
151 123
119 22
163 66
19 177
155 6
102 159
160 59
1 84
84 73
42 4
128 22
130 136
39 39
170 40
21 93
159 109
126 123
112 96
32 4
178 8
55 122
108 69
54 65
56 107
80 48
142 60
124 64
79 17
168 148
134 155
125 93
88 111
70 97
40 112
106 162
116 21
100 84
74 27
15 86
16 78
175 47
140 165
88 82
75 83
10 58
180 29
20 131
169 107
103 143
2 33
11 17
99 125
129 153
28 153
97 59
91 104
109 58
25 44
42 110
97 148
178 134
97 36
117 92
168 118
26 96
158 100
36 29
59 134
159 167
103 114
108 70
114 149
72 146
98 117
16 53
134 83
148 167
170 103
135 172
94 160
130 77
11 131
29 83
180 170
17 96
46 133
29 14
150 121
65 49
52 6
130 74
119 84
134 89
74 152
159 98
42 30
163 169
70 47
18 57
96 88
92 67
40 120
28 33
138 43
48 130
109 169
94 4
30 176
74 91
138 10
14 140
64 100
102 14
167 6
8 41
35 56
175 1
45 174
86 31
88 179
159 52
53 22
22 34
165 162
176 127
142 112
147 84
78 17
167 78
31 176
145 113
28 2
68 122
6 57
96 5
137 106
94 1
23 17
151 176
135 110
105 174
29 91
61 175
100 169
101 49
14 173
159 123
121 95
124 51
116 25
100 172
146 148
85 10
57 157
154 42
169 66
76 118
165 48
144 145
139 46
136 61
125 90
36 142
27 180
178 116
115 21
8 43
111 47
48 37
35 57
8 41
175 136
163 15
176 2
96 99
170 177
118 26
178 127
18 61
74 129
166 118
138 147
37 82
35 85
163 74
118 95
71 35
169 166
82 164
5 108
129 137
179 11
101 36
43 76
108 44
15 151
131 179
91 18
133 140
134 37
72 133
120 104
7 116
75 146
112 71
160 22
116 105
137 33
102 95
107 123
20 67
83 24
42 22
3 107
108 42
165 167
98 12
104 170
163 138
66 161
164 6
53 172
34 118
35 22
46 63
71 127
62 72
171 110
15 20
46 44
113 25
19 71
67 57
15 56
63 143
39 115
152 8
24 119
64 166
88 142
148 106
144 171
108 149
89 8
177 120
67 67
33 110
105 119
134 124
8 23
128 101
58 162
17 38
134 105
97 63
52 38
109 147
103 173
127 98
43 158
44 14
85 174
123 157
66 60
175 74
102 152
44 119
92 124
112 154
127 167
178 2
65 138
152 14
77 65
7 127
2 173
180 96
96 60
60 79
123 165
128 55
92 38
52 87
40 119
106 29
138 32
133 100
87 74
178 69
125 163
102 87
144 124
113 146
75 113
125 104
32 167
75 152
98 68
82 83
39 161
55 78
66 110
6 76
86 127
82 164
57 28
111 78
180 20
14 133
10 100
136 163
107 175
39 43
33 100
133 140
78 169
32 88
166 71
31 44
30 109
175 62
38 131
81 167
125 30
171 159
74 27
6 104
160 88
156 91
40 114
107 13
131 94
35 27
9 87
66 9
89 47
58 135
178 126
127 22
42 108
60 108
97 151
123 117
48 39
127 116
61 176
78 45
142 130
140 74
44 18
27 178
46 92
32 127
152 13
85 54
76 41
94 99
109 78
49 103
104 126
38 10
133 137
155 26
129 115
103 5
40 139
11 11
140 172
180 120
68 34
143 19
84 119
161 49
152 32
143 12
179 169
156 42
165 85
28 87
80 35
105 151
77 111
82 136
30 158
70 26
53 6
50 45
91 87
172 34
113 33
78 61
26 64
18 65
160 120
180 44
115 72
63 118
167 41
110 17
31 158
60 21
34 39
39 115
50 30
47 174
126 163
119 110
97 73
73 76
169 43
15 25
24 13
176 126
54 122
173 37
161 166
122 126
12 149
70 29
27 158
74 146
27 113
16 169
1 112
60 78
115 160
96 151
176 12
99 128
36 80
56 112
176 166
24 125
172 49
2 153
77 135
69 26
82 68
149 102
63 91
83 129
69 69
32 54
28 153
66 155
115 118
136 158
23 153
27 71
61 103
159 8
88 104
113 95
180 27
33 123
96 46
108 95
150 82
73 24
64 112
109 77
20 74
4 126
166 162
144 148
138 94
38 50
154 90
72 35
54 75
15 96
28 49
57 49
102 173
33 70
168 178
69 171
89 143
25 28
78 96
132 128
40 4
57 152
31 107
4 50
145 8
113 2
180 82
91 88
16 137
121 107
160 73
180 145
2 68
101 86
26 136
111 5
153 126
119 161
48 88
168 9
150 124
13 87
13 37
119 159
41 88
44 19
27 162
11 16
179 143
177 130
6 128
120 113
17 60
73 146
55 68
133 51
70 66
165 48
157 1
24 37
138 9
153 179
151 11
164 39
12 104
126 160
19 141
140 49
33 4
76 112
149 82
41 21
7 117
163 98
98 5
40 162
22 170
156 100
45 92
11 6
147 85
96 1
3 127
57 16
5 177
67 122
45 170
161 7
64 155
89 166
126 167
89 158
154 45
82 76
82 137
112 28
134 41
138 136
31 31
109 121
80 115
173 41
126 75
42 83
163 117
100 66
127 151
102 52
13 6
33 87
141 28
6 20
31 30
32 52
180 83
91 65
165 145
125 164
15 68
79 123
8 118
89 178
30 137
44 113
169 112
88 125
124 79
75 66
48 173
24 33
94 114
110 122
129 114
103 146
102 32
52 116
67 157
132 22
180 119
9 45
84 60
48 148
67 33
101 26
24 96
9 53
114 26
103 147
123 60
10 72
168 132
172 162
121 87
68 37
3 150
144 36
101 117
59 35
74 74
79 91
122 142
126 86
153 35
42 112
55 161
59 160
41 111
100 49
70 87
12 85
166 68
22 58
134 71
141 80
180 125
73 166
124 77
76 147
33 30
99 145
23 111
118 177
98 86
143 167
56 40
120 65
35 65
163 88
77 177
123 127
120 67
28 175
117 21
84 81
110 163
169 8
78 40
171 30
143 6
50 87
178 141
37 171
151 87
30 48
39 118
120 72
36 98
165 158
120 65
97 114
105 107
171 147
62 20
108 56
51 134
6 24
177 112
74 101
151 177
6 41
106 73
131 92
159 80
86 34
52 2
148 1
2 5
139 36
111 4
21 112
74 135
53 128
130 112
68 80
80 103
178 73
11 86
134 131
63 156
76 3
111 32
15 38
173 84
172 69
166 45
4 127
109 68
2 87
48 58
104 108
3 34
53 41
43 149
33 59
89 16
164 11
175 52
125 126
116 168
7 110
38 64
164 76
17 157
111 27
76 95
148 47
49 108
57 82
7 151
54 85
100 18
19 17
16 118
29 21
163 137
26 93
86 137
123 97
158 129
102 163
122 47
139 70
149 6
108 22
98 13
163 11
30 81
94 98
32 141
49 100
49 122
51 111
143 76
43 179
18 35
48 106
46 22
170 51
3 49
91 52
137 136
76 105
9 134
36 39
4 169
150 105
7 112
142 28
49 45
163 71
24 133
135 107
171 115
168 165
18 20
41 138
29 97
131 143
23 43
64 7
129 82
74 20
174 116
92 86
151 55
155 9
61 131
144 177
51 74
114 169
91 5
163 64
67 144
35 173
122 96
60 54
117 168
35 27
91 126
152 41
168 72
19 79
137 124
110 46
108 25
176 89
21 50
27 103
85 112
70 75
51 90
72 151
173 131
143 59
4 159
67 11
130 105
175 61
174 133
74 52
111 179
125 139
158 136
44 178
72 102
95 18
167 83
5 156
43 24
23 53
24 26
12 10
93 89
143 44
47 153
42 94
13 152
64 164
78 87
174 5
160 69
54 132
163 174
27 44
115 178
29 90
51 153
150 114
152 155
116 26
73 51
130 88
44 27
170 78
173 64
155 150
64 15
97 81
143 165
101 13
70 107
53 52
160 79
22 82
58 72
157 149
163 66
114 72
20 163
119 36
139 28
66 74
35 12
107 153
34 120
2 24
113 31
128 56
13 16
46 141
166 118
37 56
60 147
116 144
126 88
20 141
150 74
96 65
95 144
1 36
150 38
135 87
173 106
66 8
152 31
97 150
127 69
138 136
22 51
135 67
157 78
87 39
129 96
135 148
51 148
17 167
20 118
149 107
112 104
74 31
104 92
99 153
125 9
23 123
3 119
147 44
110 98
17 90
35 167
96 122
167 98
161 115
68 121
49 175
10 56
16 76
97 116
94 11
52 42
82 120
136 113
16 162
32 55
107 100
79 50
30 90
75 159
13 72
18 83
145 123
119 161
59 66
71 177
39 146
95 12
165 119
28 110
145 149
146 39
174 128
77 91
99 18
29 39
160 81
149 125
105 5
84 123
19 121
37 103
17 159
72 42
178 92
97 141
72 80
29 124
85 28
7 37
60 175
19 120
7 59
108 93
18 78
151 90
30 51
79 158
38 155
77 139
153 166
123 178
44 97
129 88
81 22
47 148
28 66
94 159
139 159
146 75
43 159
32 30
131 132
40 102
61 20
159 110
128 14
45 8
139 5
41 77
151 126
37 43
14 141
80 84
90 123
153 91
128 114
28 153
154 26
70 96
80 128
127 61
48 60
3 69
25 56
140 119
171 106
67 42
174 70
66 146
127 152
60 82
56 47
66 36
133 116
103 88
66 160
70 16
75 116
172 59
100 140
144 45
25 4
145 99
22 62
11 62
84 62
166 32
92 13
58 30
21 10
72 132
64 105
96 48
103 140
46 101
38 20
62 14
165 36
43 53
127 25
49 112
9 32
142 81
79 133
10 69
129 179
68 96
124 50
74 88
45 136
159 29
18 10
72 156
20 175
112 57
38 146
162 25
32 111
32 114
162 180
92 138
39 73
81 169
149 69
134 98
22 91
166 35
118 86
171 27
28 17
83 141
23 94
163 90
107 9
80 65
42 94
39 102
140 48
118 49
34 134
78 7
155 91
3 77
158 14
138 19
114 139
152 125
112 180
141 111
84 80
9 73
171 125
58 1
49 27
91 118
175 77
5 6
123 13
82 161
95 34
137 25
180 166
74 77
171 86
95 96
24 148
62 38
160 33
96 5
120 133
108 54
109 2
107 122
99 18
15 76
103 76
53 129
104 34
130 24
61 17
174 38
24 144
28 81
162 136
39 159
29 169
178 149
75 18
132 51
7 102
92 161
155 105
94 157
80 155
42 10
53 178
122 90
89 133
172 120
151 42
106 151
124 120
6 110
5 48
91 126
153 163
88 33
15 99
91 40
176 155
174 107
33 78
14 103
9 26
50 33
23 70
98 22
135 46
84 97
141 90
138 170
180 112
146 73
61 129
29 96
55 143
111 16
23 166
24 20
162 94
90 167
95 111
21 127
157 45
100 106
150 66
67 70
50 83
142 44
74 133
153 127
30 29
163 126
116 147
7 176
42 9
82 125
105 17
114 96
156 176
121 84
163 64
87 156
123 149
62 78
44 55
48 124
171 82
161 159
54 155
49 172
163 51
83 25
163 158
86 60
169 109
56 20
20 172
152 102
115 87
68 135
85 156
16 68
72 62
104 103
179 117
22 114
27 47
128 25
10 90
174 27
142 44
43 34
135 59
99 126
18 170
104 147
17 105
64 112
42 26
55 121
175 6
9 126
53 144
143 120
155 33
90 99
52 121
72 40
149 74
32 39
96 33
39 22
176 46
128 134
107 172
163 157
126 25
54 157
89 94
162 63
149 73
62 44
62 35
5 132
69 20
175 10
162 65
14 23
143 17
47 4
31 158
56 34
140 25
172 103
42 113
40 92
180 74
136 153
48 98
109 123
115 6
98 60
140 7
77 2
107 21
71 90
55 40
58 78
21 46
127 81
164 135
126 176
140 11
63 120
141 4
70 172
142 46
103 6
104 23
143 79
131 98
76 173
60 161
174 174
91 67
92 24
86 133
135 162
142 82
4 135
83 57
105 131
164 23
88 1
88 69
150 4
14 156
58 28
165 156
97 74
83 45
72 15
88 26
123 18
139 78
22 82
87 46
5 32
177 109
91 166
161 89
174 178
51 46
171 160
144 123
114 32
1 132
78 150
33 26
60 58
2 109
44 23
138 7
54 83
71 74
70 29
85 1
34 36
77 48
120 33
36 31
178 106
46 150
177 152
164 4
149 157
176 109
140 97
124 64
83 132
7 162
133 115
80 101
99 18
73 42
29 177
122 159
33 28
92 18
1 8
171 14
43 29
8 95
18 154
17 93
161 16
116 170
94 121
7 173
43 69
76 17
76 152
31 141
76 127
70 105
24 9
180 25
97 129
92 46
126 146
58 175
21 11
88 20
88 92
114 147
21 108
136 29
163 148
80 105
155 17
100 83
123 126
102 15
2 146
148 116
56 6
159 48
36 37
40 11
98 130
71 137
76 8
56 151
103 21
92 121
79 18
36 44
85 96
109 10
143 134
122 4
54 138
161 95
69 96
115 173
54 150
47 107
31 78
159 48
27 74
13 25
37 2
128 142
112 25
115 169
176 139
178 122
90 99
34 23
121 155
129 36
119 107
61 156
18 9
80 86
167 134
23 92
31 71
83 102
134 52
141 140
88 41
10 109
135 134
20 88
82 65
19 2
137 81
63 138
38 149
15 5
27 145
124 134
131 177
143 50
150 102
133 34
93 177
140 27
63 31
56 105
140 150
22 180
86 110
52 136
36 53
119 28
102 167
161 168
40 46
118 107
135 14
133 14
111 54
32 77
125 99
32 99
49 56
62 5
24 39
154 73
46 16
77 140
100 75
98 107
101 137
94 7
163 42
130 174
127 13
101 28
101 168
167 62
148 125
151 167
19 139
3 121
12 89
107 114
90 118
111 154
169 87
51 10
54 35
58 155
163 106
72 17
55 167
121 140
84 123
164 24
16 86
51 120
60 72
112 34
142 142
127 136
103 16
133 92
145 82
19 53
118 12
164 7
21 109
41 68
138 102
121 143
14 113
55 144
105 110
89 36
99 102
130 47
146 20
113 90
114 65
125 172
104 110
109 163
180 113
38 160
98 122
58 139
140 114
112 177
150 87
33 140
62 113
62 177
80 164
14 86
91 129
86 165
123 51
49 113
16 40
51 149
125 33
88 167
95 139
73 145
46 154
110 69
175 176
167 56
65 144
59 56
59 50
112 114
155 107
84 72
117 84
104 112
15 172
153 176
71 139
164 84
154 169
22 180
21 69
71 161
73 25
73 179
155 80
85 161
43 55
1 135
11 145
107 17
153 43
110 63
64 161
176 94
176 36
149 131
158 160
21 20
162 80
16 112
1 137
70 55
118 57
5 8
43 111
98 111
94 166
74 173
92 84
128 177
53 21
103 147
14 92
86 69
137 123
150 74
72 170
109 6
149 141
167 146
66 110
49 180
54 150
131 149
131 67
95 107
15 124
64 94
143 155
173 129
38 50
167 154
14 120
75 95
95 19
99 135
75 118
31 43
96 37
115 115
150 36
162 95
160 77
49 130
85 50
48 134
79 33
161 23
168 66
66 50
169 128
166 115
43 59
51 17
174 115
96 13
152 47
43 105
134 2
79 125
95 26
20 40
103 56
9 84
117 166
104 58
154 35
72 35
119 78
58 115
158 71
119 20
100 103
50 119
86 66
66 16
174 49
139 133
145 93
171 33
19 112
83 34
179 160
31 36
103 136
64 25
169 165
123 160
91 97
172 97
36 137
143 35
93 39
15 41
130 106
68 126
19 14
69 63
87 174
128 101
161 93
171 61
96 125
128 154
2 89
1 80
120 139
131 20
174 159
89 34
23 141
78 4
50 97
40 20
172 101
77 124
58 125
12 101
158 17
153 166
159 169
18 106
52 42
146 4
135 82
112 15
97 49
94 89
19 52
72 77
169 87
26 123
180 175
173 50
128 104
118 99
116 6
142 112
168 158
61 113
3 132
80 36
85 160
110 25
178 68
77 135
38 116
27 100
119 112
163 125
153 124
51 165
150 179
104 156
44 119
169 156
136 25
131 173
180 81
25 79
92 30
3 159
131 145
57 55
54 128
91 133
176 108
170 102
96 166
40 159
55 81
142 15
85 151
175 81
80 177
159 108
25 52
89 75
14 104
180 99
9 166
69 145
147 29
53 172
149 76
104 70
173 77
44 82
63 98
158 117
154 134
156 17
100 163
47 161
29 101
107 112
99 136
116 161
9 39
180 13
84 63
160 131
50 95
116 52
165 13
142 14
11 166
67 136
80 169
41 53
62 12
151 96
85 109
64 37
93 144
140 180
111 113
116 171
112 174
29 78
107 81
172 77
174 173
128 86
90 144
173 47
77 98
30 16
54 144
5 32
48 139
60 124
108 35
28 144
22 1
145 140
108 64
81 43
146 12
33 166
83 40
167 11
116 175
122 12
161 161
177 51
158 130
75 16
128 41
24 161
32 80
78 96
39 136
139 59
139 77
164 88
63 49
155 89
137 36
38 129
65 172
41 4
93 67
168 78
26 63
76 150
98 99
59 23
41 92
67 16
98 95
1 114
117 101
119 83
33 141
72 50
150 47
101 160
126 88
59 24
15 176
174 47
98 95
37 103
20 21
94 52
83 69
61 108
169 174
152 17
130 130
74 84
10 157
73 86
113 92
52 131
179 164
51 176
151 174
79 91
69 170
180 1
80 27
147 109
138 35
165 166
169 52
45 146
180 147
93 7
104 22
67 73
89 22
103 118
167 94
6 162
142 155
131 171
156 180
91 126
77 100
58 75
124 32
141 177
4 118
71 27
9 5
115 5
24 57
177 54
50 83
104 69
36 35
125 72
54 159
179 48
109 3
49 171
96 22
115 176
140 27
105 13
175 31
104 58
172 163
78 165
134 130
57 109
87 152
31 138
2 155
180 15
96 167
163 125
173 98
57 51
53 56
55 52
5 78
81 149
60 2
46 132
145 73
116 98
130 115
94 1
94 102
48 176
133 114
16 11
9 23
99 92
45 146
106 11
26 66
64 12
50 165
21 12
110 119
177 11
180 70
134 101
132 120
69 8
87 53
7 22
35 122
146 29
162 125
13 108
74 46
69 2
148 169
139 22
162 163
103 84
71 2
27 19
37 6
173 87
71 112
21 163
180 112
9 24
40 166
68 99
78 148
123 43
159 154
117 156
144 172
94 28
146 105
120 43
166 158
102 85
114 67
30 30
107 100
130 41
68 170
115 150
139 61
165 89
31 107
72 121
26 116
45 106
78 8
48 169
98 162
179 143
7 51
35 137
25 103
163 86
122 156
131 114
70 113
28 99
76 112
66 3
159 164
180 164
164 77
8 83
163 93
7 79
2 159
142 26
98 96
18 118
25 177
104 19
127 17
170 41
14 180
157 3
162 32
130 150
47 49
168 29
123 144
50 161
167 76
16 160
7 23
161 102
10 25
132 50
119 44
21 61
114 3
163 139
180 180
118 5
131 156
93 67
142 89
91 62
42 83
9 167
87 93
56 81
38 26
7 161
62 55
35 72
11 42
5 120
178 109
121 142
42 115
149 85
15 20
180 27
119 94
104 78
79 38
116 135
84 112
136 60
125 110
142 131
160 12
88 144
107 57
148 175
96 145
22 146
69 134
71 82
52 144
66 51
114 163
75 88
113 38
123 23
154 157
15 75
156 178
152 54
63 62
85 117
37 173
149 61
26 161
124 30
176 96
40 131
37 25
130 121
21 48
43 31
80 159
24 54
17 58
157 43
158 169
117 150
150 74
149 37
98 19
108 153
56 168
104 149
51 73
94 61
77 125
168 177
27 48
39 73
66 116
22 143
4 52
107 130
176 162
71 6
128 46
3 153
108 162
2 67
154 171
146 125
50 69
75 138
133 134
137 53
148 137
152 31
120 142
106 165
56 99
166 33
42 120
158 20
136 95
35 55
171 61
140 161
55 32
44 29
9 114
169 89
178 31
157 38
129 40
152 174
81 101
65 3
123 7
153 157
68 15
170 106
122 175
20 180
108 148
66 104
103 81
107 145
46 136
26 2
134 16
1 58
28 152
97 138
151 126
96 119
81 113
109 112
135 147
163 43
148 72
121 30
22 3
148 39
31 38
75 48
159 88
101 5
111 167
10 112
30 140
17 144
155 151
26 125
12 162
37 88
120 152
36 1
165 108
151 32
92 79
129 32
79 176
41 95
84 71
65 88
18 55
79 47
57 163
60 45
6 72
154 9
158 168
39 142
112 3
130 82
70 117
125 82
99 113
97 90
172 176
64 62
131 32
42 103
48 138
20 122
132 129
24 38
36 128
23 138
36 70
114 180
116 58
122 130
139 12
156 44
12 11
133 85
153 40
147 58
126 106
9 94
119 2
175 127
129 67
53 29
94 106
100 150
66 33
49 8
124 115
76 39
67 105
36 29
121 20
144 146
60 112
31 20
18 55
98 35
36 64
60 62
77 138
150 17
121 118
27 33
164 72
35 103
101 131
42 179
154 23
13 42
118 152
36 24
153 9
20 3
131 9
155 110
14 109
30 143
1 20
75 176
176 111
165 170
75 77
179 37
90 50
3 34
46 57
104 1
63 83
145 103
45 108
86 34
125 149
135 103
61 155
26 53
62 4
123 124
37 84
42 56
109 135
85 48
21 149
137 27
135 86
51 85
27 16
156 148
52 97
46 162
157 12
31 11
97 90
103 175
156 43
146 28
88 91
28 49
100 41
134 145
133 150
90 165
124 69
86 82
101 2
118 38
135 66
143 46
91 84
25 107
3 5
81 121
162 56
15 130
81 69
180 170
124 121
9 155
122 142
128 73
56 99
154 174
119 58
32 5
176 75
40 31
54 58
43 56
114 112
112 87
172 53
158 30
174 18
91 98
20 7
42 71
107 152
154 115
174 170
105 74
80 17
41 59
44 150
64 50
115 18
158 69
178 117
124 125
80 57
97 135
13 157
10 120
95 164
103 135
22 68
73 138
46 2
104 98
7 115
115 20
175 17
131 52
169 2
135 180
70 158
142 44
163 163
58 7
111 64
47 2
19 146
32 159
50 5
17 131
64 49
63 139
93 41
38 172
157 28
149 153
15 23
110 11
63 75
50 110
107 3
51 165
129 69
93 88
84 9
177 81
168 116
52 133
116 102
76 20
56 50
72 121
147 138
6 126
118 162
13 62
166 159
132 74
111 115
159 47
64 10
21 91
5 173
17 32
121 80
21 16
59 57
163 137
4 152
164 95
159 123
104 87
56 125
82 140
17 104
118 2
85 41
115 100
66 110
140 12
110 21
108 37
53 88
111 141
145 121
113 16
11 121
172 68
139 139
63 28
148 95
173 31
90 166
108 12
63 5
170 100
14 141
21 130
143 81
136 96
153 29
101 129
131 180
119 17
41 148
117 32
89 165
71 161
105 149
76 17
104 69
147 137
44 135
49 33
129 99
75 29
69 19
1 140
46 106
32 25
115 13
21 73
14 157
74 68
35 104
151 112
155 92
156 130
144 51
24 53
60 178
50 33
125 139
53 87
66 132
133 114
85 123
54 19
129 165
83 136
139 82
1 112
36 145
5 63
178 169
5 88
5 154
104 154
86 56
177 106
150 16
61 41
55 75
100 147
124 65
50 152
155 150
38 25
148 80
139 128
85 2
27 61
159 7
129 132
87 148
169 21
139 43
143 76
19 63
62 100
108 123
16 150
61 6
26 95
100 118
21 164
11 47
31 162
22 138
7 41
126 54
16 107
115 159
52 172
172 97
134 138
109 27
135 137
165 77
135 3
72 126
65 167
115 96
102 54
129 178
63 110
59 85
158 38
154 59
1 119
65 105
165 127
46 4
89 20
68 176
59 36
173 6
162 70
169 28
145 172
147 140
39 59
35 103
78 6
50 94
1 129
28 63
44 43
41 14
146 121
67 163
138 180
9 54
96 11
136 20
53 121
60 9
31 40
27 6
127 2
172 55
135 149
108 131
125 119
21 1
176 37
27 24
105 25
104 140
130 102
25 29
78 46
2 50
26 39
11 159
47 45
36 98
40 27
41 128
103 108
90 92
116 76
27 26
94 19
156 68
114 175
50 103
175 124
110 115
142 57
1 81
58 148
76 113
150 62
140 25
47 131
164 172
142 22
72 61
19 74
59 12
180 120
2 111
123 131
43 59
50 96
29 26
66 94
144 70
113 102
70 38
122 159
161 32
170 55
123 73
152 37
120 125
159 95
136 15
112 65
50 73
96 96
8 3
25 54
133 26
61 46
108 82
127 131
124 120
68 60
76 91
179 25
24 152
176 158
19 106
142 110
176 145
81 85
98 61
27 166
169 32
166 39
163 129
65 152
125 163
157 67
14 148
159 20
151 27
15 5
28 122
80 31
150 30
87 66
156 7
100 17
180 63
156 172
155 131
21 87
93 148
61 134
44 88
27 114
31 26
22 60
18 97
180 139
71 68
125 67
42 110
30 134
114 141
178 12
71 56
156 173
32 74
28 13
28 89
49 96
113 83
103 23
16 5
175 119
14 8
60 159
169 23
51 47
2 147
135 134
102 15
109 103
125 100
96 73
56 41
134 163
173 63
39 100
51 117
102 167
100 54
143 73
93 19
45 60
164 104
9 22
7 152
20 96
98 149
14 115
142 62
47 76
12 20
137 70
169 173
165 73
174 127
24 46
176 103
121 141
127 142
32 72
136 86
34 21
87 44
105 110
82 31
99 72
163 162
148 154
85 70
56 11
161 20
44 70
163 153
172 122
15 100
42 76
29 162
8 164
159 155
80 111
61 115
48 115
43 65
51 150
147 32
138 153
115 151
167 82
84 78
145 134
31 81
18 117
150 10
43 107
163 103
2 58
110 21
35 62
115 18
25 33
85 120
133 15
31 47
9 14
125 145
156 30
8 180
76 58
82 89
176 1
148 128
74 72
50 180
74 78
33 104
147 51
19 43
52 8
31 100
77 142
63 170
140 16
98 41
112 36
107 158
73 79
139 118
77 10
76 137
149 26
13 166
90 156
6 19
121 15
4 81
104 82
97 37
166 161
113 56
62 106
151 48
177 12
127 172
64 7
6 14
58 93
145 55
132 174
59 10
53 18
109 28
13 63
60 126
171 144
134 44
137 179
37 147
166 4
13 6
101 108
168 159
101 73
174 41
50 142
68 39
169 160
156 75
143 78
168 19
94 6
166 167
163 127
1 180
156 118
41 50
109 177
6 27
170 172
134 114
88 67
159 5
79 108
60 159
121 175
150 33
98 145
131 26
79 71
132 82
36 80
83 172
119 93
21 15
1 55
23 92
120 146
159 25
71 33
79 106
20 79
92 117
167 159
135 73
152 111
174 127
172 83
57 155
78 163
56 49
125 72
159 70
173 79
172 46
169 178
114 61
161 21
168 63
142 165
166 44
127 156
107 99
64 180
147 173
149 123
31 20
147 54
180 162
104 107
106 72
97 72
78 137
48 85
107 75
120 133
139 72
164 104
62 22
168 43
51 71
158 116
127 9
103 135
23 119
85 145
70 138
143 126
78 36
121 86
132 159
167 111
20 151
110 97
112 90
148 142
67 179
110 30
114 108
38 50
170 101
77 106
67 54
163 108
31 51
41 91
112 151
11 176
176 176
9 32
39 108
42 144
23 114
89 154
69 101
106 94
143 8
150 130
86 39
57 117
180 7
87 61
178 160
15 82
166 71
71 137
84 85
3 172
57 31
58 13
135 13
82 29
157 83
173 85
74 159
176 118
108 49
128 51
160 34
94 166
66 47
20 87
78 40
9 32
144 150
128 59
53 76
97 3
83 41
8 8
45 12
151 61
136 144
17 25
103 41
131 95
35 19
123 107
91 129
33 158
53 134
111 140
33 63
164 172
90 64
62 180
97 123
78 118
48 151
9 19
35 88
45 122
102 66
90 173
109 125
164 103
64 3
55 38
173 118
150 140
129 156
27 82
83 139
95 104
116 7
30 68
23 24
145 78
107 20
41 59
153 36
26 52
103 33
67 34
157 107
151 111
151 124
67 76
20 125
21 80
1 41
72 86
102 59
143 20
162 138
159 122
72 131
120 100
10 159
54 97
80 137
177 179
66 63
40 145
158 66
66 170
101 17
50 172
80 13
178 9
131 28
128 78
26 92
63 41
166 134
89 173
159 130
4 7
158 136
84 167
106 172
13 126
14 104
145 66
7 42
42 10
33 46
8 103
152 15
38 164
81 67
53 144
105 85
51 17
88 36
90 109
9 28
5 108
166 117
148 92
47 46
53 17
46 174
4 49
113 83
177 175
27 63
148 79
18 128
106 101
80 55
58 163
72 37
100 107
1 7
178 46
58 135
125 172
43 68
173 66
165 117
14 148
56 145
32 44
23 34
118 40
40 6
89 106
29 86
35 12
38 172
3 28
70 171
154 79
53 102
148 79
172 125
61 35
64 141
36 71
81 54
172 58
105 169
86 50
16 39
90 136
4 160
113 4
63 10
101 3
132 171
25 3
124 169
51 128
30 42
111 92
141 83
175 144
69 123
62 41
51 179
50 128
88 34
113 85
106 134
66 180
34 66
170 89
94 157
12 11
180 56
58 41
136 123
117 166
77 111
134 38
71 35
68 47
127 161
98 125
126 83
28 81
136 68
163 116
130 29
39 111
73 44
103 140
57 153
70 31
27 8
59 17
140 18
92 154
78 120
180 50
91 16
4 66
79 5
99 51
61 1
42 123
39 133
98 149
47 98
160 144
80 80
116 17
111 26
123 171
166 26
161 7
66 177
164 7
27 65
153 95
80 67
170 124
41 9
142 130
137 48
49 48
91 63
65 135
108 49
92 173
130 82
142 55
140 105
145 137
40 59
6 87
77 80
86 178
92 177
9 17
54 109
32 173
49 97
33 147
64 77
151 161
114 153
126 150
127 84
85 97
92 179
1 32
163 104
157 133
155 138
179 48
44 153
124 39
75 133
154 132
124 159
1 92
52 16
171 153
39 55
95 147
114 54
143 30
3 169
6 153
14 28
82 71
138 133
13 86
21 110
128 101
162 93
27 167
151 97
107 156
101 113
155 124
132 29
81 162
49 22
26 59
35 20
99 64
146 165
171 38
159 112
63 97
128 121
140 10
87 82
165 19
43 149
93 102
113 128
14 139
156 141
12 65
89 88
7 126
144 68
109 79
144 34
71 13
45 59
119 94
123 69
165 14
156 99
10 52
180 173
4 132
34 35
160 124
46 174
67 40
37 110
140 41
178 149
62 130
32 105
131 91
127 38
65 102
96 1
41 139
162 107
70 116
175 79
26 62
81 132
45 29
6 171
153 16
2 117
112 11
139 120
31 103
137 11
118 62
155 21
23 32
83 58
151 51
98 39
160 152
170 151
44 63
132 35
49 22
34 90
80 75
127 1
6 47
5 51
6 97
126 109
3 44
75 130
27 62
179 75
128 16
101 62
6 160
8 165
99 130
83 29
124 42
52 53
7 175
99 93
112 94
56 159
91 30
155 67
115 42
42 164
82 44
137 130
81 100
139 144
111 172
153 143
107 115
101 59
175 8
4 18
55 39
69 99
151 163
97 50
81 155
134 73
94 95
108 166
134 78
49 118
177 27
8 122
112 169
7 108
162 99
5 168
109 17
103 105
124 30
33 170
172 84
147 38
80 78
111 40
176 40
126 110
13 43
44 147
6 96
83 3
132 81
82 22
43 9
121 174
179 69
13 91
30 105
2 140
42 65
95 49
117 20
66 74
65 25
110 53
71 26
69 164
138 106
79 115
113 15
95 178
83 111
133 151
18 141
68 150
148 115
33 79
114 46
107 55
54 133
86 31
37 105
80 12
48 169
125 158
39 142
84 97
172 102
30 139
70 51
128 99
85 36
40 126
7 26
154 131
173 177
78 128
29 29
131 131
61 116
151 74
16 77
179 96
27 56
146 54
51 149
35 50
7 108
77 172
100 7
16 23
60 99
58 24
44 40
25 117
23 112
65 123
92 14
55 65
93 80
53 11
88 171
35 165
81 49
147 169
177 139
80 2
150 74
45 139
161 43
179 127
130 157
57 126
151 135
67 145
72 39
69 113
116 7
104 117
1 43
84 96
170 100
101 149
87 65
102 65
28 89
29 104
78 93
1 147
11 48
66 47
34 148
33 146
166 56
122 69
63 164
47 163
139 172
23 118
6 20
48 81
16 31
130 117
29 152
120 144
119 100
91 144
27 10
178 25
16 121
36 56
170 65
180 154
51 134
27 121
21 77
118 35
26 108
115 61
97 67
139 132
2 156
98 15
138 34
7 157
29 160
57 180
165 167
57 104
141 123
157 148
68 24
120 118
103 127
72 44
84 160
133 134
53 45
12 75
135 105
5 151
141 109
84 131
178 12
171 58
175 149
178 94
66 67
95 15
172 13
26 143
41 127
147 55
54 61
39 49
90 153
87 3
126 120
178 68
89 151
64 94
63 50
131 122
70 102
75 136
158 90
155 116
67 172
66 7
10 96
176 44
21 105
34 87
39 74
61 114
163 171
120 132
28 11
45 65
142 63
99 67
17 60
158 30
36 142
179 115
66 15
151 104
132 126
84 127
137 96
122 98
127 54
121 76
78 92
168 172
153 12
2 143
143 124
102 55
159 143
76 104
32 55
77 9
35 147
74 166
91 6
68 20
126 172
179 29
132 78
77 54
25 132
48 65
34 101
53 10
120 64
24 59
50 66
136 110
32 175
61 115
110 162
159 84
7 91
75 54
143 27
46 28
152 112
160 134
98 145
152 104
152 57
87 21
11 174
93 163
20 37
88 71
109 12
63 101
18 91
48 40
27 62
159 41
25 8
82 111
93 59
74 144
128 24
161 100
150 78
68 172
105 23
139 21
95 93
93 87
30 97
61 56
100 169
149 83
164 26
110 132
138 133
44 154
116 62
148 4
122 172
106 166
109 177
157 80
30 29
35 129
68 160
10 123
171 138
16 125
85 35
26 107
84 17
12 162
148 121
36 56
70 179
142 152
156 114
136 101
54 142
23 107
167 64
149 105
156 98
122 97
95 44
163 112
15 84
24 48
70 132
34 44
178 174
111 175
94 47
155 17
82 32
103 78
5 157
87 20
80 113
14 153
156 102
35 17
22 36
11 69
177 108
123 159
164 12
5 84
69 122
18 38
78 49
17 92
60 55
123 73
2 23
40 161
24 73
96 124
36 32
37 178
163 34
159 154
46 27
100 131
