180
1296
2 166
153 84
17 154
18 3
52 169
129 60
39 54
147 82
177 147
10 57
76 67
73 111
90 74
70 100
60 172
25 137
178 80
88 94
95 47
34 160
32 106
140 143
29 165
48 110
28 75
26 99
179 128
117 112
81 24
46 7
5 98
134 17
174 15
84 119
31 75
11 24
4 59
87 45
54 45
166 50
71 95
156 19
135 65
99 179
84 38
141 33
163 9
82 11
65 11
107 8
110 109
99 154
134 161
6 143
25 135
95 124
164 134
134 155
157 43
139 110
58 119
80 119
143 13
159 49
154 153
9 44
40 74
63 68
155 59
172 127
42 45
7 143
32 143
12 15
129 60
50 11
165 167
178 34
23 114
177 87
158 107
56 75
164 35
131 29
138 166
110 150
5 180
39 89
121 9
59 150
14 78
54 12
83 164
6 110
180 108
177 140
173 85
135 144
37 165
70 1
74 172
160 124
104 22
129 11
122 4
179 136
154 98
123 52
58 101
119 125
148 163
64 51
178 30
158 157
26 15
52 96
81 20
4 131
137 177
72 26
153 126
108 59
133 20
99 160
57 13
75 8
29 81
64 74
85 103
104 74
90 107
10 97
37 86
17 46
14 32
117 42
147 25
17 105
81 148
179 177
44 25
23 140
144 24
139 28
4 78
174 32
54 92
74 19
109 89
99 74
72 13
85 19
155 28
80 173
136 125
66 174
95 95
179 77
27 166
99 145
6 44
149 133
119 73
88 150
161 31
33 81
164 105
107 109
24 154
103 85
69 31
90 77
176 83
32 177
136 122
53 172
106 116
178 128
67 149
44 174
49 75
52 27
92 138
119 32
84 163
129 48
100 137
28 20
176 59
166 102
88 3
115 71
108 45
133 120
48 112
93 40
57 48
99 127
14 140
146 20
35 171
60 135
114 89
71 134
123 7
40 167
38 10
158 11
98 164
160 154
27 60
51 160
31 168
134 145
90 178
68 51
74 23
160 168
149 53
18 126
123 71
105 33
161 11
17 63
71 147
3 146
44 18
154 45
169 8
86 143
56 7
43 3
9 68
75 1
30 54
137 174
79 45
151 88
158 4
40 152
85 46
96 48
78 131
78 16
172 137
77 126
63 77
56 76
14 54
109 137
101 35
33 64
24 125
135 146
169 111
76 4
156 120
98 77
174 153
153 7
23 74
64 99
170 155
149 131
119 57
45 61
151 148
16 142
137 4
113 47
60 48
126 53
172 5
8 68
79 146
160 180
18 8
92 121
180 55
131 72
74 111
170 84
92 34
132 42
36 175
174 71
101 23
179 70
163 173
131 88
95 15
48 163
111 109
81 53
14 34
42 16
6 146
61 95
89 158
12 73
5 31
53 60
84 8
34 175
49 171
83 10
44 28
1 155
1 25
150 127
162 61
88 167
172 93
78 20
110 37
130 170
161 148
72 37
66 10
137 123
138 172
84 34
10 121
34 72
103 132
48 178
164 82
3 2
86 137
147 102
102 150
69 168
179 70
87 162
112 47
172 119
113 139
45 5
5 164
30 17
128 163
142 147
21 127
165 13
154 72
117 32
10 80
179 98
7 56
169 100
12 15
46 115
51 139
9 59
81 113
125 19
178 11
105 117
81 38
43 100
140 174
25 43
38 42
70 94
95 21
78 86
23 59
19 131
66 179
176 145
45 163
172 171
130 6
128 69
51 22
80 23
76 1
134 65
26 175
143 168
103 161
166 132
13 138
54 165
37 100
178 97
47 175
93 140
2 122
160 151
52 86
177 84
49 44
70 9
79 8
162 42
65 44
28 51
76 154
96 118
142 157
37 59
81 16
33 64
138 110
157 48
147 12
12 142
40 126
39 81
53 101
135 24
90 136
151 25
113 19
153 69
60 142
134 2
132 100
69 87
22 22
18 27
57 134
95 65
86 167
32 137
111 162
137 38
151 146
148 6
98 9
1 118
91 70
158 137
43 140
108 40
21 62
131 36
48 156
158 45
139 101
5 153
162 128
39 173
180 46
156 127
11 132
142 72
108 59
147 138
3 17
24 74
81 103
18 16
121 79
103 87
30 117
88 178
88 62
66 154
99 167
159 110
20 38
77 56
101 57
56 149
89 16
72 27
77 4
28 46
165 61
132 135
6 134
57 67
175 127
180 37
15 74
61 107
33 73
47 83
44 73
32 158
139 133
129 28
36 115
78 158
91 122
19 60
56 154
142 83
31 29
114 13
136 91
32 63
104 89
39 3
148 81
138 145
8 77
26 106
101 81
154 121
53 131
37 31
63 36
53 173
40 80
110 67
145 69
101 31
68 164
78 76
80 13
31 4
87 115
46 97
119 21
75 164
29 28
103 156
134 95
50 36
63 172
116 177
123 90
56 128
71 36
71 15
53 88
79 27
11 107
176 25
180 29
102 67
99 88
11 47
174 157
109 125
153 123
78 31
76 172
52 147
64 38
125 7
7 37
108 1
92 91
54 45
11 68
147 126
104 158
111 89
153 102
7 119
165 1
58 165
120 113
96 137
30 167
22 56
178 54
79 85
24 15
166 149
51 174
79 149
40 28
159 59
164 166
97 85
87 59
96 68
63 148
34 169
155 87
11 134
162 99
64 147
17 174
118 66
88 17
125 49
173 97
53 94
84 79
141 126
176 78
18 43
100 123
10 10
19 156
147 132
59 137
167 43
63 98
163 84
32 57
76 107
82 16
120 124
101 164
71 107
109 125
158 116
114 86
69 21
81 125
84 66
143 118
57 56
173 171
77 161
84 8
100 180
32 64
130 110
18 100
138 111
97 144
153 19
66 29
52 69
96 156
43 152
75 48
39 151
60 5
70 116
167 164
145 21
76 172
94 51
16 111
126 11
16 141
156 18
166 92
105 49
174 101
143 39
173 18
12 132
116 14
37 168
43 78
16 119
51 28
114 176
34 5
4 159
93 1
67 70
130 45
77 163
140 18
157 108
156 66
54 21
72 96
31 8
135 158
111 143
12 155
106 143
133 174
138 161
47 27
61 160
65 116
116 96
121 43
100 65
13 138
84 12
49 120
4 170
176 157
5 115
112 94
19 112
43 165
101 68
75 70
79 9
155 55
35 107
1 79
93 42
20 166
124 110
93 140
164 125
122 126
46 103
7 127
66 151
143 120
125 72
78 101
150 168
46 68
17 139
81 54
113 94
19 4
82 170
21 41
9 148
72 91
22 104
151 126
58 153
48 5
102 173
98 103
138 156
71 66
137 162
167 15
75 16
107 15
13 104
71 39
90 98
81 172
146 36
57 127
98 151
49 96
37 151
119 33
61 30
162 132
22 73
28 25
69 28
120 57
120 112
124 52
127 30
43 178
127 61
81 142
115 98
10 164
121 39
96 178
18 16
155 57
64 145
97 86
133 114
15 162
103 114
138 4
28 103
68 99
17 41
2 92
163 32
13 32
10 33
140 21
40 50
64 91
173 101
87 152
102 47
162 106
9 25
148 167
156 65
63 17
38 146
43 149
40 110
23 98
31 73
135 54
128 86
95 179
159 5
38 90
100 11
72 154
157 118
75 12
65 73
124 117
59 15
177 130
153 174
140 109
116 129
23 139
39 110
23 10
84 3
133 136
63 17
113 173
110 2
180 48
29 53
11 19
81 66
84 84
25 54
17 123
179 125
61 31
9 30
153 25
173 92
69 83
89 14
114 144
136 98
65 89
154 50
135 83
3 160
122 38
61 52
102 114
166 8
57 50
103 147
171 38
93 148
59 153
89 99
157 161
158 7
86 40
72 7
43 43
16 172
152 69
130 123
147 175
174 53
70 179
3 49
157 105
57 97
42 130
180 124
23 3
11 84
175 97
42 29
80 47
86 45
67 159
144 50
88 71
123 47
180 12
163 165
62 82
20 124
8 146
46 94
151 155
180 29
58 16
135 28
67 146
101 100
22 171
102 81
139 34
134 75
69 88
145 118
156 13
35 155
69 8
56 20
48 117
30 13
126 129
91 8
173 60
90 135
50 67
20 113
58 119
162 139
78 145
48 76
177 2
33 120
60 177
58 173
43 22
53 8
81 175
150 171
62 101
67 62
43 70
98 158
119 122
30 80
173 92
162 17
8 138
123 51
152 109
50 108
169 166
79 68
14 93
137 74
98 179
70 46
104 5
10 115
42 62
169 91
121 45
24 153
134 101
133 99
92 148
41 19
59 162
135 129
169 90
2 123
156 169
150 148
39 91
155 44
131 135
149 175
95 50
51 66
132 145
84 64
146 8
133 157
179 26
159 166
111 165
139 151
38 4
169 121
50 145
9 47
76 149
79 54
95 117
78 130
41 173
71 164
175 57
98 65
120 102
64 61
176 83
133 170
12 82
29 138
11 29
109 156
78 105
60 179
126 4
144 56
103 45
57 32
167 75
142 99
124 143
128 152
151 173
105 95
174 151
5 8
153 27
96 115
1 30
99 139
166 92
125 135
69 66
173 147
15 76
126 103
154 130
34 2
110 123
139 104
156 31
85 122
132 17
14 73
100 58
44 110
157 95
5 76
161 84
40 27
180 22
62 113
152 20
78 96
110 126
164 86
36 89
39 43
89 119
93 86
26 53
101 73
48 61
59 155
132 158
178 121
155 137
81 105
50 101
19 90
142 139
100 57
65 126
136 57
175 67
149 119
116 54
79 124
135 164
2 135
29 8
158 148
125 127
158 166
30 132
165 171
140 179
72 89
51 71
25 163
138 165
37 87
46 173
51 8
38 60
81 8
108 161
170 150
170 162
95 30
115 95
8 156
86 54
1 67
22 119
85 162
141 98
51 180
70 108
91 133
18 13
3 12
80 2
101 145
114 109
31 27
105 123
88 129
94 98
85 88
58 165
144 5
29 146
95 40
131 51
59 13
159 131
20 56
39 137
80 168
25 118
163 20
82 67
119 122
91 50
165 133
11 119
112 174
141 23
136 180
46 131
158 161
63 64
135 156
156 127
165 88
44 165
7 127
109 114
30 162
6 87
105 165
105 94
45 77
20 71
151 31
12 136
12 146
118 29
74 175
180 102
151 174
93 58
103 46
118 50
21 3
111 61
94 121
66 81
135 118
45 129
30 58
113 91
180 32
46 142
144 88
49 128
56 68
173 91
58 178
110 11
143 25
112 113
79 95
88 137
150 162
124 24
180 152
177 39
54 110
180 98
58 135
37 72
61 124
158 38
52 24
10 107
119 68
113 18
152 146
122 162
123 82
121 84
107 38
83 73
159 77
79 92
173 113
118 103
25 169
126 34
99 28
23 108
36 2
84 12
150 42
16 167
24 155
165 86
55 123
82 59
34 82
164 49
35 32
174 13
163 9
54 160
9 14
122 36
142 1
121 52
123 88
58 168
11 67
44 22
168 141
133 57
149 40
124 67
169 47
155 73
134 139
131 48
141 114
113 156
41 12
57 167
6 157
103 179
164 129
141 150
156 1
131 136
94 135
148 160
107 100
171 118
121 94
144 127
70 67
81 3
177 27
80 16
10 51
172 117
145 136
152 31
147 11
169 171
95 106
119 145
102 177
165 24
166 52
127 92
52 26
99 175
42 43
117 30
120 138
176 31
10 178
138 84
93 102
105 119
64 118
52 138
179 171
61 137
132 129
120 151
175 10
21 88
121 37
84 16
160 3
92 103
121 162
25 23
174 15
125 135
90 126
116 127
49 84
36 152
59 148
91 140
152 100
171 124
45 135
115 1
162 94
137 73
86 35
21 56
109 99
5 35
29 21
129 41
74 156
122 65
19 72
44 143
8 114
161 98
77 106
83 71
52 27
45 25
10 141
13 107
164 49
116 18
123 63
157 95
43 144
79 115
141 142
156 79
112 140
