180
2592
172 110
64 13
33 67
60 162
91 78
131 171
85 46
127 62
153 70
63 73
75 42
84 173
137 125
9 165
32 14
2 90
126 103
104 168
97 160
55 109
163 130
130 156
141 151
51 16
51 171
57 31
153 118
162 117
46 140
160 146
1 75
52 127
133 20
68 70
162 17
136 25
25 164
161 72
127 151
174 22
41 49
72 102
91 119
36 81
52 71
116 166
49 138
155 70
50 92
173 97
54 19
110 19
18 93
169 157
1 123
73 148
77 45
96 87
119 105
80 146
79 88
154 98
131 80
154 105
93 76
103 110
101 128
31 35
136 134
74 163
70 173
3 52
54 147
119 22
21 77
177 113
109 26
107 70
68 24
69 94
143 164
92 10
125 143
135 138
78 34
122 96
172 14
73 80
46 90
16 167
100 102
119 165
23 66
31 92
125 40
174 30
140 127
126 139
21 98
123 173
170 38
146 108
2 15
159 35
17 55
35 157
158 27
86 67
54 133
28 92
174 72
54 153
157 69
119 10
170 52
179 127
24 35
175 54
36 112
22 125
83 108
76 138
25 139
29 13
72 108
73 151
159 2
89 142
91 126
4 111
149 127
47 69
142 121
157 76
70 145
11 132
153 10
84 128
3 158
11 63
16 139
160 129
15 146
98 110
46 6
76 54
11 44
170 126
69 25
12 1
75 120
171 4
3 8
139 111
144 152
87 117
61 97
90 161
15 81
165 151
137 82
165 34
163 72
166 113
114 118
69 99
32 39
58 150
175 80
121 103
26 169
45 18
52 6
29 55
137 71
23 89
45 137
120 3
70 126
167 37
134 122
124 141
16 24
157 17
143 3
167 130
46 55
13 35
22 107
21 164
88 24
149 60
136 145
172 44
101 4
46 34
37 140
5 179
147 168
83 39
25 170
77 176
169 79
169 73
141 3
42 34
20 98
147 95
92 17
125 162
99 89
100 168
74 175
10 97
139 3
131 4
94 98
81 114
135 53
79 48
137 4
11 156
127 100
123 103
7 23
18 102
38 31
70 22
134 13
168 14
168 152
51 166
132 161
127 31
153 38
95 177
58 163
176 83
42 28
163 35
129 168
38 120
28 162
147 17
31 75
78 90
71 141
32 38
35 25
60 51
157 40
148 9
125 128
148 79
140 33
105 30
142 160
11 14
19 32
141 117
117 145
90 69
18 60
20 85
160 104
141 14
153 77
126 106
165 133
22 81
131 51
77 45
146 102
137 104
122 161
109 71
47 106
164 52
101 121
56 127
114 83
127 134
113 95
162 158
177 14
52 126
155 102
124 75
143 44
136 101
48 19
44 81
7 94
73 135
120 44
42 174
105 176
143 37
158 171
67 98
58 103
59 151
97 41
91 162
64 129
7 93
156 102
153 42
94 153
75 56
24 121
20 103
147 180
85 116
68 178
175 130
12 118
105 66
167 95
139 121
55 115
91 86
3 132
119 48
170 28
84 124
162 116
132 8
161 94
78 176
5 40
98 157
46 32
154 2
113 38
44 122
29 55
40 14
133 80
72 176
39 176
99 140
14 68
83 142
76 148
58 72
175 36
142 1
145 131
180 70
113 24
159 68
71 10
171 100
157 113
23 15
90 62
46 26
17 113
48 122
91 110
145 44
82 25
139 60
149 112
71 81
73 11
28 18
19 49
106 88
151 82
67 134
154 57
42 83
73 139
75 114
150 12
110 72
180 172
43 172
133 166
33 151
45 104
120 53
16 118
156 143
119 84
124 51
80 133
35 17
139 95
60 23
151 39
29 139
174 19
169 40
14 126
174 137
139 72
61 105
48 128
67 54
7 154
50 176
75 132
92 2
88 141
21 58
42 153
68 38
5 114
126 17
47 106
139 153
62 21
110 164
79 130
29 176
16 15
95 63
163 80
117 122
141 61
12 14
123 30
161 75
129 129
88 13
118 30
31 17
55 110
90 47
97 26
139 63
178 3
44 54
153 79
104 134
103 13
173 74
139 143
108 106
152 100
28 135
80 1
177 106
132 135
158 57
62 67
55 148
43 47
91 160
154 90
13 69
8 134
40 129
144 68
174 52
41 148
113 170
15 113
124 55
111 16
148 38
110 120
99 33
136 33
96 49
63 14
110 61
139 125
105 92
12 134
56 150
11 40
158 105
85 160
178 154
129 108
74 16
163 91
66 15
85 5
107 146
146 3
120 10
26 178
7 59
67 31
178 89
80 33
33 177
61 131
117 99
137 144
15 91
135 65
107 59
133 83
108 66
3 52
23 123
7 177
134 25
47 44
85 157
116 163
74 37
68 102
96 4
75 139
144 91
172 124
164 105
97 79
103 107
99 141
123 1
140 179
118 48
118 104
64 148
86 36
95 46
114 12
5 58
60 153
104 24
20 74
129 75
152 81
102 109
32 19
17 178
92 131
57 154
28 33
30 39
160 178
135 114
148 64
100 7
68 79
133 68
20 140
81 50
83 30
130 9
127 99
110 77
70 48
159 88
126 124
132 126
84 90
114 29
9 83
25 100
111 107
105 12
130 4
64 165
100 116
107 83
24 142
155 99
151 130
176 45
154 36
18 158
169 15
4 70
70 42
78 112
67 163
41 76
66 162
3 12
8 151
156 29
154 160
89 175
30 173
115 112
21 142
140 78
139 174
122 17
52 25
152 50
78 15
113 154
60 123
114 50
76 119
172 156
93 81
50 55
94 32
24 148
12 136
138 95
2 78
53 117
92 89
169 159
53 126
72 180
137 29
163 172
18 179
56 166
123 39
98 28
124 54
84 154
94 171
103 14
94 164
165 19
178 114
127 57
110 24
162 165
169 5
15 168
148 100
104 117
27 66
95 133
96 64
12 126
137 111
74 168
70 127
135 3
49 55
128 144
113 127
78 69
88 79
121 26
11 55
76 60
152 154
154 92
93 82
19 4
145 41
1 58
22 65
89 2
4 67
28 62
40 149
42 45
155 76
147 81
59 108
162 27
94 103
156 163
17 13
148 52
142 7
22 173
13 11
19 79
79 135
156 110
39 77
55 126
44 169
79 170
105 23
134 86
24 91
13 156
4 111
120 90
81 53
11 81
61 169
138 14
104 93
174 45
110 12
135 58
11 57
88 28
174 103
139 128
63 71
93 58
165 10
1 96
94 176
28 99
70 115
169 146
115 32
79 31
57 95
7 43
53 29
137 33
127 102
89 53
32 140
155 166
125 51
5 15
52 87
153 145
142 5
63 14
81 153
90 36
149 17
101 169
56 112
20 39
19 143
31 45
88 80
77 22
56 31
119 126
81 128
71 159
30 97
111 10
117 75
155 159
162 79
64 161
49 156
5 173
118 55
66 12
69 21
70 108
26 160
88 26
17 179
105 105
2 178
91 60
60 180
116 142
13 52
63 71
119 69
58 142
11 9
106 47
118 124
117 6
60 24
16 23
134 113
3 87
57 140
171 114
27 20
85 110
125 175
100 157
16 57
24 155
147 150
9 177
111 100
94 132
41 62
51 5
13 86
87 106
133 86
153 1
3 109
43 174
173 142
168 52
7 73
119 9
53 179
95 46
152 59
152 71
99 176
10 83
42 32
116 169
73 17
101 114
37 94
66 57
119 165
10 22
19 131
144 84
47 81
126 9
63 148
34 136
43 138
117 102
141 83
175 128
158 169
23 29
104 37
72 164
108 61
145 178
77 15
171 19
86 82
171 27
71 12
140 56
134 37
166 22
162 104
64 160
13 71
126 125
3 19
154 99
15 140
109 26
71 149
139 125
24 154
10 122
129 77
77 34
124 34
34 117
171 37
69 167
22 15
142 77
111 124
7 57
129 31
21 35
76 166
40 171
124 12
152 114
24 4
121 67
139 144
85 53
13 179
148 84
105 88
89 89
143 6
32 123
62 168
66 12
125 34
3 118
107 114
4 60
43 140
32 83
107 79
93 159
126 71
107 97
166 55
137 175
158 161
136 11
105 4
170 179
97 53
44 174
32 109
152 165
33 38
14 33
132 89
168 124
143 168
135 152
90 55
112 49
66 144
36 178
63 102
86 117
91 113
85 62
176 134
54 114
109 27
129 105
70 115
118 127
66 91
136 106
42 135
131 45
13 7
147 62
62 65
149 134
36 10
43 163
58 96
10 158
137 17
154 166
42 40
91 36
140 160
114 147
57 68
144 114
149 44
97 110
100 28
60 34
104 168
61 3
174 121
2 67
91 123
73 161
107 152
64 77
176 142
16 44
35 163
111 68
173 157
50 114
14 125
19 26
152 116
131 49
128 40
7 77
21 24
107 30
158 42
98 12
4 119
30 39
47 153
61 92
116 16
45 20
121 32
18 61
160 113
40 28
47 45
19 4
157 158
68 74
174 28
56 2
60 82
82 25
151 49
19 167
97 103
115 149
167 131
142 33
167 43
124 70
126 134
81 166
167 77
120 62
89 116
106 48
7 172
88 140
173 26
87 96
53 44
61 150
139 27
85 91
10 179
144 150
121 169
104 50
24 21
22 75
152 41
143 116
89 5
174 175
116 171
130 52
106 45
155 134
28 78
89 106
125 119
165 105
61 20
149 24
102 89
101 151
100 172
59 178
71 116
60 97
163 78
163 28
137 172
26 171
47 62
169 177
116 97
112 158
95 95
25 160
74 71
12 106
1 105
142 122
1 74
7 111
92 6
94 15
88 18
44 158
126 1
145 179
113 179
71 79
28 83
153 40
142 73
175 115
79 139
140 165
143 87
103 114
143 103
46 4
106 176
107 88
3 142
118 76
74 41
63 156
149 27
75 156
14 115
127 43
7 87
66 157
168 139
95 90
106 24
81 74
144 73
50 152
40 177
69 104
37 7
121 14
110 43
40 112
52 178
95 161
129 80
59 2
162 25
129 23
124 9
106 5
115 134
144 44
161 88
80 31
124 27
9 146
122 161
98 34
164 161
60 160
169 100
74 141
60 119
126 143
95 6
173 58
107 88
124 19
59 105
146 173
83 137
65 26
132 137
55 106
51 26
164 2
39 47
158 42
56 6
137 131
90 74
140 49
166 89
134 175
127 22
130 12
56 29
158 174
54 141
8 124
162 34
139 163
8 4
52 58
75 50
160 101
47 117
156 47
100 56
147 114
26 81
125 61
109 123
96 75
85 163
89 162
2 90
30 125
175 83
66 32
83 89
156 30
36 79
116 59
67 67
36 65
14 163
21 173
76 147
151 118
105 61
22 104
113 142
37 173
155 128
49 86
168 65
58 78
28 122
101 32
16 120
111 164
136 179
141 65
105 60
164 124
79 85
125 149
91 7
43 177
14 81
128 136
53 7
123 96
70 117
180 170
134 133
166 82
44 84
145 133
167 170
69 1
128 74
143 56
48 70
88 95
129 142
14 117
1 94
171 120
161 140
171 33
174 97
18 110
21 46
145 121
32 8
70 78
61 27
87 18
171 155
20 46
71 131
143 170
131 40
12 5
47 91
180 179
88 31
39 144
56 166
29 11
120 64
163 140
107 123
141 156
80 146
43 109
68 111
131 161
85 137
151 128
76 111
20 159
87 31
45 34
97 51
133 91
33 38
170 100
69 94
42 129
86 73
17 135
146 140
116 100
30 154
153 9
118 178
167 18
6 104
84 34
118 7
25 20
105 32
74 101
50 106
7 160
92 28
142 4
106 90
64 136
159 120
58 130
86 45
89 176
93 99
98 37
127 6
148 120
31 165
112 64
43 65
93 125
38 44
72 65
114 147
72 122
56 141
114 125
148 112
30 73
26 55
159 111
60 131
171 164
19 87
167 66
10 86
13 83
98 45
176 168
180 62
100 158
135 138
14 23
148 7
17 32
142 103
30 141
40 99
81 1
89 85
153 173
143 5
140 165
25 102
71 68
6 70
33 179
165 4
137 75
160 92
169 108
96 133
112 163
24 129
124 44
119 41
137 141
58 161
62 158
43 125
22 23
176 56
170 79
21 36
76 166
22 114
165 103
40 160
79 84
62 175
39 109
70 98
3 180
10 96
164 74
125 160
8 137
43 1
153 158
134 118
12 131
38 47
10 9
25 15
89 156
93 153
49 105
60 54
177 123
34 177
144 157
100 44
116 100
124 69
66 50
118 81
171 136
1 163
137 40
133 151
43 57
161 42
130 86
55 127
76 129
41 42
110 54
3 174
57 31
84 82
165 30
21 110
157 139
57 119
49 84
82 52
78 6
108 137
146 180
104 7
82 82
56 69
147 176
54 71
61 165
145 105
179 145
154 167
79 128
66 131
118 102
87 55
25 104
50 10
3 125
173 105
27 30
66 23
156 165
148 150
118 95
166 127
83 131
144 7
80 57
105 176
35 80
156 105
174 1
82 21
72 88
172 115
16 37
150 89
172 57
2 12
159 72
177 146
89 161
100 17
99 149
151 53
5 48
66 52
100 79
19 142
129 33
50 23
47 117
82 131
124 21
68 128
36 156
81 153
119 125
94 35
11 102
58 177
174 2
50 123
172 150
163 60
123 45
32 36
4 97
23 12
163 86
1 68
96 89
40 92
68 128
157 38
126 37
143 123
91 141
110 179
140 51
159 110
15 118
107 85
10 69
102 37
169 100
35 130
94 39
90 20
15 65
66 122
27 134
15 167
28 94
19 29
15 54
10 43
72 57
157 56
31 97
145 119
86 75
133 141
4 116
91 112
45 102
60 43
132 26
166 114
54 133
33 163
56 52
102 22
61 140
116 65
169 49
43 7
122 151
177 90
168 116
83 155
50 64
176 11
98 143
101 162
31 94
170 131
105 6
51 170
63 12
9 29
106 132
74 5
137 58
141 25
127 33
80 83
155 13
137 6
19 59
147 166
168 180
52 125
113 137
36 144
30 113
110 120
52 120
119 14
94 86
156 115
81 61
11 4
8 62
130 15
152 148
165 62
113 19
153 122
87 79
167 86
49 67
171 170
14 133
39 136
117 102
116 172
85 13
60 131
129 145
179 79
119 81
31 64
77 22
116 35
83 9
71 25
13 3
50 170
166 168
144 79
3 61
126 92
88 29
70 179
166 14
74 152
115 20
171 123
84 126
147 104
148 48
77 78
82 61
68 6
138 130
174 76
175 98
40 106
132 120
56 76
38 24
167 148
104 107
1 95
5 157
58 174
49 135
110 23
37 87
112 39
69 23
175 96
175 34
35 32
94 101
35 38
159 53
140 129
139 110
84 67
15 98
113 71
22 108
32 45
6 10
64 150
58 141
162 85
91 72
88 105
10 11
171 99
169 111
73 57
121 178
134 145
87 58
39 160
11 10
171 83
102 13
90 141
64 53
117 2
95 106
106 83
111 132
134 107
152 60
170 81
45 115
120 119
48 41
42 109
48 21
175 35
23 19
154 150
62 51
86 148
161 90
81 133
145 146
167 147
148 46
27 104
102 148
101 100
37 177
13 137
132 121
45 169
17 87
137 81
122 88
143 71
96 168
45 13
33 60
118 27
108 42
2 84
160 32
94 176
145 75
177 38
177 174
39 21
80 142
37 71
121 133
8 126
36 48
10 89
178 87
54 2
17 121
122 21
111 65
52 90
68 118
62 13
150 45
50 155
137 119
124 157
74 101
94 113
41 86
147 2
170 178
164 158
105 134
115 82
65 144
22 6
157 134
74 120
107 25
48 133
6 122
108 63
27 65
6 163
152 144
94 177
95 77
14 74
34 37
154 59
55 169
130 156
178 109
101 118
7 168
160 10
85 179
166 38
146 28
71 5
16 84
100 21
140 155
20 168
121 178
156 47
110 148
171 178
90 8
76 172
18 156
97 145
164 90
59 131
73 71
10 70
14 175
19 95
129 35
76 152
9 6
78 63
131 106
130 119
42 141
178 64
127 133
47 6
49 162
37 88
87 100
149 127
148 132
70 123
153 37
36 64
45 52
101 159
65 92
135 80
65 58
120 138
140 9
155 107
123 176
93 12
82 90
138 2
49 26
134 94
156 119
149 48
128 92
39 170
151 21
27 17
7 49
102 83
59 156
57 151
25 48
172 58
165 122
113 162
17 156
136 50
26 128
111 79
107 117
171 111
161 48
67 145
25 4
47 124
5 141
151 78
83 71
123 136
180 52
24 79
132 21
104 106
93 74
170 4
151 49
17 43
62 18
163 134
94 134
89 9
87 101
126 49
49 89
65 52
119 129
125 91
155 97
48 155
93 128
62 56
96 21
117 7
169 35
105 29
75 124
48 178
159 127
171 102
65 104
37 73
55 165
117 172
9 107
72 16
77 82
163 114
14 40
46 23
152 44
14 73
131 33
25 93
51 131
162 36
39 60
51 82
71 104
142 56
120 89
81 144
93 94
155 105
131 175
177 22
39 41
148 81
43 36
55 46
22 86
121 100
45 35
69 53
160 13
104 13
143 87
80 79
43 177
5 92
4 12
150 27
144 38
144 71
106 37
130 71
98 140
63 155
42 19
73 162
59 149
167 90
3 83
154 145
53 114
32 155
112 13
42 140
120 60
131 111
10 27
136 35
144 40
85 177
91 167
135 99
119 65
55 17
65 30
22 158
95 116
41 121
53 29
77 54
17 81
21 40
158 76
68 7
1 6
149 43
123 46
163 129
132 61
75 147
166 31
73 55
131 127
69 161
162 110
154 68
161 25
104 31
118 154
171 141
99 7
176 43
17 79
177 120
137 13
43 39
112 139
29 114
96 176
147 89
152 122
20 155
167 137
98 34
98 117
82 179
68 162
95 155
33 29
170 122
83 100
6 56
11 93
173 96
42 142
12 130
82 136
80 26
108 69
66 35
44 83
81 80
64 71
34 86
81 56
157 53
170 77
175 46
131 169
119 95
175 71
20 60
83 26
107 77
51 152
90 146
38 92
49 6
17 113
50 27
133 16
146 126
75 55
180 20
5 45
53 106
44 161
122 154
66 6
13 100
55 3
146 23
99 162
58 174
117 9
56 159
71 119
149 120
116 25
34 138
84 172
65 75
6 89
11 50
165 175
46 159
22 161
133 74
120 129
70 74
92 162
171 32
123 3
27 53
41 117
22 150
31 74
89 84
129 173
37 175
88 23
131 164
133 89
73 81
62 134
47 152
162 78
61 157
11 66
27 106
179 118
49 167
127 137
42 140
133 127
178 103
14 165
23 57
124 7
160 171
49 63
10 175
16 85
70 158
149 95
148 177
64 84
16 157
19 126
177 59
69 75
87 115
57 131
6 62
29 180
35 160
163 44
111 125
127 62
151 18
6 60
11 6
139 74
143 165
85 36
151 50
65 76
174 106
180 108
80 110
29 3
180 46
120 134
70 106
68 39
81 129
33 83
40 2
120 81
15 136
15 51
57 177
126 69
76 61
73 36
119 135
111 98
110 85
59 87
36 21
112 87
104 54
98 58
175 57
50 6
10 145
64 38
35 167
159 176
63 69
158 173
16 40
179 137
172 180
7 114
23 176
139 43
31 150
127 163
124 120
132 113
61 1
178 115
17 82
84 32
116 100
11 81
27 56
94 43
119 133
153 116
61 166
101 55
131 178
151 92
161 42
169 98
17 100
65 65
128 178
128 37
158 145
12 22
175 31
62 113
24 59
153 34
152 75
57 117
19 76
66 2
71 103
106 42
79 11
163 172
8 2
59 57
135 145
113 117
48 147
54 153
26 32
146 7
86 60
97 68
147 83
3 107
33 101
164 55
172 21
132 92
107 18
110 37
62 159
76 69
64 167
10 167
132 166
20 48
170 36
177 88
177 144
10 40
32 180
142 71
34 91
174 11
18 53
57 164
56 18
118 70
131 150
166 22
168 79
102 57
96 15
100 53
131 36
80 6
26 39
151 62
80 64
170 116
148 65
69 31
102 153
153 118
4 159
34 73
17 11
106 63
12 178
147 113
134 70
30 64
32 133
75 122
58 49
12 66
143 146
164 92
178 74
78 9
97 165
37 124
6 162
112 131
157 118
62 167
17 136
146 97
42 42
144 124
117 12
49 3
2 63
159 24
16 45
121 141
99 160
90 86
22 90
170 3
91 112
145 117
160 77
78 124
143 111
72 97
112 58
58 5
66 36
30 150
118 9
61 99
170 98
145 165
88 164
10 110
29 35
84 131
60 180
172 41
30 11
84 143
89 169
77 128
82 75
25 101
39 120
112 55
57 163
175 165
22 68
78 121
170 160
48 154
154 179
76 6
60 32
149 95
163 125
47 5
15 137
93 117
127 87
51 176
146 36
10 174
175 56
46 145
47 163
78 115
107 107
126 95
124 98
172 19
166 132
172 1
157 175
24 170
144 86
135 140
18 45
129 116
31 2
180 50
100 145
160 160
120 60
3 49
30 53
107 175
178 88
105 55
124 9
80 10
53 121
96 56
145 65
64 39
73 92
47 37
140 133
81 39
95 83
19 106
95 166
49 33
151 135
3 37
27 77
83 174
55 106
92 111
149 26
111 157
54 78
154 89
139 157
138 84
65 115
165 76
112 125
173 64
73 143
155 119
15 5
158 131
129 59
11 44
120 105
16 165
143 134
159 114
159 94
154 168
34 132
68 90
160 10
95 77
1 32
80 144
107 39
92 41
6 29
83 11
91 99
128 167
126 105
22 1
61 114
160 80
172 28
24 155
10 83
78 80
75 23
163 61
61 87
91 65
169 133
154 86
16 175
111 135
129 71
91 124
125 77
102 75
176 105
33 47
143 95
41 112
134 133
164 80
132 34
131 91
164 168
111 74
83 80
58 47
154 169
31 122
72 145
117 127
35 18
131 119
149 117
135 7
48 22
41 8
30 14
39 87
59 167
111 147
70 70
140 50
136 125
164 37
53 69
2 103
103 22
159 80
30 104
160 101
70 110
136 153
2 147
113 167
19 82
87 64
71 14
22 164
166 60
144 109
26 127
180 119
165 37
67 129
135 32
151 135
80 74
87 65
103 177
105 173
2 59
96 78
151 31
63 16
171 18
65 168
95 47
3 105
11 140
74 8
102 48
84 39
179 72
160 95
95 16
107 31
5 167
138 140
69 17
105 33
103 117
51 159
88 5
176 142
123 177
179 31
94 113
29 88
74 94
171 135
68 79
113 78
176 171
10 121
151 79
113 151
11 13
30 11
25 178
94 19
144 93
166 170
148 129
67 148
121 159
12 134
21 91
107 105
146 155
60 120
18 61
54 88
121 56
54 160
141 157
87 125
123 31
114 41
46 23
168 171
162 81
81 165
23 90
34 142
23 125
45 118
165 36
85 12
161 176
155 139
138 136
113 171
85 72
152 155
165 173
141 95
1 86
160 80
57 135
180 178
147 119
143 100
114 127
121 75
125 62
72 175
49 98
143 97
96 137
130 161
155 137
131 97
111 136
153 15
39 175
8 167
31 96
8 172
100 18
18 33
17 149
122 129
73 95
128 79
84 167
79 108
108 108
9 124
24 118
68 43
35 23
32 117
6 167
64 61
105 132
126 66
82 149
170 139
158 75
56 48
15 65
36 97
9 41
81 9
149 158
11 83
125 81
180 21
113 153
113 9
58 14
149 53
76 174
82 16
146 107
77 79
164 54
100 8
94 115
67 98
26 54
11 68
162 12
8 125
151 89
177 68
78 133
125 138
16 172
116 72
179 41
167 41
134 70
142 179
23 149
77 68
111 152
22 180
92 78
1 168
98 28
148 33
67 86
51 128
79 123
4 56
114 178
71 34
25 54
42 171
