180
3240
29 31
17 150
122 43
169 168
82 165
4 22
110 118
142 133
16 137
134 144
6 121
179 83
39 78
155 38
79 33
166 19
150 71
68 51
120 70
60 138
10 33
2 10
61 170
60 84
33 159
30 37
164 92
1 157
116 74
87 130
94 24
143 104
34 62
57 39
176 108
112 112
81 12
121 49
137 109
169 54
8 15
133 141
125 44
149 73
161 143
149 45
117 29
63 121
20 64
74 164
47 59
155 90
171 53
39 39
123 10
125 121
124 120
76 63
79 103
79 164
61 38
166 4
48 85
144 147
31 36
51 105
39 135
147 83
38 113
100 98
46 150
58 59
130 35
143 168
74 90
170 46
78 93
106 178
87 18
46 30
142 94
59 56
51 156
68 132
114 83
117 41
111 97
153 148
152 114
1 117
30 65
47 136
179 84
127 132
45 147
46 158
33 161
39 80
66 162
87 100
108 10
110 127
58 109
118 11
27 19
1 168
154 150
109 55
62 151
130 99
53 119
125 58
141 179
156 41
7 173
110 117
95 101
132 166
53 34
133 89
103 3
61 162
57 128
7 92
141 166
150 101
31 113
9 119
32 33
145 25
86 102
54 150
97 18
25 37
162 119
45 131
172 166
102 38
80 155
131 159
152 29
160 151
170 18
43 146
88 159
119 97
11 157
83 4
168 7
42 108
33 102
92 165
121 46
35 125
145 22
21 84
125 111
94 91
49 130
60 152
23 51
3 66
78 170
54 56
76 136
36 7
124 119
138 31
135 105
74 53
129 88
180 106
68 36
132 115
111 170
133 80
58 113
83 98
173 87
118 143
97 175
66 66
16 44
54 48
41 3
54 179
103 15
162 119
83 109
154 77
94 122
21 121
123 139
28 156
88 176
168 11
180 94
61 89
97 106
27 4
21 138
47 132
47 5
49 162
146 137
31 94
40 13
144 30
21 36
113 1
86 116
178 158
31 108
11 32
40 127
19 161
156 80
86 129
51 31
30 29
147 124
52 46
100 131
60 162
170 172
92 44
75 173
4 78
141 123
141 180
20 126
89 81
41 86
7 50
62 85
2 55
34 40
57 91
115 67
172 87
29 48
143 35
1 76
49 56
172 124
129 173
128 168
31 120
166 21
65 73
132 40
124 121
70 135
95 147
28 88
56 123
146 145
123 112
8 59
84 120
145 71
148 3
34 135
161 105
179 141
84 60
23 172
43 50
40 75
38 66
155 99
14 87
155 23
72 49
120 102
83 43
139 176
59 19
72 78
139 117
20 105
80 161
165 30
145 131
122 11
7 155
78 170
145 133
137 172
160 114
58 110
61 72
95 102
128 116
111 119
175 156
144 75
29 101
20 75
148 161
16 153
57 132
115 88
146 2
23 118
179 14
6 44
28 7
111 130
179 41
178 15
51 114
138 141
93 160
109 84
43 63
101 67
21 169
54 145
173 179
9 111
179 75
102 110
158 70
92 118
27 154
125 140
25 115
92 128
160 173
163 86
142 36
11 29
175 101
67 41
69 19
92 98
84 21
42 19
60 103
94 116
95 49
85 107
38 180
82 55
92 168
171 96
180 108
85 4
6 65
89 37
24 134
108 124
58 21
126 155
8 131
49 85
46 59
124 6
48 155
177 157
164 10
121 24
100 107
43 133
174 76
107 114
69 167
95 21
28 41
171 6
113 3
100 60
153 158
101 122
55 141
172 123
64 166
129 93
57 132
172 147
68 93
153 94
41 58
10 15
170 59
147 18
134 5
156 130
124 1
48 41
22 106
60 141
85 72
47 133
158 98
38 155
2 122
54 28
168 106
4 32
9 11
53 25
151 175
29 61
79 109
176 34
6 124
28 51
156 99
6 72
84 105
112 95
88 127
173 114
36 58
75 102
6 73
30 96
24 99
80 71
158 18
121 54
48 94
6 81
107 113
133 38
159 61
22 141
121 9
29 85
50 14
5 78
25 174
26 148
64 172
91 26
104 31
70 22
149 92
124 143
56 115
2 66
43 36
32 91
75 45
64 153
7 78
119 2
158 131
135 29
14 57
67 19
168 170
4 24
96 26
131 116
40 113
56 25
16 30
119 157
155 53
143 19
19 25
98 136
52 46
111 118
104 97
65 128
167 118
9 104
63 27
107 27
146 154
72 10
51 21
85 50
134 99
127 123
29 113
112 75
94 178
179 104
15 73
123 71
148 114
79 170
147 165
124 42
133 30
26 29
100 80
106 40
78 22
57 140
8 68
100 114
71 118
94 99
123 27
180 143
29 78
30 31
118 105
18 76
63 180
41 51
135 48
109 88
16 53
49 132
40 175
91 66
108 155
72 143
127 19
104 10
179 19
171 125
76 15
90 12
169 123
99 17
94 149
40 145
77 132
41 174
136 78
87 48
18 63
127 142
55 10
108 125
96 137
57 24
156 152
91 144
176 51
92 62
136 47
1 96
105 111
157 18
102 101
27 67
137 36
62 91
155 156
73 18
1 88
36 47
8 50
6 130
54 165
95 47
37 159
84 16
13 137
156 56
90 67
99 87
20 111
123 131
84 121
178 167
81 29
128 45
142 132
135 62
155 127
142 128
82 67
91 175
66 135
76 144
70 43
49 144
27 119
89 164
129 8
113 29
177 58
88 23
94 169
91 121
111 72
176 100
147 67
35 115
111 72
136 178
83 137
93 12
125 175
23 84
14 162
84 114
45 19
136 9
139 33
107 41
5 126
19 95
35 57
166 50
41 125
10 95
164 112
12 2
93 154
25 161
143 95
66 165
16 110
117 173
115 73
119 55
5 58
124 52
15 60
23 166
11 86
165 151
178 88
119 118
97 3
179 86
130 93
41 70
163 99
26 168
27 1
150 32
45 166
35 16
151 84
160 50
124 36
105 49
29 35
91 34
36 47
119 11
14 18
84 64
179 159
30 112
138 140
61 115
146 65
24 59
169 130
173 176
52 122
134 99
127 11
139 102
157 54
75 124
18 113
26 17
78 4
30 90
149 8
56 70
143 43
68 132
153 21
151 65
156 150
60 54
175 6
153 159
178 149
107 106
100 25
33 40
78 143
9 180
179 127
5 6
171 145
23 100
66 6
102 65
7 33
5 31
159 90
93 82
173 148
78 165
33 99
53 151
108 36
159 25
118 79
92 7
163 66
67 68
58 102
115 98
110 81
53 141
23 180
138 157
175 87
40 94
28 145
50 59
108 101
168 118
115 153
28 154
20 33
35 167
160 43
140 109
149 68
34 72
110 118
106 50
38 41
81 141
115 103
73 97
107 9
34 92
39 173
142 157
95 116
161 9
160 14
31 175
93 100
95 102
85 134
63 45
104 99
134 45
152 76
160 161
26 89
118 96
98 7
88 96
180 59
172 109
73 152
5 100
93 66
94 86
124 176
154 127
66 76
76 110
143 146
24 21
42 71
111 17
60 111
75 169
119 145
43 78
177 78
52 125
44 28
33 9
63 121
42 13
29 4
153 27
79 156
21 48
169 33
75 89
16 74
49 7
66 12
145 83
131 85
26 139
136 129
152 72
153 149
123 55
77 120
59 79
78 40
129 150
8 22
14 104
54 95
6 153
52 113
73 171
10 44
4 28
69 107
6 19
168 141
16 100
88 178
53 72
129 118
54 56
24 172
143 136
148 3
94 29
103 177
93 129
162 6
45 93
99 21
118 19
124 177
78 161
137 52
19 66
40 12
15 74
90 5
5 138
89 53
167 65
31 101
60 97
44 44
168 175
163 122
61 153
13 71
100 100
107 147
160 133
20 32
73 28
166 27
116 166
150 140
118 64
4 127
85 100
89 19
18 46
118 139
162 138
76 76
20 45
145 100
168 124
108 18
24 139
174 164
59 24
142 54
138 145
133 1
117 122
164 62
70 132
132 141
75 170
107 141
54 40
163 41
131 89
136 100
162 119
70 99
151 170
127 33
123 83
61 180
72 76
38 61
66 159
132 98
58 143
70 63
36 115
177 10
157 3
145 22
31 121
38 105
113 53
102 90
148 84
30 147
26 151
139 88
126 90
83 3
114 34
149 75
76 52
155 155
117 114
111 77
161 151
62 57
155 27
129 58
156 115
72 51
142 17
163 108
18 151
40 147
140 110
16 134
64 178
138 106
111 11
8 109
2 55
94 98
102 159
38 50
65 43
22 3
131 63
135 3
121 98
163 66
104 69
98 30
59 17
114 165
90 84
47 22
157 61
9 69
166 44
67 83
19 158
42 116
141 161
18 43
29 169
17 135
69 180
172 178
59 101
104 43
1 59
89 148
178 10
12 129
65 71
15 173
55 36
28 128
61 97
142 172
100 15
78 154
3 2
55 89
65 87
178 43
171 136
51 40
4 87
4 78
22 38
168 123
46 3
53 108
36 119
158 27
112 101
176 18
9 140
125 67
35 88
126 66
123 43
130 172
49 120
69 18
136 3
178 101
84 40
80 137
150 128
98 180
71 175
169 90
82 86
49 29
65 129
106 130
76 52
17 174
58 114
84 4
104 131
135 147
175 7
130 11
112 27
153 64
110 13
164 146
46 124
154 131
160 162
160 32
74 123
103 78
111 170
122 38
13 111
28 72
62 51
94 44
135 54
87 117
153 106
38 131
40 155
161 175
93 57
151 113
95 109
121 89
82 73
17 106
126 7
157 44
26 173
64 8
178 61
75 148
170 128
114 54
17 51
56 70
25 98
21 53
134 74
155 93
66 62
106 48
144 148
136 36
129 161
23 111
61 174
126 34
65 124
166 131
18 148
173 164
169 16
30 1
13 179
98 161
14 115
126 70
142 66
166 99
147 62
79 130
134 127
168 25
70 76
12 140
115 54
73 16
169 53
108 128
153 4
107 65
160 60
177 162
102 170
52 140
98 55
57 76
1 45
37 35
99 100
133 59
63 73
143 152
148 109
148 176
41 143
107 59
121 117
38 157
4 122
93 90
38 51
44 1
31 37
169 167
24 134
52 179
36 162
127 114
82 6
110 95
175 4
16 71
170 169
137 166
107 17
40 2
135 119
68 127
81 9
90 75
15 90
168 118
62 19
137 30
35 12
37 113
104 139
20 56
67 156
87 50
124 173
39 79
134 105
11 145
136 137
153 42
166 57
30 153
4 78
68 23
6 128
86 58
165 44
31 147
61 154
20 176
85 102
77 124
61 24
117 50
118 175
71 65
21 79
132 13
1 87
144 113
83 112
99 77
130 131
134 131
94 132
73 11
142 61
156 168
76 105
133 171
104 162
59 116
97 128
78 63
167 107
5 50
157 86
139 161
121 109
11 167
121 66
54 45
83 169
141 167
46 94
57 9
19 48
176 36
76 135
51 179
142 102
128 31
148 82
42 8
120 121
136 178
16 61
108 139
98 30
59 40
46 15
169 65
71 129
124 173
106 168
131 41
136 73
60 157
23 17
28 77
137 70
33 7
179 6
10 178
120 119
113 39
170 69
124 70
92 110
107 28
24 44
74 74
41 89
119 70
154 49
63 4
167 129
152 166
52 126
51 65
166 52
125 92
123 5
44 3
2 173
1 14
23 31
168 52
174 71
179 143
78 153
75 17
102 141
117 32
87 50
110 164
1 101
151 52
124 115
62 50
160 136
38 9
78 92
150 114
3 136
137 89
164 17
27 42
83 88
55 139
143 54
13 16
4 120
168 134
85 41
40 109
10 53
28 32
15 171
30 138
28 46
93 139
1 124
20 69
159 64
80 114
12 106
64 149
24 5
85 152
12 17
11 177
44 83
42 67
160 38
16 84
145 177
22 24
101 152
36 106
127 13
17 23
175 124
173 15
30 19
66 129
27 24
22 16
20 106
23 16
39 6
167 176
142 88
176 122
67 160
1 27
36 106
138 11
11 24
63 37
122 130
33 115
85 54
77 22
166 90
117 33
8 141
52 45
133 57
81 67
7 158
132 129
115 135
49 18
143 133
72 161
173 63
77 55
165 179
98 132
140 52
67 8
109 115
50 119
107 57
109 100
48 104
33 143
154 30
102 36
113 1
166 110
27 82
131 127
19 118
35 16
113 46
64 42
16 63
121 17
124 127
71 64
43 94
159 10
173 50
28 15
85 89
25 161
50 115
41 63
24 93
14 138
128 86
69 142
35 171
43 5
147 155
166 21
96 41
102 34
32 179
173 29
161 174
9 72
47 104
111 52
53 144
64 56
75 151
46 14
67 15
140 43
116 67
50 137
85 14
36 140
145 118
115 81
71 26
174 14
43 21
77 130
47 116
52 97
134 1
140 138
33 32
139 3
104 129
84 45
168 68
55 42
124 15
23 134
140 180
175 105
83 169
34 73
7 18
165 131
133 129
132 27
32 35
91 167
7 105
150 169
136 174
31 129
175 121
163 156
90 34
168 131
179 31
138 122
115 4
91 33
134 97
57 56
28 157
97 66
163 139
45 47
30 1
6 2
51 5
15 133
119 30
48 130
147 168
173 67
22 60
66 110
98 13
108 110
1 71
25 65
29 112
180 79
124 86
55 93
53 75
75 147
101 141
128 112
24 133
37 151
172 52
40 109
119 154
116 17
105 43
125 49
59 131
28 130
129 76
97 102
151 39
134 24
56 69
19 37
145 9
82 119
157 166
89 101
90 136
82 173
144 83
174 50
107 107
99 79
170 64
39 162
46 57
125 169
1 44
136 32
83 158
17 18
41 173
3 58
147 70
142 135
114 107
33 7
158 150
140 20
86 50
98 157
150 51
131 86
74 149
101 37
141 95
20 174
47 133
85 134
103 57
97 6
50 121
65 100
57 4
147 75
119 47
25 116
7 39
122 159
107 91
177 102
76 158
56 146
83 156
138 91
157 178
164 59
129 115
57 176
4 117
136 170
121 44
89 176
94 32
129 43
62 130
14 142
142 26
159 128
40 53
9 99
132 128
36 144
97 7
141 144
168 168
41 18
108 1
143 73
74 21
163 11
87 142
66 30
58 166
86 23
88 48
175 57
122 124
84 44
120 43
56 124
113 171
87 12
141 108
148 111
69 33
128 91
145 108
122 146
139 142
100 78
9 72
134 3
9 150
171 159
146 65
136 43
151 174
112 169
115 21
62 30
178 43
142 114
12 147
30 1
94 150
47 152
87 176
26 39
153 52
72 65
111 157
107 168
110 22
52 49
143 58
80 154
2 163
113 83
126 54
75 112
170 167
95 154
157 26
14 2
133 61
30 2
154 158
4 51
51 33
58 160
40 112
3 96
69 129
80 15
113 78
15 41
165 84
135 136
137 88
11 119
92 62
105 97
147 172
169 130
174 28
160 165
147 85
67 162
82 141
118 92
67 20
160 147
52 9
137 158
44 151
136 159
52 90
128 122
141 165
124 42
78 141
105 74
59 38
156 40
56 68
62 153
153 76
43 96
40 180
94 40
140 114
60 20
8 71
69 9
109 2
61 133
25 131
12 40
150 145
34 87
134 44
157 51
43 53
18 170
35 108
179 87
12 133
27 89
30 164
20 127
35 33
152 116
124 110
50 63
149 94
142 121
129 119
141 39
17 139
28 61
112 7
94 11
65 96
16 83
72 138
5 8
50 114
14 69
41 117
40 163
108 62
59 168
96 91
94 70
18 18
61 103
148 120
3 82
127 173
149 4
80 152
13 35
41 3
142 41
85 83
153 136
145 166
46 67
130 169
118 148
43 139
51 174
105 122
8 158
155 177
95 72
116 74
91 87
146 166
83 50
128 158
129 56
41 20
151 60
39 173
112 41
178 168
95 96
180 177
54 44
154 60
174 28
68 35
65 87
91 73
61 101
48 143
59 99
33 29
21 57
35 19
50 106
152 102
63 148
92 131
173 162
147 69
1 19
82 129
123 105
5 127
112 152
129 64
147 49
25 130
73 113
9 102
85 100
115 16
93 89
75 10
2 89
146 157
47 169
135 173
92 49
127 44
128 80
131 15
170 2
47 60
147 7
17 118
145 40
74 155
107 11
120 119
115 21
23 18
83 5
113 89
114 114
92 174
68 142
59 162
123 176
105 47
154 107
66 4
7 88
106 112
98 140
139 67
165 36
87 148
85 112
74 75
121 118
148 145
72 67
127 108
101 105
140 68
140 35
67 177
46 43
104 43
34 130
134 103
40 76
86 101
133 77
38 90
99 47
31 64
140 124
7 117
169 17
92 90
131 33
95 102
150 17
84 57
20 170
9 70
60 87
38 108
52 142
178 96
165 42
157 94
94 76
133 114
25 146
161 124
16 150
146 85
161 117
152 101
21 161
157 61
49 160
117 104
100 23
38 12
160 173
38 160
41 28
177 75
156 85
105 103
146 25
78 14
24 118
59 31
166 87
12 126
104 32
177 39
21 80
24 2
110 116
174 83
31 61
69 161
130 58
84 120
82 65
23 50
84 73
33 107
175 4
8 165
112 104
118 59
17 151
61 178
103 164
126 2
144 124
7 167
39 108
15 66
52 103
162 37
164 179
9 100
77 1
162 161
158 80
68 169
52 144
108 15
55 9
17 75
10 126
69 168
34 145
115 161
157 24
171 170
36 106
91 104
37 163
120 127
21 102
48 154
82 147
175 132
53 59
174 163
146 88
7 37
1 18
149 133
144 42
34 132
18 179
64 158
16 177
134 126
61 66
78 105
71 71
159 4
81 160
81 10
66 79
30 95
133 109
165 65
57 46
86 112
157 147
134 66
103 93
133 70
133 45
123 3
97 57
31 51
89 99
65 92
34 145
101 43
169 69
103 3
114 18
173 178
167 170
81 63
128 162
69 113
98 10
87 162
27 38
8 164
4 166
45 161
158 60
91 123
139 35
75 136
160 136
73 55
43 108
70 24
94 79
3 171
40 48
80 115
179 37
66 179
50 139
12 85
80 74
140 78
128 89
5 122
106 66
149 164
138 91
113 74
111 72
151 31
168 22
51 115
160 139
66 152
104 93
146 74
156 60
88 172
107 177
36 170
7 21
79 53
165 8
3 106
154 7
92 46
153 179
38 124
133 144
164 139
64 50
1 109
65 178
63 121
153 12
137 121
97 176
121 74
32 103
44 68
39 176
139 155
29 83
59 90
121 35
115 24
68 128
118 69
152 171
32 141
88 123
99 144
166 131
80 149
112 143
50 94
32 17
4 30
96 166
160 44
45 28
65 98
39 156
52 71
20 164
175 143
66 104
47 111
169 76
166 39
134 102
179 127
1 83
113 72
175 69
143 80
29 39
107 93
152 29
49 170
52 121
4 68
88 47
19 137
167 13
162 34
94 19
160 162
64 167
72 14
155 60
9 166
26 174
107 79
151 125
153 45
126 5
68 2
69 58
82 115
5 122
43 19
92 97
67 91
148 2
94 169
33 1
143 53
112 143
73 5
83 42
45 107
48 102
97 71
71 76
55 23
2 12
113 58
99 163
99 75
134 74
46 161
21 80
22 120
49 138
43 76
155 18
138 29
167 180
20 2
136 81
81 72
27 10
112 180
18 163
156 145
9 160
57 145
4 73
146 37
170 137
79 99
117 160
118 116
168 19
106 74
148 1
90 131
74 117
123 138
68 69
72 108
43 107
47 170
10 173
87 87
56 74
43 120
141 115
25 19
151 157
179 27
147 39
66 110
152 68
146 74
69 102
64 26
56 95
120 134
167 83
101 145
158 136
82 99
134 179
154 10
132 83
80 45
165 177
31 172
49 59
42 87
150 167
113 3
60 89
28 117
178 57
2 168
72 175
51 91
72 171
104 144
112 92
124 166
45 19
68 148
169 92
37 69
34 72
88 83
50 128
173 145
134 172
59 110
15 47
105 9
52 163
31 81
78 60
75 71
50 89
108 90
169 29
137 43
17 151
148 42
124 117
120 174
33 3
155 4
21 80
165 135
136 33
118 20
119 57
112 125
2 60
168 20
116 155
156 46
115 55
81 171
86 95
103 137
93 153
158 157
15 42
57 42
106 53
130 19
28 51
12 135
114 100
81 151
21 84
99 10
162 102
7 46
66 168
164 177
25 102
39 20
89 86
23 91
16 87
22 71
25 92
3 55
20 36
163 50
110 89
141 17
11 82
95 95
103 169
89 35
149 43
7 15
72 21
177 105
40 82
80 56
32 109
18 24
28 173
104 161
163 72
51 67
27 130
139 74
24 74
140 158
122 166
98 76
68 70
104 179
140 1
67 56
162 10
1 59
64 82
116 61
43 99
68 81
47 135
50 132
132 43
43 97
65 141
163 69
59 61
127 47
154 60
167 13
136 69
150 125
124 145
121 30
90 8
171 21
67 126
20 25
11 60
53 90
37 31
126 22
144 26
98 26
43 94
158 151
148 71
124 108
49 135
59 122
123 100
3 124
154 88
57 78
70 91
175 151
21 78
17 145
150 85
77 3
84 98
1 154
47 141
173 125
115 57
137 13
132 46
30 180
166 148
129 30
161 163
140 15
124 167
18 94
127 127
166 71
43 125
173 75
5 122
158 25
71 106
138 17
123 21
29 96
104 31
86 132
92 87
93 128
104 54
146 100
174 105
156 84
177 12
116 68
148 4
29 14
5 106
64 68
26 30
25 57
177 174
106 75
43 2
48 60
104 41
94 21
54 154
135 111
80 180
57 107
153 4
116 96
54 136
33 42
17 85
144 148
40 16
20 99
18 66
96 80
118 32
26 58
129 17
76 156
72 52
177 138
79 5
28 176
97 119
69 30
10 93
18 158
56 117
77 110
26 134
111 42
147 124
68 140
140 175
139 14
117 179
70 5
78 33
10 25
48 52
74 178
174 96
56 174
114 77
180 27
48 93
125 99
37 155
153 23
47 126
147 62
38 161
115 71
133 53
54 50
87 79
12 59
89 4
125 80
95 169
14 154
99 101
89 170
115 6
153 108
98 64
20 92
105 117
9 108
142 81
7 26
126 88
129 125
33 68
17 34
142 170
84 34
155 32
115 27
41 69
26 74
120 101
97 121
96 7
142 144
179 160
120 79
127 14
113 76
36 27
101 96
141 20
120 60
152 35
26 94
81 99
47 58
81 75
65 44
73 25
176 134
30 106
49 52
23 35
154 114
75 173
142 173
20 151
175 64
62 162
26 145
93 117
74 141
146 85
141 84
57 142
50 127
119 161
167 165
18 43
43 31
69 119
47 27
32 50
97 135
89 93
135 14
38 47
148 152
35 158
47 39
109 163
174 164
127 91
22 18
1 157
55 57
48 79
19 123
168 180
156 173
158 67
41 111
128 80
45 158
74 128
48 163
40 79
87 90
106 86
89 20
93 124
129 96
9 23
87 47
165 40
26 120
152 60
108 175
78 64
46 144
43 130
64 103
119 64
174 74
26 145
41 60
111 164
163 114
145 131
127 78
145 103
89 114
53 114
161 52
158 27
69 95
112 72
166 59
119 60
153 69
164 92
153 39
80 169
55 173
13 140
152 17
30 70
162 44
81 18
50 36
69 57
155 171
97 3
149 27
13 119
5 70
83 161
154 176
43 21
28 179
56 19
119 62
166 86
106 174
61 174
118 13
50 18
46 9
145 162
97 90
39 164
36 130
73 11
134 121
98 90
161 18
77 177
168 53
102 7
87 8
21 67
80 17
167 81
66 60
16 107
150 174
11 167
85 78
69 35
147 150
70 47
176 54
62 56
35 105
115 95
47 8
148 22
34 136
63 73
36 139
12 66
95 40
25 48
159 123
56 118
23 103
148 179
66 62
152 22
114 155
104 58
54 158
93 12
121 121
103 52
98 46
94 86
176 77
68 20
63 110
9 78
41 115
45 112
133 122
153 166
2 18
7 49
124 56
179 1
91 6
160 74
108 23
47 180
134 165
120 77
170 14
177 138
171 38
9 101
86 129
22 20
138 20
121 121
137 170
107 178
134 166
67 69
59 120
37 87
99 5
160 87
70 72
64 94
163 2
47 164
127 154
143 42
135 21
47 4
165 71
166 1
74 52
53 11
53 17
160 76
34 174
5 107
48 138
2 86
118 83
62 8
5 69
112 51
27 63
83 112
54 3
57 143
31 121
135 47
25 30
176 77
174 177
101 172
72 13
30 141
91 41
178 94
17 15
104 54
53 85
153 83
159 176
19 157
111 160
80 68
85 14
134 105
16 131
119 11
45 48
100 166
177 12
111 67
38 100
121 173
121 136
36 90
80 144
118 2
30 116
123 35
98 98
48 47
4 42
83 49
153 104
76 96
65 16
89 47
42 164
137 82
1 33
38 9
44 68
138 34
141 101
51 94
173 157
46 16
136 139
132 17
75 28
97 12
70 124
25 67
165 38
133 99
135 15
54 93
165 151
86 99
161 164
71 104
76 153
81 12
136 32
87 66
7 76
26 17
28 138
117 112
95 2
109 158
121 52
86 161
134 114
104 67
174 94
54 11
48 91
150 80
86 47
163 126
180 71
129 103
65 76
82 36
98 141
77 153
65 174
104 60
1 2
86 151
95 31
80 151
166 146
17 24
9 108
161 65
10 121
142 54
129 80
78 75
3 107
10 12
71 60
86 159
94 95
8 26
15 180
153 88
77 8
148 151
41 42
110 122
105 127
156 23
49 140
65 126
62 111
40 128
61 166
3 147
58 100
55 128
148 174
53 88
132 60
20 12
122 74
170 11
27 48
62 53
165 4
95 64
180 105
108 137
56 57
180 22
121 155
125 113
51 63
148 140
157 43
50 127
178 85
32 147
93 167
159 26
23 104
31 133
180 144
144 44
166 145
65 113
41 48
95 2
64 72
20 72
5 133
42 16
132 99
83 68
63 29
40 167
178 81
149 89
10 68
134 43
16 97
111 19
94 16
82 45
150 44
27 173
117 168
12 157
180 164
133 122
91 150
175 62
142 85
141 144
153 149
30 162
109 20
137 48
154 66
84 29
1 92
133 126
20 107
120 149
100 90
32 116
44 8
12 78
166 122
8 84
45 104
157 141
121 180
59 114
70 143
91 75
93 53
23 48
90 107
55 80
80 73
159 100
67 2
111 149
173 91
129 33
2 180
171 48
123 68
122 65
129 106
145 89
119 28
43 163
130 97
152 31
123 143
12 131
65 29
97 115
40 176
76 28
21 118
46 152
162 56
176 65
174 119
104 142
37 78
128 21
1 9
37 28
136 103
114 27
83 14
84 24
117 170
3 54
109 175
101 101
133 66
170 82
168 104
28 51
87 23
36 59
177 38
12 141
85 24
76 101
90 103
26 23
6 4
180 122
93 135
134 128
164 38
27 72
45 162
113 161
12 1
177 55
175 89
47 87
28 7
127 14
89 13
79 140
22 32
101 122
158 28
67 98
130 28
148 42
39 9
40 166
22 107
164 43
2 152
173 66
150 159
41 89
95 76
93 20
104 18
174 87
44 117
78 55
125 96
75 42
127 6
84 91
140 93
72 139
164 85
28 121
46 10
23 93
161 126
4 138
135 103
35 27
89 37
9 92
174 30
25 139
49 138
132 16
168 76
40 19
176 174
23 135
159 23
61 129
30 134
11 45
155 132
163 132
127 99
72 64
161 70
14 73
89 120
136 143
34 161
128 161
64 125
94 141
145 5
172 47
79 4
104 161
113 74
6 23
22 63
166 43
77 53
41 51
79 32
114 52
71 155
98 92
22 97
2 136
58 168
137 91
56 20
41 121
49 177
125 158
123 150
85 118
132 71
108 156
158 85
116 45
35 41
1 19
93 72
76 144
125 57
153 51
108 108
5 33
19 3
132 72
46 21
86 59
75 46
23 87
167 124
18 123
131 82
108 48
129 11
176 165
94 155
29 120
93 11
41 133
113 144
11 23
77 148
65 97
88 158
71 5
12 13
117 151
73 30
86 12
96 160
146 84
48 52
180 131
28 30
78 27
35 126
15 146
105 157
121 136
141 114
175 158
94 40
123 132
34 150
98 30
54 54
5 23
137 19
46 101
97 128
101 48
91 2
151 131
153 106
83 133
145 55
53 74
164 36
168 121
176 60
37 105
30 52
116 83
15 54
59 29
28 20
53 95
137 24
84 127
61 143
56 81
14 90
71 111
76 180
150 85
26 106
137 175
132 27
140 117
99 174
173 131
142 48
60 173
46 141
167 123
73 27
23 15
66 136
173 153
170 174
76 54
48 45
39 138
103 85
156 65
67 69
6 132
94 125
109 49
167 28
90 138
162 169
122 42
19 150
53 2
137 116
39 4
42 28
39 25
2 21
162 75
89 134
156 82
22 22
55 73
112 78
124 4
150 20
10 86
142 71
108 96
21 131
100 43
118 94
144 68
73 1
161 136
21 166
125 103
149 143
4 166
66 62
30 30
160 70
21 174
9 155
54 44
48 172
9 15
100 125
20 1
51 175
140 40
92 3
148 77
152 165
160 141
143 9
161 91
27 50
48 134
19 136
2 41
10 161
115 115
47 109
59 9
138 155
148 33
14 22
105 21
170 103
175 102
87 146
17 94
148 78
139 159
75 168
125 19
76 173
61 116
46 100
85 174
15 146
35 178
96 93
32 91
146 91
50 177
145 173
10 160
171 94
67 86
129 77
21 59
160 123
155 99
142 29
1 149
161 77
94 68
95 168
52 161
80 128
42 61
10 32
70 68
160 170
142 35
96 107
165 169
145 113
146 92
4 75
65 47
