200
2800
55 8
162 28
173 199
117 54
149 113
79 45
159 68
115 177
134 53
76 176
185 175
74 184
66 142
51 128
162 140
113 29
163 100
149 52
42 147
105 148
112 90
175 69
195 181
61 184
8 126
129 47
131 150
195 37
113 147
53 55
127 70
185 137
158 86
88 125
189 18
183 29
101 66
164 175
172 17
137 107
149 77
61 189
179 107
195 112
185 168
126 70
68 178
69 66
122 185
139 54
158 51
143 50
95 26
93 185
10 101
85 147
45 185
172 21
179 193
160 21
33 175
156 10
178 77
122 1
195 8
10 17
155 98
108 29
106 47
13 28
59 75
119 144
122 77
118 186
20 94
63 119
164 169
145 26
2 5
69 191
194 15
35 186
149 122
132 113
19 199
194 191
128 174
120 144
191 138
20 178
139 25
180 58
44 2
76 75
79 95
184 46
152 58
37 103
89 112
3 200
104 165
20 165
100 158
97 110
28 109
68 82
154 111
118 73
144 61
100 63
48 79
31 4
162 175
200 185
40 162
63 121
162 22
110 10
137 192
104 30
187 66
6 79
10 45
92 120
69 45
67 71
64 8
111 37
23 88
188 114
161 109
186 124
193 60
49 12
57 24
162 2
101 118
196 14
179 126
14 3
31 99
65 125
177 191
141 144
118 157
21 98
100 116
150 54
76 12
38 10
64 3
185 29
195 111
145 27
150 27
7 108
171 38
192 56
77 69
32 110
22 89
93 87
134 7
101 31
150 81
45 29
78 183
187 168
60 40
63 80
130 60
27 62
180 162
158 77
51 159
17 37
57 86
25 160
177 45
82 186
57 37
18 171
110 89
176 22
173 174
199 55
117 65
55 179
130 112
118 160
164 126
79 84
46 89
3 195
138 90
180 187
12 70
28 71
199 37
75 68
141 140
176 31
158 121
59 82
105 136
79 59
137 181
177 94
84 131
90 166
23 64
22 82
151 72
129 106
127 109
64 157
2 65
141 154
6 44
157 94
101 127
77 175
83 103
160 40
162 141
29 60
127 125
188 110
60 81
138 101
102 68
146 112
74 117
122 32
136 122
100 1
159 96
100 152
82 142
60 107
131 21
154 90
172 40
19 166
96 34
191 164
150 199
160 103
39 118
169 3
136 153
118 68
24 47
42 114
102 116
61 7
26 174
29 18
154 44
143 119
63 182
68 3
140 18
101 193
166 72
24 91
158 142
91 141
90 1
91 52
155 168
86 81
35 69
194 193
97 46
90 182
131 185
84 200
7 28
33 197
184 6
196 1
16 121
1 52
48 168
35 167
46 2
152 165
189 165
10 57
40 23
124 81
21 164
29 67
177 80
154 67
180 36
100 1
49 35
59 13
48 109
59 124
132 166
76 25
166 91
187 77
81 150
66 100
142 182
18 90
28 91
23 16
106 165
152 144
78 28
168 159
70 56
48 150
129 105
115 124
141 128
152 135
129 69
49 195
92 32
167 76
103 5
19 129
66 164
4 75
27 177
88 89
42 4
92 43
160 91
142 136
196 39
19 62
18 164
51 153
41 102
154 196
180 85
69 112
120 145
144 100
156 58
120 34
156 108
123 175
86 2
46 168
128 85
25 49
51 105
160 66
125 36
26 151
42 141
19 63
144 17
11 161
171 94
37 159
178 56
89 68
145 161
65 162
143 71
12 16
170 28
176 193
47 108
186 122
63 140
200 167
184 178
177 158
91 110
15 50
194 183
161 138
40 198
136 119
159 178
27 167
117 18
35 149
154 28
79 45
18 9
82 7
85 65
2 144
2 185
3 39
17 193
12 36
178 32
15 136
144 157
180 16
140 173
167 42
95 129
145 93
69 3
127 55
2 9
197 50
29 51
61 140
16 122
60 69
157 134
135 101
84 82
74 159
171 95
184 108
154 148
172 52
13 124
169 37
94 159
175 184
20 72
40 127
47 60
18 101
147 126
51 66
183 30
121 121
18 90
31 189
165 80
159 169
49 152
77 69
156 104
9 176
69 75
166 76
73 182
143 121
55 194
85 159
1 195
127 102
61 145
188 128
23 87
188 37
195 103
133 23
159 146
10 175
31 34
195 131
153 186
106 107
138 134
98 79
92 96
96 9
77 25
73 64
57 143
9 131
153 44
99 189
23 41
117 77
114 1
155 181
98 156
20 30
41 98
79 87
152 133
183 22
19 115
31 153
8 7
169 109
130 120
183 124
181 57
54 51
190 59
186 130
95 9
32 110
80 31
77 178
134 67
16 180
88 56
106 25
133 170
176 37
27 153
76 58
35 33
66 184
82 19
26 61
133 64
45 105
46 135
37 113
57 117
12 13
109 71
19 178
93 148
95 72
130 87
35 90
6 126
166 200
156 191
3 154
116 140
101 14
101 23
175 104
35 19
92 107
59 137
172 46
151 72
151 68
23 157
188 157
111 168
28 82
40 15
14 89
142 87
164 50
141 166
34 150
151 56
58 27
63 97
26 69
186 59
63 94
44 143
22 167
75 157
90 157
199 173
15 161
46 33
21 22
157 32
87 7
192 84
97 149
128 63
33 48
119 46
130 167
54 100
157 136
95 55
104 67
134 57
197 110
196 141
101 20
66 191
72 84
73 138
116 56
190 86
144 168
111 140
181 190
160 189
4 173
133 45
191 82
137 155
16 121
68 69
86 144
137 144
199 31
33 54
160 195
77 114
140 163
60 72
150 130
179 150
128 76
138 79
26 110
123 144
86 51
161 136
141 25
12 95
69 99
185 13
147 18
134 141
121 98
191 144
108 95
5 166
102 45
141 68
109 134
113 87
107 17
139 4
40 25
142 174
15 11
17 102
192 170
93 190
114 200
159 32
195 39
199 87
94 22
15 165
74 194
122 24
6 193
144 26
177 36
49 83
37 143
30 29
96 119
36 66
171 150
58 30
122 20
193 46
174 181
84 139
1 95
191 24
137 49
188 91
123 166
54 96
89 151
146 84
110 94
115 129
113 102
158 64
96 111
195 26
199 87
187 69
123 31
55 99
133 116
17 130
32 158
97 92
112 2
122 155
17 42
137 112
62 156
170 15
91 82
36 29
170 182
82 59
157 18
27 192
7 139
39 108
55 141
24 90
144 9
149 27
133 25
187 22
98 21
93 139
38 124
36 190
65 175
33 75
50 89
128 155
91 125
44 142
108 137
55 43
14 177
181 151
82 37
50 185
141 170
15 20
145 159
197 99
140 200
48 145
48 48
61 195
199 104
6 11
25 152
89 43
34 18
200 59
97 152
8 84
169 95
177 146
120 148
167 197
95 68
64 31
100 193
80 15
183 17
150 81
99 178
74 5
8 65
26 90
59 115
35 162
101 54
41 116
25 42
137 152
176 161
55 193
158 34
62 39
156 184
87 68
173 132
24 106
79 17
84 149
36 46
147 89
23 33
19 56
173 183
150 38
92 124
129 59
30 125
172 77
103 42
104 55
87 157
164 101
192 162
49 55
156 32
30 137
48 190
177 114
8 27
37 187
16 114
21 42
60 34
40 96
63 105
10 69
167 122
126 199
187 24
72 68
171 160
174 39
92 90
139 196
156 112
62 64
114 105
91 36
78 25
57 155
166 14
106 161
77 96
129 76
188 37
117 141
77 18
170 14
28 14
154 193
109 102
79 87
25 70
112 54
116 78
16 154
18 120
31 72
95 145
20 61
86 89
138 149
65 109
73 197
183 148
112 116
3 77
126 26
58 61
70 194
25 78
2 91
27 31
67 5
66 168
47 83
7 153
48 124
5 82
16 111
53 107
113 147
152 45
182 137
148 176
175 64
193 158
81 50
95 167
171 69
83 118
149 135
81 193
192 139
143 25
32 116
181 106
120 74
58 14
73 124
65 181
94 77
2 79
91 113
40 158
89 105
121 4
169 37
103 168
103 54
133 67
44 19
165 127
75 195
130 93
39 4
138 33
15 155
70 116
174 163
161 189
28 23
72 24
71 29
2 188
41 141
78 67
126 161
183 84
181 56
101 197
120 151
133 10
178 123
25 72
183 164
138 53
188 197
164 152
48 142
133 156
198 77
58 175
156 64
111 188
158 75
102 7
141 109
162 199
173 175
19 19
121 128
50 106
46 118
97 99
25 8
72 145
128 1
67 49
170 191
136 79
122 19
54 69
86 48
195 37
156 89
114 192
123 151
25 43
148 81
30 169
46 194
163 71
3 124
60 65
123 83
20 97
127 114
114 84
122 19
16 140
102 23
103 161
104 37
20 166
74 56
88 69
181 12
120 165
186 156
144 140
170 108
79 190
4 102
41 15
186 42
180 46
182 72
62 190
3 181
77 179
93 98
128 125
128 145
45 141
108 47
54 176
115 114
110 65
27 84
25 106
82 180
164 10
100 63
46 32
5 46
105 179
131 106
122 55
164 157
145 45
115 109
161 78
133 166
111 29
196 15
58 29
73 69
132 179
81 101
127 28
60 197
2 172
110 103
85 118
197 99
94 185
25 82
155 94
69 144
112 30
155 164
177 67
154 47
94 91
178 159
45 156
4 140
193 106
101 175
46 190
28 64
1 11
94 17
52 100
59 12
124 38
20 75
145 177
41 22
160 140
47 111
44 178
10 102
120 111
20 172
66 6
127 11
175 73
197 191
137 9
102 155
64 96
176 25
5 114
125 92
48 74
125 135
191 62
170 15
74 86
143 101
110 140
20 167
169 112
93 148
123 151
189 7
118 110
12 122
73 122
69 111
167 36
43 173
186 104
84 29
8 85
8 178
89 163
135 56
148 102
188 127
99 154
164 86
1 148
56 12
128 5
23 27
3 94
191 141
60 106
98 85
92 50
115 45
89 129
52 72
157 56
169 63
62 161
110 42
41 163
101 69
184 167
131 136
179 141
113 47
44 55
101 153
37 105
9 101
131 64
77 111
57 190
153 189
127 86
167 62
50 118
169 140
39 109
74 94
110 59
85 53
60 39
47 200
16 2
80 96
92 63
68 109
24 49
54 103
77 102
29 29
7 116
186 26
185 105
116 98
21 58
193 1
39 109
87 64
78 57
120 31
65 43
180 99
189 29
150 38
124 197
138 197
44 150
25 115
140 190
173 68
167 132
105 147
153 122
126 113
58 49
118 36
112 15
199 86
119 152
185 135
17 112
158 115
183 130
91 167
170 119
77 172
44 44
169 161
64 17
165 70
184 43
191 184
64 125
181 92
178 172
81 67
72 93
7 62
8 81
145 35
155 98
130 107
91 193
35 182
54 33
15 57
163 43
41 52
177 127
40 19
112 33
183 71
197 29
138 123
145 20
25 184
115 113
159 75
147 178
186 63
3 177
55 84
179 171
100 10
136 57
16 19
164 62
71 2
194 151
17 163
52 127
108 160
75 166
19 160
123 188
54 96
12 130
40 39
53 131
20 138
88 177
191 129
58 191
183 197
115 55
30 141
24 87
115 195
89 84
179 116
195 74
38 97
22 129
110 44
144 187
171 145
197 35
98 154
97 1
139 60
175 34
52 30
31 161
20 91
112 11
197 171
132 1
102 29
142 98
152 68
63 111
18 130
48 1
91 60
196 130
78 84
3 28
146 81
50 87
148 115
126 105
22 165
19 178
27 73
104 31
135 166
21 189
94 103
67 182
155 99
79 130
128 162
63 84
160 2
41 74
183 48
48 127
9 79
113 190
101 141
43 105
84 198
188 43
197 63
189 190
28 200
10 123
52 168
178 153
115 141
182 122
96 35
180 107
51 136
34 8
85 4
151 122
47 45
153 109
4 195
2 78
166 176
130 195
48 42
192 150
153 153
176 100
1 194
159 102
107 1
164 88
49 185
24 154
36 48
101 146
170 121
136 128
137 101
119 58
193 74
38 169
193 185
176 18
77 119
103 161
95 127
87 72
80 171
128 117
74 184
8 104
193 113
79 124
126 92
129 116
102 139
45 44
35 84
70 128
123 91
82 57
102 189
28 63
65 157
153 168
117 77
82 128
147 94
135 34
177 119
127 105
83 143
6 64
41 64
24 107
192 113
135 99
18 93
122 50
104 45
7 142
13 27
145 145
29 133
99 27
5 139
128 57
90 11
108 145
55 156
183 113
123 155
28 31
142 66
183 65
167 29
71 139
170 56
128 96
167 77
165 133
106 43
42 55
104 69
130 22
39 59
185 81
65 193
186 67
176 147
183 154
85 22
79 179
153 45
3 170
59 94
167 111
139 9
17 98
66 78
75 8
56 12
99 55
17 1
79 100
39 104
4 154
155 13
167 73
128 24
7 105
30 146
97 166
112 23
181 146
43 17
97 64
22 93
71 163
163 21
115 81
34 163
186 183
150 115
112 137
109 120
29 4
58 191
155 3
51 67
136 175
136 184
117 1
178 93
167 13
117 111
22 189
96 110
94 43
107 173
86 166
185 41
115 89
108 11
91 182
111 106
98 163
46 3
15 3
196 198
183 56
66 5
66 106
191 40
178 40
149 49
128 174
6 183
179 48
81 181
113 193
178 96
193 135
107 131
198 139
196 36
147 145
156 171
6 152
80 189
28 113
142 173
121 181
74 123
197 56
119 162
29 93
73 14
57 125
190 96
154 49
148 36
88 94
154 52
174 136
63 43
94 167
43 175
28 102
61 113
179 54
63 105
4 74
122 17
141 186
107 129
24 122
72 118
30 34
3 160
108 32
146 99
133 56
17 97
56 28
128 165
132 190
113 190
199 153
90 54
93 111
30 177
154 48
115 32
24 14
151 127
185 132
74 87
95 29
28 13
171 11
101 192
82 147
139 64
123 67
141 102
169 71
195 173
73 55
115 70
96 147
198 20
65 8
89 32
35 137
120 14
187 126
152 29
20 61
158 79
117 97
107 134
111 187
90 67
105 121
147 141
38 179
43 94
42 194
54 89
86 55
120 134
172 92
100 193
71 183
42 140
28 159
17 194
24 38
129 44
171 172
16 99
60 156
45 93
176 64
42 35
199 136
1 196
41 198
158 134
55 37
200 38
165 57
78 52
134 17
15 24
154 35
177 94
133 27
115 43
25 60
134 13
8 169
141 152
57 173
58 175
157 83
53 193
177 31
110 74
120 111
89 124
176 167
69 110
60 106
177 168
54 3
193 99
78 3
181 176
58 6
198 31
197 101
102 167
125 112
56 128
197 4
180 154
29 127
13 188
18 20
151 167
127 148
31 168
194 84
86 168
28 6
159 123
192 96
116 109
64 30
132 80
41 116
1 88
149 82
187 133
181 186
137 32
93 105
49 158
146 46
52 37
114 90
172 8
33 102
189 143
179 88
191 166
197 25
148 136
110 106
40 68
193 91
38 163
179 111
6 106
178 10
77 83
48 51
78 113
64 158
92 106
37 186
177 4
190 20
101 88
84 106
144 123
41 151
36 29
134 57
81 59
85 183
104 179
77 145
88 187
185 199
52 35
104 43
161 153
62 197
104 190
182 173
54 77
92 103
15 17
74 66
15 82
63 88
186 129
109 11
38 21
142 84
113 134
111 162
152 95
36 17
186 99
3 52
159 178
75 166
52 10
25 146
129 173
180 152
158 49
125 175
100 136
55 73
7 124
169 35
132 46
133 139
100 141
169 192
169 198
192 60
64 73
51 1
196 116
79 52
79 77
140 165
111 124
88 136
119 177
34 193
131 1
79 14
65 135
18 189
143 177
93 134
193 31
195 98
15 144
20 59
184 53
29 42
113 108
99 1
128 46
47 5
46 186
102 142
22 54
185 76
97 115
74 87
39 179
63 44
145 128
116 122
94 93
66 58
188 48
130 167
6 113
159 192
47 19
8 74
37 88
54 121
85 119
135 47
115 32
142 145
152 27
52 78
66 185
41 19
127 84
164 42
71 105
116 41
135 164
198 172
106 51
117 11
134 149
179 155
15 133
118 190
117 131
182 152
131 173
14 155
83 6
158 129
166 57
178 123
79 159
61 45
138 122
72 40
23 86
24 78
44 8
44 92
196 162
30 147
195 2
39 76
166 154
166 51
85 31
71 38
64 130
168 27
175 90
99 8
184 173
139 196
4 92
1 85
96 82
166 141
81 60
193 121
66 25
143 61
190 126
178 147
1 125
79 139
72 150
130 121
110 3
75 199
85 10
155 143
95 132
140 66
47 126
71 161
175 191
172 120
131 126
80 81
7 19
124 7
176 199
119 145
178 170
40 44
125 146
111 145
137 34
154 51
31 191
54 12
77 178
81 98
27 132
138 181
21 91
128 141
177 16
157 113
199 192
87 168
23 81
14 67
4 173
9 23
168 92
17 197
162 1
197 1
48 65
65 71
95 99
153 102
78 147
158 27
11 60
92 129
116 152
97 101
14 138
195 85
61 46
154 175
61 96
31 67
85 160
133 19
67 25
156 151
75 192
90 134
155 66
22 91
82 134
136 139
53 192
163 133
58 164
126 166
24 18
178 72
35 134
189 188
2 68
74 42
20 38
188 156
36 153
145 177
145 195
9 38
74 163
185 153
104 164
198 134
67 22
47 77
101 108
47 26
27 48
116 100
166 97
80 159
178 36
153 62
76 169
135 66
39 28
130 173
123 103
85 166
118 128
28 109
12 141
176 182
198 167
32 4
92 125
21 105
121 155
168 1
63 110
199 59
109 8
129 138
52 134
47 117
141 75
36 180
74 158
131 129
180 132
54 118
184 146
10 166
76 131
118 186
89 162
164 120
46 29
191 70
1 112
113 97
144 66
132 162
178 81
154 185
197 146
3 84
74 156
90 181
83 41
79 99
72 161
160 17
29 94
194 128
16 11
35 142
115 17
51 122
91 128
150 191
74 74
71 27
182 70
75 4
59 95
116 60
10 188
141 98
147 104
106 176
102 194
165 98
55 89
91 14
182 33
58 169
133 60
104 158
120 68
143 157
199 160
65 168
199 19
4 173
110 112
184 125
200 130
30 105
70 141
39 68
111 6
126 23
53 37
123 5
124 152
110 105
55 178
163 59
68 177
189 135
140 129
169 116
142 151
175 113
92 7
153 60
198 43
62 42
102 54
154 175
171 102
151 45
149 37
197 43
23 141
82 144
101 140
8 137
159 109
46 62
39 80
164 20
15 87
129 101
167 87
31 2
151 36
41 109
84 107
182 162
56 72
97 181
13 12
62 13
73 31
140 162
179 68
61 149
154 55
21 179
20 127
89 162
130 61
27 80
121 156
60 200
163 139
26 180
121 63
190 132
177 110
32 10
138 150
51 157
45 152
200 26
53 2
125 146
142 105
112 87
143 184
167 62
150 165
184 12
84 10
167 57
94 120
151 175
56 46
6 68
115 34
144 133
33 66
111 183
106 167
31 116
17 10
22 134
67 50
141 33
58 48
116 98
184 72
60 98
55 11
8 191
90 198
125 121
85 178
187 110
95 153
15 8
95 164
124 148
118 184
190 81
36 60
76 130
153 39
147 65
193 19
27 187
108 156
32 184
74 199
96 193
124 5
152 44
174 135
80 184
59 56
157 182
178 92
59 145
128 7
160 120
110 103
53 30
100 47
193 141
188 4
182 6
91 42
65 57
155 25
118 110
170 194
8 50
145 147
21 135
1 19
151 97
9 115
118 174
79 6
75 174
5 115
174 3
39 170
86 95
51 145
152 90
86 49
75 110
121 181
13 159
83 37
183 56
17 147
185 187
96 43
97 25
70 193
4 197
90 160
77 129
171 155
152 113
94 199
36 158
135 25
12 100
180 29
50 85
200 31
189 181
113 181
62 21
56 53
44 88
167 38
180 82
67 169
124 44
137 28
115 63
130 106
125 55
26 130
74 164
144 123
49 118
103 66
135 41
92 44
200 137
122 127
105 160
174 133
128 3
69 110
181 66
156 169
148 57
116 38
145 145
135 148
162 93
111 74
44 141
25 13
48 61
21 124
159 88
50 39
170 6
76 139
199 67
170 60
101 184
16 175
98 77
50 174
165 129
188 22
191 199
139 169
162 32
195 160
145 140
66 152
190 40
3 99
124 114
38 197
190 198
60 111
174 67
18 56
135 107
21 135
23 179
10 152
183 189
98 114
189 30
94 194
9 47
28 181
23 44
127 158
170 94
102 10
70 86
89 185
145 34
148 135
89 89
73 153
126 166
168 108
79 192
56 116
138 148
129 77
173 82
126 5
140 40
193 50
101 110
114 87
43 188
34 173
72 145
32 182
104 92
166 61
178 104
146 194
74 43
159 7
141 27
173 23
197 89
17 7
151 63
112 189
124 103
136 151
96 184
85 162
153 67
123 167
66 107
161 82
77 186
81 188
186 34
41 145
122 48
68 114
36 189
4 134
21 136
115 5
159 161
120 119
129 114
94 140
147 150
77 22
127 68
150 42
137 168
47 149
34 115
132 121
60 61
69 77
149 52
184 31
123 111
107 115
172 187
156 64
184 162
142 119
16 88
13 14
197 167
181 9
31 114
66 180
88 115
150 47
23 36
163 173
32 140
44 156
190 5
103 180
110 146
38 182
190 58
52 190
94 132
89 162
2 140
80 40
179 84
141 103
64 170
144 19
144 85
172 43
71 139
140 104
58 100
127 105
81 13
163 99
161 77
173 57
110 57
120 150
109 112
99 84
76 156
17 194
58 57
190 127
100 177
63 111
132 169
138 170
164 191
117 90
199 194
192 191
106 129
104 107
191 13
90 190
153 41
191 168
66 81
30 131
199 150
5 52
40 179
163 32
100 36
53 188
145 162
138 185
178 168
181 55
35 29
152 133
80 61
140 13
90 186
118 171
37 5
41 154
29 98
150 103
88 40
114 5
194 4
84 102
69 110
14 13
188 88
12 74
39 174
87 136
114 120
1 133
26 23
48 9
47 164
9 49
177 187
15 123
184 116
55 80
29 69
173 168
166 9
181 75
60 133
34 45
168 138
46 167
126 180
112 140
37 97
1 11
36 3
197 117
113 149
54 167
85 62
150 103
131 33
73 170
141 181
188 34
167 7
111 185
122 50
7 159
174 140
23 124
89 108
25 23
182 149
69 153
46 159
97 140
153 144
115 17
149 95
123 7
179 136
83 121
186 90
116 16
66 183
1 120
18 87
29 172
135 13
89 130
154 92
164 172
11 1
125 166
53 6
195 31
86 87
81 164
67 55
67 195
77 36
44 94
10 90
79 31
74 45
170 86
119 36
152 79
173 123
10 8
134 135
75 110
27 84
161 35
82 102
83 11
121 168
111 152
101 52
87 133
28 190
56 137
84 172
191 42
66 141
77 54
27 112
34 96
199 3
109 29
94 78
126 98
131 57
104 94
133 149
85 171
179 58
194 58
17 98
48 155
178 111
76 134
150 190
42 190
45 94
77 163
140 5
30 77
45 12
3 91
73 104
168 40
143 179
95 98
148 106
159 81
56 131
165 97
104 42
4 78
10 77
9 37
58 68
149 185
112 91
130 25
95 21
120 114
56 91
124 106
4 73
176 186
6 87
148 106
103 26
17 8
78 176
51 85
117 79
41 95
135 105
169 143
129 98
119 12
163 54
116 152
144 107
40 73
81 101
15 58
35 122
99 171
155 187
39 72
49 65
113 197
60 183
191 76
164 36
49 67
180 163
25 31
65 13
155 18
70 171
21 47
132 111
41 34
170 126
36 121
117 73
27 146
78 81
21 131
107 120
30 90
31 185
131 117
79 116
128 21
36 34
131 169
151 179
97 49
99 169
172 122
96 92
84 61
17 83
163 44
152 187
116 1
178 187
27 137
164 19
118 138
7 47
130 178
44 50
79 83
81 52
200 134
155 173
87 83
5 49
45 65
46 2
39 159
186 154
163 105
149 150
146 96
106 170
14 103
25 96
176 165
185 55
57 139
172 27
78 23
62 84
185 72
118 139
132 98
18 26
54 61
113 40
12 20
116 115
35 151
149 179
151 108
66 59
62 72
63 77
14 159
84 130
17 129
127 101
6 190
114 155
188 50
150 5
77 59
165 140
114 154
162 72
166 89
25 53
93 72
200 120
162 56
83 112
91 182
137 161
67 81
20 38
174 24
177 87
149 198
193 154
25 49
102 15
126 98
171 151
100 153
124 163
40 116
25 189
128 165
149 100
199 112
70 99
124 156
143 85
83 158
65 91
120 6
107 116
15 29
92 102
178 72
107 176
13 16
136 116
114 127
82 79
103 107
83 134
83 32
151 158
48 46
108 145
182 182
150 30
120 18
114 159
96 199
50 194
19 175
128 87
175 116
157 82
108 177
176 4
15 170
86 193
108 141
3 123
22 161
184 121
169 170
106 189
13 40
51 166
49 167
176 12
33 37
86 83
26 153
24 75
185 192
80 141
188 95
102 29
25 144
121 10
142 146
179 21
88 59
23 115
110 21
37 157
183 64
154 166
38 155
192 12
188 38
85 170
69 82
191 192
147 66
125 32
200 128
20 103
81 75
59 96
187 126
184 134
163 65
166 91
136 44
175 90
145 153
153 171
154 136
49 45
128 6
58 153
131 9
106 47
96 39
26 49
102 40
73 129
164 132
199 31
131 158
91 29
159 188
181 57
28 106
72 184
30 195
189 194
148 40
83 15
67 72
157 150
130 45
48 61
47 45
122 141
41 198
130 182
98 12
15 44
44 177
145 190
73 17
142 60
60 178
200 177
169 185
15 190
