200
1200
92 46
57 129
110 49
195 20
179 153
70 151
170 137
191 80
56 18
48 185
76 10
116 69
124 1
130 111
191 139
55 100
150 167
52 92
156 142
6 184
107 73
106 151
188 192
69 68
185 12
110 7
97 89
130 124
81 18
112 155
96 91
139 98
33 187
59 90
113 118
113 50
179 167
12 160
155 155
95 127
82 124
56 174
38 188
45 114
175 106
186 160
31 113
43 73
100 112
70 68
63 199
132 150
85 1
119 148
76 76
178 123
16 35
151 84
8 114
120 157
30 142
148 21
114 157
30 179
135 40
20 50
24 200
82 18
127 99
44 97
88 120
189 57
111 131
197 109
171 108
199 175
146 194
5 160
18 29
181 177
83 124
179 200
117 21
83 65
11 39
51 166
57 86
118 104
14 158
26 80
56 90
160 20
121 92
88 28
179 133
49 123
145 86
117 165
14 197
140 17
196 199
5 57
33 190
199 133
76 146
40 52
165 166
95 126
73 81
87 129
171 133
54 88
52 193
53 101
73 175
165 106
158 66
170 172
73 117
41 181
41 124
33 173
105 161
79 164
197 17
197 69
174 150
34 153
56 196
48 41
60 53
175 7
106 135
21 19
2 126
68 97
30 167
177 179
170 115
156 14
46 197
134 145
200 1
12 13
85 64
53 19
161 149
7 70
48 41
55 177
144 168
194 168
68 126
83 21
44 121
41 94
159 79
67 44
126 29
105 93
187 23
129 33
188 34
135 127
30 42
114 129
150 133
96 73
175 70
111 109
194 1
97 131
63 198
61 63
125 133
107 167
76 106
147 85
67 132
154 159
182 8
123 190
31 9
185 42
21 21
148 5
83 185
76 9
39 48
15 18
63 132
73 172
37 190
172 25
102 31
41 198
27 96
10 184
24 58
58 27
84 85
173 165
147 189
46 124
176 123
18 110
133 89
77 93
116 117
115 58
97 183
68 155
47 61
17 16
28 116
175 187
41 174
197 121
73 74
165 7
47 124
157 198
43 25
191 118
93 8
96 95
132 186
161 10
110 177
180 173
76 158
34 41
119 37
65 162
170 25
38 80
130 123
108 36
147 189
159 94
21 100
117 133
116 122
71 49
16 42
34 97
8 15
60 155
102 154
3 37
85 135
96 66
27 71
118 125
138 186
177 95
117 93
159 58
80 187
13 100
110 198
159 107
156 33
153 17
83 77
63 46
179 173
2 162
51 188
76 86
170 47
33 28
116 77
5 154
134 79
158 88
180 72
119 65
44 111
82 91
181 77
181 76
84 6
3 181
177 174
131 51
43 152
151 135
65 11
49 83
70 16
94 136
97 111
51 132
81 72
154 22
160 82
50 30
78 194
181 155
98 181
143 64
191 139
163 141
87 135
61 176
157 26
107 179
147 87
91 24
53 69
51 167
43 172
146 164
60 130
181 30
47 118
117 134
53 47
170 123
73 27
35 68
193 72
174 66
130 148
174 101
82 93
76 44
5 192
95 148
98 83
66 25
23 110
56 181
28 133
41 42
91 26
5 66
184 187
115 105
24 112
62 5
125 122
30 77
91 82
152 176
80 42
189 31
164 7
5 18
101 64
136 96
117 98
117 46
111 83
41 72
137 20
69 15
200 28
130 189
89 145
200 183
143 178
36 79
71 46
134 30
13 76
128 151
117 145
111 153
131 163
24 186
175 19
120 32
55 169
178 137
125 40
18 183
36 63
68 149
35 3
60 50
197 143
18 88
130 141
169 110
32 30
134 31
7 185
81 105
199 105
18 48
165 21
42 32
33 120
12 62
4 113
166 105
171 109
40 49
185 142
40 132
110 50
118 132
38 171
141 2
174 96
110 25
45 35
182 177
148 37
1 199
98 4
34 74
147 83
114 178
133 145
21 168
141 27
126 39
71 64
185 119
124 83
124 138
37 108
49 60
162 167
25 128
126 109
40 191
2 19
60 114
122 137
2 85
148 21
100 194
158 177
58 5
9 85
101 176
151 178
47 128
181 196
42 13
14 112
18 132
164 15
160 21
171 177
200 51
177 91
28 113
14 118
75 102
5 134
130 185
187 122
151 195
146 81
15 106
105 47
72 26
129 127
23 119
25 23
13 127
24 92
81 95
109 27
103 38
185 10
103 37
33 192
173 132
65 173
25 75
159 165
21 166
75 157
35 43
51 64
94 96
90 139
57 156
150 85
63 74
86 20
182 105
2 53
141 15
25 198
31 160
73 75
91 12
53 3
71 170
160 192
75 119
74 60
65 134
175 173
118 72
18 58
178 133
153 60
40 73
147 27
139 176
139 153
157 195
194 27
1 87
120 81
7 129
85 190
98 11
18 167
121 185
2 101
130 22
67 76
133 99
82 23
198 111
98 4
59 83
110 104
139 101
141 140
123 35
68 182
42 142
3 37
113 52
76 151
186 105
104 11
112 65
67 102
74 74
80 7
14 131
35 96
157 147
29 62
128 161
1 91
146 67
30 163
117 122
89 51
125 105
109 172
111 129
198 72
5 183
9 72
110 115
174 80
181 136
198 127
162 138
63 106
22 187
107 170
196 94
82 132
107 198
145 130
174 154
177 133
60 163
110 155
101 97
76 67
12 25
3 143
170 169
98 1
145 55
169 31
107 11
93 79
165 187
74 50
66 22
74 33
24 52
138 193
33 4
66 40
74 197
6 155
123 55
97 169
123 54
11 50
168 139
183 104
43 32
134 105
90 109
102 157
1 167
185 32
124 16
108 116
193 191
37 110
101 10
1 119
131 186
29 158
191 147
31 122
172 196
39 137
150 21
149 70
39 156
44 108
61 79
147 3
74 20
196 18
187 128
11 19
32 78
166 6
60 168
163 135
91 170
50 110
188 168
125 120
68 21
18 86
25 32
172 122
153 69
157 24
10 51
73 102
170 80
110 70
110 19
35 138
124 117
28 9
81 84
136 86
32 66
50 95
143 200
10 97
102 190
137 9
23 98
35 116
35 126
119 98
155 192
105 170
121 69
158 123
25 20
148 41
175 5
63 125
168 44
160 55
191 29
164 104
105 166
186 183
22 111
34 199
152 162
21 71
193 65
48 5
169 2
193 31
185 184
107 115
87 168
87 2
183 164
1 93
189 181
94 118
174 33
133 145
176 97
145 38
145 70
173 17
69 115
130 132
74 180
130 98
151 149
21 129
144 60
91 180
163 110
123 189
16 110
79 135
65 129
115 66
56 99
79 57
118 141
84 123
68 54
46 94
118 41
78 83
162 107
82 54
25 191
112 58
37 58
114 162
14 115
35 68
99 4
189 93
47 133
89 89
173 182
167 111
40 39
117 195
19 89
4 23
14 36
39 64
120 4
191 87
101 166
71 151
12 160
185 165
168 17
10 123
119 78
93 13
196 150
16 124
85 142
141 193
84 4
156 159
108 90
78 113
14 1
144 187
40 77
9 109
182 165
61 34
52 57
194 127
125 20
117 74
149 36
109 156
103 196
40 97
162 12
39 115
126 191
99 54
126 200
29 57
129 170
156 126
192 7
132 120
146 90
198 111
70 140
141 159
164 148
187 114
159 178
181 21
164 192
34 106
72 195
41 159
194 21
46 39
172 98
146 59
77 93
160 108
44 44
142 116
168 139
1 104
35 63
121 153
15 129
82 193
115 126
10 56
104 16
54 93
159 128
71 3
169 101
41 119
83 191
153 198
56 172
59 86
177 128
2 65
191 139
181 127
129 171
33 82
91 112
109 91
177 156
90 95
89 39
148 102
3 81
106 102
100 62
144 96
140 148
139 129
33 138
4 26
22 10
143 29
109 83
157 133
2 70
79 122
119 79
148 155
128 130
75 17
64 38
117 177
37 3
28 76
41 21
123 167
123 141
88 24
18 187
91 29
144 90
89 121
16 187
79 151
157 181
161 94
81 46
80 75
23 9
165 182
36 63
19 165
84 80
58 144
103 190
108 188
73 58
68 19
91 65
49 102
109 70
131 17
200 112
61 6
124 198
71 119
127 174
126 166
135 4
29 57
12 160
67 112
87 94
6 68
74 98
97 85
165 87
120 40
53 44
63 67
70 154
115 72
4 47
161 16
199 89
160 7
188 12
5 160
190 63
89 111
164 162
192 114
20 158
183 121
164 128
79 151
61 61
95 126
48 194
62 161
196 29
40 195
89 116
69 119
140 95
12 183
52 15
6 8
128 13
131 23
133 49
43 148
132 176
117 152
124 59
124 162
1 63
147 78
148 71
43 124
64 82
119 31
179 16
33 176
20 134
178 53
9 87
31 195
174 185
165 156
118 155
137 36
95 138
150 7
104 106
174 9
19 96
81 10
194 99
162 53
40 174
128 59
111 79
188 102
156 46
112 89
158 181
64 5
10 164
100 178
107 46
94 48
83 4
108 21
42 87
150 50
26 127
150 85
189 59
94 54
27 162
60 99
38 153
31 46
65 56
30 125
15 13
134 121
7 10
47 25
153 42
44 169
171 88
16 82
83 123
198 5
166 172
12 191
122 162
186 128
86 135
179 198
80 64
31 85
186 126
155 115
161 129
100 68
113 24
92 181
146 40
183 89
153 60
113 22
196 69
150 57
116 10
179 98
86 154
132 3
75 168
142 32
176 152
154 176
40 94
2 77
182 116
129 18
65 200
81 67
33 76
187 128
90 154
191 198
129 125
180 73
104 114
137 106
90 40
8 179
137 168
83 30
150 121
88 131
11 177
167 188
33 48
38 129
167 154
64 22
89 54
111 79
22 113
37 143
93 177
81 151
52 198
159 196
124 43
197 162
113 84
24 151
160 186
160 118
74 159
86 163
114 95
42 8
78 7
50 154
102 65
54 174
32 20
199 143
163 61
9 3
32 131
25 90
1 193
128 134
71 145
86 170
105 41
174 183
171 188
180 136
3 41
54 176
123 87
24 15
95 36
85 67
120 47
169 42
159 37
28 26
105 83
199 127
126 181
191 153
48 13
80 91
49 16
200 79
104 92
183 98
13 181
115 182
196 32
115 72
77 138
4 97
113 194
162 14
140 158
56 163
124 128
31 39
32 103
67 151
160 29
115 113
138 199
9 13
189 111
80 139
198 147
177 133
170 101
81 145
163 114
181 15
105 66
15 71
65 180
18 198
22 76
106 86
194 5
92 17
53 163
70 90
5 38
59 158
107 42
148 184
72 103
4 11
52 159
30 101
27 148
40 128
77 188
132 4
122 148
23 75
52 101
3 16
99 152
19 193
69 74
15 11
171 79
118 187
54 89
85 124
145 167
2 196
188 114
24 140
126 81
64 199
59 33
32 39
170 172
23 86
158 191
5 110
40 143
3 132
8 13
18 42
47 97
14 112
5 145
81 164
53 51
42 103
72 170
82 18
65 38
182 31
46 1
184 179
46 59
44 176
109 175
116 48
133 24
51 125
73 43
