200
800
57 35
117 15
165 73
161 143
46 3
48 155
5 127
102 8
18 20
1 85
130 69
153 5
44 94
66 36
170 24
122 94
179 182
3 141
146 156
158 161
62 96
142 43
197 98
39 135
31 65
107 66
176 18
187 184
193 154
84 46
83 173
96 12
181 155
104 182
48 108
83 70
153 73
150 187
46 182
82 128
195 76
168 188
102 187
187 84
146 104
70 181
16 57
128 164
99 36
112 2
139 140
90 170
84 35
77 47
185 80
95 65
152 12
74 13
69 17
168 77
111 39
77 97
98 140
82 75
164 120
88 69
154 125
184 107
41 122
31 91
38 154
163 44
180 171
109 27
175 61
115 36
18 40
130 170
21 189
164 125
40 28
10 5
87 71
67 72
168 123
101 121
59 115
2 85
71 113
26 89
198 50
70 10
194 45
171 78
108 64
169 24
115 68
75 111
89 166
55 16
166 102
101 86
170 180
180 84
79 58
134 31
68 138
143 187
74 82
143 52
26 67
145 195
26 81
169 193
81 153
52 125
86 109
164 75
140 36
5 199
141 141
84 114
157 137
99 71
108 60
114 93
6 5
194 44
163 53
135 4
130 91
163 135
42 127
73 186
177 121
59 199
128 89
118 49
176 162
123 189
23 73
65 107
13 149
151 62
82 70
191 37
127 174
102 158
53 108
60 25
185 82
67 125
11 120
12 186
188 107
111 123
7 118
62 39
7 9
63 193
172 84
161 80
78 185
4 94
85 196
126 37
7 13
114 3
82 10
82 164
193 57
93 70
38 3
192 54
52 181
29 40
2 127
141 167
162 74
89 185
122 12
70 95
107 13
167 24
6 32
183 106
177 197
28 125
44 99
100 6
154 59
123 144
28 86
67 186
156 43
49 78
2 197
31 24
176 16
192 31
167 133
54 99
23 26
22 151
96 25
144 83
188 87
148 55
195 42
190 2
101 59
14 156
57 86
133 140
196 7
153 136
132 178
12 1
30 91
96 23
197 187
161 135
125 200
72 6
183 178
3 89
2 27
128 26
161 53
82 145
29 60
104 63
29 22
118 50
116 176
97 132
180 159
63 142
136 57
112 177
88 159
69 36
128 150
64 125
42 196
166 158
63 66
100 157
156 21
5 68
75 51
92 62
152 91
77 65
84 60
104 10
36 108
195 106
13 53
59 109
59 77
8 54
130 127
37 6
196 198
61 70
7 160
42 199
39 44
44 2
151 47
109 17
4 121
106 148
57 132
137 26
102 62
20 37
89 38
68 106
176 193
109 73
185 5
55 36
118 127
5 86
174 67
125 127
151 100
129 26
82 131
105 11
151 163
149 61
36 194
183 198
125 68
161 43
117 17
121 4
102 10
141 21
50 147
123 65
26 142
175 96
131 158
200 152
18 129
6 117
37 132
97 137
123 6
119 20
29 15
19 19
79 113
26 43
122 160
13 112
185 22
136 75
165 94
174 146
44 11
54 149
56 161
108 17
114 185
64 38
148 62
184 24
71 41
196 7
195 71
87 38
54 68
38 91
52 77
1 31
198 27
157 92
60 41
10 123
105 92
124 175
66 122
191 129
66 32
128 63
30 60
103 63
138 72
37 115
18 121
173 162
199 191
81 19
130 61
154 66
150 143
108 89
57 199
2 92
135 43
27 57
34 74
139 51
100 166
23 126
192 62
199 84
35 175
119 85
170 165
27 59
194 187
192 101
62 39
47 61
78 185
1 179
16 150
74 127
194 193
138 177
5 30
2 135
71 121
70 27
188 16
163 66
33 35
141 132
150 116
183 64
8 82
120 40
154 180
71 79
102 134
75 7
139 197
129 120
16 131
96 41
147 40
106 68
126 165
73 126
67 29
78 165
195 135
55 131
59 62
75 28
59 81
148 126
25 111
71 127
127 8
194 134
117 74
171 18
65 35
114 141
94 74
89 4
77 132
171 134
136 167
180 194
62 122
46 50
186 13
109 166
111 14
156 156
197 28
31 119
134 197
15 81
121 15
135 128
94 172
137 34
88 11
86 126
199 188
138 61
141 102
88 55
102 135
5 194
76 161
158 152
10 62
177 61
48 78
80 92
137 155
137 45
160 51
44 46
49 73
95 189
53 162
57 92
186 159
43 119
164 198
91 146
187 145
18 48
157 132
154 86
10 183
115 21
136 31
39 12
12 87
189 182
72 112
23 3
154 32
182 124
142 130
112 147
66 81
43 36
68 134
102 34
200 71
124 107
145 36
31 86
53 122
107 182
154 137
164 138
46 131
78 16
7 190
171 154
81 149
30 137
17 168
86 149
39 103
146 78
4 62
199 34
35 189
143 165
9 33
199 56
92 138
141 37
100 16
169 8
4 105
139 125
122 79
13 142
183 199
65 78
185 87
180 188
148 169
38 34
145 160
57 143
67 46
152 145
199 29
182 157
85 64
139 91
153 39
84 95
11 12
13 72
55 114
173 133
107 178
158 194
200 106
28 92
10 125
78 130
181 143
190 76
115 144
107 188
124 178
17 77
2 1
11 60
70 54
176 24
158 192
117 78
43 130
41 157
23 7
48 41
56 126
107 97
44 191
128 185
21 176
140 193
119 176
147 79
49 189
2 127
91 115
49 133
104 167
69 190
155 158
45 188
51 200
24 40
69 89
78 2
50 78
33 173
191 140
122 58
7 194
177 102
169 28
147 195
132 32
138 93
50 110
85 160
153 156
138 8
157 63
129 8
5 46
53 97
42 34
110 8
58 69
52 72
128 99
66 44
192 129
83 94
125 6
190 17
111 9
196 184
8 171
51 128
123 64
15 63
129 82
13 149
15 13
44 89
97 98
170 11
84 65
76 12
189 166
190 170
158 128
163 7
10 94
132 54
126 96
35 104
24 182
114 153
200 125
173 31
53 123
180 168
162 102
30 102
161 114
103 126
162 13
191 71
187 67
100 102
196 198
163 79
171 11
93 67
56 149
23 29
142 22
172 153
185 106
113 18
112 46
166 131
89 91
181 175
47 44
50 48
28 113
16 200
7 109
93 197
105 102
177 144
25 124
177 4
25 195
137 65
120 194
75 34
129 43
53 47
151 26
18 7
68 167
122 166
121 14
78 132
39 50
132 37
76 159
45 89
131 175
42 60
59 156
85 192
51 167
168 102
121 35
2 8
198 1
118 40
165 160
59 18
99 35
100 192
32 21
58 171
176 142
113 163
197 25
47 136
109 7
179 198
140 2
13 121
139 149
36 159
78 93
54 9
51 138
13 59
74 107
90 183
130 195
6 80
177 112
187 39
1 64
33 7
166 43
72 80
183 122
123 48
155 121
58 104
6 170
145 25
195 191
91 91
116 41
36 66
195 24
175 40
118 124
188 24
74 21
11 33
116 102
103 32
128 87
35 181
153 191
29 15
129 75
180 134
160 117
51 116
114 108
77 159
50 135
93 43
103 74
97 76
71 174
155 26
18 100
175 184
172 58
17 41
102 18
158 91
89 52
87 156
143 77
19 77
162 194
122 56
67 184
137 144
95 41
62 191
47 77
183 89
91 70
99 106
84 102
91 144
82 183
87 35
65 16
72 9
157 21
65 183
22 91
134 89
79 83
142 110
112 191
73 160
89 19
200 36
