200
2400
45 81
71 37
23 128
60 183
123 18
183 88
126 87
82 150
183 133
140 131
51 151
80 84
200 89
169 11
29 59
73 16
89 93
107 123
19 35
46 124
144 23
16 148
66 144
69 101
124 59
34 108
28 183
48 103
63 139
109 167
46 149
101 123
95 153
10 170
198 122
141 168
163 173
19 172
84 178
17 18
90 86
42 120
147 68
84 134
180 73
107 165
151 103
151 18
196 126
38 12
134 82
133 131
155 46
101 49
67 22
174 182
181 178
42 37
184 181
175 145
14 21
109 167
124 42
81 176
39 35
72 173
157 104
32 2
74 4
135 108
68 83
27 114
25 117
161 60
168 182
164 97
165 178
105 35
194 28
193 140
118 172
139 59
14 158
26 18
130 103
153 142
136 103
107 69
76 170
129 57
134 23
157 31
110 75
106 23
11 59
34 169
188 73
124 200
173 48
187 171
143 160
95 154
173 92
152 75
28 83
33 94
200 163
198 134
129 188
118 160
176 52
11 121
15 88
199 69
111 41
154 91
69 75
92 159
187 10
64 57
185 40
120 132
33 64
153 25
173 140
85 99
89 153
158 143
172 144
184 144
133 71
169 123
49 144
62 173
130 18
32 160
194 25
75 13
10 35
62 162
142 184
125 84
9 63
191 181
162 14
47 142
137 48
173 131
141 115
65 37
82 73
188 148
85 21
189 163
134 123
9 22
165 168
88 1
162 177
193 38
144 14
104 138
147 91
33 21
10 35
83 56
106 142
86 51
135 177
198 119
11 181
149 61
158 131
109 67
133 114
168 137
42 110
54 184
44 186
128 183
98 187
106 104
131 126
193 5
102 70
120 145
84 63
126 132
36 74
67 56
183 54
17 47
94 76
186 180
187 90
113 91
3 174
187 8
150 9
27 28
148 30
130 119
193 100
122 162
43 200
113 52
72 27
197 118
125 197
107 181
9 30
189 138
54 161
129 151
3 84
14 87
11 25
157 99
30 166
176 17
97 89
94 124
2 149
132 76
131 91
36 29
53 195
61 58
113 64
116 147
196 112
138 181
4 11
30 184
4 12
57 160
166 88
125 199
50 110
166 72
181 134
167 73
71 37
89 11
96 127
30 30
34 114
21 128
178 200
200 127
148 159
20 63
53 179
72 5
15 75
81 33
99 86
27 103
137 20
93 172
150 148
48 189
119 164
145 152
10 144
195 198
55 32
110 133
134 97
45 197
60 115
54 126
11 46
83 150
43 181
73 69
9 43
147 144
3 146
12 180
157 121
102 71
84 80
18 13
94 172
197 49
25 192
29 126
82 13
98 179
187 64
147 32
165 80
96 75
40 17
178 15
55 188
49 13
121 87
158 136
173 59
102 57
13 191
187 21
88 77
173 70
50 147
86 171
33 164
130 167
57 8
107 42
48 1
24 172
79 26
20 176
92 188
162 119
42 2
98 29
152 9
164 124
86 47
117 25
106 157
25 69
109 142
137 194
134 113
119 148
155 156
187 13
172 134
33 24
55 148
178 108
129 165
48 170
159 45
102 182
113 159
51 151
115 46
146 117
28 10
113 32
37 114
9 36
130 30
182 58
125 64
137 113
152 137
14 89
95 81
1 21
137 47
37 33
136 64
146 58
67 145
159 95
17 52
152 174
20 185
52 137
5 35
77 84
62 168
139 164
104 151
97 107
15 11
145 55
3 192
198 178
21 137
141 101
50 74
25 6
98 24
120 90
182 153
29 127
156 91
149 101
97 156
161 109
80 156
44 137
178 25
180 155
13 69
38 185
154 86
9 107
116 25
17 79
29 51
171 131
7 17
11 33
19 140
158 74
69 55
47 127
36 106
125 111
56 8
36 2
65 138
167 27
194 93
97 73
62 42
92 101
136 170
16 161
40 26
146 71
75 25
37 66
29 169
178 51
194 170
14 99
168 26
108 105
116 6
121 11
136 40
83 156
200 39
22 168
164 198
137 161
16 19
123 67
187 37
131 104
173 68
151 101
114 83
172 4
144 137
110 187
180 161
151 192
16 71
180 10
196 27
146 64
175 100
193 78
55 6
56 74
24 12
143 70
88 190
167 170
36 55
193 132
119 183
140 196
81 113
70 67
130 40
44 17
22 89
156 110
124 141
114 76
120 98
27 198
1 189
112 38
64 27
100 167
160 72
142 141
130 36
47 3
27 73
34 71
5 120
185 54
93 133
191 174
125 189
85 27
138 133
7 102
39 25
138 68
3 121
53 39
21 78
46 50
35 23
111 18
145 29
153 198
63 146
27 170
29 7
80 55
67 184
163 106
76 171
173 5
7 106
86 18
44 187
60 45
150 145
65 137
170 45
59 195
163 72
180 5
137 77
67 74
130 85
103 54
21 199
83 106
125 178
10 96
4 51
152 59
159 169
57 10
5 83
67 94
165 60
118 94
35 106
188 74
159 198
54 64
166 61
47 54
170 107
25 35
52 30
41 119
154 179
44 97
114 176
194 29
95 139
93 196
98 121
4 113
186 152
58 48
151 96
194 80
191 39
88 40
131 64
114 152
65 151
165 121
172 189
84 181
100 175
27 104
70 193
38 165
60 194
100 167
70 133
61 158
29 6
199 88
121 165
12 89
120 138
39 144
33 114
194 91
102 21
90 118
94 98
29 133
126 57
129 133
127 165
4 15
45 39
149 88
111 199
92 137
60 167
138 113
111 58
180 163
4 141
113 117
111 126
57 135
29 138
151 146
96 143
93 68
75 176
112 139
36 51
55 193
115 28
195 84
150 186
52 183
6 74
46 81
161 25
66 165
107 197
46 38
163 61
173 66
81 171
67 153
154 110
105 30
155 86
195 60
78 69
106 30
199 197
55 75
160 173
1 14
110 176
12 195
181 127
197 86
109 43
65 51
196 1
32 7
71 186
56 176
125 82
15 9
122 141
71 48
194 168
78 113
147 68
167 135
57 70
122 80
150 168
198 66
77 151
152 75
28 35
139 24
33 45
195 35
115 181
171 112
179 179
117 126
171 94
117 172
20 97
26 10
189 126
200 62
96 48
6 163
190 40
46 14
36 123
94 171
107 71
40 108
98 136
55 188
198 111
137 122
21 130
156 7
191 156
177 119
46 60
44 31
54 171
89 75
198 62
37 168
22 112
145 110
116 167
151 15
184 180
117 140
10 163
9 18
36 64
69 133
87 32
149 105
140 164
57 144
198 52
144 127
107 69
31 185
20 91
34 156
194 196
151 61
87 191
144 123
89 1
146 28
106 195
127 72
178 162
102 89
183 60
120 98
161 171
44 135
136 66
18 25
141 45
159 98
165 195
80 21
77 126
189 2
97 31
111 171
48 28
80 199
179 159
1 158
37 171
76 98
54 145
175 20
84 139
148 102
84 125
146 34
55 82
110 142
19 49
116 60
19 66
47 85
4 163
4 198
78 187
29 92
134 14
186 62
190 106
163 194
146 188
25 135
195 115
159 171
42 89
71 140
7 158
21 45
162 139
68 81
169 38
80 82
67 44
8 62
69 94
162 101
121 173
34 186
98 43
27 112
175 89
93 103
19 64
83 36
142 148
37 149
127 173
162 63
39 76
78 85
11 8
14 188
91 22
170 30
175 88
24 27
38 18
149 33
97 72
169 101
10 150
45 78
81 163
67 132
151 67
34 114
88 132
30 95
183 191
186 91
22 112
111 139
124 112
131 182
123 6
96 195
141 114
149 132
100 161
171 4
100 96
134 82
45 18
89 190
154 142
94 19
57 165
193 156
180 7
196 118
69 148
77 175
115 77
64 34
1 98
136 5
120 92
99 162
32 166
179 26
178 62
25 51
71 84
113 124
173 135
62 81
48 95
54 89
197 123
124 170
166 37
86 18
78 42
10 25
124 9
126 61
12 39
166 163
163 200
22 148
27 66
97 173
31 98
57 83
137 159
92 7
133 137
51 118
174 21
197 196
52 103
147 196
31 54
9 68
109 55
10 41
133 160
80 183
28 44
11 123
69 183
150 34
144 110
27 60
52 185
110 58
29 103
26 8
147 106
73 10
172 159
22 39
41 134
2 38
116 8
179 95
55 131
138 90
76 200
186 140
115 22
194 13
189 148
37 170
134 197
6 38
22 11
149 75
95 46
40 97
118 67
96 78
40 112
53 164
190 93
186 150
66 72
95 3
125 97
82 168
14 181
152 54
153 173
111 49
160 121
164 171
79 160
110 2
181 128
94 49
36 166
163 27
155 89
110 149
99 145
85 165
55 35
44 61
182 61
107 128
1 149
78 176
159 169
68 185
54 148
124 80
154 55
16 57
197 87
110 181
82 131
140 192
53 177
41 59
160 128
168 78
145 45
130 186
147 120
171 90
125 48
20 165
193 198
1 124
9 106
85 143
53 149
131 139
150 109
170 19
150 130
183 163
1 41
107 98
79 177
181 144
63 164
79 174
150 52
150 126
181 197
64 130
66 163
58 3
102 184
3 113
85 155
12 38
59 25
125 196
10 162
154 173
135 13
178 122
52 36
136 26
130 102
178 117
199 66
128 66
2 29
32 50
1 96
129 88
165 75
186 138
107 195
55 192
101 127
157 134
86 42
76 190
91 81
110 62
114 144
42 169
174 85
12 122
15 118
177 199
187 66
165 32
196 96
85 195
38 109
116 162
38 161
70 11
74 125
198 142
117 195
119 41
132 150
63 22
171 74
198 27
139 141
5 79
185 139
30 153
17 120
157 158
66 123
184 8
196 106
73 13
121 27
6 101
54 199
17 114
141 121
56 106
64 23
124 118
27 120
172 198
109 97
139 32
99 118
19 127
190 70
154 47
124 126
85 119
100 158
88 182
91 55
62 80
12 193
8 130
45 152
182 149
7 150
74 67
20 121
171 190
110 34
77 96
180 186
182 99
159 39
97 67
166 136
37 189
175 104
25 47
87 159
190 142
178 149
51 142
190 189
30 167
38 66
115 103
15 159
135 14
31 59
83 35
112 6
81 93
43 125
149 48
74 13
76 68
6 74
113 15
179 155
110 133
6 48
126 22
194 70
83 130
179 110
169 12
180 151
119 7
5 49
99 20
81 87
67 162
175 146
25 135
124 134
126 156
21 75
176 75
16 172
145 196
133 110
135 68
174 9
138 60
109 34
184 72
92 68
14 5
124 75
72 109
85 71
103 192
121 181
144 143
127 101
167 112
112 4
21 135
142 1
94 142
100 150
106 100
91 100
171 36
194 128
54 19
199 60
83 35
64 120
21 190
168 73
98 84
179 104
39 22
8 80
139 103
194 32
140 126
129 75
104 105
148 115
163 148
112 168
187 169
197 112
107 7
46 62
83 7
148 16
180 174
32 135
165 171
34 184
19 142
20 94
184 193
77 92
190 2
193 113
152 108
145 139
88 60
89 99
180 30
37 17
141 145
194 194
111 35
145 68
186 119
173 95
45 136
143 69
146 159
71 171
123 15
143 77
106 16
3 91
33 125
105 169
132 75
186 83
68 62
103 59
151 109
124 194
78 84
138 26
72 180
6 68
20 116
86 59
23 31
178 82
13 39
193 62
40 81
195 174
160 168
91 177
138 139
90 87
39 115
146 3
158 1
91 157
139 111
22 133
134 23
193 162
76 67
74 159
192 129
137 8
188 189
171 47
185 81
164 107
70 70
135 64
112 148
157 111
65 172
174 124
9 39
33 183
18 163
171 53
114 149
127 161
76 105
141 84
161 77
102 75
188 85
41 96
29 71
100 138
113 58
144 136
26 15
168 67
78 41
143 48
9 102
33 195
75 42
153 102
9 179
161 118
35 62
181 195
32 39
120 44
151 137
111 200
88 29
113 29
181 34
22 154
139 130
71 68
176 142
115 16
181 187
78 32
166 52
82 90
138 73
152 71
11 164
67 22
112 191
86 38
148 182
67 17
51 62
125 23
148 190
139 185
25 118
125 174
174 195
185 20
83 77
11 109
188 113
103 17
154 22
25 1
59 10
173 159
174 98
90 1
106 103
31 83
113 8
98 108
21 118
30 77
45 77
93 52
105 84
178 106
53 172
37 116
145 5
200 166
3 4
58 114
117 55
108 57
120 173
31 181
41 131
130 17
151 61
116 105
159 142
114 110
74 163
111 39
114 137
109 47
151 73
85 51
138 175
171 88
23 22
58 139
151 62
112 91
165 179
143 160
39 111
41 162
11 80
164 5
141 185
97 167
27 160
174 4
172 128
40 99
161 61
28 152
51 131
46 106
182 112
155 165
47 61
191 87
24 68
87 166
171 131
90 80
90 61
57 113
73 192
127 54
103 37
156 2
96 129
22 163
195 175
88 94
50 18
175 11
50 165
90 190
79 112
12 182
68 130
49 105
40 35
185 153
129 185
188 67
6 133
126 158
200 181
102 144
72 125
128 179
40 68
172 16
36 198
3 78
10 168
132 196
54 67
128 112
164 159
188 132
3 74
59 102
66 197
125 89
67 132
71 177
112 131
194 150
123 77
143 114
23 77
184 83
156 117
24 136
173 24
71 91
7 10
59 134
38 159
51 58
101 146
94 196
97 14
114 115
111 200
144 172
154 121
81 48
103 2
14 23
165 66
131 49
114 23
108 49
34 33
185 136
147 175
156 189
75 132
197 34
16 183
197 40
123 65
198 154
198 48
82 86
49 130
44 41
26 184
8 1
194 103
148 158
2 6
190 153
39 163
113 129
110 97
112 89
135 79
191 124
81 113
7 83
44 64
74 177
80 24
26 19
143 93
76 160
163 81
12 200
82 11
73 126
125 63
174 38
99 173
179 45
96 15
39 75
2 168
123 132
30 78
176 178
149 21
67 135
166 128
117 1
106 6
183 194
52 21
163 53
43 95
67 50
143 51
131 65
137 76
31 169
133 151
62 130
198 23
183 157
113 102
200 10
64 157
120 1
93 165
21 42
180 30
90 97
101 72
146 64
131 191
68 47
76 89
13 196
70 165
157 38
199 142
157 190
122 104
54 50
74 40
182 90
44 180
159 121
171 26
148 43
25 114
159 179
43 156
126 186
145 112
190 73
2 83
151 39
176 171
135 147
104 135
183 194
14 27
6 123
113 159
98 179
84 162
99 85
195 187
71 99
130 198
99 185
35 162
170 27
170 117
3 96
118 79
130 44
51 190
159 100
32 118
157 48
27 82
98 141
112 91
114 150
93 106
14 41
108 125
76 51
172 10
16 87
57 148
25 14
110 11
74 128
81 8
5 161
92 84
181 200
195 139
7 60
195 197
156 134
180 25
185 137
184 80
126 194
91 166
24 184
155 51
154 194
155 5
179 136
90 9
164 152
13 141
78 90
31 66
149 73
146 79
90 157
24 38
99 15
128 109
10 58
162 45
99 18
117 149
162 150
137 64
3 195
116 128
170 34
67 177
119 141
147 183
81 178
194 47
47 130
116 31
8 72
88 111
23 10
40 138
57 40
4 50
99 197
81 22
53 36
23 52
50 135
154 79
145 129
81 142
131 9
114 147
132 76
19 135
2 80
27 130
16 164
170 7
23 48
43 82
42 62
82 152
11 128
140 15
76 68
50 16
63 39
169 2
118 88
191 64
6 63
137 108
4 49
50 173
46 8
98 59
67 179
41 104
22 87
61 55
66 129
32 57
113 82
170 190
194 182
12 3
42 28
133 8
67 150
84 89
160 158
60 179
46 73
70 22
8 198
144 162
51 15
128 33
186 132
159 66
96 68
38 85
23 53
1 122
134 138
170 134
132 124
116 142
195 179
113 120
148 139
120 26
116 165
157 3
19 36
48 33
101 13
161 99
32 177
2 58
56 162
82 150
41 171
138 71
113 161
170 17
142 152
14 185
166 7
126 118
104 24
20 88
123 170
144 66
42 68
20 106
57 111
106 182
159 100
33 86
128 27
199 18
42 13
94 22
133 38
83 154
37 99
64 19
86 119
125 29
36 106
93 66
13 63
170 162
12 81
25 180
50 182
60 195
39 182
48 140
23 50
116 198
64 144
79 58
147 28
26 9
8 9
133 103
67 80
59 36
93 12
160 92
36 136
95 131
47 134
189 150
72 126
112 48
57 104
142 118
157 10
142 134
168 81
65 183
104 148
165 108
17 10
20 164
63 88
195 15
42 122
159 29
110 168
2 96
158 173
52 187
198 57
177 56
132 27
156 160
82 26
195 30
129 102
73 95
197 91
158 143
122 128
115 185
59 2
26 100
152 120
139 17
61 52
121 10
129 54
195 99
26 66
75 153
48 116
100 21
2 114
183 154
78 71
185 114
146 149
71 95
153 155
39 105
159 116
31 120
153 165
79 167
190 180
76 152
2 92
194 83
166 64
41 103
16 67
187 155
15 133
64 182
90 164
36 73
177 4
31 148
174 183
9 57
3 24
47 20
100 77
92 111
131 14
175 22
46 19
85 117
32 4
22 182
183 37
159 15
139 2
17 157
48 133
51 101
86 91
105 34
172 155
142 3
115 26
83 1
111 22
176 5
148 67
40 19
83 21
132 74
197 137
119 34
88 118
41 135
100 47
135 75
68 194
141 31
190 1
88 42
43 26
49 176
170 31
39 40
115 79
108 141
191 12
55 176
180 164
150 46
18 114
116 31
2 106
149 148
36 67
154 88
149 75
166 1
49 77
26 12
128 183
152 67
144 129
167 78
148 154
169 97
41 36
51 150
40 14
80 113
86 126
86 59
76 191
135 194
27 131
179 17
114 89
21 62
57 63
15 30
144 22
62 195
9 39
19 177
128 96
14 67
23 153
187 139
28 160
198 176
59 110
72 122
138 93
154 120
100 112
2 33
183 121
155 25
39 19
175 61
26 170
67 167
130 141
80 105
130 108
124 98
156 3
95 110
164 57
172 180
148 171
183 1
108 55
1 29
69 97
141 195
196 50
22 104
197 158
76 32
24 35
19 182
136 128
82 17
12 100
9 37
46 47
10 51
143 8
37 150
168 78
114 17
53 83
101 48
193 20
9 72
160 162
163 96
53 1
153 177
155 49
51 40
9 104
168 119
46 95
81 38
76 38
115 68
60 51
130 147
183 86
104 126
10 26
59 103
92 66
109 141
126 83
49 50
116 59
197 147
104 187
43 151
83 70
58 179
5 186
100 86
181 110
72 58
30 52
58 83
185 124
184 189
136 65
130 47
60 30
118 198
43 34
188 64
26 26
50 195
62 121
156 46
125 155
74 163
92 105
142 91
82 115
37 135
95 191
43 65
95 71
103 52
84 187
189 116
169 60
48 186
60 69
190 90
124 134
68 69
70 168
196 3
143 55
155 187
147 1
145 106
197 173
110 194
92 197
88 107
75 187
17 195
170 70
24 135
8 178
34 166
148 8
36 181
79 25
45 176
135 87
193 90
154 26
124 66
55 108
4 147
154 194
163 29
93 98
77 15
197 19
4 17
25 154
139 117
64 68
197 9
151 51
102 127
133 17
131 62
89 71
27 135
75 182
184 157
45 146
151 112
185 36
13 148
30 91
44 132
123 80
151 98
115 74
95 34
4 174
195 28
139 53
195 139
48 187
106 66
41 84
46 140
172 77
54 104
182 75
15 47
145 182
15 184
192 107
110 144
51 30
192 113
28 174
39 23
172 132
121 167
179 188
157 187
23 105
79 122
31 165
166 194
92 183
100 68
24 70
53 58
127 26
47 170
87 143
122 172
57 197
125 135
6 114
42 16
28 120
75 88
57 137
99 30
193 42
96 56
56 115
159 91
28 74
119 95
85 172
31 7
107 174
198 196
10 155
14 145
58 97
91 36
73 175
116 111
93 104
38 192
111 54
37 17
78 93
72 189
112 183
186 96
71 63
28 163
78 77
106 119
120 181
74 53
81 194
63 92
92 45
149 182
20 24
13 137
147 55
136 170
37 56
37 56
138 161
141 95
153 182
199 63
101 36
94 58
13 175
103 112
2 190
147 162
31 115
33 144
129 25
64 16
98 59
150 33
174 31
36 58
150 86
26 19
39 68
17 149
161 57
135 157
126 28
157 13
164 93
159 89
47 190
168 53
200 29
92 119
70 166
91 187
178 161
139 122
131 189
16 91
191 110
51 190
21 45
40 109
196 164
195 64
4 11
88 113
160 135
121 8
94 145
109 31
10 173
62 74
121 117
158 128
119 77
17 40
27 49
108 145
97 72
95 144
155 134
144 108
104 167
6 78
110 103
142 183
191 163
91 127
140 6
198 74
36 164
158 186
115 55
2 57
74 39
42 181
138 84
120 42
7 25
193 54
27 153
92 60
77 119
73 74
102 10
171 126
96 18
88 157
112 93
117 161
128 70
199 158
79 94
148 71
159 46
88 167
176 121
200 188
99 118
41 13
24 50
71 7
7 46
98 95
95 104
70 144
174 98
55 116
89 168
61 74
155 7
81 35
9 121
187 86
18 183
199 60
99 143
200 21
117 130
123 162
43 91
84 22
83 100
172 112
139 83
29 149
97 131
28 3
151 122
174 70
98 23
179 65
25 158
200 182
41 179
196 96
136 176
11 71
170 179
19 177
180 159
144 53
186 60
76 53
74 80
152 9
68 15
109 160
126 197
108 164
87 11
195 191
190 93
137 83
46 110
19 46
178 15
69 137
78 109
111 39
49 48
169 75
114 23
8 196
154 173
121 165
156 3
32 6
134 41
85 24
126 146
8 12
169 134
84 70
49 46
132 1
164 117
104 97
75 66
155 138
82 177
160 70
186 16
165 91
76 81
147 194
2 188
175 171
101 45
195 59
95 118
166 119
44 10
104 74
104 81
188 192
151 98
122 78
149 67
176 129
132 170
184 129
157 58
48 40
196 126
195 115
83 94
137 125
