200
400
117 53
109 78
159 87
124 78
179 196
46 59
120 2
148 198
192 137
179 156
91 7
155 180
33 122
20 12
158 162
193 192
176 30
23 171
43 120
173 110
162 178
27 67
114 165
148 34
15 127
45 83
181 12
60 178
196 180
76 92
119 117
36 144
186 97
86 114
43 16
188 173
60 108
80 25
53 154
13 1
68 43
190 185
89 8
173 127
73 167
25 140
187 119
91 149
173 199
112 67
109 183
86 50
126 145
38 118
59 70
189 62
144 142
7 56
94 72
147 38
9 89
199 193
93 73
191 39
197 71
38 17
133 44
193 40
129 57
163 157
135 127
108 99
42 75
177 120
144 74
180 155
59 169
32 104
143 81
180 125
58 13
69 126
28 99
86 164
188 24
15 100
177 131
100 114
152 24
38 70
149 93
52 87
199 176
169 50
191 112
116 122
95 166
127 8
65 108
109 163
182 122
125 194
150 103
37 63
127 134
194 166
178 60
125 133
191 112
46 2
6 193
20 50
116 88
169 146
64 17
197 96
146 146
21 163
28 142
80 199
86 69
40 10
120 20
79 144
1 146
72 46
19 196
83 174
15 40
50 118
189 146
176 82
130 129
128 112
139 116
51 145
118 184
59 189
162 72
118 185
122 106
67 200
4 194
150 21
57 127
28 165
143 95
122 4
32 84
24 200
83 28
133 57
89 119
13 44
173 183
127 33
109 60
145 196
174 70
68 86
184 86
51 125
189 21
96 44
38 33
107 90
188 74
26 148
10 62
94 87
132 189
56 148
184 31
5 45
92 103
77 23
176 28
79 46
159 165
197 58
74 162
5 70
144 129
180 74
155 165
143 169
111 2
194 33
83 76
133 68
125 31
140 199
51 186
138 200
163 197
89 79
172 134
30 18
77 79
50 37
155 70
195 151
83 108
190 69
188 59
30 195
60 103
45 167
132 74
199 165
107 156
90 41
49 46
123 40
199 99
167 79
38 51
69 101
143 131
17 38
27 64
146 79
72 29
177 49
189 169
130 31
85 126
118 156
145 23
57 100
152 80
42 58
140 14
147 47
83 148
195 74
56 161
178 132
47 121
185 129
151 189
140 55
113 197
174 54
122 136
7 168
193 200
59 44
27 89
152 61
188 133
169 86
188 35
32 176
125 62
174 133
191 137
155 9
105 194
170 184
60 173
67 8
80 7
15 157
126 99
38 184
170 149
192 116
145 100
68 159
138 96
86 93
43 99
121 21
80 28
22 196
124 98
159 84
68 16
77 66
189 43
14 78
83 47
6 101
44 128
148 17
22 136
35 86
74 36
182 41
108 179
179 128
141 131
160 21
163 183
75 162
9 113
110 33
12 73
111 111
7 33
105 74
26 128
164 170
171 194
71 183
177 12
113 146
192 78
59 167
141 46
157 119
127 134
21 156
32 14
115 6
22 27
147 58
15 175
31 122
35 52
160 137
62 26
12 195
159 16
181 41
153 64
23 114
132 3
159 189
187 77
148 105
21 32
163 81
109 69
76 108
10 200
85 122
172 197
95 38
186 51
43 176
127 153
35 66
55 194
104 94
100 176
8 190
106 76
49 123
146 46
33 74
186 117
190 66
178 161
146 115
165 192
82 171
138 183
165 147
94 101
182 133
24 104
73 135
59 55
35 59
169 104
125 168
10 11
64 177
199 16
37 122
112 131
68 189
180 15
79 9
52 183
152 69
77 21
112 174
183 48
51 126
127 73
82 184
80 200
183 146
182 192
197 24
106 97
165 112
108 151
184 119
186 172
78 107
117 58
47 156
106 153
69 185
45 107
33 36
