200
3200
197 95
190 21
134 25
111 181
62 109
53 131
152 20
53 113
107 88
13 31
70 120
15 168
168 20
154 164
178 105
80 183
113 52
118 29
132 44
103 41
7 56
83 182
47 75
12 129
66 127
15 122
129 159
96 193
50 128
44 147
110 28
89 148
134 119
169 139
126 34
20 15
199 169
75 6
17 126
183 136
127 195
171 153
93 24
30 168
109 134
129 133
91 87
97 40
155 66
55 44
81 36
162 53
181 114
43 30
48 200
12 119
131 7
155 80
124 162
94 67
54 184
134 76
184 147
29 110
125 44
143 80
93 70
66 192
152 154
173 131
40 111
136 55
166 189
141 61
137 64
95 161
5 53
25 118
34 22
136 170
157 57
168 194
47 30
39 88
76 48
100 42
192 156
189 111
181 189
113 17
143 197
161 48
163 30
160 97
200 80
138 5
108 29
65 154
184 35
194 88
49 143
55 53
41 142
100 12
160 74
29 152
174 99
62 39
150 28
94 151
123 129
199 84
154 65
18 51
194 67
162 149
131 142
116 1
83 13
82 50
189 66
187 198
174 137
89 66
183 61
200 6
198 154
19 62
121 71
132 56
98 64
56 153
190 21
79 36
123 153
146 130
83 98
179 13
154 194
44 11
120 162
194 195
188 150
188 34
86 134
121 181
138 187
10 23
53 113
175 8
6 143
125 123
6 145
123 102
17 199
93 120
100 114
167 127
79 34
90 42
187 112
71 39
5 177
180 189
143 117
72 179
16 144
31 27
12 2
147 175
167 37
148 103
74 85
138 85
46 148
183 81
79 108
191 47
18 180
6 54
164 199
155 31
149 14
18 91
163 45
55 87
63 95
121 187
173 181
116 30
189 91
182 105
98 11
40 144
164 184
85 51
108 123
157 100
147 40
69 186
71 68
147 69
16 95
114 141
20 106
168 52
17 112
67 79
46 94
15 102
111 60
121 36
21 87
176 145
28 185
133 24
23 157
16 157
113 178
98 182
15 155
103 31
38 141
1 175
50 111
170 67
92 61
34 93
164 11
155 147
191 110
22 99
168 62
63 161
29 58
160 173
181 109
9 165
124 168
100 180
163 191
38 159
142 143
170 143
1 111
161 155
121 87
77 42
78 150
96 83
53 111
106 152
136 105
127 13
198 159
102 103
64 111
199 187
94 90
178 96
13 60
181 89
54 52
91 166
7 27
103 120
123 33
165 84
145 65
153 75
198 172
125 42
199 93
167 162
1 29
196 99
75 142
94 118
130 199
72 30
123 101
40 34
124 50
190 43
64 112
145 189
194 170
168 104
156 99
125 158
155 195
51 56
153 66
135 48
144 158
143 43
196 30
144 83
134 76
162 90
78 111
194 143
117 197
103 143
107 72
59 34
48 177
143 154
139 21
2 3
133 170
146 176
180 179
197 115
137 154
197 29
140 177
60 186
102 168
45 182
90 45
27 150
179 100
108 188
195 130
166 101
133 66
84 81
129 92
103 93
78 89
108 99
97 61
172 53
17 13
198 2
83 98
153 1
123 128
114 176
78 175
35 63
105 22
189 22
152 35
19 3
16 129
85 95
168 153
111 119
99 55
24 142
135 37
173 2
4 154
81 66
64 172
90 120
136 107
42 128
79 33
125 52
70 21
15 90
22 100
130 90
94 29
5 184
68 77
110 143
190 200
46 160
136 32
13 157
70 69
48 142
12 163
56 92
175 168
188 198
163 85
48 88
34 7
183 41
95 148
40 53
195 34
108 105
186 2
90 131
48 3
96 41
104 168
107 84
102 181
156 80
12 140
49 67
39 63
163 132
11 195
158 6
2 102
39 150
112 52
139 57
47 152
68 169
119 167
40 126
128 152
181 153
151 32
68 125
136 156
121 30
180 17
177 147
143 159
103 53
53 165
12 174
71 91
100 109
66 85
56 101
101 107
147 48
163 78
124 31
53 164
4 35
42 83
166 146
148 60
174 53
189 132
170 134
177 108
198 63
1 177
14 94
8 57
58 108
19 198
161 109
23 31
10 32
111 110
47 102
73 77
127 27
69 136
175 28
166 175
22 199
21 177
50 16
137 150
102 154
196 153
17 15
43 33
136 74
50 179
182 122
51 51
143 62
71 167
179 124
180 164
165 119
44 84
149 67
30 118
80 127
112 107
55 125
79 43
41 128
75 119
104 3
102 150
197 20
21 109
76 88
99 91
41 37
188 71
145 95
39 112
115 155
170 183
152 128
193 119
48 142
175 200
86 45
200 34
144 189
43 164
162 143
180 181
118 64
155 177
62 107
180 19
126 31
197 153
98 59
159 119
170 154
17 52
139 102
2 179
43 8
117 2
64 27
137 44
31 165
83 60
35 1
3 189
76 27
50 158
86 15
61 164
52 170
196 17
12 151
17 87
121 5
92 123
46 89
82 24
65 153
189 21
132 101
97 34
119 89
137 52
51 151
138 89
123 16
120 158
145 136
113 110
83 31
82 97
1 87
46 40
163 6
108 59
57 160
175 191
139 170
166 1
175 182
39 87
92 136
187 104
69 71
74 7
158 13
17 105
133 168
56 166
51 26
9 181
165 169
29 141
34 126
43 43
28 150
116 151
15 102
174 150
57 148
116 75
124 178
42 17
183 55
192 153
141 71
14 97
17 151
6 14
25 2
182 18
47 49
168 92
36 107
62 78
18 82
126 49
132 99
141 18
11 120
18 200
152 171
196 186
133 195
6 100
145 91
116 92
47 23
6 188
124 39
42 83
151 64
198 188
142 25
96 25
104 185
62 150
1 40
78 161
137 89
77 22
13 124
73 159
180 130
77 83
62 2
71 200
174 41
106 171
32 194
152 200
100 116
130 109
90 162
164 173
196 139
151 151
184 9
167 72
96 69
25 23
154 90
22 159
149 93
37 199
5 89
128 99
199 70
166 99
28 68
131 42
76 78
139 132
68 79
58 184
67 147
32 1
3 187
105 121
189 128
47 98
69 59
158 6
104 80
13 20
97 32
145 36
89 107
7 50
44 2
70 153
174 190
38 69
27 136
37 66
200 193
51 97
89 98
30 15
85 116
131 19
41 166
54 188
199 94
114 160
125 142
99 22
146 137
165 6
102 174
74 69
28 96
198 68
114 132
157 163
33 181
34 43
32 129
174 53
179 141
185 15
36 144
185 163
100 35
109 198
38 170
157 95
17 172
23 56
47 146
32 64
156 95
126 56
140 153
24 153
108 45
26 84
16 11
81 47
44 36
142 151
145 36
2 48
133 46
181 65
185 82
44 78
9 155
51 78
167 28
88 38
7 53
183 78
165 30
171 23
5 34
36 145
78 199
95 143
170 156
130 28
108 175
83 2
88 123
95 154
56 158
119 199
95 40
40 140
124 41
162 122
133 174
174 63
119 31
46 94
53 76
23 96
62 156
140 70
50 75
97 106
26 102
5 99
180 49
124 188
2 152
67 73
76 101
13 80
189 158
16 15
42 19
86 127
128 110
108 185
160 51
120 49
184 61
96 15
27 107
141 65
176 127
89 99
156 175
44 128
74 111
101 128
51 170
118 172
86 10
76 123
184 19
31 166
109 88
31 156
31 121
47 52
50 65
107 53
51 82
173 98
14 68
98 20
127 190
42 81
139 152
138 89
63 40
139 22
38 88
9 56
81 83
66 164
111 153
22 44
163 18
118 93
85 148
40 13
182 50
14 26
116 71
139 167
31 187
2 197
144 187
194 147
26 5
157 192
199 30
98 19
176 110
3 74
118 104
182 143
100 137
77 31
109 117
107 181
94 130
94 138
25 55
16 102
67 89
28 194
62 28
191 27
23 200
89 132
7 52
151 68
11 145
4 35
1 92
172 122
149 72
100 40
78 200
64 61
186 23
23 41
79 117
177 44
19 120
192 97
147 63
116 85
3 70
31 158
35 112
48 18
20 176
129 71
76 78
81 164
163 55
43 117
89 103
68 34
51 165
115 35
172 32
44 200
88 62
116 166
197 33
126 3
130 199
195 112
141 149
160 54
21 98
151 41
172 44
59 13
64 155
197 87
47 51
129 108
89 34
196 18
60 76
68 49
169 185
149 44
172 147
54 48
139 188
111 74
82 100
69 83
153 17
8 155
70 78
99 143
113 55
115 172
130 134
92 20
159 184
27 82
57 157
79 124
52 174
114 127
118 68
57 44
13 22
195 17
49 99
176 144
20 73
80 81
116 163
171 123
72 14
141 197
171 15
9 175
170 79
194 149
41 27
16 116
116 22
17 23
173 98
5 116
183 175
85 172
12 130
18 184
36 126
58 59
43 35
42 28
131 38
77 178
119 178
58 179
24 5
96 141
158 27
2 67
150 11
141 190
19 198
32 68
116 70
125 18
137 138
139 122
123 77
63 91
100 92
76 142
102 33
20 143
131 188
2 126
169 76
50 10
80 41
5 180
115 144
198 53
126 176
104 138
144 50
23 47
62 41
191 163
114 106
72 196
144 154
15 129
194 14
72 110
150 103
68 114
29 46
163 158
55 184
150 161
55 137
24 195
19 159
120 177
133 7
129 87
6 94
180 36
194 59
72 106
143 161
33 142
158 34
115 12
133 11
26 10
114 23
55 178
149 78
27 127
92 199
36 86
19 164
166 40
101 98
26 196
112 103
85 37
106 118
51 146
61 17
165 79
8 11
157 39
176 144
170 57
12 123
146 25
53 126
163 113
182 124
68 174
53 109
67 166
98 119
72 35
109 39
68 189
41 177
157 10
99 70
9 63
75 99
21 79
54 66
149 162
7 19
121 183
191 63
3 165
23 105
18 112
3 129
52 15
15 156
166 191
44 79
112 196
171 4
189 70
180 115
156 29
131 42
131 32
61 164
154 90
55 30
9 176
21 152
101 58
149 78
198 40
68 102
109 126
98 37
4 190
200 24
118 1
199 140
62 186
162 36
122 182
199 79
10 78
133 164
20 97
37 25
21 44
2 105
89 29
124 22
122 181
128 134
86 16
97 184
108 3
2 178
27 191
36 5
139 173
34 177
169 87
183 154
63 131
102 28
178 127
70 145
28 17
33 104
185 159
11 1
72 151
2 164
112 113
144 180
161 17
199 75
165 77
194 93
138 173
109 30
83 187
112 112
112 30
92 81
82 189
139 120
85 200
101 75
98 79
112 27
110 35
155 73
166 57
144 37
152 127
91 131
48 19
58 146
179 53
83 105
151 115
144 127
97 104
42 122
198 142
77 200
126 200
170 178
51 67
139 64
178 134
186 36
11 9
74 127
81 86
191 176
194 75
79 164
1 128
10 7
10 19
12 32
183 105
161 186
123 12
57 93
163 103
135 98
71 12
34 162
112 16
33 86
105 75
3 54
184 47
112 152
139 91
77 111
62 143
68 167
47 90
157 143
69 130
91 38
190 167
93 67
63 125
16 19
70 61
158 161
151 32
171 62
90 106
100 90
169 85
135 164
45 88
114 14
89 143
166 118
76 74
16 133
153 91
168 88
168 190
148 159
177 148
185 9
189 32
27 36
29 150
29 183
180 86
36 187
2 187
123 24
33 166
62 22
40 76
4 81
32 76
16 18
133 11
151 8
169 184
41 154
129 26
101 113
6 150
112 151
178 22
75 99
53 104
46 22
107 78
74 60
198 38
36 36
146 88
125 60
71 162
178 178
181 36
134 54
45 129
88 2
132 129
62 53
187 31
79 132
171 74
13 82
193 48
17 178
166 121
182 130
79 19
35 157
17 90
162 56
59 161
130 182
27 82
56 127
76 124
41 200
159 152
150 135
128 98
103 53
3 138
187 178
140 158
158 191
196 76
177 52
96 84
183 41
154 182
61 33
58 37
35 197
55 51
156 197
145 109
112 6
188 114
88 189
181 128
105 161
169 7
186 135
77 142
131 199
159 63
108 118
101 18
155 6
64 189
111 25
73 42
123 86
111 91
192 173
21 125
95 183
171 102
157 55
145 59
3 101
49 163
57 158
137 30
43 111
105 135
38 136
169 83
60 30
61 190
148 77
7 36
21 148
192 189
141 73
139 85
124 49
180 106
75 28
199 48
165 26
121 83
195 155
150 57
93 192
132 176
120 174
122 107
61 180
185 196
117 173
49 153
159 89
52 118
184 78
30 57
167 173
98 196
70 123
117 132
110 187
106 108
57 145
80 29
3 164
78 102
76 100
159 63
163 60
9 15
99 45
159 37
19 6
172 74
182 149
168 91
99 110
172 31
88 155
53 3
25 183
31 136
128 147
131 18
123 183
65 25
66 60
76 57
31 129
147 54
173 153
129 103
179 175
176 195
1 156
153 103
135 48
168 161
66 50
56 78
163 67
198 89
152 108
82 72
193 74
88 181
166 128
161 46
44 59
46 111
154 145
63 140
124 124
176 110
90 173
99 130
132 159
150 65
133 178
123 36
24 85
15 41
182 53
87 125
100 144
74 107
191 137
180 158
38 104
166 91
97 122
120 168
172 161
46 21
156 181
40 153
8 152
98 139
158 191
50 118
70 196
115 50
2 75
131 54
45 76
5 154
137 83
92 6
181 7
49 197
139 92
22 18
80 52
34 173
112 46
7 121
136 17
32 100
104 70
98 147
38 195
197 19
3 128
129 191
69 144
56 192
68 116
24 1
130 20
122 12
137 46
93 9
165 34
142 192
100 85
11 51
22 29
62 56
115 112
118 177
7 106
187 158
198 87
184 117
50 77
116 40
190 86
99 169
77 43
139 97
117 155
40 187
109 86
121 42
106 4
24 96
119 33
33 63
15 200
122 195
78 20
80 187
141 165
98 60
161 196
159 95
38 96
41 176
1 68
171 117
62 73
18 197
30 125
28 61
22 67
184 131
37 108
20 111
57 160
4 133
79 173
89 33
97 140
140 175
9 2
15 103
73 140
78 79
105 120
128 198
100 199
35 32
55 182
159 146
6 76
27 69
27 110
29 145
190 29
104 64
92 93
148 189
70 11
36 93
44 76
124 2
43 49
106 59
87 58
137 100
99 42
40 41
27 136
179 16
171 99
185 97
194 27
45 33
101 111
99 135
144 172
82 81
136 15
50 57
174 164
187 6
171 87
56 129
81 153
115 44
155 117
17 55
28 132
66 51
167 177
63 162
189 20
37 5
184 191
184 126
107 133
55 44
187 12
35 120
98 28
95 68
32 2
149 165
115 4
180 96
48 80
67 125
66 147
153 85
191 16
47 174
128 53
78 118
43 165
195 21
72 151
134 48
103 1
110 190
32 111
72 136
33 49
143 129
178 58
103 110
52 45
79 45
14 93
113 89
197 159
54 170
65 88
68 15
198 125
160 121
153 199
40 8
68 85
152 89
89 157
29 29
49 87
81 24
100 200
13 17
155 103
94 169
40 18
145 179
11 77
177 77
108 96
71 76
90 190
22 164
146 139
192 16
105 181
56 81
45 83
184 67
80 138
99 134
73 35
52 57
102 39
180 97
93 82
150 171
143 159
92 116
69 25
97 133
44 77
154 69
117 20
154 99
43 78
138 163
144 180
175 24
197 118
198 48
108 142
186 183
71 93
69 124
27 7
13 179
156 23
83 60
138 175
86 66
67 112
170 169
81 75
182 171
104 109
190 88
2 25
197 57
124 101
157 160
195 14
164 6
186 65
166 144
110 45
74 189
101 68
80 105
157 199
124 75
145 25
37 93
152 195
118 61
63 99
85 84
14 193
163 32
199 91
117 96
7 13
79 102
198 76
163 50
32 139
93 61
54 45
103 93
90 139
99 62
76 178
83 129
134 147
62 12
43 4
160 43
196 67
83 184
80 135
138 157
137 171
15 57
184 64
80 81
33 103
62 124
102 20
175 90
65 200
79 2
163 112
4 199
6 55
131 76
182 141
48 180
2 188
17 76
98 42
145 117
73 12
52 150
143 153
145 126
83 113
52 16
125 121
120 130
59 75
117 171
78 86
192 16
117 103
182 180
120 130
18 147
64 75
77 80
50 39
154 121
157 196
166 194
54 162
161 41
62 143
95 183
157 131
47 111
195 61
171 62
193 70
154 76
125 92
11 121
9 76
135 123
12 34
92 67
19 196
144 140
184 88
65 163
124 178
12 74
188 85
100 116
12 46
1 36
58 191
194 133
135 21
135 29
183 174
169 49
30 30
131 28
51 4
199 107
81 189
177 121
128 45
28 178
173 17
80 9
108 146
24 24
140 82
144 97
94 150
3 171
162 187
130 188
5 90
127 136
93 182
7 8
46 51
12 107
122 183
21 100
158 42
75 88
190 10
28 92
19 40
44 52
100 167
53 61
69 175
22 147
124 183
74 170
138 111
28 119
86 178
197 87
97 91
68 197
199 77
65 198
75 110
127 139
35 18
39 108
113 59
194 68
153 32
140 131
95 184
186 71
65 134
62 119
141 92
170 194
126 53
169 165
8 192
98 54
153 30
186 188
3 111
14 110
185 16
9 3
166 175
63 71
82 170
182 22
99 11
196 72
104 185
55 41
69 198
145 82
149 99
7 132
105 116
40 190
155 187
142 75
197 123
186 103
152 75
132 61
123 117
166 139
147 164
149 57
38 122
16 95
179 47
41 104
27 77
41 34
139 105
133 196
96 67
122 45
177 156
85 5
152 35
155 116
112 21
138 41
77 119
149 62
69 39
93 74
25 168
78 185
6 120
197 96
17 66
51 140
33 89
18 14
105 81
129 189
6 79
148 144
186 87
2 37
58 162
169 170
152 92
64 71
81 63
20 68
87 17
154 127
98 137
53 136
183 131
200 80
76 47
90 148
130 34
112 167
151 148
29 178
68 97
76 154
165 62
40 113
83 143
121 87
195 133
161 37
116 117
28 98
176 159
28 50
112 161
105 40
165 102
6 43
78 44
82 132
91 51
93 134
31 110
7 24
43 75
146 135
111 153
133 4
167 172
73 53
63 22
69 192
11 117
30 195
88 188
18 71
75 33
38 27
111 136
75 20
6 61
83 91
109 29
115 195
18 111
37 160
166 43
32 92
63 16
188 119
76 62
93 175
71 13
17 196
188 76
54 64
121 1
112 109
2 25
128 45
81 78
20 48
7 38
88 100
24 134
191 17
40 13
100 124
88 45
176 157
80 198
29 109
192 163
88 93
134 23
49 123
130 134
117 142
198 128
123 45
168 75
133 5
197 100
70 115
73 130
6 163
183 71
20 96
76 127
148 161
56 73
166 188
41 78
114 21
136 106
53 119
186 66
88 71
23 71
95 94
127 116
46 41
73 76
95 16
101 148
105 123
168 56
22 106
43 172
35 67
91 120
19 96
188 132
114 112
19 187
65 29
44 90
157 72
175 130
124 200
53 56
171 23
12 133
52 97
82 64
77 152
123 153
15 108
195 199
6 13
114 113
14 136
145 66
72 95
83 41
73 193
169 61
122 186
146 179
147 22
30 48
5 130
31 31
34 183
84 28
34 28
152 192
121 38
139 23
132 188
2 51
19 73
150 109
76 23
156 188
17 194
97 183
170 55
111 184
42 134
45 136
152 90
150 68
27 51
14 42
134 175
111 139
34 78
4 143
159 122
17 1
107 31
134 197
135 101
43 16
112 74
87 61
135 68
187 90
145 126
72 50
52 5
29 1
163 192
149 33
122 1
114 75
1 148
118 148
16 41
193 103
182 12
78 79
197 137
34 112
76 104
39 40
71 32
19 31
142 129
172 187
135 127
177 12
70 4
34 124
42 168
35 190
108 182
62 134
117 47
20 128
132 111
93 120
188 29
151 142
91 120
86 31
39 3
124 109
153 94
117 99
97 58
133 128
29 43
137 121
166 197
9 146
129 167
179 64
188 50
23 165
16 184
197 76
178 63
92 96
147 156
91 159
38 174
132 116
104 50
8 103
11 139
126 102
131 21
179 132
128 49
144 184
31 197
113 9
109 182
178 89
82 191
40 57
145 29
197 106
48 91
32 155
111 92
48 142
59 148
37 96
90 78
14 40
106 136
156 71
69 53
1 77
12 4
126 99
116 148
9 48
80 106
173 139
131 65
149 40
52 77
40 169
174 63
175 152
90 17
1 84
20 89
191 52
55 120
87 49
62 32
117 199
78 2
56 173
21 194
46 13
158 43
147 124
154 70
168 153
109 71
15 167
197 62
146 127
23 28
199 44
132 9
44 125
40 103
47 14
12 125
90 79
160 20
46 200
88 87
47 144
174 129
4 113
165 129
93 28
178 110
90 172
156 72
100 149
50 88
200 58
61 189
188 65
17 175
94 9
7 14
5 144
118 174
11 131
162 32
36 68
130 114
87 34
94 4
7 114
146 23
185 59
141 166
144 15
166 104
104 161
187 155
11 68
61 27
67 105
44 61
165 189
39 78
17 41
134 130
150 36
81 14
143 46
59 35
182 158
123 159
165 70
21 40
76 38
168 142
128 192
186 48
181 199
162 162
11 169
16 68
100 133
150 85
107 53
79 77
72 115
17 136
21 3
93 63
90 134
140 66
36 150
147 155
196 162
79 20
29 101
59 52
104 8
116 55
16 31
156 110
169 117
49 60
146 144
73 78
190 186
94 53
113 181
199 61
73 24
40 110
77 149
63 95
183 5
168 11
30 161
114 109
7 33
150 111
101 56
75 18
124 1
177 23
100 124
54 65
44 107
107 150
60 78
177 74
171 153
6 88
182 138
63 51
101 128
62 122
25 28
65 114
67 53
115 160
65 26
30 122
23 55
58 146
88 137
25 67
136 7
61 120
140 91
92 138
63 47
2 22
10 42
28 109
149 77
187 109
177 161
172 24
151 26
16 165
94 162
86 57
33 24
40 136
14 11
162 118
27 46
183 190
142 155
69 39
83 176
39 51
3 10
74 144
32 35
54 91
199 64
50 125
192 166
109 14
38 98
191 160
132 89
18 156
160 2
77 93
25 64
156 76
12 184
103 167
147 160
101 61
113 34
122 80
143 17
118 191
93 33
198 101
200 116
105 134
36 26
45 115
23 84
124 123
60 124
123 128
83 44
136 49
69 90
89 142
195 75
13 52
53 55
180 185
152 15
17 192
135 44
85 125
124 196
125 29
26 1
105 3
28 169
83 111
69 182
72 118
9 36
165 5
65 178
168 136
67 157
129 179
107 161
173 189
16 14
138 134
133 128
29 12
40 26
37 170
183 168
173 176
56 84
147 36
110 144
123 112
5 132
143 42
5 125
45 20
10 156
123 170
199 124
95 182
30 156
64 131
10 166
75 13
9 71
136 195
82 43
90 183
15 113
196 52
172 47
43 113
169 38
117 101
159 170
111 64
157 61
23 83
75 78
31 188
124 85
51 102
140 181
149 143
196 9
90 23
69 25
23 99
79 22
163 134
28 86
57 162
90 108
154 53
97 147
100 37
173 29
80 127
33 107
183 108
149 63
24 43
132 173
53 22
104 4
183 27
175 49
126 148
57 101
15 125
184 184
22 13
88 127
159 200
33 170
93 33
128 130
8 186
139 60
27 110
175 44
57 22
184 136
169 188
15 27
24 115
73 107
138 165
199 157
62 179
95 38
51 97
112 147
74 23
169 167
133 137
38 62
170 200
41 187
128 131
187 42
50 84
180 48
161 66
57 113
52 189
15 104
144 116
75 102
91 84
99 1
140 136
28 108
144 28
111 145
17 81
132 19
50 9
8 116
168 88
51 99
162 31
143 137
134 75
71 150
68 159
131 94
181 26
158 10
66 55
83 127
92 27
187 147
155 131
144 128
44 62
122 48
80 145
179 147
45 169
72 138
84 200
164 165
38 58
58 131
137 104
4 3
153 169
67 144
18 141
75 111
120 124
192 123
16 119
62 6
140 105
12 164
176 79
15 197
197 167
185 95
28 113
122 120
89 87
181 198
153 36
65 111
55 70
119 64
21 54
145 141
50 129
146 173
183 130
189 60
198 129
83 20
29 166
85 96
85 9
178 96
74 56
98 68
128 17
80 91
59 33
153 2
153 12
151 41
28 44
184 154
88 38
82 194
172 41
127 174
129 34
197 128
183 125
143 26
128 100
32 153
184 196
174 141
135 45
71 158
1 139
138 159
13 56
99 176
137 12
124 142
123 51
194 25
76 9
42 139
23 85
60 195
188 67
62 113
32 124
30 33
62 76
175 76
177 189
150 167
85 75
30 50
5 77
174 11
137 45
100 147
5 57
150 12
64 30
100 42
150 192
70 43
158 78
155 88
38 110
168 115
22 65
46 50
66 152
41 89
143 14
187 22
171 74
30 16
129 102
64 17
161 85
8 3
198 36
171 37
103 172
77 185
17 102
199 190
118 20
134 45
200 107
99 192
144 149
68 43
130 61
20 97
173 93
35 92
162 99
145 13
78 138
183 6
199 18
131 84
158 6
43 46
29 69
116 111
74 30
9 154
44 64
93 153
165 136
188 66
196 192
87 42
20 147
84 23
108 173
32 60
14 54
133 153
196 185
82 49
80 46
39 27
67 68
179 95
128 138
188 144
126 125
115 74
166 199
159 169
181 195
51 77
67 115
74 156
30 195
119 112
164 68
133 49
105 38
2 184
82 168
121 163
86 20
81 144
105 184
125 1
117 34
7 152
31 64
193 140
161 55
194 6
186 159
115 66
38 98
140 117
3 104
147 144
37 43
170 195
57 185
177 9
54 196
190 185
90 129
186 47
46 93
23 69
166 177
131 152
24 199
19 146
199 33
42 69
70 157
151 44
38 176
181 20
13 39
198 131
108 63
8 128
95 188
158 141
91 158
73 112
179 102
195 25
144 7
195 96
102 139
147 10
80 119
143 129
33 37
22 86
42 147
158 174
110 140
176 47
189 156
77 106
74 8
98 176
19 135
72 158
25 182
70 31
138 12
106 7
85 122
4 197
124 70
126 116
173 3
98 86
56 21
139 117
147 134
128 36
71 2
74 131
31 159
98 115
151 41
155 110
28 115
87 144
157 123
181 57
142 13
4 164
85 87
157 148
117 118
124 197
2 87
56 197
32 138
154 3
38 36
181 10
200 122
70 68
155 196
127 116
119 44
136 1
40 174
100 83
31 180
102 151
84 106
102 59
96 101
113 133
136 38
69 51
78 139
38 114
175 49
188 5
5 14
161 121
36 48
120 21
51 96
117 114
64 136
23 61
58 187
86 91
97 50
43 105
74 143
117 33
164 14
126 87
103 26
46 40
84 32
13 48
88 119
19 1
141 191
42 166
154 116
184 177
181 182
26 75
111 147
2 125
111 194
154 52
106 7
99 55
174 111
47 58
127 10
34 33
163 196
95 9
27 197
118 10
62 93
129 51
33 147
80 157
167 143
94 46
127 29
96 49
183 124
172 56
95 155
5 14
43 141
87 169
35 144
118 87
187 25
5 108
100 114
200 184
181 131
104 119
133 65
49 65
177 55
67 136
189 171
141 80
20 9
165 184
172 139
120 114
182 127
24 190
119 77
157 62
22 35
150 29
96 92
181 84
92 199
144 101
184 117
188 129
25 89
48 62
33 125
136 79
46 108
119 200
44 169
173 188
200 68
152 92
107 183
168 149
186 186
108 91
96 103
182 121
131 77
12 199
143 171
130 149
26 58
84 12
100 65
189 15
50 106
168 161
89 47
97 124
16 42
8 16
76 102
143 165
78 75
36 189
185 51
196 106
71 26
198 8
151 182
177 175
169 180
108 192
46 7
191 159
177 4
194 169
124 121
97 173
187 100
18 30
183 73
161 159
149 84
156 83
144 42
23 193
145 115
3 87
93 197
87 144
193 128
150 167
83 76
47 23
135 134
79 40
3 60
32 33
57 195
99 90
133 14
19 84
132 63
11 73
62 121
181 115
10 181
122 178
56 110
40 165
104 71
9 148
81 197
137 150
123 105
74 78
137 139
198 61
44 29
121 91
106 3
56 172
198 149
5 156
121 169
190 6
74 112
145 199
51 97
193 2
147 177
49 120
160 106
36 57
161 7
74 78
83 36
29 83
91 176
26 132
142 40
139 192
29 109
113 8
8 43
92 121
154 128
30 52
89 169
124 84
111 78
176 130
112 81
29 96
196 135
55 16
111 133
196 130
46 40
63 52
87 152
191 166
149 78
173 100
65 33
51 2
62 102
116 138
168 14
169 98
52 189
146 179
168 145
42 165
173 1
130 98
34 37
166 180
107 97
22 95
156 158
80 4
60 37
136 148
3 151
86 168
42 164
166 47
196 47
157 16
162 178
90 162
200 97
95 61
81 57
158 92
95 168
46 139
92 13
129 196
30 46
137 176
73 115
77 15
32 75
57 181
166 29
171 109
148 131
194 73
72 87
181 165
147 55
133 31
74 105
30 104
194 44
54 22
154 19
167 111
139 9
58 139
107 108
6 134
186 77
176 95
175 194
13 156
41 150
32 42
184 87
96 141
172 70
106 121
98 116
23 135
189 166
184 80
126 64
45 24
25 109
158 30
