200
4000
172 184
44 139
183 45
13 92
182 114
95 79
199 150
30 32
200 193
196 149
116 64
112 136
33 148
150 42
133 187
147 190
53 147
26 118
66 121
39 129
159 111
110 22
80 55
130 96
90 129
150 159
35 165
160 199
173 83
198 56
24 85
77 180
102 168
64 91
10 6
114 182
166 51
55 12
90 62
6 155
96 180
132 96
37 8
172 57
62 4
107 27
124 1
112 138
101 152
126 16
56 146
190 145
127 180
60 198
10 28
10 59
111 156
35 143
137 174
128 112
21 87
196 133
186 159
165 121
120 147
85 81
1 148
8 186
159 81
111 72
55 21
189 16
188 88
140 82
14 86
61 110
60 199
154 17
149 33
127 196
40 19
107 62
183 147
126 168
151 57
175 122
84 21
112 110
108 25
126 194
101 44
85 81
183 155
66 142
52 76
71 92
92 62
123 56
162 88
141 162
150 96
79 161
41 13
140 144
90 145
51 4
100 72
7 41
25 198
87 5
148 116
184 101
1 19
178 195
66 89
53 12
108 35
163 51
72 133
105 184
51 61
99 18
24 115
115 34
26 111
75 148
165 28
46 95
198 162
39 174
167 92
166 75
142 106
150 178
25 169
22 120
157 70
134 131
90 22
179 102
2 123
34 76
56 47
81 172
31 192
50 60
151 103
78 97
144 65
45 195
22 57
29 86
151 194
185 172
56 65
196 51
36 29
162 63
87 99
60 140
57 162
14 91
29 186
122 54
105 74
184 130
4 187
135 119
9 4
163 23
49 148
164 76
97 107
98 195
42 44
40 57
100 162
85 179
143 42
10 135
60 71
181 104
84 30
160 107
147 7
117 53
110 30
21 120
91 163
98 176
187 102
172 166
132 87
136 131
184 103
33 111
9 96
99 198
171 192
144 104
118 146
154 199
103 126
117 95
14 127
79 112
73 151
91 102
36 133
172 172
118 124
26 196
37 28
86 82
89 188
25 125
6 97
120 187
23 115
154 195
73 105
9 170
145 155
126 141
170 165
147 158
63 186
187 122
44 1
105 139
36 18
109 147
10 178
136 31
68 24
74 50
12 79
158 95
164 7
149 178
123 60
47 122
17 68
198 108
44 159
87 140
103 94
189 159
34 32
160 32
138 55
200 4
38 160
7 199
27 123
17 67
118 176
100 140
99 8
104 193
109 138
12 110
76 85
122 140
77 53
151 11
29 107
93 75
118 24
189 75
138 31
28 199
36 133
138 127
36 48
93 147
148 67
170 93
47 47
192 71
88 117
10 40
149 113
117 151
155 140
133 192
3 76
57 66
70 99
188 199
134 46
154 155
167 174
130 19
162 170
7 130
94 192
56 35
195 108
144 95
163 133
49 43
8 60
167 62
146 105
91 58
152 138
136 87
195 4
72 78
33 42
153 191
52 174
78 66
190 4
182 9
47 175
130 13
71 50
165 2
191 123
88 128
155 51
71 104
94 108
50 141
40 187
167 5
125 183
48 14
168 131
144 173
46 179
51 114
97 100
7 23
25 147
109 2
10 69
148 108
91 178
47 192
47 11
59 135
120 151
57 55
20 113
2 117
135 160
166 103
54 142
103 188
161 47
46 173
6 49
117 186
153 41
116 96
88 116
46 25
167 138
18 4
24 122
64 50
121 144
129 23
181 146
161 159
143 41
82 56
96 57
88 200
46 118
13 139
160 122
21 104
174 149
62 97
154 60
68 97
180 25
152 35
100 86
92 116
100 23
26 83
178 49
163 106
175 179
39 138
35 9
131 161
9 7
183 149
37 103
27 46
35 14
183 106
107 194
59 50
54 193
67 81
40 143
173 64
65 4
31 60
50 107
98 137
96 10
180 98
58 72
200 87
22 94
200 50
105 110
151 31
60 163
38 131
5 136
190 112
23 92
88 34
153 120
2 70
163 118
42 19
139 176
106 104
197 61
189 40
138 168
48 72
170 30
168 182
154 61
70 22
78 35
85 185
44 107
177 128
6 139
96 98
91 125
161 112
196 3
16 144
25 199
75 74
112 180
192 35
30 154
172 120
134 3
28 115
132 31
82 85
63 135
111 66
4 26
101 200
38 91
191 107
31 180
189 68
116 47
26 108
173 70
102 144
74 37
182 143
119 166
171 110
144 144
137 192
120 19
162 84
23 158
67 71
50 175
49 105
129 200
163 115
180 163
95 128
109 42
125 69
143 127
15 68
136 22
80 22
4 37
116 134
100 38
92 84
160 101
70 126
32 108
125 180
102 64
51 184
98 43
52 192
143 169
130 51
62 109
1 18
48 47
114 38
195 7
10 67
168 125
156 162
43 187
40 79
191 183
200 143
19 71
97 160
32 5
113 45
141 63
71 101
32 15
39 172
73 86
112 86
163 184
185 27
150 192
128 98
110 43
168 80
69 4
68 72
91 182
196 156
109 95
88 183
198 143
6 132
177 193
42 24
180 144
87 89
156 132
120 76
179 169
166 174
141 166
69 95
168 104
164 124
184 44
78 129
193 147
189 34
165 18
14 49
93 17
150 114
135 171
77 96
147 200
127 77
99 145
103 99
50 138
73 142
17 178
49 18
24 126
115 135
73 21
120 166
135 197
150 192
189 113
86 142
88 38
46 28
73 87
79 162
196 37
100 41
191 78
51 59
199 60
91 186
193 13
156 184
77 176
167 190
80 174
112 56
162 134
187 80
83 52
113 108
175 74
150 25
160 3
8 42
146 160
34 155
104 148
166 119
95 10
117 11
118 133
200 95
64 149
200 110
178 171
148 35
173 111
110 142
182 58
93 197
110 188
60 114
200 66
116 138
121 136
197 32
5 58
111 33
160 152
155 10
195 143
115 148
35 105
182 99
64 5
34 49
83 59
33 91
40 29
1 101
131 111
1 100
25 60
48 93
151 113
175 143
198 127
85 199
75 67
166 198
22 138
110 16
168 181
127 187
71 91
149 8
142 8
14 32
46 84
87 47
166 189
17 126
121 39
66 172
122 116
37 113
151 176
177 107
1 18
153 80
103 125
165 125
4 42
18 103
44 128
44 163
19 94
8 109
61 184
41 100
25 33
106 199
169 135
136 104
42 176
117 132
126 114
177 121
81 75
57 24
193 37
165 179
67 152
149 70
115 132
86 75
114 22
116 19
181 63
141 64
117 57
182 38
106 30
168 9
188 4
112 70
12 113
154 174
58 115
120 128
38 5
194 171
38 174
98 16
72 34
47 6
60 73
74 121
77 178
126 21
14 39
135 117
127 115
199 23
161 5
45 4
108 22
15 66
20 189
151 15
104 115
168 110
112 184
198 130
109 190
185 198
156 150
197 138
80 163
130 196
8 101
86 93
168 79
113 152
180 165
194 52
95 66
32 160
42 100
107 75
53 22
8 184
133 185
20 71
52 181
19 13
63 95
91 142
124 100
167 88
73 36
106 13
44 55
100 18
127 26
114 74
87 177
11 142
76 95
102 31
129 135
22 195
5 176
169 184
188 102
9 70
71 175
24 134
154 22
26 189
72 34
109 58
119 102
59 17
131 58
131 152
41 70
111 120
132 119
171 177
162 92
125 112
191 104
54 131
185 43
129 55
33 184
37 167
14 47
146 161
64 63
167 38
146 60
38 88
159 200
53 107
94 28
25 104
81 145
96 17
98 65
103 13
189 36
108 58
75 185
96 142
42 169
188 19
115 55
131 178
149 163
147 56
178 66
168 46
55 27
60 45
149 199
95 143
29 138
198 168
183 170
62 135
124 126
143 54
174 91
16 131
156 37
20 4
38 40
133 167
187 113
146 95
165 7
109 10
131 167
187 164
63 91
80 139
122 24
15 106
162 187
170 107
149 154
56 172
79 138
26 83
56 21
132 26
124 91
1 38
136 97
179 18
194 29
136 84
61 146
53 161
156 118
184 198
185 86
62 29
135 191
145 149
34 10
197 157
154 184
93 127
105 85
164 127
116 122
107 65
99 134
188 50
127 42
93 150
18 139
52 146
191 5
91 175
88 50
17 191
103 185
93 102
121 164
39 197
145 60
159 80
59 162
127 122
62 166
74 37
166 24
56 35
112 139
119 73
107 8
50 189
199 159
31 62
190 100
2 187
116 35
89 168
52 178
41 98
146 118
99 47
100 170
195 24
14 76
134 6
169 128
140 73
140 126
12 164
49 154
156 88
153 153
15 157
17 77
23 66
114 87
60 66
120 23
163 97
113 14
64 179
90 5
161 98
103 90
118 122
80 188
99 152
100 21
181 170
112 65
192 86
77 52
129 161
162 124
126 151
3 57
14 90
103 40
63 177
130 146
193 113
111 88
24 153
125 136
82 105
85 165
127 170
43 65
160 159
159 144
133 77
108 71
166 171
176 29
182 174
133 91
11 200
2 74
7 178
28 41
112 112
142 72
70 4
102 94
165 18
67 38
21 167
69 185
68 131
168 129
37 162
65 65
7 131
127 51
127 97
65 81
11 194
153 142
175 96
119 89
17 160
45 63
107 65
4 67
53 104
66 133
2 166
131 12
158 27
105 102
54 83
43 126
67 81
146 82
34 178
197 19
83 93
77 30
18 119
15 1
56 11
52 181
91 177
131 123
164 110
184 139
50 147
25 121
48 104
19 152
168 123
26 7
117 21
110 145
144 170
73 15
96 98
26 48
76 96
28 168
145 141
33 160
15 110
10 64
37 105
68 152
93 200
78 44
166 39
34 1
38 164
56 193
19 77
146 105
116 193
70 17
196 190
27 80
159 148
39 181
164 153
115 48
120 144
96 77
38 48
140 82
169 105
150 80
16 66
168 103
184 71
50 182
189 199
132 16
60 171
190 87
12 58
9 94
199 22
40 200
145 29
151 137
110 15
20 183
47 23
129 64
97 124
175 15
63 186
132 131
46 200
33 98
157 86
176 114
103 58
99 172
142 146
151 127
131 30
138 168
70 130
77 102
82 197
200 41
112 54
68 74
140 21
113 20
130 17
66 160
149 130
108 35
139 96
149 121
95 61
115 186
82 20
127 103
182 30
139 22
98 82
167 18
24 165
53 129
165 84
68 191
54 159
50 27
187 108
16 156
130 53
36 100
65 196
57 69
140 8
111 103
80 200
40 52
53 38
72 66
97 141
103 195
120 16
25 117
95 41
66 121
183 89
93 199
77 41
195 19
115 179
109 198
107 1
155 118
82 180
52 65
183 173
21 94
137 99
39 166
168 171
142 130
54 187
197 20
183 62
93 190
63 163
147 83
78 30
116 14
64 159
165 165
161 36
111 78
169 139
66 12
136 147
63 182
78 70
181 1
33 4
80 128
66 175
118 155
100 48
177 180
1 171
1 23
14 149
151 116
173 130
34 26
37 78
14 46
65 175
45 140
72 176
133 159
153 13
93 112
50 133
9 134
128 128
142 99
194 69
22 199
183 154
165 32
14 167
173 73
56 143
121 164
103 151
40 32
127 19
1 1
52 78
82 2
101 113
18 89
132 13
99 79
154 29
184 45
185 114
70 193
103 83
174 41
180 5
34 19
151 182
9 136
61 193
163 148
100 113
170 147
21 56
84 38
81 29
138 146
101 147
6 108
28 36
24 2
174 62
83 24
16 165
17 73
19 72
79 135
88 150
134 126
194 64
94 165
194 10
6 92
21 18
91 169
140 113
148 96
82 17
25 112
145 60
134 58
127 193
186 12
84 22
94 198
26 140
72 12
35 87
163 151
150 169
185 167
184 185
157 100
56 154
5 1
158 82
33 92
118 198
187 176
155 166
48 86
109 9
109 120
155 58
168 174
109 108
150 65
86 65
95 178
43 37
53 53
121 198
165 188
111 12
131 112
109 92
20 95
172 117
59 60
196 74
11 53
20 174
113 146
183 173
54 29
7 53
178 61
118 47
150 22
51 20
10 189
28 176
124 94
163 26
176 115
182 112
45 159
103 28
34 85
109 132
117 181
174 59
100 121
28 90
152 149
13 45
90 127
5 193
183 107
161 15
144 40
35 48
33 15
58 116
132 191
56 98
136 99
19 183
31 114
51 12
123 168
199 163
92 127
40 116
11 116
193 141
19 64
59 50
79 198
55 197
176 137
155 74
187 48
85 10
43 11
32 34
3 136
131 173
85 130
199 26
64 131
41 173
69 153
123 152
119 166
3 157
61 49
86 34
184 191
18 95
198 78
180 104
144 96
5 180
88 107
186 29
167 44
78 7
8 145
84 170
119 161
55 130
166 159
165 15
16 90
106 107
146 31
152 16
114 111
27 60
104 185
99 63
170 31
145 150
149 192
82 56
74 105
178 3
189 147
80 11
80 159
181 128
73 42
187 91
33 56
7 119
124 150
30 6
153 64
72 117
60 57
168 132
92 56
1 125
43 84
191 97
173 111
184 48
177 122
194 6
191 173
125 51
41 49
132 142
173 138
83 32
82 31
101 5
16 28
32 129
15 152
120 25
99 115
55 71
6 25
39 39
38 75
22 102
70 193
135 169
147 199
11 137
123 61
172 179
142 123
47 157
110 45
68 124
72 125
154 114
6 102
121 137
129 156
49 14
146 112
87 4
124 15
40 149
2 70
187 39
9 22
18 6
74 16
79 150
24 132
165 100
94 101
183 178
83 196
159 60
79 20
85 120
105 153
122 162
9 118
125 115
200 152
173 5
81 39
125 195
164 64
182 100
48 2
186 1
159 184
59 172
41 17
13 183
177 30
153 109
139 155
13 66
93 82
57 123
123 191
111 53
62 32
8 150
88 53
119 122
186 190
35 133
133 57
107 91
7 37
25 113
92 42
29 36
173 93
191 42
71 33
132 169
119 113
138 14
144 109
20 25
130 48
142 117
90 102
14 134
193 194
191 73
52 164
67 127
77 146
29 117
161 132
118 132
144 177
138 129
51 168
42 21
85 45
28 27
93 145
44 153
180 107
120 76
83 183
198 89
137 12
95 183
151 110
100 154
110 37
179 140
76 78
114 117
51 190
187 146
154 23
68 127
139 147
75 54
130 104
67 93
13 98
83 36
173 150
57 76
148 36
143 125
23 28
52 83
4 184
107 181
20 167
84 162
17 118
110 88
117 130
143 171
195 111
135 124
59 48
68 190
138 89
71 40
157 32
161 34
50 95
26 93
2 73
179 176
18 191
118 11
99 115
9 156
188 148
122 2
171 34
176 134
56 113
176 30
142 169
140 89
198 9
30 19
61 197
196 97
19 113
25 125
111 81
136 105
17 20
19 75
7 185
39 171
53 145
163 16
34 147
179 80
121 156
153 5
115 30
19 66
169 158
52 13
132 84
166 78
197 125
116 199
85 61
125 169
110 97
32 2
151 93
55 108
52 129
107 28
25 8
169 41
44 128
162 115
137 182
52 18
127 107
72 38
4 38
192 142
29 37
24 86
193 107
81 158
164 78
95 29
116 189
97 138
131 75
196 120
36 103
171 170
114 113
172 41
12 147
56 65
118 101
100 21
4 66
47 85
14 25
9 51
157 2
132 191
26 102
3 45
172 173
62 200
183 133
154 180
98 132
181 166
20 149
145 86
58 68
137 121
84 198
181 171
146 9
60 82
159 24
132 172
86 38
37 184
85 24
40 20
150 194
90 134
172 181
189 163
142 193
174 51
14 74
160 158
171 47
24 182
174 109
155 163
160 2
151 23
36 5
3 28
118 47
8 122
45 109
194 163
22 127
51 39
10 117
8 45
40 34
199 94
174 119
96 74
56 145
83 156
39 14
52 170
181 19
135 54
17 126
25 139
47 174
161 5
76 121
85 141
91 42
197 73
108 191
140 39
173 180
85 37
175 42
4 64
145 12
173 159
108 2
167 173
162 34
151 7
73 62
54 84
8 53
47 51
19 13
45 86
70 40
45 199
169 12
103 156
144 147
87 61
179 38
40 13
32 71
97 12
17 118
181 89
59 77
25 89
146 124
19 8
125 158
140 107
110 10
123 57
3 121
21 149
78 126
12 181
62 154
183 166
2 100
92 99
74 58
159 165
125 173
156 168
130 160
160 184
4 25
163 44
122 156
65 107
112 199
11 118
91 152
12 117
86 121
28 22
135 7
183 104
126 22
183 91
20 112
71 92
163 119
26 108
178 52
4 53
196 16
101 192
155 177
188 101
35 169
79 14
20 124
39 137
83 185
44 129
193 99
71 176
30 158
168 11
152 140
35 57
45 28
69 112
124 31
129 170
135 128
127 17
54 91
133 165
168 93
111 83
194 176
164 135
170 172
20 130
72 161
47 100
175 144
73 145
146 199
189 76
55 23
72 167
120 147
162 186
103 22
161 191
187 178
135 196
71 180
51 150
106 43
158 162
164 124
176 95
170 162
78 73
11 90
105 78
151 155
115 111
189 66
1 150
48 188
67 136
139 131
46 138
99 84
105 96
186 92
171 100
188 64
174 199
63 62
183 92
177 26
199 108
148 48
177 28
22 109
92 10
89 77
25 69
116 52
175 166
33 39
179 197
173 182
12 54
182 169
191 199
81 36
149 158
198 143
29 111
16 170
32 124
30 56
126 22
120 197
159 44
105 189
69 142
43 131
86 159
122 131
125 120
10 4
170 137
28 63
75 155
52 79
122 44
200 153
125 76
74 122
85 183
31 54
130 197
70 124
14 39
39 143
30 30
3 16
152 38
42 140
51 103
93 40
169 170
147 104
111 188
127 178
42 52
149 188
188 171
127 85
168 66
177 188
79 34
101 53
197 56
21 197
152 52
55 55
181 87
176 141
53 90
7 177
103 108
31 170
45 73
153 6
105 185
199 91
50 197
102 76
137 123
12 116
42 54
196 151
117 18
100 167
128 131
22 4
8 153
117 68
28 79
151 124
58 9
167 111
27 171
1 37
146 186
11 96
62 153
163 133
43 94
54 4
171 11
160 23
184 94
167 57
173 150
111 64
83 15
43 62
160 83
112 148
92 138
195 31
120 144
9 49
146 60
135 137
156 36
1 51
40 164
74 127
39 131
56 191
69 46
171 27
157 17
94 174
34 80
62 119
93 115
72 116
59 3
175 199
120 152
57 109
99 31
160 167
90 182
20 14
101 83
78 58
81 109
127 130
151 28
69 66
30 20
21 61
63 30
51 12
153 54
95 126
129 138
4 171
30 40
157 168
150 80
187 54
114 69
139 58
16 197
34 192
51 78
47 199
120 56
37 71
18 3
184 193
174 134
150 56
191 1
143 98
39 130
30 34
40 19
86 198
153 6
156 131
38 146
30 178
41 122
111 84
171 127
79 36
121 109
4 144
120 92
70 182
178 47
174 197
77 56
84 39
71 185
87 7
12 11
88 110
176 91
78 173
48 37
69 140
9 154
148 163
178 57
126 186
77 191
198 88
143 14
199 11
6 58
69 76
101 102
100 52
131 148
100 32
174 157
33 133
187 68
139 149
120 101
86 158
87 142
103 92
73 19
39 104
16 87
139 139
180 154
6 169
41 104
65 70
7 149
139 7
30 51
10 180
133 174
59 29
128 110
11 179
101 74
63 169
57 11
52 67
80 124
75 71
40 199
176 38
9 16
179 34
146 27
89 54
103 133
44 39
131 168
149 187
76 20
124 147
136 105
60 142
139 24
171 160
28 20
45 111
61 135
123 137
119 80
87 72
99 171
16 2
174 29
119 147
155 195
159 190
186 185
144 93
36 63
71 123
73 175
2 43
178 139
146 20
175 28
104 17
62 144
186 64
172 20
4 24
51 90
123 177
52 69
91 21
157 54
16 27
10 1
66 48
125 64
128 55
191 114
165 108
34 12
63 51
22 191
194 74
178 183
90 106
103 155
165 34
111 26
78 116
34 85
48 116
102 179
144 3
128 25
125 62
25 170
155 68
184 94
155 100
36 49
89 7
61 135
159 137
125 97
51 194
43 59
176 142
2 39
29 158
152 104
111 133
106 105
55 115
66 105
163 70
136 11
130 58
137 1
20 17
121 104
56 2
95 129
120 194
62 64
46 1
27 68
59 118
171 50
149 70
66 38
159 8
67 22
165 186
54 152
186 152
24 61
121 34
109 113
34 5
108 111
11 37
195 154
165 79
39 82
142 86
72 93
140 168
155 164
45 161
113 25
55 110
146 175
169 120
152 18
113 9
142 111
172 102
164 95
172 131
47 72
167 23
90 65
59 3
185 38
181 179
163 57
182 46
162 142
140 63
35 186
1 80
103 150
177 152
125 116
182 66
93 65
117 44
27 90
102 103
164 55
51 115
20 50
36 111
78 18
131 73
196 73
130 59
118 28
140 118
32 26
65 165
96 129
76 29
23 194
139 103
52 176
198 179
65 48
20 153
14 132
15 118
13 117
26 55
160 66
28 131
12 82
25 170
171 127
132 158
103 197
101 198
27 111
96 2
138 150
44 165
100 78
90 152
137 9
123 14
141 169
104 137
50 84
30 64
69 12
11 120
93 152
139 101
117 6
110 106
41 74
94 50
125 124
179 171
9 174
88 97
25 172
199 13
84 100
164 6
64 179
118 83
142 63
126 67
19 86
162 165
5 133
136 164
68 168
78 105
81 165
143 188
57 36
7 32
85 63
33 72
178 84
129 155
76 133
22 135
52 18
128 101
188 141
96 144
104 12
131 147
153 65
10 120
13 4
2 167
186 81
14 83
60 161
168 23
109 102
181 18
185 169
159 64
146 147
94 27
112 113
40 114
58 181
100 137
170 124
129 111
49 92
191 72
44 165
119 51
50 138
19 176
30 194
94 135
150 141
161 144
196 42
178 60
127 68
155 154
93 39
67 143
76 20
134 26
44 166
24 76
162 165
162 119
117 51
186 194
122 154
107 5
72 196
18 82
138 11
72 184
69 44
100 156
41 9
101 75
78 197
123 150
22 84
136 150
20 65
67 180
105 110
94 104
163 27
129 9
120 157
15 35
192 188
138 114
154 18
142 163
180 29
1 189
92 65
152 134
195 193
31 157
55 113
40 152
102 33
191 71
166 145
196 175
8 40
121 34
154 99
154 161
124 110
79 154
101 17
53 97
189 97
100 175
31 192
109 17
29 8
152 24
159 187
128 158
118 33
91 172
191 79
76 126
153 92
135 124
112 4
116 189
112 69
52 97
120 148
96 13
69 120
120 103
92 126
20 174
69 6
116 43
27 157
155 92
5 166
168 80
28 188
28 54
163 26
128 199
42 64
44 11
156 119
86 166
100 195
135 89
94 184
186 87
127 118
131 49
156 192
110 113
45 8
161 59
153 16
135 40
174 9
151 140
190 77
87 125
105 122
144 190
168 89
164 186
157 30
172 7
136 63
14 136
191 97
42 43
5 38
193 74
177 119
104 179
131 9
89 128
4 194
21 162
75 9
156 184
193 169
6 92
48 80
15 104
152 15
35 83
8 74
39 124
25 53
121 6
4 130
70 57
193 61
81 67
8 69
150 167
199 80
73 40
163 178
174 8
58 56
71 30
59 196
141 92
18 122
158 143
73 131
143 167
25 87
46 158
178 130
15 13
118 172
2 6
150 20
101 67
97 67
57 125
181 71
4 29
172 69
54 152
105 79
116 163
104 62
114 94
57 188
20 105
34 150
134 79
120 46
143 69
1 166
96 72
109 95
84 129
9 180
67 95
120 198
97 167
163 158
21 54
109 135
2 61
200 160
109 106
1 6
142 188
71 79
121 53
157 98
142 46
64 93
40 199
8 10
151 56
95 77
162 128
38 167
109 103
122 102
108 46
196 82
154 49
38 44
125 198
66 170
20 44
118 1
37 25
45 131
173 46
153 137
163 118
31 16
5 78
191 185
152 163
171 22
144 185
147 71
45 26
92 76
60 194
151 105
126 176
141 199
31 4
56 17
10 109
173 8
81 33
6 79
146 106
123 40
42 108
191 127
179 48
135 116
143 55
133 141
49 100
104 13
13 66
6 106
156 27
44 90
6 119
194 168
156 198
70 100
107 25
146 124
38 191
28 123
25 179
150 170
49 61
171 108
93 173
168 59
2 107
187 16
32 153
6 62
70 107
125 55
32 92
169 72
141 107
4 196
175 94
130 92
72 83
62 198
170 41
63 190
85 55
85 108
110 51
106 152
75 134
128 48
190 99
2 39
2 200
143 87
77 175
63 57
161 70
70 192
171 142
109 166
111 75
173 154
63 160
162 68
65 93
21 167
137 168
80 7
60 200
130 104
140 34
153 72
73 47
200 124
120 1
172 128
140 39
106 57
132 96
49 7
102 11
32 46
79 67
149 80
109 129
59 185
145 116
86 84
180 129
85 195
27 183
174 41
7 144
183 123
162 163
126 159
30 64
52 49
79 102
18 121
83 1
86 151
197 64
153 55
153 176
45 58
194 50
153 103
7 33
60 121
63 65
136 26
129 142
60 87
47 200
156 64
102 145
133 56
164 60
25 113
1 113
78 73
166 192
121 159
89 114
43 56
89 114
25 169
184 40
200 38
2 48
62 15
126 11
122 78
176 168
197 37
113 93
116 179
84 34
53 187
121 108
142 181
95 88
27 48
138 186
39 10
55 63
60 194
64 56
35 16
18 54
167 55
143 115
63 188
168 144
127 182
92 151
12 53
152 43
39 177
173 75
41 200
22 16
11 27
119 11
127 165
68 58
31 88
104 162
57 53
171 68
103 49
21 173
30 43
12 60
110 15
173 138
57 164
96 128
179 192
52 148
3 178
71 15
132 24
58 20
99 51
77 43
57 158
173 166
28 97
18 57
167 187
80 104
185 170
147 109
25 44
193 14
83 101
81 47
100 41
30 140
73 62
82 103
76 13
194 90
78 170
116 99
82 195
189 173
63 17
52 51
167 87
138 81
198 9
85 130
145 39
1 127
153 117
194 60
75 14
72 87
198 91
127 17
152 112
185 157
16 89
170 74
98 9
199 180
59 178
22 177
198 106
118 106
199 197
158 88
162 5
115 156
41 44
171 162
26 115
156 197
73 70
134 14
180 17
34 185
51 32
198 159
113 72
60 104
123 168
197 187
154 19
139 26
171 65
117 110
161 24
142 133
135 191
63 66
76 2
63 158
132 45
148 114
6 159
160 73
4 129
192 113
51 195
116 175
40 189
158 65
23 156
12 158
182 121
129 189
29 131
12 174
32 110
150 162
50 166
82 9
27 20
37 115
122 3
164 119
171 74
173 87
94 174
9 73
123 110
178 60
80 68
21 145
198 91
178 179
74 90
146 165
121 41
31 87
158 186
7 181
134 132
170 120
199 37
92 198
97 38
110 112
22 144
155 164
157 51
154 64
171 86
196 63
21 32
149 141
58 106
62 67
111 106
31 83
77 64
88 79
20 115
187 183
4 27
181 43
65 42
191 83
25 68
104 153
189 50
114 117
12 199
54 4
169 110
115 115
109 189
123 101
116 110
164 34
4 9
36 70
69 130
124 19
104 179
107 139
55 39
125 67
67 65
74 112
8 173
25 160
9 134
83 39
32 171
81 23
184 121
52 93
138 155
174 87
196 76
165 193
43 136
128 196
109 110
6 8
127 38
110 47
148 70
32 181
179 156
112 27
58 77
70 82
199 71
52 185
21 22
148 177
166 157
137 106
29 76
49 142
192 49
124 72
35 41
137 28
113 129
120 154
158 28
34 127
46 156
46 17
184 75
47 22
43 37
110 169
155 18
57 187
19 60
177 199
72 120
22 162
42 18
125 40
156 147
124 187
160 23
197 119
45 118
19 118
140 127
51 192
189 162
150 153
198 38
187 64
40 123
160 153
93 182
27 60
4 69
103 56
55 3
22 146
89 99
175 194
56 188
23 1
68 17
124 183
10 11
163 81
2 42
187 51
41 27
44 9
7 152
113 200
25 150
192 36
138 192
32 131
74 143
139 157
38 195
183 185
48 54
131 142
83 88
87 17
106 111
145 168
150 15
173 163
179 63
63 90
4 143
182 83
82 97
42 62
61 179
15 154
116 144
39 133
12 99
110 110
112 9
49 3
118 92
131 144
186 10
149 149
14 28
72 72
71 45
127 49
82 165
85 114
15 87
142 98
84 120
139 148
181 193
89 43
22 122
102 107
96 47
170 119
111 7
171 75
59 190
171 141
71 195
9 186
8 25
80 11
192 115
138 185
10 100
94 6
59 149
193 196
140 66
21 75
179 167
165 148
194 197
92 101
40 83
189 148
55 41
8 47
141 112
188 3
8 5
26 29
199 45
80 163
88 20
30 142
62 7
101 191
50 8
137 7
180 189
93 157
157 194
191 141
15 98
6 89
65 27
193 7
77 147
195 184
130 114
140 151
151 179
188 160
34 172
31 17
190 71
17 124
187 142
141 5
46 132
42 42
129 82
105 156
30 125
8 49
40 139
53 191
171 70
118 47
82 34
35 158
157 62
2 103
141 18
83 4
47 191
5 142
38 73
119 163
102 166
185 149
40 165
62 73
60 97
89 170
124 95
118 51
71 2
59 96
82 128
63 14
23 22
195 40
45 10
68 143
14 121
41 24
63 39
197 187
198 59
27 197
123 127
123 1
6 96
144 132
71 105
160 85
67 59
35 181
176 123
113 138
170 120
16 24
153 18
118 194
19 69
62 121
95 128
20 25
48 65
173 149
54 78
186 72
119 29
69 171
132 5
153 176
180 46
60 62
176 20
100 191
55 5
93 61
128 2
2 88
145 54
108 17
10 148
94 36
198 188
111 88
200 19
48 58
190 2
73 154
3 56
26 126
187 11
200 181
154 29
178 187
190 27
3 198
155 21
149 140
126 90
134 130
173 73
27 159
95 53
63 97
52 170
179 147
114 26
191 115
187 33
78 111
4 183
112 180
42 183
93 59
126 38
148 182
126 75
105 40
151 32
96 138
198 60
123 46
158 107
182 7
197 164
179 156
164 89
188 115
99 78
165 119
27 41
108 35
63 87
9 132
127 191
78 82
10 34
176 146
16 101
35 105
194 166
177 21
158 184
115 175
107 176
64 199
28 38
16 76
114 81
197 2
161 74
132 108
151 168
21 20
126 181
88 195
152 83
115 15
84 63
81 87
103 106
67 78
135 57
95 30
167 27
110 9
60 98
100 170
67 51
158 3
6 200
94 27
29 130
41 116
64 20
179 76
8 182
24 55
19 5
89 150
127 39
181 145
185 9
4 198
194 197
155 118
60 30
16 133
22 85
104 18
70 84
33 189
56 139
120 112
113 126
95 15
61 109
63 105
36 131
138 5
40 93
91 164
165 86
83 179
195 97
76 44
8 135
200 45
72 138
171 60
187 129
103 126
157 68
78 58
75 133
60 86
24 78
105 72
100 155
83 137
145 10
129 123
30 117
144 38
199 5
182 25
200 73
168 144
144 37
191 94
44 163
64 116
16 91
101 113
47 157
7 78
190 174
184 22
97 110
181 137
174 123
131 125
63 144
151 84
137 94
100 175
23 66
185 22
192 39
3 117
56 5
144 94
38 163
135 80
107 169
59 198
144 90
141 62
80 109
42 27
108 99
100 31
14 25
198 37
75 97
42 127
161 144
79 8
59 191
189 197
127 117
163 66
173 196
92 103
53 91
72 24
110 42
80 69
178 141
111 194
97 158
152 30
21 187
38 75
140 15
69 84
42 165
83 147
166 72
17 129
189 80
147 23
80 146
2 15
68 166
160 6
193 3
125 176
3 48
42 73
94 95
107 67
160 147
135 92
136 52
41 74
17 37
159 152
73 36
39 137
137 4
141 45
39 138
80 133
188 72
183 79
129 16
78 137
59 86
68 96
165 108
79 153
22 27
31 194
115 89
27 14
83 86
61 45
178 69
199 173
86 60
55 152
149 88
131 48
10 129
177 10
132 76
58 7
98 99
95 145
76 32
118 35
126 21
90 177
77 63
159 89
48 164
160 100
76 64
198 199
44 69
187 47
157 107
151 176
162 174
156 175
64 44
117 74
185 93
143 197
109 145
44 81
43 38
73 29
140 151
157 18
4 131
135 127
49 103
171 86
163 130
106 53
62 80
97 15
179 10
19 137
51 74
192 172
151 138
168 109
128 46
61 4
93 48
106 92
135 32
11 3
78 112
28 51
155 98
40 43
78 47
23 146
135 42
94 111
190 50
12 123
12 134
191 65
54 11
103 78
43 41
99 150
25 91
101 15
157 131
44 14
81 79
4 125
32 29
32 21
135 29
82 133
14 39
79 111
200 73
92 76
75 164
75 159
12 69
87 22
133 94
87 39
131 3
65 192
53 62
155 102
98 47
71 12
144 180
104 100
73 124
9 95
180 87
55 32
189 162
137 5
181 126
56 141
57 199
111 30
143 37
80 85
7 81
32 151
120 152
200 80
138 102
114 189
119 122
115 4
18 86
112 32
20 166
196 29
136 114
85 142
175 139
124 134
76 168
105 133
108 84
85 8
125 116
51 136
181 13
193 164
115 79
31 159
88 43
84 11
179 108
117 20
98 186
27 46
97 161
56 196
139 198
5 96
194 9
9 136
104 64
191 180
40 124
163 70
189 174
64 171
30 10
64 24
100 95
191 156
132 142
169 54
160 129
4 137
2 16
169 79
29 175
106 140
177 13
49 13
78 60
173 116
64 53
118 182
194 126
137 120
188 136
136 73
100 83
42 175
140 51
183 64
16 187
60 50
135 47
123 61
9 62
69 95
129 32
13 154
105 90
45 106
58 80
136 91
174 79
92 195
129 22
124 97
97 69
81 8
72 82
181 186
43 171
118 1
194 155
146 85
170 145
57 190
32 62
22 7
138 67
71 77
164 156
125 15
1 158
179 146
122 196
190 169
186 112
7 114
142 142
54 173
196 68
198 155
130 160
121 147
104 162
93 139
155 4
160 185
128 197
110 173
84 95
65 38
79 86
194 154
198 197
175 43
68 77
162 129
12 159
83 191
191 145
98 152
47 180
156 83
93 198
138 113
200 161
150 12
24 68
46 102
72 121
38 154
46 80
13 167
191 121
64 159
39 179
130 195
16 59
54 20
126 186
191 197
173 187
33 168
117 95
34 96
193 50
84 119
92 95
79 181
6 56
123 59
176 25
168 159
124 66
64 175
179 9
158 26
176 9
21 114
14 176
29 67
104 35
61 12
47 18
16 100
186 24
93 112
21 111
100 42
159 99
154 26
111 99
195 35
16 54
113 62
100 2
86 10
105 18
62 114
4 117
132 164
83 10
40 63
111 81
172 114
104 24
156 118
112 67
30 23
193 196
25 185
9 155
14 118
59 73
2 167
183 48
84 60
167 125
177 195
49 157
168 82
159 67
107 171
137 22
190 188
89 52
17 19
159 183
85 62
139 40
127 9
94 190
178 55
86 106
193 79
169 150
70 94
118 46
176 38
151 8
151 30
50 64
56 173
139 126
97 33
190 16
102 29
126 172
72 95
154 188
130 137
148 61
93 98
121 194
14 21
116 42
148 200
164 49
38 117
38 70
187 30
17 180
96 181
43 112
72 123
123 27
142 26
42 91
143 92
191 132
9 66
198 97
67 70
30 62
1 75
110 83
178 132
47 141
107 180
34 115
132 90
3 168
99 133
67 152
19 190
30 85
22 114
18 90
116 27
122 136
197 117
148 180
155 158
101 109
125 74
41 98
8 95
197 13
96 77
125 144
76 122
35 108
67 146
99 130
36 63
116 41
117 27
150 170
108 108
39 73
33 168
94 83
152 60
11 197
199 88
90 171
48 152
172 4
2 97
37 125
16 22
143 157
126 130
30 183
99 56
44 117
118 110
133 159
41 29
160 38
152 116
57 113
48 50
96 120
124 53
8 162
33 163
60 51
94 158
113 5
175 94
188 103
55 123
96 197
54 101
27 150
6 104
54 166
180 149
37 108
160 197
155 45
184 143
25 157
68 12
133 178
189 110
149 6
67 53
140 105
174 4
88 24
89 169
137 53
169 106
37 93
61 76
123 16
129 44
122 90
193 99
2 92
181 33
18 184
188 104
105 49
5 123
60 92
112 1
109 157
50 6
164 9
162 61
86 79
87 60
178 160
197 94
72 130
172 107
41 89
190 96
48 82
70 60
190 33
19 2
118 195
7 83
144 106
