20
240
18 11
8 19
15 6
11 4
3 8
18 20
2 1
9 8
2 15
20 12
17 1
5 9
11 19
5 20
15 1
5 4
11 11
14 7
16 1
15 15
6 3
8 18
18 11
10 8
8 5
17 14
7 4
3 12
14 9
2 1
3 16
7 13
13 8
5 14
13 7
18 16
19 3
14 10
16 9
12 14
3 14
15 12
10 14
6 11
11 10
14 20
5 16
14 14
9 13
12 19
6 12
4 5
9 17
6 1
1 15
13 7
14 4
5 7
17 8
12 6
14 13
10 17
4 6
14 20
13 16
15 16
3 16
13 9
11 12
13 15
11 3
10 17
11 5
1 20
20 20
5 14
20 7
12 1
19 16
7 11
2 7
13 18
17 18
20 1
14 11
15 2
16 13
20 13
3 11
8 8
8 14
10 12
12 4
17 4
6 7
5 14
4 2
18 7
11 17
2 19
10 19
19 7
17 11
17 3
15 10
1 12
10 15
14 17
5 17
9 10
16 10
14 11
8 8
14 13
19 10
10 7
13 10
13 6
16 8
11 12
20 19
7 3
11 11
3 1
5 8
2 2
15 20
13 13
5 6
1 2
7 3
10 13
5 11
10 17
6 20
2 2
2 12
20 12
8 8
13 12
10 15
9 19
16 4
6 1
19 10
9 9
19 20
19 2
11 18
3 4
13 4
5 15
4 12
20 12
5 4
4 7
5 13
18 3
12 9
13 15
8 9
8 11
11 17
3 8
18 4
19 9
20 3
19 14
9 14
2 12
16 17
2 14
3 1
5 7
12 4
10 3
1 12
17 10
4 20
1 19
13 18
19 13
15 7
14 11
10 19
14 12
6 4
19 12
19 6
15 15
6 2
5 7
3 7
18 5
5 13
4 5
1 12
9 15
12 19
14 12
19 19
1 15
9 10
18 11
16 9
4 6
17 13
6 11
8 11
7 16
15 3
17 14
10 10
7 18
19 1
20 13
11 1
18 16
6 3
5 8
6 7
1 14
17 19
20 17
13 20
16 6
19 17
11 7
5 2
16 18
19 19
19 9
8 12
1 12
12 19
14 3
15 1
3 5
1 16
5 14
