20
320
12 4
8 16
4 18
3 18
19 18
7 15
4 7
3 4
13 16
12 9
5 10
12 17
3 11
20 12
10 4
1 17
17 9
11 18
15 1
12 3
8 10
6 18
17 19
16 8
6 8
3 8
16 9
8 15
13 15
6 16
13 5
12 1
8 13
3 4
12 15
1 10
4 4
6 16
20 20
2 3
20 2
5 11
1 12
13 1
6 17
6 11
1 1
1 19
12 20
4 14
2 7
3 20
6 2
18 10
1 17
18 11
18 2
14 2
11 11
20 3
19 19
17 18
11 8
19 1
16 3
9 2
19 17
15 16
16 3
2 18
1 10
19 6
10 9
20 15
18 7
11 20
20 13
7 6
8 13
1 14
14 9
12 17
3 15
16 12
20 12
13 4
20 20
8 6
7 20
20 18
8 4
18 14
7 3
8 2
2 5
18 5
1 17
18 8
10 19
15 13
7 18
11 13
12 1
17 20
5 5
4 13
6 4
6 6
10 19
15 11
4 20
8 11
19 14
6 1
4 12
1 8
4 17
9 8
8 18
2 2
1 5
4 8
20 16
16 2
9 13
14 17
6 7
4 8
8 16
15 17
12 18
13 20
1 11
16 19
13 7
3 16
11 18
11 1
11 8
17 20
18 17
15 10
14 20
2 3
18 6
13 16
8 2
4 9
9 15
9 18
14 18
18 11
3 11
2 1
2 5
14 15
10 14
1 13
11 14
6 3
7 6
20 7
7 11
15 18
1 20
9 13
10 17
5 5
14 11
10 11
13 3
7 20
3 4
6 14
17 11
8 17
9 12
5 14
5 20
11 20
19 17
14 4
2 18
20 11
13 1
5 17
3 5
8 15
18 8
8 4
19 14
11 2
11 14
3 18
6 18
16 16
11 5
12 9
16 1
3 10
9 1
3 16
4 15
8 15
19 20
13 3
2 2
7 11
10 6
5 13
16 5
13 15
14 6
1 15
1 7
2 16
15 5
2 1
20 6
6 18
10 7
17 7
2 18
7 12
17 9
19 19
1 9
19 18
20 11
13 15
7 4
6 16
10 19
8 4
6 3
3 5
19 17
3 9
15 7
11 1
15 16
17 13
18 4
15 10
9 17
8 5
12 7
16 7
2 6
19 12
8 4
20 14
7 12
10 7
16 16
5 12
2 9
11 11
8 1
8 8
2 3
7 13
1 6
8 5
3 15
20 7
20 6
2 13
17 20
16 8
10 6
5 6
12 3
2 20
17 14
15 15
20 20
6 17
13 6
11 10
2 8
10 20
16 9
2 17
20 14
16 6
12 6
13 12
18 2
8 1
17 10
12 14
14 18
18 16
17 1
19 5
7 15
6 19
7 7
11 3
19 11
14 7
14 18
6 14
1 1
8 5
13 8
14 7
15 6
9 9
11 20
12 20
1 6
8 15
14 12
9 1
1 20
15 15
11 7
13 5
