20
200
12 13
18 1
10 14
1 8
18 3
18 16
10 5
15 6
18 5
5 5
4 1
7 11
19 6
7 14
14 10
7 10
16 15
2 18
10 20
3 6
8 8
19 7
7 4
12 10
7 10
14 20
9 17
20 13
8 11
4 2
10 11
15 5
20 5
13 10
1 13
2 1
11 8
14 14
8 10
12 6
13 6
4 2
1 14
8 16
3 20
3 14
19 20
11 11
11 4
17 20
13 15
8 2
19 16
12 19
17 10
11 12
3 20
6 14
13 13
10 8
2 2
16 12
11 7
12 2
7 16
2 13
3 13
9 18
19 6
4 8
3 4
4 7
1 10
3 13
11 10
12 16
16 13
10 11
13 11
7 20
15 16
13 12
7 11
2 20
17 15
18 4
5 2
16 6
1 6
10 20
7 8
18 11
3 19
5 2
5 9
20 14
16 4
11 14
16 14
20 7
16 1
8 16
16 9
15 3
8 8
15 8
4 20
15 13
9 16
17 17
2 15
6 15
1 7
1 19
15 18
15 11
12 9
2 15
16 14
11 19
2 10
6 3
1 11
10 3
8 2
18 14
19 13
1 17
4 12
16 10
6 16
1 1
17 9
2 3
14 10
1 16
8 19
13 9
19 13
17 15
18 4
20 4
2 4
17 11
8 7
1 18
5 15
12 10
18 18
17 12
3 13
1 16
16 20
4 3
1 7
1 14
12 6
17 6
4 10
19 15
5 9
9 11
10 1
3 18
1 6
5 8
13 9
7 6
1 11
2 14
14 5
16 11
1 14
10 18
3 5
14 17
4 10
1 20
16 9
4 6
1 20
3 12
8 7
18 11
14 4
8 7
8 8
17 13
17 13
3 19
13 7
11 3
2 11
11 10
13 7
9 9
1 7
3 18
3 15
14 16
