20
400
14 12
4 6
8 2
4 8
15 8
5 16
4 20
8 7
2 7
14 11
14 8
20 12
9 3
16 6
20 12
16 6
12 2
1 7
5 3
20 20
19 4
5 8
11 17
20 12
11 3
20 4
15 10
20 15
11 16
19 2
18 13
20 14
7 10
13 15
16 10
6 5
1 13
10 11
11 7
19 9
1 9
9 3
15 14
3 17
9 20
10 14
20 11
11 1
18 9
3 4
18 12
8 6
16 12
4 4
12 1
3 19
13 15
6 9
19 16
5 16
1 8
1 13
19 10
10 6
20 10
16 14
4 2
19 19
7 15
11 14
1 9
19 8
9 11
7 17
3 14
19 2
13 3
13 4
16 14
11 12
20 9
9 10
2 9
3 14
12 13
16 15
9 1
1 11
18 5
13 10
9 19
17 10
16 2
10 5
16 10
15 2
7 14
10 17
19 3
6 17
4 2
14 19
12 8
15 12
15 15
9 9
10 1
1 2
4 6
17 20
8 17
3 18
14 5
19 18
14 6
7 5
3 2
1 4
5 4
6 16
6 3
15 4
14 11
14 17
3 19
12 3
8 10
6 13
19 7
5 9
19 14
20 13
6 7
5 11
12 7
7 5
9 16
17 15
4 13
1 13
10 11
15 4
12 9
5 16
15 1
4 15
10 3
17 17
17 14
5 9
20 10
9 2
14 13
19 15
3 6
13 12
19 18
13 16
9 14
1 13
6 4
15 3
6 7
11 20
17 20
19 6
8 1
19 15
4 19
2 7
8 3
1 19
7 6
10 17
19 4
15 8
19 11
15 12
5 19
7 4
12 8
12 11
5 19
1 1
20 4
19 6
17 9
4 6
2 10
15 16
7 16
19 8
3 18
17 2
3 8
10 13
19 3
2 3
10 19
9 13
3 8
16 10
17 12
17 9
12 2
11 3
6 3
19 13
12 3
15 5
2 1
15 1
1 10
6 1
18 13
3 4
12 8
19 16
10 14
14 15
20 14
2 18
5 13
3 17
1 14
1 13
6 9
7 13
9 5
12 11
5 9
14 16
6 14
6 10
20 2
1 8
19 4
9 17
13 17
3 1
1 11
19 18
4 18
18 10
5 1
9 7
17 1
11 10
10 19
18 3
14 5
18 8
10 11
1 17
4 16
14 20
5 6
8 12
11 5
18 16
2 2
1 14
19 14
17 16
1 9
17 10
11 2
17 18
4 9
17 6
5 18
13 14
15 6
11 3
15 16
17 13
4 20
8 5
3 16
4 2
15 18
16 11
4 13
17 11
5 18
19 19
11 2
3 10
12 1
2 16
14 3
11 14
5 20
16 20
3 6
20 15
20 18
7 17
5 18
9 6
8 7
5 19
14 8
12 9
16 10
9 17
11 18
19 9
16 7
18 15
4 18
15 18
18 9
3 9
16 15
20 14
5 6
17 1
2 14
2 7
14 10
8 8
19 17
10 16
9 12
6 12
2 2
14 4
7 12
7 20
11 19
15 3
18 16
4 11
7 18
13 6
7 14
15 1
14 19
20 6
1 13
1 18
14 12
13 6
9 20
13 6
4 2
1 8
18 7
20 11
14 3
5 2
7 17
15 1
5 10
19 8
18 5
3 14
18 2
4 19
20 5
7 5
14 17
20 20
13 7
10 1
16 20
13 15
2 6
19 12
1 4
6 11
12 17
8 18
2 9
16 5
3 8
8 2
13 18
4 8
10 17
3 6
11 2
17 10
16 16
2 8
10 8
4 1
10 17
5 8
16 7
17 3
2 16
10 2
9 12
7 17
14 10
15 3
15 8
6 10
