220
968
69 4
67 34
41 100
128 28
64 59
182 28
74 203
158 38
169 141
36 215
114 61
187 81
211 15
99 12
205 84
5 151
1 217
86 59
198 167
38 60
139 179
152 140
170 13
201 213
82 4
66 150
117 78
203 84
179 20
155 166
22 90
119 173
7 114
171 204
109 220
19 57
139 51
143 105
49 32
39 35
140 26
160 48
85 147
104 126
69 146
44 80
210 145
69 203
187 100
147 115
13 143
25 101
124 117
176 98
194 14
100 77
143 202
200 103
21 204
107 144
121 63
210 198
60 167
212 116
128 168
80 87
27 70
176 48
58 88
128 165
26 118
172 171
39 105
99 188
113 79
62 68
49 123
38 138
109 30
31 181
25 95
120 23
74 24
142 26
198 177
126 149
45 10
3 69
167 171
87 127
3 49
36 199
27 158
23 169
74 206
208 72
219 201
89 62
93 181
172 16
159 205
99 151
99 142
133 121
186 156
94 178
83 29
27 114
101 81
69 138
59 168
29 144
3 14
172 138
33 200
125 112
125 205
193 84
169 29
19 5
123 106
145 13
168 33
54 116
31 218
72 218
69 111
31 171
202 95
3 128
28 24
147 185
161 83
69 54
33 23
171 134
105 59
118 174
202 156
133 69
161 72
168 25
60 16
49 123
5 168
49 63
16 207
10 171
93 89
60 102
93 120
85 103
1 168
62 173
208 168
44 205
14 59
133 196
65 166
80 17
153 169
153 61
143 192
31 162
4 8
24 125
130 54
197 50
122 116
198 85
122 140
151 14
103 66
25 25
13 2
209 12
97 216
79 89
30 80
215 217
13 190
165 134
162 70
127 85
106 151
77 67
88 111
205 15
8 167
16 166
54 152
41 211
62 39
153 204
145 33
88 146
111 77
178 16
32 150
117 181
209 185
56 160
197 44
193 54
161 179
195 46
165 150
174 109
165 118
178 194
111 125
152 165
59 35
119 106
41 47
108 115
217 90
191 175
91 186
35 39
200 144
16 116
11 105
151 100
139 81
109 102
102 171
219 155
200 93
23 19
20 184
36 5
187 200
1 76
112 156
142 121
71 34
173 165
215 163
209 134
59 167
155 82
209 161
119 167
157 55
94 16
172 90
60 150
166 46
137 200
185 65
171 45
91 42
12 14
11 84
84 4
105 9
14 62
42 203
137 102
217 152
76 160
119 195
52 83
127 59
143 18
59 41
173 201
211 108
113 45
26 56
169 79
155 154
120 79
90 179
199 201
87 54
190 215
139 36
169 191
130 89
181 81
199 100
119 144
217 44
6 151
63 6
212 75
180 121
186 43
40 134
132 124
68 188
210 210
191 146
87 99
34 156
210 85
196 53
87 50
114 140
137 145
164 174
53 32
102 87
143 64
176 107
183 141
94 37
125 70
8 115
73 189
12 137
113 164
124 179
97 192
107 7
122 119
180 1
86 137
118 27
179 210
22 148
163 176
153 143
71 17
77 197
199 60
209 100
199 128
95 219
131 150
209 201
111 113
49 72
44 82
161 25
41 81
180 12
204 15
62 161
24 108
161 81
123 181
43 116
6 206
162 38
122 95
204 108
217 97
182 164
87 217
154 133
93 167
136 196
129 127
217 160
52 211
57 154
165 123
11 160
153 48
56 171
64 211
25 146
141 43
110 91
214 42
41 26
204 75
206 92
210 196
101 99
16 161
92 164
198 112
211 156
121 178
118 212
25 214
13 133
80 6
173 70
153 106
116 74
51 27
128 174
164 200
137 71
23 127
207 220
45 1
169 94
213 21
142 77
29 66
191 141
159 90
136 4
28 87
2 13
125 189
64 110
43 34
203 163
156 46
77 202
147 6
110 146
179 58
81 3
118 179
154 103
6 139
188 59
192 109
82 42
75 61
12 169
171 210
136 50
142 137
83 60
95 182
23 191
4 35
83 173
172 57
192 132
4 212
197 67
42 205
147 102
47 123
64 104
220 144
209 55
200 62
160 15
99 116
122 212
141 107
197 139
131 106
102 185
44 39
46 125
216 179
141 152
202 21
94 126
100 73
13 73
50 96
22 117
202 207
35 116
81 157
54 129
22 129
166 213
185 208
115 50
117 104
211 122
31 159
145 13
179 92
21 71
27 18
125 137
57 1
129 140
197 106
60 90
55 189
52 115
147 52
172 65
110 212
104 57
184 67
35 19
217 175
161 112
15 59
134 201
202 40
106 156
85 59
70 132
33 171
127 178
175 70
160 45
153 128
68 171
220 35
13 114
74 33
61 197
15 67
24 71
107 181
74 118
120 118
105 73
32 156
27 189
71 13
190 27
166 140
134 191
49 189
8 51
30 8
127 104
67 73
3 65
109 57
154 56
80 185
34 176
213 29
87 2
76 7
211 90
9 113
93 182
47 75
159 110
48 186
208 146
7 17
86 101
167 83
120 175
65 22
119 219
182 170
62 2
188 20
212 41
5 12
176 93
191 181
16 128
79 180
194 26
184 167
199 97
67 155
14 162
190 87
198 219
151 189
127 17
67 168
12 219
35 147
61 10
172 1
128 42
8 153
115 165
27 210
5 27
200 40
128 33
169 53
101 14
182 24
121 210
106 80
130 86
21 206
133 131
64 193
11 186
137 173
122 117
166 134
66 132
49 89
62 157
30 118
182 156
10 196
137 148
9 60
91 55
126 119
86 53
74 73
209 177
87 4
25 99
123 4
112 130
34 34
188 139
214 188
183 78
203 188
85 207
155 4
219 11
131 193
142 212
201 149
59 49
29 209
197 177
27 79
73 30
65 25
143 44
108 11
106 62
20 160
109 188
44 128
125 84
8 148
19 64
186 215
200 67
115 1
184 200
34 14
141 139
145 191
155 164
129 143
70 194
49 173
5 70
115 211
211 189
81 185
214 101
84 50
194 159
99 26
150 180
151 208
37 174
16 70
164 29
157 168
182 30
18 204
100 181
40 44
147 153
175 122
210 80
34 17
213 63
220 172
148 133
26 118
78 151
119 14
218 199
59 7
129 173
32 219
19 156
80 85
182 137
35 92
107 42
87 99
40 210
77 70
117 18
68 173
36 94
177 129
91 112
142 165
210 40
177 132
153 67
7 92
81 42
88 75
178 127
185 180
62 7
170 98
199 161
202 123
158 115
123 14
218 37
214 216
122 72
49 139
96 30
167 59
8 197
151 147
4 34
210 212
28 121
114 86
106 124
192 38
99 203
51 196
154 174
51 86
31 199
216 91
42 123
190 114
90 66
51 218
13 2
197 32
210 94
140 10
77 97
32 15
159 124
111 78
181 202
190 219
204 34
217 41
199 33
219 20
118 63
158 26
131 200
38 219
115 29
93 216
68 62
215 178
76 148
204 174
169 204
157 18
106 4
48 18
74 143
177 138
153 70
7 28
50 101
204 50
125 193
62 26
59 153
193 30
196 24
176 217
179 211
74 126
209 71
89 96
67 33
162 42
121 32
141 182
179 117
135 106
140 146
37 54
14 53
100 123
83 191
67 88
83 191
117 144
136 15
43 33
67 68
110 184
17 178
131 213
5 172
191 198
6 10
63 133
86 177
183 147
134 44
60 38
168 66
9 201
97 147
85 152
125 106
164 165
218 49
134 185
84 220
35 220
88 26
162 18
44 16
63 106
35 138
143 40
81 34
8 7
91 37
56 187
198 44
3 60
207 1
146 71
136 50
117 29
207 6
161 181
103 156
138 12
159 163
4 125
92 53
159 134
94 122
125 188
111 192
211 177
163 161
126 166
115 137
27 143
212 184
49 76
71 107
117 98
20 146
75 164
175 189
213 164
40 61
44 69
64 14
185 57
90 80
156 68
66 7
54 126
104 148
24 174
147 50
208 24
141 113
16 160
35 25
194 7
219 149
187 125
118 99
21 33
26 140
168 35
46 56
177 49
136 79
216 28
45 151
216 29
121 27
27 216
208 78
43 49
75 38
160 183
160 105
77 195
88 198
39 128
81 126
74 6
3 38
78 77
76 16
189 20
26 57
50 114
87 175
27 99
188 40
127 87
48 159
22 80
183 51
165 162
163 217
172 7
101 121
29 74
70 160
17 191
32 219
169 88
133 187
61 104
41 127
141 19
207 183
151 105
77 125
133 4
95 130
98 147
24 85
83 103
15 148
27 176
64 188
173 199
151 120
36 100
170 23
55 149
132 188
122 22
181 36
54 211
5 162
171 56
127 66
2 120
100 219
127 132
203 140
54 166
32 87
118 127
127 20
34 147
107 29
113 68
23 212
178 103
195 19
126 207
50 60
173 72
67 112
157 68
27 217
43 177
191 125
4 213
49 132
220 4
186 129
126 60
115 189
10 5
75 79
16 147
178 211
166 87
42 210
79 94
144 53
186 38
