220
2904
127 169
214 179
170 110
198 53
56 180
94 173
150 60
170 135
8 80
104 143
197 162
56 194
205 101
79 215
188 22
58 205
40 174
157 108
68 54
185 113
41 180
52 150
172 96
152 43
50 219
12 194
105 24
209 47
176 24
113 60
122 220
83 119
129 99
119 192
185 150
42 57
146 150
196 143
109 77
183 215
109 53
129 29
65 119
87 130
17 22
127 174
100 149
166 201
132 196
91 13
146 160
211 159
198 92
172 100
79 179
29 187
168 99
130 24
152 196
151 176
64 93
105 107
101 75
146 12
20 19
11 54
25 7
133 56
169 155
102 49
47 64
47 67
88 70
111 110
62 207
157 132
2 22
163 29
206 133
54 59
186 129
96 55
213 18
42 66
148 196
110 179
172 169
214 26
68 56
142 213
140 10
20 123
5 187
171 111
167 170
119 153
7 66
54 189
89 214
150 66
201 70
15 177
32 109
174 25
137 161
182 64
93 186
125 73
213 79
186 126
184 115
213 65
199 16
25 27
5 2
9 111
100 76
170 50
46 110
68 39
170 154
53 60
97 214
187 97
107 50
3 77
182 186
197 80
206 1
14 73
93 126
108 124
92 131
12 214
30 200
216 139
204 197
98 154
191 56
149 208
99 45
89 210
214 81
204 191
202 90
155 133
148 209
148 218
111 163
136 193
206 165
92 163
166 128
118 178
165 200
167 30
48 84
10 17
69 108
196 136
127 117
47 216
84 209
104 50
183 122
109 111
211 200
23 152
174 106
195 158
31 214
109 40
73 117
148 130
64 76
99 65
168 57
170 218
185 6
123 11
125 133
119 19
144 30
139 164
191 40
41 114
15 131
205 140
1 69
3 45
77 144
40 215
153 196
158 31
116 170
13 91
220 102
109 102
181 21
192 4
100 184
164 81
190 133
70 106
65 39
197 153
157 18
147 94
128 116
72 131
100 109
44 87
91 7
137 207
110 165
144 42
29 22
195 120
80 167
110 27
112 73
160 180
40 99
192 139
146 62
33 15
175 167
150 85
112 120
162 158
206 201
210 139
6 52
88 129
103 210
91 115
134 217
86 80
3 153
194 160
210 81
98 160
83 5
194 40
12 85
162 137
127 8
9 14
177 188
72 42
130 138
25 212
124 132
79 56
3 126
142 220
120 170
78 131
78 207
25 35
150 35
48 91
213 220
51 207
106 96
217 136
172 29
214 73
205 48
145 63
126 63
38 77
63 199
142 147
71 94
31 1
200 110
17 4
202 47
31 19
70 33
132 202
7 116
67 211
146 90
66 175
54 185
87 14
176 97
22 208
192 73
118 45
54 125
151 177
186 214
204 23
26 189
220 220
118 28
6 196
197 25
24 195
109 80
111 206
172 106
126 127
92 97
73 181
47 77
114 104
86 92
84 54
90 128
154 116
133 70
203 170
24 68
8 201
8 72
128 213
94 142
167 175
106 62
29 8
176 207
176 219
114 4
192 92
184 70
2 38
13 88
130 70
154 59
38 103
135 89
10 210
138 115
75 169
41 148
104 79
183 143
190 7
151 126
159 19
41 203
49 14
90 23
203 79
190 42
40 78
26 20
135 166
63 218
75 141
88 202
171 80
156 106
24 25
57 92
59 200
40 155
32 62
180 113
39 68
38 18
191 119
96 57
72 213
88 215
55 5
4 159
192 100
105 153
37 31
209 130
151 10
80 109
88 201
206 126
181 112
37 43
79 98
207 126
77 136
60 213
32 174
109 175
205 15
184 167
145 176
189 146
180 163
105 102
2 78
35 43
175 160
141 202
216 140
82 81
91 162
179 153
9 169
11 179
214 91
107 29
140 51
26 195
80 64
54 109
103 147
180 169
130 105
126 44
33 164
92 11
195 161
70 96
48 134
71 143
12 198
60 88
58 220
97 132
81 55
187 103
87 109
56 182
211 108
107 81
206 214
52 213
94 61
201 5
162 127
196 59
45 58
190 130
204 133
102 201
158 2
119 215
150 90
48 125
67 111
100 191
53 167
133 158
76 62
133 119
165 82
167 75
67 198
147 220
125 45
148 13
158 22
213 96
202 71
87 5
213 29
124 91
61 111
61 14
136 43
151 45
192 202
146 85
147 169
11 127
33 2
191 31
110 190
120 137
139 5
172 80
146 85
29 125
82 126
158 198
98 37
48 198
36 182
105 171
129 20
152 157
137 21
118 38
66 184
188 15
122 125
164 92
184 160
163 90
12 194
42 172
115 181
162 127
178 35
95 174
80 107
186 194
52 74
37 220
79 87
178 209
27 204
18 113
146 22
36 40
47 60
123 104
143 27
161 31
31 68
62 112
78 16
56 118
73 123
180 13
7 123
34 182
76 45
77 165
90 171
116 142
215 7
22 119
154 32
216 216
127 156
151 218
42 2
126 197
137 132
44 113
180 169
86 107
197 71
43 110
39 144
154 32
180 158
8 81
91 85
86 178
160 42
205 14
211 130
34 193
177 66
111 3
145 62
214 61
24 47
53 203
167 188
48 3
10 147
79 159
220 99
65 162
159 115
216 156
131 137
169 70
128 81
66 63
146 169
58 113
198 104
20 177
150 204
18 155
185 148
56 124
19 36
175 99
94 178
92 111
212 95
207 108
56 63
62 202
19 13
29 28
95 133
180 102
88 164
119 43
215 50
192 38
200 209
66 218
24 170
33 37
127 102
122 90
174 124
139 167
86 175
52 164
201 87
187 135
41 199
63 86
140 138
55 116
143 217
176 21
214 154
3 183
6 42
68 216
29 70
203 148
215 49
124 40
205 180
197 4
139 163
9 182
127 61
181 109
55 134
44 72
152 18
104 188
186 54
125 128
50 4
27 53
200 178
188 20
153 148
142 73
113 145
161 189
153 69
40 207
131 90
179 156
96 148
25 57
27 100
17 65
178 109
147 20
24 166
165 136
92 159
64 136
112 161
186 88
9 136
113 201
106 171
123 52
149 50
87 195
42 120
77 112
142 37
199 70
177 19
4 195
36 48
20 47
212 128
142 66
22 132
35 165
140 113
139 188
139 126
143 136
137 207
102 71
137 21
220 148
127 183
59 96
43 201
42 147
27 21
66 158
49 124
127 98
49 29
199 159
31 208
58 42
211 110
49 70
29 42
87 19
192 63
50 103
135 179
54 212
152 116
173 8
217 119
158 79
131 13
12 19
213 72
156 73
96 25
215 202
176 52
31 11
37 80
4 128
195 17
25 114
67 24
73 214
98 91
113 52
185 179
49 96
56 52
153 25
34 33
85 26
202 110
196 40
67 127
158 214
121 80
112 170
117 96
4 49
164 210
203 24
62 168
60 10
68 53
131 70
79 60
45 95
129 159
45 136
214 49
183 70
40 37
127 14
136 148
201 155
84 14
106 9
88 147
113 207
54 54
88 168
87 139
63 6
82 1
154 133
90 70
210 34
92 7
76 23
114 46
192 25
67 160
46 119
137 13
89 9
195 106
54 76
209 28
62 24
205 140
71 120
130 164
21 140
145 137
154 4
59 174
152 156
146 16
4 77
207 80
137 166
7 205
56 188
73 53
96 20
146 77
34 203
83 214
4 76
210 211
56 173
77 201
183 33
59 198
171 39
179 147
143 50
121 72
144 220
64 180
220 73
91 111
23 114
28 32
217 136
16 9
219 114
68 64
26 69
139 23
102 46
156 216
15 28
37 21
29 213
150 79
197 135
92 201
142 97
142 191
90 104
99 9
95 197
161 48
203 6
175 36
146 102
193 44
138 205
75 119
153 143
204 123
181 82
60 183
99 94
137 204
161 68
143 201
2 66
6 57
183 72
89 189
31 132
67 212
41 105
185 72
216 204
50 66
17 3
215 85
17 81
203 90
203 159
154 175
125 220
208 186
125 89
79 207
181 112
161 217
170 205
85 59
18 55
15 175
49 7
24 144
87 192
117 109
92 190
103 191
46 27
32 168
41 143
136 60
13 136
29 103
219 63
75 203
21 38
76 192
35 139
152 129
120 197
120 185
119 148
26 201
210 103
76 136
129 46
144 79
44 110
217 208
175 220
205 182
25 70
141 7
32 68
198 6
120 10
129 127
65 203
53 181
105 64
177 22
24 200
219 202
83 113
142 43
17 106
16 74
18 34
158 118
164 8
69 188
127 82
126 115
32 36
57 13
130 211
22 159
60 186
99 143
30 190
90 195
206 193
211 17
26 150
85 175
42 215
128 167
132 65
34 53
33 47
217 194
2 54
63 122
44 167
27 190
136 28
117 180
175 185
69 119
152 100
104 103
22 197
140 54
16 199
150 38
110 180
120 208
72 38
9 25
27 15
19 119
205 214
12 59
17 178
157 4
166 142
136 63
90 218
16 129
53 160
78 127
46 82
56 80
151 99
48 77
151 1
220 3
88 150
119 39
170 169
31 90
80 163
111 28
85 18
10 57
120 182
145 77
8 25
129 32
145 194
49 34
118 142
120 183
102 95
63 100
175 189
6 77
108 61
163 80
94 109
29 37
117 140
167 178
212 165
138 161
183 102
108 160
217 98
13 216
116 215
199 93
27 10
10 46
5 99
213 1
181 52
183 200
33 180
94 20
174 193
118 133
209 154
100 176
25 128
177 131
104 168
55 114
164 12
8 160
89 211
92 93
201 65
185 24
151 96
86 126
16 186
42 5
180 151
182 117
15 87
121 199
77 84
87 189
112 129
176 53
125 10
193 64
202 107
45 134
163 173
67 77
112 105
208 109
6 15
77 108
185 214
131 200
183 74
48 36
19 159
165 32
129 220
163 8
34 24
163 105
7 64
9 56
148 14
74 16
89 137
24 118
36 210
165 219
207 153
175 52
6 12
180 151
182 189
6 1
53 166
73 74
83 91
28 33
110 148
71 16
55 171
113 109
88 77
106 150
59 79
146 16
70 113
115 152
202 174
108 43
49 135
57 24
105 19
154 85
77 74
95 172
76 21
202 32
14 52
23 138
90 75
189 166
183 219
212 62
206 137
217 206
94 209
138 12
97 150
175 118
57 149
46 69
188 173
155 149
169 210
56 39
96 216
96 57
130 142
11 165
171 81
130 191
56 3
191 70
41 80
29 117
10 165
33 41
134 10
131 182
164 112
134 136
201 28
15 22
200 217
3 20
54 159
13 197
47 22
219 46
181 22
85 117
103 193
119 157
205 8
136 67
138 70
33 56
176 88
53 58
84 218
77 92
74 18
189 59
91 17
70 172
73 6
152 220
198 120
147 36
47 82
31 102
200 192
183 206
146 188
39 218
91 149
52 153
17 184
25 50
204 156
35 186
121 69
33 220
206 117
68 125
133 8
117 1
176 143
159 210
58 44
101 75
27 208
156 142
76 44
19 14
77 178
143 9
189 151
74 68
116 194
95 83
165 44
173 102
185 145
91 12
217 198
195 214
184 9
112 3
158 39
4 99
122 50
68 12
61 81
3 127
190 6
95 51
185 165
68 130
53 149
164 200
105 91
177 79
198 63
81 2
177 6
36 105
147 42
1 214
170 211
15 61
130 81
18 208
160 207
108 157
206 80
156 47
138 20
81 146
10 93
105 149
47 78
169 204
187 4
42 136
155 161
171 7
5 38
134 123
180 122
186 118
112 214
167 194
12 202
40 201
130 111
64 220
28 117
90 62
5 136
54 203
111 132
50 135
149 86
76 136
70 172
26 133
64 12
206 166
66 169
16 113
52 120
172 186
21 170
140 42
169 71
179 159
23 55
104 202
64 150
51 18
171 95
24 139
158 117
197 173
40 116
9 69
32 176
108 33
79 204
121 99
166 160
194 120
78 185
63 83
152 36
74 86
29 59
184 148
100 185
120 198
142 194
33 211
106 195
202 49
147 37
77 74
48 107
193 184
109 220
211 6
207 122
107 173
27 14
185 102
16 176
209 152
121 220
59 24
202 169
159 126
189 126
82 119
120 140
91 1
192 205
206 121
69 86
120 121
121 179
207 197
107 181
15 115
73 99
200 133
154 193
213 50
190 41
164 93
141 5
107 84
8 106
89 28
113 122
186 199
110 115
97 64
207 165
90 95
132 68
20 48
44 127
12 197
174 109
196 213
84 180
199 45
43 155
65 205
166 185
172 213
163 78
93 79
187 74
218 124
114 55
99 181
135 104
99 169
58 130
71 218
121 84
140 122
101 199
210 212
67 32
186 118
180 131
60 181
188 165
48 25
166 37
132 34
34 79
35 75
51 181
86 162
132 216
177 117
40 58
137 86
133 119
89 46
142 95
9 11
49 106
44 45
158 207
3 19
97 182
186 167
98 135
55 158
113 120
164 177
148 36
74 161
219 115
5 11
64 169
105 89
189 69
202 94
64 6
65 24
71 133
159 20
157 123
132 75
184 139
114 14
146 132
209 93
179 57
28 180
80 33
205 218
137 127
205 158
33 191
173 124
132 202
168 62
159 52
202 43
44 218
151 35
53 108
9 78
60 9
176 209
212 97
91 119
118 80
31 159
141 109
147 57
135 81
24 155
104 46
77 115
53 154
177 215
129 208
150 53
163 193
97 70
220 190
25 214
98 5
12 114
197 66
192 192
142 63
96 146
180 36
201 213
200 177
47 106
178 53
93 191
209 5
3 111
21 212
208 38
180 219
81 107
215 130
204 169
96 5
32 119
19 82
113 162
107 35
150 74
61 190
141 109
95 71
74 207
170 29
53 50
83 180
215 163
105 54
166 139
33 27
172 43
14 216
136 8
128 172
126 95
220 108
82 25
196 135
153 23
182 14
10 16
137 167
17 3
116 23
175 162
32 2
139 25
174 15
104 60
16 149
87 18
122 139
213 33
193 160
21 212
24 181
68 40
28 218
41 37
145 197
89 141
193 122
66 159
9 121
21 209
135 58
69 110
77 194
94 121
91 54
154 15
30 194
30 94
197 44
61 17
98 204
100 162
201 204
197 93
17 220
128 186
190 65
160 53
17 36
37 189
211 12
187 113
109 217
131 179
151 111
199 103
70 58
57 111
43 132
84 205
107 94
77 66
21 63
50 190
77 1
16 15
89 192
162 97
28 59
61 179
196 146
92 18
24 14
172 81
174 26
41 214
27 217
37 27
114 24
137 13
117 91
53 204
215 127
14 146
119 147
131 220
98 133
180 111
21 29
164 154
20 41
36 116
132 43
150 73
94 117
24 138
173 210
131 220
94 62
143 123
72 48
78 21
101 48
20 165
102 103
202 39
12 78
89 89
152 36
192 110
64 9
164 40
75 210
83 68
156 96
200 84
3 135
204 13
162 59
107 25
214 171
187 145
77 88
197 217
218 217
169 81
154 97
182 197
135 174
109 201
178 57
126 33
48 197
199 82
207 5
64 45
135 173
124 5
92 46
177 140
15 16
130 1
208 132
134 82
215 103
91 208
177 200
58 135
198 186
43 186
123 53
53 144
124 171
114 24
103 125
200 91
68 214
24 144
161 17
67 10
178 21
20 42
204 155
87 77
8 197
219 148
130 106
149 34
175 89
34 84
44 12
119 218
87 138
144 66
214 134
78 143
189 210
19 216
126 97
22 133
27 147
194 135
166 218
218 207
132 201
190 61
124 32
183 102
111 105
79 59
78 149
156 99
161 183
93 137
62 152
99 200
14 198
20 38
194 122
43 198
110 97
120 184
86 88
62 84
95 140
177 124
216 20
208 42
53 76
194 59
88 126
104 190
98 55
127 140
26 152
213 57
98 56
147 206
36 207
87 144
204 98
20 45
16 24
21 154
4 187
179 130
45 80
195 61
212 101
84 186
141 27
202 174
118 82
110 163
49 142
178 219
95 123
44 100
62 47
192 74
103 74
45 146
29 12
43 64
101 118
36 58
171 163
83 15
185 54
12 205
62 61
137 49
198 114
62 10
78 205
208 187
157 129
143 149
179 96
7 24
185 220
70 209
185 111
90 203
153 208
138 34
70 129
210 215
108 139
161 32
32 47
198 43
126 197
4 166
45 73
27 163
59 127
136 170
156 195
96 60
194 61
130 198
133 211
70 3
180 169
27 115
112 9
36 24
141 1
210 217
118 21
161 55
79 103
164 38
108 185
123 31
173 68
122 60
204 215
72 163
74 100
168 7
56 35
149 8
38 86
164 90
174 51
11 98
153 178
71 163
39 39
166 126
72 200
205 183
99 214
201 196
112 97
38 153
29 70
14 117
103 72
130 180
77 184
179 59
217 103
207 114
42 128
45 155
209 158
4 58
95 26
62 120
160 142
155 68
189 200
101 79
73 84
100 64
27 71
127 97
1 8
151 174
85 136
182 128
14 46
160 32
28 6
88 16
213 180
56 88
102 3
101 46
165 107
212 213
62 206
196 219
128 125
12 79
141 120
215 24
178 35
53 180
161 185
130 74
144 29
215 57
191 179
30 151
219 35
28 21
70 121
113 116
66 10
62 92
19 123
108 139
158 183
119 31
141 33
187 219
88 83
167 93
76 4
208 185
92 129
156 7
130 85
2 164
96 54
5 129
39 134
199 127
141 177
41 117
119 190
13 44
201 139
185 151
126 123
141 2
150 15
68 19
191 186
95 56
181 157
192 29
209 143
23 58
136 24
125 149
159 187
76 160
4 215
20 151
30 56
161 209
42 198
62 143
150 150
178 66
4 67
133 179
191 202
106 6
211 205
106 149
18 52
153 28
88 157
95 130
29 17
209 186
57 29
105 58
6 218
215 67
132 10
128 127
154 23
107 117
151 132
42 155
173 158
128 198
125 27
110 98
142 89
117 133
121 155
130 15
179 87
184 55
44 42
2 189
207 108
206 112
217 193
85 192
84 172
170 92
176 143
65 3
139 173
129 121
65 196
174 189
97 195
151 218
123 5
6 55
110 204
156 125
212 205
153 188
22 72
93 202
192 114
181 65
10 141
76 206
157 46
202 170
44 213
192 44
41 111
120 1
138 99
143 120
42 207
204 180
7 192
187 136
60 51
99 74
141 31
123 118
96 64
34 28
29 179
79 162
89 121
105 147
149 107
18 157
35 178
9 158
91 113
39 201
42 35
139 165
25 138
213 61
7 132
46 177
18 207
148 50
217 121
47 47
44 28
40 25
184 67
127 90
195 192
211 98
199 148
196 117
97 151
59 131
47 197
85 82
5 220
57 164
132 4
210 65
136 131
219 34
123 174
196 31
124 143
13 183
21 28
172 50
157 45
177 118
15 52
18 87
96 156
147 141
77 92
75 94
190 79
55 32
151 111
18 151
131 180
1 34
91 107
111 89
14 219
188 153
94 25
77 129
202 103
157 198
66 55
154 78
5 207
94 28
84 166
149 191
208 128
126 188
106 63
167 113
158 89
142 39
192 101
105 186
101 8
75 96
162 150
4 94
19 104
53 215
49 22
200 194
97 153
82 16
196 114
19 192
56 123
85 143
140 12
97 31
83 167
102 214
8 7
141 190
36 114
188 49
23 67
81 204
122 34
26 178
175 85
37 101
182 21
58 114
87 160
83 86
15 76
80 160
125 80
129 7
176 207
51 144
200 121
63 7
90 181
125 111
29 179
178 133
4 190
147 74
182 129
43 56
200 137
201 85
64 87
167 96
182 134
35 200
29 130
109 101
63 90
62 220
112 21
45 161
130 159
57 119
177 51
84 87
120 208
49 48
147 124
57 125
150 25
195 10
103 95
3 80
49 138
118 80
102 132
44 127
56 106
187 78
55 204
143 166
180 26
161 214
2 139
206 163
186 140
205 215
164 126
95 93
84 110
94 151
132 145
52 35
5 139
102 171
83 119
52 63
23 17
140 155
140 154
186 43
63 108
195 90
73 113
124 182
205 196
84 199
63 187
154 1
85 88
99 202
109 13
217 61
72 126
69 178
159 14
40 168
146 213
28 77
120 79
169 76
89 73
48 63
43 95
200 134
76 192
27 145
116 168
189 10
41 123
123 28
180 69
177 83
111 115
7 46
95 152
117 8
143 148
102 26
21 157
11 52
219 134
205 8
43 34
68 185
109 197
24 87
111 29
182 41
83 17
130 208
187 111
22 88
144 217
122 64
18 36
118 95
61 66
45 31
81 204
21 145
135 9
146 42
125 67
34 94
211 134
206 190
92 22
4 106
89 61
163 117
25 1
168 207
121 81
70 182
145 157
12 108
84 42
216 35
183 2
118 92
160 73
33 127
38 50
105 14
67 208
16 39
87 195
185 134
172 171
134 208
26 208
67 173
64 198
160 163
74 77
93 108
105 101
39 49
22 132
26 112
41 140
40 189
67 38
194 56
36 37
152 129
144 192
33 88
131 135
156 148
140 181
22 151
16 19
198 96
166 101
151 78
71 97
11 52
166 54
140 44
220 138
215 36
179 177
86 70
172 103
150 201
97 47
104 203
109 45
108 119
51 46
187 99
176 155
67 173
215 23
75 122
94 113
180 193
84 9
214 154
109 113
186 179
32 197
163 24
133 75
206 43
136 38
187 68
127 31
90 50
133 157
126 15
215 110
180 118
196 24
50 138
211 102
147 75
172 41
28 185
26 12
112 15
220 127
9 144
39 180
68 3
126 193
135 185
77 102
87 211
175 218
149 66
135 108
24 20
128 27
127 17
159 110
190 156
92 71
217 5
21 23
68 118
184 33
52 177
25 76
28 179
135 73
55 111
53 137
73 199
72 113
100 27
148 173
142 102
121 130
39 216
92 212
205 200
148 2
88 90
175 175
15 85
47 151
171 150
147 136
141 32
79 97
13 76
138 73
97 203
76 66
169 120
16 32
30 157
7 132
4 78
145 199
21 145
52 65
113 152
179 202
187 62
31 44
194 218
205 159
41 83
44 59
194 102
194 118
160 113
16 191
25 38
68 90
199 23
90 201
210 187
31 46
130 31
51 5
131 41
28 207
13 182
94 209
71 39
107 5
219 68
91 61
136 106
220 46
199 162
160 176
190 179
34 81
198 104
41 97
182 120
214 122
58 9
139 131
21 71
213 35
133 138
103 3
85 109
169 68
218 11
79 50
51 176
75 155
83 85
137 8
10 61
158 135
3 124
53 15
191 72
56 190
207 134
54 144
1 137
141 137
28 103
80 89
184 73
75 32
115 215
136 148
138 134
187 174
139 97
43 108
61 220
38 130
17 182
146 82
26 209
137 23
83 206
209 211
216 5
45 50
179 182
16 117
118 200
60 48
216 125
15 139
133 159
128 56
187 64
183 147
54 163
114 98
171 215
204 138
131 216
70 42
173 143
95 171
40 145
100 112
200 3
153 114
45 207
176 136
193 88
41 188
81 23
68 210
6 205
4 57
166 134
157 120
95 197
214 48
172 155
41 86
102 70
57 85
59 102
157 101
55 13
129 28
21 115
26 160
47 64
37 177
86 201
15 125
140 214
155 162
206 111
29 169
45 49
186 186
52 43
66 212
205 102
75 53
15 125
217 63
184 216
27 79
82 163
137 149
22 108
40 47
102 75
160 97
204 136
71 49
55 107
175 65
72 150
186 110
145 21
171 5
56 184
164 101
72 132
156 148
104 193
126 92
29 158
138 183
9 98
191 162
140 147
43 199
69 103
205 86
193 17
141 108
54 194
7 5
124 6
87 47
10 151
156 3
87 63
105 175
220 116
89 94
100 113
121 208
133 138
29 102
15 123
181 114
58 64
180 50
169 82
163 144
184 51
91 26
104 205
25 119
72 212
43 25
66 22
19 202
60 30
17 99
90 152
109 155
200 163
118 15
37 32
149 207
170 83
19 167
4 83
4 113
105 95
171 18
83 95
135 30
110 192
203 88
204 217
188 136
140 92
50 63
24 110
217 11
136 161
117 21
178 55
185 77
45 47
128 122
123 167
94 15
12 27
159 137
62 211
58 67
135 109
107 13
107 210
77 56
131 142
151 7
30 51
168 126
127 112
28 164
9 146
156 178
105 61
114 7
141 43
214 217
28 198
132 167
42 110
194 130
53 66
110 192
5 34
4 183
198 6
213 155
160 47
149 202
32 71
157 85
90 105
143 112
147 126
28 207
176 173
80 89
59 176
32 191
174 220
73 49
135 133
97 104
26 63
192 177
120 60
206 39
131 137
125 20
1 64
143 88
191 44
117 87
159 118
25 87
142 194
104 78
90 165
106 20
116 157
148 16
26 181
96 97
149 110
132 94
27 128
214 15
170 13
60 59
97 143
171 67
110 89
81 148
117 27
133 57
105 215
190 80
112 73
126 107
70 14
204 208
113 147
52 39
13 20
165 200
150 108
205 24
20 7
161 18
187 142
41 219
75 90
182 7
218 43
31 23
179 119
215 82
144 23
138 172
166 125
179 116
123 70
93 119
28 45
97 198
134 61
60 62
137 193
62 107
1 180
66 73
56 78
127 139
30 9
101 120
173 129
57 215
41 220
195 211
207 111
191 21
149 59
163 170
128 136
169 209
61 68
135 25
53 177
152 175
50 200
186 181
46 140
215 139
54 95
49 97
147 169
2 46
103 181
60 74
200 138
186 105
213 80
153 75
85 130
29 113
27 9
7 98
79 167
97 100
78 122
97 192
57 92
210 62
138 22
108 193
32 121
161 98
56 4
23 4
123 215
15 63
128 192
143 77
164 49
37 108
20 133
95 219
190 126
142 14
126 82
96 157
199 172
110 173
27 89
186 41
181 110
92 26
200 173
112 211
99 67
199 157
48 156
108 91
102 32
102 49
162 35
202 49
97 151
194 143
117 65
57 99
161 169
131 141
207 127
202 157
90 140
33 70
115 52
68 197
200 29
13 216
158 210
114 86
129 34
134 6
113 188
100 219
53 205
179 52
171 111
28 34
56 13
144 93
180 67
205 184
26 106
104 188
65 135
91 218
123 180
6 112
14 27
3 16
111 190
29 162
177 154
26 30
61 52
202 193
184 39
173 57
152 6
170 143
44 68
84 131
116 213
151 187
173 111
78 69
171 109
132 144
157 16
103 80
55 32
113 77
79 93
107 94
31 20
113 51
183 67
66 33
23 18
215 193
92 194
48 73
187 171
40 183
12 172
164 109
133 103
76 12
109 56
198 129
96 23
124 95
44 134
136 33
69 157
72 82
121 174
176 4
159 37
207 178
210 45
119 34
213 13
