220
3388
43 84
63 209
30 21
116 162
203 161
72 174
203 9
50 67
111 2
32 49
217 91
204 61
114 11
19 67
152 122
86 89
131 108
151 93
120 24
33 108
191 193
42 147
12 216
180 166
169 30
119 57
89 113
36 123
84 128
52 190
152 11
114 148
61 51
131 196
50 109
19 73
200 129
165 4
148 113
7 153
118 166
54 116
83 39
78 9
167 146
28 29
217 157
208 200
111 67
35 199
117 65
140 22
86 71
207 27
58 68
48 166
182 28
194 77
88 72
200 128
40 88
185 105
162 198
92 118
74 56
216 186
162 39
64 150
166 171
100 78
63 84
78 203
41 16
211 99
198 196
51 189
136 141
129 152
127 212
136 203
75 205
41 83
213 90
201 56
117 114
195 96
117 28
84 131
16 103
3 95
206 214
35 139
200 59
16 196
13 123
39 205
29 32
129 63
139 105
160 91
216 220
26 60
127 189
33 123
90 164
63 178
190 129
126 218
144 30
216 94
211 196
129 219
36 94
122 139
94 33
100 107
7 150
143 151
157 127
3 32
171 113
46 80
36 190
134 158
111 119
161 129
15 189
176 161
189 5
126 213
207 133
163 171
118 122
156 205
42 18
73 206
97 51
82 147
108 45
44 219
190 151
213 13
191 104
22 107
180 160
66 156
37 29
34 181
93 186
175 186
34 30
135 93
189 74
38 113
143 66
47 71
98 143
124 206
4 32
96 4
9 22
106 13
159 162
124 190
106 197
191 37
177 133
157 86
83 7
144 172
198 190
82 207
210 68
104 186
29 83
118 92
197 169
16 20
30 71
84 102
101 40
103 6
107 45
99 117
190 107
193 61
86 157
33 209
144 64
49 65
205 213
83 204
176 218
185 187
6 131
7 140
108 39
34 212
100 140
48 105
102 186
207 87
47 4
92 96
126 134
141 54
143 172
189 214
122 136
95 147
134 199
199 52
118 78
188 86
143 184
27 7
86 138
60 96
149 130
48 199
49 141
65 15
67 214
215 212
59 109
35 130
103 109
164 25
75 144
156 197
195 151
9 108
31 176
175 71
181 109
163 106
85 157
205 124
47 10
79 220
207 101
124 183
27 89
152 11
182 133
115 84
184 185
105 55
160 135
143 33
140 98
17 119
140 207
128 104
39 134
19 30
189 26
109 151
186 85
201 43
38 103
44 178
15 136
177 128
90 155
124 59
48 109
170 89
201 112
59 186
192 182
64 165
1 54
195 155
135 79
110 14
91 24
217 130
192 201
130 44
211 181
173 171
12 121
165 125
120 81
130 23
172 14
217 55
72 179
38 61
94 152
72 96
163 46
52 55
62 44
28 163
40 77
211 207
7 60
84 187
170 136
29 137
143 116
17 121
99 35
65 123
203 164
5 199
169 114
44 211
155 53
218 109
63 10
171 143
54 12
213 207
214 129
43 59
121 46
77 192
122 145
136 108
183 219
95 91
202 53
96 65
53 11
198 214
120 215
125 133
82 117
157 93
18 93
65 169
10 26
117 106
24 122
184 205
65 113
133 103
95 57
180 72
57 154
202 106
62 85
90 155
201 46
98 112
186 172
99 91
163 64
147 24
156 179
135 66
113 178
192 127
118 84
65 116
192 74
199 79
14 189
123 66
38 137
216 211
60 16
110 163
104 20
52 75
216 109
6 120
171 173
184 13
205 51
189 118
166 8
194 124
108 177
69 194
127 211
29 19
97 147
163 37
82 96
19 35
83 200
92 126
148 20
107 99
196 5
151 116
157 5
49 3
205 129
62 26
195 29
53 37
127 37
35 3
93 196
188 61
71 208
20 74
150 24
70 156
85 151
14 86
12 73
183 3
154 151
36 43
101 85
116 111
138 212
89 41
128 19
101 132
69 82
165 149
98 116
42 69
86 182
32 40
205 151
181 6
137 200
192 203
2 161
149 65
74 93
96 129
3 146
13 214
215 128
113 211
4 18
102 134
11 154
139 174
117 74
2 42
32 51
200 119
159 34
82 47
68 193
178 120
22 39
80 53
152 120
196 38
73 119
152 128
114 76
122 138
49 70
102 20
155 184
143 67
69 131
114 150
171 18
13 24
52 129
2 165
53 172
14 143
20 204
152 190
201 25
202 112
1 129
138 183
108 179
25 105
163 65
94 163
207 150
18 55
65 75
85 123
107 37
175 34
119 154
213 26
77 146
106 24
74 157
181 39
128 10
81 171
19 149
40 146
39 2
73 153
154 50
134 191
54 107
73 13
122 73
166 155
10 149
9 180
144 130
191 220
120 169
48 96
128 186
22 85
210 123
59 122
75 170
213 21
31 103
108 192
36 50
175 162
63 51
133 132
29 146
22 86
12 176
207 46
75 136
31 166
68 109
153 111
69 201
186 220
108 209
30 77
5 38
179 59
193 100
24 31
201 214
144 72
151 132
2 190
14 2
147 216
2 109
155 13
129 86
83 155
85 130
194 131
204 162
5 179
148 164
143 16
108 147
219 163
173 178
44 159
28 48
155 15
117 152
174 103
115 203
214 144
43 153
103 154
115 68
15 23
171 186
10 97
197 192
198 84
167 6
44 179
92 124
139 46
128 119
13 206
28 150
80 144
41 112
119 10
142 126
99 31
5 157
37 54
199 65
61 3
13 126
169 129
99 67
216 56
100 124
104 211
201 98
91 168
144 117
69 9
217 80
60 37
180 60
181 68
82 56
123 112
130 49
103 108
132 205
2 84
50 100
89 135
69 152
102 107
14 98
129 220
193 30
112 94
218 61
165 74
104 183
161 10
207 40
185 46
146 91
160 87
200 171
61 77
65 33
166 40
57 48
176 64
173 107
141 134
70 105
69 53
204 27
37 14
102 64
43 206
157 8
96 115
52 119
33 16
158 84
61 218
22 52
59 53
58 181
187 85
34 192
211 208
175 74
213 182
79 7
103 219
151 80
81 178
139 85
31 191
37 151
97 160
192 173
214 140
64 211
40 69
159 85
207 102
7 53
17 125
110 145
87 164
218 188
117 92
50 17
203 127
27 86
102 8
112 141
141 100
216 50
101 191
167 99
197 139
48 109
220 3
123 96
128 172
172 34
47 213
195 4
177 51
79 198
47 51
31 66
170 3
122 165
198 169
138 151
155 108
207 109
6 106
207 169
43 218
5 162
84 24
172 218
89 174
220 102
179 161
120 96
89 122
20 162
32 76
219 161
63 219
131 166
155 179
191 136
67 140
13 128
122 59
7 13
126 79
10 173
55 67
143 76
10 26
212 185
196 30
206 147
24 142
202 20
162 155
160 14
215 1
144 104
122 70
69 160
148 177
141 187
51 130
165 71
211 168
14 158
213 38
195 58
5 60
166 130
38 101
158 212
210 129
175 176
44 31
62 115
38 170
216 64
28 177
169 150
105 213
83 218
157 77
33 173
142 73
35 61
35 147
163 75
141 179
211 112
58 98
140 79
98 107
191 19
196 192
198 129
196 150
160 159
66 53
157 158
88 64
12 212
156 220
57 103
220 25
115 120
46 208
107 174
72 85
96 84
36 177
7 192
114 27
205 9
156 174
32 166
184 39
44 139
170 129
191 116
214 91
101 136
193 74
192 27
61 189
56 101
131 41
43 136
105 67
165 206
14 25
206 75
156 63
31 59
67 87
103 118
80 208
94 61
44 7
181 66
17 167
161 199
168 136
96 213
171 145
136 119
174 120
92 175
89 103
45 220
147 217
28 93
150 82
8 51
59 15
171 156
214 149
122 176
87 153
50 181
138 54
150 27
139 30
188 119
113 117
182 15
45 4
94 20
217 211
158 164
108 10
160 135
158 69
6 211
16 74
220 47
49 214
137 29
89 108
206 203
126 160
121 150
108 70
107 154
167 134
9 96
186 171
45 219
81 58
10 168
155 152
29 218
217 44
65 32
32 79
113 158
37 92
41 14
15 220
115 181
191 133
161 220
130 62
48 18
59 48
125 96
202 31
99 199
29 137
27 42
181 139
83 64
212 148
214 91
174 206
53 116
53 35
15 106
208 142
140 67
64 41
51 45
166 208
135 178
86 176
135 23
166 95
39 116
140 156
132 187
77 111
7 89
195 36
91 111
203 193
142 78
19 129
19 112
177 128
75 24
59 88
135 123
183 182
175 125
215 30
56 183
126 214
196 195
172 186
55 93
162 107
61 71
162 114
2 215
25 9
158 80
61 149
180 120
8 15
209 4
161 71
150 34
153 111
164 20
219 64
207 160
160 204
95 8
56 109
105 174
29 7
63 179
29 119
178 175
158 3
67 91
182 29
203 27
158 216
110 139
23 132
54 136
56 15
40 20
101 184
40 183
48 69
30 135
47 40
2 86
113 36
61 116
179 151
140 205
196 55
175 162
90 193
133 56
53 90
17 61
161 205
6 81
133 36
179 187
138 121
20 180
13 195
179 107
94 172
43 170
128 134
7 89
41 50
158 5
80 208
135 170
149 183
26 119
111 103
139 210
83 51
203 132
45 159
113 99
213 134
171 172
150 215
120 48
71 197
38 29
193 90
214 120
155 32
97 133
214 54
157 136
113 116
163 111
74 101
108 78
87 193
185 155
51 87
63 97
210 23
187 66
44 31
152 72
95 2
83 207
45 120
80 156
38 52
186 195
45 78
59 95
49 125
20 188
220 169
32 64
111 140
91 102
55 56
143 169
116 156
115 8
44 96
108 83
159 147
28 93
56 174
170 70
174 156
210 179
66 139
111 16
22 208
193 1
158 195
63 213
123 17
5 188
117 26
101 175
132 175
7 43
84 99
149 154
22 103
198 159
29 79
26 65
78 18
51 51
2 191
90 195
110 147
206 163
102 109
194 209
106 25
38 25
127 71
7 130
219 183
154 66
18 19
85 194
171 89
12 216
164 66
187 23
152 139
17 33
105 210
193 194
66 5
153 111
29 31
85 188
181 28
210 18
186 125
204 96
60 204
169 197
119 133
37 146
93 16
18 163
51 181
202 42
58 168
73 182
156 193
200 16
105 211
27 70
121 141
128 176
214 40
25 122
123 60
3 156
54 103
10 31
207 124
166 190
101 62
49 70
132 175
93 200
26 200
115 207
104 49
66 186
16 209
68 42
168 6
157 117
206 154
187 94
213 46
163 118
178 131
103 177
43 11
195 109
9 146
62 191
73 10
40 204
156 20
175 49
84 131
214 127
144 149
193 99
81 199
55 199
58 57
76 94
96 213
67 204
210 32
22 124
58 157
129 218
137 29
197 123
33 160
41 13
117 184
40 6
6 171
151 195
82 186
41 30
73 200
136 5
10 70
58 177
134 208
132 133
8 102
156 121
189 111
128 137
100 160
213 4
22 201
216 32
96 75
31 13
187 188
116 137
115 84
128 137
199 219
108 198
73 7
36 45
8 100
122 75
165 132
199 135
158 31
86 17
107 25
109 152
202 128
118 91
14 82
89 18
68 68
75 116
38 131
140 194
97 166
68 163
173 158
91 145
76 197
200 82
100 177
24 179
219 22
181 167
176 90
122 3
56 70
207 49
170 57
147 176
11 107
209 102
117 194
83 32
105 149
196 195
213 28
133 198
96 24
53 191
140 63
136 210
88 8
147 183
116 25
149 102
59 212
93 21
123 45
210 194
120 136
78 220
46 140
126 93
30 119
140 172
131 168
65 40
162 66
78 141
72 108
211 14
37 126
5 77
211 174
114 56
92 95
181 11
137 184
108 180
170 148
20 181
179 16
165 59
98 70
23 63
209 141
190 122
148 35
64 17
212 10
156 162
28 207
195 58
25 37
201 125
171 59
18 142
101 49
196 106
176 185
108 108
58 164
8 144
141 41
149 99
71 143
103 190
40 61
181 85
175 116
96 179
1 187
108 166
141 114
193 34
149 60
167 86
181 93
169 171
52 107
200 95
110 167
32 17
131 139
107 106
208 151
28 13
69 100
80 185
195 1
77 188
22 134
175 181
3 104
126 164
147 38
14 7
149 101
32 209
154 119
35 92
76 210
144 142
64 161
192 147
153 49
211 156
94 96
69 141
25 9
186 81
205 123
72 152
103 185
128 61
183 32
95 24
195 32
155 178
128 188
149 41
192 197
49 100
156 104
120 20
52 181
152 70
8 90
13 138
133 54
24 24
187 91
18 22
173 77
70 18
52 75
82 22
179 199
139 160
212 151
38 6
42 160
109 184
28 156
201 104
216 37
128 138
213 134
188 139
180 25
209 134
10 113
25 83
96 74
65 131
93 204
198 84
90 125
50 109
149 71
5 118
45 143
64 36
26 128
93 213
124 7
196 92
46 14
91 161
144 118
91 22
33 48
60 142
53 157
111 6
134 37
11 2
168 186
116 113
220 25
214 194
86 95
47 136
183 110
149 146
140 14
100 52
211 25
189 210
179 138
34 85
70 191
102 77
53 214
192 11
196 33
118 41
211 73
100 34
37 30
113 63
36 102
83 108
209 39
167 119
109 28
102 116
189 177
69 179
214 179
188 216
69 207
6 50
122 123
66 28
90 104
178 96
63 116
111 187
155 61
46 93
52 118
58 56
50 52
176 145
140 176
53 71
52 104
181 146
130 90
52 108
49 9
83 121
49 173
97 138
107 99
68 28
132 215
33 20
117 156
90 168
117 54
130 32
77 127
136 70
58 132
118 150
120 109
141 103
42 86
166 49
152 118
146 36
22 202
20 203
81 10
113 154
90 172
207 69
56 29
10 131
25 60
101 78
187 171
30 164
111 220
48 150
196 193
106 128
24 1
69 205
153 71
20 163
195 69
209 48
171 199
50 83
78 37
189 30
140 177
32 163
166 95
95 77
69 40
162 210
189 215
98 1
204 23
212 123
162 68
197 154
61 145
140 129
35 141
134 216
173 139
7 11
208 164
96 168
171 216
191 188
60 204
214 15
55 200
30 214
150 56
158 190
81 116
57 38
103 210
138 192
91 52
203 179
195 203
208 53
180 100
29 169
15 183
149 83
157 71
88 77
40 124
143 131
162 85
66 36
67 44
73 220
59 121
83 178
73 156
172 135
129 52
178 88
5 107
79 136
188 218
189 90
41 39
88 124
164 55
185 55
102 155
157 12
195 20
206 213
27 202
134 39
54 16
65 21
160 28
21 18
40 32
28 128
167 210
136 136
174 70
157 106
45 23
142 14
175 51
16 98
14 117
165 8
111 200
44 54
59 105
19 183
45 47
135 165
6 165
180 184
206 90
94 184
167 12
55 89
160 91
146 81
216 209
193 220
13 214
89 150
102 95
190 68
146 52
140 35
123 208
54 87
46 124
208 166
188 185
217 108
96 41
42 96
58 112
65 158
190 187
72 75
202 69
146 42
162 198
190 60
95 214
74 49
106 141
214 78
100 166
139 44
111 198
177 77
21 15
138 124
105 189
180 207
12 81
185 45
109 173
75 162
125 174
33 54
93 185
167 41
46 210
172 7
43 139
26 210
32 103
199 200
105 37
70 29
5 51
157 218
143 82
44 27
180 212
35 194
147 172
17 60
214 73
116 56
51 155
177 133
84 189
131 143
169 75
98 133
43 124
31 166
32 213
63 63
220 52
115 152
21 115
104 5
119 104
148 156
147 66
23 129
58 153
175 135
75 40
177 139
40 16
40 197
173 39
29 125
69 27
54 9
158 21
150 209
100 82
73 6
25 208
33 137
48 147
213 35
160 213
19 97
48 152
201 19
192 29
186 56
208 84
181 127
125 133
146 200
136 123
78 12
50 35
12 184
78 5
30 108
150 10
108 79
161 203
115 19
3 46
177 134
135 208
153 173
138 33
99 190
59 155
42 92
203 198
92 7
210 174
76 188
139 44
191 99
130 39
50 84
90 116
41 69
126 161
167 63
216 86
147 37
163 148
35 61
139 160
39 182
201 40
89 127
102 69
215 29
174 59
155 200
91 111
109 189
138 22
113 110
145 129
137 201
132 35
141 75
77 174
164 85
220 158
218 96
162 69
163 212
10 140
151 188
213 5
26 74
4 62
182 216
192 157
114 35
90 21
34 79
96 120
90 21
92 33
31 140
199 205
183 49
16 106
142 211
168 182
129 163
160 209
35 126
40 68
216 193
52 68
108 77
138 206
89 212
6 83
125 122
40 79
168 143
166 69
81 111
118 25
184 31
187 140
66 79
124 153
219 81
138 217
4 156
55 167
71 10
82 160
139 134
86 192
160 126
42 129
162 11
176 127
201 101
148 188
30 64
208 2
44 1
125 165
4 133
218 59
123 139
50 4
26 204
168 207
94 147
178 21
165 208
98 115
72 141
90 142
201 181
95 10
18 168
57 49
55 65
1 201
115 20
62 94
68 180
88 148
98 175
42 55
60 44
197 208
63 211
181 126
91 4
168 84
209 172
102 160
48 210
180 60
161 33
150 77
170 76
187 185
114 90
163 175
3 126
16 16
143 31
85 157
162 35
196 155
88 19
171 62
130 197
15 179
92 120
86 59
218 148
218 150
67 3
192 20
107 177
209 93
19 40
25 190
18 40
34 167
121 62
44 18
120 4
190 61
113 95
59 106
79 87
151 174
149 149
32 28
117 55
206 71
176 62
94 65
104 179
58 59
201 108
69 38
137 163
123 154
166 151
135 63
1 9
71 81
207 25
28 107
85 59
154 109
152 62
147 176
12 4
152 21
12 203
114 135
185 205
60 105
84 197
6 173
45 209
128 210
129 100
142 118
114 39
66 158
99 109
209 75
42 129
84 214
27 102
70 95
141 62
1 25
67 213
21 127
7 183
142 112
92 173
111 185
64 185
208 23
185 41
21 77
127 64
114 173
167 169
85 85
215 129
188 139
39 22
79 119
171 65
36 4
66 44
184 91
175 32
93 7
62 109
120 116
143 214
157 8
89 20
183 27
153 178
108 213
104 213
208 145
132 48
124 83
43 92
46 62
54 193
161 58
52 148
137 131
145 179
147 148
117 155
183 163
63 60
82 185
124 215
94 176
94 128
75 4
19 48
202 201
25 144
43 177
66 207
208 117
22 199
191 3
107 127
215 200
50 150
27 60
139 11
40 113
52 73
86 167
12 6
197 206
46 85
128 77
202 61
111 141
82 125
95 84
75 93
105 37
187 43
179 65
158 28
17 139
53 67
77 32
200 75
42 3
24 12
68 104
60 62
192 183
167 72
125 127
118 153
109 209
202 87
62 151
152 165
125 179
83 120
50 151
24 130
29 27
180 43
187 5
160 67
160 57
137 199
74 176
168 205
168 140
121 23
18 193
23 44
169 134
103 148
112 147
162 39
12 148
194 156
147 106
125 151
180 54
188 9
132 213
190 77
207 87
123 6
39 114
215 199
127 179
62 56
144 125
147 52
111 9
13 162
93 67
17 171
63 150
201 57
213 195
50 216
92 164
123 196
115 166
211 202
32 66
113 175
173 127
14 204
181 218
124 16
76 174
145 195
161 211
176 212
22 64
160 178
187 68
145 142
179 187
120 56
191 178
205 69
213 199
6 69
186 44
11 130
127 215
56 20
131 214
103 145
97 83
64 182
197 159
60 172
56 30
34 120
141 175
122 28
81 140
13 33
207 34
100 170
67 79
52 204
99 180
119 25
68 89
12 166
197 183
132 78
8 155
29 7
135 56
150 167
55 79
149 186
119 70
52 46
39 199
23 111
144 173
86 122
208 166
138 54
170 80
73 167
148 164
69 130
74 185
41 182
213 83
157 214
122 34
20 19
81 134
56 36
139 172
149 144
194 50
210 4
133 164
136 47
154 132
143 198
212 87
13 142
48 43
173 29
217 15
167 123
72 67
12 153
204 84
204 144
123 58
62 86
49 204
214 100
207 94
32 181
57 49
103 135
154 207
138 37
45 209
163 185
139 181
83 160
178 214
67 9
71 63
151 35
125 20
131 17
84 5
89 73
132 109
157 118
160 183
77 73
199 4
5 62
197 87
155 215
36 106
213 29
178 172
97 62
20 33
154 123
215 94
143 81
20 115
62 177
133 125
106 124
146 153
148 152
150 179
206 151
82 62
66 26
127 73
98 123
174 20
104 219
41 44
123 188
81 146
69 183
177 53
30 76
7 184
163 96
83 134
126 7
178 106
82 96
46 24
116 23
172 185
77 139
36 190
30 12
67 138
197 52
143 52
184 16
212 64
36 9
4 89
91 81
181 194
167 93
130 61
88 24
109 115
34 215
91 54
133 14
89 115
117 118
119 21
76 73
171 141
196 32
168 189
178 137
36 128
180 13
133 96
205 98
175 7
178 22
203 94
135 77
163 192
118 77
179 168
191 64
143 72
59 28
90 78
58 92
46 58
185 142
183 119
88 93
119 90
179 168
83 23
188 160
61 117
136 146
30 2
70 121
167 204
12 212
21 41
190 180
46 117
89 23
166 33
60 109
83 2
205 144
185 101
147 145
87 109
113 110
93 104
53 64
51 39
4 212
166 40
100 202
211 159
178 9
170 107
81 125
163 204
170 13
210 65
156 79
60 193
90 106
69 34
13 169
6 126
8 135
162 29
48 189
49 132
186 122
164 61
184 3
9 205
73 161
16 186
106 131
216 153
23 84
179 144
205 199
2 155
194 190
31 107
82 93
45 102
30 72
81 105
98 181
129 201
78 155
111 68
86 136
189 159
94 60
5 116
111 148
46 105
9 147
76 192
219 71
72 128
118 154
137 139
19 164
116 84
47 24
125 215
70 9
216 171
48 197
21 67
199 123
144 190
43 8
13 151
211 109
89 121
197 156
50 157
122 168
22 166
142 69
214 44
165 107
44 78
57 114
203 148
177 110
155 54
7 98
79 204
130 175
26 196
72 168
165 85
159 60
204 132
86 208
45 201
107 39
83 187
4 172
83 29
45 95
44 177
178 26
219 19
127 4
210 203
18 98
41 189
24 73
106 26
109 91
153 33
112 107
10 125
206 127
146 73
76 113
16 86
127 167
146 10
123 128
193 220
197 152
134 162
98 71
17 72
64 198
121 22
219 13
26 101
123 69
125 136
28 97
140 216
165 104
104 163
15 40
81 193
177 38
86 156
123 71
120 56
9 187
74 110
93 219
4 117
103 75
169 17
69 132
216 195
19 160
117 43
65 200
47 97
90 154
56 181
75 205
192 7
38 215
216 94
147 32
159 172
217 99
181 213
91 73
83 191
113 2
36 156
118 23
97 106
216 98
54 51
128 76
51 183
90 3
13 75
1 63
68 176
130 185
109 25
169 96
158 19
192 215
131 33
218 5
190 107
58 64
108 27
22 120
174 24
43 140
106 51
12 202
30 50
161 183
162 123
85 87
20 104
155 158
106 129
74 161
217 32
195 153
115 173
151 28
162 82
81 2
211 192
38 123
170 104
19 44
19 26
23 216
165 152
15 40
88 137
3 34
37 119
132 105
171 17
92 78
5 114
61 176
166 64
146 107
73 27
198 67
19 112
100 207
164 56
195 113
140 53
54 84
44 126
134 146
125 13
17 203
71 27
105 210
99 70
40 195
147 50
211 99
208 211
48 164
4 156
194 53
14 118
20 166
142 200
68 62
124 16
202 138
163 67
82 127
191 73
77 48
83 10
219 138
136 157
8 58
118 79
191 37
215 93
44 67
120 144
124 21
14 123
97 22
58 86
175 178
141 72
170 181
38 186
4 115
19 31
24 199
165 50
170 78
91 169
208 92
68 98
42 173
37 140
53 3
131 98
99 128
118 114
108 158
72 80
62 212
66 113
80 159
201 80
205 83
146 162
149 127
101 14
10 68
165 124
131 159
203 158
77 217
39 56
164 220
60 206
53 166
68 90
59 172
170 89
17 158
77 218
20 34
111 121
48 14
73 197
173 103
139 206
191 28
191 123
219 150
105 167
115 145
81 206
132 127
165 6
135 90
43 54
22 180
219 168
66 152
185 210
78 21
173 5
125 39
214 146
81 106
74 213
218 74
135 214
199 199
97 159
159 123
2 114
55 170
56 210
14 66
84 108
196 116
210 17
156 185
45 214
220 209
24 161
163 64
84 141
99 161
143 120
212 164
100 129
178 46
202 69
184 106
186 145
174 82
199 54
113 5
16 124
119 104
203 53
87 72
116 127
111 169
122 143
41 147
180 212
132 86
120 176
149 159
64 66
90 33
147 183
215 12
131 124
219 12
61 174
144 216
45 181
183 192
12 93
80 59
35 166
200 187
107 34
136 199
64 168
70 60
55 200
108 89
123 20
16 64
149 119
51 142
2 87
182 197
140 9
98 85
173 102
176 118
148 211
48 6
126 180
192 42
11 69
58 216
46 39
64 210
120 50
187 212
112 216
98 12
121 153
139 35
181 40
182 205
116 165
91 61
37 156
110 29
73 130
53 183
57 197
134 130
21 51
94 41
153 75
163 113
73 98
157 116
194 58
139 30
69 126
76 77
111 74
144 187
113 205
186 119
158 133
33 11
27 101
78 198
179 80
116 168
129 184
210 178
114 172
214 154
69 35
53 191
187 192
142 31
47 188
142 189
144 41
155 88
35 99
217 149
1 216
161 1
88 68
52 104
99 39
14 218
149 169
80 38
211 80
1 94
26 92
169 125
10 12
211 36
181 20
77 146
44 58
115 189
80 74
164 99
160 168
176 143
66 196
183 106
46 18
200 37
107 51
44 86
174 194
77 59
19 189
115 68
66 22
182 3
207 120
74 145
185 3
184 116
199 103
77 110
10 49
94 181
84 55
213 87
36 182
36 188
144 122
143 127
74 156
35 66
70 4
179 173
82 202
152 110
170 183
14 30
97 185
154 83
163 162
185 58
135 162
113 49
60 211
93 185
164 128
216 214
111 106
106 82
164 23
193 159
66 42
181 47
34 111
202 136
186 7
94 58
33 148
131 219
41 54
152 95
72 107
145 53
126 20
171 218
59 126
40 107
75 19
29 183
48 174
149 168
58 171
62 67
41 14
11 175
88 66
152 9
1 94
129 182
117 22
212 84
75 208
61 140
68 81
62 57
2 51
99 8
8 103
58 47
71 176
188 76
111 148
111 14
152 110
215 155
13 76
107 182
84 203
179 172
32 12
59 104
215 47
14 162
127 89
98 147
188 112
119 131
84 117
33 175
187 50
62 164
162 131
22 210
14 169
186 194
189 211
216 213
187 50
155 16
112 178
120 179
195 162
154 110
57 98
28 50
191 207
6 124
27 152
165 28
85 78
29 178
44 32
37 143
15 93
31 173
32 24
137 203
199 73
97 99
139 70
135 169
100 174
170 107
81 125
57 48
185 182
159 61
61 52
6 153
177 65
200 71
123 21
87 29
204 79
42 11
61 164
88 215
213 20
144 2
212 130
150 111
30 199
199 129
216 171
30 119
144 70
156 44
73 21
94 144
145 159
106 66
1 73
32 3
124 174
157 126
197 103
158 213
166 88
30 106
87 135
148 57
179 204
122 100
59 44
138 172
72 100
80 130
91 124
151 18
104 195
204 176
119 25
150 85
210 19
174 57
86 148
161 171
71 139
55 130
55 149
219 204
52 25
71 14
30 102
44 35
51 167
82 184
29 124
37 211
95 92
94 189
128 56
61 105
79 155
121 158
63 10
117 66
20 56
113 182
198 115
57 126
65 123
27 192
26 170
9 167
102 204
30 184
168 153
44 154
54 139
54 53
96 17
8 101
147 189
180 94
181 49
26 98
36 2
219 184
202 217
50 123
109 48
148 57
13 19
80 44
68 110
153 29
161 145
105 194
166 86
135 180
32 140
77 14
96 36
81 159
70 156
135 48
8 76
130 214
137 47
180 220
185 188
175 214
10 219
200 119
121 30
44 13
97 202
24 147
33 108
120 166
68 123
9 120
68 52
200 200
46 109
196 29
68 179
208 107
131 134
40 96
146 116
59 180
21 210
193 122
217 62
135 78
30 81
147 91
84 77
96 111
12 110
209 202
46 164
213 133
191 39
186 115
48 48
167 5
52 202
104 219
6 44
66 106
150 62
188 74
160 74
92 145
161 212
72 121
140 209
173 197
183 86
47 122
139 26
84 66
119 137
2 39
56 153
172 172
8 87
194 102
202 87
160 122
121 14
11 141
37 38
62 112
180 194
205 21
38 3
208 130
161 83
119 159
216 123
20 40
79 145
49 136
197 186
13 95
215 106
45 3
38 16
141 8
105 52
19 79
169 7
207 99
140 220
49 91
213 120
12 84
117 145
34 44
100 204
220 172
94 170
49 90
156 187
23 154
82 76
204 24
191 178
166 89
160 151
29 83
121 198
41 154
106 87
201 147
15 38
121 136
176 15
128 65
112 151
71 108
98 100
174 95
15 151
196 124
31 23
62 219
144 166
85 52
187 60
115 75
76 45
31 214
122 82
90 174
211 140
13 74
80 14
95 86
32 66
8 171
205 12
97 168
84 178
183 167
208 61
69 56
106 70
148 18
51 49
158 5
212 45
38 29
35 150
171 140
123 200
180 47
69 75
33 181
93 138
108 90
149 68
46 195
20 30
183 194
36 119
218 60
53 202
54 40
208 129
57 169
171 32
149 204
195 164
20 183
51 163
69 131
141 113
29 143
177 52
6 104
21 58
11 120
60 55
141 94
57 36
27 188
142 103
185 150
5 20
208 17
90 211
156 5
101 159
9 167
22 138
195 189
210 20
200 200
77 103
78 110
20 67
58 54
160 164
16 215
164 192
123 27
2 15
212 180
76 219
200 63
81 209
13 82
170 130
156 82
36 178
149 84
127 157
82 126
207 83
20 25
75 168
101 51
95 180
147 99
52 154
135 166
60 5
205 16
121 91
186 170
180 162
169 161
204 21
55 143
42 51
113 217
70 52
140 139
103 129
70 166
147 199
109 14
97 15
81 152
22 1
133 111
104 88
78 84
100 177
69 207
135 203
93 112
81 56
20 15
92 42
30 207
86 138
86 6
46 192
82 82
73 91
114 84
7 146
11 23
206 149
99 125
25 23
87 64
164 94
18 216
131 99
191 149
115 114
113 9
125 61
124 63
184 2
130 207
47 127
96 53
61 17
184 3
45 59
129 43
218 213
184 54
34 92
145 184
123 132
130 160
41 12
110 43
85 81
172 136
199 30
67 58
141 34
69 39
162 33
157 84
54 183
203 106
220 44
124 205
33 182
88 122
142 158
83 175
11 130
194 216
164 165
61 100
69 160
75 13
8 16
8 7
123 120
210 190
93 92
21 6
33 134
23 26
215 142
165 164
181 165
117 139
197 56
219 55
85 191
201 158
50 194
178 53
72 115
79 29
195 197
197 177
58 69
76 137
27 57
