220
2420
91 179
156 16
4 35
4 130
178 74
147 187
105 139
210 105
211 109
11 123
52 82
101 79
101 206
35 156
178 178
13 141
43 220
7 30
69 70
140 140
115 154
161 30
64 135
131 9
190 165
96 156
55 7
164 82
62 26
123 62
1 173
56 212
142 126
111 76
204 148
148 187
126 149
116 40
96 100
195 82
42 46
75 206
15 13
121 110
61 81
10 57
168 93
132 199
153 126
109 68
62 28
148 70
43 46
210 112
39 190
106 72
68 15
216 73
179 191
97 44
136 151
179 101
211 163
149 165
207 57
220 199
102 104
192 45
56 205
93 160
213 62
9 108
4 47
152 136
160 148
84 50
31 79
94 149
179 139
31 137
120 157
150 19
118 219
174 162
137 207
55 19
65 157
101 15
15 88
100 93
58 199
162 139
180 158
204 66
196 158
206 67
102 210
125 1
115 94
217 97
29 211
7 168
50 62
174 164
91 204
125 130
89 218
7 106
121 187
117 174
71 156
10 182
71 84
182 48
165 52
136 207
48 191
100 154
89 65
118 185
139 143
97 184
200 215
194 28
82 49
211 97
61 76
104 107
109 54
35 71
138 55
183 5
30 11
144 163
66 23
150 162
190 18
139 28
216 186
95 179
70 66
44 215
169 62
206 173
212 1
101 87
46 2
100 176
188 5
29 138
183 116
1 5
155 37
174 63
64 99
38 120
129 61
108 181
208 159
30 49
67 201
94 131
180 220
30 202
63 139
27 97
32 51
16 161
159 10
6 27
131 214
109 168
183 154
42 96
83 74
86 69
217 65
156 140
119 124
47 124
220 187
62 86
167 77
113 192
135 1
43 189
4 61
1 53
138 146
119 54
13 203
91 45
206 71
28 48
88 166
58 82
68 153
142 191
144 156
9 157
12 88
205 68
133 22
38 201
38 154
93 176
187 197
74 17
123 161
84 50
105 12
5 44
70 75
81 12
130 99
59 115
154 218
211 67
189 60
119 212
186 214
76 198
114 113
156 204
149 167
183 38
48 214
111 77
69 30
80 188
97 179
3 26
140 100
103 132
215 50
101 31
66 172
204 197
6 80
89 94
169 84
112 152
112 43
99 84
106 21
201 133
27 48
67 8
99 60
189 155
198 25
40 163
14 141
213 43
104 103
53 140
9 18
104 196
44 149
21 20
119 148
58 170
179 40
117 79
70 8
127 29
105 59
195 120
203 47
75 176
157 128
155 108
211 90
31 68
189 180
207 129
71 200
93 8
98 33
62 213
170 125
171 35
158 44
49 92
70 167
155 144
120 161
141 122
6 96
196 30
9 146
115 135
21 30
218 32
54 61
102 42
129 32
94 154
49 69
143 1
115 114
168 189
185 37
90 203
88 123
10 85
62 207
205 65
182 28
156 9
70 192
218 62
101 198
155 34
20 100
78 187
171 193
193 81
92 108
51 107
15 132
76 58
76 150
167 133
211 55
79 33
85 169
186 63
106 144
89 5
48 90
59 211
85 88
73 113
86 31
208 117
55 56
30 21
68 136
218 59
126 129
106 134
183 88
102 84
59 192
15 192
209 67
196 34
112 153
184 176
65 89
103 42
162 133
19 20
215 167
45 69
126 65
205 119
151 137
5 112
172 101
91 17
65 102
141 4
121 106
198 174
8 30
65 86
8 68
105 205
148 54
150 93
36 24
145 72
207 218
155 217
168 192
43 94
94 206
2 74
218 217
162 177
132 148
6 79
220 106
134 19
37 149
195 27
156 156
54 106
115 124
165 19
114 191
121 28
88 80
186 133
43 38
179 177
125 66
81 175
113 179
82 102
99 166
205 114
69 207
174 46
212 8
57 21
126 78
117 93
28 19
192 165
72 34
170 61
54 53
217 50
62 68
108 166
108 78
139 5
197 55
101 139
138 27
69 106
56 95
34 8
184 116
169 8
177 165
36 1
5 99
106 34
47 122
116 171
207 23
183 172
200 156
31 183
24 213
85 22
103 153
185 132
162 6
189 71
1 128
171 191
192 209
106 125
26 124
117 133
83 8
143 104
214 93
2 207
80 91
63 213
194 160
77 147
174 129
165 84
182 114
83 130
163 44
194 124
196 66
55 201
165 172
73 149
186 144
23 4
180 185
127 21
55 103
170 183
215 9
93 189
74 183
195 27
152 59
34 1
119 219
117 219
174 28
144 41
150 149
14 155
110 73
65 22
181 74
97 92
93 81
137 170
23 51
171 23
204 121
203 92
220 21
220 185
128 77
51 180
130 29
6 205
49 87
191 121
107 78
99 93
201 191
109 12
70 24
14 138
16 217
57 144
164 199
175 10
184 22
37 176
51 106
165 78
29 46
197 165
211 79
100 45
34 5
55 47
116 35
138 111
171 73
116 195
200 53
153 91
113 201
197 58
1 93
141 127
49 188
211 179
85 186
192 102
195 202
214 79
124 144
208 111
183 87
106 103
25 148
69 77
37 61
26 129
105 45
47 2
121 197
141 110
75 56
16 1
109 206
168 199
130 156
62 165
139 59
91 219
211 53
1 86
49 167
7 151
26 62
30 58
12 214
109 219
54 144
83 52
210 144
56 183
199 80
125 62
137 94
103 176
48 79
146 44
47 18
185 21
150 100
77 197
133 119
91 60
181 207
49 157
68 74
96 43
123 76
204 109
55 123
27 209
108 121
93 192
99 25
130 42
169 81
144 65
10 214
191 48
200 19
40 180
185 30
20 37
169 127
13 47
160 43
70 91
173 211
133 59
88 18
20 147
42 10
123 41
107 174
66 74
101 62
11 214
118 32
136 189
16 182
1 118
80 14
36 195
98 53
11 97
101 30
192 3
218 126
193 123
12 18
195 57
17 165
64 178
112 64
37 1
38 210
132 202
70 101
51 174
97 31
220 73
32 119
30 109
152 219
68 201
44 152
194 139
191 35
195 214
24 26
171 59
79 45
109 193
194 137
168 163
115 145
72 77
140 106
146 35
101 209
75 202
126 113
14 29
187 220
99 15
22 45
81 114
1 130
31 180
90 60
176 108
156 159
72 51
9 89
153 162
65 126
61 147
195 67
105 55
35 132
190 97
214 10
129 43
203 127
174 214
24 208
161 164
158 107
38 106
23 113
111 145
89 43
163 69
185 213
60 125
8 106
2 19
173 212
209 24
175 218
48 155
67 96
129 151
219 46
23 203
145 161
77 68
180 33
139 75
177 141
118 137
15 116
75 72
14 87
216 102
74 165
172 168
70 168
117 162
88 195
6 13
58 29
196 79
9 20
200 8
118 56
5 208
186 107
203 94
16 185
167 42
4 216
90 84
3 26
219 149
219 161
165 120
175 160
135 40
99 136
213 97
31 130
47 212
44 25
178 75
45 214
166 71
37 174
198 62
188 134
15 137
61 103
125 21
7 36
191 143
15 190
96 4
128 185
20 106
144 105
73 217
174 55
162 200
10 171
27 206
186 179
14 150
168 191
44 86
142 10
50 130
164 159
118 196
215 62
165 78
35 125
48 219
79 69
105 14
56 30
128 191
111 159
95 166
55 156
164 18
174 61
144 5
88 105
161 114
39 216
65 15
63 139
58 103
132 148
172 136
17 134
190 31
67 70
70 204
8 199
125 41
204 152
92 112
208 87
113 142
211 21
156 1
195 138
99 48
204 54
149 64
36 186
85 50
49 65
183 151
198 215
74 12
17 219
88 38
4 36
68 151
89 141
60 32
76 139
147 109
38 55
138 28
134 85
111 11
33 38
212 69
3 212
20 143
177 157
118 200
16 143
130 31
173 209
81 75
96 147
132 83
168 73
161 96
4 189
16 133
118 129
41 147
139 14
94 92
89 194
142 80
75 121
64 19
29 183
96 216
182 63
5 216
50 170
61 26
34 195
132 77
218 170
195 132
125 159
150 34
159 104
184 210
108 182
212 95
162 164
122 86
168 100
17 22
194 95
35 31
82 162
187 92
14 63
168 199
71 85
130 170
70 31
106 73
143 14
20 202
114 64
165 166
93 15
122 120
159 16
49 189
209 36
170 217
218 112
31 215
148 216
110 144
143 16
219 49
110 90
40 154
25 53
65 116
155 29
129 35
197 71
191 147
154 104
39 197
78 205
122 47
168 206
54 174
33 107
99 111
52 80
195 31
35 54
36 57
2 65
122 38
2 139
103 3
193 17
167 12
81 176
15 24
213 170
204 3
22 136
70 159
18 84
178 32
159 127
151 176
215 136
120 62
35 164
183 31
202 194
171 140
156 186
98 8
213 199
8 96
66 9
129 63
219 123
64 92
214 129
156 133
144 5
60 78
18 115
33 27
42 128
125 19
2 56
122 172
135 70
133 203
62 196
178 168
119 211
216 197
179 34
149 50
28 6
184 177
29 165
25 65
112 3
42 21
91 145
45 91
22 117
85 93
40 178
138 107
112 114
183 176
52 123
156 6
33 220
215 142
163 160
59 199
157 119
215 218
49 175
163 143
91 159
87 120
214 129
35 32
153 92
119 41
177 145
19 209
135 161
65 26
7 212
163 137
57 54
148 212
97 144
67 113
210 53
14 150
147 102
127 87
24 63
56 217
179 45
171 57
136 59
175 76
177 100
87 18
197 192
211 116
109 128
194 136
83 45
151 74
193 132
58 21
130 3
193 66
156 146
28 196
57 208
171 86
132 158
2 95
214 19
199 108
188 129
58 62
214 13
125 214
88 59
46 190
199 214
207 213
32 176
16 172
62 44
201 132
200 110
201 104
117 79
106 13
170 200
4 142
108 83
123 101
184 52
180 14
4 18
125 150
174 81
41 80
86 199
21 94
46 185
19 8
83 118
154 99
150 127
209 208
66 24
148 161
121 115
146 76
165 116
183 89
57 76
205 219
110 9
61 214
107 105
14 14
204 176
219 80
165 139
175 17
181 94
56 177
89 9
192 164
33 15
165 53
118 153
68 102
137 69
104 51
2 204
107 25
165 152
201 13
12 122
10 79
16 125
33 73
167 163
20 34
177 209
181 88
32 190
198 139
116 192
81 30
17 84
211 1
168 75
164 12
179 152
198 166
176 147
21 60
2 204
209 53
50 21
107 42
90 4
214 69
97 23
47 64
66 147
149 146
158 15
48 3
37 122
159 45
44 132
82 7
124 62
101 190
189 47
44 219
175 134
211 138
191 195
35 105
42 83
217 188
92 144
160 118
188 131
104 151
136 137
60 58
45 146
135 205
108 122
156 22
21 197
43 104
183 80
22 57
185 141
61 128
155 211
100 47
183 178
218 56
17 83
18 127
148 104
96 93
185 69
186 59
198 219
116 171
210 207
184 3
149 127
19 140
9 78
89 85
38 132
167 105
177 142
183 63
102 2
48 94
50 199
93 121
110 102
58 128
80 141
159 157
44 213
113 69
62 169
208 27
104 84
71 56
102 49
204 76
59 111
201 179
3 102
214 71
144 96
90 179
133 176
78 159
2 191
4 102
156 63
69 72
19 199
87 31
48 87
170 201
87 38
153 91
64 69
185 177
163 95
107 122
196 51
26 49
53 51
17 143
166 181
4 44
121 64
101 93
81 149
118 214
140 2
201 155
214 149
66 157
8 218
103 91
12 201
220 35
93 29
75 46
60 73
123 41
136 65
219 155
122 121
136 49
154 1
143 53
113 204
201 173
217 86
69 213
220 187
37 28
75 35
146 143
115 10
166 122
127 140
201 130
211 181
30 88
76 197
189 49
10 216
204 149
26 94
206 157
97 116
57 165
103 67
218 215
58 70
106 93
150 216
54 98
123 205
159 138
200 35
187 210
147 44
7 181
70 136
216 90
28 117
61 218
76 119
35 205
144 210
176 103
63 93
169 53
212 50
100 200
124 193
106 130
170 150
185 111
210 55
217 141
45 145
29 164
180 169
89 182
219 50
52 140
5 110
110 124
212 21
16 60
12 71
190 62
120 164
24 62
51 17
10 41
149 212
128 54
122 84
77 166
179 164
37 169
56 86
115 116
171 175
125 55
190 146
115 210
67 210
215 108
180 184
37 204
40 92
165 129
109 197
190 22
102 13
159 211
219 155
207 216
144 108
191 16
96 30
54 165
208 211
144 107
21 125
52 209
96 176
159 83
74 80
175 140
144 147
25 130
105 178
186 60
205 110
195 148
37 56
96 187
110 203
88 133
94 116
125 164
165 4
172 188
125 182
206 122
3 20
179 69
111 14
49 133
96 161
97 148
198 83
4 141
87 132
33 43
142 137
48 215
173 159
50 119
29 11
4 73
144 18
50 138
196 130
25 134
21 132
209 204
76 60
150 19
47 183
115 57
85 155
134 59
89 122
83 59
189 152
144 102
151 41
83 71
212 168
103 219
130 91
85 148
145 175
23 53
70 175
97 192
189 96
217 219
56 21
203 196
190 113
209 109
153 4
169 192
12 217
200 114
190 169
195 91
156 135
41 200
88 210
170 19
82 16
55 174
92 174
97 86
51 89
93 187
87 76
184 159
47 163
110 98
212 160
3 54
170 60
47 214
76 55
118 2
79 110
18 39
56 126
140 59
75 70
156 210
115 100
173 38
160 20
204 80
163 116
212 16
196 157
75 88
213 165
220 193
113 47
163 39
61 17
56 201
77 199
211 198
80 163
54 90
148 99
122 185
109 183
169 77
108 169
21 126
48 110
125 50
27 192
117 91
24 164
79 32
163 189
142 22
59 82
176 20
85 180
7 7
170 219
14 69
205 205
95 200
176 196
183 181
178 5
136 187
195 203
82 176
75 203
38 74
16 145
97 56
185 148
105 108
91 200
56 166
165 220
32 31
157 169
67 33
70 88
21 98
26 175
164 65
109 87
109 168
177 48
42 2
174 173
171 5
171 4
117 24
164 28
22 214
162 162
16 161
7 147
202 138
109 37
124 200
171 211
71 203
114 50
154 132
173 14
8 218
130 126
84 135
128 193
168 195
122 88
83 117
117 199
115 89
26 105
96 169
22 27
186 120
92 29
68 142
78 77
126 132
162 23
181 9
102 210
103 169
174 178
110 25
197 29
132 25
81 86
102 22
95 65
207 154
145 154
57 28
21 113
212 19
193 90
71 121
169 71
111 185
141 194
19 108
60 220
162 132
121 216
52 192
60 215
26 64
24 68
132 106
196 42
14 78
15 147
46 45
138 54
196 218
175 124
41 201
193 206
6 24
182 204
183 150
201 107
191 32
35 23
26 187
138 86
121 48
148 67
16 56
31 16
75 83
59 206
156 216
37 52
30 69
111 219
202 79
89 22
117 158
160 191
43 24
78 87
53 30
99 66
29 60
203 137
37 178
178 63
179 220
210 135
209 27
33 141
68 134
96 101
49 153
2 172
65 110
156 79
129 195
128 193
25 27
125 208
17 152
83 200
9 34
110 177
182 110
160 102
10 144
209 155
46 179
193 150
2 183
75 31
27 67
205 145
191 85
155 46
46 96
85 93
189 127
77 65
179 46
132 177
209 217
155 31
163 214
46 71
125 98
207 17
78 178
216 191
212 116
58 110
41 33
91 20
179 213
92 44
130 65
162 50
58 10
145 157
169 80
208 100
212 36
58 84
124 191
170 82
112 123
174 48
189 11
216 105
164 14
42 138
97 38
94 176
114 32
168 202
43 19
132 95
41 175
142 96
125 69
34 127
162 89
113 9
172 98
46 143
105 131
218 30
97 129
10 189
205 2
24 87
130 168
217 148
58 157
181 135
125 212
189 22
4 98
104 31
156 5
76 66
90 184
166 155
55 106
61 190
219 78
3 119
38 47
191 119
111 103
198 219
22 34
53 4
52 3
46 142
78 57
201 59
72 150
183 50
102 182
192 216
116 132
146 149
145 40
34 35
82 190
95 185
196 46
163 115
180 23
49 13
96 79
184 47
134 181
29 100
7 144
167 79
117 26
63 174
119 95
142 94
120 212
213 67
3 34
183 122
62 57
88 128
8 205
181 105
166 34
159 3
132 192
104 80
194 141
110 1
125 171
58 191
81 38
73 148
111 182
92 122
81 64
16 9
169 57
114 147
103 172
189 44
13 180
141 26
121 90
65 100
109 130
111 199
17 79
6 129
196 11
118 1
68 110
29 107
110 103
9 215
32 176
116 190
22 86
216 48
219 106
31 51
136 155
69 64
23 8
200 161
154 172
131 22
185 6
192 203
29 17
7 90
50 26
33 145
122 144
186 185
50 97
46 121
83 1
18 99
79 38
147 126
30 4
158 96
143 90
152 184
29 217
101 18
200 68
214 178
146 85
165 11
63 163
175 124
17 35
54 113
80 189
126 203
34 204
43 92
217 113
162 67
110 122
104 81
43 120
22 178
59 124
179 4
92 212
47 213
92 122
196 62
50 39
129 141
44 111
187 99
3 45
176 16
26 183
96 202
116 168
83 36
100 20
88 203
114 88
101 142
39 143
216 6
41 218
20 44
86 165
144 54
160 188
63 196
216 144
128 131
42 182
60 216
172 140
176 191
100 214
97 206
42 118
218 151
169 28
31 214
80 52
28 120
175 210
61 163
54 140
98 67
11 61
88 80
21 23
162 154
87 76
97 193
184 124
194 53
203 172
45 130
201 141
68 217
120 149
203 108
39 11
22 40
124 43
191 177
95 16
97 203
107 215
179 70
201 167
100 120
182 23
211 51
110 48
214 69
69 98
154 83
190 159
2 119
74 7
182 86
103 154
90 163
198 26
32 111
35 115
204 148
148 26
123 70
49 51
153 141
5 176
192 140
211 135
24 185
157 205
11 199
77 133
171 35
105 23
104 46
205 20
202 22
70 86
217 192
90 106
205 75
4 87
186 54
60 90
181 3
100 43
187 114
12 114
187 101
160 21
111 4
187 75
128 178
21 114
53 26
60 34
171 88
185 128
70 64
66 75
108 104
132 36
130 134
48 205
178 53
203 177
13 165
205 135
44 69
45 171
196 5
152 24
33 193
95 20
120 169
33 113
18 14
94 54
200 15
66 28
213 212
65 75
101 54
188 87
106 55
125 63
33 100
17 172
154 73
176 187
69 28
196 103
72 197
56 196
195 10
118 173
26 82
173 57
153 165
201 73
20 36
26 50
193 68
192 8
214 110
54 215
10 155
97 150
147 134
126 180
48 186
100 217
192 134
110 121
23 113
77 55
66 73
49 220
175 131
3 9
98 160
60 86
60 57
159 65
59 149
203 132
126 167
196 74
200 86
185 136
144 33
59 154
115 87
145 17
218 43
29 54
18 202
53 76
51 39
43 149
67 145
139 108
124 209
6 170
36 143
211 113
81 64
97 176
220 208
77 213
177 165
17 191
174 65
62 52
192 80
105 12
58 107
215 57
91 87
76 146
183 58
113 183
24 28
126 10
121 25
104 177
215 145
93 52
111 18
59 189
118 129
178 22
169 36
80 30
144 10
218 30
127 25
138 218
184 164
91 89
128 201
31 50
54 144
165 176
27 158
41 34
6 16
217 19
123 168
33 162
115 109
191 175
96 48
126 177
118 122
150 149
184 161
40 27
63 95
175 106
14 108
84 130
70 179
14 142
197 195
2 174
22 219
61 27
45 36
75 134
153 207
77 78
175 15
18 220
183 79
143 179
139 131
114 206
87 204
202 82
67 181
197 135
204 102
217 189
198 81
133 149
122 106
136 169
22 174
140 220
131 123
126 151
204 197
186 22
88 26
96 136
106 170
110 114
112 220
49 105
108 5
149 199
85 67
181 138
61 13
61 159
177 102
65 70
158 65
141 101
81 74
140 31
209 86
144 192
131 100
184 16
160 44
42 145
200 101
47 151
146 56
79 132
116 157
167 204
70 190
93 4
89 139
69 179
12 88
52 143
79 209
94 192
37 179
116 216
35 138
46 39
211 213
73 46
208 15
193 83
142 216
212 86
199 158
146 64
76 198
77 91
189 10
59 27
76 6
197 199
96 108
97 31
201 170
65 212
210 143
25 29
167 183
211 180
111 100
11 160
173 2
184 111
32 62
119 89
51 162
186 104
198 65
155 170
9 121
67 138
75 211
29 1
181 93
96 51
181 71
81 14
201 118
170 83
23 187
37 61
94 136
93 164
122 181
83 207
199 178
166 30
100 157
133 147
110 136
159 178
119 84
14 63
80 21
118 54
215 22
77 148
170 10
34 214
135 152
4 56
19 10
8 22
101 141
62 5
24 137
36 129
14 86
105 208
215 47
35 202
112 137
132 89
7 70
21 31
57 110
202 199
145 179
66 207
112 123
59 209
151 96
26 87
178 65
217 157
125 217
27 98
96 106
14 43
100 97
22 122
44 192
57 20
117 192
86 210
101 215
208 34
94 205
152 179
153 212
32 116
142 62
192 147
162 114
159 216
72 18
59 79
190 135
99 151
2 63
155 91
137 59
139 11
66 30
2 128
37 179
15 22
68 40
4 21
45 210
153 15
34 6
172 204
42 208
165 126
131 13
217 197
156 160
174 120
164 29
192 137
67 72
200 92
59 186
1 160
37 212
20 127
25 193
93 203
146 184
155 7
97 102
2 77
157 34
19 67
10 212
61 122
72 158
112 183
205 190
183 90
83 86
217 115
105 195
180 67
116 211
130 89
56 69
195 150
64 185
4 172
92 115
168 178
135 176
12 23
144 6
181 3
89 80
15 58
53 208
77 119
179 131
194 71
65 60
140 165
149 69
37 127
190 52
98 177
110 10
176 82
152 23
177 42
206 211
82 181
129 196
15 46
202 100
146 181
8 78
174 31
106 192
145 48
10 219
201 21
130 15
140 37
159 76
146 1
1 127
74 70
117 119
202 25
106 179
140 178
33 20
40 153
171 157
43 212
200 20
45 195
123 205
107 174
204 103
97 165
142 21
77 169
148 124
141 28
141 168
189 77
4 182
21 201
195 200
3 160
116 103
154 154
115 127
86 34
