220
3872
9 10
64 124
216 65
138 21
22 116
148 88
35 170
186 56
49 170
185 52
149 127
62 29
67 197
131 106
54 142
89 170
91 162
126 174
65 19
166 60
21 33
159 88
71 46
60 123
165 60
69 84
114 23
81 100
9 22
5 216
101 72
83 13
201 188
2 15
182 143
119 20
113 145
158 130
32 137
178 116
35 184
39 53
189 138
145 58
99 29
117 196
22 54
203 219
128 18
82 43
185 15
36 153
161 114
3 117
3 6
90 195
42 141
73 31
87 10
104 159
85 61
22 114
111 35
10 26
27 119
31 153
81 200
141 189
200 211
58 9
34 194
159 141
162 179
13 72
151 177
36 114
176 127
143 212
146 10
80 169
94 145
125 42
132 151
142 180
185 200
49 217
7 128
103 64
40 145
172 6
73 31
194 68
188 139
88 119
122 81
29 150
60 130
20 107
186 10
200 10
6 17
118 75
99 7
211 31
177 190
66 182
99 88
216 136
95 6
28 93
87 204
45 198
143 131
172 34
186 3
27 69
53 173
85 217
6 175
14 27
205 80
161 13
197 121
43 3
171 202
12 129
132 14
81 16
176 140
63 155
180 56
9 96
49 157
38 15
98 33
118 200
165 116
10 56
76 118
135 17
162 29
37 98
92 42
98 89
218 89
63 189
112 183
205 198
107 49
169 70
169 3
60 173
151 105
72 99
83 106
125 118
95 197
118 45
186 165
108 34
56 195
98 53
146 126
55 83
32 195
74 193
95 140
189 64
55 215
29 172
191 161
149 190
111 165
42 178
179 66
174 32
114 30
181 67
22 94
22 120
58 185
203 11
4 208
144 185
204 203
127 53
152 75
17 155
38 100
167 204
55 139
28 207
26 14
53 131
201 157
211 110
148 211
4 110
33 208
202 141
95 30
120 15
77 206
196 18
178 104
157 97
66 140
19 8
50 195
188 53
57 154
58 153
191 176
72 25
162 111
102 53
124 137
154 116
37 49
197 1
196 196
3 23
60 201
18 75
181 79
219 124
98 6
23 9
46 149
68 194
40 13
158 167
179 28
24 96
124 220
105 47
217 150
79 144
130 146
182 97
76 68
123 184
111 90
58 205
151 76
13 41
175 87
140 71
209 97
96 150
40 11
8 48
199 141
43 144
159 195
12 175
136 78
135 100
99 187
166 82
49 124
167 45
111 179
201 109
125 34
126 143
108 105
39 131
17 196
86 5
171 30
99 2
215 24
93 165
198 34
36 27
119 94
42 48
188 70
210 81
6 21
197 165
207 203
41 102
112 67
81 29
51 91
30 68
204 23
61 190
187 164
211 30
35 168
163 216
134 10
48 25
65 37
199 21
61 76
5 138
49 202
72 6
129 217
198 104
96 150
19 144
63 17
11 77
174 185
220 77
44 179
45 199
84 60
80 52
56 182
43 113
62 188
104 210
27 108
146 99
105 200
121 79
6 67
150 54
136 92
131 147
182 111
29 5
180 183
192 160
26 82
181 111
34 65
183 65
178 7
101 96
16 32
3 183
147 136
18 32
121 82
76 161
85 134
61 102
120 198
170 7
88 2
217 191
42 170
59 154
38 2
139 10
209 50
53 113
164 87
122 24
30 68
65 134
141 167
23 117
122 210
149 168
153 51
95 104
33 105
56 21
162 54
208 130
140 121
12 81
150 146
206 191
159 82
17 70
122 177
103 146
8 142
120 194
175 198
149 118
65 162
37 144
10 175
198 29
60 22
28 136
159 129
112 72
131 88
185 65
174 101
66 25
215 4
176 66
32 162
147 211
62 77
56 52
5 182
66 76
190 129
74 56
77 165
132 111
62 209
152 123
104 112
193 38
64 135
1 157
45 89
218 16
11 69
187 50
31 214
210 35
156 176
213 68
28 207
135 207
1 72
78 38
3 137
153 18
4 133
183 51
173 16
86 207
64 52
199 159
3 135
153 216
16 101
79 43
195 163
106 196
196 149
49 26
124 56
61 50
9 132
88 129
74 66
46 202
72 194
71 157
201 188
214 162
207 155
4 177
168 77
50 62
125 79
1 177
220 81
89 16
205 28
120 110
12 95
165 19
45 153
206 198
31 157
65 34
40 188
46 170
198 103
163 41
206 142
17 31
123 49
2 140
123 130
82 9
214 68
145 27
159 122
57 109
66 102
1 121
171 185
119 65
157 119
137 119
206 9
31 50
155 208
190 25
184 194
101 74
40 213
167 51
57 131
8 117
98 31
64 95
178 57
140 122
111 33
16 100
105 136
20 130
176 128
177 131
186 213
205 173
169 195
51 76
167 205
104 160
208 105
123 185
55 199
39 65
136 166
133 62
56 81
204 98
66 116
191 52
131 126
156 110
114 21
201 169
209 104
120 186
84 103
57 106
84 133
154 55
64 207
57 7
139 150
157 155
58 133
24 215
55 83
105 15
186 108
62 153
188 99
86 134
12 111
169 111
99 34
151 160
86 174
212 155
147 141
199 192
147 125
215 137
157 165
5 185
35 207
130 80
193 6
197 46
175 127
208 188
65 213
213 3
167 186
208 189
92 126
99 16
80 135
187 97
7 78
188 144
6 137
20 3
43 107
187 116
111 60
147 194
107 60
34 188
191 25
178 48
168 98
108 197
15 160
5 51
2 100
35 123
59 29
143 74
60 89
13 30
138 199
87 147
2 166
55 6
192 134
166 125
5 44
106 118
20 144
125 68
115 68
88 24
140 66
64 88
140 133
1 142
11 70
66 193
80 96
88 167
84 49
24 205
130 107
178 3
190 175
7 104
208 16
111 176
131 155
107 37
188 73
36 70
71 146
156 153
26 2
2 25
4 76
203 50
8 143
127 109
114 161
49 177
169 35
70 18
63 70
166 4
20 166
7 12
16 182
90 148
182 26
210 162
219 162
78 51
44 39
184 86
70 118
220 44
48 115
179 133
130 68
23 168
38 193
141 103
5 57
35 33
50 198
89 108
111 38
19 136
32 19
96 197
193 113
195 125
48 31
106 186
179 43
61 173
143 186
198 128
70 170
150 202
158 65
182 210
141 110
148 15
23 135
91 206
73 189
162 109
69 147
33 193
56 19
184 210
210 104
14 30
13 203
173 100
18 104
31 6
204 143
38 122
71 136
90 38
198 96
157 140
57 128
68 85
120 124
114 70
152 111
203 18
6 129
58 71
183 118
207 33
63 214
93 21
99 152
44 1
28 165
102 59
8 99
126 30
184 8
167 85
28 198
70 158
98 186
42 83
72 63
76 137
202 22
203 212
135 9
145 217
51 150
6 76
64 206
108 175
32 4
220 58
199 171
185 147
90 211
207 130
120 165
9 129
41 104
50 202
43 173
198 9
120 23
217 9
93 186
38 4
203 8
48 29
199 131
54 24
22 17
127 74
200 74
53 129
47 9
216 68
170 214
155 136
100 3
160 112
141 168
155 208
54 109
146 220
48 28
123 28
199 43
65 129
159 139
216 172
106 72
197 198
23 56
110 49
122 149
190 131
6 127
205 94
158 10
5 94
43 3
11 165
146 205
120 122
42 54
111 145
189 216
32 144
123 99
123 187
25 74
184 209
71 89
129 104
95 212
117 90
75 65
202 199
153 71
79 152
34 153
49 26
150 38
214 27
44 89
216 216
178 26
49 30
168 83
165 208
153 197
186 22
54 44
115 165
73 27
133 90
102 126
185 37
85 122
186 153
142 70
191 34
185 138
138 148
77 120
104 81
214 216
83 203
88 144
125 6
164 218
194 12
206 134
58 164
105 62
64 140
128 137
206 78
160 91
48 104
75 181
175 200
210 108
4 162
152 141
153 6
124 38
206 44
186 35
87 197
111 139
197 62
112 25
24 4
1 21
91 180
130 16
161 40
51 90
113 145
60 70
136 151
65 78
166 2
52 211
206 16
113 8
69 106
133 19
207 78
97 219
179 35
42 201
199 8
192 35
39 36
133 216
184 30
18 72
204 18
121 23
7 20
15 156
64 208
102 13
125 76
52 111
3 113
41 199
202 216
164 41
48 164
171 102
151 15
112 106
204 43
9 155
90 21
168 63
156 217
203 150
57 150
28 148
39 202
128 168
190 62
94 216
156 52
218 115
12 90
54 77
105 21
19 156
195 13
115 193
77 9
9 197
44 77
114 117
175 70
191 197
28 9
53 145
123 54
124 23
167 88
195 73
47 132
4 182
112 160
86 100
176 24
190 139
147 208
169 201
40 46
185 14
53 113
141 54
63 4
197 138
29 158
69 103
49 199
85 51
20 190
57 19
108 182
122 86
129 180
57 213
27 81
29 165
70 102
194 43
14 128
66 190
52 31
166 195
104 171
201 56
26 61
150 197
146 35
117 103
219 211
118 87
91 14
122 123
67 13
86 130
31 151
32 117
135 13
146 45
193 120
153 72
216 49
88 184
3 25
2 133
102 6
41 107
105 79
81 31
48 179
111 30
55 122
211 148
216 23
39 18
26 15
110 51
132 40
95 183
19 120
82 130
115 120
20 99
105 196
96 144
35 75
177 34
175 79
67 5
141 10
29 214
25 85
46 174
187 92
120 138
144 153
161 173
213 209
103 158
109 142
4 101
162 170
188 132
64 132
39 117
84 220
40 126
20 109
51 138
2 137
130 36
170 218
158 199
53 125
118 155
201 62
211 142
205 64
75 185
12 46
70 198
36 191
40 119
101 192
174 15
136 21
140 135
109 89
40 56
2 121
89 74
19 185
141 56
215 208
190 124
155 217
184 122
58 130
87 155
25 34
13 214
30 163
77 68
33 38
201 57
179 14
53 41
208 33
125 76
104 95
160 10
197 196
50 133
132 74
190 55
116 152
68 70
69 148
102 206
113 58
10 112
64 53
134 177
41 172
98 33
8 6
134 54
119 133
30 111
217 80
45 83
118 171
152 144
73 206
123 179
144 169
20 177
119 216
19 104
51 47
123 24
197 100
13 94
108 188
207 203
100 104
27 14
10 214
145 99
194 176
79 59
97 82
53 79
151 118
133 74
10 152
166 108
139 99
173 156
145 195
200 111
83 197
65 44
76 22
205 38
1 142
130 46
194 58
110 67
164 22
137 216
51 219
203 36
166 159
75 165
177 90
98 153
120 11
63 96
42 82
151 186
3 156
157 62
81 17
108 73
98 48
8 220
8 41
140 143
30 46
39 7
27 94
61 182
82 175
219 148
97 73
113 141
40 199
186 50
108 194
205 154
207 25
9 19
60 119
72 154
218 199
138 146
182 71
150 10
177 109
2 220
2 65
46 200
32 160
131 154
93 136
151 214
89 100
25 3
120 110
134 112
48 27
163 12
178 169
22 4
176 100
104 184
126 78
10 98
195 14
189 80
76 203
106 163
189 184
95 128
51 124
144 67
25 174
120 102
182 202
180 20
72 187
120 210
186 63
164 142
109 190
49 16
38 115
205 91
177 46
67 217
6 7
166 25
12 157
175 115
117 58
116 86
6 65
77 138
1 196
37 186
123 164
112 104
90 203
133 87
173 116
57 57
35 26
97 114
197 149
100 149
49 41
197 131
53 16
81 41
171 101
184 194
162 5
39 99
15 114
121 14
106 74
113 53
117 61
62 38
135 142
118 46
219 114
188 32
186 1
192 193
146 94
3 101
45 123
207 71
68 206
15 61
166 219
59 49
103 105
84 120
38 167
7 214
205 40
48 128
212 100
88 49
98 206
130 213
170 56
47 109
128 74
67 9
151 200
83 177
32 70
136 12
23 149
133 105
63 131
66 148
188 189
29 134
8 63
55 18
132 136
134 4
88 45
208 198
167 210
114 204
199 188
156 2
14 64
6 138
171 28
139 212
25 195
180 45
12 196
111 194
26 177
73 147
18 107
9 91
51 172
52 133
12 71
5 94
158 130
172 134
60 38
83 97
112 148
68 74
41 52
84 64
191 18
74 174
7 141
115 47
81 139
198 105
161 22
83 135
134 65
157 179
131 137
85 137
81 176
134 162
194 195
107 134
220 119
218 72
29 171
196 148
166 219
63 124
156 115
61 112
64 128
204 142
39 49
134 55
110 211
209 159
142 13
44 85
26 164
119 127
142 2
75 209
190 102
41 128
83 130
208 106
192 127
219 76
169 11
130 40
111 80
69 108
13 33
154 128
150 22
6 188
99 29
128 103
180 72
171 205
114 168
163 116
155 214
81 6
153 185
58 154
206 79
41 204
86 61
142 145
172 55
214 175
213 68
120 125
121 172
133 176
55 66
120 174
158 2
130 31
107 25
165 211
46 48
102 202
199 89
78 87
65 42
50 210
89 11
64 74
116 36
10 34
26 30
127 183
204 125
47 86
117 95
86 215
134 173
151 204
18 135
163 49
113 29
10 176
3 155
89 56
72 156
26 149
152 4
18 139
91 197
80 187
87 54
195 32
117 194
5 78
154 213
47 202
170 64
40 49
199 136
196 113
75 191
181 149
214 23
7 175
5 84
126 9
153 164
144 48
123 206
178 171
177 40
24 204
3 38
136 139
181 137
45 112
62 38
99 145
9 146
187 60
41 203
103 183
45 48
27 171
177 49
204 176
59 95
39 14
66 1
52 142
215 79
185 54
109 143
201 95
3 188
205 208
144 5
172 53
160 44
214 75
75 140
220 115
209 171
106 39
214 170
138 36
24 192
202 133
174 11
35 41
105 134
169 132
6 106
195 41
150 9
220 147
91 51
136 194
67 172
143 155
10 101
197 21
184 194
33 133
216 35
45 173
61 181
172 40
25 219
210 54
157 150
49 87
90 190
105 134
44 183
19 18
116 204
72 16
201 20
69 42
157 80
209 209
207 75
48 27
94 17
37 171
180 187
14 53
26 98
187 70
55 29
96 203
158 8
36 83
151 85
81 125
173 196
57 1
103 123
21 108
24 27
71 75
163 150
85 28
37 145
108 164
194 110
15 140
151 153
88 15
111 69
188 173
178 156
87 72
20 42
164 176
199 21
216 110
87 86
137 13
53 94
79 69
91 162
140 6
48 155
209 102
166 174
89 149
68 51
73 95
173 99
168 9
137 183
201 99
182 20
23 11
131 143
95 220
112 80
200 29
148 155
40 100
100 150
159 44
171 171
58 188
35 180
64 45
6 13
46 171
156 185
164 219
3 176
15 204
191 8
75 111
6 112
39 92
20 126
211 167
207 152
35 120
78 161
39 130
67 138
205 8
202 178
197 44
30 24
136 98
21 151
29 4
79 186
129 167
197 159
163 148
82 108
151 113
116 141
71 219
53 178
121 34
210 199
52 1
159 107
82 147
74 33
54 5
70 216
171 216
31 106
111 195
187 75
76 54
216 107
171 18
191 155
9 81
152 13
184 94
185 88
200 35
186 37
119 206
215 111
80 78
147 138
213 112
123 26
58 181
2 184
85 147
78 173
126 165
201 1
58 22
176 212
97 187
88 173
8 24
41 185
81 176
56 185
128 205
99 23
86 202
33 209
44 150
82 22
186 175
189 13
151 5
18 98
141 184
106 160
43 217
67 205
167 156
21 48
135 110
45 86
75 144
199 146
50 194
167 139
196 197
157 106
83 51
195 192
20 12
83 112
49 212
137 100
34 153
36 145
40 112
103 9
179 214
202 70
166 19
136 203
114 69
141 181
159 74
147 186
97 210
166 141
31 219
18 98
210 50
112 13
172 56
189 115
23 35
210 173
181 38
22 207
101 70
198 31
153 170
120 202
181 188
184 57
198 9
190 158
69 105
49 90
122 59
217 57
187 161
204 97
169 19
159 207
126 131
197 64
215 46
99 198
75 153
107 24
219 92
12 160
145 110
96 129
28 201
168 64
91 6
32 167
119 111
162 116
58 52
159 173
80 73
192 123
27 20
101 118
81 47
107 17
198 133
61 56
58 27
190 63
173 68
71 149
53 168
133 197
76 48
91 194
179 25
100 20
109 73
99 193
145 74
144 12
205 130
106 199
139 140
68 46
214 186
152 156
126 141
59 187
139 182
110 209
110 24
176 175
58 140
182 53
169 138
47 128
57 92
50 150
69 172
48 119
136 160
34 115
78 23
153 61
181 197
170 68
192 4
202 80
117 40
214 114
71 210
204 64
1 28
90 81
107 199
40 199
117 75
106 9
56 85
164 70
103 155
85 65
174 148
66 118
68 218
125 78
20 145
213 31
97 15
23 114
25 199
1 157
43 40
181 168
148 5
73 89
130 162
141 111
81 201
118 59
199 204
50 115
140 130
38 193
89 66
159 145
216 189
32 86
103 61
48 18
61 81
67 189
142 96
87 10
44 211
112 191
66 175
187 212
82 201
46 146
47 166
144 106
80 144
210 59
147 135
86 37
169 149
107 151
67 207
194 73
212 103
212 79
135 129
22 198
150 146
44 81
1 170
46 203
80 212
118 135
19 174
81 214
119 91
96 121
89 14
213 112
127 195
4 171
76 94
67 195
198 47
217 212
163 5
133 28
182 58
114 125
28 146
113 34
53 157
203 101
134 36
41 46
100 62
24 172
165 12
84 5
132 100
160 193
198 138
4 206
2 197
160 11
170 145
165 219
196 117
179 13
56 212
80 130
135 162
105 196
161 24
1 186
3 203
185 209
214 99
100 116
4 198
32 65
11 28
196 30
77 64
129 148
32 41
208 142
60 150
110 3
112 6
50 143
42 143
144 173
66 49
84 137
110 215
32 117
190 206
181 70
127 159
207 5
12 117
148 30
64 44
37 211
83 214
214 83
157 49
102 35
92 26
203 184
201 112
93 164
75 8
170 17
202 73
7 76
85 161
99 85
75 189
156 218
115 21
136 165
170 185
62 194
71 71
43 160
41 206
33 145
47 32
96 133
71 107
5 123
81 26
161 162
84 212
147 42
46 97
88 84
195 175
192 84
123 4
65 60
167 36
129 204
82 159
121 184
121 58
116 13
194 24
25 97
140 132
21 150
165 201
193 194
38 111
126 109
155 201
155 118
180 139
127 170
110 16
193 75
98 81
176 184
129 207
138 153
169 22
69 27
65 42
120 143
141 20
184 187
205 75
160 30
43 42
88 155
215 206
124 200
44 217
68 78
160 78
109 66
52 185
127 202
165 193
140 88
204 79
71 41
155 69
143 84
195 39
124 134
131 168
68 147
154 1
82 25
9 219
150 40
61 1
155 91
16 134
88 3
83 88
44 132
50 138
90 148
140 9
195 207
7 31
176 52
92 107
180 87
108 216
49 62
62 11
34 142
51 68
18 42
212 212
166 202
78 108
46 182
126 105
86 97
112 205
106 126
161 116
120 110
88 190
100 216
2 71
46 108
166 105
146 53
37 33
53 113
173 212
43 206
180 194
12 37
34 17
113 211
184 87
116 135
12 17
59 27
41 20
92 185
87 210
111 163
36 98
82 81
17 125
102 86
16 75
129 105
61 62
27 28
28 44
85 58
97 193
109 216
171 113
102 134
193 50
85 14
131 135
207 198
183 186
166 80
63 220
74 213
184 35
132 2
109 33
210 66
177 89
132 76
15 11
190 197
194 162
63 57
117 2
38 187
76 163
134 70
193 18
143 76
33 28
33 5
141 186
135 81
108 169
59 126
25 96
176 12
144 153
53 26
18 4
152 198
64 113
38 161
109 143
53 132
166 55
27 212
167 76
78 141
111 45
61 116
140 10
39 140
181 102
124 219
92 114
206 163
107 68
96 86
111 123
101 135
147 126
12 211
150 164
84 183
62 57
30 45
90 166
209 219
112 143
42 218
151 198
211 201
194 112
95 102
62 115
117 55
61 170
61 171
66 14
187 78
140 215
61 172
116 164
123 3
140 138
97 148
84 118
27 179
108 160
53 113
99 159
25 174
186 14
129 197
22 54
49 94
68 111
23 195
18 69
131 43
191 220
32 161
154 191
110 76
182 169
132 140
54 44
219 100
193 197
191 177
71 43
2 35
190 214
139 208
54 189
202 63
69 141
176 200
195 163
113 141
3 67
122 122
88 58
214 191
203 180
176 166
192 170
207 164
22 125
166 83
33 115
100 102
42 142
112 66
84 60
148 105
17 83
132 167
110 91
77 194
18 200
108 113
125 167
29 198
134 52
45 67
77 157
82 206
169 185
22 85
197 182
195 32
64 43
16 150
147 51
191 214
14 150
171 155
209 130
13 220
2 210
164 139
175 157
154 180
56 172
69 75
195 160
197 127
99 137
27 122
8 127
74 206
82 171
113 162
188 111
191 65
96 126
145 56
30 6
174 118
68 69
135 19
198 54
39 52
220 22
4 62
24 84
189 77
156 136
1 40
139 171
42 192
55 209
203 196
207 148
114 135
56 217
40 124
164 165
199 101
162 208
184 103
202 29
214 184
219 73
114 23
173 201
60 53
127 11
207 106
190 87
191 24
120 84
36 69
195 69
122 16
210 191
164 70
97 38
136 13
212 5
138 183
62 160
112 165
182 47
34 4
115 180
126 47
62 92
73 143
124 15
191 81
173 214
130 117
38 166
195 194
11 124
202 180
172 74
28 206
69 158
47 54
41 57
110 118
65 172
69 178
22 17
177 215
30 116
136 31
25 88
150 186
204 78
20 33
185 181
51 175
142 61
38 212
33 165
24 136
129 3
28 188
167 16
161 127
199 75
37 29
117 134
160 211
55 21
195 133
83 35
16 176
11 134
65 138
115 152
76 30
161 154
175 132
127 72
113 158
201 152
61 20
211 98
190 113
169 35
154 11
172 215
6 197
3 6
218 179
121 54
124 30
102 78
122 165
73 165
180 215
100 186
53 128
124 41
162 154
172 77
113 67
126 55
107 35
115 202
17 167
173 216
148 134
35 2
71 76
122 96
168 128
162 56
198 76
110 13
199 205
216 111
16 184
24 124
23 16
83 37
171 85
83 9
78 87
50 216
188 107
3 160
89 209
86 191
141 182
92 200
121 5
62 166
180 129
51 146
199 89
12 170
163 114
142 87
119 145
6 3
195 26
109 98
66 113
111 118
56 19
82 54
88 38
178 183
30 218
89 82
137 88
116 67
154 36
196 81
77 135
4 124
208 182
194 194
103 19
37 79
111 150
66 30
55 97
63 3
105 167
174 52
50 218
117 195
59 167
113 114
45 212
214 209
77 58
130 189
49 113
104 36
137 93
75 23
143 84
109 190
26 37
191 77
60 168
47 72
71 193
35 198
188 73
85 176
81 163
21 173
135 173
147 37
114 108
30 100
129 22
72 208
197 125
19 5
195 84
199 206
213 175
166 11
15 202
167 10
99 205
23 108
142 65
24 192
181 201
192 189
155 67
199 143
146 47
99 183
135 59
192 207
14 210
116 65
58 132
9 105
110 40
149 96
35 129
129 56
62 197
138 62
55 8
5 149
3 14
149 189
205 121
109 85
94 131
139 32
120 70
41 56
81 129
188 58
156 208
163 186
20 46
159 211
100 6
179 15
59 96
126 196
45 83
101 135
60 47
82 10
214 29
25 195
194 174
179 158
104 110
6 204
88 57
53 129
194 208
209 70
192 104
67 174
99 135
33 94
97 62
194 48
86 187
127 73
41 84
202 80
98 40
21 53
52 117
159 32
35 111
28 76
37 128
188 199
1 60
16 212
189 73
124 102
171 219
91 190
7 203
193 178
8 89
218 74
68 24
213 200
2 191
72 46
9 177
41 65
87 58
199 200
211 22
191 137
136 137
193 34
92 77
63 179
195 144
180 139
26 103
106 44
131 135
40 80
70 121
29 128
21 33
70 145
136 48
168 190
39 161
180 163
203 18
109 140
126 73
178 105
67 91
105 132
89 52
73 17
172 19
185 29
26 67
215 161
217 15
187 116
111 214
132 68
2 113
218 152
209 40
142 29
90 169
90 91
178 193
171 55
165 71
146 217
128 175
113 15
218 47
215 89
9 186
4 155
51 24
107 196
214 217
148 122
44 145
184 215
146 184
68 9
136 62
187 151
75 214
213 42
216 82
81 127
94 3
136 50
52 42
11 16
92 143
62 27
40 80
145 76
41 112
164 22
2 60
96 215
47 186
161 101
90 188
5 213
62 121
61 114
157 99
194 110
69 190
180 152
122 95
37 174
101 18
170 84
3 174
180 38
35 123
83 108
175 56
85 103
180 197
108 20
78 31
125 103
24 111
24 77
73 18
63 210
208 217
120 144
220 25
128 13
189 174
70 184
130 142
8 52
98 145
87 99
61 3
63 177
21 218
175 219
194 15
159 58
150 110
47 146
168 55
216 160
7 155
180 154
28 181
17 198
73 20
209 139
163 53
178 123
186 97
15 84
61 65
158 99
192 194
22 128
182 169
93 218
198 200
124 100
109 148
50 112
63 183
39 103
211 34
208 172
198 5
21 192
10 3
173 193
115 89
62 186
36 214
89 185
39 21
101 58
151 104
64 202
217 7
71 213
154 134
106 2
109 25
7 38
166 48
102 109
103 198
204 4
30 30
12 82
34 84
70 109
139 173
33 8
88 28
161 151
5 103
86 123
220 52
134 169
72 63
1 82
74 51
213 118
64 91
113 187
30 154
218 28
108 17
184 58
126 30
129 185
136 118
131 169
69 100
198 124
179 96
220 16
174 185
175 120
198 101
136 148
7 123
196 80
174 135
32 24
18 220
119 173
116 131
128 35
200 66
127 90
169 77
120 169
12 150
91 139
178 30
169 165
90 78
104 194
219 12
107 109
25 179
64 49
144 122
174 57
109 128
9 124
57 151
134 137
154 204
46 165
50 98
19 46
2 114
212 211
48 184
83 167
153 190
215 44
67 137
123 120
49 6
165 202
146 130
193 14
60 153
135 90
37 42
206 184
170 124
88 45
12 140
110 210
148 31
55 207
71 111
31 100
41 184
196 32
52 143
88 63
40 140
176 132
108 110
147 107
187 159
78 210
62 71
79 184
207 54
63 92
44 34
97 170
28 151
130 18
104 182
124 167
139 159
180 161
135 98
84 107
117 125
123 173
60 177
136 4
110 178
111 138
164 49
11 96
31 136
147 176
110 18
183 172
141 70
137 104
25 182
15 126
65 175
115 176
69 56
24 159
113 136
133 145
54 210
103 114
83 161
140 87
35 39
85 68
160 61
66 204
48 91
56 196
50 131
109 43
56 59
72 97
208 216
153 23
132 158
107 42
208 42
171 119
214 90
80 79
143 98
4 52
113 47
30 56
15 204
9 123
56 116
7 161
178 80
42 32
61 170
203 107
183 46
56 19
10 60
194 47
120 117
115 11
79 213
101 136
36 196
220 209
188 36
27 65
86 111
87 143
102 85
113 87
5 171
138 185
102 65
205 13
94 80
109 206
11 8
85 220
42 188
115 147
83 25
20 49
159 131
117 116
23 182
214 118
17 81
187 211
109 48
205 144
10 202
62 25
185 198
54 79
91 193
150 101
208 71
113 89
43 89
201 131
4 115
18 46
19 46
167 14
9 65
199 220
113 188
150 160
95 200
6 194
130 19
168 15
41 34
58 53
60 164
183 92
178 164
151 79
110 175
126 177
132 74
100 81
65 141
140 140
172 17
8 169
60 147
36 170
57 90
107 183
153 40
173 98
116 69
72 74
189 28
79 169
60 189
51 31
171 215
58 102
157 128
7 133
160 82
202 180
51 38
195 197
184 39
97 114
179 166
91 4
121 93
18 184
41 190
170 40
122 125
180 181
108 175
217 116
168 152
34 24
94 151
126 43
74 59
92 144
22 16
31 102
37 46
77 206
13 117
66 219
143 174
63 111
113 124
199 163
133 114
72 149
29 63
154 58
85 190
201 192
180 1
47 203
113 37
169 109
62 188
185 75
195 3
210 96
11 192
110 19
170 143
210 77
124 81
99 133
189 23
183 1
109 99
126 116
158 148
100 192
162 186
20 218
36 49
121 154
68 37
206 126
142 191
90 77
164 56
14 84
192 165
46 95
137 143
137 43
44 177
159 133
80 133
174 50
162 108
21 89
112 94
20 24
218 162
10 110
40 92
83 102
193 140
38 50
99 155
159 66
40 186
183 187
133 200
141 155
126 141
112 201
109 3
148 102
8 105
84 127
206 128
217 75
27 215
66 148
220 127
119 85
11 205
119 116
140 34
7 29
7 37
13 108
14 169
98 18
36 53
20 104
14 190
87 57
164 106
69 109
104 30
171 78
33 91
171 39
82 220
183 204
35 18
90 64
154 168
194 42
90 41
101 168
152 190
118 135
120 116
20 160
215 116
20 20
201 209
174 57
127 107
57 106
63 27
111 1
201 47
111 209
152 109
62 215
14 188
59 205
167 69
86 75
8 162
28 181
78 181
72 183
14 189
141 110
185 199
22 188
190 55
57 25
141 217
164 15
210 34
148 87
175 117
173 210
28 180
5 91
165 124
128 156
158 141
116 140
62 142
37 138
196 181
75 212
122 58
135 190
142 17
188 76
99 96
194 15
152 94
114 170
141 64
54 211
189 11
151 172
36 105
148 26
72 17
57 78
41 94
18 14
80 60
202 169
51 17
42 182
103 179
181 210
178 86
40 27
217 72
50 134
112 85
44 28
130 86
82 129
124 107
81 95
101 186
216 62
110 202
127 26
50 197
79 106
169 123
25 166
17 36
113 32
107 30
166 191
59 203
19 99
19 200
86 123
160 131
189 113
46 215
88 130
75 198
103 166
142 29
29 4
138 135
217 29
103 187
29 160
1 13
143 201
157 83
111 168
189 119
94 34
48 124
39 211
126 122
124 136
199 19
124 178
177 190
202 3
144 204
7 38
91 108
67 172
215 184
38 82
54 60
122 150
99 57
219 169
184 53
2 195
14 89
182 28
203 83
150 199
128 114
13 102
161 26
66 207
1 151
91 68
56 95
73 76
158 67
116 77
67 136
37 36
151 218
188 68
215 174
156 28
141 29
2 131
62 196
71 102
8 61
208 99
218 127
108 11
86 172
49 72
12 68
111 184
159 76
189 219
179 197
65 60
20 125
203 184
120 176
152 105
18 193
106 162
30 116
45 83
184 129
195 130
164 203
165 186
155 161
133 86
30 127
23 87
176 103
8 39
140 87
67 77
94 39
68 192
33 26
164 70
28 133
93 147
138 127
210 26
30 77
149 205
65 129
78 29
172 34
168 127
23 98
16 37
74 72
149 175
29 43
169 23
50 1
83 161
148 164
102 73
165 60
59 37
189 186
152 199
105 97
162 78
198 130
198 196
216 7
48 81
35 169
41 169
9 168
42 110
29 29
37 130
74 85
41 71
138 206
52 187
45 26
211 10
74 134
49 216
120 136
20 136
161 148
157 44
64 211
219 111
52 53
36 159
138 17
88 198
13 191
190 168
125 71
152 114
159 140
186 192
160 43
198 120
147 137
65 37
83 112
61 129
89 32
188 10
183 76
57 212
37 27
22 158
120 202
114 36
144 204
93 1
192 162
2 61
53 180
68 164
209 12
93 13
179 33
139 74
125 121
140 95
141 24
38 162
74 208
199 106
163 124
143 69
88 59
194 35
194 28
80 15
46 180
47 215
11 179
47 146
109 150
30 44
163 78
121 159
196 57
40 205
43 48
56 45
113 216
39 12
164 122
200 39
39 188
202 151
43 91
137 219
218 107
6 31
169 107
79 206
90 170
39 168
39 132
55 170
57 115
159 208
168 213
42 99
89 23
44 127
95 81
23 135
199 162
219 123
117 123
199 33
64 43
117 87
164 155
135 217
202 75
116 89
96 106
118 149
111 179
129 40
203 193
201 100
187 16
204 91
122 84
76 140
144 127
103 7
59 39
23 126
24 136
163 99
12 113
194 103
150 169
102 96
95 147
108 179
92 170
146 48
158 132
111 5
33 34
81 99
104 94
155 194
178 153
3 112
2 12
74 183
54 76
54 21
104 85
167 89
88 154
96 16
177 116
198 188
172 87
109 27
198 176
101 107
80 167
81 217
91 30
127 41
215 90
147 141
204 108
158 196
195 24
219 174
3 124
214 87
113 202
151 135
183 26
101 28
20 176
20 32
175 109
215 144
79 191
93 74
202 12
58 80
157 92
200 63
51 89
27 73
202 32
94 172
184 40
154 70
143 206
76 179
175 211
150 195
31 7
32 90
122 57
207 160
93 94
21 126
6 7
79 104
30 17
162 165
98 95
212 217
143 179
31 88
91 155
109 201
91 64
140 123
4 123
183 41
175 16
143 102
58 6
32 146
117 21
80 142
20 162
16 16
14 75
44 195
54 192
128 76
101 129
91 16
180 213
203 199
117 97
13 153
75 53
1 45
60 69
102 80
83 187
210 161
126 5
217 20
205 19
217 216
20 198
156 180
77 99
206 110
171 155
49 134
157 60
73 126
65 81
127 3
184 58
59 177
79 88
203 6
58 64
117 136
48 69
220 200
18 116
38 83
156 174
209 79
157 2
103 181
106 119
5 93
100 22
97 174
203 132
121 56
42 6
100 162
94 151
45 192
85 16
18 64
163 210
149 43
109 26
213 182
159 183
45 106
28 73
50 143
217 198
212 186
146 64
124 215
89 178
167 50
100 211
172 31
148 57
92 172
185 3
149 103
213 14
89 147
103 112
21 137
140 195
88 123
175 57
79 24
207 116
78 62
78 192
143 210
116 144
220 146
122 6
16 137
190 24
92 152
81 34
104 157
195 56
46 41
97 58
219 27
28 113
218 186
8 68
136 139
206 197
202 53
14 42
135 39
52 95
114 49
119 41
29 75
37 9
95 95
96 124
62 97
77 219
213 72
148 190
211 25
107 63
183 162
113 36
33 63
166 174
164 127
210 69
219 17
121 53
98 209
130 207
130 26
102 30
154 44
74 191
168 209
220 109
7 170
97 218
164 24
63 55
196 45
178 149
18 70
159 92
134 51
86 98
211 126
192 61
206 168
66 15
77 30
193 14
87 197
205 171
17 52
41 98
53 178
171 196
122 100
54 128
71 143
70 75
179 24
36 181
127 203
130 144
27 107
191 196
114 2
20 188
184 166
29 73
213 160
103 109
89 212
29 192
28 80
84 63
163 180
102 131
159 205
16 111
86 80
144 166
54 187
117 134
215 181
87 155
122 54
71 36
59 203
131 213
124 72
151 88
185 128
194 98
141 4
151 7
170 140
23 82
140 88
35 40
23 32
192 64
93 136
197 105
157 49
205 20
39 102
13 56
152 18
97 122
201 73
94 46
151 101
24 123
201 33
136 60
167 177
201 27
176 165
137 27
169 113
13 161
99 128
180 187
170 92
165 58
178 183
9 133
16 203
203 49
82 164
165 114
98 79
120 35
33 97
140 135
43 39
110 127
28 62
194 114
109 73
65 172
68 195
131 195
128 93
40 9
101 21
210 175
134 212
124 111
150 43
183 83
124 136
19 132
85 137
195 165
217 160
27 110
188 57
56 54
144 71
43 20
192 141
56 47
24 77
64 187
103 42
156 140
136 115
180 163
32 66
40 7
133 186
98 209
135 173
73 197
