240
3456
237 181
186 140
97 77
184 233
120 187
136 56
28 126
72 207
171 34
147 103
236 10
89 161
186 108
19 216
176 191
13 207
97 128
177 207
157 205
225 117
2 65
105 66
228 40
196 164
172 195
37 2
205 183
209 133
227 233
155 139
226 183
91 113
224 216
35 7
98 138
148 186
122 65
213 82
134 83
168 175
162 32
145 73
146 94
108 233
182 8
88 240
196 126
136 110
75 210
221 240
86 183
164 158
105 50
18 176
63 181
120 7
167 151
173 183
20 217
176 210
30 233
59 12
10 61
184 141
106 144
32 220
86 240
109 124
78 128
211 187
190 193
131 86
61 14
211 30
177 17
111 87
181 208
169 118
35 131
102 129
137 50
224 222
174 170
238 3
124 107
176 40
199 151
178 150
196 159
224 41
133 72
145 45
46 93
200 188
78 217
122 226
151 161
57 132
3 217
62 26
218 145
110 82
112 235
15 31
101 230
153 237
205 114
210 161
103 217
168 2
7 33
221 83
194 87
206 134
213 65
182 233
62 48
63 221
60 161
207 60
131 2
66 103
106 43
85 23
239 171
193 223
106 105
98 32
228 208
82 180
61 32
24 134
163 170
77 11
87 84
51 85
19 156
122 126
59 100
75 144
47 112
71 177
84 51
152 31
42 74
168 44
217 13
150 154
117 61
227 174
24 110
27 208
159 22
102 70
60 111
72 192
214 30
219 122
225 240
210 25
229 67
167 221
14 148
224 4
55 30
116 222
180 203
97 110
54 1
173 155
95 55
189 84
113 145
146 32
227 120
45 88
226 40
124 147
3 172
12 65
172 162
3 104
121 232
85 53
146 17
175 215
157 89
36 97
124 226
39 42
97 16
110 220
212 79
40 139
175 109
121 228
20 225
90 38
18 84
25 202
200 194
134 226
22 14
183 168
12 225
214 1
53 38
54 226
236 28
7 114
177 63
237 78
90 238
101 115
91 203
126 98
113 58
84 28
187 168
10 207
73 219
177 88
191 65
194 68
119 126
173 109
101 206
73 87
19 37
170 124
16 214
182 13
218 207
189 234
233 31
195 95
236 71
120 228
100 65
23 21
149 203
220 175
14 54
58 136
181 228
87 83
228 103
157 64
133 88
140 119
232 129
75 135
107 18
165 167
204 8
78 64
195 44
62 122
175 84
134 92
40 193
38 34
74 158
111 166
120 97
113 205
116 98
179 13
211 93
233 155
159 174
120 150
193 33
201 211
19 228
58 30
170 35
191 191
25 130
183 128
222 78
17 191
37 21
2 172
32 24
43 147
122 37
97 96
160 32
129 53
11 140
231 94
169 120
18 213
188 59
114 228
136 233
209 236
52 20
23 41
36 52
48 188
220 87
222 56
49 49
157 136
15 197
100 7
72 44
225 16
161 127
75 1
41 83
169 160
195 146
80 176
179 8
27 162
192 120
24 126
107 130
213 35
14 49
28 35
236 102
114 184
75 65
60 72
18 60
52 142
61 104
144 229
33 90
216 219
157 28
60 140
52 179
199 239
176 60
159 216
155 170
228 4
132 24
77 30
225 105
213 189
196 221
199 228
137 57
119 216
230 163
152 167
69 49
123 48
39 5
28 40
40 199
173 11
77 123
169 87
107 148
33 79
158 83
128 95
58 126
163 50
168 9
14 97
60 139
118 153
12 138
115 98
38 139
113 154
176 61
69 177
102 26
184 158
206 54
92 10
33 85
4 199
27 8
87 173
228 117
215 121
73 148
41 231
8 25
176 7
235 148
214 184
22 92
111 200
208 156
99 81
48 227
31 237
107 240
66 4
221 2
60 207
169 215
172 194
188 236
171 149
8 19
171 177
205 68
164 39
184 147
52 39
40 149
55 103
87 126
32 9
32 26
158 97
228 149
92 32
15 145
60 6
184 29
226 130
213 165
53 165
91 172
36 94
173 91
172 93
226 15
199 80
141 220
143 141
44 59
128 73
219 184
1 30
191 185
150 212
185 201
164 226
52 84
227 194
162 232
228 161
117 209
59 194
54 33
214 111
104 216
98 204
20 200
236 227
41 3
58 149
176 152
76 223
169 68
24 114
171 188
157 137
97 27
226 42
175 71
97 209
225 160
219 88
98 235
155 202
63 211
143 89
64 91
167 138
39 70
133 91
152 180
49 187
94 39
46 74
148 31
34 111
22 46
108 43
201 88
157 35
94 117
23 31
227 63
105 30
211 201
152 183
90 55
17 142
215 2
133 185
60 122
165 128
153 17
20 70
175 170
16 79
194 117
240 65
1 230
34 141
148 8
139 4
119 144
104 123
137 161
75 225
159 106
174 229
202 3
20 236
111 221
147 212
55 9
11 71
10 71
182 10
15 164
73 213
185 189
42 83
82 37
48 77
28 160
56 113
153 7
235 28
227 112
49 142
16 70
210 51
238 107
144 141
231 15
62 218
115 32
143 174
53 161
62 123
33 152
78 82
110 62
15 221
172 68
26 30
149 127
58 17
159 42
119 186
68 206
179 70
202 158
205 63
67 182
83 71
106 237
86 92
189 118
221 55
90 51
116 201
10 97
143 193
121 174
112 40
240 81
31 56
196 58
17 228
24 123
72 31
114 157
87 105
139 236
90 74
134 188
115 221
209 51
218 76
201 88
46 109
67 52
218 7
23 97
168 235
98 24
172 120
123 93
116 214
184 143
199 230
18 58
137 86
80 35
124 211
235 143
74 112
183 206
150 92
100 142
175 87
238 235
149 133
130 20
229 186
101 118
166 24
26 65
91 86
203 68
200 13
180 173
197 55
229 227
204 42
108 135
14 80
34 168
21 205
106 230
129 185
232 45
124 195
149 91
214 229
81 63
238 107
177 60
7 86
82 54
65 101
232 70
65 175
152 108
111 121
143 175
201 219
47 29
72 218
207 93
203 182
16 170
73 5
219 236
216 236
152 134
206 142
193 229
112 44
26 102
108 30
159 29
56 177
197 26
95 186
162 141
114 52
133 68
224 170
82 80
182 221
182 34
179 196
75 15
196 198
98 111
12 179
30 235
219 189
181 19
106 129
73 216
59 202
218 116
9 24
238 231
64 135
27 109
150 193
41 167
6 72
108 17
101 19
206 77
45 240
179 18
229 223
64 191
213 157
70 107
148 169
61 188
103 45
12 133
2 225
176 10
219 21
42 90
93 194
74 106
129 71
166 92
97 223
184 187
122 47
201 216
129 74
40 83
81 119
109 189
159 86
30 229
184 54
100 126
15 189
3 174
94 210
68 12
96 163
159 159
110 160
235 164
217 49
57 5
50 143
169 151
139 50
124 180
61 11
157 219
22 86
101 114
18 19
141 16
112 180
234 237
127 176
35 228
48 49
176 153
157 204
17 84
17 158
151 67
34 162
195 96
228 128
84 232
178 54
29 72
166 206
118 231
81 80
144 229
102 238
214 3
14 132
144 221
76 88
184 182
101 45
152 11
227 208
162 171
1 165
118 13
13 206
206 112
161 188
200 226
191 151
217 44
184 26
137 142
80 116
178 2
99 48
231 111
104 181
26 137
58 31
211 199
149 193
96 160
65 48
116 92
12 121
139 224
87 39
232 140
219 202
161 10
98 75
159 15
3 150
99 127
205 95
123 143
92 169
227 14
98 167
177 208
101 68
169 37
181 215
87 76
164 47
196 91
239 139
98 205
159 154
184 85
177 30
28 205
30 67
212 22
56 11
139 154
130 122
218 172
50 43
118 125
107 112
190 43
179 118
198 41
103 114
75 145
50 147
220 107
187 228
83 54
60 4
119 226
86 217
44 97
142 103
41 61
55 219
165 227
185 107
75 40
106 238
56 43
135 9
84 198
201 136
160 240
196 110
100 191
240 110
79 64
128 58
113 172
62 213
228 82
140 85
213 189
14 206
232 12
145 202
16 239
184 104
81 134
97 9
166 233
40 105
79 38
172 107
14 87
101 105
47 239
204 172
6 151
238 23
202 217
150 22
201 180
144 169
33 23
31 53
40 222
215 205
17 13
168 131
211 80
44 235
93 218
141 57
203 93
17 156
39 73
17 110
191 172
173 63
34 133
109 67
71 194
59 85
89 160
15 52
63 70
36 118
11 136
204 46
79 11
163 13
203 104
217 84
38 98
207 59
213 94
159 166
196 60
104 50
179 139
63 72
169 22
96 234
51 198
40 215
94 141
104 104
181 199
169 175
14 126
86 71
111 137
195 102
198 93
19 201
144 45
122 56
214 203
115 147
121 139
62 232
44 184
125 46
219 106
110 166
120 66
232 216
238 82
122 23
152 104
135 156
13 59
10 36
13 123
116 115
99 173
161 152
130 88
164 54
167 58
122 9
224 94
193 9
224 100
56 238
92 79
101 140
227 65
183 46
6 115
98 34
117 153
190 228
49 222
142 85
206 142
103 181
221 226
43 61
3 144
207 155
66 22
131 180
49 40
208 190
225 164
228 190
199 176
145 10
147 68
204 128
214 65
240 228
90 215
22 125
130 161
171 167
34 14
157 110
156 26
90 5
44 160
131 230
190 147
71 238
232 229
133 238
11 188
150 13
84 22
62 163
95 181
165 111
25 82
194 119
2 48
197 240
196 68
99 70
148 166
125 207
111 227
200 209
38 156
117 171
116 148
98 89
220 31
181 73
172 158
137 55
121 75
222 202
62 49
54 185
154 87
2 122
40 102
148 189
204 32
206 71
12 110
32 185
223 81
21 167
16 60
88 118
188 169
182 13
167 156
39 56
81 156
66 65
155 125
125 162
43 162
76 240
119 232
127 169
194 164
67 186
143 85
25 79
82 60
176 223
52 4
151 8
94 65
132 108
200 83
214 72
166 76
35 173
179 151
174 119
196 181
187 108
105 215
73 78
114 228
228 5
84 35
236 69
172 204
64 104
7 216
108 169
236 235
120 32
22 49
91 147
201 10
165 134
240 174
211 123
15 222
67 191
114 70
176 153
232 177
66 91
11 169
237 30
87 45
68 163
236 69
140 209
120 176
116 101
67 65
151 169
94 182
135 69
172 103
99 135
121 212
131 105
2 142
83 166
218 234
237 97
178 167
222 41
13 186
72 113
229 95
107 19
49 4
53 76
119 239
47 122
182 218
95 73
183 204
226 33
81 70
25 207
114 175
235 115
152 237
107 37
159 122
76 119
110 226
180 14
47 166
172 176
7 96
63 62
225 25
3 156
114 158
216 124
131 119
3 5
214 12
189 85
234 197
225 29
115 212
149 87
112 131
101 126
149 1
15 170
6 161
124 40
183 112
3 173
137 79
116 13
50 118
236 214
184 109
158 226
51 17
130 132
25 159
115 154
206 227
240 95
55 101
100 199
164 46
128 91
128 156
68 167
147 100
240 92
123 212
155 116
23 108
118 219
37 176
110 64
128 184
84 234
32 80
90 52
199 236
34 60
90 3
3 171
180 189
122 138
51 197
147 116
174 12
47 12
10 235
223 147
48 168
140 35
216 79
164 223
82 237
169 144
130 45
106 138
110 87
40 202
29 3
180 161
64 235
148 146
207 152
127 73
40 206
175 111
178 80
183 123
191 84
17 180
21 27
202 76
111 16
125 23
34 206
133 24
17 41
116 37
42 209
148 188
126 172
127 150
80 139
65 159
226 108
166 178
25 212
141 104
18 147
209 6
183 110
11 15
15 194
93 82
240 211
47 187
198 229
127 173
196 138
126 186
222 85
172 179
213 144
86 42
1 46
105 5
132 176
169 58
163 179
109 51
195 197
122 104
134 127
6 87
107 161
174 47
210 148
121 84
135 58
158 203
149 48
168 139
89 6
152 93
95 37
77 150
160 39
151 51
93 65
140 66
102 189
80 160
129 213
214 92
178 59
155 90
190 194
63 185
94 214
36 236
95 104
212 190
225 92
122 33
227 173
155 137
144 129
74 1
127 234
8 139
204 225
19 78
97 166
122 8
164 234
16 203
157 24
131 209
105 155
67 119
174 217
17 134
26 204
182 114
233 58
239 4
47 204
20 227
121 143
150 181
83 182
175 121
113 109
151 181
152 203
223 10
117 171
22 191
83 189
109 19
60 140
204 35
46 195
28 142
20 224
239 179
44 86
75 236
187 54
45 238
234 16
105 68
228 138
34 81
76 236
211 6
224 90
145 147
100 33
160 194
197 95
224 81
160 23
94 226
25 126
38 25
38 93
33 155
195 224
179 97
204 49
131 121
139 153
100 223
230 240
31 109
184 168
54 12
159 137
97 47
193 199
64 237
158 179
1 197
127 230
238 94
232 64
193 78
143 98
64 57
232 17
220 100
155 102
6 220
236 174
66 171
135 145
27 70
151 12
223 96
6 35
169 87
218 101
220 155
150 153
113 113
146 224
151 66
157 42
12 224
83 215
1 93
39 183
176 127
139 193
200 126
78 191
145 162
123 104
209 238
235 102
136 184
212 129
133 201
126 58
224 80
106 58
90 120
45 151
180 56
189 72
165 176
12 3
82 148
10 7
186 84
99 47
99 233
116 185
63 32
213 163
69 79
238 239
190 189
132 41
59 156
124 42
117 101
26 33
92 240
32 81
55 66
163 76
237 67
79 53
100 87
240 196
238 157
31 162
189 195
170 166
194 201
22 97
180 226
88 86
60 60
189 208
138 69
221 43
112 215
231 232
135 141
206 26
221 60
38 85
124 137
195 108
128 107
181 158
97 66
18 64
174 132
50 56
152 24
65 196
174 219
62 185
171 46
216 106
64 38
114 192
139 67
218 9
79 179
220 195
135 47
211 228
63 224
54 18
161 141
104 220
7 77
141 19
208 130
212 48
181 100
154 238
170 57
52 62
41 99
115 128
18 44
177 154
24 62
54 182
32 190
32 80
84 233
34 165
39 230
211 24
67 30
73 201
167 67
203 209
86 201
47 18
160 202
168 88
49 41
132 140
193 182
52 88
116 188
80 190
155 76
12 70
213 174
190 213
189 135
58 127
212 12
203 231
206 18
101 97
140 28
148 47
6 21
161 184
205 65
144 196
66 41
78 212
157 69
180 169
163 115
75 45
176 67
52 27
129 45
150 149
136 214
239 238
156 60
87 184
24 169
180 145
174 77
51 109
169 20
82 142
32 65
111 166
182 210
132 198
93 100
21 86
205 233
220 68
152 164
67 6
83 187
238 113
69 227
147 171
156 45
186 201
211 142
109 113
24 217
229 25
233 48
185 38
204 47
172 67
158 215
15 69
83 57
14 199
103 54
151 222
104 110
130 122
179 42
218 232
169 85
9 189
199 23
190 171
132 10
45 118
126 177
218 67
115 200
211 163
60 236
43 151
113 91
47 187
99 44
191 31
116 39
147 84
124 139
193 183
161 156
224 62
13 31
215 18
195 193
138 89
158 44
109 60
2 130
190 202
15 15
2 93
61 179
213 86
146 25
229 81
201 132
210 41
182 180
28 25
163 68
199 45
150 116
221 230
22 127
187 167
210 69
101 128
166 158
89 98
145 164
59 113
42 64
151 214
118 34
135 7
78 191
139 186
132 159
218 169
53 23
125 78
200 170
203 28
205 223
137 215
218 88
125 64
162 29
237 56
6 218
215 50
96 85
98 230
121 119
231 222
211 117
17 159
231 91
233 1
188 166
184 182
171 165
191 88
204 238
103 182
50 2
86 50
136 109
23 201
3 121
112 119
74 77
30 10
26 97
152 91
193 83
177 120
109 136
158 103
8 119
143 135
114 111
221 208
50 64
143 180
190 217
178 192
182 33
92 163
183 159
196 200
87 141
210 190
240 228
117 39
37 77
54 204
121 181
77 32
143 69
2 88
155 205
121 101
86 103
224 147
191 237
188 218
81 124
33 198
11 192
64 220
156 47
173 25
11 190
220 226
29 163
223 5
9 220
55 116
161 52
91 215
88 44
160 157
168 46
133 188
219 220
215 104
70 153
217 128
152 112
90 217
86 35
222 67
96 94
56 208
27 185
209 81
86 204
114 165
154 222
137 230
135 12
96 106
230 3
201 53
149 145
45 24
125 77
47 76
183 179
16 49
12 233
180 18
150 183
156 158
71 160
110 4
134 185
138 135
174 33
205 136
45 205
227 57
158 188
216 71
148 24
219 58
182 219
81 151
146 132
203 65
238 236
8 118
23 173
240 190
43 229
44 122
238 184
132 14
41 179
64 108
144 215
214 96
84 74
60 14
37 217
162 31
118 192
98 210
216 73
195 124
42 214
65 123
103 111
143 161
83 24
177 81
207 202
26 146
126 11
29 10
169 219
54 134
73 232
98 182
130 140
14 15
23 18
127 112
117 128
1 238
101 134
97 168
70 148
92 203
63 240
118 7
123 173
172 139
198 204
15 93
233 22
103 165
231 73
226 195
180 96
69 62
173 135
107 73
151 88
207 112
35 8
142 68
82 52
139 82
152 157
63 99
193 161
31 163
78 229
47 43
5 194
149 173
108 129
26 34
177 119
147 148
199 167
159 230
192 168
54 47
178 212
156 134
187 81
164 141
128 113
34 46
14 101
239 104
82 185
46 69
79 12
236 169
191 132
100 223
239 137
218 62
64 3
55 37
25 176
165 166
167 168
67 35
87 28
230 55
155 198
205 12
86 196
171 124
222 204
14 62
225 178
69 131
21 217
153 26
104 61
208 82
35 146
8 46
60 181
10 153
234 150
225 48
3 221
190 175
79 38
51 46
94 48
5 129
35 122
217 18
188 209
162 38
41 145
130 210
127 80
238 60
109 116
196 109
208 38
218 187
111 44
199 220
11 235
26 99
84 221
50 5
53 115
187 144
71 1
154 148
213 10
14 173
116 198
19 200
133 103
110 114
131 209
40 217
195 179
60 136
181 233
115 84
41 154
169 90
70 143
171 228
70 218
145 57
40 145
75 218
49 51
60 63
116 173
239 140
22 141
52 129
15 77
99 237
67 221
12 165
95 179
21 102
209 57
1 212
64 87
185 63
78 107
63 10
239 96
202 204
114 64
235 132
141 182
107 5
230 162
159 220
233 235
214 227
219 46
186 70
208 105
48 97
51 13
130 91
111 222
21 216
23 10
203 84
201 160
43 30
72 70
232 14
1 230
88 31
64 45
197 63
145 116
36 70
145 236
219 55
219 177
119 170
167 136
224 216
189 203
232 67
113 223
138 67
228 156
121 11
183 29
80 181
129 184
63 141
226 230
203 156
186 17
62 89
168 105
2 133
22 142
170 235
164 65
160 60
186 23
74 233
81 126
192 233
50 85
161 208
151 132
212 103
160 168
160 35
29 214
30 153
100 175
232 127
128 138
156 152
161 1
62 118
24 26
160 183
150 47
172 49
176 188
86 90
117 58
188 235
176 39
10 146
115 235
172 99
194 2
232 156
119 86
146 105
163 93
19 79
16 128
43 197
82 1
210 64
130 90
207 139
38 174
88 31
148 131
39 175
158 174
239 153
165 39
105 54
87 126
128 208
223 181
116 156
46 12
82 235
149 223
190 157
213 161
148 110
152 152
101 100
193 204
218 121
223 113
167 42
72 209
70 192
118 9
10 199
215 95
55 18
227 60
83 203
159 147
169 203
66 202
238 175
174 192
233 42
162 132
197 208
106 120
186 198
19 198
35 15
5 214
170 181
177 30
190 94
219 32
193 184
232 11
184 65
35 203
69 180
214 183
52 56
141 61
22 140
129 24
163 218
199 200
48 107
174 48
192 68
111 39
99 48
8 69
197 71
230 179
230 188
233 97
154 30
134 30
174 72
200 71
240 219
98 107
65 137
137 53
209 47
31 166
110 148
111 59
156 172
155 26
218 183
50 203
59 178
107 40
229 206
70 162
27 113
76 124
71 191
231 133
163 143
9 195
34 162
208 210
84 156
176 208
226 12
122 35
105 159
112 98
15 148
54 225
75 25
214 237
224 143
44 197
30 137
192 170
190 38
173 108
91 123
216 203
205 79
35 24
190 40
28 113
97 120
191 91
199 7
109 222
136 10
121 64
151 74
41 83
149 111
89 221
154 6
222 73
20 184
155 206
144 127
133 147
173 109
177 32
14 67
62 191
23 2
106 100
183 226
129 2
54 210
128 139
160 219
196 186
188 83
33 11
121 199
214 188
168 129
94 186
194 77
12 106
150 161
4 60
2 123
183 161
102 45
208 13
147 67
226 29
102 112
105 107
9 102
100 28
112 64
103 217
71 112
37 128
63 1
6 173
13 19
166 111
44 102
145 121
73 76
187 219
180 42
233 12
168 186
174 28
239 136
17 149
155 234
206 141
34 45
234 115
3 184
202 92
68 179
20 23
98 95
233 165
200 8
173 58
28 86
72 123
118 239
21 165
36 81
33 34
37 51
158 70
122 72
31 138
144 14
65 28
97 30
137 227
93 190
20 129
15 64
163 12
34 71
54 57
130 228
1 94
27 9
115 109
181 122
3 170
73 55
166 135
226 175
81 179
135 201
58 43
143 172
40 7
90 156
62 180
128 109
228 166
192 213
116 229
239 47
37 213
93 26
19 208
98 111
189 22
45 204
44 145
108 207
35 100
33 165
100 44
220 151
221 218
181 106
127 113
89 134
235 150
42 102
27 105
55 190
39 164
194 102
19 198
92 3
209 208
204 46
59 120
168 87
182 23
141 76
98 45
66 169
52 80
150 90
196 107
111 124
44 146
229 19
109 31
53 33
45 93
79 131
51 63
134 118
176 118
231 128
165 179
76 224
99 179
132 236
164 31
38 238
23 76
66 206
161 204
148 8
83 28
194 14
150 2
20 68
162 69
34 206
220 169
120 150
23 219
18 27
176 60
122 154
36 46
141 32
93 69
166 114
57 18
40 84
157 36
77 176
202 169
195 128
236 155
147 37
34 99
124 53
198 146
52 207
235 85
202 184
205 137
80 240
2 127
131 158
100 149
22 42
103 180
14 170
7 12
105 17
94 66
200 43
163 171
74 231
37 148
33 74
99 218
166 129
133 208
158 70
183 205
14 175
204 202
117 152
30 75
62 99
16 221
9 217
220 49
79 86
220 178
238 14
49 30
40 67
5 233
42 226
223 205
228 91
230 3
162 227
223 59
212 210
234 111
19 108
95 162
53 200
148 88
85 194
190 187
161 139
33 184
35 126
176 42
120 207
85 222
100 22
226 164
208 159
176 224
227 98
236 188
64 93
45 128
238 190
185 80
15 161
28 56
95 163
228 238
106 177
225 171
87 11
109 137
153 36
144 202
185 118
58 141
155 204
90 100
27 65
154 209
170 155
145 34
163 234
143 212
58 72
153 129
153 138
147 163
25 28
99 92
24 112
220 69
65 4
12 38
60 164
2 203
70 193
201 114
136 34
239 17
38 203
59 107
34 156
26 79
38 98
106 31
39 88
112 90
178 36
10 26
95 228
236 114
134 232
136 196
113 220
17 137
143 135
111 25
143 67
170 150
188 120
61 209
64 192
100 217
18 224
153 9
173 31
51 59
117 27
196 58
125 3
61 19
110 117
36 54
140 166
59 210
133 69
35 32
81 14
225 156
160 75
192 102
104 2
166 110
141 114
79 89
70 162
87 25
228 35
55 117
165 154
89 181
27 70
35 116
151 195
164 62
9 28
48 7
17 222
230 14
87 202
196 112
170 153
166 237
100 103
7 199
236 25
49 168
141 125
63 158
90 4
220 173
70 90
179 150
158 105
214 124
232 176
149 189
135 16
95 154
12 237
26 137
9 225
112 47
65 98
123 240
162 199
155 210
215 222
113 177
54 217
22 87
16 44
141 6
215 157
176 116
152 40
173 29
235 180
42 196
30 147
108 26
11 222
42 95
57 128
206 161
229 45
112 3
115 204
225 173
135 223
89 238
207 192
202 74
55 150
165 158
86 85
199 172
39 132
124 103
152 123
155 146
179 34
190 79
204 35
66 201
70 218
203 33
59 96
127 35
100 225
38 101
13 87
111 166
155 38
75 86
189 26
130 78
183 113
105 55
34 166
238 39
24 68
18 173
88 99
128 218
223 231
69 165
33 150
90 131
70 80
217 224
142 46
32 75
114 185
224 43
130 125
239 240
235 63
142 158
56 141
29 183
207 84
184 54
59 58
90 133
86 223
85 133
153 54
70 215
204 95
14 39
45 161
66 202
195 224
194 193
20 7
65 87
238 60
79 44
154 10
182 115
212 227
196 100
226 92
50 136
231 46
58 33
83 208
211 175
55 18
214 149
194 202
149 8
182 130
147 138
21 153
130 196
65 229
156 129
199 166
1 227
197 182
186 85
62 171
41 154
92 3
139 167
227 15
228 208
112 92
36 18
129 163
235 114
34 214
103 67
209 53
96 103
106 49
43 64
199 116
168 103
147 139
129 114
161 88
102 52
161 105
158 42
87 197
84 143
135 162
67 174
173 8
41 206
36 154
12 186
223 235
209 74
54 224
163 53
204 230
189 101
180 74
121 131
136 113
96 237
88 184
132 104
47 119
184 226
216 26
140 25
216 140
14 181
171 125
108 131
223 143
67 11
18 81
174 188
211 161
99 231
121 228
76 63
198 37
47 136
229 141
212 235
95 119
194 81
73 99
234 240
197 188
196 96
43 130
87 43
63 81
140 4
79 67
107 224
34 75
85 169
166 2
32 57
1 154
61 93
220 35
135 141
129 109
185 12
235 86
196 74
3 19
100 161
11 41
206 213
232 228
52 59
139 209
33 73
236 28
186 171
71 185
123 239
135 9
116 215
219 166
215 129
183 213
32 24
40 179
114 25
148 160
164 7
204 204
78 203
219 218
141 155
226 25
190 139
183 211
95 13
55 208
156 181
183 214
40 39
120 40
231 16
98 152
177 107
42 13
93 8
90 215
223 94
62 56
6 184
128 237
175 144
68 226
10 58
194 57
219 87
150 77
22 26
203 2
100 6
146 157
96 5
222 65
37 207
58 157
58 199
159 52
214 174
16 123
39 204
222 75
43 180
202 140
9 35
9 135
57 17
226 130
10 47
186 201
66 99
208 72
178 36
105 32
106 133
103 135
163 188
34 186
196 76
163 144
119 49
206 199
92 96
170 187
205 81
176 75
227 233
195 26
167 156
101 157
148 146
96 229
8 66
192 182
190 28
125 82
98 8
99 171
124 192
140 204
197 238
140 138
197 227
62 132
13 194
156 226
201 146
200 34
118 219
163 104
130 19
228 153
99 231
27 57
101 86
96 110
74 181
112 226
236 48
145 115
155 108
54 205
50 95
130 19
147 176
178 107
91 8
231 189
42 192
69 78
135 231
16 131
35 60
18 148
47 101
200 206
127 45
148 215
95 7
229 51
63 32
64 237
20 76
161 174
116 144
15 49
56 27
178 150
101 36
92 67
124 74
37 146
64 199
216 196
182 96
8 231
96 44
125 113
156 144
120 73
33 169
139 174
234 40
173 153
3 141
159 10
10 196
105 61
81 56
46 10
89 109
61 44
84 175
66 161
217 190
130 194
46 187
222 54
158 12
132 172
232 223
186 109
124 122
17 70
229 40
61 208
60 108
34 209
206 96
228 212
227 236
129 199
114 165
177 46
124 29
110 163
44 132
71 13
95 19
221 14
124 21
81 178
2 212
86 83
36 186
10 87
218 184
227 156
14 18
50 221
118 17
233 142
60 96
181 98
225 76
99 174
185 183
212 145
172 63
93 217
50 160
53 74
210 182
45 192
116 84
199 186
151 225
195 53
215 56
85 79
188 141
46 180
235 210
93 116
175 40
166 116
113 94
31 22
74 200
41 201
183 49
62 111
163 224
221 143
198 191
11 94
203 210
195 116
77 210
142 199
173 37
7 203
186 187
203 63
201 87
144 57
71 158
182 7
81 54
152 83
110 187
144 102
205 14
65 95
149 116
99 6
33 161
198 203
57 203
74 230
25 105
68 49
185 162
207 90
193 233
69 119
12 36
64 194
124 57
188 230
122 199
186 146
135 223
3 171
54 17
137 128
181 69
9 135
90 43
43 39
50 44
121 164
183 73
42 229
210 174
97 172
24 67
143 68
164 52
210 195
134 161
157 229
189 8
9 86
7 227
24 222
135 188
164 107
162 34
181 120
101 88
86 150
90 77
146 84
178 104
169 153
41 93
117 137
32 33
119 229
37 233
208 199
145 22
169 33
54 54
239 74
197 228
238 69
70 32
235 156
186 123
61 114
28 175
33 218
29 201
29 115
83 143
78 235
35 5
82 34
196 117
114 146
139 194
16 123
230 136
15 232
201 72
94 23
6 237
32 222
190 208
211 95
218 31
68 196
141 52
9 228
192 183
37 101
18 21
207 48
160 175
45 128
31 201
194 236
107 110
28 41
122 179
32 71
5 208
28 32
64 159
176 50
160 66
190 113
202 36
112 210
237 110
207 165
225 31
126 69
172 226
134 173
229 130
38 210
125 181
31 167
218 216
217 171
39 7
92 222
53 197
45 33
106 84
220 59
121 163
195 54
110 104
231 16
133 198
9 223
131 224
155 239
163 186
188 47
109 213
22 95
95 54
114 97
33 231
60 111
80 13
101 126
79 212
4 75
85 167
135 217
198 54
89 178
6 153
9 178
118 25
64 80
92 123
64 217
131 48
35 29
226 36
40 41
56 58
3 192
196 156
42 85
104 56
81 76
14 238
233 77
46 93
12 148
19 146
34 57
211 195
41 230
52 54
167 94
121 70
100 218
84 239
58 68
118 172
106 79
223 31
91 182
239 77
35 191
179 93
218 220
96 126
47 194
5 51
181 61
117 77
20 1
221 184
38 204
19 73
60 60
96 196
84 76
216 54
229 148
94 210
184 67
62 54
90 196
15 75
168 77
151 66
77 171
153 10
68 138
239 198
214 112
4 112
100 172
239 174
120 35
167 22
90 49
69 204
27 28
170 138
140 135
76 72
108 184
116 70
157 132
135 44
68 27
125 196
190 144
177 53
238 28
157 21
30 64
160 182
35 82
188 150
11 234
220 87
216 28
50 52
1 148
51 72
85 223
113 212
190 166
31 55
148 142
82 20
201 23
92 45
204 196
227 221
216 126
55 39
32 58
203 226
132 10
219 215
233 66
166 185
39 191
62 215
163 89
190 183
58 23
109 65
216 47
164 126
234 7
216 114
135 25
123 132
201 230
208 191
51 74
5 139
74 230
226 51
13 61
6 43
34 120
62 165
204 142
154 215
208 16
211 39
33 141
219 182
36 33
91 106
215 143
169 162
139 104
175 18
9 97
139 168
168 208
97 181
87 127
189 10
68 226
37 133
187 117
26 60
109 159
218 238
78 77
123 85
51 93
63 239
156 74
182 146
209 117
156 87
225 207
127 240
215 100
63 135
72 234
27 24
146 93
76 34
215 235
117 14
239 172
151 12
135 93
34 38
133 190
34 217
14 47
29 116
146 100
234 98
47 236
214 188
176 49
59 13
178 233
93 79
93 113
68 59
34 152
178 83
176 48
189 49
236 161
153 64
92 155
32 98
101 105
210 2
50 150
84 198
231 52
227 120
105 100
6 195
86 45
232 188
4 221
82 105
116 138
110 67
176 187
58 109
57 231
112 205
153 132
94 139
135 48
99 2
143 3
226 197
163 85
176 89
