240
11520
12 110
19 185
178 57
118 79
162 87
120 45
114 213
32 239
47 210
144 196
115 177
107 21
240 179
232 17
169 234
69 59
113 221
239 157
154 217
24 192
141 58
158 240
142 236
165 209
77 199
235 129
116 218
240 81
200 117
117 45
198 122
77 70
84 103
72 39
56 222
163 139
17 165
136 237
107 37
81 60
39 130
214 220
47 95
227 30
52 208
36 26
62 96
178 126
100 184
213 219
58 128
15 232
173 17
94 63
180 31
38 195
116 204
70 22
26 88
172 46
135 155
52 34
113 98
214 19
35 60
235 227
217 103
36 81
115 5
150 164
111 41
216 92
175 113
99 60
146 19
173 201
4 191
202 186
134 157
130 68
47 206
182 1
199 80
212 116
139 67
186 136
91 184
223 177
116 8
215 62
195 166
40 194
168 90
59 45
130 89
108 73
193 60
119 203
123 220
98 192
131 10
161 164
51 22
18 92
63 70
19 157
202 54
152 229
10 76
198 14
139 234
222 78
25 89
133 186
117 55
102 176
183 41
23 63
72 106
68 151
125 72
237 87
182 201
160 236
4 33
194 126
224 172
12 138
48 57
6 85
9 232
188 198
10 109
200 205
148 56
1 234
217 81
48 95
42 89
113 239
206 20
215 54
155 178
18 188
51 47
5 121
159 199
87 104
189 220
165 150
166 3
62 200
147 38
81 110
160 146
207 163
173 162
72 215
225 93
134 81
110 87
191 223
220 92
99 98
2 216
1 52
43 1
150 24
182 215
199 154
129 52
94 225
95 174
117 214
159 27
11 80
182 117
158 112
135 135
213 164
112 174
238 61
60 33
105 183
11 5
12 72
14 26
225 125
109 139
73 180
180 73
91 98
132 92
171 11
66 170
190 61
94 76
51 132
116 148
147 79
101 239
127 31
137 145
140 151
143 13
234 41
143 37
222 90
144 95
42 34
32 54
15 12
200 92
179 221
208 81
158 182
7 120
68 15
116 164
75 162
208 25
150 160
159 123
163 189
131 159
173 95
100 186
234 238
115 118
194 16
151 182
170 229
149 76
128 150
47 215
120 218
82 108
116 20
5 228
78 24
116 169
135 109
23 147
94 121
161 143
210 53
83 94
220 167
113 198
154 219
216 93
168 154
20 234
150 81
60 43
93 169
233 183
141 61
207 229
81 83
199 25
107 26
129 84
118 233
9 198
59 233
37 201
181 170
202 61
204 89
227 26
215 30
81 214
122 174
174 177
76 64
18 128
189 222
89 126
20 125
42 211
135 221
124 105
33 92
136 237
55 163
175 221
187 21
100 126
229 202
103 120
71 25
225 154
165 136
215 79
116 123
50 54
4 199
232 46
232 62
117 43
33 62
240 105
170 158
50 113
224 222
170 172
26 157
145 88
148 122
238 217
167 139
196 204
182 29
237 166
165 125
2 29
110 36
71 93
212 102
221 31
132 122
117 147
113 170
190 115
154 140
42 213
75 35
198 118
75 15
3 72
70 172
5 170
119 210
239 125
135 111
114 71
198 207
170 32
216 240
199 204
76 133
127 169
68 130
94 198
231 211
2 232
73 178
182 223
28 221
122 122
176 189
123 122
34 2
135 170
24 116
96 59
97 38
64 42
205 87
58 211
11 155
110 204
155 199
4 110
157 195
101 179
151 76
233 240
36 92
229 11
213 32
201 30
95 164
123 17
92 2
233 177
196 197
89 186
163 35
127 200
55 127
83 139
18 63
114 200
169 143
154 33
165 98
168 20
84 71
47 65
169 171
36 170
198 124
132 20
147 225
96 192
227 117
225 109
16 37
102 60
4 4
28 125
217 178
210 41
66 213
228 67
24 84
223 147
237 213
23 51
98 203
114 62
130 14
29 69
120 17
125 166
71 21
120 176
111 158
79 75
170 217
226 215
25 163
31 10
108 218
190 149
111 59
13 155
127 68
85 184
122 22
81 76
85 177
163 230
184 58
57 127
171 33
204 59
57 224
42 163
162 186
161 53
5 103
188 79
13 184
113 4
19 184
136 194
92 27
198 19
168 167
147 125
150 8
230 64
36 18
217 196
28 31
231 87
108 226
101 141
166 157
138 122
48 8
61 164
208 120
148 65
123 129
81 86
6 225
17 76
90 38
217 126
40 8
224 231
228 229
75 110
114 1
199 174
208 155
184 38
14 185
205 1
14 163
142 148
193 138
236 51
68 222
7 96
113 156
207 31
60 91
150 132
38 74
143 146
62 226
34 204
216 60
175 220
120 24
19 102
109 207
170 134
197 34
203 146
6 98
74 120
167 8
29 229
184 177
240 93
79 90
166 129
167 61
3 152
44 181
198 11
215 157
172 9
216 62
103 3
224 13
189 151
181 91
214 115
138 63
229 172
22 171
159 199
94 69
81 113
21 105
154 99
9 162
203 45
234 50
37 119
124 107
238 144
216 2
224 160
187 27
191 67
81 171
53 65
228 106
52 140
141 47
106 164
174 221
18 157
33 133
172 229
230 104
3 30
77 135
144 228
38 170
105 11
137 142
207 200
171 180
72 239
208 61
186 202
238 101
151 59
34 197
30 235
86 26
188 191
215 2
25 208
91 8
163 205
119 20
190 129
188 197
104 204
7 30
116 77
197 4
54 43
197 108
40 95
166 145
231 168
240 169
201 48
163 205
142 23
89 52
55 119
100 214
140 20
213 228
186 79
216 60
227 69
9 18
225 229
89 118
34 187
97 80
159 28
121 29
181 5
44 47
147 21
66 146
167 99
209 60
135 72
67 161
79 108
190 181
107 66
53 86
20 2
115 24
164 210
27 184
89 72
88 166
144 73
224 154
50 46
97 94
88 111
218 103
11 104
107 193
32 234
215 24
214 224
239 220
237 118
122 212
198 87
25 147
105 105
213 126
180 212
182 43
89 236
130 18
32 45
108 192
74 40
39 185
52 42
209 3
204 92
189 208
94 138
147 206
125 53
218 210
26 236
17 50
119 153
86 21
11 61
145 108
46 75
98 53
90 92
193 154
13 139
189 55
49 212
180 181
40 21
198 129
1 60
2 49
16 94
127 96
227 234
43 172
167 117
143 140
10 117
214 69
32 31
160 197
100 121
111 139
97 27
223 231
67 21
136 222
35 10
215 89
15 78
107 41
102 49
75 182
145 81
162 32
91 116
196 94
153 143
131 223
230 134
12 100
41 47
119 144
44 6
164 15
31 41
94 113
94 67
78 72
68 110
128 75
50 39
119 132
214 14
61 232
228 213
148 2
73 217
228 21
73 174
125 109
213 46
107 14
210 41
41 38
152 4
90 44
133 178
144 81
117 108
41 182
59 17
96 224
29 150
23 79
107 182
138 101
114 18
5 124
123 167
171 54
222 98
4 122
212 71
89 89
78 181
140 70
181 10
213 175
85 54
90 139
207 45
206 65
32 115
82 1
54 208
30 93
77 54
79 229
70 27
17 182
193 4
172 88
38 85
211 79
50 167
142 202
112 147
139 57
216 32
193 25
53 131
213 215
198 111
94 132
7 147
131 143
36 50
223 80
20 167
153 61
195 220
43 113
18 114
63 40
4 185
7 86
141 13
126 165
4 45
94 232
121 222
22 95
209 54
72 10
48 3
48 64
100 184
133 35
98 62
74 47
148 214
9 210
192 53
162 70
114 52
118 26
54 147
114 135
176 148
122 62
140 202
50 200
56 22
225 201
228 31
205 236
19 100
201 44
86 47
234 143
107 118
78 155
210 196
19 64
58 3
123 3
75 12
130 176
114 21
27 70
10 76
27 33
94 7
76 27
99 102
151 75
34 185
189 150
224 229
146 64
99 207
166 220
13 125
10 133
240 221
209 142
84 40
3 201
7 211
207 135
228 69
107 27
144 92
151 187
157 126
13 179
194 150
47 71
48 169
140 81
190 136
72 150
108 102
21 28
26 188
140 231
197 167
35 7
30 12
86 110
213 26
145 65
31 166
113 112
124 120
60 111
227 137
154 104
17 55
155 38
163 150
64 197
229 109
4 214
153 32
182 166
82 22
36 217
25 64
104 85
55 183
41 149
35 154
233 167
84 121
180 95
45 53
109 77
86 66
156 85
228 119
74 70
236 53
208 109
231 178
233 83
124 74
121 226
55 198
27 149
52 67
154 71
32 164
182 113
118 124
222 79
150 102
208 23
69 38
192 191
113 235
46 153
151 18
35 56
49 20
151 10
96 34
152 80
132 59
60 208
235 108
141 71
41 10
29 200
118 154
73 128
140 42
153 38
225 132
213 141
76 147
22 129
218 44
9 116
210 19
201 3
2 133
206 184
169 161
19 197
93 101
156 116
236 5
62 174
5 208
108 211
24 216
224 183
24 124
226 129
15 189
192 157
169 108
53 135
188 164
32 128
57 86
230 112
123 44
184 95
79 46
17 190
123 42
225 191
232 17
123 235
135 138
79 125
38 32
126 70
228 21
56 190
148 62
233 169
15 79
29 221
67 53
170 77
6 192
198 48
139 50
183 16
180 186
143 195
226 202
84 188
163 92
66 53
12 157
35 174
199 46
195 14
238 80
75 83
152 13
160 8
80 228
58 237
127 125
17 74
130 57
144 231
128 105
6 60
113 199
228 159
53 11
11 42
118 115
209 235
217 5
172 66
27 175
199 46
17 213
202 115
57 44
81 206
126 187
5 193
21 100
124 139
217 175
205 64
6 171
180 37
128 14
80 198
180 133
213 70
239 227
233 239
206 211
4 49
165 177
169 127
72 171
178 99
152 80
165 228
162 182
164 19
233 96
189 214
46 50
32 72
176 227
196 214
142 163
21 27
2 215
163 236
55 211
27 153
79 62
114 167
174 225
140 188
110 114
214 232
198 91
232 240
4 159
69 79
210 54
84 149
160 106
78 215
19 239
51 66
33 53
225 92
205 155
238 238
80 23
175 205
109 151
158 207
105 63
238 108
151 225
119 109
105 224
100 110
12 55
199 61
2 36
24 112
171 94
96 129
155 45
234 116
198 141
84 6
2 72
125 55
85 38
195 210
80 202
107 138
109 234
206 139
15 69
119 171
232 32
87 34
188 209
2 132
109 39
46 29
44 127
160 144
93 80
193 221
83 239
127 222
156 226
86 220
134 44
188 218
74 2
106 190
196 210
137 144
179 188
103 142
208 206
166 112
201 3
240 197
212 6
65 105
54 17
142 192
136 177
198 56
45 119
204 206
80 65
106 207
208 216
5 88
225 138
137 153
31 92
110 91
151 143
118 130
206 225
116 103
38 18
12 83
73 117
183 235
148 138
105 114
202 163
59 75
29 29
132 189
5 134
209 148
136 47
81 227
207 115
163 90
15 116
81 23
212 20
127 125
102 221
21 165
161 183
12 202
87 140
206 64
95 215
15 48
225 185
111 186
85 79
162 188
180 95
97 73
6 124
108 108
50 69
236 148
69 66
102 120
168 214
214 66
183 58
98 209
71 239
200 73
171 229
221 199
238 99
147 167
217 208
115 202
94 108
64 104
4 180
96 176
131 151
4 221
110 226
107 6
160 154
101 97
163 144
9 96
218 124
221 147
12 9
110 180
29 167
60 175
57 48
57 48
89 166
158 141
74 20
222 179
12 34
218 155
37 220
114 5
76 85
188 49
130 31
226 234
182 20
122 223
62 235
75 154
153 98
15 61
65 129
100 24
214 183
67 115
107 221
204 216
37 77
24 94
148 124
104 228
191 35
125 80
23 10
133 86
222 230
159 180
124 149
91 30
155 164
136 157
139 103
8 74
195 217
35 160
175 24
155 214
26 60
192 78
59 112
75 230
188 195
116 95
103 129
124 97
12 95
165 136
195 230
65 168
171 168
94 67
222 2
202 114
127 19
195 193
126 90
139 173
145 129
189 209
129 50
181 155
160 44
127 170
59 137
144 213
164 223
24 208
93 60
4 98
149 180
156 48
38 227
9 132
55 213
55 40
45 201
160 213
142 226
141 89
69 156
40 218
152 214
106 211
198 151
185 208
174 218
153 86
237 107
66 124
2 95
159 93
171 169
190 159
189 3
90 134
150 85
200 85
51 90
131 161
9 157
32 144
49 31
114 219
21 43
27 72
24 97
2 61
226 36
163 92
236 199
195 35
117 187
220 96
104 217
24 191
33 67
164 237
236 178
81 124
186 234
191 19
119 123
209 147
237 225
61 97
161 28
185 30
207 97
53 210
85 99
113 196
95 66
215 105
120 152
98 138
52 65
58 239
177 145
228 30
64 93
150 90
165 211
221 174
32 80
130 225
56 66
53 105
76 11
19 140
155 219
174 5
128 210
4 26
72 105
161 154
148 158
133 177
110 70
33 21
178 118
32 180
183 180
136 199
97 240
132 186
28 116
208 114
62 134
233 200
127 146
22 46
153 147
166 184
136 129
191 226
69 136
66 224
209 209
121 205
79 54
177 59
123 56
237 102
238 62
142 154
76 25
237 213
142 48
4 185
20 61
161 60
78 132
151 96
87 12
102 86
171 204
210 182
45 91
201 119
224 27
182 40
159 3
27 18
187 195
203 220
80 233
94 167
14 97
208 53
113 70
148 29
151 19
239 200
116 202
118 82
71 120
170 157
6 138
150 207
90 21
79 116
116 39
12 78
215 194
108 41
8 193
75 164
134 129
110 45
133 27
19 45
155 234
117 157
111 161
130 181
127 90
6 89
128 106
109 100
76 11
236 122
105 126
18 225
106 233
16 223
219 237
9 48
31 48
15 25
37 37
100 2
164 229
53 159
147 138
77 2
203 175
236 120
107 80
89 70
108 2
141 155
82 23
33 79
136 226
171 227
4 34
194 154
28 13
76 41
212 217
37 225
161 21
147 203
127 217
78 14
214 49
100 92
28 229
104 142
157 205
128 211
16 190
144 112
118 133
212 11
33 23
80 173
13 26
158 23
1 8
160 36
101 54
116 114
200 9
162 46
30 122
173 40
153 60
25 30
172 113
77 25
11 19
107 96
101 63
106 74
192 70
85 161
71 219
88 185
226 138
60 1
177 187
221 181
217 126
69 101
49 103
63 151
161 118
220 42
53 236
181 147
239 155
1 203
68 61
33 183
199 49
146 6
212 41
12 154
10 174
49 220
80 156
198 126
227 181
152 134
239 170
210 112
100 87
183 228
149 187
112 63
78 63
37 234
104 183
98 110
80 235
159 138
28 136
136 6
235 148
162 148
11 137
214 151
74 202
22 194
50 61
135 91
200 153
169 56
219 24
205 122
212 59
100 238
10 158
213 234
17 131
47 11
74 194
133 132
74 195
220 207
197 224
185 21
157 118
112 239
49 201
190 33
53 128
44 31
102 144
209 59
6 127
232 131
155 68
193 74
192 222
202 89
91 17
225 233
171 108
240 101
175 97
231 49
52 78
120 145
50 43
151 115
86 183
179 124
44 36
66 172
23 179
128 73
90 220
107 90
84 50
91 84
80 197
125 174
11 138
204 36
113 116
68 60
104 67
51 74
94 147
36 39
233 49
233 14
174 98
4 226
175 152
161 161
101 61
77 76
3 30
88 20
224 150
7 129
210 55
4 77
159 57
234 190
174 233
134 28
144 32
12 74
21 65
96 205
226 147
73 40
57 160
33 114
49 228
212 96
112 153
238 70
222 212
156 109
192 179
164 156
128 208
239 223
125 220
22 78
77 90
137 229
5 11
54 101
216 130
59 26
79 134
72 104
132 151
212 67
224 191
8 104
69 81
136 7
153 57
189 39
4 173
6 205
127 47
68 17
28 131
234 153
30 165
153 67
52 20
125 238
129 44
211 174
128 141
223 10
30 239
8 215
155 35
38 215
121 152
103 5
33 136
67 127
65 67
5 120
120 169
63 42
137 178
71 76
179 114
38 96
62 26
50 15
70 84
203 3
164 146
121 153
3 57
177 226
20 17
106 34
49 88
29 48
58 92
43 114
234 228
172 127
89 122
222 110
194 220
90 73
52 5
56 187
178 193
186 141
166 234
105 81
221 155
228 124
131 169
201 211
68 105
228 230
151 16
74 162
24 47
182 103
124 156
51 7
142 129
175 148
67 133
45 192
50 150
6 100
89 5
193 91
105 50
184 24
229 96
131 143
240 57
80 166
143 36
155 174
218 181
229 59
94 102
129 232
38 23
11 57
140 200
61 74
113 14
159 40
42 6
48 62
156 107
7 9
15 221
140 51
148 52
35 156
1 96
179 75
151 23
162 157
173 220
82 22
131 132
179 225
211 51
107 3
104 27
211 231
209 168
198 90
110 158
160 61
25 67
125 16
50 188
6 135
126 161
74 29
153 57
196 153
30 124
16 197
34 84
11 66
77 26
163 200
52 233
158 144
76 182
34 103
28 203
151 59
121 228
169 150
240 208
239 74
23 104
116 88
116 113
154 37
210 33
49 78
156 208
36 85
215 217
145 166
8 63
68 144
182 5
224 223
127 192
153 7
15 9
71 78
43 155
173 96
232 132
126 236
234 55
88 135
219 41
208 81
53 174
218 32
184 177
70 47
42 168
30 143
126 198
80 182
140 147
74 162
180 70
112 43
51 77
103 57
75 112
34 34
26 51
198 12
164 66
21 126
237 185
233 52
168 116
105 95
158 190
47 237
87 226
45 57
162 53
141 182
148 223
43 181
88 213
116 193
78 167
167 91
100 212
40 131
226 142
72 195
158 161
232 9
238 180
54 12
65 169
59 5
96 85
79 39
83 125
99 139
199 17
115 21
213 161
62 166
187 181
161 160
5 138
217 160
200 102
215 168
205 17
113 58
92 92
237 9
39 166
173 12
55 229
135 233
75 211
84 30
137 4
56 151
233 3
210 174
218 107
67 175
225 99
151 126
102 65
61 205
63 50
182 59
238 217
74 3
92 44
44 54
14 7
215 235
169 185
14 98
142 208
142 188
229 201
111 149
9 168
98 200
79 154
125 240
68 158
195 87
216 177
188 189
151 36
209 15
54 28
89 214
5 6
213 214
63 240
186 108
57 167
132 195
158 181
108 51
71 35
225 97
168 217
27 82
116 153
53 160
199 20
113 204
161 201
59 56
182 202
189 140
15 228
10 201
184 218
198 103
7 230
236 57
237 203
204 124
176 228
193 91
38 65
166 83
79 160
117 129
215 165
36 49
4 122
137 224
103 237
131 23
227 228
142 212
48 158
126 170
120 28
66 2
124 228
208 193
145 72
44 111
182 154
236 78
217 156
184 204
197 40
17 221
201 194
92 63
139 135
120 149
199 198
22 133
71 1
134 62
161 168
170 175
229 155
8 157
152 13
122 204
226 134
27 128
193 107
40 99
138 46
103 91
125 160
138 25
106 135
49 86
168 126
235 24
5 162
94 233
183 57
95 79
41 88
39 85
17 238
118 121
45 182
25 56
222 172
107 145
139 133
69 217
145 207
13 8
240 92
167 12
240 87
6 72
106 88
34 218
166 139
151 198
66 120
87 197
64 191
192 102
183 40
65 18
238 40
21 128
103 227
140 150
37 225
226 103
103 240
128 166
199 26
85 34
45 147
171 232
209 210
10 27
47 33
131 45
105 64
231 179
31 42
11 195
198 14
69 36
215 98
167 122
163 27
63 118
5 57
81 171
207 177
173 162
109 6
172 236
27 227
61 139
41 24
9 25
4 117
37 126
42 148
34 203
174 238
58 73
61 66
218 218
185 208
172 223
74 109
61 211
83 32
149 165
116 197
235 207
240 58
24 224
28 74
5 122
33 228
146 133
59 238
142 185
169 60
157 66
81 196
47 66
8 150
212 198
31 231
14 90
55 118
119 157
33 14
200 150
196 147
212 43
28 81
32 157
219 70
118 127
1 102
173 205
134 203
109 210
38 169
217 214
190 102
145 149
96 81
4 226
29 39
92 188
235 188
28 141
7 102
21 121
110 224
226 31
25 144
236 96
151 91
170 39
12 154
108 168
203 17
79 151
104 65
226 30
196 75
63 104
68 67
42 87
154 117
31 17
193 47
220 207
41 61
67 20
117 116
199 172
77 237
174 139
139 97
157 185
219 177
123 65
116 122
194 2
230 4
33 141
212 185
3 46
176 231
39 155
209 189
190 151
54 160
131 68
122 85
195 74
148 80
179 187
219 153
64 109
8 192
122 240
4 67
14 39
178 145
33 178
219 179
62 63
237 236
128 4
106 63
33 109
105 83
136 88
100 137
70 143
7 114
55 202
211 228
52 176
225 131
6 168
51 201
147 25
50 53
121 62
237 208
6 56
5 174
32 80
145 222
150 233
102 11
137 132
56 87
103 169
214 164
239 194
107 228
153 119
20 126
32 60
180 47
93 63
13 119
182 132
37 137
167 193
56 45
94 168
54 194
168 110
8 189
219 187
92 141
181 212
94 5
21 113
25 193
215 43
54 235
6 206
167 49
49 123
25 27
202 14
133 30
49 43
112 212
205 54
238 138
220 175
44 38
152 209
122 147
80 200
168 58
162 52
131 229
35 235
227 225
149 161
35 81
97 119
95 203
24 141
231 42
173 74
54 221
109 18
79 155
27 87
127 203
87 161
77 180
8 81
214 137
46 138
138 118
197 13
201 218
181 178
228 69
104 168
58 131
110 98
45 30
119 204
165 121
154 97
120 198
25 7
70 128
210 163
122 196
147 19
212 138
108 120
220 50
10 139
90 18
105 209
165 198
111 76
12 164
49 160
153 139
143 165
85 192
217 93
144 169
149 154
112 226
73 174
127 152
175 230
5 69
185 12
70 205
20 26
139 231
95 167
70 43
13 151
226 172
171 71
17 63
119 141
8 211
206 85
30 25
219 190
197 102
120 112
6 3
137 209
144 234
12 111
35 178
19 74
124 53
166 94
81 18
68 41
101 162
3 5
153 210
197 164
49 230
195 162
233 206
213 202
223 98
181 164
102 142
157 29
136 44
180 67
127 73
142 150
230 149
136 237
35 171
81 22
216 210
49 92
133 124
98 118
175 151
10 139
152 84
3 34
127 57
171 111
69 163
237 57
145 138
121 207
158 170
236 146
39 110
124 76
12 100
217 25
206 205
210 19
131 143
239 140
134 38
22 73
20 137
213 65
7 174
80 167
102 120
234 169
49 79
33 201
104 87
188 206
30 70
165 17
230 162
67 188
186 48
4 144
136 108
106 117
103 180
103 190
7 29
11 130
162 62
134 54
36 240
122 45
142 82
30 154
64 182
95 139
69 203
207 152
144 86
157 39
209 79
143 91
173 41
45 182
4 198
98 202
215 191
107 38
238 140
17 37
67 27
52 106
45 17
75 113
229 62
93 226
132 153
101 133
192 16
206 56
196 190
91 56
81 66
240 200
196 81
35 80
105 107
141 219
173 190
93 68
25 194
44 138
229 4
147 213
106 187
6 91
136 124
53 162
50 178
28 93
213 229
153 71
178 78
189 123
19 183
194 15
154 20
140 27
136 79
189 131
31 203
203 172
212 167
183 120
61 196
37 20
43 98
219 117
103 209
7 196
220 94
87 18
53 178
88 233
65 16
25 92
1 206
2 42
208 121
230 136
4 190
70 108
223 157
213 224
49 128
9 81
209 177
32 110
151 115
197 172
157 149
194 5
14 232
229 18
113 45
186 37
133 170
68 188
118 57
180 49
206 200
82 148
61 96
60 199
38 40
85 137
148 148
133 64
191 200
93 38
206 230
117 107
14 116
107 111
113 90
218 187
190 11
130 72
229 160
160 55
221 189
212 197
213 126
88 216
175 12
239 26
230 24
24 34
95 129
1 68
78 44
22 32
167 136
118 45
128 226
48 101
139 156
136 7
187 37
19 140
215 144
217 16
140 58
28 41
130 237
177 92
84 165
97 28
38 216
46 58
47 129
77 29
163 145
11 238
83 40
92 44
10 55
162 176
141 81
235 220
150 202
165 212
72 225
111 196
178 61
60 110
219 164
46 235
34 87
184 205
106 3
116 112
96 193
210 104
37 30
160 4
140 105
183 228
79 7
84 148
62 135
133 149
1 206
168 33
135 65
237 122
44 188
145 113
7 84
199 95
68 33
239 32
42 65
42 238
80 203
212 21
156 189
97 52
59 76
34 206
195 64
46 167
49 117
157 22
68 148
101 174
109 14
49 222
95 64
187 89
20 4
115 178
200 104
87 92
61 32
157 19
94 236
121 51
181 111
122 206
35 128
186 113
135 106
154 27
160 104
234 91
214 214
154 148
111 141
51 78
187 119
78 63
137 48
132 188
135 169
228 129
160 11
80 20
83 73
112 231
40 113
207 20
189 43
34 33
208 16
211 104
232 5
67 151
16 221
81 18
150 157
95 31
31 80
48 5
148 129
50 173
49 227
138 46
166 57
73 211
180 212
84 61
152 216
14 135
101 188
26 60
206 213
148 44
79 226
168 90
220 32
98 47
88 240
128 143
94 154
83 108
34 60
27 138
131 187
182 141
63 55
239 53
21 133
79 167
143 171
68 147
91 162
90 205
213 204
1 235
165 18
22 9
40 178
164 55
198 97
56 65
98 84
126 85
27 108
126 174
4 48
217 193
169 142
159 153
85 145
72 161
131 197
40 236
119 124
70 104
2 99
167 72
58 109
125 73
217 28
117 214
110 196
137 64
215 72
76 195
218 197
228 51
132 43
35 61
109 149
116 34
49 108
56 209
144 81
89 94
186 240
172 47
138 158
81 204
235 187
45 150
232 98
71 131
210 151
117 96
231 5
81 144
164 70
199 233
53 16
72 75
27 232
95 130
65 44
206 199
21 155
173 85
231 234
171 16
101 202
173 41
71 180
184 13
205 141
140 127
95 202
232 143
147 177
195 97
192 193
211 202
80 110
227 190
154 224
132 122
185 49
229 181
169 32
71 236
62 106
234 94
97 172
149 132
84 41
234 59
42 115
91 193
101 218
224 82
11 32
140 90
207 199
96 221
63 172
188 113
132 46
198 21
142 80
27 139
199 149
6 99
133 211
162 119
207 111
188 193
177 89
16 123
3 31
188 228
192 129
194 164
2 12
156 158
10 36
187 198
49 114
84 33
168 230
77 166
85 103
10 189
91 170
119 17
112 230
165 218
176 118
30 177
171 60
152 16
210 113
12 99
239 238
182 83
129 94
137 160
94 88
227 47
149 185
236 74
70 130
94 136
148 48
36 56
138 52
230 148
36 86
14 27
181 234
216 18
59 31
50 136
227 13
236 40
228 61
122 202
235 48
63 190
171 20
125 182
224 179
232 220
67 147
73 226
220 229
179 110
26 212
28 97
111 124
122 68
234 50
159 223
57 116
226 219
134 215
109 15
28 183
200 119
234 14
57 66
190 108
56 183
225 32
100 82
78 68
38 124
154 19
122 11
227 43
39 194
40 121
14 38
31 61
104 232
29 90
222 99
88 16
121 197
240 14
96 67
98 111
197 193
49 123
1 111
193 133
28 46
134 16
70 178
39 188
187 132
96 40
239 190
104 163
238 63
186 202
227 46
35 76
163 51
5 25
181 13
42 51
31 159
151 69
146 73
146 127
13 53
172 138
21 20
162 43
204 87
157 214
93 150
48 160
23 73
5 222
58 188
7 204
130 64
201 217
200 118
90 50
87 99
145 31
208 141
197 13
172 182
227 56
205 69
235 164
19 152
56 18
63 188
101 191
81 1
207 182
187 62
29 194
88 176
152 37
196 6
142 55
159 81
54 156
229 157
125 183
226 165
190 160
130 89
223 215
177 145
134 219
168 176
212 108
123 226
222 36
56 187
64 50
67 168
57 157
132 98
173 89
77 157
175 6
126 96
96 210
65 98
156 21
147 224
61 111
179 101
19 63
230 96
211 173
57 189
165 43
30 59
223 96
103 83
238 140
179 52
231 132
11 217
161 228
41 25
87 1
123 165
118 141
168 134
195 34
121 80
182 100
52 172
95 172
73 16
94 196
220 172
41 22
111 82
97 22
135 13
180 160
87 228
71 209
18 7
183 167
167 177
164 64
116 176
208 193
126 35
152 29
154 131
53 2
183 142
48 137
162 182
6 186
115 139
184 139
57 113
46 225
141 136
121 13
196 212
128 144
69 101
71 134
238 9
222 54
180 15
75 219
139 13
199 18
165 92
189 29
94 101
8 35
167 36
153 80
20 236
123 80
97 223
35 165
13 230
7 21
225 41
91 234
212 122
162 172
154 20
113 210
151 189
180 68
8 89
133 85
67 111
57 161
26 59
18 33
63 85
154 2
139 163
133 95
146 122
223 237
235 220
239 38
78 163
93 83
210 95
213 51
108 42
97 220
29 226
166 7
55 74
78 233
145 208
164 191
224 41
194 14
51 88
231 114
123 24
25 15
10 102
69 8
98 71
83 94
106 28
132 193
213 53
166 147
158 199
74 127
87 176
43 98
57 77
30 215
102 70
162 52
87 158
157 65
1 15
239 49
134 179
194 53
121 94
24 203
174 220
181 45
145 215
49 175
11 30
122 11
58 80
19 208
131 205
54 76
117 58
112 36
30 118
63 113
198 228
230 126
85 231
77 169
15 181
90 126
215 82
36 98
32 191
106 228
20 190
181 134
205 74
161 11
130 80
50 214
224 221
138 149
11 191
84 211
240 76
210 30
161 121
205 73
100 223
164 209
85 182
82 195
135 68
236 180
229 177
220 197
107 14
227 150
13 136
207 85
11 81
53 68
151 72
67 163
51 10
9 195
202 225
225 16
206 115
10 64
207 187
111 94
169 212
41 114
175 116
48 240
64 192
189 90
115 228
142 116
143 127
135 231
133 189
148 52
197 98
161 211
183 99
228 97
229 122
189 116
29 111
100 16
219 227
42 101
202 206
124 131
120 97
65 230
31 149
159 55
238 62
38 145
126 105
77 43
152 230
133 206
154 118
172 176
132 72
200 136
212 19
117 70
202 69
125 203
1 198
172 156
91 238
205 201
20 227
220 71
177 85
228 113
157 18
100 25
153 17
221 78
24 18
92 24
237 108
237 7
128 139
125 212
26 185
153 29
236 62
130 105
68 24
71 66
17 201
46 214
146 22
196 93
9 14
234 129
190 184
181 231
182 44
66 75
104 212
182 66
174 108
60 102
47 146
18 185
217 137
28 189
101 135
50 46
175 220
136 188
95 232
191 89
68 170
210 126
221 183
219 157
90 40
198 110
208 15
192 146
44 180
238 240
106 149
26 167
116 156
47 50
57 55
125 95
63 40
152 110
8 144
156 191
60 6
238 160
211 188
82 182
50 100
230 85
53 210
208 187
46 199
118 214
74 55
138 39
8 150
74 188
196 224
73 33
167 61
236 211
36 67
217 67
109 105
126 231
81 32
187 102
110 132
175 194
202 136
240 201
107 175
182 181
234 216
40 59
133 179
210 28
147 168
153 43
28 164
228 222
185 18
57 54
126 135
136 23
224 115
180 41
40 164
116 235
84 45
240 98
226 205
69 20
186 232
87 148
148 36
156 22
36 187
128 28
156 61
181 205
108 51
123 176
137 109
35 72
57 155
112 171
65 49
77 203
56 54
55 133
30 124
56 117
196 233
5 177
150 110
64 102
206 120
108 64
104 127
30 238
143 22
136 37
95 140
111 13
5 3
70 183
118 128
129 134
205 16
203 218
124 192
183 191
196 20
211 136
240 225
142 168
22 30
114 180
74 75
192 208
207 191
145 202
231 182
148 45
3 12
170 81
173 61
116 65
97 100
92 16
68 65
208 11
25 36
77 64
163 200
206 224
235 187
213 161
33 90
148 156
53 111
219 190
138 127
24 149
228 97
42 174
127 98
70 25
219 82
172 54
119 159
107 17
193 54
151 143
171 99
64 79
116 40
193 58
1 155
209 50
97 238
87 194
35 89
229 42
52 228
216 111
34 101
70 142
12 73
235 106
67 139
169 59
26 69
41 116
189 240
222 199
134 135
130 41
107 99
221 173
36 23
110 20
75 155
102 160
220 191
132 29
175 70
136 177
21 208
109 62
1 81
157 231
24 109
119 52
184 201
5 20
13 71
223 28
165 187
218 156
130 73
232 41
32 95
116 191
44 37
136 44
101 32
18 155
190 56
63 67
5 150
100 208
196 93
72 155
37 179
75 33
235 187
98 12
85 119
154 26
42 7
43 46
59 148
228 67
30 235
228 56
98 23
228 231
14 58
45 232
219 82
112 111
187 33
231 39
177 8
52 72
211 45
112 199
151 174
192 142
13 212
28 93
26 18
198 164
8 27
204 233
206 183
40 138
129 198
12 217
43 114
239 209
161 52
60 196
178 236
73 32
8 37
69 234
192 178
80 30
2 1
133 165
160 198
74 173
48 10
76 100
161 82
103 37
54 114
13 98
61 61
166 196
94 227
51 2
194 233
134 230
68 108
124 82
35 28
161 115
100 100
227 162
187 234
9 189
190 129
178 101
137 192
229 123
133 123
23 158
68 197
50 85
119 38
188 121
80 142
120 212
65 50
91 33
131 43
6 127
175 75
210 83
65 78
121 84
190 86
27 26
174 6
88 190
74 9
233 164
92 105
82 26
156 158
3 12
29 121
110 44
180 43
178 29
23 62
122 11
3 2
194 11
160 220
61 208
14 153
138 202
216 230
209 152
223 84
121 26
28 37
191 187
84 206
91 233
186 47
229 14
232 33
73 79
174 15
176 100
45 87
151 142
14 231
3 43
83 161
140 136
172 195
64 225
191 101
202 85
7 126
30 147
99 235
31 147
207 179
122 67
224 86
142 178
206 185
85 43
101 107
7 54
96 89
237 117
198 159
32 169
85 133
149 99
14 26
222 143
128 164
106 191
222 32
121 77
219 154
229 27
21 23
77 104
95 181
99 177
240 210
98 135
182 168
82 99
68 218
172 113
10 135
12 28
72 224
35 133
196 76
130 75
229 183
157 169
233 70
176 200
231 92
174 101
116 177
177 145
117 202
175 65
107 135
80 118
97 67
231 64
174 174
161 91
217 69
166 31
238 203
221 79
2 44
86 188
86 94
126 79
122 196
148 226
167 109
233 203
56 198
50 137
48 232
53 214
107 48
116 51
7 107
90 37
172 173
106 227
100 115
166 150
234 223
185 236
209 198
45 33
166 212
87 53
186 56
29 157
9 127
92 127
89 37
174 196
77 116
66 180
45 162
187 135
57 124
125 216
72 50
192 62
6 108
212 233
190 167
47 187
127 27
142 146
109 71
166 187
110 191
119 79
71 5
187 141
123 97
223 208
153 178
215 5
149 34
36 122
117 213
9 202
214 153
35 178
195 123
29 106
232 79
60 80
176 46
235 234
120 3
237 171
48 200
199 12
66 81
56 6
10 111
123 72
53 172
196 178
215 33
115 225
178 12
220 239
210 229
86 93
26 156
156 196
5 70
204 136
44 205
37 69
153 167
234 140
169 88
124 194
41 41
238 181
172 41
67 190
115 81
119 32
95 205
122 210
115 80
212 185
148 207
236 136
65 15
121 112
106 147
185 121
169 108
188 199
145 154
178 24
3 18
143 139
72 192
129 34
50 19
16 215
187 89
165 228
188 147
221 178
12 28
207 41
194 156
230 19
162 54
38 72
186 13
144 201
97 61
149 193
191 2
57 77
17 132
186 83
61 209
173 40
148 96
141 131
65 123
152 161
16 118
23 58
156 130
235 219
3 172
67 232
216 73
85 160
73 152
134 91
62 231
225 56
19 85
203 129
216 15
112 240
153 237
135 43
52 200
207 166
222 208
21 16
225 41
48 178
236 31
92 73
122 99
94 77
75 37
94 32
198 112
29 135
88 211
193 215
11 216
48 57
102 78
174 17
57 185
13 192
88 135
63 167
218 178
67 214
14 7
37 169
147 159
164 130
173 182
157 90
136 223
108 73
174 103
163 142
178 127
166 235
212 116
141 32
187 64
118 142
148 23
54 114
226 67
238 184
104 147
21 227
77 184
100 124
85 204
162 232
104 56
80 189
35 32
122 10
4 75
200 19
171 100
153 29
221 47
219 230
236 79
92 238
26 95
56 220
61 165
171 70
216 95
84 188
102 209
154 50
26 51
141 181
124 127
218 225
208 33
151 233
106 144
73 52
2 24
145 204
208 186
202 207
233 196
172 185
175 34
179 4
1 209
193 14
147 117
148 121
28 98
219 90
93 162
81 83
84 153
70 128
26 117
66 193
216 189
138 233
101 167
85 13
128 13
174 218
236 38
101 19
143 70
32 128
196 91
9 108
72 149
111 83
33 150
216 118
128 78
53 119
198 173
211 119
218 6
218 139
176 169
65 92
33 88
190 198
198 25
226 151
25 40
48 92
129 3
239 195
28 187
171 140
151 168
145 193
145 36
195 78
225 167
167 200
199 24
25 109
6 54
53 96
239 17
220 116
142 237
224 72
201 69
158 83
215 228
15 239
163 41
35 181
70 101
8 209
59 207
198 114
7 224
234 211
102 185
24 42
164 165
70 106
90 51
151 230
112 204
22 213
182 143
16 66
60 42
239 74
6 120
6 167
193 207
75 78
116 238
138 212
173 100
239 81
2 199
240 41
221 60
235 209
167 239
159 225
17 2
21 110
113 165
191 96
176 50
198 39
102 98
106 3
151 73
26 44
217 145
184 202
220 183
195 19
40 53
192 38
179 213
69 160
222 124
102 15
134 68
34 96
105 25
49 67
211 89
190 222
85 230
111 122
43 81
25 161
149 221
129 122
84 18
8 16
73 17
203 154
13 234
166 25
210 165
110 175
182 97
135 21
138 78
179 235
156 55
3 73
169 217
62 24
108 183
35 139
171 221
9 69
140 77
196 215
110 60
193 212
146 76
190 214
34 229
131 5
26 134
19 209
142 144
149 149
116 102
85 131
223 98
145 30
33 71
132 114
32 156
211 205
10 154
75 104
16 173
9 51
222 200
33 61
116 162
8 83
145 99
17 22
178 79
230 74
211 14
97 59
101 174
171 188
103 223
45 75
206 40
204 42
156 142
191 152
35 196
183 89
186 148
136 17
193 174
127 171
24 127
142 227
234 97
86 131
235 34
203 127
226 121
124 117
97 22
72 39
71 199
20 176
52 151
149 124
152 131
72 121
35 44
180 79
52 11
16 199
115 235
3 95
61 217
109 223
216 98
94 103
234 25
70 31
152 141
5 65
170 16
144 238
82 194
55 26
232 239
153 123
60 71
106 140
189 119
188 81
3 168
82 44
173 65
6 142
223 231
227 237
40 50
3 106
136 50
200 15
66 191
46 230
184 10
50 136
128 5
167 233
128 197
231 213
188 164
206 201
117 212
47 142
37 196
143 138
133 61
9 26
148 139
159 171
78 74
160 236
178 66
85 124
85 231
95 127
224 35
163 15
124 35
155 160
87 26
59 32
123 227
213 6
205 142
183 24
197 199
214 48
220 234
29 159
42 53
202 170
33 32
164 195
72 182
61 7
161 107
183 45
43 204
174 130
20 94
24 94
105 19
114 119
39 201
63 201
28 188
127 39
203 58
121 236
94 92
54 108
152 113
190 47
39 202
219 200
199 180
155 94
112 183
185 221
102 218
133 181
110 206
174 134
57 211
154 36
139 108
90 12
137 214
9 78
160 85
157 173
88 156
174 159
134 1
100 30
89 158
145 166
181 207
112 216
159 158
221 52
205 192
197 166
84 222
136 118
92 137
126 106
51 46
168 128
220 149
185 149
66 112
75 47
176 222
189 48
44 74
141 39
47 203
217 46
222 216
197 183
69 84
219 79
79 11
164 87
225 41
3 193
188 161
236 221
106 234
130 64
54 121
145 200
183 156
113 135
53 155
2 220
236 78
51 232
19 150
75 119
18 128
132 40
156 124
178 38
103 152
4 201
76 205
58 192
96 34
59 204
134 155
113 200
135 42
121 123
221 55
55 222
113 76
227 39
91 19
74 170
236 183
149 56
70 157
68 200
82 149
6 214
90 152
23 26
221 164
171 197
84 37
180 125
115 63
208 86
117 201
83 47
87 213
138 176
131 113
208 47
47 29
76 107
164 51
150 213
198 138
107 20
182 42
159 238
45 86
100 233
99 180
157 106
136 182
105 205
25 117
93 156
216 160
88 125
122 94
149 199
209 118
70 108
141 216
116 25
240 224
57 80
102 192
113 222
120 80
199 6
89 126
46 33
17 123
6 131
120 121
53 168
67 25
221 32
97 74
191 103
175 63
77 234
159 67
7 53
2 37
212 3
109 42
43 130
55 122
104 200
117 99
202 21
130 207
102 69
229 46
43 20
71 54
157 3
28 105
231 42
70 222
75 236
170 109
73 44
49 45
125 52
6 5
100 156
75 75
234 224
76 138
109 208
65 182
42 31
238 90
101 57
12 23
41 27
178 77
120 219
119 132
201 226
119 187
136 58
125 144
16 230
37 92
122 84
195 135
19 62
173 196
150 196
185 26
47 75
194 32
181 192
214 238
195 67
178 21
125 183
82 131
88 56
92 65
134 55
15 24
161 160
103 73
234 170
85 165
223 84
229 111
181 234
113 226
187 107
189 167
161 225
184 203
142 156
60 174
240 140
9 36
236 157
134 127
119 49
51 81
172 17
237 124
128 107
50 240
182 220
160 164
35 220
40 21
133 149
160 200
49 138
233 136
232 152
172 239
129 128
31 23
93 57
4 15
201 189
93 232
16 127
95 102
125 232
136 167
29 1
34 29
137 137
198 205
64 63
72 80
33 69
239 38
77 89
178 82
17 5
160 5
184 51
17 137
78 208
198 64
106 93
193 189
48 149
238 137
179 131
39 204
42 209
99 77
132 165
51 140
159 15
137 153
222 46
239 210
96 140
25 210
191 53
26 117
90 16
73 227
39 121
173 5
86 202
77 35
171 221
51 44
3 15
48 9
147 42
143 235
48 176
108 23
202 18
240 228
82 184
72 196
41 111
193 127
94 24
138 138
230 188
200 37
215 179
16 96
171 137
120 181
53 106
136 113
105 32
154 7
197 27
101 42
185 105
14 192
62 83
29 147
69 98
223 188
107 140
158 136
168 200
231 25
136 217
165 109
41 200
123 204
27 112
81 175
164 113
74 46
230 171
73 82
154 58
132 17
86 240
195 234
234 60
23 209
210 72
86 59
185 189
134 77
225 230
64 6
113 208
69 190
236 135
76 30
164 18
81 191
145 37
5 40
62 158
28 39
151 130
36 189
5 63
108 111
139 176
93 228
65 39
132 221
24 151
142 236
166 26
208 27
44 196
168 136
86 2
115 191
231 188
171 34
37 88
100 81
78 35
136 233
98 20
228 48
154 31
124 68
143 128
82 150
214 66
193 166
49 207
27 63
120 198
233 221
192 28
213 150
224 76
78 27
135 104
211 224
100 46
234 110
160 137
45 171
185 227
1 5
226 89
93 96
54 133
229 190
77 219
3 118
213 43
39 66
159 48
194 187
130 214
137 81
205 213
87 157
144 189
63 80
56 31
62 234
46 194
158 191
177 24
134 71
236 154
173 31
160 134
66 219
163 84
43 93
107 224
122 214
173 16
36 206
239 170
170 169
42 93
109 6
131 17
142 44
142 197
143 232
199 27
214 94
89 135
211 55
123 118
70 121
203 154
91 235
107 55
82 209
202 22
23 14
180 156
82 76
114 179
135 83
86 77
240 148
240 230
232 81
74 189
113 216
67 74
38 194
13 44
189 11
165 145
98 226
128 170
212 171
23 208
139 62
222 151
234 119
39 197
74 95
154 61
76 72
53 54
226 62
128 204
138 129
125 84
3 223
195 164
76 57
86 92
113 156
19 196
87 160
145 131
238 61
168 68
31 87
214 13
86 77
238 238
51 26
1 23
31 53
130 43
220 15
185 99
28 234
122 134
49 220
16 143
193 35
50 139
109 25
98 79
36 235
235 71
128 150
208 232
46 169
149 143
228 178
84 114
45 205
207 227
150 112
130 51
49 167
76 163
217 74
190 97
165 64
240 128
175 118
232 33
118 158
180 156
77 20
240 209
182 204
232 107
101 236
53 230
164 107
177 234
45 83
12 128
85 226
17 227
62 147
192 160
96 239
233 212
144 182
73 5
5 134
235 114
21 95
20 37
21 134
226 41
12 14
44 167
2 104
161 37
1 76
35 36
70 165
114 199
81 137
11 113
143 181
101 54
118 231
224 81
96 188
72 79
93 6
43 28
175 63
137 101
139 67
25 162
99 202
109 6
105 57
9 53
219 125
238 172
94 200
57 70
191 29
26 125
110 47
8 152
82 67
150 24
62 32
117 121
34 36
14 3
144 79
11 103
183 192
57 121
61 217
5 168
105 221
114 83
55 95
199 150
133 74
145 118
70 186
24 111
188 44
158 82
81 115
211 127
85 16
172 117
49 39
200 205
53 59
140 33
212 41
155 205
68 98
202 143
182 51
230 115
175 157
26 43
48 216
184 16
101 177
49 137
42 225
94 42
76 5
129 225
129 11
131 177
229 52
141 142
220 194
219 181
17 168
130 129
119 187
189 127
10 216
230 24
114 37
172 112
235 192
49 46
115 213
6 238
111 51
1 69
20 95
191 60
112 59
54 94
198 210
33 94
126 8
107 173
175 96
66 195
22 116
202 180
85 54
83 79
229 29
204 22
106 163
61 151
212 204
12 195
102 214
29 11
94 43
15 99
235 77
216 29
60 230
191 154
27 26
133 172
150 202
197 35
16 71
41 26
42 92
7 227
183 23
74 90
181 175
13 215
112 84
229 239
159 232
43 75
115 151
104 40
3 129
61 166
204 231
121 111
228 65
28 65
74 12
13 195
238 215
181 146
19 54
83 107
207 160
81 194
8 42
189 223
65 221
116 36
219 12
27 14
47 191
66 181
210 34
103 237
236 236
39 235
97 108
199 157
97 72
96 101
152 33
192 234
35 184
151 193
20 216
59 199
172 121
157 210
231 6
79 77
19 216
203 19
79 18
193 144
118 127
72 154
184 53
215 23
52 97
124 7
116 222
61 188
19 101
129 52
236 227
82 52
119 82
60 94
238 1
72 8
200 61
205 189
224 144
105 198
178 201
23 34
133 15
15 211
110 236
215 174
222 13
151 108
150 107
194 6
193 177
16 157
183 89
40 16
8 45
162 211
183 105
87 232
89 168
187 163
88 48
23 49
9 61
85 46
131 209
102 124
146 77
205 31
169 59
228 187
162 137
212 46
239 69
83 202
51 123
36 71
130 61
181 128
106 179
233 72
95 239
197 19
182 194
178 139
124 83
85 184
44 53
142 37
212 176
182 184
138 187
92 109
236 41
118 35
129 104
166 107
227 118
50 100
116 157
201 224
232 148
239 167
129 150
74 216
131 86
33 10
208 91
85 225
64 125
107 158
203 16
200 189
95 116
98 206
144 150
55 230
180 175
149 71
209 42
116 200
83 143
195 87
121 23
88 61
226 81
157 198
225 14
89 231
104 111
137 227
1 111
9 231
112 87
23 217
168 21
84 109
238 159
57 159
23 62
190 97
62 193
88 110
206 130
71 23
234 8
109 236
240 237
118 26
34 141
95 88
231 199
48 196
121 147
190 185
40 142
54 175
34 162
210 2
189 120
106 239
184 24
231 211
171 64
10 178
19 32
213 123
47 239
162 63
125 17
176 70
39 73
163 116
96 7
185 2
162 226
70 147
46 161
96 205
102 174
110 195
15 115
128 90
42 123
77 149
70 186
102 19
227 10
157 14
221 50
115 158
56 43
195 49
66 43
150 172
116 148
73 187
89 91
186 165
31 13
184 68
208 186
136 104
181 121
130 127
125 173
178 58
237 135
56 32
179 100
56 81
149 1
197 121
175 58
236 154
92 85
210 86
182 136
2 15
220 147
205 229
25 37
49 30
208 63
20 2
25 218
214 179
121 52
68 143
213 122
15 97
135 97
190 130
176 54
37 187
8 59
27 151
25 132
227 86
76 150
125 140
156 107
215 192
193 146
217 61
105 195
119 110
23 123
2 194
204 170
60 90
29 13
94 197
197 201
66 170
210 128
48 159
185 167
152 177
136 146
105 145
47 49
82 23
219 7
56 35
41 95
146 239
226 57
17 216
67 108
194 207
122 125
94 12
109 183
12 184
234 7
141 229
154 95
111 140
93 73
18 165
62 42
234 143
188 187
112 115
22 9
28 67
43 228
132 154
40 73
3 201
101 162
121 23
165 115
75 33
216 124
191 163
217 179
202 46
111 226
208 133
19 218
33 119
218 141
29 86
182 129
132 92
172 218
237 195
40 137
185 107
223 208
14 138
88 156
6 204
67 188
107 87
181 219
185 64
64 18
27 13
148 58
148 184
204 23
32 90
72 221
15 198
9 76
58 212
168 160
198 51
146 80
60 222
212 234
154 103
184 93
236 70
40 121
91 39
128 155
203 13
153 21
185 178
127 224
1 46
134 70
185 146
192 208
198 79
96 2
233 92
25 165
218 210
6 166
6 40
74 32
104 49
189 29
183 227
92 19
213 144
38 207
20 47
141 57
228 165
139 111
70 230
216 125
24 39
133 234
177 237
226 35
27 21
83 146
223 108
233 189
25 147
108 47
121 136
13 123
151 134
18 7
38 154
18 34
77 199
232 201
81 122
223 200
75 18
109 16
170 12
4 37
75 112
213 90
123 204
2 13
189 21
87 102
233 81
30 49
196 72
230 8
76 231
226 28
122 81
163 177
201 234
36 229
20 111
55 69
102 104
194 48
204 19
166 111
130 116
210 69
38 104
178 107
216 219
193 69
137 105
215 238
236 125
63 13
120 27
151 204
24 92
13 112
79 207
148 106
52 84
29 73
30 124
89 36
37 237
201 1
225 161
78 140
8 179
83 183
37 56
193 113
206 38
14 164
5 187
168 30
227 192
156 127
29 23
182 18
239 138
35 194
93 126
1 108
73 160
97 58
50 105
126 164
17 83
83 63
90 33
133 203
21 73
151 146
174 173
129 236
167 196
40 212
159 213
50 169
2 215
15 94
207 122
150 156
216 201
188 13
78 138
213 41
30 196
237 126
105 77
164 174
215 127
32 23
188 105
111 28
210 160
237 48
39 194
174 48
108 119
12 108
170 15
51 238
176 8
153 152
37 208
131 128
4 28
226 220
145 28
168 130
172 192
193 59
50 138
198 56
46 98
10 137
110 85
157 216
161 140
181 109
219 45
18 57
46 227
45 155
114 9
155 98
120 186
159 42
140 35
159 200
122 162
19 71
150 18
129 165
84 59
15 92
25 123
31 3
119 128
75 88
104 213
25 43
214 61
90 87
191 10
152 192
235 127
210 115
12 89
178 29
113 109
92 199
70 173
95 131
228 235
197 64
115 21
185 67
106 101
183 192
203 136
200 157
98 180
136 221
186 144
115 107
98 203
236 127
51 238
132 158
37 220
162 24
219 5
196 117
174 131
204 164
238 38
13 81
67 122
54 124
177 113
2 74
201 187
69 232
194 134
137 180
229 206
39 66
152 56
199 43
189 103
155 137
227 154
31 123
152 216
144 203
126 196
121 111
158 15
222 138
1 94
92 24
172 24
21 173
142 218
112 129
145 9
227 98
90 30
87 34
123 105
203 235
13 22
6 14
161 16
97 183
1 154
25 157
7 45
97 230
234 153
211 53
159 22
31 37
104 46
158 63
232 223
239 154
108 80
25 213
173 40
39 15
238 17
7 223
187 161
120 116
71 62
107 56
101 15
136 211
165 189
105 90
19 49
122 60
52 147
113 223
122 112
75 142
228 26
210 34
92 42
22 54
116 20
57 12
204 158
207 57
67 211
98 178
181 6
221 154
23 135
69 102
177 205
18 48
68 117
5 194
216 131
152 177
76 4
229 114
219 223
211 142
207 164
68 189
2 212
160 17
77 173
183 19
100 21
178 22
115 37
231 146
79 67
93 130
133 67
231 135
32 131
190 175
234 36
224 22
13 153
32 125
143 145
124 160
122 29
31 128
29 129
72 46
51 167
226 50
204 157
152 107
66 240
116 164
20 172
35 76
201 35
68 204
94 91
223 64
80 57
66 189
69 136
89 97
172 6
57 57
79 216
102 192
123 89
145 57
207 96
79 183
91 2
206 139
144 65
25 204
50 44
23 203
176 134
188 15
4 85
103 47
160 10
230 193
66 5
172 218
46 26
194 179
85 159
6 160
147 188
8 66
119 125
133 109
67 219
131 19
93 217
181 232
73 113
139 161
149 225
198 212
144 25
169 70
121 192
209 221
220 108
79 38
123 61
128 72
58 104
132 220
71 102
17 237
22 32
20 65
137 208
31 146
163 225
202 26
97 42
99 237
198 22
158 192
56 195
78 230
207 171
35 72
217 200
23 131
91 76
25 56
188 192
9 176
94 48
88 171
124 196
202 39
61 136
203 141
17 164
22 117
19 150
64 130
169 148
56 226
54 104
116 80
151 77
9 46
158 168
196 51
205 172
122 141
84 167
108 111
80 60
226 184
180 118
202 46
208 220
153 93
208 130
215 8
141 229
200 179
225 36
28 162
57 13
115 18
165 2
178 37
91 175
137 57
52 27
95 51
172 238
213 5
180 202
182 24
145 170
221 9
128 20
157 137
225 205
200 17
186 182
178 236
78 180
66 204
228 86
210 89
92 227
27 219
179 130
125 202
94 198
139 190
159 75
162 12
158 82
181 126
17 195
79 216
141 106
3 5
33 38
49 136
187 171
175 27
172 187
148 217
6 132
215 227
75 140
159 221
96 89
142 234
38 114
73 152
103 22
98 53
87 2
93 18
199 174
84 103
166 124
204 174
28 197
63 5
154 214
239 85
168 132
220 89
194 175
88 162
67 55
124 107
232 59
138 209
186 118
214 230
149 67
211 41
82 147
21 30
90 35
186 85
221 69
101 37
118 117
19 204
51 190
91 145
25 168
215 228
151 10
114 226
223 2
67 155
123 75
26 55
42 79
18 87
102 119
125 205
167 207
7 201
122 196
174 114
228 221
167 113
237 176
93 74
191 63
140 124
103 137
96 138
82 178
6 120
22 90
54 168
236 32
98 14
41 221
35 234
195 187
2 185
196 213
140 65
114 12
216 154
104 79
6 69
114 100
197 237
214 178
47 155
239 161
80 114
190 95
129 4
143 236
151 190
160 60
62 183
7 66
223 178
165 87
211 80
52 148
189 174
206 51
21 166
240 164
7 32
178 195
5 179
154 52
173 141
106 191
119 23
202 211
206 106
75 146
11 14
44 98
10 21
19 171
29 213
229 24
178 222
102 125
170 82
179 77
126 185
120 155
148 189
228 61
187 138
221 90
169 208
86 234
218 198
120 198
107 32
25 41
133 30
24 157
20 81
57 199
194 166
90 99
172 80
116 178
145 184
130 176
81 33
213 196
188 237
100 19
26 88
136 160
2 223
202 1
116 95
128 78
93 91
23 67
1 158
201 7
175 223
134 124
23 107
6 137
41 111
192 107
33 120
81 117
44 18
9 34
102 90
200 56
130 26
187 75
18 215
212 225
211 216
100 26
35 170
43 111
2 236
217 122
64 144
190 191
117 177
44 91
12 189
16 1
200 212
147 161
197 155
239 13
216 154
165 157
198 173
46 154
217 231
131 183
179 196
29 98
16 186
26 180
40 162
44 84
146 135
97 58
209 109
120 173
37 196
12 175
226 223
115 160
73 91
32 115
4 30
92 124
39 212
111 150
67 15
108 187
147 90
19 11
58 132
18 94
143 4
218 102
16 46
119 52
223 46
51 112
130 123
163 237
45 225
167 57
109 58
215 40
139 240
207 14
148 100
136 227
116 32
118 45
112 101
46 102
78 66
117 71
74 85
77 231
16 99
95 38
44 113
106 81
31 172
31 11
185 6
215 57
233 32
157 100
218 228
214 20
209 166
169 62
188 140
16 240
55 196
127 183
148 45
164 77
185 139
189 234
228 213
126 47
146 3
64 128
199 132
119 46
156 101
30 73
92 65
214 190
117 60
64 86
168 89
91 161
15 209
136 57
219 160
35 179
225 100
75 116
166 238
34 135
141 68
65 27
10 134
62 13
33 146
132 174
157 222
171 105
133 112
189 162
9 108
203 119
224 215
196 1
24 50
115 141
22 230
41 205
1 171
135 66
69 148
50 64
49 154
207 198
223 142
102 26
196 72
126 15
206 188
81 21
82 14
58 239
154 178
20 111
167 50
136 83
77 126
114 137
10 30
50 190
47 139
212 64
65 70
215 74
89 48
7 159
79 231
58 3
142 67
53 125
123 32
78 193
161 67
116 28
16 73
203 206
166 194
34 83
191 68
125 231
170 109
12 225
49 35
197 156
129 106
34 209
218 93
90 64
202 50
236 64
206 194
167 29
52 123
16 31
37 132
115 217
209 151
63 212
50 68
51 197
69 13
215 56
13 223
54 235
109 49
189 113
118 75
93 200
133 2
160 180
211 69
11 232
71 166
194 198
226 73
10 100
174 66
152 219
170 187
180 108
143 168
160 103
139 81
129 3
115 176
161 130
154 1
162 240
121 28
169 69
18 150
154 112
41 186
8 152
186 50
109 78
53 66
238 143
24 237
57 109
131 72
169 74
83 56
1 187
125 92
161 92
203 49
70 65
34 183
197 222
150 127
175 5
82 97
75 159
156 149
78 164
2 140
195 27
16 184
235 109
48 165
121 75
50 169
58 192
52 107
70 78
12 136
181 82
11 85
179 110
122 216
14 63
66 202
131 238
55 47
61 75
191 55
105 66
169 125
178 38
22 59
5 153
9 165
162 2
146 119
12 211
82 68
2 197
19 136
66 82
117 135
93 89
229 203
89 151
189 197
49 171
15 225
138 196
184 18
52 68
189 50
173 201
91 156
19 26
223 147
134 163
135 96
127 65
161 80
58 18
158 108
210 98
67 90
155 83
224 92
115 26
195 224
229 70
2 202
213 96
89 47
99 77
194 183
179 30
124 173
220 76
47 223
236 50
236 189
187 55
174 48
103 182
61 9
129 207
25 233
53 120
204 89
101 176
122 113
184 156
66 172
77 75
34 186
103 120
32 10
9 222
47 128
182 12
117 41
88 173
94 141
163 92
65 102
57 130
199 69
177 128
90 208
164 126
171 28
11 157
4 126
232 148
175 43
89 140
103 87
121 197
160 111
94 92
213 160
89 111
35 68
200 236
224 27
166 105
120 74
123 89
65 181
89 170
26 188
202 113
214 114
185 41
5 75
208 179
173 17
95 207
52 21
141 159
225 170
174 200
200 139
82 130
193 137
204 176
209 146
22 27
118 63
52 201
5 210
37 147
188 99
65 133
8 85
91 240
191 210
39 2
10 84
111 149
44 40
230 234
102 109
76 39
184 132
51 207
100 61
78 29
197 150
26 31
70 150
95 213
57 83
239 52
201 15
217 86
220 200
57 2
157 196
77 221
90 17
61 204
30 151
116 116
124 28
183 149
123 41
8 79
149 41
25 164
67 54
64 61
33 138
2 124
53 31
110 215
8 59
58 30
145 23
81 152
73 128
205 225
163 208
21 169
115 33
54 119
40 47
49 172
72 9
4 171
6 27
144 143
57 97
211 85
81 140
14 66
104 230
104 126
95 214
73 16
56 192
78 170
208 145
175 192
97 163
189 218
14 105
171 32
27 39
116 202
63 130
63 208
190 199
46 72
200 60
21 21
94 58
178 100
7 118
61 195
201 107
23 170
127 138
85 95
206 43
63 134
53 238
164 9
14 59
84 118
190 221
151 27
214 131
40 145
41 130
174 136
115 29
100 84
84 162
238 60
53 230
141 197
210 178
206 179
19 66
29 33
6 48
223 21
220 66
148 184
80 137
29 225
88 78
177 52
28 204
14 167
130 194
90 186
57 18
15 4
43 184
110 1
27 151
147 80
36 236
154 44
238 135
240 163
181 175
175 149
228 14
133 153
33 90
235 164
149 32
194 203
116 23
113 62
218 7
42 183
215 101
146 117
189 205
140 230
133 63
132 58
56 34
43 165
103 2
150 107
212 24
63 219
148 19
236 14
25 75
200 200
115 238
63 209
138 170
236 237
126 26
197 105
230 62
233 68
9 124
20 155
145 235
126 80
40 103
211 161
100 144
141 31
221 106
225 193
151 139
190 24
48 119
208 84
58 25
185 170
227 214
221 134
121 239
156 36
120 174
100 92
90 90
191 136
203 148
102 28
59 239
75 210
121 11
116 72
101 160
91 183
227 10
113 59
23 67
112 128
160 213
78 107
59 123
205 91
218 85
144 50
84 3
210 67
140 166
150 187
229 109
227 116
204 226
64 114
16 172
91 190
46 66
33 155
21 59
137 138
211 129
86 50
79 74
185 214
61 48
4 84
227 160
103 29
65 162
55 83
35 151
83 58
21 100
116 13
18 167
175 32
178 112
211 126
93 205
142 97
97 165
46 4
75 115
179 134
108 56
136 149
57 201
96 212
148 224
69 66
202 105
28 73
97 26
109 212
206 194
74 211
143 104
204 112
199 15
92 207
191 131
151 59
203 37
54 105
83 91
194 16
124 125
121 6
135 142
17 17
21 59
166 95
71 188
156 128
45 61
59 64
16 95
127 112
87 207
183 121
189 192
126 63
192 57
196 169
175 29
170 23
62 165
27 229
149 72
31 74
186 98
154 204
78 140
99 146
75 212
207 22
110 18
161 92
126 63
132 198
36 121
173 58
238 37
188 176
108 239
113 49
73 212
231 104
101 86
121 228
225 72
83 112
18 215
238 15
138 19
219 222
186 202
95 36
122 77
25 200
135 41
41 175
124 216
117 143
157 85
117 8
155 172
232 44
20 58
113 193
136 22
21 221
208 155
130 186
152 66
59 138
78 102
194 184
146 213
125 115
26 145
196 140
209 22
188 229
107 238
160 106
240 109
239 32
107 35
33 21
32 110
107 6
172 202
47 224
3 175
76 229
79 149
41 69
69 88
20 193
26 139
152 162
163 202
12 180
112 204
212 229
222 147
47 20
84 110
136 2
133 65
163 226
217 200
133 80
35 76
229 205
119 159
143 94
114 32
217 4
60 138
120 238
235 3
27 223
187 187
134 184
148 225
25 207
49 98
151 15
12 159
85 144
113 89
65 4
166 96
159 23
100 48
35 103
228 147
120 130
174 51
24 62
160 120
77 103
234 33
2 211
238 63
191 167
118 211
216 76
173 147
117 113
159 224
2 70
151 28
214 37
164 135
110 47
132 180
74 69
142 57
127 53
109 202
54 1
84 84
43 186
196 65
21 8
221 68
106 149
164 15
195 217
233 107
201 141
174 66
196 126
35 151
49 147
26 18
181 59
12 175
197 67
64 155
63 56
136 21
183 216
101 135
95 213
106 20
87 16
93 78
47 136
51 204
100 203
24 17
193 166
134 116
192 213
144 91
97 114
167 204
148 180
175 218
104 113
139 126
130 38
3 210
238 39
235 67
41 56
169 97
87 12
79 16
167 13
196 14
67 159
133 102
63 124
204 108
69 142
28 194
3 150
156 5
162 103
2 25
214 61
24 11
178 63
75 113
76 161
224 112
239 235
21 171
140 23
95 201
4 187
62 7
151 87
208 23
235 226
163 198
19 180
184 235
97 157
94 147
79 233
37 123
23 29
234 64
119 107
96 75
140 138
151 63
207 11
218 45
101 124
200 154
8 93
77 51
31 23
197 14
156 91
174 221
224 114
72 134
110 34
214 77
195 162
184 67
203 213
233 193
225 188
117 158
186 87
41 220
211 24
135 195
105 219
134 92
33 3
92 110
171 115
213 136
148 107
110 16
234 99
227 83
140 9
138 169
227 173
61 236
85 239
201 239
117 140
118 127
116 195
209 175
153 224
233 83
51 59
138 124
230 13
82 188
25 15
143 54
158 69
229 222
92 23
233 135
75 180
117 186
228 98
239 28
161 213
48 83
109 170
136 157
89 12
145 13
236 136
206 76
209 128
8 25
226 124
23 160
75 168
163 73
181 185
3 154
68 233
60 191
158 111
85 225
91 198
135 190
170 57
55 23
37 51
108 99
50 238
72 211
123 155
223 202
146 142
2 162
166 235
231 138
55 101
123 71
90 154
57 182
72 235
173 10
127 188
68 59
34 98
90 2
87 84
54 133
33 216
12 110
197 225
56 116
37 44
171 66
80 161
131 49
118 64
117 175
16 140
113 108
208 70
60 131
163 166
7 73
223 88
152 9
197 225
153 237
181 227
223 183
152 198
165 238
166 23
9 114
155 145
231 171
105 176
238 78
23 88
74 52
98 26
121 65
49 223
58 105
5 108
188 103
80 58
168 150
149 58
81 217
64 74
81 195
1 168
220 109
6 2
148 105
132 9
157 75
159 163
221 210
186 214
143 135
133 56
159 233
54 30
173 74
126 119
238 236
78 24
132 84
67 34
119 195
126 219
160 161
198 49
46 191
30 63
71 132
185 127
154 105
148 126
46 15
43 65
216 91
62 115
40 122
27 106
175 140
84 131
70 19
184 155
109 97
209 134
91 192
101 195
223 233
96 143
68 192
52 39
103 112
113 18
101 171
25 58
165 84
74 6
117 18
185 101
229 71
39 172
166 27
121 210
38 182
76 224
107 178
83 177
166 184
97 110
47 155
188 32
31 18
34 47
59 168
200 136
209 219
172 138
196 14
68 77
73 138
7 129
128 40
149 95
204 229
215 123
133 73
86 97
142 16
35 106
47 153
117 122
226 209
32 172
191 58
118 211
20 55
16 53
14 170
146 207
113 68
95 166
88 222
220 146
149 31
8 45
194 56
188 79
115 173
119 166
92 166
171 219
174 2
166 234
136 6
216 192
219 52
105 178
128 69
66 200
83 125
25 166
164 41
220 150
187 20
121 34
166 197
64 232
70 161
67 5
5 43
33 32
140 163
210 144
98 203
222 206
137 198
44 183
14 164
93 63
1 169
194 227
191 193
59 41
200 34
166 45
132 85
216 100
156 31
64 128
158 15
4 11
184 199
170 220
219 64
160 149
177 150
132 60
219 160
88 130
77 106
81 13
31 162
91 67
154 232
70 43
104 89
165 4
166 61
138 24
92 14
198 90
135 3
165 57
170 68
107 120
228 47
71 216
212 48
44 27
55 149
120 64
110 112
17 202
212 134
228 124
196 100
99 115
169 108
178 181
128 130
99 191
165 216
123 148
91 106
111 59
67 228
114 15
29 125
200 171
97 89
145 220
224 26
142 184
240 117
121 152
91 150
215 139
234 20
104 228
180 202
59 95
35 151
107 56
131 152
94 202
62 236
49 93
114 3
44 43
116 164
180 110
139 232
175 145
10 46
232 232
134 216
13 232
178 222
194 40
47 131
54 2
229 22
40 153
29 186
113 16
197 222
203 65
222 220
67 179
231 195
79 194
187 182
197 142
59 184
234 209
83 135
187 207
197 30
22 78
107 144
201 105
144 185
60 213
237 11
106 208
204 57
71 68
20 122
238 16
42 99
115 103
200 206
135 97
57 182
30 88
148 56
87 85
135 174
31 113
221 114
199 232
167 163
79 174
91 33
40 157
222 182
182 74
66 108
165 69
211 114
48 24
222 60
198 80
38 166
227 71
8 193
20 34
198 46
127 66
45 203
111 54
62 33
44 133
114 237
186 135
65 213
61 80
19 38
164 225
38 70
72 65
170 186
231 124
108 129
54 82
104 62
223 71
224 143
117 26
43 41
121 199
231 153
62 88
108 175
107 113
221 72
217 154
176 234
136 228
72 208
142 148
8 50
3 187
137 108
201 106
108 133
30 164
42 184
34 44
65 13
209 64
132 25
13 129
196 136
4 13
102 90
129 54
188 240
1 100
186 52
106 50
61 95
105 105
88 18
236 22
217 170
66 142
2 130
62 70
91 81
25 11
154 123
76 162
39 185
207 223
83 233
174 81
202 17
109 26
131 166
154 192
214 229
35 120
96 71
205 27
79 184
142 16
59 126
150 81
7 86
120 105
178 224
197 12
240 179
36 83
30 167
80 236
81 125
116 72
77 160
167 230
156 209
102 121
140 164
4 124
57 54
65 194
11 1
207 139
175 216
15 47
174 221
92 33
67 67
50 17
192 196
104 225
55 113
218 119
117 27
68 161
232 123
76 226
122 196
232 3
89 12
174 92
219 203
76 145
13 198
132 108
110 165
22 143
163 140
211 228
60 164
12 64
14 50
168 219
85 158
15 185
56 88
139 72
59 24
169 180
51 166
113 202
50 58
22 35
155 95
196 115
58 67
58 1
157 91
107 194
103 161
101 34
221 238
223 212
66 161
219 168
37 84
74 182
48 13
136 204
12 200
55 43
105 103
142 45
169 134
96 177
153 208
25 95
172 155
48 74
234 81
141 235
57 85
126 102
141 89
40 146
142 174
118 196
6 97
221 34
208 65
93 9
6 218
150 85
168 19
218 110
239 104
217 95
239 10
137 199
163 30
116 61
34 208
106 136
189 166
14 39
203 135
173 227
60 70
156 128
67 9
165 121
71 74
94 78
107 208
132 99
119 182
38 172
59 170
222 235
149 183
218 114
179 226
65 199
212 34
123 127
96 220
116 176
157 155
110 56
55 199
115 54
27 64
96 238
135 40
16 57
50 27
220 59
26 229
13 37
38 125
158 104
13 209
49 221
185 206
230 168
36 229
113 9
187 228
208 107
47 147
5 219
10 203
189 155
120 133
18 127
172 211
105 79
146 234
101 21
111 198
234 192
67 139
170 36
5 214
197 171
120 152
34 153
172 118
24 79
96 122
127 14
76 196
169 8
84 185
80 188
153 119
28 16
212 51
37 181
91 215
225 63
93 21
115 136
199 115
87 132
65 129
52 239
68 225
68 233
159 80
39 116
159 147
226 105
122 34
88 140
156 149
220 9
171 226
177 199
25 62
202 54
147 142
164 35
29 118
141 162
161 88
165 185
144 58
44 76
107 239
172 50
80 235
160 136
231 150
231 147
197 191
220 237
215 3
21 63
220 160
172 178
102 191
240 211
129 173
69 121
49 196
221 224
179 203
218 209
121 189
72 209
57 36
147 24
164 193
232 53
116 43
76 196
48 101
207 170
31 106
60 143
46 182
231 238
76 171
217 101
136 179
148 19
96 41
63 78
12 2
162 9
106 23
203 209
122 74
140 199
201 139
110 208
231 198
80 8
237 84
8 70
107 11
166 151
227 184
83 103
65 91
98 169
97 218
128 22
197 34
15 97
233 165
97 76
61 190
232 118
196 202
216 140
165 211
62 48
58 140
11 19
139 67
238 118
74 136
70 168
190 224
82 6
193 44
2 43
142 200
148 20
14 91
146 112
210 187
148 106
111 54
163 107
28 104
164 147
39 22
112 193
156 40
127 233
64 6
108 24
46 177
113 137
70 199
143 177
129 12
68 158
113 227
183 168
40 102
58 50
46 115
52 12
221 68
176 118
55 85
4 220
234 175
12 105
193 185
55 210
14 235
64 212
103 192
69 78
164 214
73 164
188 233
82 21
23 68
47 170
109 99
203 193
22 6
17 237
197 41
122 133
165 102
233 230
224 52
21 50
91 212
234 103
139 88
17 191
51 126
135 20
118 219
90 125
223 49
21 99
83 212
147 152
154 94
238 136
114 137
129 66
136 35
34 176
62 45
65 179
160 123
81 235
119 94
43 16
151 201
190 43
118 174
53 162
100 233
46 59
118 209
213 60
216 148
202 95
139 126
199 169
136 56
199 164
98 56
82 123
102 63
186 78
48 69
117 5
53 173
19 38
73 6
113 84
78 113
55 3
102 214
124 57
162 91
198 39
156 44
239 182
104 88
157 118
34 204
20 5
112 127
161 239
198 13
22 202
83 36
136 147
194 32
60 108
117 66
22 16
204 178
33 98
104 187
104 7
236 161
129 93
108 224
19 18
193 222
34 140
132 4
20 21
17 129
188 119
201 181
24 160
170 230
211 37
2 210
225 116
192 102
38 12
217 68
132 99
82 130
200 52
75 140
75 39
237 214
66 225
168 215
24 30
197 97
69 59
149 165
52 10
103 163
102 110
176 16
224 99
107 13
218 153
63 174
134 113
65 60
57 239
101 192
52 120
66 205
234 239
112 191
149 40
11 80
154 59
107 193
170 179
175 7
226 9
224 236
227 238
156 154
21 84
106 41
1 193
176 82
171 163
57 190
66 197
93 52
109 116
111 54
141 16
171 53
167 228
235 188
10 135
65 175
98 129
230 184
151 187
171 93
140 135
42 125
149 113
184 103
68 186
200 92
138 82
78 47
196 192
200 107
188 209
53 76
166 186
200 71
127 169
160 82
3 168
124 66
21 11
54 189
198 70
111 97
166 151
84 160
20 79
49 82
209 95
130 81
22 240
209 13
148 168
239 234
130 73
184 150
234 6
20 104
115 14
77 151
42 22
89 162
140 25
70 182
223 78
229 65
97 3
78 37
87 238
109 191
187 222
123 26
83 147
74 14
18 7
143 232
169 129
67 91
136 105
157 119
81 113
39 151
163 40
191 231
230 46
26 125
88 93
6 211
231 100
151 221
57 196
58 59
226 51
228 133
86 226
66 101
28 146
195 89
21 77
66 118
109 189
236 75
109 155
28 39
166 25
47 161
166 145
143 122
155 57
138 36
58 227
134 108
38 24
218 225
114 214
59 14
39 57
233 202
4 197
4 11
48 106
12 201
86 178
237 67
131 156
99 133
14 159
53 204
168 124
123 22
59 82
196 44
17 239
110 119
30 113
70 27
173 214
41 136
116 40
133 40
148 58
188 147
179 6
53 114
212 53
81 18
202 182
21 73
20 159
38 19
51 167
27 55
56 68
185 209
81 166
14 178
67 131
171 39
57 108
106 65
228 201
130 177
226 141
10 157
35 202
224 65
193 34
131 122
148 166
106 36
36 162
81 111
49 45
51 222
170 6
218 144
37 80
59 189
11 150
149 93
69 7
188 2
239 212
195 164
38 232
56 43
16 168
70 120
8 14
48 97
31 59
35 134
202 123
89 119
89 129
193 116
184 215
87 110
77 221
12 109
134 117
63 110
62 100
106 151
223 201
100 112
161 56
85 1
236 55
179 82
218 22
185 175
133 36
169 224
79 124
67 169
133 152
79 86
150 158
174 208
102 222
68 192
219 210
71 32
219 162
219 179
22 31
81 114
127 191
19 60
106 157
52 193
6 25
27 2
139 103
7 183
91 175
54 186
126 167
139 219
125 233
100 240
185 139
96 179
221 54
14 160
95 5
136 146
44 59
205 210
234 167
40 110
163 99
210 49
57 196
202 44
226 15
106 69
181 102
86 196
13 105
59 179
85 128
203 56
169 214
69 166
83 185
16 106
91 157
58 233
197 65
8 147
152 93
235 20
117 55
185 57
132 169
84 115
240 81
24 12
163 156
150 12
214 1
167 73
68 105
228 217
40 7
189 90
221 86
205 142
104 181
104 188
27 37
97 32
112 5
104 97
13 106
228 65
165 30
135 6
4 6
113 177
133 218
45 224
216 75
11 210
232 59
146 212
208 163
158 37
81 177
92 179
198 44
228 223
209 18
116 226
89 100
82 153
78 216
42 36
66 24
94 195
182 74
51 69
36 231
113 48
170 211
227 33
220 90
95 211
91 58
204 177
20 172
59 57
228 166
107 28
178 8
195 26
80 239
47 214
100 57
153 2
42 12
138 135
12 140
15 61
110 206
139 79
78 43
116 128
15 183
192 209
221 120
8 19
209 123
125 170
235 167
181 209
120 93
59 109
51 62
137 73
77 53
81 147
180 205
229 44
73 211
77 113
41 178
206 202
238 228
197 201
122 68
85 45
146 129
98 111
12 159
95 103
20 48
201 51
86 60
9 16
183 197
132 109
166 136
5 230
109 213
11 15
93 197
230 97
232 155
68 228
8 108
83 137
179 92
108 204
132 186
154 212
161 210
216 209
109 185
209 144
55 179
19 69
155 21
80 168
57 198
42 103
14 126
59 239
144 129
153 96
28 11
100 76
86 78
59 188
185 46
194 240
127 80
208 79
112 118
195 130
19 32
176 59
71 25
182 224
55 131
24 169
101 230
35 102
37 151
203 229
186 146
167 74
131 64
201 85
39 164
12 191
230 235
39 63
126 209
20 162
159 215
19 233
82 195
159 164
156 2
115 107
167 82
13 43
30 167
65 150
33 226
189 2
106 27
167 213
33 66
230 100
181 217
172 201
214 235
156 41
20 15
224 161
147 228
157 226
78 184
7 30
63 68
2 77
202 111
32 69
222 172
58 109
73 97
226 160
22 33
85 71
68 164
76 100
48 39
231 52
154 61
124 230
222 57
15 137
175 37
37 118
154 11
22 176
191 184
174 63
69 35
38 196
165 27
112 224
182 121
225 196
196 12
59 27
47 50
20 82
13 46
174 94
93 162
202 31
177 238
162 22
227 181
144 76
97 31
10 40
239 213
25 3
208 20
120 226
188 140
75 13
45 228
234 176
132 234
237 110
182 51
115 104
225 45
84 74
233 84
98 16
92 10
3 130
182 86
25 201
228 145
179 134
128 14
228 236
200 213
209 32
160 181
190 112
188 70
236 112
240 123
157 61
206 144
1 57
104 22
175 185
18 13
67 24
190 185
30 231
78 175
81 100
68 197
132 105
85 28
69 132
133 155
1 94
181 222
148 72
231 153
108 222
122 141
165 120
231 29
69 84
3 90
110 190
47 66
97 53
47 111
7 47
206 143
74 84
109 64
173 51
238 32
83 111
128 89
59 93
34 35
133 30
56 31
86 136
200 171
14 57
33 157
188 201
191 151
74 61
29 13
235 91
220 183
234 144
12 185
1 178
1 207
227 67
153 29
73 49
163 34
184 132
161 39
24 207
189 155
143 228
116 117
24 193
94 188
179 87
70 232
195 146
142 230
221 238
136 132
116 225
86 237
172 18
50 240
234 65
24 41
87 236
165 15
47 155
169 9
101 238
45 206
95 219
190 224
236 146
5 5
152 87
87 101
104 77
157 106
224 28
153 64
116 59
192 198
183 7
146 59
120 50
6 186
95 47
219 215
194 230
116 117
182 19
176 184
197 19
171 189
72 25
142 141
187 232
172 125
125 154
170 116
169 120
117 68
177 84
39 139
190 190
199 15
228 38
160 129
175 33
196 139
226 92
28 143
36 47
33 84
173 66
25 9
181 159
199 156
14 193
63 48
59 166
190 151
204 103
36 209
25 59
220 40
200 237
200 185
211 219
25 46
10 122
233 192
52 74
14 149
22 41
111 8
52 84
30 134
187 88
127 18
15 27
146 88
230 174
162 50
234 198
31 113
199 68
152 1
178 9
54 92
13 190
161 3
70 203
236 177
45 48
146 151
140 111
82 170
76 16
165 104
106 51
76 141
106 26
19 1
70 96
237 231
107 82
123 30
194 152
144 170
140 16
239 153
15 189
137 8
122 88
190 114
236 44
104 175
12 145
235 87
122 137
172 220
132 48
65 91
229 92
65 12
121 16
174 103
94 197
27 181
235 205
169 73
204 210
23 238
191 203
212 6
167 131
53 85
151 189
183 192
146 102
39 236
210 231
10 75
74 213
169 36
1 153
109 201
236 105
132 205
150 30
55 138
86 163
94 168
159 4
22 131
221 74
104 148
155 66
194 185
217 150
181 112
56 80
201 74
110 139
98 187
126 59
181 62
145 115
170 189
229 148
163 122
221 54
240 72
101 236
11 186
14 157
136 174
142 101
63 114
109 54
32 77
179 222
84 39
29 27
175 26
32 78
91 225
121 226
137 209
138 232
92 15
200 58
75 75
116 21
213 13
54 97
116 237
170 235
238 189
24 232
34 99
25 222
48 42
162 119
216 75
163 18
124 48
133 139
125 9
158 45
13 72
171 116
138 139
19 231
235 91
133 19
179 217
6 212
73 135
18 190
46 135
172 32
185 211
35 212
228 54
170 135
52 86
221 20
23 93
201 200
98 191
178 138
186 136
78 91
225 194
42 17
103 59
152 18
3 239
2 43
128 102
162 179
156 11
39 211
127 163
69 226
55 209
173 94
28 106
63 237
116 139
176 74
191 80
148 205
24 138
170 178
183 197
225 151
237 22
26 45
187 205
160 2
76 223
224 182
183 43
84 190
75 41
97 216
12 142
126 226
32 169
55 168
120 167
204 100
41 160
188 44
136 177
58 114
219 8
127 195
49 201
59 194
221 214
29 145
18 78
217 183
149 127
105 80
160 152
168 111
22 28
224 112
225 182
56 109
61 231
162 197
109 67
9 161
41 87
31 103
95 190
144 175
25 48
112 145
98 115
10 80
226 131
49 112
113 234
106 26
79 96
5 170
176 39
86 41
156 101
192 74
73 176
143 185
7 81
4 142
157 220
34 146
84 17
74 150
111 22
38 156
63 22
132 205
38 192
24 108
143 42
143 88
177 232
201 141
117 120
202 189
129 192
100 109
206 236
234 210
131 237
79 99
231 72
77 108
80 124
88 53
29 162
50 165
137 208
236 192
171 66
174 171
195 73
99 138
101 172
237 34
84 153
185 131
106 68
93 68
178 80
99 97
61 223
18 81
54 121
201 217
62 80
123 196
226 186
110 48
184 188
2 174
174 89
163 207
156 160
133 218
32 90
150 164
116 115
201 227
157 234
192 133
104 30
115 107
103 27
128 90
209 220
42 73
126 174
159 120
96 136
114 66
195 223
170 191
84 205
38 190
59 4
67 222
35 151
181 61
22 181
41 238
217 169
191 147
92 115
104 49
187 86
237 141
136 52
196 215
26 191
216 92
85 121
31 229
193 118
104 85
163 94
188 201
164 212
145 223
51 67
189 64
232 136
213 21
64 53
87 79
55 79
183 155
179 115
113 40
180 9
82 88
13 147
71 90
147 238
175 140
46 46
86 59
132 154
134 105
73 175
97 1
159 191
155 8
162 9
207 177
152 198
165 91
84 84
187 235
122 228
167 6
89 52
67 57
57 193
76 232
186 3
100 162
145 177
13 65
23 59
9 122
8 144
138 113
228 183
131 102
104 184
11 72
132 96
191 64
72 65
162 117
225 173
169 235
10 66
94 148
72 72
8 17
104 68
189 233
181 91
176 76
94 135
69 49
178 119
85 114
87 176
166 206
79 155
221 148
192 125
103 80
133 66
60 193
96 117
189 105
180 160
224 25
49 200
200 153
24 60
137 68
120 201
93 34
153 58
90 15
138 99
83 8
170 204
48 90
7 142
232 47
91 113
128 4
219 17
145 112
230 67
51 182
164 200
127 119
84 233
140 125
228 7
194 78
237 60
207 232
109 224
14 191
130 64
236 147
65 129
170 56
193 237
65 95
52 120
41 112
70 20
232 11
189 57
41 137
34 153
44 146
18 97
140 153
224 61
78 2
165 186
88 7
65 106
136 99
28 7
13 222
161 8
10 63
1 220
32 115
66 109
170 128
77 159
173 218
165 201
234 186
39 176
63 134
127 84
213 96
211 231
134 131
190 23
225 136
33 101
177 222
171 68
113 6
82 72
31 192
174 146
173 2
7 94
49 64
161 214
191 168
171 229
227 8
144 125
65 29
217 55
198 96
160 220
151 123
38 14
239 108
18 156
12 225
60 82
138 194
231 206
17 89
51 227
39 153
78 188
126 164
193 123
15 86
17 204
64 113
72 98
84 197
182 108
213 45
86 23
179 61
183 175
16 173
152 126
15 126
205 136
227 102
215 186
133 130
150 143
135 5
234 93
186 65
207 115
6 129
22 12
146 93
3 110
120 160
206 194
216 221
208 118
172 27
191 189
140 20
157 153
50 3
211 118
134 170
75 70
52 176
161 83
202 173
128 136
26 28
220 176
161 179
60 158
102 181
37 42
191 106
160 103
224 132
47 20
221 33
80 72
237 105
89 192
38 61
111 41
43 240
31 135
123 198
224 148
159 217
100 138
32 103
109 145
212 188
226 127
75 124
83 138
52 124
36 83
232 146
229 235
154 41
86 235
78 143
74 14
126 57
18 76
191 229
26 240
85 238
10 156
52 135
7 210
147 84
120 138
194 79
171 156
16 27
127 111
38 206
129 13
198 89
35 24
39 25
181 205
181 158
195 85
20 208
129 194
137 199
220 85
112 52
137 85
232 60
73 170
156 149
214 201
113 40
164 127
198 228
161 211
156 146
90 227
90 167
208 90
148 199
209 61
128 120
12 228
189 17
71 31
18 226
120 173
133 67
193 167
188 217
25 96
33 75
106 165
78 189
160 97
161 123
189 182
196 17
209 115
89 195
10 141
236 72
177 125
117 237
192 19
179 109
13 231
124 83
227 199
29 229
95 39
222 128
3 235
196 120
30 206
92 73
96 181
207 29
6 25
92 40
100 86
115 166
104 39
25 34
157 221
18 87
121 52
202 39
90 54
100 47
135 101
226 190
219 63
221 4
235 209
122 94
217 181
118 62
157 87
110 111
27 69
165 231
53 120
94 75
200 226
140 11
233 163
122 5
192 36
71 119
131 89
84 203
63 47
90 74
212 119
48 111
99 57
10 105
214 35
38 188
229 226
6 72
115 165
2 91
21 169
25 154
139 54
61 187
233 6
139 81
93 146
164 17
110 150
23 203
97 238
71 58
195 25
45 61
171 69
54 38
63 147
8 184
80 230
211 112
115 201
151 180
45 49
85 29
130 167
162 208
100 60
34 39
171 23
211 146
53 39
51 202
163 135
208 204
208 44
162 34
186 218
147 49
101 92
175 28
47 204
50 42
55 62
187 175
147 64
66 181
172 187
144 51
109 20
114 106
15 9
8 139
76 229
35 226
59 231
208 70
137 227
104 91
39 180
184 29
135 191
180 127
40 87
140 197
150 19
40 215
149 117
37 11
215 225
2 230
231 187
63 22
160 92
190 80
185 30
205 1
112 223
165 60
217 216
94 2
180 96
238 133
26 133
224 78
114 114
227 97
19 60
218 39
156 212
168 85
39 147
218 19
124 111
2 179
51 132
56 50
108 224
170 193
173 119
181 25
94 101
33 201
156 144
196 17
183 156
234 98
149 180
42 115
75 95
88 11
113 38
148 108
213 216
125 33
89 64
102 144
145 141
94 31
223 48
179 37
3 231
198 21
75 223
153 56
221 47
226 204
182 187
221 117
60 206
126 54
1 184
24 25
42 229
215 171
51 84
186 222
111 20
83 57
33 219
201 166
177 227
200 136
177 239
223 58
203 75
2 38
109 152
77 218
219 166
233 114
225 118
90 189
27 73
81 96
196 30
2 201
154 79
61 163
199 78
35 39
12 49
201 217
101 154
83 196
116 38
137 226
125 139
39 211
95 126
194 176
111 142
151 92
181 197
157 204
164 226
45 11
151 4
146 18
37 108
199 164
76 80
194 169
103 26
183 105
172 107
218 153
180 166
79 178
35 136
116 26
91 23
216 129
63 34
150 81
156 88
40 70
219 221
165 85
163 178
106 132
162 224
152 3
140 88
209 178
107 134
77 229
95 17
109 114
82 122
167 88
12 42
197 111
214 152
34 54
52 201
73 223
104 152
49 136
180 22
49 186
124 170
60 84
233 203
180 207
232 44
125 13
155 176
196 89
44 224
206 90
216 43
133 108
67 234
113 220
60 50
174 120
163 37
111 169
16 232
49 213
31 6
64 103
161 143
108 228
45 46
60 19
111 229
129 148
71 156
33 124
155 127
187 189
133 13
224 20
216 157
131 194
73 226
203 129
50 3
179 135
99 138
143 25
10 79
33 80
183 112
143 60
167 211
93 46
55 79
234 152
112 30
35 189
130 70
40 131
122 229
54 106
102 48
107 146
146 125
125 199
214 44
11 16
4 111
62 163
192 239
90 71
194 240
194 174
169 48
2 223
141 62
48 91
234 97
86 23
175 200
60 239
75 72
110 120
88 233
44 1
196 46
138 128
121 31
144 178
240 9
39 126
130 7
104 22
143 219
119 15
167 63
225 113
74 55
78 21
196 185
14 206
1 219
128 110
228 177
97 193
36 14
153 193
105 73
75 119
30 136
51 168
222 137
99 155
180 40
171 221
196 239
157 240
113 124
143 38
110 93
178 44
234 229
170 149
78 54
118 7
128 222
129 82
198 98
231 27
235 130
47 127
154 231
18 2
85 155
71 206
134 86
151 221
106 71
72 119
43 10
169 22
12 227
115 234
161 62
12 88
233 33
58 108
229 67
101 27
90 68
135 232
52 42
9 211
206 215
191 86
42 145
107 110
156 125
24 31
157 70
73 207
117 143
37 40
66 53
233 30
119 22
175 229
84 146
25 216
126 156
35 162
37 41
52 108
231 23
84 45
172 110
20 240
132 191
45 175
137 112
102 99
215 178
188 107
234 93
13 128
235 60
152 210
201 107
190 172
43 120
158 45
85 117
14 120
159 35
76 1
240 82
56 39
230 216
3 196
219 116
239 163
116 25
14 5
98 139
96 114
182 85
223 175
135 214
182 15
44 130
117 96
17 11
6 172
223 168
86 50
130 120
49 65
189 211
86 195
88 42
74 227
197 197
199 88
62 142
70 46
73 114
54 65
175 89
175 179
118 5
73 129
14 183
209 67
104 58
69 217
146 240
50 37
8 230
15 109
140 45
147 186
3 176
224 51
29 201
208 195
134 35
93 220
211 40
34 118
107 163
180 144
228 64
132 23
158 8
62 93
130 154
223 11
156 189
212 175
136 142
158 117
229 155
179 156
128 232
104 42
140 18
112 39
111 103
234 138
88 42
240 12
169 32
25 120
31 118
187 122
104 208
24 1
58 44
80 146
136 188
125 24
200 55
85 47
186 36
209 136
123 49
53 186
154 66
43 154
137 152
57 151
21 84
114 209
66 208
64 47
107 188
82 206
111 113
100 100
199 97
12 139
191 168
196 91
173 40
40 139
7 103
20 211
206 94
42 36
182 23
11 240
240 98
184 91
65 50
149 107
58 156
23 198
26 39
94 115
165 179
136 76
62 59
53 48
196 161
42 91
4 4
180 57
230 169
65 230
124 204
238 101
50 105
50 126
132 66
74 33
225 57
83 214
165 125
108 108
200 61
143 39
53 69
66 78
86 84
106 166
198 183
217 203
118 95
144 45
92 47
225 59
233 60
232 217
34 68
23 130
175 31
116 206
42 220
214 8
116 224
230 239
177 229
99 209
176 87
183 78
24 88
32 230
143 204
44 106
47 146
3 144
205 139
14 139
10 9
120 131
120 230
100 40
92 86
163 137
111 64
85 206
171 100
29 30
187 136
174 181
192 233
9 104
113 141
115 18
140 215
202 136
73 51
172 47
189 177
185 6
2 33
137 200
226 24
237 211
6 213
72 101
106 187
52 27
42 214
33 90
195 233
199 32
137 143
129 163
42 202
113 194
16 96
29 40
139 211
137 10
60 109
80 230
56 105
18 203
224 83
138 148
104 228
99 183
1 218
70 62
74 5
111 32
206 211
116 127
227 204
33 115
65 169
158 231
179 148
106 27
131 221
71 235
103 9
92 149
223 195
45 217
42 99
45 146
199 47
187 205
21 84
207 202
165 122
212 160
137 76
85 175
81 61
180 228
195 194
35 165
207 180
32 39
215 52
191 99
208 214
234 123
1 36
222 71
130 135
192 79
134 79
145 49
219 63
84 108
73 206
45 177
66 144
140 94
28 197
125 217
95 186
172 202
165 117
205 35
137 234
13 224
79 163
58 105
237 138
12 107
237 162
239 229
149 82
201 184
225 70
83 111
206 207
112 192
33 99
238 84
134 180
128 71
159 198
46 133
137 12
200 29
138 169
122 54
203 3
4 223
33 86
19 146
43 153
73 185
217 225
196 4
99 130
43 223
8 1
145 117
81 121
155 138
179 190
80 202
168 91
113 201
218 214
116 175
164 31
113 96
155 150
226 180
198 195
73 160
168 141
143 47
184 236
141 96
238 106
235 103
148 23
135 219
1 92
172 178
6 92
86 177
58 58
68 16
187 238
240 153
200 45
32 30
120 236
7 4
146 4
212 73
125 150
82 83
179 201
195 77
221 129
235 193
8 142
68 63
156 218
109 116
136 95
20 185
221 56
195 134
204 34
226 200
81 135
54 154
87 164
59 105
54 37
202 119
215 171
213 98
34 127
183 123
189 18
122 134
16 10
109 221
52 132
149 207
168 81
33 10
9 230
28 176
83 121
202 121
165 153
103 83
61 26
75 59
119 39
196 139
96 55
29 88
1 70
35 41
67 44
149 65
119 183
146 50
79 163
120 230
186 128
143 227
203 98
24 32
101 95
118 156
158 152
28 134
179 34
77 58
75 231
131 74
52 199
122 206
151 224
46 104
96 18
82 5
239 39
89 62
107 4
141 229
161 138
59 102
148 18
190 163
35 32
1 131
103 24
68 234
91 234
115 53
59 115
52 18
113 77
20 160
88 118
18 108
236 195
101 213
38 17
22 118
62 223
76 110
220 178
229 21
238 75
233 233
215 6
210 6
30 54
127 78
60 89
1 24
189 2
220 153
220 58
62 233
181 96
219 22
32 15
90 221
104 225
27 24
153 73
153 100
208 13
126 162
115 79
132 27
176 83
156 40
108 142
234 9
69 178
15 172
9 31
238 222
170 63
73 240
226 113
38 108
43 191
38 67
115 66
41 150
145 84
236 29
153 181
129 103
203 33
104 62
219 186
48 219
133 112
70 63
226 153
239 100
35 53
181 1
30 177
35 174
144 100
194 15
202 137
102 87
125 157
167 143
105 65
17 186
168 66
62 141
177 116
154 22
89 4
230 15
207 224
55 175
102 147
140 21
99 89
20 229
147 104
199 131
130 140
161 80
51 186
18 209
229 54
27 112
197 35
229 235
24 123
75 51
232 51
198 147
13 122
43 132
199 221
215 170
61 105
15 30
185 168
170 22
150 178
153 79
136 95
4 120
139 215
57 190
69 89
181 164
4 132
9 88
182 114
32 8
200 34
168 80
91 188
107 79
124 80
33 161
80 86
228 53
235 225
198 224
33 141
127 47
130 94
107 31
74 191
224 1
10 180
141 50
151 61
123 219
102 150
222 52
14 44
98 128
165 94
53 30
190 74
130 145
21 6
200 99
152 12
202 220
59 38
102 239
110 202
222 174
178 178
189 64
120 177
208 149
167 4
31 82
105 127
169 201
60 102
1 211
156 102
162 26
15 20
24 95
212 100
67 189
50 72
180 213
183 17
94 143
109 237
176 179
145 147
230 143
99 24
116 120
122 216
78 73
130 154
239 59
117 96
206 197
105 29
12 9
215 126
14 180
127 215
214 28
63 97
35 45
108 13
157 55
134 150
128 221
216 193
232 134
103 67
168 62
87 111
148 161
7 53
210 202
62 199
53 33
62 43
50 140
199 190
95 120
29 77
195 113
94 202
92 145
183 203
133 28
217 110
81 69
227 36
38 17
172 51
145 207
156 219
33 50
114 52
164 36
128 191
106 40
193 90
81 228
208 19
156 47
117 141
60 19
47 223
183 105
11 25
192 86
135 36
69 93
56 169
84 55
196 195
153 107
140 183
184 231
100 141
183 71
145 216
190 126
11 221
67 97
156 85
208 114
213 237
154 80
228 60
42 136
57 30
156 66
217 196
77 40
123 142
74 62
75 75
137 186
185 152
20 59
120 195
95 49
209 116
203 194
204 103
235 17
155 219
41 186
63 141
20 212
210 139
44 228
190 11
239 231
112 90
25 238
207 90
95 214
217 101
178 16
9 161
9 224
59 21
210 110
83 175
200 48
204 188
8 224
31 226
172 65
207 43
100 100
30 148
58 45
99 221
77 108
82 202
213 178
55 79
161 69
223 234
131 170
215 192
57 2
134 3
177 28
21 142
115 124
9 201
34 222
4 166
114 68
54 191
82 117
40 157
203 194
38 34
76 123
78 53
73 222
227 52
138 139
139 51
229 28
164 58
195 229
227 115
133 144
140 131
4 89
204 112
112 157
131 204
190 53
101 123
222 177
33 41
53 222
63 93
127 188
108 151
130 192
163 110
61 186
190 193
159 188
139 141
180 22
15 57
103 112
92 115
23 196
29 141
161 202
106 171
49 115
70 8
16 119
101 83
56 4
45 149
104 90
67 151
92 134
19 56
180 109
226 234
136 15
173 11
127 5
154 146
180 121
199 48
78 94
28 88
50 222
237 120
217 201
179 178
107 9
127 55
117 94
112 69
70 50
138 69
25 28
239 58
109 31
192 238
42 185
44 197
31 49
90 108
99 143
39 232
73 181
132 235
8 197
230 19
152 206
13 169
199 3
52 125
238 79
180 84
221 148
125 49
129 227
118 194
57 59
190 132
26 138
173 79
235 123
181 69
93 51
139 86
53 172
134 53
205 186
73 193
232 229
118 31
5 128
196 88
191 96
185 172
184 97
97 219
224 46
62 216
170 22
90 171
140 210
94 195
38 12
192 40
196 5
235 118
146 37
148 63
19 178
110 236
221 29
27 42
29 230
10 181
96 52
173 149
119 190
222 226
16 235
54 236
181 167
17 17
187 131
140 107
47 179
24 125
67 227
79 211
149 202
167 39
18 117
211 212
181 77
65 96
70 112
154 80
108 106
67 38
165 63
83 158
19 228
60 209
210 83
69 46
128 238
4 18
108 133
41 61
65 181
46 101
122 119
48 85
156 138
182 61
216 131
199 162
184 167
33 50
114 7
47 235
128 38
18 178
28 147
48 129
89 157
27 157
183 114
165 123
48 57
97 100
199 129
57 64
13 21
96 61
179 38
182 126
71 7
49 17
14 2
158 95
2 12
167 187
67 150
223 105
178 22
158 119
56 52
77 76
69 45
112 177
120 51
85 62
123 139
174 155
8 21
41 33
28 44
165 67
112 181
196 45
128 36
208 239
231 83
44 218
13 240
89 178
205 151
80 87
99 155
113 238
233 45
131 89
39 39
199 131
152 36
167 13
213 201
188 196
188 126
63 153
116 154
5 69
77 25
224 216
132 212
214 141
13 189
228 85
3 52
192 103
12 65
237 97
95 201
191 29
158 229
183 179
44 115
73 123
116 155
26 135
77 65
227 213
194 118
148 240
9 110
125 139
154 170
19 51
199 77
184 181
233 35
202 166
118 112
164 24
70 225
161 107
188 63
79 54
140 225
65 225
236 227
223 46
235 47
108 5
230 181
175 83
65 49
184 207
227 186
146 17
237 234
144 111
34 179
183 155
238 26
206 210
11 96
44 69
96 142
91 216
26 32
43 143
41 174
179 164
44 1
111 208
182 105
176 34
120 237
131 116
213 155
145 235
47 194
190 137
187 4
135 163
111 100
17 46
8 100
187 74
195 160
28 47
129 23
167 8
173 110
40 34
146 26
221 147
226 222
81 140
89 154
60 33
96 114
113 6
197 41
214 18
188 198
32 209
104 196
217 211
53 115
52 193
74 166
210 19
238 161
206 197
205 152
54 117
204 189
28 210
153 69
37 167
70 46
237 57
223 69
27 44
86 46
156 118
84 172
111 95
70 128
211 19
24 11
207 162
99 33
16 99
171 196
46 6
117 108
137 166
155 126
145 29
99 193
136 57
146 160
160 68
84 239
165 155
21 98
133 154
81 146
63 159
95 154
180 21
199 95
117 228
234 86
154 170
119 189
102 155
214 100
176 127
179 50
58 126
235 53
160 127
228 104
107 150
35 171
221 25
228 199
229 184
74 5
218 116
188 231
59 128
143 94
226 12
189 179
164 182
44 228
126 201
10 46
159 42
149 164
53 1
21 61
185 192
129 230
195 1
98 67
136 126
209 163
65 191
128 164
15 13
235 134
207 126
119 48
7 34
33 220
185 191
159 89
98 48
72 88
172 54
42 111
117 38
188 72
119 207
77 78
182 238
132 4
227 90
219 208
216 170
155 235
209 216
232 192
159 58
159 127
6 113
63 10
238 92
38 81
91 154
118 107
51 119
110 90
104 157
36 146
75 101
29 29
128 173
113 178
98 113
6 163
221 10
63 44
99 178
169 155
107 119
137 65
36 39
44 203
181 48
65 192
61 161
182 19
73 28
158 41
27 65
112 217
211 72
104 3
88 239
202 169
87 191
205 140
102 104
9 119
7 220
40 90
83 40
167 210
11 112
148 71
130 180
126 39
19 21
25 114
163 90
23 117
152 215
31 150
186 11
173 192
37 229
153 72
12 126
90 47
235 99
189 181
42 62
236 162
220 57
28 207
81 144
176 24
158 31
207 105
39 35
229 166
227 238
196 147
211 63
137 212
177 232
201 121
131 103
117 117
10 148
147 175
81 114
173 78
117 97
183 27
95 227
176 16
12 79
150 126
115 119
61 106
235 214
18 19
50 229
86 166
240 124
204 23
27 205
34 148
82 236
25 80
169 152
129 27
118 200
139 25
60 120
206 181
161 131
146 234
195 119
3 160
21 42
212 221
49 128
30 30
205 185
190 131
68 96
79 29
80 174
52 54
182 222
111 137
110 205
20 138
128 104
47 164
164 53
39 85
43 180
95 32
44 186
16 72
138 99
5 137
104 189
34 62
86 38
202 210
124 206
163 223
23 116
236 117
33 86
42 17
74 226
61 108
87 12
11 144
113 67
103 178
122 153
15 197
80 123
93 14
169 211
202 178
93 52
3 92
216 239
156 32
45 179
240 229
131 46
107 133
50 217
198 65
223 79
6 148
135 173
117 57
93 223
92 118
140 211
64 30
183 162
238 128
211 85
236 188
189 11
19 173
59 52
84 198
237 45
13 183
101 44
181 144
216 168
239 222
94 30
206 28
114 5
66 165
110 140
9 61
27 198
212 92
87 191
172 158
160 41
55 107
198 170
88 178
99 95
63 239
223 192
120 142
86 238
61 126
193 96
4 203
212 46
91 64
189 27
16 52
88 184
212 185
113 84
86 212
143 119
68 159
211 193
240 151
29 195
50 99
181 198
66 79
50 98
163 53
67 4
75 99
184 58
142 157
42 63
15 96
46 22
150 70
145 110
208 161
79 112
103 23
156 177
34 102
112 37
21 170
212 208
73 209
208 37
239 23
193 204
97 74
168 99
170 68
6 146
237 64
45 182
116 138
157 109
165 179
130 219
43 151
170 93
54 78
106 14
211 11
197 35
56 93
181 29
55 224
101 63
2 82
90 63
115 128
155 121
157 53
73 48
140 35
156 33
3 214
211 211
233 163
35 204
211 32
183 169
151 172
143 234
175 129
183 222
91 153
214 166
187 134
178 229
38 224
71 136
3 156
63 130
46 86
182 56
218 169
222 143
104 156
130 76
17 127
196 49
207 57
225 116
33 174
127 3
215 59
61 76
229 100
197 44
149 234
42 209
199 172
139 40
158 175
90 209
118 91
109 143
227 69
45 79
167 109
22 221
211 213
161 68
233 21
183 178
74 40
150 41
156 182
205 30
215 123
79 68
19 3
231 109
195 196
160 212
93 94
20 144
115 26
229 217
79 139
208 195
132 34
18 240
3 190
226 191
232 139
122 136
28 231
219 198
165 201
85 59
237 200
97 37
205 63
206 49
80 156
104 84
119 163
62 136
4 76
2 154
219 156
139 189
180 180
238 68
237 130
223 16
14 34
100 133
157 145
48 86
10 123
70 145
24 69
157 157
105 92
153 169
27 88
146 30
207 168
31 66
232 88
197 14
94 159
41 216
103 111
81 66
75 203
235 32
157 58
211 65
195 152
169 194
59 138
201 125
201 64
239 108
60 37
68 17
197 171
197 166
133 201
135 122
102 195
145 117
136 192
189 13
143 11
150 166
154 224
189 121
217 64
99 23
164 12
194 104
186 58
149 183
69 94
43 210
186 72
164 235
30 57
91 179
200 126
64 68
128 234
154 238
177 15
212 76
229 207
73 43
226 168
128 199
154 154
52 183
146 52
228 15
105 48
119 187
95 38
113 120
91 68
145 32
193 187
142 81
230 67
36 222
194 129
129 165
216 115
217 38
83 197
158 29
224 196
