240
2880
221 211
44 82
4 43
7 63
168 167
184 148
62 121
144 143
172 87
118 5
156 198
202 137
17 12
100 125
176 214
91 235
182 149
214 223
179 45
27 163
238 235
184 183
186 226
10 75
213 77
81 94
77 192
20 95
226 5
16 18
34 89
54 100
41 20
240 47
169 226
72 211
206 55
191 28
46 207
135 214
45 28
51 99
232 212
229 186
64 80
52 85
92 94
44 55
33 41
203 196
137 212
80 132
14 44
186 80
238 68
44 203
56 137
162 57
113 142
20 190
114 171
162 78
53 239
205 212
123 81
165 128
179 145
101 66
225 130
111 204
98 125
176 211
209 154
139 47
238 237
216 51
74 11
236 229
96 59
14 48
59 67
145 121
22 135
172 113
167 35
231 228
55 198
86 201
183 94
143 195
123 167
142 80
30 81
35 76
169 94
203 77
193 23
189 8
89 239
66 78
8 180
114 163
94 92
90 179
17 228
141 59
69 45
10 98
210 151
37 216
165 28
228 228
231 88
187 42
158 27
152 78
14 209
190 61
126 140
172 240
84 208
31 117
190 178
91 227
236 101
215 4
119 117
2 63
82 159
185 22
31 96
136 206
227 126
121 123
107 126
104 23
191 1
35 175
63 199
43 133
198 105
221 140
105 204
19 13
215 59
27 153
59 41
232 195
187 73
148 190
13 194
196 75
31 226
155 58
151 74
30 22
231 83
238 117
61 130
219 167
212 189
52 240
126 11
230 165
140 173
182 13
57 186
145 217
189 55
61 44
118 71
25 233
18 6
175 177
114 66
28 144
177 186
34 78
74 128
77 196
177 220
102 240
150 129
8 12
27 171
218 129
23 12
202 104
152 157
87 153
167 200
217 167
96 62
107 41
29 158
27 198
99 3
54 108
123 98
44 103
57 178
79 116
80 167
217 153
147 96
200 103
217 80
118 17
10 23
137 63
42 178
24 32
214 15
14 18
126 201
88 17
141 95
166 95
73 179
90 221
5 85
102 73
186 96
13 147
47 174
22 138
91 57
1 12
224 24
135 208
109 11
143 175
214 139
155 61
169 139
174 25
69 28
63 173
130 226
17 74
34 209
21 27
21 75
41 87
28 220
80 192
34 160
16 4
157 112
121 211
54 80
139 216
174 78
115 31
4 231
39 16
25 195
121 192
201 2
201 216
185 190
33 133
149 51
154 104
225 184
188 134
87 205
160 80
12 29
2 213
99 9
238 118
133 113
43 130
228 161
130 131
237 149
26 176
172 212
44 222
223 14
41 147
215 158
97 177
102 55
239 128
185 123
234 212
214 200
103 205
69 90
238 239
231 6
87 170
240 204
240 197
42 187
201 209
181 20
213 89
40 90
39 114
68 134
218 178
202 43
1 46
5 77
178 121
46 208
135 151
156 30
196 6
75 200
225 58
67 43
202 140
115 189
184 228
10 113
20 224
84 85
50 66
135 212
222 232
225 114
72 130
64 192
15 68
88 202
193 31
85 207
48 133
201 151
178 128
132 67
207 79
70 67
135 29
165 73
142 103
147 170
108 188
235 170
135 72
130 112
72 163
233 187
20 10
55 19
134 21
12 152
96 200
4 231
217 206
154 118
75 190
7 189
48 131
159 35
16 115
7 116
15 38
62 60
127 82
235 189
41 239
151 56
199 85
126 211
219 116
120 213
202 141
198 69
141 173
43 91
210 165
12 154
138 145
122 107
38 18
57 240
59 203
233 63
121 158
116 4
84 123
213 81
33 182
157 136
181 118
49 34
1 20
189 35
48 99
60 119
215 51
140 119
102 116
135 199
223 25
30 83
120 121
94 44
71 197
168 131
26 152
131 19
85 70
197 11
221 202
32 31
18 134
21 38
215 75
25 221
49 199
181 223
127 42
70 165
209 75
186 78
166 13
13 200
15 29
23 170
50 193
219 189
157 224
215 39
109 199
233 54
116 198
79 236
111 79
79 83
193 130
78 43
4 172
2 234
48 155
187 20
112 108
104 117
149 134
170 23
142 145
195 176
237 199
57 64
112 70
207 136
2 63
160 16
79 220
13 68
143 121
96 166
40 142
192 40
120 154
17 69
33 13
126 91
40 82
8 99
119 90
10 166
120 90
74 106
223 3
137 223
33 215
36 37
221 27
51 240
197 18
189 140
52 55
150 216
197 135
151 88
53 26
168 143
114 145
152 128
51 52
136 23
21 216
2 133
113 137
53 171
129 74
4 212
89 81
178 193
47 216
75 201
150 12
226 239
223 89
31 175
169 15
166 141
97 168
164 172
216 32
192 235
32 59
33 19
195 74
200 27
29 48
14 118
230 136
2 55
159 170
82 214
123 1
190 140
58 166
231 111
41 215
85 39
73 179
162 180
91 137
165 16
219 35
96 154
169 183
209 180
168 33
29 137
127 67
166 20
173 48
233 75
42 122
180 203
32 147
58 123
175 77
79 68
89 167
108 15
125 109
10 109
68 227
130 54
26 27
25 139
149 144
139 239
157 118
68 93
33 105
182 37
3 50
203 171
53 140
128 200
166 140
18 225
119 105
206 228
180 153
205 88
2 124
97 206
207 20
178 21
175 94
191 68
5 82
18 170
194 6
32 75
18 41
114 26
98 145
82 184
86 84
57 49
90 103
17 6
143 225
80 34
146 195
62 37
188 69
137 109
231 4
15 214
5 80
120 154
233 107
83 134
93 162
100 221
22 224
189 183
145 25
49 202
123 197
213 25
10 91
169 170
236 47
115 210
160 79
32 179
154 236
110 22
140 71
208 12
176 106
131 57
179 86
233 110
215 41
182 22
214 29
142 163
227 135
5 110
49 115
25 103
35 140
82 235
131 17
140 44
3 220
210 139
85 136
201 158
110 152
181 142
202 206
115 3
175 172
139 11
31 157
135 73
176 107
27 236
240 58
72 78
227 181
116 14
189 13
122 11
114 166
156 171
158 98
216 215
98 177
131 167
46 53
134 232
12 30
3 163
192 230
58 90
228 159
234 106
212 34
7 32
18 185
190 75
24 130
227 91
52 14
75 229
67 59
24 192
95 170
123 17
12 22
120 209
107 2
240 156
165 206
2 89
138 84
173 157
232 128
167 172
88 235
204 40
223 122
210 154
50 213
13 135
33 32
133 193
79 9
138 60
151 237
117 27
132 236
76 177
90 193
210 159
144 59
228 5
97 65
127 153
55 190
177 186
9 45
126 65
204 202
201 144
142 40
10 93
208 109
193 162
196 173
41 30
151 24
27 236
78 66
199 230
63 159
151 28
13 18
186 189
53 34
20 230
109 39
215 237
93 133
178 39
68 226
23 87
75 188
201 11
126 83
37 15
123 140
7 112
162 29
69 126
134 229
23 44
32 167
216 18
73 209
204 34
29 72
217 138
176 117
232 201
14 61
90 99
222 97
19 239
156 117
70 104
6 231
223 98
8 184
71 130
132 212
26 107
145 226
100 36
16 232
77 191
100 128
38 168
128 142
160 225
66 235
61 168
107 168
33 32
105 89
198 26
137 123
120 132
186 78
75 135
216 159
172 117
126 170
73 214
68 84
205 76
110 159
27 99
162 119
17 115
130 21
227 14
137 14
32 200
220 108
225 54
82 151
150 210
154 13
9 166
96 159
216 68
195 99
106 92
159 108
99 216
140 165
64 214
114 24
122 125
136 187
102 150
147 177
230 56
232 208
185 67
22 177
20 91
197 113
131 153
139 91
71 139
180 188
104 192
147 209
229 147
111 9
103 51
168 83
42 25
46 231
25 65
113 228
64 146
17 84
175 134
203 62
53 217
19 33
69 118
28 120
104 76
37 42
107 26
13 160
126 173
127 151
179 197
238 80
36 98
33 93
62 2
109 43
204 3
172 128
173 26
108 70
139 79
101 34
2 33
2 10
133 84
17 233
146 190
73 201
85 105
190 77
159 195
207 51
9 125
148 134
230 44
144 210
28 76
170 108
198 197
237 132
1 87
157 138
129 114
239 213
97 162
86 231
119 119
143 220
180 12
46 184
98 102
175 136
76 121
226 239
189 227
160 105
11 129
200 185
137 144
144 175
168 235
195 133
205 216
200 58
32 155
23 171
226 50
18 45
216 81
38 177
13 28
15 64
81 164
145 162
83 216
169 28
236 29
63 235
98 1
23 150
70 92
138 172
28 211
121 219
145 122
112 22
184 113
223 113
181 4
179 180
231 119
128 207
101 119
5 162
7 133
128 168
105 86
169 56
236 17
230 106
112 64
163 34
140 22
145 77
56 167
113 151
26 71
69 156
209 224
154 160
142 26
47 162
131 142
194 226
200 216
227 76
72 74
5 195
151 227
183 97
169 207
225 172
174 134
16 65
96 60
37 128
190 215
190 125
144 203
49 235
38 100
227 47
232 228
24 205
87 49
113 169
190 122
104 35
86 215
195 172
41 188
67 31
119 236
14 26
182 200
206 195
159 209
52 170
88 88
158 118
14 165
5 22
76 233
99 209
45 160
55 53
29 46
91 219
233 219
156 45
46 154
98 206
38 230
229 8
195 189
89 100
142 168
51 51
45 37
7 125
51 226
100 75
165 101
77 107
188 76
205 140
170 6
194 52
69 19
230 77
134 176
21 211
194 220
197 240
155 42
9 230
118 59
98 180
31 83
30 107
30 148
159 200
186 203
73 144
22 155
75 15
233 142
221 63
103 92
114 69
134 153
226 13
28 56
99 65
3 20
40 37
145 61
79 38
229 6
119 155
39 96
142 217
97 4
4 31
80 90
50 62
155 79
177 55
157 50
29 150
120 192
15 60
208 144
168 122
142 74
28 169
232 198
235 85
23 66
86 6
11 100
37 134
3 48
156 223
147 134
143 105
153 24
116 105
181 79
106 63
47 36
14 64
5 74
27 126
191 53
204 147
136 111
115 84
25 59
162 211
31 197
159 138
194 38
113 36
41 1
53 7
224 183
72 212
165 229
82 60
53 27
69 114
23 89
35 201
114 231
189 222
14 148
57 179
165 51
235 115
68 38
55 218
181 23
204 151
111 230
202 137
116 205
75 29
46 72
31 22
34 102
121 60
214 232
216 176
67 237
179 39
37 124
77 120
195 113
38 131
61 30
52 182
85 239
98 213
93 65
143 34
182 151
50 38
69 19
152 135
109 8
229 190
182 198
47 137
11 18
177 104
151 3
90 59
83 130
176 215
154 59
47 121
57 120
192 155
187 35
82 72
180 195
34 234
215 96
222 37
226 139
153 67
57 173
68 73
123 151
198 198
13 80
179 69
191 177
232 68
130 124
31 81
33 95
57 162
39 177
192 77
82 131
178 55
63 110
231 59
131 194
184 149
118 74
182 90
147 71
236 154
117 75
115 26
164 228
199 98
40 152
122 49
201 95
80 38
145 201
201 215
39 157
84 51
84 184
81 25
195 187
8 84
59 235
220 166
2 211
221 27
47 167
224 13
161 6
230 202
99 133
164 210
152 94
109 13
131 150
69 44
183 79
56 84
165 234
65 130
23 204
162 106
12 92
169 210
144 55
212 207
236 172
68 75
177 201
13 184
127 13
105 2
6 220
60 104
185 20
110 144
32 6
22 170
119 237
35 46
170 21
188 75
161 222
12 216
120 182
46 3
92 170
221 20
117 62
56 191
135 160
176 191
229 116
182 105
29 71
59 126
164 196
160 182
236 164
43 133
60 29
4 9
72 237
63 58
46 78
186 200
189 123
159 136
164 44
48 225
185 138
161 104
178 150
204 137
215 194
97 145
132 45
39 19
53 135
211 90
239 139
1 57
142 49
111 150
196 133
99 128
69 146
61 30
223 22
14 51
6 107
166 144
21 187
136 1
179 54
152 207
85 113
184 57
170 190
222 191
226 150
155 144
226 119
45 216
37 56
21 225
128 192
111 158
140 104
9 58
176 144
127 170
173 165
90 150
12 127
88 150
107 119
103 193
24 150
62 191
209 239
87 148
89 125
183 32
1 57
16 41
207 49
47 118
34 226
152 161
150 130
8 176
116 57
46 234
19 111
213 204
74 226
56 64
49 178
131 139
101 15
75 55
129 23
121 33
50 7
182 207
109 179
131 202
132 161
158 240
198 175
221 177
45 219
165 239
149 217
156 221
136 123
233 223
177 209
12 46
200 198
163 21
160 107
193 88
42 9
165 69
23 144
85 34
43 148
225 163
178 211
207 134
64 63
233 94
107 19
15 92
74 26
37 197
226 125
179 55
114 119
131 211
21 137
141 155
200 232
72 210
108 223
160 66
106 41
232 239
128 155
191 35
199 141
37 130
153 123
160 77
76 173
122 1
71 233
231 167
226 124
215 209
114 207
135 110
161 164
192 225
64 168
39 80
197 212
13 78
18 123
164 153
124 137
232 160
92 127
99 27
13 88
20 66
53 178
115 149
15 234
27 172
75 171
112 37
125 153
140 222
66 238
239 93
105 87
75 4
102 230
50 202
141 60
131 232
203 154
123 88
217 167
166 13
216 87
78 96
220 67
113 77
125 64
160 218
64 109
192 169
209 72
156 190
150 65
94 28
182 108
140 132
26 193
202 49
170 137
78 43
90 64
118 125
216 152
166 116
170 217
193 190
111 222
22 60
201 229
197 233
85 101
240 176
179 9
174 101
82 34
71 99
137 148
107 198
216 177
92 98
100 121
238 69
213 183
20 61
2 33
70 29
173 213
210 4
124 133
232 139
233 113
199 185
45 35
121 109
240 62
41 24
163 125
229 228
204 202
202 62
193 87
198 78
220 134
48 131
52 107
212 168
117 70
115 221
201 79
74 78
187 13
212 199
151 140
157 67
57 126
201 141
177 194
161 81
133 165
1 129
5 28
222 42
54 136
35 142
55 53
41 26
11 171
110 98
173 222
7 7
154 155
125 112
29 148
16 18
66 126
176 112
205 226
115 25
63 14
9 50
169 211
3 196
204 189
4 51
156 182
108 172
226 129
231 192
100 216
61 193
142 44
188 194
139 227
237 36
7 183
226 132
74 47
99 4
196 61
200 96
88 114
135 53
52 11
224 207
102 225
94 1
143 227
119 68
71 59
104 79
20 151
154 96
134 76
117 210
69 164
56 116
78 30
224 236
117 86
118 228
37 15
188 56
123 172
213 214
220 129
53 67
159 193
156 30
52 121
11 16
112 213
180 134
155 193
63 120
170 22
199 151
175 108
152 198
173 239
4 53
38 195
97 233
31 126
64 100
195 122
52 72
1 154
144 112
128 212
162 146
122 224
199 118
110 40
227 104
229 108
225 142
201 8
55 234
6 236
3 233
59 142
84 36
237 11
157 176
141 71
84 128
71 40
5 34
107 28
213 187
109 138
88 179
222 74
47 60
230 178
39 20
240 153
198 192
192 52
229 172
191 178
18 19
157 15
181 65
224 168
120 33
135 134
231 38
87 234
59 20
55 74
203 33
233 151
114 11
239 117
137 47
214 9
107 27
119 162
180 141
102 87
231 178
236 56
62 60
48 90
140 201
77 84
226 21
45 80
27 79
19 125
125 231
145 219
137 102
146 134
93 121
160 60
71 144
175 168
195 219
151 98
130 45
37 193
60 154
202 210
149 78
76 89
227 36
232 167
26 103
41 70
126 35
139 99
58 140
55 117
114 156
62 95
121 15
149 83
17 140
235 157
108 231
12 177
55 179
36 233
216 158
83 204
32 106
117 186
113 123
25 144
2 165
75 224
123 2
62 139
2 24
194 194
136 238
125 238
116 149
15 22
42 49
128 124
203 87
48 2
91 27
127 20
234 47
85 47
82 88
180 35
70 211
2 1
76 235
24 217
43 55
228 84
118 13
69 44
69 84
164 190
205 189
169 207
102 85
6 61
18 43
98 38
195 96
191 165
216 49
83 120
18 42
202 31
40 116
61 211
86 125
57 105
104 231
101 17
29 98
240 169
101 154
185 106
13 63
122 134
161 80
152 155
158 238
37 72
146 149
187 134
233 64
171 23
168 233
95 223
236 33
155 219
33 171
212 210
68 186
83 193
91 200
195 167
237 20
41 104
219 206
218 117
61 219
50 174
94 112
106 220
3 171
88 135
162 32
77 199
7 26
85 164
73 227
161 194
120 5
97 146
45 6
106 195
116 116
178 160
110 178
77 168
148 204
103 133
130 63
184 148
44 54
19 203
42 234
180 115
64 57
22 174
156 96
84 120
94 82
122 68
128 206
211 133
165 107
83 89
186 3
77 86
85 227
72 55
109 12
222 65
9 82
72 22
202 147
223 182
231 203
145 106
75 124
46 24
87 235
45 48
125 215
92 48
90 100
120 166
76 104
67 169
24 62
66 157
56 153
164 128
124 232
58 192
185 118
127 236
220 36
193 9
18 18
72 145
56 24
101 142
139 128
90 123
140 124
183 50
10 230
95 65
103 146
82 227
205 99
25 11
14 126
174 120
227 209
129 206
158 35
34 144
56 119
73 162
228 224
9 13
165 155
27 217
210 201
22 148
214 178
6 178
156 39
102 196
62 26
127 79
169 107
162 126
97 38
65 221
168 144
54 127
111 88
204 229
121 166
30 188
240 170
112 143
84 83
236 185
130 59
222 87
131 161
141 105
11 114
74 213
43 139
127 79
31 42
201 19
171 128
89 2
55 234
194 78
102 192
211 105
51 158
168 8
155 113
26 23
183 53
213 6
92 58
175 229
157 51
10 238
48 85
8 9
237 116
149 179
53 59
65 57
162 120
212 211
62 178
202 108
95 163
39 187
76 93
149 17
206 95
23 197
1 86
85 167
190 70
224 190
185 40
211 216
165 156
189 72
231 169
210 216
36 175
218 239
81 12
162 40
30 199
133 167
83 12
179 131
119 239
80 207
105 22
237 34
43 28
186 176
29 4
190 210
206 54
175 54
130 17
4 3
71 123
30 79
166 226
33 124
223 45
51 221
100 68
223 49
164 30
167 152
49 197
188 226
32 212
5 125
232 165
213 109
20 117
231 105
31 2
125 219
25 209
179 154
7 106
65 68
8 203
211 100
119 26
99 81
84 48
128 213
67 78
206 185
151 82
96 130
223 192
118 52
159 77
22 173
36 80
110 179
64 41
225 202
37 236
208 2
101 83
240 4
53 148
66 10
88 234
56 97
101 154
43 4
186 93
134 209
80 173
170 115
64 2
238 149
136 113
196 96
91 90
32 139
127 178
226 181
36 212
84 47
27 47
110 181
58 5
24 183
11 125
1 171
109 23
117 111
90 11
174 131
234 100
5 238
108 58
2 48
22 227
37 64
170 98
9 71
69 172
35 199
132 120
150 13
68 216
110 198
209 236
7 118
172 48
113 111
63 172
227 9
187 19
35 170
187 59
61 158
11 166
12 166
5 159
64 195
215 102
162 29
130 147
51 30
69 18
71 163
61 164
19 70
211 73
76 237
228 129
197 193
76 116
140 124
33 96
115 57
79 95
6 192
27 114
77 11
40 114
33 206
8 235
67 24
3 9
87 111
171 80
59 166
68 62
125 177
10 204
154 132
78 43
27 35
231 38
34 239
217 65
33 107
130 194
169 87
2 174
72 90
149 41
128 173
113 21
96 208
215 181
30 52
59 52
72 13
142 157
154 123
25 234
41 21
129 64
28 91
164 156
22 188
31 64
29 21
236 175
43 191
23 192
234 5
213 154
203 175
42 60
133 163
165 10
35 225
91 227
155 198
117 79
143 19
58 177
155 227
237 222
53 12
147 12
201 58
34 95
187 23
11 54
76 123
86 106
6 17
191 226
112 55
212 182
158 90
99 124
86 213
234 27
140 167
226 103
226 158
172 33
228 92
146 155
199 202
181 152
91 221
43 54
186 6
90 236
227 29
41 42
23 42
55 5
206 149
26 152
58 205
13 204
92 178
66 59
173 180
98 240
75 230
192 155
236 224
167 37
109 215
97 227
61 199
141 6
121 48
136 143
33 237
9 75
168 215
228 70
43 195
76 87
220 139
236 137
110 138
138 33
186 40
45 80
63 85
31 215
83 129
55 52
204 116
158 133
205 184
240 217
168 63
154 110
191 144
190 234
182 39
48 97
166 129
120 123
146 126
210 204
24 148
218 34
191 68
227 101
2 221
92 86
232 1
41 210
15 86
154 36
211 162
22 118
20 152
174 237
130 86
39 173
50 94
5 115
146 81
99 77
220 151
33 89
227 83
141 7
115 239
46 48
102 71
143 114
64 91
21 99
199 51
23 52
117 34
117 20
12 10
85 103
93 112
135 209
225 18
190 98
90 56
30 215
79 117
91 10
20 179
69 205
193 43
30 143
81 57
206 153
167 81
135 26
23 104
123 121
160 154
165 237
43 139
206 209
190 55
15 85
30 89
113 223
43 134
8 33
68 173
149 156
23 32
181 45
143 18
153 215
32 214
194 26
97 103
215 7
197 23
168 91
137 35
56 129
172 10
230 90
103 167
6 213
171 74
234 52
203 65
167 139
84 239
197 188
14 181
207 113
232 11
15 167
214 62
73 41
107 187
37 129
92 163
88 68
59 108
144 89
195 124
232 210
226 191
59 190
30 95
86 69
209 141
57 93
96 103
108 173
147 138
167 193
164 61
31 209
94 136
196 124
11 197
133 163
156 94
120 128
59 35
83 193
83 145
120 5
142 88
46 137
148 223
69 96
127 186
40 187
118 52
173 181
171 25
125 85
88 107
62 41
103 207
230 26
180 134
67 154
236 180
22 54
94 112
167 7
218 174
75 198
129 71
70 233
34 158
181 145
152 143
183 207
213 194
237 110
25 187
67 226
62 1
55 231
62 181
185 119
83 197
48 172
146 107
57 156
68 206
63 105
124 214
80 130
95 130
51 200
219 224
148 146
183 177
47 195
181 214
155 186
130 159
135 67
181 222
159 53
26 64
169 89
62 136
130 191
105 3
34 173
116 60
231 226
146 19
27 153
128 131
76 77
76 64
176 100
20 11
69 85
189 140
144 39
219 119
206 222
77 129
166 233
215 92
204 163
178 74
121 114
99 146
53 104
231 220
28 138
151 196
36 208
140 109
202 223
240 186
27 68
120 105
16 10
235 224
114 29
224 195
100 114
154 60
226 191
192 181
225 142
83 20
27 10
38 137
232 58
23 159
48 124
231 76
157 171
23 87
156 165
1 39
67 152
110 148
54 137
221 99
235 155
49 54
20 23
240 133
81 76
24 84
57 130
41 207
208 163
107 166
52 81
91 17
79 176
17 239
44 181
226 180
31 91
182 115
3 40
225 136
125 154
191 146
55 96
23 97
71 68
29 115
192 120
42 74
237 39
112 121
129 16
101 210
13 66
194 190
119 181
179 7
26 109
190 23
146 100
150 194
166 88
211 46
63 197
208 208
224 37
52 194
167 110
149 75
196 33
140 58
133 226
19 47
65 70
134 220
161 180
216 5
9 199
23 88
169 91
240 40
11 41
87 220
238 91
170 237
182 11
11 3
26 206
69 23
188 173
175 29
104 212
64 77
83 159
163 213
225 204
231 175
60 27
142 109
208 191
86 150
199 170
149 91
234 177
162 212
73 107
97 70
139 158
40 24
216 15
149 123
136 26
74 188
18 143
33 219
106 65
204 76
96 104
60 203
139 41
27 208
148 95
214 50
51 45
161 2
118 164
88 150
1 208
203 17
69 121
168 146
170 77
146 80
139 213
19 100
163 81
31 57
42 47
37 74
108 27
66 128
231 161
68 139
230 62
164 195
138 182
130 168
206 2
16 94
141 213
136 97
146 33
216 116
33 59
161 57
174 36
81 72
198 60
58 4
96 63
95 134
79 183
51 39
169 100
49 85
155 131
107 1
196 122
176 108
139 68
197 149
18 180
18 139
184 190
194 83
184 129
187 211
69 3
43 151
190 177
138 174
95 6
30 97
220 193
114 227
240 113
137 119
158 2
31 145
238 168
6 186
234 95
27 224
79 52
116 129
107 40
89 227
27 121
56 226
65 181
179 199
114 190
199 79
1 85
150 207
55 110
86 204
123 199
80 46
141 237
188 61
95 156
162 166
127 48
211 192
46 74
78 73
99 212
196 132
75 29
60 114
99 12
234 175
137 13
121 116
150 50
87 64
102 70
185 12
140 147
23 227
188 59
45 148
239 1
216 83
87 30
200 72
175 77
115 60
237 70
62 91
89 223
220 128
160 124
26 36
233 161
106 73
184 185
29 31
106 239
231 133
160 58
228 230
226 46
42 166
76 118
81 141
122 97
152 240
67 19
24 37
21 92
92 117
180 220
230 59
11 20
19 54
97 14
55 148
159 25
101 232
83 188
187 153
184 201
116 222
86 69
52 12
159 239
223 86
76 154
71 161
171 52
185 142
171 29
106 206
102 83
134 22
208 164
166 225
174 221
189 231
146 44
57 31
142 50
45 180
218 122
183 203
60 91
195 108
1 122
118 142
4 209
167 9
210 189
217 74
151 183
126 159
43 141
135 3
64 102
240 22
184 65
199 213
126 18
180 84
149 52
20 1
86 126
22 62
8 216
148 201
94 222
191 106
146 154
209 180
123 120
95 37
163 31
157 59
100 97
181 212
84 204
238 228
219 221
124 54
89 77
170 94
172 89
173 61
233 203
21 232
192 109
143 125
231 143
53 186
21 28
135 11
183 206
40 223
151 112
4 22
75 135
204 75
141 165
151 13
34 153
192 59
177 92
3 175
133 36
212 73
163 100
65 182
124 110
49 233
12 211
184 1
59 164
6 179
60 164
15 182
210 29
43 207
109 8
119 219
108 213
35 235
2 20
103 235
234 176
39 94
177 59
170 133
69 33
124 63
235 71
174 15
164 176
154 75
105 11
158 137
113 177
24 191
88 35
74 215
2 133
150 191
10 11
74 11
164 69
165 36
65 100
68 210
76 199
15 193
177 213
199 96
75 221
197 93
54 146
127 187
107 135
7 24
202 214
1 121
55 86
226 93
4 39
62 223
201 103
25 208
213 215
222 67
209 6
138 170
137 198
