240
5184
179 88
14 40
6 110
156 197
221 158
72 52
64 123
26 161
238 4
203 116
230 45
99 3
68 11
144 41
170 78
121 84
107 216
211 117
110 56
69 183
176 177
231 9
32 127
217 195
62 106
121 195
146 211
73 46
178 97
96 194
153 52
42 105
200 53
68 127
95 67
50 240
4 26
86 31
82 236
198 39
222 63
199 131
131 216
125 133
97 113
225 57
99 179
9 215
53 215
53 4
185 33
25 138
171 238
17 152
166 217
128 27
193 55
104 111
31 89
159 31
181 113
68 230
218 80
113 13
226 203
62 5
197 79
25 226
206 128
204 172
128 229
127 124
21 202
48 219
240 192
31 97
140 194
155 104
212 170
95 86
22 196
70 139
56 21
27 1
176 84
46 27
6 61
114 147
197 171
161 148
220 216
137 138
68 27
192 194
103 152
43 235
32 53
45 23
70 217
223 38
154 82
153 191
136 223
145 145
26 238
155 113
227 148
97 37
93 208
195 219
160 85
230 24
52 11
6 177
35 233
77 83
160 119
131 171
72 156
161 43
193 109
229 144
81 201
70 214
95 22
163 160
31 208
166 110
2 74
156 120
171 49
119 97
146 120
108 12
175 57
229 62
181 100
174 59
212 36
147 85
137 44
100 67
175 109
3 193
29 86
178 108
137 210
97 37
142 112
3 152
140 19
209 137
62 14
153 217
234 222
161 29
213 201
120 221
72 106
196 51
190 94
128 134
205 135
56 166
148 57
160 213
155 136
83 111
201 201
190 25
66 119
175 66
57 60
146 81
145 209
211 150
167 179
220 227
44 48
125 100
32 152
133 211
65 224
142 187
90 43
92 149
114 231
132 62
189 7
17 42
111 217
7 188
108 192
51 57
24 88
231 176
87 205
52 138
149 88
20 218
232 62
237 179
155 240
43 7
166 13
52 179
206 7
35 123
190 183
160 29
206 179
182 74
113 116
12 22
133 56
79 48
237 137
69 32
174 8
143 28
232 143
33 58
150 177
160 213
130 211
86 154
5 212
238 75
110 170
219 29
20 59
14 71
107 79
169 74
8 223
112 120
139 114
37 89
134 160
88 62
69 3
43 166
113 198
159 66
124 49
165 121
164 156
117 94
238 61
236 9
233 239
171 72
33 22
99 130
126 65
121 142
181 10
173 198
65 62
7 154
2 1
63 215
123 48
206 9
190 187
124 89
147 207
35 126
90 147
128 6
99 13
217 50
214 20
154 46
234 59
159 82
70 120
15 237
148 73
28 101
41 49
132 215
206 152
111 94
149 113
70 224
106 182
230 40
30 63
240 157
12 87
95 131
189 57
32 60
142 44
77 14
32 109
184 223
130 153
93 101
38 47
182 96
237 90
75 187
43 59
213 74
89 118
219 109
115 55
129 156
212 99
194 199
101 223
48 112
231 197
203 134
156 60
110 218
82 206
31 131
65 103
234 186
205 134
34 200
113 175
168 83
165 113
76 123
52 81
207 15
63 86
104 163
170 185
104 168
160 66
7 164
18 110
28 204
20 125
211 126
169 86
6 42
182 53
222 34
210 92
173 201
40 128
190 78
96 189
231 199
218 239
80 145
154 89
193 118
83 98
40 170
214 191
108 143
57 48
57 117
65 226
44 184
237 4
146 168
193 217
191 86
99 6
168 36
127 203
82 52
109 2
152 155
73 237
82 228
124 137
211 188
59 130
43 204
84 152
205 100
51 39
208 162
57 32
195 217
194 68
160 2
150 213
92 236
26 120
128 226
34 24
15 164
84 52
228 221
224 92
21 76
191 73
98 6
167 114
33 143
187 27
60 198
1 18
106 232
209 207
40 186
13 74
89 106
201 69
73 38
16 47
130 168
154 127
72 154
10 54
99 193
127 194
223 71
205 91
178 61
217 76
37 203
78 81
140 108
174 161
99 11
85 59
120 234
113 214
120 188
164 83
73 204
37 9
153 180
53 52
135 228
170 211
162 58
79 171
19 30
146 225
48 45
75 229
170 26
74 168
225 225
37 217
234 151
69 90
4 9
230 207
10 163
51 56
171 77
39 101
11 8
84 116
26 88
50 105
93 141
129 148
168 178
139 125
126 180
111 226
82 155
33 180
102 90
11 208
183 135
232 152
64 222
55 213
206 189
177 35
167 147
31 132
238 21
34 77
176 145
70 149
187 180
206 42
9 158
57 16
230 129
196 137
78 22
110 36
19 216
162 129
223 19
192 181
203 127
10 137
100 148
44 220
77 31
108 97
104 205
96 3
49 24
183 48
126 61
147 129
101 82
236 10
155 23
14 142
102 32
193 187
12 81
53 19
71 126
98 30
70 156
16 182
45 66
176 180
7 209
198 53
150 150
25 133
88 125
211 178
135 179
21 103
112 154
24 98
32 22
128 236
167 46
74 180
115 116
206 103
98 72
100 59
180 70
15 140
169 144
115 64
8 193
91 71
82 178
231 213
209 170
76 174
110 62
218 13
216 176
16 163
111 18
38 148
201 93
232 35
233 172
152 43
35 14
141 88
80 90
79 156
235 97
161 220
80 216
203 178
48 34
165 237
111 199
182 143
31 114
60 78
46 216
160 81
62 12
187 2
49 148
113 183
222 140
56 199
69 101
151 199
197 93
25 74
230 161
78 229
11 213
1 65
49 161
214 98
88 147
9 154
107 25
151 37
212 176
29 163
172 111
29 112
124 78
8 77
195 76
153 101
154 93
165 138
154 102
132 38
81 1
224 133
76 34
77 101
187 192
231 89
160 219
138 136
15 151
154 86
26 124
181 61
203 211
99 229
215 141
218 197
176 160
195 199
19 7
154 87
30 69
160 197
3 81
111 111
144 33
173 163
114 141
137 226
187 166
130 100
213 75
100 162
150 72
195 190
49 214
76 73
172 156
80 137
121 108
63 230
70 240
3 136
177 223
111 76
28 165
234 13
137 140
209 82
87 217
237 3
159 210
191 130
217 97
92 15
37 126
206 157
19 183
42 82
165 213
53 145
214 124
223 173
193 115
3 25
213 230
121 95
154 42
166 140
11 59
112 72
73 179
240 73
170 81
100 164
32 75
29 80
130 193
35 148
117 230
129 33
39 119
112 215
102 154
1 214
76 169
191 35
13 76
156 170
219 136
237 80
199 187
205 227
165 206
28 76
181 87
171 225
206 116
83 7
216 128
47 130
239 131
123 3
149 227
171 12
112 112
47 112
230 160
231 204
64 53
44 151
239 51
49 91
145 101
226 26
37 201
135 89
238 98
138 12
109 25
229 57
82 189
182 108
128 94
152 79
38 232
192 223
90 36
228 102
155 91
217 83
25 46
222 233
11 8
170 228
23 103
168 133
149 18
212 32
60 89
136 232
17 67
190 98
7 48
219 139
32 111
194 116
65 50
102 90
126 176
15 83
131 17
176 196
145 93
202 21
166 55
143 218
86 92
141 138
224 103
236 211
5 187
174 170
138 239
157 186
167 158
229 73
163 177
224 64
177 74
209 198
230 28
64 121
179 46
159 50
227 108
51 52
64 70
194 180
238 217
70 23
135 189
194 189
133 50
219 238
228 51
110 76
220 91
189 189
86 84
111 85
127 5
157 208
111 223
41 9
23 13
234 33
205 118
224 234
176 78
131 7
216 67
54 213
71 172
125 160
33 61
169 179
104 207
197 217
107 55
128 234
124 26
9 194
184 111
143 96
203 109
209 101
134 85
162 239
169 233
32 85
235 103
108 161
207 186
137 115
16 6
140 34
192 34
148 159
202 129
158 34
174 56
79 49
108 162
150 207
106 87
210 133
238 182
228 97
234 156
149 115
166 163
216 65
1 50
55 61
134 66
28 46
149 35
139 184
212 21
125 240
197 233
147 73
65 155
35 22
2 8
81 228
147 148
169 111
225 198
212 209
19 112
88 190
34 151
21 58
209 113
219 162
37 135
200 92
8 175
240 89
23 186
108 27
136 39
55 160
6 69
60 208
27 199
199 2
202 51
193 136
207 101
75 214
220 80
205 121
91 168
11 74
135 237
164 235
12 113
167 225
57 162
57 62
162 83
106 98
37 15
55 136
38 193
93 111
36 83
32 46
61 123
75 84
209 107
66 41
12 157
222 216
41 119
197 203
86 78
237 96
17 12
203 136
168 217
178 197
38 4
222 47
106 95
192 171
172 190
99 238
153 171
217 1
66 29
191 39
137 42
105 38
80 221
107 62
89 60
154 221
39 219
108 15
194 25
189 71
47 209
220 132
148 228
69 107
65 26
209 203
67 57
126 180
101 142
216 221
66 81
78 134
2 22
103 89
1 217
117 100
173 34
147 137
101 101
49 181
110 174
221 225
184 53
225 212
76 54
196 171
232 192
216 104
67 46
25 223
10 24
193 230
103 197
95 159
238 237
237 188
129 172
66 123
184 126
182 144
78 140
143 155
79 116
69 177
228 88
113 203
105 162
156 186
62 103
144 42
95 204
176 75
39 191
205 40
60 126
57 23
12 81
98 183
62 51
133 23
16 55
155 213
183 167
68 148
106 98
35 61
175 104
213 224
143 221
97 5
180 170
225 172
182 193
61 76
181 217
78 206
80 108
129 209
107 119
192 198
214 53
184 72
157 109
136 32
62 72
45 18
8 11
106 60
223 59
67 7
125 39
219 210
137 80
225 14
5 156
27 164
75 139
122 239
228 139
240 140
178 183
28 145
223 175
104 239
126 63
9 1
66 218
182 116
212 21
30 150
75 84
228 173
110 171
224 157
18 9
10 75
5 132
81 41
43 129
58 144
213 108
138 237
81 178
90 57
206 32
83 141
226 154
10 43
218 195
218 121
29 181
82 118
97 68
128 105
90 115
112 30
74 165
61 218
152 126
41 122
221 81
4 47
216 235
238 94
116 163
178 30
30 44
95 29
70 194
20 34
139 102
159 200
40 39
156 122
13 29
237 132
45 206
167 198
205 208
171 24
36 213
17 220
8 196
192 60
26 34
183 153
220 105
31 122
215 200
38 69
187 178
49 66
129 49
216 30
134 171
127 57
78 13
42 75
148 194
143 196
111 207
175 33
122 113
210 142
211 71
100 130
130 164
101 45
14 71
38 48
145 210
113 108
115 87
127 189
234 90
51 48
73 36
207 74
182 205
66 18
75 222
239 134
155 114
15 135
114 118
175 209
192 174
193 19
109 70
79 32
197 101
68 80
101 210
18 20
61 223
27 76
96 164
55 132
215 68
153 126
153 172
5 169
35 15
40 31
12 158
45 174
157 194
219 125
85 43
78 145
213 124
104 209
76 111
43 155
3 25
164 207
189 150
234 76
164 45
68 87
43 141
120 56
138 230
89 232
218 122
171 106
213 27
121 183
160 238
6 126
209 144
162 200
72 164
103 64
22 155
222 3
55 145
45 1
97 63
41 150
30 207
130 122
69 51
122 64
237 44
106 201
232 147
118 65
49 130
88 121
153 8
123 64
240 18
30 134
214 50
93 7
216 140
146 55
116 226
218 232
76 20
14 67
46 231
42 7
198 89
158 12
158 201
154 177
133 94
117 1
146 162
237 187
236 134
57 46
82 140
235 119
79 166
79 26
76 171
114 158
213 81
212 81
121 117
92 234
24 152
72 240
9 89
181 132
170 24
202 129
193 154
15 69
107 212
70 125
171 181
85 2
36 174
231 117
188 206
82 186
13 178
59 213
165 111
5 174
45 97
64 30
211 93
80 74
212 142
159 172
13 107
100 57
18 128
34 209
222 145
35 238
96 103
84 65
195 156
23 201
96 81
19 20
206 26
102 184
194 211
150 156
220 218
62 179
190 219
143 203
67 118
153 167
125 155
167 222
143 61
18 13
119 95
60 91
158 26
110 59
225 151
122 95
139 9
164 106
164 125
44 130
240 171
110 216
107 2
13 61
177 154
102 95
193 101
61 191
175 215
32 240
189 224
64 37
64 93
116 180
200 236
79 80
225 178
21 204
96 36
42 43
220 43
217 64
189 136
9 212
240 153
142 127
188 193
118 224
119 36
210 130
24 132
55 18
189 1
180 128
68 113
122 143
149 117
65 226
155 74
158 28
43 113
121 19
179 60
120 211
143 92
145 209
153 196
240 137
204 17
53 177
27 131
145 137
58 14
42 142
120 14
201 173
167 64
13 137
117 56
125 151
111 224
54 207
40 236
136 102
187 46
178 63
189 76
123 82
103 1
56 57
45 40
199 123
119 229
231 51
12 136
216 1
140 42
201 235
70 153
117 6
90 1
158 183
27 192
84 8
135 17
50 85
168 79
130 22
82 18
149 156
163 2
98 82
146 59
121 136
190 63
217 23
188 113
175 39
94 79
101 154
108 174
70 70
67 126
202 187
136 230
64 162
193 48
134 226
183 175
20 224
56 234
17 3
36 120
210 50
114 198
125 79
190 27
30 6
210 124
106 197
205 229
206 188
200 36
122 86
89 16
153 35
230 175
42 64
96 232
14 85
19 8
128 103
228 230
210 84
40 191
114 149
205 200
69 136
166 186
215 105
10 99
20 225
200 193
79 224
50 16
19 93
77 80
129 71
193 29
174 169
216 114
156 155
80 168
161 147
123 54
134 167
234 239
160 53
88 172
239 144
182 12
139 111
157 58
69 113
91 100
179 148
178 192
202 111
209 110
111 21
151 236
117 163
121 69
130 230
27 41
206 53
98 153
81 146
30 204
63 166
11 30
185 77
68 39
90 145
174 185
202 91
224 202
77 31
181 91
206 102
58 116
217 132
2 74
114 225
157 126
39 56
237 111
86 54
147 234
172 42
13 78
4 98
227 140
90 222
226 58
217 224
148 208
65 236
205 147
55 186
167 105
32 81
208 59
179 240
31 216
109 17
133 10
127 128
93 30
162 123
225 124
27 11
127 108
83 232
107 53
207 178
1 225
149 112
94 106
124 10
11 114
4 98
86 11
214 1
155 39
65 153
9 17
106 21
213 131
124 203
44 192
159 89
139 41
19 177
130 142
94 68
234 28
145 77
135 171
109 208
133 174
122 218
40 49
42 34
159 47
67 140
77 182
169 202
223 107
235 231
34 206
97 22
229 203
105 127
109 151
180 222
155 224
193 151
93 18
84 128
90 23
122 125
38 72
38 216
139 154
124 237
232 167
38 168
89 29
236 167
196 48
188 177
150 207
123 9
142 65
85 142
39 154
29 76
54 207
24 21
154 30
188 126
127 23
10 144
5 147
212 89
76 83
18 213
140 116
4 196
19 112
99 171
56 144
108 44
38 154
104 126
71 30
172 70
207 107
227 36
11 113
136 33
124 2
109 32
35 100
236 89
152 230
36 99
41 193
149 8
210 116
157 204
73 177
7 49
4 236
62 234
69 38
171 103
26 67
12 129
164 95
138 221
27 207
127 95
230 193
228 11
69 112
237 81
159 129
160 191
179 20
110 165
36 162
135 13
228 183
52 136
234 50
222 152
167 17
42 68
234 184
10 80
128 159
200 20
160 176
126 130
96 36
133 69
59 168
133 75
129 175
168 193
112 86
129 4
76 157
177 39
98 25
110 131
153 144
172 191
55 210
55 12
136 87
52 66
106 115
214 73
63 60
115 198
172 19
32 185
57 116
82 160
174 35
20 45
198 39
127 166
150 225
192 51
226 164
208 179
73 110
22 108
238 172
227 167
126 38
208 142
191 232
37 148
178 141
210 35
84 157
3 203
81 133
193 91
87 110
59 93
20 95
184 110
217 226
131 191
156 61
16 128
144 17
170 34
226 112
57 209
212 191
236 35
15 236
172 193
85 189
158 160
88 167
137 91
99 45
66 4
182 84
33 100
117 237
170 221
192 150
101 240
220 6
199 62
32 223
110 16
127 234
219 116
71 99
205 209
117 238
71 228
129 34
80 211
128 37
214 219
50 152
1 82
19 195
4 182
81 214
57 214
31 110
199 185
74 23
80 134
81 226
200 208
205 64
160 119
74 141
30 216
63 188
42 71
47 54
200 170
87 6
82 38
21 230
154 92
15 69
157 19
110 156
150 113
236 219
56 213
38 185
104 229
173 91
119 117
116 156
80 68
18 83
5 97
32 142
220 111
53 60
11 23
219 109
3 172
226 63
109 150
11 135
33 47
58 52
155 206
76 186
12 113
107 94
89 60
49 103
180 17
138 192
35 4
45 104
81 152
13 65
184 167
171 184
191 57
238 133
217 234
29 73
162 50
25 155
5 109
71 118
224 175
55 10
6 174
231 167
45 19
195 91
171 171
35 172
230 52
239 183
134 117
114 49
172 199
74 239
16 226
13 214
158 164
196 113
54 16
74 109
185 193
125 186
10 18
171 96
194 5
67 122
24 62
227 49
222 141
36 215
39 76
180 199
236 131
213 155
226 127
194 230
172 138
111 106
36 129
55 232
152 163
58 131
162 184
235 132
196 134
148 146
199 154
194 133
157 6
29 72
7 98
13 117
97 196
149 221
47 153
52 123
109 52
24 173
109 201
134 222
10 144
161 20
18 222
177 193
78 32
107 161
118 224
52 174
28 175
20 145
188 153
179 171
137 57
145 117
22 184
115 35
109 30
150 82
101 91
131 87
196 230
201 106
16 210
174 116
26 227
195 198
9 164
130 127
89 135
191 55
98 101
204 134
98 7
238 193
176 210
141 106
126 163
127 90
211 80
213 57
218 182
42 152
231 65
102 222
79 19
142 129
31 118
189 2
50 187
38 78
74 24
182 138
93 32
58 81
227 120
155 228
171 58
46 70
72 42
130 163
102 153
177 77
189 72
179 131
37 1
157 47
169 175
81 147
174 31
174 198
184 19
102 83
158 73
237 235
126 200
118 164
202 195
164 88
130 78
55 60
36 161
141 136
65 129
139 4
198 107
162 75
192 40
83 78
117 158
105 7
151 172
204 102
133 94
34 240
72 96
145 46
230 212
109 34
145 224
10 77
173 164
49 180
93 58
203 37
59 22
223 14
6 138
32 13
38 61
117 183
174 141
191 19
50 94
24 24
175 9
138 125
167 86
78 62
105 103
39 60
44 47
147 102
35 112
136 194
91 173
188 24
37 126
57 167
218 166
110 202
211 202
230 172
69 27
99 3
207 105
64 76
239 2
197 40
184 198
98 20
210 63
124 138
76 89
42 38
58 116
71 189
180 227
204 10
197 50
71 187
181 69
3 171
228 107
32 122
49 238
159 132
165 53
85 111
48 105
20 21
96 240
164 120
109 216
114 39
62 75
42 144
191 42
204 64
39 64
226 21
10 135
164 121
97 156
229 70
129 193
176 98
85 33
78 171
108 131
78 19
176 184
135 204
195 23
224 34
106 55
221 117
51 51
38 14
22 179
55 135
177 57
188 93
80 214
57 154
93 61
135 206
90 27
37 4
85 107
85 138
163 114
176 225
224 234
202 171
64 152
47 164
146 236
185 66
202 54
168 79
77 7
228 165
85 2
90 219
184 151
184 112
210 228
116 194
126 123
126 103
201 118
196 223
151 223
133 206
99 229
100 187
125 152
197 59
75 32
81 141
197 183
115 194
235 35
61 113
50 26
229 89
203 210
207 41
133 84
132 37
97 223
135 83
160 126
82 83
209 101
230 100
201 159
50 39
5 2
160 206
172 161
154 145
135 171
225 27
116 229
159 152
201 128
234 42
67 45
215 115
90 153
146 169
164 99
113 63
137 137
225 76
64 136
40 176
28 225
161 234
150 171
82 106
21 8
58 139
22 229
238 107
71 22
81 236
179 159
151 207
210 68
87 234
109 148
34 115
6 69
7 82
227 158
17 135
6 218
83 155
13 175
28 86
200 173
162 121
74 44
237 72
176 96
191 34
215 70
99 18
103 60
76 239
26 191
38 56
46 203
210 238
201 72
218 143
184 129
40 128
15 77
151 180
69 26
122 181
98 33
127 19
52 202
133 134
233 5
24 235
64 80
200 215
146 238
137 179
233 140
98 115
16 106
5 61
17 43
64 20
167 153
16 71
96 81
205 174
77 159
91 12
193 199
127 19
138 119
203 24
216 209
196 201
207 163
29 119
48 82
121 102
162 73
133 131
200 135
147 206
159 34
230 67
92 87
108 68
124 92
114 104
29 99
78 164
175 190
42 205
45 121
79 123
230 13
33 205
219 3
137 195
166 85
160 106
195 179
210 122
48 108
233 143
72 201
166 140
203 88
108 222
175 89
154 114
226 191
96 14
186 110
21 37
92 134
25 167
240 169
184 103
230 152
42 76
147 28
58 176
225 108
1 10
227 194
240 104
147 178
198 233
112 42
112 196
118 135
137 121
110 2
178 72
192 216
210 101
131 71
102 65
28 93
83 211
150 5
31 173
37 96
188 97
226 134
43 114
1 25
53 184
58 105
10 210
66 240
90 162
151 114
238 85
199 81
174 154
56 128
67 108
22 57
100 208
151 53
102 68
54 55
10 216
174 66
177 103
174 89
178 9
22 149
177 76
61 17
135 147
86 187
154 197
113 16
13 164
145 44
51 154
51 59
118 199
122 225
239 216
40 197
81 223
58 7
19 132
139 178
165 78
16 39
205 192
135 63
94 16
99 55
168 90
205 88
129 220
215 112
125 117
233 227
211 171
75 190
174 103
226 76
188 60
24 54
120 199
222 226
203 196
123 5
114 58
228 34
36 6
99 57
97 176
48 226
5 101
231 235
105 198
231 58
225 211
11 199
98 90
109 220
122 208
214 160
50 8
83 220
22 6
226 211
217 52
206 32
201 25
156 4
28 165
55 187
41 227
233 111
223 34
137 151
35 143
188 233
182 114
125 75
91 38
99 70
42 121
180 195
235 25
187 193
71 91
208 82
178 227
25 188
121 115
183 217
60 132
138 72
3 135
176 121
161 131
89 119
228 154
105 153
148 11
93 139
89 91
57 64
78 130
179 71
149 131
38 15
151 57
70 83
103 63
96 204
96 39
61 64
34 197
32 117
48 232
85 86
79 41
83 169
213 104
232 182
169 128
125 108
146 59
108 186
213 87
155 146
67 120
220 76
96 72
218 2
2 41
121 41
40 44
125 11
16 149
170 166
108 236
132 192
235 174
137 137
147 97
81 195
105 114
47 31
33 224
36 116
5 183
191 75
64 160
9 46
138 233
114 146
114 143
118 59
226 161
31 76
50 107
34 19
223 207
223 144
205 198
38 1
77 85
197 136
124 78
232 124
24 207
209 42
121 224
226 94
91 182
68 217
192 20
163 26
219 177
234 3
216 183
65 118
100 123
78 165
6 211
73 228
194 4
80 63
165 191
88 217
149 221
66 104
217 12
159 147
82 30
1 57
189 26
38 221
141 120
6 73
185 227
12 133
146 15
22 73
72 222
36 143
11 84
64 204
219 218
7 49
186 179
120 145
197 135
109 9
88 179
75 120
162 104
123 240
47 192
209 26
63 31
218 208
162 146
213 237
234 210
193 155
152 227
164 146
147 110
91 237
86 161
109 22
207 121
192 143
169 72
101 73
93 47
129 159
48 229
187 173
51 37
132 164
83 76
27 187
145 56
211 128
160 144
94 178
95 146
216 85
80 143
4 89
172 223
149 40
114 150
90 6
8 3
12 228
119 3
229 213
16 80
1 95
190 126
31 99
181 18
185 240
161 104
6 229
24 50
27 91
86 123
16 222
163 161
222 52
209 83
66 227
9 134
54 5
104 32
93 232
130 113
45 71
78 2
12 16
68 38
96 151
105 67
35 166
39 217
88 195
60 95
143 161
236 52
199 104
203 233
191 215
67 222
141 217
115 125
171 68
90 146
151 160
101 190
212 105
224 89
77 87
82 85
49 145
85 6
184 66
52 37
202 156
122 16
37 90
215 125
133 226
55 6
27 158
177 152
178 71
16 91
155 58
147 13
195 240
138 129
98 132
147 197
45 239
7 165
200 90
25 11
143 19
198 55
90 201
177 64
84 175
188 20
182 121
97 85
221 135
141 237
132 49
123 216
41 30
151 143
186 83
46 184
185 17
84 117
27 211
164 49
193 51
6 46
218 14
31 213
96 92
191 171
64 221
185 211
159 224
39 17
180 167
84 125
156 138
178 16
179 51
132 113
44 102
62 187
38 131
98 83
168 30
28 110
112 228
108 190
239 61
22 115
185 189
101 52
113 158
162 68
59 208
52 32
117 80
183 196
148 96
21 53
16 5
167 57
137 92
166 126
230 46
34 159
96 237
75 17
131 16
206 76
44 180
94 52
32 226
34 122
98 178
148 191
84 66
194 199
145 167
238 50
154 163
212 23
187 114
15 71
227 46
125 54
181 209
98 38
184 39
234 18
181 137
45 188
41 6
117 154
22 17
235 240
163 39
167 135
74 238
28 57
238 229
211 229
226 153
176 15
59 132
45 95
84 217
42 25
166 3
148 61
185 48
48 75
170 190
205 31
75 151
17 131
7 83
47 138
53 175
91 201
48 193
114 205
211 108
34 117
22 88
154 37
65 81
141 25
211 100
228 93
107 129
10 174
185 24
69 68
106 135
88 9
171 20
25 114
230 41
62 12
199 138
135 110
134 65
198 90
237 45
134 99
151 102
229 214
222 236
104 86
118 55
123 9
58 145
89 83
221 68
191 149
66 89
47 85
8 240
231 134
172 214
139 109
192 214
231 201
81 66
65 92
190 21
216 238
39 85
43 2
57 11
225 208
101 44
147 240
23 130
199 170
41 88
225 154
51 134
237 239
184 140
40 105
81 211
68 108
220 121
110 180
25 121
170 43
124 119
185 26
159 72
70 207
18 12
9 60
56 181
67 102
214 144
165 214
120 24
158 53
212 205
84 215
105 158
152 28
146 234
90 109
75 214
113 209
135 35
205 167
19 146
17 88
194 5
237 159
153 14
111 124
84 104
125 143
163 196
223 149
48 184
16 96
133 188
55 146
238 158
196 205
95 227
188 79
139 140
215 128
29 152
126 56
191 113
23 225
53 167
217 198
183 46
153 240
128 101
28 162
169 96
38 175
209 108
110 124
8 50
13 120
193 168
210 33
83 230
118 196
139 144
21 32
152 190
199 192
171 96
91 2
34 104
29 33
111 18
225 181
179 28
154 12
163 89
203 183
47 156
200 68
124 36
110 225
185 202
199 80
192 58
164 35
46 102
207 16
120 55
219 86
7 213
111 157
219 235
49 64
211 197
57 140
239 198
154 33
47 62
142 193
232 112
225 172
168 111
159 190
196 199
206 137
216 235
56 166
168 12
62 79
191 126
140 180
121 240
223 227
157 204
77 227
179 172
217 20
10 115
173 197
104 240
150 227
172 96
48 180
237 43
173 2
165 203
30 16
43 213
35 169
192 196
157 197
110 191
15 79
55 160
150 139
228 137
28 189
107 181
92 186
65 113
117 213
169 209
152 231
184 8
25 202
97 138
112 174
136 225
93 126
231 237
59 148
162 195
185 75
132 145
142 103
84 22
147 142
231 77
83 108
181 179
191 165
154 92
160 224
149 37
224 120
125 27
207 201
102 184
193 129
57 122
35 117
82 68
151 240
38 107
67 48
199 33
218 75
215 87
135 30
125 165
168 238
25 142
108 78
182 99
73 163
213 177
83 102
58 218
86 77
16 75
212 103
156 127
200 138
235 44
175 35
39 228
153 174
32 96
178 236
44 232
1 69
189 39
38 39
186 126
25 25
58 4
115 160
221 28
158 225
228 209
212 81
178 137
179 222
116 11
169 104
180 106
206 84
107 70
178 78
222 149
186 20
94 147
116 131
105 135
2 93
169 164
150 193
136 93
60 240
164 97
142 71
36 225
217 53
139 224
188 152
104 173
86 172
43 31
240 8
71 43
17 153
101 200
38 1
232 148
89 165
81 19
98 55
190 183
149 1
213 178
50 204
95 128
95 180
12 223
147 159
95 197
24 227
199 51
29 113
8 97
174 224
6 25
48 27
49 23
61 140
124 38
110 208
165 57
46 179
174 174
142 152
81 56
144 82
147 165
210 41
14 190
50 220
160 222
18 208
139 146
159 190
189 119
184 31
44 165
174 9
50 124
169 103
215 127
135 2
12 205
36 33
157 216
183 232
23 25
29 126
9 22
32 177
7 8
22 18
170 27
87 80
191 26
118 154
240 191
153 180
8 41
164 150
107 58
41 171
1 231
119 157
214 225
179 135
31 83
123 137
194 157
79 235
95 26
90 22
217 87
147 4
40 83
18 76
97 26
68 65
70 230
25 56
186 121
199 174
226 5
16 10
69 162
4 91
5 138
151 81
34 58
95 145
206 53
164 116
19 167
126 15
110 112
32 12
204 34
139 68
57 110
206 52
72 105
44 49
102 52
26 146
221 92
223 224
21 150
225 219
123 121
187 5
71 232
32 43
78 220
155 111
15 64
218 109
25 208
196 68
2 240
7 201
106 36
158 180
131 85
68 157
184 150
227 58
46 39
186 23
163 208
71 162
5 184
28 113
59 188
181 82
189 235
26 198
31 67
121 11
75 194
124 175
94 100
208 20
129 219
194 157
164 212
73 151
56 9
126 81
203 238
163 169
190 172
223 79
36 3
72 114
180 42
119 106
155 59
70 198
116 119
215 46
110 6
145 136
54 169
239 56
111 162
111 43
99 107
107 79
47 157
235 123
53 137
16 60
59 3
16 46
9 187
5 73
74 14
173 28
68 48
158 121
159 85
117 21
133 11
2 119
17 196
95 111
222 183
64 82
132 203
1 51
128 130
194 145
129 128
25 218
190 21
60 207
185 177
156 227
108 27
40 52
195 140
112 116
156 75
30 152
51 185
126 192
122 89
186 40
95 70
57 92
159 25
35 74
49 226
5 57
223 132
24 55
113 67
214 173
110 235
195 196
83 86
157 157
121 103
190 12
43 237
152 13
31 117
219 71
102 34
88 76
133 170
113 170
35 1
118 165
27 147
142 220
62 135
203 142
102 66
72 193
132 81
55 164
43 181
31 16
5 203
230 223
197 123
232 30
227 134
196 127
153 158
165 194
179 167
1 233
222 150
157 6
42 161
90 218
141 183
92 52
10 31
29 200
72 145
87 64
240 107
207 229
93 131
210 87
236 43
142 98
147 206
222 165
42 134
191 97
147 173
83 62
240 72
91 240
44 10
185 49
111 9
39 149
62 53
39 29
212 76
230 42
190 51
240 137
100 138
79 69
39 191
124 9
72 217
86 19
81 213
93 21
88 26
124 60
39 56
137 8
104 76
108 55
217 172
60 209
42 220
86 39
155 25
217 102
126 178
2 111
238 184
62 145
59 119
102 159
139 70
74 123
232 45
152 14
1 131
194 88
130 196
99 151
44 14
129 165
222 3
196 155
118 142
181 199
221 62
23 144
210 219
206 200
101 133
21 44
166 11
208 27
84 98
131 30
18 176
139 40
94 132
206 58
105 235
185 208
72 134
182 196
147 152
217 62
57 127
66 188
217 127
65 44
100 237
86 197
178 94
162 43
79 117
116 191
88 93
85 35
73 132
13 202
169 20
125 152
90 139
4 137
89 87
44 183
218 227
58 62
237 240
82 208
194 42
167 203
184 41
228 112
219 157
149 73
190 216
9 47
29 121
62 18
29 123
105 43
192 170
215 128
49 140
201 200
34 217
136 72
236 240
122 144
119 204
165 182
188 224
109 175
185 236
63 229
18 136
55 149
7 215
32 196
137 124
111 16
105 26
197 3
26 134
20 6
46 61
30 159
149 221
36 141
17 104
7 83
108 36
13 221
152 214
198 47
163 15
61 58
119 239
126 203
2 2
118 8
31 197
207 227
6 126
162 10
223 89
98 150
200 163
177 227
162 183
32 59
120 159
61 204
58 193
41 10
56 7
80 9
37 6
134 127
83 222
170 183
83 93
114 214
57 78
28 231
60 240
198 33
134 188
90 58
228 74
141 88
39 126
201 135
144 111
167 48
215 185
189 21
94 118
151 7
38 48
177 231
202 219
208 43
137 131
58 50
98 56
98 204
9 206
3 180
200 77
208 19
239 238
196 48
94 135
115 189
127 144
159 96
14 107
192 64
13 16
76 39
214 113
135 240
71 117
155 107
76 204
117 206
115 136
203 147
6 214
147 113
44 113
186 200
210 62
193 231
95 219
191 36
59 209
149 91
110 218
12 239
163 10
7 211
178 52
102 107
54 173
62 144
24 99
78 49
60 200
73 236
11 148
125 223
72 17
130 122
194 212
108 223
141 228
108 79
95 37
229 166
130 72
205 162
133 14
94 81
232 171
154 216
118 83
99 21
157 118
54 103
183 203
200 237
38 103
78 27
131 173
10 49
17 67
104 38
223 122
14 93
238 82
15 76
13 82
143 54
137 107
80 145
78 172
138 34
102 153
147 84
223 231
137 118
205 41
86 182
151 50
144 30
188 106
115 52
188 224
23 154
51 240
203 88
233 55
240 58
49 145
94 71
126 154
55 214
57 75
195 124
184 209
187 60
32 234
100 3
69 101
187 132
30 61
81 40
24 97
238 159
120 81
183 161
133 153
226 85
79 75
188 100
104 144
6 44
133 32
206 124
108 200
139 53
148 198
99 231
56 232
46 81
60 206
144 208
211 102
175 57
235 66
54 111
185 96
97 234
61 138
201 109
12 53
38 212
123 4
122 125
113 153
38 12
48 181
114 174
123 223
172 73
168 151
141 99
95 232
117 52
20 135
211 191
23 135
211 205
236 215
150 75
55 141
151 114
196 135
164 114
206 137
149 147
178 96
10 89
225 1
171 212
186 133
126 107
3 56
87 125
85 112
50 25
203 48
105 100
171 67
82 12
132 15
75 4
25 124
4 91
78 10
33 124
205 108
196 82
16 45
64 196
211 75
110 79
209 42
225 95
232 11
69 49
43 25
34 49
131 221
158 185
80 113
21 4
78 29
157 204
110 32
30 131
26 51
176 186
64 214
125 89
39 45
181 122
218 97
16 89
192 178
127 239
205 131
201 95
214 218
94 182
37 118
138 126
90 217
73 38
41 30
53 78
113 122
178 223
69 164
144 173
131 156
218 140
125 32
26 136
121 54
133 10
57 192
98 227
65 171
156 217
181 108
180 88
89 1
174 190
205 210
109 30
91 176
145 226
92 172
97 69
198 224
62 151
65 39
179 114
202 190
86 132
220 158
229 189
32 35
3 1
87 220
117 158
217 232
48 138
2 65
227 15
160 77
160 141
74 237
137 197
121 36
124 85
102 213
240 121
224 12
180 208
156 52
154 125
216 36
90 170
22 106
103 42
65 70
86 162
212 212
174 224
210 82
212 86
7 30
152 92
233 119
82 112
40 174
47 121
99 220
4 35
82 186
21 39
232 188
4 148
59 182
228 183
16 227
2 61
33 226
123 40
41 174
185 86
48 119
123 168
224 232
54 37
149 230
174 6
124 147
181 185
184 227
92 52
6 179
103 185
224 223
145 87
127 205
219 83
45 68
196 239
178 48
68 135
188 101
236 91
197 211
97 171
96 29
87 87
154 3
15 212
212 208
100 5
4 107
227 148
193 207
92 121
90 189
45 68
212 44
61 183
35 236
75 65
210 219
183 186
13 86
118 213
61 47
120 226
154 115
153 209
168 187
21 238
240 61
20 52
41 13
137 174
151 90
7 162
25 82
129 207
144 179
111 192
199 156
228 213
59 123
162 159
225 226
219 68
219 168
54 101
13 58
133 107
143 205
118 79
182 103
183 69
109 40
188 4
48 6
159 45
109 228
110 170
87 214
35 217
86 29
44 103
191 51
154 234
200 93
37 178
222 80
64 41
31 143
207 99
199 205
80 138
7 18
56 106
27 144
98 17
209 115
5 87
238 198
59 206
115 167
147 11
165 30
46 184
160 146
71 221
45 126
231 29
55 123
29 58
111 169
121 168
186 44
60 85
104 111
182 220
28 63
69 7
121 196
238 158
37 240
2 125
76 231
38 9
83 100
30 146
100 227
165 91
75 204
217 129
116 88
14 110
179 179
56 212
109 130
233 6
110 28
194 190
13 194
3 167
79 101
66 230
84 14
19 7
201 190
47 105
46 93
141 185
192 75
72 197
185 102
231 156
40 174
44 152
27 176
84 58
31 12
28 198
171 172
192 231
5 25
140 59
34 220
231 202
135 109
153 204
162 219
140 94
186 213
221 90
150 232
17 199
1 230
22 197
225 98
89 187
80 144
100 194
125 224
19 125
51 85
90 66
122 37
32 213
202 212
9 197
28 101
101 60
17 218
74 45
93 157
210 236
102 14
231 105
216 201
219 62
14 178
97 109
46 56
72 152
118 61
114 143
152 208
133 60
62 239
34 187
164 139
3 35
186 146
124 53
89 84
55 3
160 27
64 149
62 184
141 67
89 162
118 169
160 205
118 83
160 182
147 21
67 14
75 213
78 132
9 125
34 71
212 215
46 220
209 104
65 143
32 57
130 75
69 235
32 188
235 82
114 223
122 228
7 33
48 235
145 169
228 6
175 114
119 231
188 222
238 20
69 29
146 223
134 229
67 67
121 120
240 82
131 221
3 113
1 174
21 109
165 162
168 93
9 162
239 116
30 115
134 62
125 180
85 124
22 46
84 175
21 219
157 22
34 80
136 111
98 207
116 14
59 116
1 172
150 48
217 227
100 130
160 135
149 153
88 67
25 148
57 107
142 63
160 112
71 42
188 177
30 85
13 12
96 32
93 59
235 70
213 90
196 67
114 73
207 185
14 90
145 73
138 74
11 197
154 178
170 225
34 132
215 106
152 178
17 71
235 221
228 233
4 38
124 44
215 76
68 167
209 15
11 96
13 132
1 193
157 85
197 77
177 87
139 78
204 66
65 135
39 122
136 111
224 202
83 144
188 182
113 115
184 111
215 170
193 217
95 136
128 117
212 64
8 190
224 150
72 233
151 201
40 39
141 97
237 61
99 28
185 117
122 134
48 72
114 81
24 112
163 201
45 180
181 67
173 18
11 151
63 215
209 126
200 216
72 223
36 142
98 216
207 30
178 195
214 9
109 161
138 166
89 43
111 142
106 77
30 181
27 156
154 20
142 91
114 125
112 27
80 68
236 229
51 170
26 112
188 81
22 209
82 214
66 152
193 5
30 86
153 165
100 4
119 183
224 92
236 183
126 87
103 78
3 36
41 219
108 11
48 167
89 102
106 184
52 55
92 82
50 112
219 126
223 208
118 94
172 156
135 141
53 29
26 50
19 119
108 42
160 159
217 40
128 187
63 199
233 88
65 205
212 173
97 49
70 15
222 82
91 232
102 226
113 99
199 222
98 153
51 6
82 178
87 234
63 25
231 237
73 88
129 210
185 147
197 8
72 91
210 161
235 190
115 80
81 54
44 148
15 142
204 163
151 220
219 73
48 170
5 69
176 67
108 43
173 46
80 126
80 23
235 153
22 185
143 27
132 227
52 175
126 9
92 63
123 86
115 169
45 97
118 63
31 49
223 93
73 99
120 118
228 209
197 91
106 38
214 21
202 66
115 240
92 57
41 94
133 11
182 114
78 62
226 97
27 198
119 131
76 37
16 52
85 120
57 26
120 112
182 59
221 25
62 132
48 52
89 172
26 47
170 50
90 73
65 18
238 11
64 82
123 39
131 214
79 134
19 105
174 19
165 161
179 19
193 229
215 180
223 224
76 59
74 15
14 14
75 63
61 61
106 79
21 151
121 30
148 165
40 174
165 77
163 66
74 8
132 176
98 37
227 5
15 171
14 173
153 120
205 46
99 51
224 158
109 193
83 135
102 156
20 141
45 29
87 97
65 1
70 148
196 154
54 166
136 220
131 199
217 145
15 126
216 109
26 144
53 230
84 150
140 63
236 54
157 128
135 142
182 4
210 72
33 80
167 134
5 185
46 119
4 121
215 216
208 186
183 61
42 159
124 211
144 204
89 202
191 234
117 217
153 177
201 83
152 59
78 156
115 48
39 53
26 158
108 223
51 9
133 109
36 68
75 208
14 78
161 89
219 17
68 208
10 104
232 118
58 134
69 18
203 226
187 34
40 19
46 92
6 93
133 52
226 132
170 60
171 154
47 15
131 148
172 193
106 111
107 221
150 170
143 120
107 143
228 63
199 166
126 238
98 55
110 209
193 102
103 204
158 120
212 12
194 221
105 110
35 234
100 20
103 48
111 170
196 164
136 125
201 48
51 129
108 231
63 58
32 151
86 4
183 175
138 74
145 121
240 68
77 222
68 154
223 81
133 85
63 22
91 5
83 223
82 214
116 144
31 86
240 171
228 186
208 143
42 18
169 117
147 164
195 194
57 47
165 163
15 111
240 227
171 90
108 200
159 224
13 190
168 89
148 40
172 110
137 54
170 12
43 175
23 24
105 96
120 208
83 82
148 49
179 129
148 67
128 173
187 40
186 101
130 152
165 236
99 185
191 121
127 180
69 166
48 236
58 26
86 34
89 210
32 27
46 141
239 60
67 56
187 233
91 26
229 61
237 4
17 25
204 240
128 25
70 7
47 32
129 178
21 239
43 100
198 149
152 46
197 181
3 50
83 226
57 192
95 141
58 118
46 64
70 113
203 171
16 63
197 32
24 179
226 11
106 194
174 233
4 136
89 66
145 85
7 197
231 37
99 167
81 108
176 3
66 59
141 39
206 168
135 30
225 95
60 202
112 176
213 234
52 84
12 16
32 67
104 163
67 38
61 26
107 3
80 219
95 173
137 223
154 191
121 38
234 59
166 47
139 6
62 184
177 9
30 124
222 44
79 32
237 50
166 222
76 48
56 230
162 47
118 149
86 97
82 190
18 21
112 68
161 233
41 124
57 230
58 75
109 63
99 237
118 185
63 122
124 188
16 161
5 119
7 32
156 5
42 83
217 86
216 209
50 192
234 116
26 76
214 189
225 84
198 221
107 50
222 18
126 3
225 2
171 124
221 60
24 79
141 40
78 13
15 96
1 64
1 140
82 26
130 204
29 183
125 196
114 9
232 9
105 106
217 9
170 10
34 204
79 18
215 103
105 36
88 33
214 76
231 230
139 59
18 114
96 57
52 34
172 99
74 66
212 100
136 228
49 217
87 205
201 69
109 186
61 88
32 128
107 160
19 194
109 13
128 164
222 119
66 218
117 238
59 91
9 76
88 71
140 216
24 48
107 109
20 97
72 192
137 133
231 79
231 139
162 180
64 232
68 172
32 137
49 125
21 169
4 53
232 51
113 111
115 133
9 238
60 44
38 87
48 102
220 156
224 207
179 174
28 196
79 144
237 227
226 10
146 205
4 40
116 142
139 219
200 135
119 7
182 76
222 176
81 31
186 58
233 187
148 145
154 118
180 35
38 107
166 13
205 114
180 172
122 172
173 12
48 138
162 104
130 175
228 133
228 128
228 63
35 55
233 96
136 216
57 230
37 34
123 199
13 136
25 158
53 20
231 94
104 168
30 28
39 154
53 94
176 108
28 117
71 210
174 126
183 185
237 152
89 23
183 38
177 51
181 124
187 171
57 11
74 54
87 3
20 197
60 91
59 26
190 162
36 129
153 119
167 4
64 80
9 203
43 76
140 88
68 74
10 23
77 153
56 39
46 132
184 135
147 50
215 179
100 66
77 116
87 189
175 196
24 45
174 51
225 171
235 159
187 234
228 147
67 20
70 196
221 18
223 175
86 147
146 226
236 219
171 89
4 86
236 132
37 92
134 152
156 97
200 200
175 35
70 144
18 192
212 214
39 215
198 190
57 192
178 212
192 229
40 54
29 198
93 201
76 90
209 217
67 1
40 69
36 36
174 174
109 223
94 63
30 141
65 31
120 37
97 95
207 121
178 179
18 13
228 69
220 145
168 144
103 55
5 184
151 55
13 58
53 198
235 14
117 1
123 37
146 54
165 172
119 178
33 29
49 183
160 229
158 75
158 16
162 182
132 109
40 58
187 8
152 190
206 204
22 133
216 15
15 121
195 54
43 30
38 145
67 59
73 30
58 2
208 27
151 152
48 164
207 75
84 229
18 4
172 148
53 79
188 232
46 176
67 155
127 13
128 189
194 152
75 110
46 229
36 76
163 63
228 34
214 13
118 41
112 128
211 10
185 15
191 43
20 183
44 107
189 127
222 30
80 190
136 181
94 218
77 116
156 110
17 45
19 54
23 91
131 223
232 45
70 155
214 238
97 203
30 23
46 7
130 75
143 154
150 214
154 229
91 80
227 205
145 186
157 93
85 58
165 173
237 41
49 111
34 18
147 46
135 105
191 34
198 203
215 150
214 164
142 151
157 90
180 83
115 157
49 125
202 58
128 100
75 190
41 146
114 56
235 190
119 182
199 229
220 214
196 7
29 35
50 35
141 109
149 155
42 54
226 97
7 149
83 89
54 232
7 63
234 210
122 214
178 228
177 125
121 166
167 92
87 158
216 39
85 142
120 22
64 193
40 18
119 68
137 75
167 155
213 179
221 22
182 199
134 154
48 175
25 61
46 93
111 232
131 228
2 208
73 87
190 225
189 187
95 24
39 55
176 94
62 165
85 61
104 131
73 113
204 136
23 225
106 7
197 38
235 161
35 168
210 2
146 158
190 177
10 201
17 101
17 106
39 82
225 180
93 180
183 17
124 96
189 100
183 89
91 25
211 64
139 96
119 133
48 28
237 25
151 54
227 23
91 4
163 8
63 192
90 145
160 36
198 5
32 5
123 140
222 26
186 198
237 148
110 189
37 162
116 223
134 22
10 234
212 81
58 58
60 22
108 171
159 200
99 191
131 135
77 4
75 112
57 151
78 187
113 190
214 142
229 35
99 191
90 148
171 9
193 89
56 3
231 170
188 198
188 48
154 112
50 138
93 53
111 122
180 18
20 176
181 59
151 218
85 187
237 203
4 110
152 37
87 201
29 117
148 29
111 209
60 125
42 171
27 176
55 17
97 116
149 218
149 20
210 162
11 79
44 134
164 133
122 138
168 235
49 237
33 90
129 114
150 125
16 40
100 3
93 151
136 99
220 200
173 43
138 44
140 8
10 158
7 212
121 43
100 149
119 13
210 113
90 235
221 203
2 19
182 114
128 22
110 197
212 215
202 21
19 83
189 3
72 135
8 232
216 71
156 106
127 66
15 22
206 182
198 78
51 24
34 152
122 190
34 175
140 158
133 117
148 65
69 135
39 92
32 202
182 171
53 226
35 7
160 89
145 129
158 122
16 155
238 203
23 67
4 106
197 201
85 202
177 117
31 190
28 91
6 165
22 11
62 187
87 52
104 120
235 105
6 172
170 170
223 17
67 194
167 67
107 75
110 14
91 214
13 21
53 209
149 125
203 196
23 21
201 198
154 131
6 240
177 117
23 89
153 224
122 212
168 163
13 203
173 126
171 14
50 81
138 27
227 221
140 198
98 144
24 161
76 227
