260
1352
40 46
169 20
132 146
191 243
227 237
206 198
190 145
132 129
236 50
20 14
54 218
188 138
102 234
223 219
134 133
183 211
234 81
161 152
220 163
128 162
162 59
156 1
178 130
77 17
16 24
123 104
79 202
63 108
224 110
124 192
56 52
64 90
2 249
127 179
250 114
199 177
159 67
159 221
85 58
199 58
190 98
179 199
63 21
134 228
176 191
11 69
41 116
153 53
229 227
251 255
224 70
215 148
78 141
123 69
105 141
147 20
83 198
5 161
151 48
96 186
206 115
191 62
45 231
33 195
119 184
116 177
94 91
35 98
101 250
101 121
111 87
237 227
114 176
82 82
3 223
188 21
184 191
41 4
136 138
43 259
118 89
205 40
21 76
232 168
202 169
257 184
188 185
190 29
101 151
123 214
178 199
175 2
240 242
153 44
248 205
155 192
112 96
226 141
222 177
193 75
32 3
128 104
105 207
175 175
238 30
154 177
250 250
72 49
216 34
67 200
33 77
226 209
50 73
118 29
228 241
102 115
207 151
28 7
123 256
229 179
210 122
227 85
126 83
192 186
155 135
83 206
18 14
115 178
210 164
52 192
87 73
59 249
89 97
15 143
99 50
14 152
11 8
125 92
189 33
206 225
178 124
169 38
124 27
126 78
171 214
90 132
17 176
99 81
193 235
204 216
202 179
107 205
6 224
188 36
184 72
157 256
256 258
146 156
61 170
33 247
103 172
68 239
107 204
8 41
171 183
121 43
27 260
236 247
64 27
40 222
244 1
99 133
194 105
131 167
134 194
32 255
23 216
188 69
74 48
83 243
33 45
81 177
14 21
111 86
194 67
187 144
34 112
123 186
58 168
243 145
169 129
202 116
94 255
24 46
98 175
196 194
207 188
17 226
47 119
34 213
259 257
218 167
28 27
93 256
237 121
204 168
164 247
177 124
55 206
91 110
47 158
181 149
161 205
30 213
130 24
75 114
128 55
152 198
72 187
91 238
196 238
180 110
110 48
77 156
132 37
175 253
196 209
103 220
61 104
156 18
150 134
90 205
69 135
31 67
256 73
196 73
34 10
154 187
138 29
149 257
201 191
150 103
8 253
162 88
69 80
71 22
111 110
66 214
190 32
195 122
59 108
89 151
71 31
94 221
245 127
192 220
193 86
14 210
119 25
247 105
235 65
253 249
212 77
196 10
153 98
145 134
49 183
86 122
26 76
15 58
176 129
226 3
240 100
120 135
218 257
150 225
37 61
234 143
20 162
254 90
14 176
225 100
89 101
173 107
54 195
228 252
85 147
180 110
2 171
125 239
129 160
190 69
25 43
149 144
90 54
157 162
88 209
203 66
202 128
18 204
192 131
106 230
73 113
107 93
58 250
124 225
90 217
144 108
153 37
189 151
162 250
136 223
126 212
254 74
167 119
121 129
101 229
169 141
67 132
253 194
141 46
9 66
115 194
109 214
14 106
244 217
59 230
102 83
100 24
103 112
238 35
121 115
72 145
33 24
33 107
230 65
213 200
7 24
208 218
53 68
93 241
114 215
168 215
184 105
74 240
201 195
237 85
27 167
54 100
80 4
108 66
185 66
123 137
194 106
71 114
140 166
10 11
196 23
222 59
49 15
22 101
222 148
51 3
67 24
173 19
21 122
245 236
24 151
67 125
68 1
14 218
176 3
225 40
141 251
148 2
226 16
145 211
109 253
77 237
127 135
206 229
205 213
206 220
146 2
166 175
245 6
255 246
135 45
153 85
113 160
215 126
65 191
74 146
61 153
214 99
2 61
133 31
44 138
151 30
78 143
162 12
208 201
92 151
75 45
116 232
90 119
72 168
94 45
245 237
85 231
14 133
80 73
118 242
31 179
125 124
113 246
155 99
19 206
116 222
74 235
99 48
175 260
235 186
12 60
203 88
48 71
256 120
78 18
199 112
159 122
70 138
41 34
61 74
77 39
250 188
233 17
157 106
254 136
154 181
121 177
20 119
27 164
94 189
241 175
174 232
29 148
221 186
76 11
6 167
238 245
123 41
260 245
114 85
141 220
12 73
132 199
28 100
180 206
159 223
88 95
208 187
2 244
12 47
143 44
162 259
54 241
229 235
214 89
38 35
27 225
254 109
122 13
113 85
240 243
96 60
192 165
113 241
224 48
42 163
124 223
158 228
100 21
215 256
43 49
76 21
63 246
141 39
122 26
215 43
240 29
234 117
189 100
148 133
115 253
93 107
62 13
147 118
194 260
154 58
101 12
175 248
207 177
99 106
170 49
24 127
104 103
16 33
115 237
132 39
209 97
217 20
210 222
218 57
239 133
145 141
177 75
226 38
52 163
211 115
201 164
227 224
255 133
216 109
43 180
27 241
96 6
35 21
137 79
110 85
1 180
109 175
211 250
132 164
123 86
207 90
117 213
25 134
136 44
220 15
208 240
146 240
28 86
91 91
49 114
4 156
244 143
244 85
67 215
124 122
184 12
89 227
121 8
148 94
45 57
127 196
220 133
240 239
101 82
145 251
62 21
83 79
7 223
68 51
219 101
200 41
115 235
235 203
192 27
246 72
170 110
14 246
164 109
118 11
158 169
188 246
124 41
253 114
257 20
256 171
152 44
40 57
149 21
32 258
229 173
18 115
191 33
241 182
252 73
37 181
9 47
231 86
197 189
162 215
170 158
70 114
209 32
216 260
206 3
248 140
159 173
54 254
22 129
178 156
1 223
249 61
21 211
259 49
205 60
40 34
148 176
186 147
220 201
180 243
12 223
15 145
98 29
121 93
111 33
78 15
205 178
186 85
160 78
173 195
201 165
165 13
67 139
74 240
248 177
199 17
48 189
213 252
10 256
123 203
258 138
224 103
85 33
188 42
111 218
102 221
154 23
55 142
62 170
60 226
175 14
82 172
123 113
143 215
256 197
135 172
41 123
52 216
205 171
134 254
104 24
51 225
118 77
18 241
60 220
17 178
41 110
1 201
151 161
8 36
240 33
132 226
139 123
112 200
235 77
167 69
97 244
16 154
53 191
108 7
88 200
226 245
75 16
147 226
99 223
96 160
159 155
202 141
216 250
30 57
69 147
81 9
227 167
72 109
184 164
60 206
141 229
202 87
135 136
198 246
128 141
184 70
92 41
187 203
164 192
230 47
176 169
194 103
212 190
28 170
24 100
61 117
248 94
255 193
168 68
141 32
47 255
143 250
94 183
146 242
79 247
59 144
17 201
113 1
135 81
51 105
28 20
39 54
66 107
3 151
10 125
220 56
52 159
202 234
38 27
85 219
162 85
146 77
15 139
16 194
21 42
47 139
106 240
1 60
242 95
139 52
117 114
142 116
197 122
46 151
124 14
134 144
30 221
227 97
203 74
52 83
188 35
62 146
206 148
107 114
122 203
13 14
141 70
201 159
149 91
223 84
68 104
167 8
56 213
76 221
99 124
244 247
26 142
202 166
162 17
23 255
112 45
107 57
25 140
124 185
57 196
70 182
188 144
138 170
113 198
44 68
27 236
158 148
137 153
158 198
174 38
183 182
239 107
22 186
258 93
12 85
178 174
228 174
105 235
206 58
18 19
163 50
165 143
180 7
44 222
222 202
182 172
78 41
81 256
83 154
13 58
104 143
45 66
167 246
194 205
99 215
78 166
88 49
196 37
249 181
136 120
205 18
179 99
208 107
2 177
68 240
259 10
41 246
200 201
172 182
21 48
178 32
126 5
156 126
176 250
214 8
204 96
179 165
128 138
247 175
170 80
57 201
221 188
48 195
253 258
52 47
149 79
11 10
185 155
13 63
108 94
6 119
207 57
175 104
79 211
35 40
236 246
52 57
93 2
117 202
182 207
42 18
192 158
109 230
29 129
168 18
180 123
209 138
196 113
224 87
31 54
161 175
217 20
205 193
56 233
134 48
97 33
158 249
110 195
107 191
176 173
174 129
18 77
133 217
224 225
220 47
222 257
39 212
186 65
68 13
232 160
189 157
87 99
187 91
237 206
180 187
234 57
34 201
79 39
190 142
15 206
81 74
250 131
164 236
88 232
258 227
231 60
128 47
62 255
167 99
190 129
61 163
156 170
159 5
109 46
143 190
73 176
77 70
154 53
167 11
184 79
11 235
151 134
36 48
178 243
148 114
87 31
183 49
257 35
231 219
196 254
251 10
249 7
89 191
190 162
63 67
99 51
150 245
72 178
23 98
126 217
246 40
123 112
180 205
108 30
98 106
76 222
55 45
222 160
215 257
209 85
255 248
42 39
38 9
127 108
164 168
209 225
250 146
254 111
38 103
48 84
13 73
51 54
36 180
21 44
215 259
55 88
219 1
181 44
48 177
247 136
237 167
213 73
23 71
46 207
10 157
109 251
187 244
7 12
16 258
30 153
175 203
51 144
29 70
9 254
50 28
226 149
197 104
46 215
72 229
193 24
213 53
4 112
144 106
37 175
224 59
259 33
9 100
232 118
41 129
259 250
139 36
243 47
52 219
97 206
66 152
120 42
29 258
60 226
112 74
57 175
201 150
129 84
253 243
49 161
38 14
63 186
88 46
181 121
218 27
212 51
158 35
259 53
219 6
175 192
179 164
210 81
88 40
136 12
240 94
88 67
238 38
42 203
44 103
124 124
43 173
219 97
121 110
136 225
155 201
175 67
137 156
29 185
211 149
37 206
234 33
185 18
67 43
59 192
144 147
79 31
180 1
54 74
40 258
80 195
206 194
190 152
187 103
143 44
168 174
185 83
170 186
11 48
71 186
98 220
141 204
66 220
190 13
187 76
102 132
177 136
48 76
82 212
173 121
226 15
231 158
117 87
175 178
10 136
167 234
213 187
206 4
160 180
96 121
58 100
208 229
55 68
51 215
89 211
191 44
27 223
259 85
59 59
43 98
169 213
61 144
107 126
57 29
208 124
25 53
76 112
93 136
211 168
107 25
84 161
232 209
209 33
12 154
188 105
193 44
96 172
13 99
250 22
154 256
188 22
64 127
23 113
163 146
246 64
72 5
41 117
164 94
237 46
257 41
107 216
95 177
199 61
80 81
122 205
257 186
224 241
190 158
152 170
220 2
212 179
206 81
117 100
14 219
52 188
123 107
181 129
189 244
228 115
164 10
251 106
228 223
76 194
81 175
252 132
155 199
90 210
122 97
163 243
136 195
53 243
197 121
191 71
260 224
145 149
175 32
187 185
192 220
251 231
238 166
141 174
192 248
56 197
66 228
234 21
62 238
18 73
191 248
46 257
256 5
150 152
231 19
141 236
222 238
233 181
217 60
160 144
46 100
88 38
6 76
169 244
242 219
159 26
161 191
247 82
106 57
124 239
246 256
169 232
41 141
158 244
109 132
82 216
198 126
101 102
213 222
240 168
192 158
119 151
44 200
9 239
69 27
198 229
170 12
128 56
228 25
150 254
220 5
186 215
171 27
252 55
42 62
66 124
213 243
66 35
230 82
85 138
25 51
94 62
28 103
249 57
174 233
210 120
72 236
153 42
52 112
175 157
185 194
84 70
19 39
205 207
227 83
86 31
105 134
117 202
238 117
150 109
82 98
239 122
172 206
1 177
161 70
120 89
178 93
61 204
93 59
69 93
158 177
55 238
35 103
162 103
250 31
105 44
20 141
236 142
223 37
173 193
38 11
107 176
208 21
214 61
2 194
27 44
116 202
101 10
92 20
131 221
232 134
75 152
148 68
43 240
61 102
108 156
86 96
95 192
257 16
238 129
89 48
110 17
86 147
194 45
29 56
251 138
10 250
117 65
30 136
143 236
173 106
81 67
12 110
56 164
260 21
146 232
260 76
64 121
249 171
46 183
260 210
253 77
75 127
80 230
77 124
52 208
61 195
238 101
66 112
67 88
105 91
101 68
43 27
170 43
211 123
90 80
185 217
26 218
72 132
71 247
115 75
163 204
237 196
56 56
211 71
53 62
9 127
13 70
160 255
139 29
3 130
12 131
245 249
51 249
115 85
36 138
109 186
190 81
60 39
39 104
226 23
230 135
190 224
134 199
191 133
215 162
95 252
254 93
57 251
107 232
227 138
165 251
189 157
8 6
147 232
226 11
257 180
147 135
