260
4056
159 45
124 118
247 100
45 52
247 220
97 151
216 158
221 49
4 167
22 142
63 59
47 111
188 99
30 50
179 34
211 250
112 257
250 240
71 114
218 113
134 258
191 64
82 246
190 94
256 185
125 84
140 195
144 150
66 236
90 131
4 57
191 232
248 9
189 147
178 35
53 133
133 139
72 259
91 73
131 132
189 75
192 222
51 198
54 183
52 257
87 239
76 184
73 117
242 168
107 178
56 219
113 199
48 105
37 44
94 250
133 34
213 224
71 225
69 1
74 246
20 224
92 58
202 257
132 101
125 88
244 72
164 193
32 99
203 140
91 122
185 184
14 206
126 14
65 73
118 133
206 98
205 9
152 186
254 189
13 81
8 55
251 134
53 151
155 82
219 95
60 68
251 101
90 129
162 167
187 231
198 92
47 207
221 77
44 102
70 191
196 205
212 178
25 62
71 131
215 87
147 185
68 232
78 176
165 96
225 254
177 49
203 201
86 225
213 220
40 123
66 119
72 41
34 187
94 104
154 250
202 103
195 158
96 223
192 162
123 72
78 252
234 107
246 29
248 247
117 12
255 56
120 190
60 147
97 67
6 141
198 166
77 200
66 128
120 23
16 9
95 61
204 62
169 34
247 24
93 69
60 232
191 215
238 225
173 256
57 193
161 211
7 201
48 118
106 83
62 35
66 43
244 5
19 260
68 59
6 239
180 45
115 179
177 194
21 80
179 185
75 215
89 176
205 35
78 146
97 230
145 249
256 157
107 215
107 194
74 199
155 161
14 244
253 165
258 1
53 127
82 185
29 35
73 244
196 127
190 158
212 15
8 153
141 24
258 206
241 20
45 1
178 8
37 187
109 202
189 52
203 114
6 97
238 237
213 258
215 128
222 130
166 208
25 85
140 144
205 225
254 73
75 135
98 114
31 206
139 196
143 64
162 44
112 172
148 184
181 148
223 240
242 111
125 174
198 91
6 188
46 100
107 84
147 206
255 120
88 100
168 220
18 34
166 201
110 98
258 193
52 2
181 162
156 228
116 77
231 117
240 29
216 238
220 165
193 60
189 117
115 126
35 155
206 215
43 197
220 253
76 251
74 222
168 150
176 16
255 95
222 105
194 127
13 153
247 76
65 252
218 183
92 238
81 19
97 145
231 249
260 87
254 174
111 172
129 178
106 110
187 86
64 129
188 50
123 71
234 233
106 239
165 116
14 202
27 174
77 260
132 104
165 100
223 1
103 220
211 258
14 13
208 4
17 30
67 217
242 213
81 43
20 15
107 164
205 217
61 54
54 217
222 63
210 162
145 115
234 120
117 50
134 41
258 234
208 248
177 62
2 20
194 40
107 100
77 219
193 120
44 242
96 145
108 175
121 146
135 245
61 211
149 170
51 230
115 52
253 215
33 214
152 14
181 84
161 165
186 54
152 164
204 105
258 86
26 204
86 44
103 111
40 135
218 39
112 155
212 133
195 37
192 207
47 49
232 104
83 118
14 249
180 105
19 91
207 70
244 162
259 220
43 44
164 112
202 188
13 88
179 66
35 76
177 170
171 183
56 6
29 111
257 100
251 68
71 45
29 147
78 88
163 248
78 115
89 230
22 8
159 183
169 108
101 85
93 230
192 15
117 143
232 257
14 213
227 177
189 66
40 123
144 49
235 258
188 87
96 190
217 109
237 254
73 44
37 62
259 81
247 142
87 182
196 100
22 84
112 200
136 213
253 35
209 201
240 171
36 200
58 156
142 229
71 49
207 221
30 227
54 202
174 169
10 102
8 37
173 234
125 258
201 12
152 91
38 164
6 229
229 237
81 23
100 131
136 166
199 242
120 33
226 243
154 10
146 222
27 248
102 238
20 82
16 64
243 149
96 26
223 121
177 205
106 35
254 166
230 246
171 117
133 201
230 112
101 101
98 42
164 116
201 27
115 186
143 232
36 171
120 251
163 4
25 179
171 245
161 219
106 138
161 42
30 141
258 95
249 197
135 79
129 65
88 45
161 74
145 138
77 6
214 221
100 123
245 47
196 6
71 156
86 189
250 17
113 199
14 28
131 63
103 66
140 133
24 237
27 212
223 217
4 101
147 181
194 240
15 15
76 195
6 43
7 215
73 227
182 169
164 245
52 81
189 36
219 156
49 160
42 114
62 105
33 212
235 113
78 62
190 203
94 208
65 77
60 37
252 102
195 32
60 176
230 5
154 247
58 115
212 23
177 249
209 219
218 259
125 73
135 92
52 39
108 28
77 146
179 236
184 188
223 41
166 214
206 79
67 251
256 227
135 253
5 110
54 18
250 180
223 60
61 141
63 35
187 132
228 95
122 240
193 144
133 250
144 228
26 105
108 126
190 32
65 12
178 223
202 141
101 25
210 6
86 126
139 93
223 148
188 153
16 12
165 59
215 174
80 15
10 220
173 140
105 244
258 37
260 95
103 38
170 66
203 214
102 9
30 74
215 14
144 171
179 57
200 255
181 165
159 185
215 56
217 35
252 260
18 44
260 254
71 37
27 65
144 118
61 110
53 167
149 190
192 226
181 10
5 172
178 219
190 194
105 235
130 40
159 68
244 105
219 256
205 151
41 88
19 93
183 253
142 175
167 227
131 250
145 59
259 156
172 157
153 169
205 227
71 224
134 39
58 252
98 228
40 104
43 215
256 151
29 122
77 150
148 194
172 91
62 3
165 9
228 227
87 100
26 211
88 55
27 28
260 85
137 99
249 36
226 160
205 25
193 148
49 210
212 256
72 173
195 220
56 90
256 174
105 145
235 17
15 240
196 69
44 156
199 34
121 185
104 192
41 190
84 36
88 192
20 240
158 28
248 67
42 80
129 217
137 109
166 192
17 111
137 159
33 100
21 179
95 33
168 211
180 176
206 77
83 221
212 164
231 204
242 88
185 221
163 198
79 245
120 227
104 125
88 42
255 61
118 154
54 64
80 40
65 195
207 248
168 230
130 223
105 9
8 133
245 174
152 102
117 23
133 71
192 118
78 107
1 80
246 220
33 224
18 149
141 42
254 135
110 185
56 188
59 71
256 92
216 76
219 4
251 97
65 247
58 176
104 175
199 68
162 144
230 166
222 131
223 85
27 152
5 133
208 191
223 69
62 99
147 231
220 183
142 149
205 126
170 142
80 131
203 51
253 21
185 74
200 160
242 73
44 18
249 131
39 108
66 177
9 185
156 53
158 1
126 49
259 97
88 225
54 33
216 248
6 106
25 221
104 195
83 169
164 1
234 235
61 66
1 105
229 85
4 88
191 23
103 135
148 5
204 27
193 257
251 106
155 241
181 49
231 28
230 128
79 181
12 235
66 175
66 78
225 47
147 54
205 217
248 42
24 114
199 127
112 2
249 59
205 153
200 185
96 210
184 19
109 223
115 20
214 248
29 210
260 134
150 260
229 210
3 245
116 84
121 173
148 153
2 160
206 212
117 70
155 208
90 80
24 126
220 23
92 52
114 24
101 232
4 77
155 146
251 181
94 202
2 168
93 37
111 22
63 24
185 244
124 2
159 260
249 18
25 211
180 1
55 146
174 85
185 89
161 102
87 223
225 234
106 243
78 139
237 143
13 170
83 153
157 227
231 153
228 44
175 189
186 199
207 30
155 172
101 234
53 58
137 154
201 127
56 20
195 246
254 33
44 54
63 163
106 77
70 45
132 253
71 87
221 27
36 115
131 126
13 254
176 176
212 101
19 91
172 196
50 100
138 152
51 79
49 213
123 222
191 6
123 55
35 11
95 9
184 211
212 179
152 33
190 245
171 29
20 99
3 44
214 37
235 123
150 17
221 217
166 32
93 17
170 175
63 185
165 223
12 124
50 211
216 25
206 77
194 126
145 55
179 226
254 221
226 117
32 19
21 55
122 188
68 136
69 9
76 190
130 168
241 226
210 176
7 245
191 98
10 63
249 10
28 78
30 11
135 191
210 208
51 203
180 95
254 183
124 49
223 178
19 25
206 195
199 37
21 163
250 249
63 175
89 201
149 58
31 207
169 259
31 119
200 111
190 235
178 202
42 203
149 32
52 113
146 10
139 29
85 217
19 80
77 216
193 212
134 209
172 112
48 121
179 62
206 119
151 179
49 127
224 77
29 180
56 127
155 164
251 224
234 180
87 242
58 35
6 49
112 239
58 231
147 193
47 210
13 225
29 31
73 191
91 96
46 175
20 135
76 213
62 229
15 96
74 1
237 146
139 116
259 231
251 173
58 245
260 45
5 226
38 198
177 104
148 163
132 105
190 39
83 124
74 202
232 145
126 59
108 145
23 96
45 168
71 94
2 178
98 82
198 67
237 227
251 7
199 249
209 28
237 222
28 134
141 28
130 90
190 100
70 255
13 167
144 186
134 3
115 248
110 71
218 131
131 34
83 96
139 39
151 154
14 5
218 242
71 203
259 45
237 39
175 133
193 77
180 84
246 143
214 58
142 189
131 252
203 220
114 81
61 141
23 162
126 86
65 168
85 118
200 251
78 47
43 101
28 257
217 241
230 57
155 253
162 114
91 105
53 20
30 253
29 103
131 180
217 28
258 8
137 38
249 10
184 4
121 199
110 125
7 69
55 162
129 21
32 44
43 61
91 41
23 83
101 231
48 184
186 74
69 251
3 123
254 127
96 63
59 32
23 87
213 65
108 129
110 105
185 188
65 200
124 250
237 128
24 129
46 169
222 53
93 30
221 7
110 168
86 251
196 20
186 157
249 59
175 159
147 127
196 162
234 239
238 114
181 213
116 113
153 176
220 215
249 88
152 254
247 177
46 86
106 54
236 71
216 153
209 59
136 42
120 124
185 259
226 9
136 211
223 98
28 62
233 54
29 74
185 25
94 157
176 38
142 74
89 97
215 259
252 41
104 187
67 6
152 129
134 48
18 98
3 227
164 140
31 98
186 238
149 13
161 126
20 197
213 18
218 154
152 70
18 74
151 119
248 93
226 119
60 206
219 180
57 248
114 234
138 253
48 48
184 93
65 82
7 196
102 40
29 77
196 88
1 55
260 76
192 60
196 180
233 80
55 38
197 25
36 21
125 141
250 50
107 214
111 89
195 8
151 78
7 188
116 260
128 102
81 190
60 220
101 237
11 226
71 158
35 109
256 217
157 136
27 23
83 15
137 258
88 32
41 141
102 103
71 236
228 226
166 163
251 71
189 9
79 121
125 195
212 211
209 41
9 72
120 217
224 74
21 170
73 222
22 47
92 60
137 33
173 180
81 66
59 90
199 155
206 62
26 66
128 147
16 135
60 50
97 42
259 145
114 211
19 67
54 125
121 102
124 92
83 57
231 247
66 213
174 137
135 69
199 220
132 200
124 74
208 108
251 144
186 8
120 22
255 42
192 232
178 242
232 118
162 219
33 168
15 3
9 108
83 212
7 188
39 128
83 210
96 184
19 250
31 247
84 93
91 64
20 213
2 174
24 136
102 111
135 256
142 249
64 86
53 163
124 61
109 249
177 135
99 244
66 239
221 82
115 40
161 249
232 43
225 33
21 87
184 165
245 202
16 46
171 181
169 46
113 40
258 23
72 184
209 221
190 237
174 208
20 13
151 187
236 196
12 86
97 106
73 223
180 224
74 62
250 222
112 191
118 246
152 67
26 254
158 131
243 235
220 70
224 85
201 167
159 36
5 134
165 131
259 202
15 226
10 148
22 152
46 171
99 43
255 178
225 194
249 105
52 163
200 61
257 20
245 48
150 141
110 134
104 147
35 241
64 4
61 171
24 134
240 152
225 181
258 214
260 249
78 48
114 257
90 183
137 60
163 160
25 214
216 82
206 174
191 181
196 131
258 200
56 40
50 59
254 166
257 250
159 126
111 237
156 34
172 93
130 137
149 43
218 202
4 9
142 203
239 257
152 3
120 47
112 178
27 120
156 193
161 239
209 213
56 103
235 93
63 60
222 64
185 160
96 27
56 73
237 118
175 52
61 198
192 76
213 161
244 225
112 114
135 190
13 229
62 129
258 39
253 160
208 105
165 179
202 40
177 119
247 237
234 80
229 239
114 11
8 133
198 183
19 194
103 2
24 44
196 13
133 67
228 85
232 170
177 182
233 202
170 79
40 49
60 202
219 72
122 197
194 176
7 139
226 86
189 86
149 105
47 47
99 180
132 141
232 243
94 63
116 96
126 25
63 130
185 68
150 119
37 15
125 201
184 153
182 67
114 105
234 203
189 226
211 161
259 209
204 51
79 94
124 137
246 196
208 129
27 8
44 38
101 14
208 131
199 179
120 56
145 181
206 233
181 6
81 65
30 219
57 150
129 75
242 212
140 229
213 140
138 165
162 104
131 33
181 170
204 20
16 194
16 12
128 229
138 179
197 190
193 213
82 174
236 1
103 37
259 72
246 180
258 155
131 118
9 144
132 41
93 235
133 68
248 32
129 119
203 218
50 73
126 191
76 210
118 163
122 118
205 207
242 128
71 184
47 244
104 208
24 183
2 150
213 184
164 243
187 33
55 23
152 22
59 247
134 111
88 257
159 135
218 139
164 163
236 84
230 1
238 37
121 181
169 101
232 49
180 29
56 65
74 87
170 186
241 10
141 75
125 152
65 228
11 28
155 29
254 3
229 188
83 45
136 232
133 157
49 47
130 199
183 70
214 82
209 80
109 148
20 206
236 57
76 190
38 36
156 158
139 64
160 3
89 109
232 126
75 98
69 143
128 210
214 13
61 9
152 171
211 91
233 210
202 74
196 202
201 165
68 181
59 110
75 52
123 209
75 162
215 154
17 28
25 60
184 226
213 259
80 34
154 87
203 1
217 27
47 99
243 170
146 101
256 36
3 105
166 82
140 36
47 135
138 71
232 107
42 145
171 158
83 105
102 117
29 176
227 26
219 15
138 168
164 90
136 19
243 92
103 51
74 88
99 165
52 250
241 238
124 9
95 260
40 234
70 97
14 164
136 130
235 113
74 86
220 213
162 25
142 171
220 5
247 167
91 229
129 70
107 59
252 90
86 113
77 70
96 260
29 108
234 134
124 10
232 145
16 140
93 168
241 48
59 83
228 196
111 5
184 102
219 19
24 240
150 63
192 150
182 27
96 202
152 231
24 77
208 150
40 175
260 145
29 75
251 21
4 181
75 184
66 26
254 50
183 259
128 40
15 232
212 163
38 26
144 167
72 228
135 194
6 56
25 91
223 98
198 103
116 247
106 13
176 52
180 221
154 14
132 108
107 226
190 219
50 70
79 151
126 136
123 242
48 103
105 221
22 70
22 184
55 32
119 159
115 202
238 202
115 125
241 15
60 175
220 141
128 162
204 244
85 214
159 74
25 8
95 23
166 108
205 248
113 52
79 166
232 149
46 89
249 179
251 139
207 50
92 164
7 174
6 76
87 157
15 89
31 177
239 40
66 55
7 206
187 68
66 253
199 233
55 71
50 157
128 59
238 162
120 107
222 139
210 233
7 78
10 244
78 105
232 46
80 34
106 241
6 204
260 119
15 221
194 80
84 62
60 250
185 223
44 191
197 59
116 171
107 77
55 159
52 195
133 227
141 91
27 68
167 191
230 147
8 61
251 20
83 82
168 165
9 220
168 93
187 2
196 189
107 163
166 212
200 2
19 43
66 55
94 213
82 237
127 257
176 169
204 205
231 259
199 193
219 149
240 185
209 173
42 144
121 122
169 253
134 170
138 101
80 220
230 48
260 153
47 220
149 175
91 184
38 196
222 139
97 13
170 121
45 221
204 17
212 230
133 65
115 212
64 252
191 191
34 92
236 86
106 184
218 246
256 119
123 176
48 220
140 74
89 142
256 64
128 54
4 237
88 197
22 154
223 49
73 250
91 92
255 48
171 72
18 195
169 214
168 112
176 108
106 10
92 50
192 89
169 63
222 145
44 90
201 130
213 170
4 1
80 125
175 77
20 142
76 200
203 197
128 82
168 101
87 91
238 250
154 60
177 20
163 181
223 124
260 242
188 91
63 66
45 103
78 46
205 88
176 82
151 233
108 126
111 8
253 63
116 184
92 175
20 87
252 230
209 142
52 199
1 14
76 152
27 147
40 116
254 249
246 180
85 251
243 131
237 50
90 167
215 9
81 186
242 112
104 21
101 33
41 144
91 225
75 12
43 177
237 153
160 109
208 124
249 8
209 115
4 133
240 252
95 144
146 193
8 81
138 88
184 40
48 218
12 183
90 246
101 23
237 244
191 217
86 12
36 218
92 96
244 100
40 47
141 144
50 110
150 168
8 55
62 19
202 56
185 108
136 44
148 50
248 20
233 88
231 172
140 226
25 73
248 21
156 80
125 248
205 60
241 130
31 134
60 186
141 239
231 35
20 85
169 236
87 258
134 246
150 217
59 44
90 98
56 5
113 90
114 249
10 53
100 208
213 208
231 195
25 259
133 80
189 188
43 255
255 72
89 190
168 246
233 169
256 15
170 184
119 60
186 234
79 13
150 144
13 251
252 176
10 105
124 56
49 77
201 151
7 129
50 126
5 79
128 70
70 167
135 164
105 183
78 110
62 53
200 72
58 179
26 202
188 146
201 141
253 200
234 202
241 44
174 181
214 87
256 89
207 68
157 135
27 237
148 121
97 223
241 198
258 239
44 202
123 18
15 167
258 59
88 260
16 243
220 232
48 30
162 66
135 104
242 15
258 230
46 101
70 220
204 132
226 247
86 135
256 108
127 13
133 96
18 71
145 181
209 204
170 61
107 161
143 94
210 90
164 188
154 2
256 179
227 178
196 164
139 179
217 137
13 188
242 32
116 44
233 82
53 162
146 249
213 180
230 54
54 70
116 88
235 178
255 85
204 179
155 49
246 169
158 70
31 198
145 259
166 228
112 219
61 121
180 143
179 46
159 254
74 18
229 167
132 65
112 219
103 65
58 239
184 241
86 161
29 250
92 143
69 86
59 60
106 80
70 168
140 259
149 90
95 226
100 119
237 260
165 42
91 70
3 81
170 133
211 41
154 99
63 163
115 9
11 24
130 258
114 119
240 111
249 193
174 98
19 148
73 32
28 91
143 126
168 218
66 43
250 178
167 47
116 232
3 58
196 67
70 221
59 156
13 124
57 104
71 123
258 224
70 188
207 15
251 184
70 32
50 196
73 117
138 116
254 194
174 242
124 247
136 14
154 82
60 106
182 105
246 184
98 174
210 171
56 259
57 16
134 15
132 167
232 116
105 123
84 175
135 185
183 122
253 111
116 196
50 85
116 255
205 205
111 48
156 29
64 204
196 226
83 135
220 180
174 253
187 152
150 49
56 82
112 132
30 170
54 173
47 150
153 257
232 40
92 8
222 23
109 74
130 36
130 213
153 47
205 66
49 66
10 213
195 173
114 178
55 141
173 126
199 125
82 135
102 136
124 49
190 9
116 143
211 69
76 125
2 111
139 104
65 112
111 190
254 144
73 163
1 115
34 144
206 144
219 59
169 244
178 172
48 78
135 189
255 12
162 1
202 152
23 120
186 6
131 56
199 181
205 191
46 169
65 131
142 78
134 102
179 43
15 137
90 212
75 36
199 109
257 186
63 152
174 23
93 175
240 34
45 141
204 143
158 138
29 251
107 87
73 20
35 38
125 221
57 189
80 53
154 10
23 148
173 155
251 104
205 16
178 14
56 202
181 29
239 202
66 115
188 74
8 129
136 10
34 174
50 81
29 65
199 34
74 89
114 115
76 236
46 20
24 64
82 51
121 121
198 66
88 231
221 227
220 49
5 51
123 22
203 223
157 49
256 46
40 106
185 78
219 11
236 139
210 237
53 211
154 123
4 256
208 129
63 3
237 256
219 215
142 127
214 106
66 155
28 150
177 145
120 38
59 157
220 161
105 104
116 135
211 132
167 29
55 87
161 152
120 132
223 184
239 215
110 47
23 20
129 17
35 142
31 103
8 251
220 196
183 254
58 215
159 19
116 195
40 202
166 242
37 85
193 35
95 246
66 212
254 133
66 221
135 105
85 101
139 68
214 93
194 239
256 125
39 244
175 241
132 122
76 198
56 84
26 49
185 119
205 102
11 36
90 51
130 26
223 184
60 204
196 120
245 82
100 3
175 156
127 143
235 18
199 132
13 95
59 52
29 149
115 134
46 30
16 45
237 20
75 141
56 142
210 166
97 101
174 202
146 253
224 255
110 6
254 132
139 60
141 233
10 185
123 190
74 8
64 35
92 206
101 190
150 51
37 253
91 114
115 24
7 61
88 77
148 131
191 178
42 253
207 31
56 163
199 223
219 75
243 91
27 234
17 103
30 218
222 17
57 107
205 172
190 88
172 97
167 109
102 136
37 181
32 257
239 234
6 129
190 57
254 3
185 36
125 239
42 97
186 107
13 125
49 94
225 85
161 166
60 213
154 25
116 122
62 221
82 72
48 105
82 138
154 145
258 256
253 94
221 224
26 59
123 29
74 35
99 185
97 172
187 101
129 15
219 139
205 202
62 59
54 149
74 143
150 172
182 33
255 26
196 117
216 194
112 233
142 104
40 152
79 92
1 159
85 47
213 246
9 215
83 119
8 71
260 232
4 190
51 181
162 39
181 21
195 251
254 190
206 37
144 230
231 175
234 188
35 85
245 125
196 99
223 133
176 99
194 75
195 234
63 181
248 56
111 148
117 105
88 70
162 253
89 154
233 111
50 84
33 73
193 2
195 62
69 82
227 96
184 201
211 190
46 102
146 207
118 170
227 92
212 36
109 120
126 219
118 150
127 175
239 47
143 198
184 220
125 232
29 7
53 19
4 7
95 146
190 231
153 136
46 241
256 239
41 234
57 258
149 20
183 122
187 236
166 31
255 207
79 201
19 156
145 137
153 157
93 195
56 87
104 183
33 229
114 176
70 246
155 241
14 131
204 206
251 204
54 66
70 82
250 147
260 42
215 194
253 117
32 74
106 116
251 170
102 73
142 157
208 256
192 90
238 64
105 168
19 5
8 13
140 220
239 83
138 49
153 146
108 13
91 177
184 157
143 14
251 51
159 208
258 85
88 146
167 26
84 46
117 178
93 80
239 77
207 114
139 58
124 42
134 19
88 71
250 187
25 95
123 178
71 122
224 217
231 174
199 131
182 95
115 254
237 202
5 144
39 215
193 230
58 202
50 158
55 255
190 214
108 156
7 98
142 150
97 162
177 250
95 100
26 44
219 197
3 122
39 33
208 245
91 36
221 76
92 197
198 107
21 35
2 152
143 246
109 40
186 120
208 95
139 163
133 29
223 202
178 70
140 180
6 66
243 124
91 81
134 41
93 31
19 67
257 230
166 84
206 46
181 56
52 58
88 27
208 210
253 213
154 123
176 1
57 240
29 241
131 148
245 83
127 108
44 229
8 245
42 180
132 127
26 165
229 102
147 43
244 170
23 203
104 46
2 239
69 121
158 249
260 97
228 26
118 221
154 229
44 227
217 203
36 42
85 241
256 203
114 41
105 221
193 166
15 75
111 91
200 170
72 231
82 237
127 23
86 8
185 250
76 197
154 203
32 234
242 255
112 215
226 210
17 136
177 147
89 15
160 3
244 83
146 34
130 86
151 124
184 213
149 3
33 170
182 214
57 213
102 46
245 36
226 21
255 92
7 220
208 188
147 194
72 165
119 181
132 152
78 222
207 224
35 47
125 139
223 211
90 49
207 21
227 33
196 142
67 141
227 234
102 216
62 89
83 187
224 63
130 140
125 41
140 179
86 145
7 202
169 50
147 19
82 175
178 129
239 121
25 208
245 95
250 256
118 235
128 19
252 240
114 2
101 118
210 29
35 88
164 163
199 165
110 170
242 83
93 81
168 172
94 1
52 49
35 203
194 128
214 179
126 23
127 151
256 74
170 47
62 221
249 134
120 230
120 214
144 57
52 239
189 193
187 187
189 103
144 157
161 76
97 98
123 217
106 232
159 57
257 154
258 24
112 151
113 197
148 30
71 139
97 95
35 7
23 214
231 57
32 201
214 241
188 146
113 102
64 138
116 219
65 68
245 26
45 145
218 65
212 202
12 116
16 123
186 218
204 176
211 155
19 12
97 102
221 244
60 207
171 64
165 206
150 29
12 260
32 48
128 255
185 146
197 251
237 167
10 129
106 66
75 183
24 158
112 152
116 85
126 13
100 38
199 147
129 242
154 5
200 38
55 51
61 11
84 162
157 88
246 99
22 114
62 119
23 165
162 151
84 23
90 6
103 165
217 237
144 210
203 76
183 225
65 183
79 5
108 49
153 170
93 196
28 133
180 29
120 166
54 177
235 131
127 80
97 76
252 206
138 115
74 108
131 64
67 151
183 213
28 221
110 220
212 96
125 118
244 92
61 209
191 42
103 217
136 58
197 37
226 165
24 232
65 83
1 99
191 4
38 98
214 172
237 234
107 88
252 220
189 231
135 104
12 162
177 78
86 157
129 14
83 212
11 35
23 76
96 103
36 69
148 256
31 21
78 188
106 228
194 220
30 10
175 83
163 178
221 29
231 215
217 151
192 129
239 19
1 156
159 163
259 201
85 90
211 191
40 81
117 176
139 109
238 231
226 96
199 73
145 65
112 168
44 77
185 91
7 18
31 39
24 199
92 1
199 204
21 105
163 77
232 154
260 160
183 224
124 89
103 179
92 138
20 93
70 71
241 226
26 199
254 25
41 90
11 190
82 216
255 14
136 197
14 95
56 116
36 154
230 48
146 115
250 88
47 157
98 23
76 183
126 12
176 247
61 236
200 177
223 222
248 11
181 3
101 81
239 198
34 131
84 132
35 81
105 219
22 144
178 154
145 36
9 34
117 8
38 235
105 9
184 74
57 231
82 151
101 100
105 183
256 91
178 259
65 29
138 148
124 250
101 154
249 126
256 235
99 145
89 147
99 176
136 242
224 232
245 150
44 133
138 14
88 242
196 175
102 212
76 166
113 40
34 8
62 219
238 43
90 134
234 106
139 135
119 32
239 112
194 197
230 109
210 83
67 98
15 74
231 236
30 21
81 257
208 1
49 83
232 214
3 178
173 59
104 198
20 13
13 217
137 19
84 10
217 155
66 27
237 78
54 223
103 148
97 176
123 167
136 238
8 195
154 18
131 120
86 166
250 177
4 146
85 62
106 120
166 198
99 94
80 94
220 217
130 239
170 1
137 161
17 213
184 90
75 185
211 47
177 50
157 152
128 160
197 233
154 137
113 101
142 143
25 3
194 154
114 102
248 198
54 65
162 185
150 36
108 251
222 17
255 48
225 75
105 197
76 17
66 215
145 147
105 229
73 122
41 49
117 193
41 170
159 22
228 221
77 14
227 81
177 101
133 88
27 208
89 83
169 248
96 27
35 208
233 85
222 247
154 52
4 17
219 247
75 4
43 140
234 17
188 12
207 56
181 252
172 189
229 256
62 51
36 63
66 231
217 42
184 244
110 4
241 57
62 67
37 35
145 137
176 228
187 163
97 171
63 77
230 57
154 190
94 196
45 119
156 168
100 100
239 9
203 227
196 239
225 72
16 205
179 16
133 195
196 246
174 130
147 213
18 4
131 67
222 56
212 40
234 240
203 207
258 208
226 212
56 70
217 188
188 209
234 217
119 33
149 165
145 228
152 111
123 203
74 89
24 43
83 96
37 229
226 151
164 31
51 233
167 202
215 216
19 170
102 69
70 2
134 14
89 123
255 45
27 91
17 4
29 245
80 59
30 81
90 251
124 160
14 216
87 153
250 165
108 47
207 189
158 203
111 75
230 137
170 201
102 70
123 219
74 181
74 69
208 83
240 119
235 102
32 64
140 13
80 38
14 129
155 4
160 148
21 196
159 207
95 107
251 149
97 144
47 238
251 84
159 162
184 140
141 37
55 257
200 106
204 60
157 54
37 77
43 204
17 164
208 8
128 166
1 96
120 240
191 3
167 150
214 72
135 255
198 124
195 94
101 164
24 115
112 16
15 12
201 12
107 121
52 141
26 20
185 104
235 53
130 96
138 245
257 137
193 228
234 19
214 18
247 235
96 147
224 71
4 259
170 176
116 193
145 145
78 9
160 13
252 89
15 222
116 147
149 184
222 45
251 28
179 178
47 211
216 18
186 176
75 152
52 99
126 58
110 145
240 46
253 118
198 41
230 16
115 220
230 68
8 78
136 210
117 214
31 23
189 97
134 216
74 250
76 30
238 235
45 131
110 10
203 223
174 23
38 166
176 197
188 116
133 195
161 64
176 194
2 195
138 117
215 83
110 5
74 60
122 120
122 128
199 46
151 148
133 37
156 182
213 18
259 9
228 27
194 246
208 138
125 123
205 158
64 12
124 112
87 116
250 246
102 117
232 88
161 128
44 18
131 140
95 206
38 45
25 63
28 258
24 38
98 110
100 172
104 237
15 185
102 123
233 207
133 209
107 24
132 71
31 216
115 218
201 15
209 120
152 112
184 259
258 165
205 75
26 56
19 110
99 36
209 157
235 240
54 218
252 249
1 93
60 149
113 83
228 43
45 114
234 28
77 124
85 202
120 143
228 39
77 94
119 227
183 149
204 182
121 201
91 118
133 56
105 41
84 60
20 160
131 194
200 73
70 237
197 156
217 159
133 103
255 141
219 157
18 154
56 50
68 190
48 103
130 169
17 156
29 134
159 136
225 254
50 120
81 7
56 234
257 240
54 20
74 209
67 226
107 78
198 168
170 50
107 16
89 112
122 10
58 139
10 254
146 110
213 85
258 106
198 93
162 95
79 72
212 235
97 149
81 202
59 85
129 98
233 192
93 26
249 234
213 140
209 33
113 155
195 187
156 75
208 123
153 195
111 59
75 203
146 105
221 97
6 238
45 199
190 47
139 259
112 154
150 102
25 214
183 134
98 40
98 9
137 32
70 67
47 102
254 122
163 26
66 216
183 224
191 191
223 116
233 173
184 217
18 170
123 210
13 89
7 254
111 128
92 158
136 29
158 206
124 145
158 71
33 98
27 5
217 109
209 205
134 185
142 104
140 1
190 47
88 217
182 221
199 242
125 40
20 17
47 30
69 163
121 39
157 181
216 141
219 210
12 27
134 8
51 122
198 93
86 202
245 251
145 139
227 213
34 147
106 76
140 114
20 94
97 50
222 95
181 189
62 241
151 138
240 106
202 25
205 129
5 39
257 2
93 180
136 210
103 155
90 215
51 212
71 232
205 85
204 210
46 52
73 62
240 256
52 6
52 168
252 236
120 202
36 29
26 105
74 171
163 177
19 16
218 80
75 14
101 155
21 202
232 207
195 223
41 256
4 209
158 216
159 16
206 146
43 20
177 141
24 95
157 251
94 102
36 104
80 143
172 201
192 197
213 256
196 138
107 179
78 85
139 126
11 167
54 210
153 24
82 23
184 174
170 17
252 45
255 77
10 184
218 235
52 95
37 91
237 50
104 217
210 258
175 11
29 39
163 234
122 174
125 80
221 181
58 135
37 157
222 182
94 234
157 228
7 248
23 179
210 185
187 233
81 118
144 250
9 239
153 102
257 145
142 14
44 149
53 172
122 142
34 258
107 244
68 48
214 71
14 216
168 152
105 16
185 178
224 57
153 108
91 161
39 63
23 250
197 14
100 175
46 222
83 157
142 28
84 56
230 116
214 39
175 20
205 143
174 195
14 62
202 35
159 135
226 235
8 83
215 238
161 160
148 107
139 205
236 156
184 98
66 101
167 48
190 14
225 255
4 172
207 195
32 128
174 12
64 155
53 41
236 59
223 118
42 17
215 185
199 167
63 85
174 9
6 73
45 61
44 259
258 236
89 189
219 89
94 85
237 106
24 215
183 248
170 87
85 201
62 136
164 239
57 151
41 177
249 19
70 74
248 12
110 135
175 88
138 216
142 259
251 103
230 193
48 133
147 111
170 43
87 51
103 182
188 195
173 260
192 181
110 223
73 217
60 70
220 260
219 158
149 253
68 57
186 77
98 180
228 106
55 103
149 229
83 158
62 53
133 178
3 110
204 30
143 135
36 12
236 147
197 139
63 236
184 7
68 181
247 238
60 32
219 69
228 256
216 170
123 185
23 5
7 134
241 74
98 180
213 140
170 233
39 108
214 95
73 204
63 220
114 137
19 61
201 181
155 61
27 239
207 122
40 237
183 228
7 62
246 71
89 182
252 203
134 239
79 30
235 128
180 54
226 59
24 187
83 24
168 175
184 173
47 175
26 174
227 105
140 146
80 56
122 26
226 46
131 216
206 94
235 106
14 244
81 64
140 258
133 134
50 24
229 110
207 87
202 42
125 40
166 104
164 116
252 213
132 115
154 51
171 180
214 37
100 180
100 194
16 183
13 182
247 199
179 67
16 37
119 99
66 212
166 88
222 58
98 96
141 244
154 169
87 89
68 156
50 211
145 90
54 254
64 190
205 71
173 158
214 92
57 30
206 193
163 76
31 167
16 81
169 17
165 137
207 183
173 175
85 108
94 126
231 186
45 131
166 195
39 139
61 50
197 67
67 133
247 185
172 20
243 103
6 199
163 35
46 212
116 37
231 110
249 32
230 177
2 18
45 21
19 97
64 173
20 7
20 97
46 53
183 3
228 68
212 5
40 250
122 123
189 115
150 133
53 60
175 102
63 226
169 100
219 80
120 46
108 114
103 99
237 178
170 191
147 217
28 216
20 220
15 63
54 214
19 241
78 98
175 77
40 46
55 104
123 33
90 17
230 132
58 123
241 13
164 165
69 25
79 72
46 2
239 244
197 32
63 125
167 190
9 126
243 168
122 150
108 258
182 236
223 149
121 167
244 237
259 22
83 225
104 156
50 109
70 5
254 165
44 36
212 147
243 6
152 182
103 143
191 124
162 209
190 118
118 45
81 7
193 34
180 71
167 70
162 43
207 71
3 133
190 134
250 145
164 44
167 241
56 58
1 4
98 60
226 45
254 29
113 47
58 76
154 203
4 97
133 249
251 192
68 14
70 109
65 183
62 206
214 48
42 255
12 232
125 215
97 256
41 94
98 223
38 105
87 254
36 184
169 119
91 47
90 235
179 230
236 217
171 224
19 228
208 120
84 249
102 201
192 75
102 227
53 214
39 132
222 119
80 86
57 3
215 239
27 169
1 104
59 199
23 242
169 200
203 168
58 217
103 229
205 149
254 229
140 126
19 82
209 112
203 168
210 47
167 223
44 99
73 172
120 236
251 36
14 164
119 148
131 89
213 102
41 8
192 8
258 183
238 111
171 127
136 187
108 115
160 155
145 249
37 65
221 241
189 166
260 190
101 65
104 180
212 196
79 194
85 54
11 171
83 190
124 101
182 14
175 45
108 18
205 141
116 54
124 224
78 79
129 15
27 259
106 244
139 7
220 115
33 182
135 45
252 141
95 4
233 237
57 74
196 173
104 192
125 155
146 129
130 30
221 242
163 101
47 68
151 43
134 36
132 192
193 195
188 116
190 140
32 102
116 73
142 60
175 188
162 83
228 258
186 215
188 152
74 229
129 105
140 209
122 231
252 170
223 198
89 232
172 64
122 41
232 161
248 24
63 226
22 188
172 143
43 162
219 181
143 204
98 186
234 249
145 189
246 10
144 88
247 2
178 46
99 27
149 95
175 232
106 63
179 179
77 65
175 40
187 220
230 1
109 172
212 74
229 102
189 141
17 217
71 220
240 116
163 162
40 244
40 66
129 77
69 191
134 61
218 115
216 187
224 27
215 221
165 75
83 53
122 16
130 79
141 180
197 110
76 249
15 126
229 214
177 35
123 178
128 25
88 37
197 135
157 181
65 181
151 84
185 87
101 95
249 257
166 107
133 180
88 256
85 118
158 175
143 138
77 185
199 249
231 162
73 244
122 103
58 137
128 156
225 75
117 237
58 238
126 31
231 72
164 178
148 85
59 134
184 117
233 255
84 185
59 140
110 7
228 9
135 102
190 233
98 117
181 255
192 223
174 256
9 110
92 238
72 110
191 132
4 206
170 118
23 255
175 170
148 56
130 28
2 28
137 211
87 198
82 89
209 152
130 113
101 53
255 116
65 200
139 229
34 66
114 70
5 76
114 106
82 108
207 129
170 99
61 240
105 188
193 234
187 101
183 253
168 236
137 221
102 161
10 3
187 215
227 47
141 24
67 117
198 245
247 97
69 216
15 235
149 87
38 198
225 228
201 193
196 80
217 108
137 68
207 150
27 62
161 197
136 169
55 71
91 152
139 238
41 165
17 196
68 93
57 27
9 33
154 39
196 48
91 142
78 35
20 27
113 197
111 204
126 71
58 173
110 148
209 173
53 238
202 230
168 179
130 116
