260
6760
98 191
63 205
157 149
177 106
87 11
74 223
73 52
221 240
187 65
110 189
247 215
192 109
243 64
106 155
161 72
11 175
140 12
213 35
27 107
233 116
166 70
170 123
135 178
152 248
163 191
98 225
99 241
248 61
81 169
210 8
184 212
28 247
210 258
239 149
96 168
19 249
54 135
3 85
40 243
138 233
53 98
11 150
214 27
176 119
59 202
237 124
29 111
79 144
89 184
191 13
180 99
82 125
237 63
253 209
253 224
49 12
53 42
144 98
70 141
187 6
153 31
194 7
101 142
160 2
61 235
172 63
182 174
126 197
254 70
103 146
171 83
77 23
98 154
24 214
153 196
196 252
252 85
26 166
254 233
154 105
172 95
216 188
10 5
256 43
67 91
155 222
254 102
100 217
31 179
236 217
239 189
10 240
116 222
177 43
92 78
130 213
129 67
140 22
45 71
6 209
259 131
177 20
228 122
114 132
164 25
14 165
226 81
59 165
136 258
150 189
167 119
257 130
164 215
100 224
126 98
207 6
47 35
174 184
165 199
156 166
173 150
119 137
48 18
27 208
220 148
59 110
144 73
26 157
215 240
186 40
131 26
191 83
154 40
167 245
237 38
216 211
15 137
46 23
105 21
87 229
146 178
223 128
4 47
207 19
156 117
144 236
34 83
65 190
23 254
109 230
34 3
194 131
127 181
172 195
242 97
142 10
116 225
124 50
118 107
118 120
198 17
106 200
53 75
71 42
72 87
126 89
260 103
230 48
1 101
43 58
43 52
110 228
40 183
245 132
229 243
240 65
160 97
214 157
249 201
5 191
147 112
216 210
86 169
183 16
229 238
24 24
107 137
147 41
28 96
45 128
189 234
77 200
162 165
95 38
48 257
248 236
66 78
183 29
106 47
254 237
123 129
191 95
71 223
199 225
135 8
202 192
189 13
11 231
103 152
185 22
193 156
212 185
81 137
186 213
240 129
225 110
156 46
49 156
32 116
197 63
143 101
111 226
139 75
59 74
125 92
136 105
105 204
9 159
206 98
164 62
64 114
24 172
147 51
122 12
258 202
47 67
92 191
244 168
33 49
62 199
166 235
233 249
131 66
254 147
161 90
248 19
189 74
40 174
140 231
234 216
1 19
87 150
179 30
68 178
39 36
188 241
44 133
148 102
23 37
85 176
118 52
55 260
32 248
128 17
145 93
82 209
47 81
109 217
113 247
25 29
83 193
24 204
73 128
144 45
157 179
85 116
162 13
52 6
254 7
235 47
60 245
60 112
27 232
36 145
214 104
126 101
131 104
106 257
27 102
25 254
6 84
191 18
4 41
87 24
184 57
40 38
67 191
27 118
192 120
128 173
137 238
231 57
208 95
164 59
114 242
132 17
134 37
88 188
241 154
246 165
156 2
221 30
4 202
185 12
222 222
259 138
18 246
85 64
13 244
131 208
9 49
70 224
105 34
110 64
187 129
9 117
102 51
210 114
197 154
29 111
1 31
30 202
42 42
206 237
228 55
236 156
62 218
226 19
108 253
38 51
136 205
210 50
126 149
170 110
172 180
24 199
246 37
182 81
174 71
146 161
222 222
165 11
86 17
10 105
112 130
143 258
205 201
151 203
226 142
32 144
21 92
213 255
104 188
248 39
9 26
67 148
5 135
51 252
182 140
126 197
151 240
76 185
101 127
60 130
260 171
81 98
89 157
102 77
202 175
43 56
133 90
229 5
42 12
29 173
150 38
80 191
149 168
64 133
206 77
84 173
28 180
54 141
177 218
113 134
41 195
237 233
231 7
145 170
242 90
110 127
2 67
237 163
131 13
3 212
214 160
179 147
43 23
94 159
49 246
177 173
48 79
169 221
215 115
22 113
5 112
91 127
182 195
199 6
224 32
217 251
190 73
25 191
183 9
220 230
159 100
152 183
255 86
149 160
89 216
246 65
202 48
244 58
43 209
69 169
61 109
133 65
48 84
201 127
165 207
251 246
210 185
130 81
255 108
15 245
47 127
197 139
155 195
141 98
122 102
185 190
47 206
180 200
172 238
32 58
147 9
33 94
38 116
203 231
103 9
104 50
188 153
232 129
201 188
224 52
80 216
256 136
101 120
168 235
189 37
209 126
110 125
57 173
16 211
75 44
212 68
32 246
110 232
141 112
235 70
45 86
31 20
209 22
254 85
161 2
213 159
200 31
78 35
193 32
33 136
165 136
217 152
195 218
78 248
218 201
260 111
252 232
175 87
24 154
26 89
175 168
222 139
73 94
211 136
205 91
181 9
91 123
65 145
75 61
222 49
199 41
245 237
199 72
10 104
9 230
4 259
238 1
123 173
136 104
135 21
143 200
129 125
183 34
76 47
19 153
74 186
43 34
231 6
192 39
84 95
184 50
178 207
244 190
186 105
100 26
152 10
81 33
258 143
85 55
5 175
148 45
188 148
50 122
90 146
94 13
130 164
36 147
52 241
21 38
100 118
87 157
248 60
97 24
4 168
32 129
210 75
49 161
47 39
142 251
219 230
85 142
83 144
255 49
193 93
187 20
185 131
64 233
245 29
138 249
218 22
229 162
54 160
137 34
114 131
192 223
20 148
146 231
159 197
129 103
19 6
10 47
33 13
82 117
229 152
235 152
147 106
167 229
214 121
195 182
189 28
113 27
116 143
180 243
228 194
101 61
186 85
23 200
192 130
157 217
212 5
112 9
202 89
80 225
259 177
26 63
97 93
226 180
71 4
165 96
95 208
76 252
221 250
199 86
176 131
149 222
182 101
5 34
41 206
37 247
181 173
38 17
250 30
257 136
120 257
2 120
221 119
105 2
191 4
84 46
1 252
38 127
179 105
217 164
93 123
238 42
128 123
224 172
55 142
78 103
214 170
89 76
260 81
58 88
169 249
61 206
256 97
238 25
213 199
148 172
236 114
197 207
51 31
34 75
46 211
175 83
219 218
52 83
188 1
52 123
204 208
139 121
251 23
137 233
249 243
21 27
10 225
80 235
91 198
257 185
203 134
99 241
97 10
250 123
89 125
15 99
28 253
51 54
116 230
169 33
260 139
64 78
244 235
245 225
21 106
89 243
207 78
40 201
212 83
205 26
172 25
105 143
118 38
206 10
83 37
6 65
135 67
18 227
254 196
95 188
66 30
189 198
240 179
255 30
150 41
138 26
13 66
168 203
100 210
64 122
64 60
190 122
236 158
33 187
238 48
220 201
56 222
94 241
129 247
8 104
56 168
121 236
132 223
36 5
231 135
8 109
70 208
30 115
212 142
260 78
74 155
133 38
135 88
176 25
174 231
23 51
233 229
151 79
3 216
185 123
208 91
3 160
66 21
124 93
242 40
41 181
24 118
10 103
230 76
170 257
44 202
8 239
213 16
65 220
117 175
42 125
95 147
66 200
111 57
256 18
70 177
163 32
171 155
192 7
258 205
72 107
124 124
44 16
12 110
7 238
8 224
220 205
39 106
19 108
80 112
9 151
64 175
41 86
113 76
99 176
27 24
220 189
75 144
214 128
93 59
16 151
130 193
28 215
27 5
30 235
197 57
169 136
191 221
222 245
187 217
29 185
28 147
194 215
105 75
138 196
114 53
79 157
4 148
108 154
137 226
120 208
146 131
148 239
222 47
246 49
196 157
33 144
227 185
192 127
194 6
135 170
120 236
41 189
242 183
155 145
253 15
205 162
92 67
241 176
184 107
248 208
42 106
145 132
100 212
180 51
126 244
170 27
17 48
191 171
35 46
207 85
68 240
157 91
14 72
25 208
5 252
193 75
22 164
182 147
224 33
220 111
53 218
245 64
196 93
204 183
194 182
11 172
141 103
20 158
86 118
242 129
146 25
18 1
242 239
176 260
241 211
92 58
151 186
57 208
119 40
139 166
177 233
35 74
194 85
244 230
38 108
202 170
107 183
67 4
218 243
256 131
112 119
150 164
141 28
65 243
153 235
85 180
28 98
242 79
30 194
57 155
189 185
199 83
69 70
92 125
97 46
143 67
224 197
165 257
44 115
242 55
89 173
190 191
204 130
122 38
167 164
32 56
255 20
231 141
144 165
129 162
99 235
134 217
182 70
102 82
30 204
257 155
29 243
176 219
27 18
121 255
84 110
243 255
108 215
142 59
105 209
21 182
147 113
19 104
135 107
134 92
54 195
147 239
164 122
26 92
53 61
197 164
29 159
219 80
201 87
153 218
5 32
144 46
122 244
44 130
172 240
248 13
143 74
204 231
178 136
62 42
142 149
58 188
122 51
161 4
84 63
27 204
21 131
112 37
130 108
204 94
20 174
214 100
44 84
203 234
139 37
49 226
237 28
132 37
72 141
185 30
198 135
29 9
132 230
56 201
63 217
74 256
139 198
193 244
252 39
124 247
151 102
27 107
253 98
182 74
172 143
100 145
76 113
197 158
68 206
162 73
5 2
215 102
75 52
38 34
81 229
141 66
140 190
254 234
196 212
190 161
199 150
111 76
66 219
233 243
148 168
207 29
66 154
21 172
211 142
114 106
48 88
134 80
102 135
104 135
260 106
21 208
84 123
192 205
38 234
37 56
8 109
131 7
224 132
37 216
232 243
190 49
138 42
117 72
49 127
189 147
90 94
123 133
171 250
188 72
115 5
175 61
36 192
1 141
58 73
113 9
146 3
5 16
178 88
124 148
145 147
237 182
176 173
107 193
168 86
56 248
74 37
93 247
182 23
198 144
224 92
39 155
250 34
87 5
200 87
216 122
104 42
6 231
134 80
50 213
26 113
154 65
176 109
26 202
242 172
229 238
99 54
34 47
136 236
101 218
164 254
161 70
108 53
34 73
211 247
233 247
89 123
233 5
17 43
87 181
143 121
15 196
237 1
67 239
31 233
183 2
199 194
173 48
124 43
161 211
12 111
69 258
68 62
35 160
42 169
138 5
51 39
156 175
112 186
132 74
182 12
91 124
99 45
146 150
244 76
130 141
192 71
258 189
107 195
240 222
172 6
222 89
250 26
125 111
221 164
119 213
7 123
233 112
175 112
118 209
67 10
19 248
116 245
253 255
131 101
153 157
32 103
198 33
224 56
134 59
17 120
170 165
246 56
74 199
34 203
61 44
84 50
143 186
58 225
48 252
254 244
88 118
104 123
82 165
83 103
87 174
242 55
78 93
100 256
176 176
175 138
101 28
239 107
127 251
5 209
52 96
122 184
100 74
69 111
208 120
44 83
130 59
242 223
138 25
214 96
50 39
25 23
72 113
120 17
19 8
152 138
63 165
209 253
212 109
87 57
194 140
85 187
14 68
197 79
207 239
185 105
63 109
10 175
213 16
168 95
213 54
148 231
91 65
41 29
85 118
188 125
39 174
201 233
19 180
232 181
259 237
11 27
12 221
122 71
16 34
151 196
158 251
46 45
185 14
188 93
116 213
244 50
209 202
164 202
187 84
217 232
15 113
103 63
179 23
49 181
176 131
19 74
123 43
70 208
179 85
117 106
8 174
116 43
194 127
247 94
159 147
99 28
98 109
214 103
250 252
52 123
146 63
101 216
79 214
237 228
157 96
100 69
75 147
100 113
79 225
178 91
120 250
128 35
18 120
177 116
155 28
85 197
129 69
260 135
190 53
130 91
113 28
96 212
75 205
156 230
60 154
135 103
51 150
137 23
92 115
243 130
18 192
166 2
129 106
242 48
8 179
154 117
19 109
197 225
225 17
8 205
171 107
41 67
56 86
227 19
5 8
191 115
77 163
128 186
143 151
196 158
19 91
107 136
32 150
68 162
59 76
78 155
247 255
39 91
24 79
244 125
207 159
33 157
48 238
135 141
57 215
158 248
199 84
226 38
160 250
183 25
26 83
146 136
165 23
136 198
249 206
136 67
166 16
64 119
36 112
190 218
232 48
181 106
242 219
97 22
4 76
182 88
111 216
139 203
172 238
152 163
159 71
211 239
33 78
102 197
21 66
154 222
80 231
9 21
163 120
15 51
114 213
48 217
257 219
235 158
95 100
138 186
101 246
84 228
128 203
230 116
51 229
141 104
1 52
191 211
229 55
154 235
63 29
193 200
83 184
249 243
44 109
221 167
37 85
179 184
153 163
18 50
33 255
226 187
41 136
125 248
73 204
5 161
95 203
61 116
82 194
181 153
61 1
120 118
1 68
51 196
222 255
136 92
171 18
252 253
149 111
103 106
146 27
150 186
207 136
138 228
113 52
123 157
178 154
26 249
224 78
203 70
63 1
72 176
160 58
232 45
80 41
58 243
190 91
168 221
150 7
169 76
189 108
213 155
133 73
163 169
122 181
59 217
53 222
234 88
160 218
193 4
7 52
257 30
136 108
259 221
191 144
156 146
246 104
53 28
149 101
8 95
118 53
162 52
5 115
59 79
104 233
78 228
66 97
230 23
108 107
200 216
106 47
208 242
154 134
238 91
87 189
3 215
88 214
78 204
172 68
158 194
4 104
104 35
202 166
107 73
133 235
162 206
215 245
3 47
15 4
50 6
150 235
217 145
215 5
222 215
31 218
214 240
95 151
187 205
205 244
15 44
153 125
8 77
176 107
158 98
29 1
28 171
48 236
116 216
39 33
196 195
179 90
37 243
132 115
67 164
182 44
116 174
229 159
233 35
128 222
114 260
117 153
57 259
121 73
253 161
235 140
35 49
233 45
69 52
218 256
120 238
68 110
99 103
229 14
208 92
167 252
123 146
248 117
165 223
41 132
54 47
112 246
168 129
66 45
48 256
222 208
96 118
50 46
3 150
17 155
49 15
220 43
204 140
189 178
231 11
169 221
187 85
208 80
43 145
36 30
67 183
70 53
25 124
227 233
114 181
188 247
135 60
226 212
121 54
72 164
75 210
61 219
212 166
56 47
60 14
158 119
119 178
49 130
244 69
195 80
163 243
183 127
197 190
155 100
158 39
237 110
45 178
5 97
85 185
238 212
142 27
137 120
68 170
104 171
58 86
117 35
190 206
183 90
225 184
195 6
2 186
188 135
226 61
54 15
70 68
205 68
43 90
6 162
115 53
166 108
53 6
212 82
32 242
164 160
19 191
56 26
125 69
16 162
112 162
225 143
128 232
217 162
252 168
228 37
108 134
36 59
149 221
214 104
143 132
127 221
78 194
138 246
190 254
7 49
28 16
134 8
86 103
88 158
143 186
1 66
16 72
103 70
85 248
110 227
23 28
177 20
161 203
189 179
219 29
3 79
135 141
131 37
254 29
248 49
225 12
51 131
68 157
102 144
219 58
169 131
143 238
100 209
162 245
233 66
51 217
249 148
67 21
90 226
188 8
65 204
49 144
135 257
196 72
36 260
236 149
57 257
249 132
5 203
249 216
52 81
216 56
253 170
169 52
127 241
139 15
133 152
201 112
53 175
9 127
248 241
83 241
106 204
76 69
196 232
201 198
8 80
210 17
148 248
83 26
246 207
84 245
95 198
8 91
12 88
43 78
30 216
153 113
92 69
106 81
203 21
144 235
34 29
7 80
44 145
73 47
236 47
113 21
192 149
20 60
39 230
242 259
148 96
183 130
244 166
2 76
173 129
130 219
139 211
164 250
8 171
232 9
169 49
214 18
15 244
154 257
137 144
158 31
36 93
161 152
60 215
168 46
13 20
139 65
115 34
150 134
16 110
28 64
209 147
59 78
8 38
65 79
117 25
19 71
152 243
247 86
174 109
168 260
107 246
232 118
258 139
258 217
154 3
153 32
155 188
157 139
120 125
72 207
109 257
243 45
238 29
74 240
76 213
211 163
252 108
36 125
80 178
229 200
229 12
189 13
204 139
199 135
259 119
81 99
236 97
39 125
213 169
16 64
197 218
151 172
169 172
126 151
194 203
81 225
176 153
248 108
78 231
197 64
50 134
85 250
260 180
227 33
149 193
3 222
52 140
114 189
157 7
3 106
66 252
256 139
111 1
202 56
22 39
25 61
42 54
116 164
211 245
79 101
252 101
69 258
219 102
234 33
157 78
246 214
155 11
162 119
39 80
9 112
9 102
244 171
24 256
192 245
258 26
84 174
23 148
242 88
196 202
93 138
148 10
163 227
67 228
27 193
144 190
88 139
230 192
85 17
150 94
24 241
93 120
96 90
92 107
167 250
125 252
95 47
99 35
131 231
159 32
118 92
173 222
128 167
138 6
105 27
231 186
97 231
220 39
63 18
13 154
48 31
156 213
201 187
72 136
21 207
91 87
23 131
76 15
230 25
189 257
167 216
116 194
72 248
249 63
105 66
85 23
136 156
20 114
170 188
180 248
139 133
64 257
141 193
256 130
29 195
87 73
17 19
126 215
64 245
243 191
128 196
191 214
18 215
226 8
26 131
214 198
247 241
15 126
1 89
3 169
64 229
102 105
97 204
222 125
27 115
132 18
38 49
197 199
140 221
90 1
79 64
141 125
25 22
234 107
199 144
158 114
7 115
134 68
97 180
36 174
8 4
220 139
242 38
98 249
167 72
80 30
159 258
54 138
103 160
111 52
77 54
6 69
165 257
47 204
60 229
142 246
46 53
114 19
93 2
132 59
210 40
106 87
62 138
241 128
60 129
179 37
76 180
155 154
123 240
197 104
202 123
66 37
41 193
146 47
251 29
245 186
189 195
4 178
248 20
32 142
135 38
113 78
146 231
112 23
64 97
137 88
245 116
211 11
110 24
179 184
105 120
28 42
167 200
110 132
163 27
80 248
222 60
174 50
42 86
45 185
252 104
17 139
90 225
1 206
60 222
243 23
53 104
196 55
7 104
137 59
240 14
134 42
86 110
87 231
142 148
10 217
144 236
22 252
84 194
81 2
82 164
51 186
40 18
127 31
110 173
188 244
168 199
191 198
14 221
166 27
99 154
167 31
92 142
241 30
164 127
127 30
59 211
236 93
162 12
39 102
195 32
57 196
141 37
211 203
124 231
151 74
13 220
110 77
88 40
161 204
220 232
153 202
24 254
183 177
231 159
187 152
166 218
255 103
49 140
235 59
155 173
122 71
6 80
138 182
112 133
90 192
205 36
217 59
45 208
44 26
256 195
23 60
38 235
102 65
128 28
207 167
210 118
61 227
116 102
51 6
33 16
150 89
90 136
240 211
48 24
216 135
245 232
145 164
217 182
96 68
112 192
197 256
219 187
213 145
96 55
94 60
48 96
37 226
141 174
124 171
41 229
71 79
260 254
143 176
106 59
3 73
93 37
204 134
122 132
80 168
122 201
170 254
52 249
135 37
103 3
175 185
257 102
39 72
174 1
176 24
203 180
201 173
129 70
62 153
171 182
160 93
230 154
208 111
95 72
81 97
12 109
236 72
45 118
216 180
118 178
189 192
252 75
162 110
7 228
248 56
88 171
56 105
247 87
106 82
257 55
206 174
176 162
216 200
193 141
44 223
209 94
27 112
142 248
158 190
168 151
243 53
77 217
8 68
23 70
244 13
256 160
207 128
64 67
103 74
86 179
57 81
207 242
155 10
199 9
152 184
135 167
140 117
108 72
152 129
195 68
62 137
61 198
110 213
75 33
1 38
47 72
76 36
176 50
50 45
171 76
135 128
176 178
120 247
137 169
211 60
137 27
119 103
158 165
91 127
76 103
88 200
157 144
168 122
103 23
240 32
20 257
119 146
39 212
107 250
224 197
204 167
78 22
11 234
89 212
220 50
98 100
38 39
30 10
191 116
223 124
94 230
7 111
36 242
113 66
85 208
18 249
258 202
192 118
190 228
97 157
61 114
63 150
257 44
178 109
232 86
59 253
142 97
33 196
167 17
65 97
90 235
187 234
88 192
219 157
77 260
53 51
205 55
136 252
38 196
90 19
190 131
65 188
156 173
168 39
43 97
96 179
93 244
136 150
33 89
38 118
231 169
8 29
162 238
4 129
171 152
180 68
230 254
164 117
119 84
150 75
51 76
99 103
174 102
194 203
199 107
161 188
206 84
204 202
69 163
89 12
190 40
123 88
117 95
236 121
82 106
32 90
95 147
108 36
201 163
217 231
242 193
85 210
80 167
181 260
54 24
128 116
233 234
145 27
191 126
221 28
91 192
63 177
220 225
110 58
179 80
166 190
53 20
66 123
99 43
13 233
162 45
142 47
172 34
3 135
98 198
98 201
30 190
251 213
16 196
227 14
128 192
254 202
3 37
231 9
181 51
186 36
222 117
164 195
173 65
235 8
28 31
19 47
18 30
64 232
148 176
151 102
196 172
134 119
111 179
211 170
66 229
220 70
243 105
27 68
77 24
179 199
239 204
200 192
61 258
11 216
136 71
88 189
231 212
85 133
7 21
236 103
33 80
15 230
53 225
204 168
233 140
22 161
148 117
219 241
91 57
101 33
33 231
173 79
245 173
7 72
238 27
3 165
236 26
124 38
4 201
4 122
109 98
226 96
65 95
122 130
236 97
110 47
234 122
256 34
193 167
43 166
81 155
188 213
44 255
157 188
26 226
93 128
109 125
256 103
109 4
118 188
201 233
196 232
9 205
260 178
17 139
108 189
159 58
232 95
239 242
6 221
172 7
135 42
186 240
112 39
107 101
23 162
54 196
15 182
118 118
18 205
227 77
116 1
60 113
194 255
7 176
66 211
233 68
134 181
212 239
258 192
224 81
151 168
116 242
48 55
168 5
121 102
110 233
41 131
242 145
12 6
111 125
83 68
260 145
97 198
181 233
228 107
137 157
26 140
27 220
196 103
177 71
255 185
40 130
107 135
88 69
69 52
93 234
56 40
164 73
59 31
184 1
31 17
14 74
257 88
190 89
164 210
108 229
27 39
122 141
236 247
32 228
18 176
153 78
123 232
150 20
151 238
2 47
75 88
137 125
179 201
102 139
125 9
46 157
139 161
74 210
224 90
165 154
225 254
233 158
154 258
28 222
37 39
67 229
233 119
208 24
217 197
214 192
31 94
157 232
240 80
105 124
6 41
70 40
115 211
48 97
206 73
68 134
94 155
87 201
193 148
247 200
221 211
217 43
94 160
33 162
138 110
102 134
55 124
16 129
29 49
95 241
76 249
65 231
26 138
184 152
30 114
64 77
129 117
135 218
144 112
127 221
156 83
116 74
194 152
139 148
29 139
162 57
240 72
129 212
10 26
166 140
254 237
128 121
108 30
102 36
56 126
251 87
49 247
74 205
12 168
9 37
37 124
31 49
238 137
160 193
36 95
56 193
35 63
47 138
90 102
121 9
200 184
132 101
215 171
155 242
90 180
49 256
215 169
196 194
99 54
50 62
79 134
241 24
96 44
111 2
201 208
60 184
205 16
195 176
187 11
166 195
16 118
6 57
209 31
224 87
26 100
252 9
84 215
150 105
220 17
217 8
21 9
194 91
181 249
72 55
14 236
53 177
40 139
9 19
139 226
1 70
152 28
27 188
165 50
108 166
30 45
147 214
150 170
139 47
93 257
227 118
253 127
116 110
249 107
113 32
149 58
156 99
6 192
23 202
9 104
159 53
75 107
68 47
20 232
47 14
21 256
231 206
256 180
227 125
205 127
189 201
36 147
226 117
207 223
180 241
71 83
255 19
63 207
106 215
101 1
171 179
206 259
216 167
202 94
55 233
118 122
149 142
199 259
166 240
55 222
229 61
200 234
175 231
201 173
121 43
82 179
98 93
4 131
30 26
65 190
34 260
170 217
13 27
40 111
44 76
153 241
210 14
191 83
96 68
52 82
74 103
224 126
172 160
175 245
190 132
187 212
1 131
164 232
150 13
158 74
73 185
101 189
6 240
189 65
77 25
153 255
231 35
70 51
77 75
161 237
52 144
200 151
243 62
245 28
37 235
160 124
97 28
65 44
121 32
29 7
229 55
33 96
131 180
129 249
97 72
23 181
91 66
90 226
73 140
121 196
73 236
184 108
108 138
110 181
125 185
239 120
55 162
105 202
113 205
176 116
241 115
257 201
119 25
8 118
103 165
7 124
258 185
204 242
249 237
94 65
137 195
220 25
174 11
58 77
107 146
79 59
196 177
258 256
174 124
128 11
31 93
234 84
129 166
233 257
1 255
29 209
137 89
14 93
97 24
27 162
100 256
126 78
44 44
20 113
189 245
17 46
223 239
126 6
217 58
38 135
96 222
64 178
165 124
133 111
22 34
5 110
15 138
87 143
168 217
15 182
68 31
99 213
80 209
48 117
230 163
43 204
149 64
61 84
217 101
97 47
223 102
86 207
79 76
225 100
257 9
199 140
149 199
41 75
223 190
3 197
242 63
248 164
248 129
45 216
75 188
102 195
195 208
184 176
199 256
190 234
82 98
10 117
130 172
57 151
25 205
189 227
70 84
249 160
222 245
50 40
252 259
235 223
10 227
204 237
109 126
6 131
125 109
52 197
243 99
230 91
249 89
257 257
236 238
219 125
92 108
202 87
97 239
218 36
46 240
118 107
70 185
2 224
54 72
102 102
99 258
121 108
110 145
56 18
80 128
109 103
193 127
72 88
95 151
63 191
213 179
74 186
149 177
223 148
84 58
2 157
206 218
96 165
186 61
54 69
96 192
93 212
18 164
94 13
34 212
130 193
79 124
178 40
160 185
65 202
260 85
65 183
231 96
22 108
125 184
75 258
28 149
8 146
102 177
83 107
33 90
79 125
97 110
109 54
22 22
219 227
244 99
80 254
9 101
21 168
27 42
93 56
214 256
38 99
219 178
7 236
243 212
190 119
172 208
226 191
29 248
219 152
252 29
3 125
37 124
212 203
32 142
86 115
104 223
113 73
167 222
102 111
105 178
14 200
240 21
43 41
162 89
157 62
248 73
156 185
141 191
152 233
26 58
164 92
68 187
156 6
71 54
6 174
82 157
166 176
213 9
243 88
28 98
112 255
84 3
196 154
75 159
10 151
143 148
10 95
83 212
197 257
186 238
161 183
260 162
128 98
255 162
70 35
42 182
173 160
237 54
47 170
182 58
173 178
17 145
249 236
206 135
99 96
247 160
106 125
73 86
115 83
250 194
255 70
252 80
86 81
105 177
49 50
163 81
19 59
61 81
99 69
115 132
254 259
142 135
102 178
249 59
36 93
241 176
92 174
80 81
140 25
26 75
177 54
215 132
13 157
118 200
148 143
136 48
192 53
207 101
96 182
202 134
257 49
50 42
163 150
1 203
156 134
102 164
221 183
44 188
18 126
113 87
113 84
78 254
147 110
4 171
215 187
161 61
29 156
109 252
71 19
193 43
1 98
128 83
230 156
82 209
34 241
190 228
215 83
154 62
111 49
168 137
174 35
21 33
190 98
29 36
240 144
247 216
77 141
23 198
111 133
34 52
239 198
137 14
44 226
141 101
231 99
19 180
257 148
227 138
194 108
109 214
260 222
43 183
222 204
69 58
32 231
205 64
93 219
221 122
52 55
41 121
20 230
260 119
160 240
259 230
141 221
55 224
203 71
207 131
240 213
120 131
3 51
41 185
110 59
165 43
118 80
117 134
204 255
142 135
229 258
146 54
2 145
218 188
37 224
165 8
17 112
50 253
256 255
221 229
239 112
144 142
43 181
45 114
37 111
185 55
80 18
212 196
70 171
134 75
216 227
141 181
41 237
200 220
68 91
79 37
10 47
202 254
58 253
189 195
41 111
58 106
113 79
258 183
193 23
79 10
227 153
256 238
200 231
199 70
13 221
213 255
213 14
166 60
181 159
218 80
238 257
109 104
239 21
141 128
91 112
187 247
146 255
139 187
151 136
210 244
27 69
32 149
62 107
234 141
81 253
17 244
58 192
245 58
15 10
36 228
207 169
161 83
187 119
1 190
244 216
119 67
165 249
114 204
60 66
134 12
80 122
117 178
184 43
180 7
19 176
175 121
80 196
222 176
90 188
252 241
47 25
30 219
232 243
180 238
36 41
142 152
72 123
19 236
150 119
58 4
77 198
6 215
211 84
31 250
210 125
106 223
124 28
112 125
75 67
196 185
83 196
66 164
214 173
86 79
71 212
17 104
162 65
147 8
99 219
113 213
53 50
99 219
203 246
8 194
5 239
46 119
63 159
76 92
259 73
247 208
180 255
72 170
87 29
3 220
198 70
15 257
147 34
102 250
240 46
109 211
8 63
7 107
120 242
133 13
184 20
166 116
244 193
50 86
232 60
22 69
26 104
117 94
180 11
97 251
20 199
166 127
88 75
249 240
85 218
255 187
18 126
29 235
203 18
209 76
95 48
77 12
25 230
191 127
214 93
55 231
126 162
154 133
235 157
221 89
195 255
33 71
143 162
169 179
115 70
53 66
204 168
73 23
112 44
233 47
188 10
247 205
89 213
234 93
29 140
238 104
238 71
60 116
109 75
108 20
94 208
12 184
117 62
235 170
225 103
158 123
168 247
147 85
106 209
156 173
223 68
202 159
152 25
9 255
177 168
18 151
28 258
68 42
1 105
130 90
156 85
5 225
91 179
141 155
38 175
160 65
27 25
5 117
29 20
41 122
61 203
131 8
244 9
133 7
151 126
84 9
154 21
249 98
237 160
72 57
194 189
145 15
229 158
20 128
192 108
52 157
179 28
177 42
36 68
11 152
23 14
115 32
6 186
90 160
41 24
9 25
72 99
127 82
23 87
36 147
176 10
215 211
191 140
216 60
94 224
110 55
138 187
171 96
103 159
215 152
80 205
231 10
184 256
224 19
91 110
59 248
108 86
48 241
22 99
174 186
159 49
87 130
220 241
157 238
244 53
124 232
131 248
48 148
229 220
59 202
151 207
161 90
143 200
179 225
238 220
70 239
229 190
36 38
99 162
29 69
152 88
251 83
168 126
92 229
36 132
199 80
124 242
136 29
244 35
91 22
155 233
203 20
60 44
193 226
16 70
18 209
66 236
106 32
181 79
15 189
70 174
145 186
61 183
5 43
212 251
47 198
117 78
253 45
101 103
1 18
142 197
257 217
157 188
51 213
153 94
29 48
3 257
232 236
31 196
161 50
113 193
62 211
218 51
121 1
46 76
143 39
255 140
60 13
65 69
180 244
206 167
144 168
207 213
179 253
68 121
56 175
111 240
28 248
114 145
24 220
240 138
213 189
159 154
189 141
118 251
157 104
244 155
48 13
178 160
230 120
91 19
124 51
239 77
153 80
194 10
154 97
248 229
216 254
21 204
109 183
85 75
199 103
191 122
176 157
182 73
101 86
106 52
51 36
109 1
12 153
246 130
75 142
158 7
167 82
159 35
5 252
123 228
55 156
237 251
231 204
181 77
164 104
193 242
126 37
248 54
149 89
108 148
121 163
105 100
2 198
228 88
58 157
237 24
84 86
34 204
92 46
182 37
167 92
229 230
71 120
92 179
161 17
90 224
215 24
128 101
144 110
150 63
218 78
37 159
21 256
247 227
80 148
154 197
115 21
21 37
60 100
112 231
218 85
238 108
117 6
161 237
50 30
44 152
24 15
237 52
20 202
33 176
219 124
94 124
108 142
24 45
65 42
151 242
152 74
227 218
219 206
34 128
216 260
248 96
133 178
67 96
191 92
189 112
209 27
212 185
72 67
29 200
216 246
117 139
172 29
179 10
205 185
116 115
121 245
254 259
163 90
258 113
28 59
90 9
22 79
155 1
166 81
228 176
249 102
17 133
40 201
104 241
35 86
176 250
159 121
225 129
138 1
77 172
35 101
84 31
66 57
47 238
57 100
2 210
27 184
85 110
208 28
105 10
193 207
186 17
187 221
224 147
50 51
98 185
121 85
57 155
36 174
14 177
77 97
94 137
99 102
9 8
38 22
223 131
137 247
134 21
119 2
248 212
79 203
82 23
186 128
120 217
56 132
71 43
174 3
68 120
128 122
17 11
223 242
20 104
181 117
159 99
142 153
177 258
21 72
186 135
34 129
83 92
100 57
27 128
232 65
192 245
73 35
107 241
137 130
243 48
34 135
45 253
27 6
33 206
52 202
228 203
161 10
39 223
66 63
90 62
164 253
240 207
50 59
120 82
130 113
112 109
257 55
260 174
106 16
15 79
73 98
207 260
222 171
228 159
240 4
64 73
176 193
84 108
114 166
186 248
168 149
98 47
35 63
184 249
232 42
148 180
29 147
52 123
1 161
171 124
174 236
48 11
24 1
232 36
259 75
240 5
122 126
164 102
221 192
93 249
39 230
90 140
91 208
21 221
51 104
26 122
226 231
87 50
32 103
246 201
190 24
190 161
232 225
63 242
141 74
103 8
236 252
255 129
133 179
223 166
229 139
242 210
67 1
57 199
236 31
13 165
41 13
20 133
231 26
154 54
231 31
152 59
197 179
118 71
248 164
64 212
234 122
252 43
51 233
227 55
104 132
96 142
38 26
216 229
248 179
237 210
211 150
113 239
63 162
61 6
168 60
244 63
83 76
248 125
154 161
166 221
176 91
14 135
193 206
110 12
46 178
194 250
93 182
112 141
33 230
72 154
126 11
51 144
44 1
152 58
98 169
68 36
249 236
143 114
115 32
194 7
239 17
16 187
33 158
59 115
151 24
258 175
83 116
214 169
214 208
200 71
94 49
161 25
32 101
256 190
181 31
240 116
35 175
127 217
69 20
174 203
217 37
223 134
222 5
127 72
125 115
185 255
88 254
218 157
173 104
178 10
215 78
70 145
121 52
51 207
19 189
11 166
113 112
80 125
137 231
165 78
238 111
76 13
123 27
100 139
38 194
249 15
225 19
243 168
229 221
204 55
202 117
254 32
7 67
237 69
1 18
231 253
18 182
10 240
60 201
76 139
44 55
176 65
87 137
240 220
59 144
13 196
113 89
16 224
240 46
79 27
214 73
24 195
213 240
175 34
76 34
101 236
103 33
194 107
16 169
245 194
5 22
141 68
214 96
234 63
190 45
147 34
202 215
74 176
174 182
196 93
72 219
165 50
69 185
135 240
229 150
257 170
109 156
247 1
149 222
255 9
148 205
113 107
107 46
79 36
178 184
222 202
203 118
50 36
191 42
207 64
260 15
205 229
239 200
236 39
89 104
217 86
59 174
68 214
103 132
159 245
193 85
116 1
45 74
12 162
167 192
119 229
142 258
132 47
246 94
151 40
106 212
168 188
227 25
7 115
162 126
254 91
56 24
217 98
180 69
135 2
228 43
204 80
97 189
244 38
204 86
227 107
236 222
222 181
4 8
4 187
51 13
105 84
187 150
114 60
144 123
36 254
16 64
149 255
33 52
179 14
185 238
103 90
90 36
66 92
61 150
20 120
211 9
42 78
252 244
139 34
242 211
211 177
62 195
160 97
259 49
51 172
248 67
194 97
147 80
50 227
236 102
182 9
99 230
27 48
30 34
156 14
168 128
195 67
166 27
63 208
180 82
76 202
142 94
135 149
32 101
99 131
157 236
171 2
32 89
50 216
220 257
186 130
248 152
129 81
151 57
229 127
66 164
161 239
129 19
221 192
259 237
122 121
69 202
105 4
53 106
193 56
139 183
145 87
85 33
244 110
39 44
259 67
118 147
57 131
82 68
176 259
228 164
247 75
129 86
35 108
137 214
115 125
154 246
69 168
133 127
137 76
13 77
60 34
244 147
132 49
30 248
202 47
209 120
123 170
83 49
4 171
114 123
179 151
73 178
251 84
232 154
251 65
138 43
217 78
10 28
172 188
259 81
211 234
32 181
95 256
98 100
69 245
232 92
215 204
36 39
176 77
144 22
253 41
65 19
179 66
186 31
137 247
64 61
19 19
123 128
81 132
190 231
199 67
64 121
49 170
173 49
247 92
164 119
53 253
45 241
40 63
25 121
116 226
90 135
145 223
241 242
18 83
62 86
22 46
168 220
208 76
10 79
140 6
171 152
100 81
176 222
171 44
83 235
28 34
52 46
184 258
228 128
175 45
189 32
110 244
145 136
98 76
48 81
255 137
217 172
143 132
247 210
110 71
228 65
121 123
179 98
243 146
182 121
245 220
241 195
161 90
105 160
60 165
13 30
12 197
120 152
221 66
249 38
229 37
36 7
196 189
22 51
3 133
253 225
80 113
15 124
215 148
176 246
187 253
49 211
71 227
138 229
214 223
53 33
250 239
159 75
57 254
162 23
183 85
140 11
91 183
53 5
48 164
126 156
244 36
169 62
174 246
193 216
206 37
26 65
93 74
114 224
141 25
95 87
247 238
144 75
48 207
105 243
95 137
240 61
32 164
51 216
206 105
77 11
83 151
13 125
120 189
24 54
11 87
73 247
41 136
67 128
41 80
60 180
42 253
103 16
44 127
84 197
116 163
138 17
78 49
133 206
75 219
116 246
193 50
93 157
149 240
66 124
205 242
51 236
200 117
238 101
247 122
22 244
191 240
161 92
169 234
252 179
80 93
8 177
213 170
13 25
25 177
203 152
96 36
236 184
25 132
223 9
140 256
39 27
42 246
246 22
216 196
217 9
197 86
91 69
67 195
241 73
244 166
93 165
192 3
186 34
256 192
73 3
16 5
256 24
106 119
115 142
90 142
130 205
30 192
35 182
133 94
114 21
128 255
242 196
14 70
201 215
223 175
69 46
178 178
49 159
35 192
100 129
171 51
75 99
33 47
201 173
192 198
161 160
185 153
75 187
196 94
49 27
205 50
77 9
148 89
139 108
67 150
241 56
163 77
89 219
109 33
232 220
37 45
4 58
230 92
224 82
44 177
44 74
54 226
16 39
100 14
81 202
133 95
20 196
159 96
53 2
90 222
87 171
56 105
258 108
214 161
222 131
220 244
7 163
71 43
238 180
192 49
198 42
129 251
257 238
215 19
63 40
6 194
144 85
79 211
207 116
88 146
185 102
153 134
189 16
219 175
180 224
159 11
129 223
71 141
207 128
229 170
214 96
151 101
90 64
220 258
32 225
229 88
245 26
25 141
179 148
246 171
3 156
105 119
11 185
196 118
89 148
175 115
106 179
155 86
159 177
13 152
238 142
35 62
89 226
259 24
163 171
251 106
165 238
199 178
193 103
225 138
27 99
144 110
151 77
250 222
87 223
8 27
251 74
143 29
242 227
40 32
19 259
218 29
16 173
254 179
194 87
241 48
45 6
117 171
233 201
192 127
207 93
136 176
206 229
235 45
152 73
30 30
124 26
194 78
69 211
130 244
200 39
34 114
257 5
203 79
110 230
181 163
12 45
111 238
49 51
59 202
105 6
89 16
221 102
5 157
32 16
160 183
161 57
48 185
28 240
35 166
77 144
97 29
4 159
133 240
133 4
177 235
134 107
235 97
101 22
79 142
259 241
252 142
29 212
222 17
150 197
7 130
185 210
164 206
10 146
150 23
82 193
222 139
254 151
140 197
53 164
61 166
196 195
226 222
2 68
178 150
204 7
103 194
246 205
31 38
196 146
230 258
84 73
79 26
65 211
73 224
97 238
231 3
144 110
158 227
207 25
18 122
197 129
54 63
198 203
41 149
166 147
15 163
174 115
204 157
244 15
220 39
125 206
159 70
222 249
202 201
29 11
58 150
212 116
51 46
104 25
81 207
118 81
77 223
1 35
196 5
60 86
133 147
149 227
256 228
84 155
11 215
117 162
200 229
88 152
60 11
162 89
211 195
137 114
111 56
162 244
129 245
152 96
240 49
81 74
34 104
7 162
75 238
240 10
156 181
12 251
116 53
49 180
216 206
143 14
179 144
120 9
2 233
7 228
131 125
151 130
153 174
83 124
90 193
244 25
139 107
232 74
126 200
19 115
147 15
107 35
170 61
170 54
63 26
239 198
67 148
183 230
11 39
215 251
48 237
12 67
155 246
3 176
90 260
164 133
133 100
251 112
91 250
220 227
96 210
170 1
189 256
122 223
69 121
45 118
77 49
243 127
27 73
243 158
257 54
112 165
111 30
162 97
23 101
208 115
97 66
121 103
237 180
8 55
60 89
202 80
194 238
124 1
98 200
238 241
44 92
2 141
131 187
79 24
237 38
122 80
106 212
174 160
92 35
153 245
207 189
17 49
2 44
92 129
68 46
245 210
179 228
243 40
50 239
116 77
151 136
220 31
113 95
86 211
110 107
196 20
141 2
244 130
145 123
259 19
250 259
59 105
138 179
210 64
119 232
158 45
51 68
225 74
96 93
225 105
138 230
222 226
208 231
42 9
5 213
165 170
226 130
3 242
10 191
208 21
33 14
74 37
56 192
130 66
198 166
174 110
42 256
240 170
88 98
138 45
132 223
140 38
212 87
98 51
127 70
83 229
51 55
128 1
31 77
40 30
32 37
32 81
45 50
249 67
242 9
184 245
137 223
33 172
71 260
24 62
244 190
107 35
48 252
184 33
171 244
58 214
16 164
51 90
182 112
179 178
90 174
45 164
130 106
25 237
174 37
237 128
151 162
141 97
77 167
77 225
6 155
185 240
2 186
83 170
249 219
95 112
233 123
243 258
192 185
231 140
33 54
77 19
17 7
71 34
23 253
213 246
208 223
210 126
40 31
225 14
133 52
128 244
197 125
98 234
86 149
69 235
191 191
132 78
163 159
260 247
51 61
219 253
7 76
133 183
162 87
192 225
190 114
210 183
147 151
58 129
28 242
161 199
218 181
36 251
41 37
201 23
116 78
178 202
53 189
201 99
26 164
148 5
249 114
209 148
199 59
153 30
176 121
21 66
26 70
105 161
151 183
159 55
42 57
162 66
122 97
218 73
119 233
117 137
43 153
130 167
232 194
248 248
159 169
222 120
229 222
170 9
15 8
249 48
229 141
259 205
120 30
225 24
105 238
192 97
199 258
48 37
184 10
41 56
18 103
239 5
3 12
217 163
135 202
103 161
173 21
126 228
120 41
144 99
143 15
22 66
216 132
175 176
220 228
77 108
95 190
121 1
90 75
164 184
55 216
119 158
97 215
72 102
222 57
154 30
12 210
139 124
211 127
198 222
166 113
85 208
241 156
139 212
143 116
48 123
214 159
221 39
247 222
225 219
242 15
37 150
22 92
65 17
194 90
185 147
230 166
234 101
244 122
252 180
145 239
253 185
185 195
146 149
234 23
116 78
39 248
15 23
129 99
239 119
1 144
122 243
154 149
238 259
89 260
153 32
12 145
259 160
101 110
140 213
218 196
216 190
26 8
184 212
15 28
56 227
147 141
92 130
128 120
41 99
29 17
211 117
200 215
61 197
125 63
87 247
134 235
198 71
108 221
13 258
59 234
158 90
193 212
71 91
108 85
60 33
5 215
65 253
71 6
121 218
228 85
66 167
154 20
209 97
120 219
84 55
56 145
138 95
10 153
23 102
19 206
86 42
222 237
26 123
21 61
78 87
182 88
120 244
14 24
176 122
183 148
26 237
147 73
64 186
52 96
52 131
259 118
186 71
150 178
63 202
11 12
75 188
14 168
170 255
82 49
94 32
102 3
64 17
79 223
145 170
138 71
213 139
113 51
199 6
57 242
224 113
154 133
15 111
169 56
51 3
245 208
22 18
249 64
221 36
157 200
46 2
248 177
52 136
137 94
87 151
82 48
20 149
235 24
11 149
104 58
247 236
211 76
213 139
227 93
56 119
247 53
249 80
55 199
63 152
100 207
18 145
260 48
198 83
48 12
58 141
44 159
84 79
220 107
107 96
87 16
70 75
142 95
80 24
157 1
175 40
26 150
48 253
95 235
77 45
158 86
8 112
74 243
181 252
74 225
50 26
237 182
86 211
95 178
210 216
144 27
165 235
64 44
211 216
237 140
79 225
46 213
91 234
139 219
206 45
121 34
165 56
16 132
5 123
192 235
20 195
117 122
91 31
150 140
15 91
250 204
205 25
46 88
129 209
176 208
193 182
126 197
247 215
230 35
6 85
5 30
46 241
254 125
123 29
116 102
163 21
35 153
237 6
166 38
190 182
65 8
209 12
114 56
123 94
151 81
239 21
24 22
109 149
38 146
121 201
179 244
195 82
85 70
219 246
181 208
133 146
107 254
2 66
83 40
44 156
237 14
196 133
41 228
226 185
15 41
57 45
138 46
114 37
107 177
47 119
164 181
127 55
39 67
8 220
193 19
113 145
198 156
83 13
257 46
116 163
68 233
216 259
189 9
139 87
49 148
66 82
149 199
70 71
17 248
226 220
73 68
88 93
16 162
254 76
180 201
229 87
222 39
138 75
29 62
17 78
178 41
238 41
101 76
145 159
111 220
86 108
111 200
110 220
153 185
122 89
89 148
130 214
217 11
18 182
213 5
187 84
167 235
20 59
230 188
208 84
210 104
99 158
145 153
12 80
208 110
148 144
158 41
39 137
215 202
94 194
73 215
82 60
19 31
117 23
202 85
232 28
152 214
230 249
3 70
17 68
22 110
83 65
136 114
220 218
232 250
256 132
10 31
74 214
215 169
18 66
174 204
196 85
93 177
18 256
238 242
156 175
101 247
90 30
9 123
230 199
5 100
55 36
129 168
189 109
121 121
173 168
257 69
50 241
18 251
78 109
58 40
26 13
192 60
224 80
259 157
70 12
223 235
214 47
222 110
144 106
105 14
181 195
224 84
178 136
117 220
220 101
233 49
180 90
215 124
215 222
216 180
148 114
209 207
12 33
52 16
78 20
16 4
18 253
246 8
243 132
221 91
238 254
229 23
21 133
103 66
38 51
211 258
199 80
177 123
157 220
230 239
212 58
89 214
149 166
123 248
179 143
19 36
114 186
249 76
151 101
52 12
36 172
211 185
65 42
69 101
183 220
81 214
226 210
252 9
171 49
202 230
111 238
106 124
171 67
133 175
29 96
129 72
65 250
63 63
133 65
124 68
214 218
96 237
60 54
237 194
59 178
174 173
172 196
33 249
49 198
94 109
168 21
141 77
50 208
229 88
80 11
93 186
153 84
26 249
246 44
214 156
41 95
91 255
32 164
260 227
221 175
243 216
127 104
218 136
176 260
135 198
247 81
108 90
113 181
12 214
257 160
68 197
155 54
212 119
226 199
146 244
113 53
227 52
124 203
16 248
136 65
66 10
59 18
72 181
51 192
63 87
196 134
75 48
184 149
137 99
86 139
203 143
130 169
165 197
105 155
164 64
60 4
1 142
52 63
212 38
148 237
103 85
73 49
152 250
85 154
160 141
147 172
124 212
189 4
198 49
10 38
201 198
49 257
105 53
52 129
158 94
90 49
213 195
183 173
91 197
191 251
54 217
192 191
258 154
22 69
92 30
125 112
216 23
181 234
59 48
220 234
137 94
247 47
140 252
215 104
181 94
83 59
198 205
157 203
154 189
216 149
236 35
206 109
175 115
146 160
109 133
19 170
227 55
162 240
247 242
64 111
234 53
111 100
163 73
191 12
142 48
156 101
53 172
209 189
145 186
183 32
67 40
169 260
11 50
137 67
6 43
126 29
229 18
185 144
32 60
227 203
121 240
7 89
219 223
114 234
1 42
72 111
140 191
133 138
205 75
94 101
154 195
49 182
146 171
28 27
106 170
12 77
167 166
251 223
140 2
159 115
28 245
254 208
84 167
134 253
244 31
39 133
6 11
158 178
158 34
211 181
120 145
253 58
186 179
94 181
49 65
86 75
239 61
104 66
166 171
83 259
164 207
188 210
210 104
9 79
86 54
130 172
45 45
9 201
124 94
63 258
3 124
48 29
73 48
151 12
224 192
32 210
161 32
82 157
239 47
36 182
59 188
127 166
138 64
225 28
128 176
145 94
149 64
68 91
118 247
245 20
197 189
92 228
157 128
221 93
213 212
56 144
21 21
196 105
210 237
225 228
167 38
254 147
120 58
147 108
104 183
123 7
201 153
186 183
38 17
59 110
66 173
160 183
213 11
203 41
79 204
97 57
114 65
18 63
46 67
199 41
171 257
151 195
83 161
252 170
240 199
154 133
185 137
147 132
75 31
38 16
59 173
182 220
133 93
114 143
169 250
163 162
223 231
128 236
222 34
185 246
148 87
5 113
39 237
235 166
186 103
197 146
149 71
66 63
156 149
124 84
80 239
239 127
235 100
166 124
231 231
121 55
44 1
194 54
181 96
240 184
161 141
228 63
191 33
75 118
39 54
161 149
210 132
248 16
170 26
81 83
41 224
176 83
226 14
197 123
245 226
44 28
118 103
99 20
41 42
100 206
225 62
217 76
260 181
221 104
186 189
236 225
141 183
247 27
172 75
45 47
207 8
93 216
126 185
167 110
140 222
206 91
223 217
249 198
245 222
51 57
241 99
232 80
106 222
107 120
134 147
109 228
151 31
205 76
29 257
136 47
129 125
173 98
206 154
195 103
3 99
239 186
192 153
188 29
60 190
80 189
99 164
190 20
217 94
40 195
85 8
191 74
157 3
92 228
58 153
201 30
96 53
113 109
21 74
153 27
244 252
91 30
139 151
176 18
115 71
136 16
215 233
103 149
225 213
191 147
254 201
251 93
150 229
239 144
105 142
193 21
155 171
8 244
137 206
56 137
18 90
154 61
31 247
90 259
209 91
191 149
242 143
136 243
87 195
225 169
179 259
193 14
5 3
134 242
176 226
160 224
117 143
187 65
90 2
45 18
23 10
205 6
148 212
238 33
181 32
107 128
86 75
50 79
196 41
50 44
217 42
158 53
120 253
222 164
194 73
19 6
225 256
55 238
224 226
172 93
48 153
260 248
47 234
216 7
37 104
72 35
30 28
94 43
18 73
256 208
99 202
96 72
161 203
146 184
209 238
188 117
49 107
151 1
86 193
25 244
242 86
152 114
7 126
45 23
55 85
232 77
148 59
10 226
109 243
107 117
68 188
9 81
37 126
118 100
252 198
94 62
125 160
139 202
171 259
91 162
52 171
178 204
254 19
256 27
219 12
110 112
60 188
194 49
123 174
122 58
59 15
142 99
85 86
260 125
171 138
147 157
167 20
14 3
43 49
85 106
149 181
204 165
68 8
95 159
93 61
187 142
222 216
7 199
128 183
88 147
84 64
236 110
144 186
79 102
257 221
166 175
39 47
28 203
94 100
109 177
113 11
25 124
258 101
90 252
141 199
244 215
98 58
143 230
43 70
182 65
71 15
113 244
102 36
221 28
111 18
164 168
256 68
83 83
226 46
141 75
122 205
183 73
251 212
109 109
229 160
190 122
211 58
183 186
44 142
113 194
117 36
244 245
181 219
30 52
126 97
41 194
226 180
233 3
136 80
197 97
99 187
166 190
4 172
46 134
237 137
126 226
6 128
147 246
41 224
133 168
8 122
70 165
241 119
111 5
238 236
45 117
170 4
58 162
117 175
12 11
97 209
126 102
88 120
203 109
10 233
190 246
185 85
21 66
167 165
144 155
179 202
176 67
35 205
3 167
16 194
234 83
13 9
88 106
65 9
95 107
69 39
55 142
62 126
196 126
188 161
228 182
101 145
55 173
183 218
192 95
85 14
30 44
45 14
117 126
127 227
37 92
251 9
113 246
82 22
90 73
22 112
204 193
22 146
84 117
249 238
77 139
110 221
171 52
72 174
105 2
3 44
139 209
176 32
257 35
237 6
149 189
55 60
88 203
137 93
156 49
109 18
36 240
19 68
160 180
48 75
107 30
126 9
243 110
144 189
115 248
82 218
83 144
144 152
154 58
68 156
249 10
183 200
239 73
211 237
236 180
160 32
110 241
24 242
27 221
171 83
109 231
6 126
137 173
60 38
158 7
197 103
64 259
69 204
34 124
211 190
253 20
125 176
15 72
51 164
188 146
30 173
19 117
189 232
139 216
245 196
162 148
129 10
139 49
33 181
84 44
238 5
152 151
209 179
140 255
161 89
57 151
8 80
219 167
143 183
211 49
218 179
211 169
151 143
188 25
25 52
21 23
101 46
129 39
226 134
198 72
85 48
186 259
129 160
232 5
44 148
130 63
220 123
222 180
110 98
27 231
21 97
34 107
24 216
213 233
32 112
257 124
100 230
210 53
210 190
205 142
21 8
135 76
250 59
82 146
73 210
234 216
25 74
225 245
82 5
208 59
256 77
235 141
81 135
227 59
100 17
116 150
97 74
245 110
179 189
189 101
227 55
245 81
132 72
8 92
98 98
211 27
252 248
72 38
219 228
97 68
124 154
243 231
37 162
214 145
113 106
15 170
29 221
87 254
254 151
112 145
136 117
186 165
187 62
12 166
63 120
213 1
150 83
148 143
183 215
160 155
227 217
141 4
239 236
38 228
114 22
185 255
175 233
71 45
228 173
232 31
225 254
170 5
45 186
201 108
230 224
144 12
168 96
228 214
186 6
136 125
61 15
226 35
75 195
71 259
90 248
57 48
235 120
96 219
99 201
114 77
208 260
48 171
192 34
71 197
138 130
105 23
212 128
94 180
206 68
81 227
137 205
178 211
29 129
139 244
218 135
242 47
207 234
51 6
97 219
123 76
253 88
209 89
149 52
120 190
149 178
99 149
117 89
80 148
149 34
12 103
232 7
107 214
203 236
182 185
154 198
153 24
48 34
78 49
187 127
256 252
71 186
251 189
162 37
62 115
253 256
225 131
178 59
140 257
14 145
180 170
58 159
12 71
19 34
166 127
173 157
115 247
41 1
175 224
11 135
185 259
11 71
203 132
150 115
43 186
5 94
57 203
128 168
128 204
63 229
91 33
223 231
177 203
95 84
98 3
249 106
73 157
35 16
180 87
260 202
59 71
11 85
257 245
29 201
256 90
141 44
112 42
91 197
65 50
48 230
102 147
81 210
153 66
8 171
201 202
257 195
235 86
173 90
181 16
73 164
46 243
63 55
220 63
224 83
106 91
209 93
157 31
154 145
114 79
226 174
133 121
134 219
159 81
232 103
232 217
96 110
13 23
57 223
56 186
103 227
95 260
92 230
221 193
95 91
6 194
170 61
185 115
234 254
116 180
203 185
257 190
258 212
189 121
108 100
176 181
234 30
134 11
142 237
13 161
253 144
126 63
1 29
91 193
164 253
223 250
260 70
172 180
191 211
174 244
81 191
136 24
65 82
173 51
66 109
193 48
158 118
171 11
249 258
82 174
77 188
12 112
177 122
33 46
86 216
66 170
51 95
251 182
216 151
105 143
40 148
233 174
147 18
154 208
137 37
200 26
103 12
15 200
208 132
194 258
186 237
90 15
230 249
139 169
147 127
144 167
65 166
16 110
59 20
12 185
48 143
225 31
215 200
5 40
208 244
210 135
72 220
105 112
204 256
222 88
174 109
49 169
33 57
45 41
65 93
185 200
12 24
104 160
178 223
125 258
150 223
239 56
108 86
118 84
25 247
46 90
98 138
95 3
185 14
129 110
209 32
127 32
20 90
259 172
124 237
258 37
172 216
162 142
224 107
137 155
137 184
181 127
74 259
85 34
39 216
199 60
217 258
126 85
169 233
49 223
21 35
138 26
226 50
71 86
247 77
88 37
70 213
59 164
143 177
39 186
191 1
54 61
106 250
180 149
30 85
98 125
85 135
168 160
210 46
87 61
141 75
222 231
235 15
1 35
221 81
235 172
16 37
222 3
55 143
185 129
204 56
236 200
229 129
165 132
144 158
94 212
121 241
154 177
127 160
226 242
215 112
87 28
61 45
61 61
116 182
6 100
191 148
217 175
113 102
40 235
23 21
1 124
142 129
139 108
196 2
20 33
34 213
208 253
37 253
113 160
235 121
168 81
168 211
158 115
137 177
27 250
28 78
42 55
141 24
5 10
171 129
97 55
228 82
254 256
74 36
242 2
91 149
254 201
25 71
91 176
147 55
55 78
240 77
169 171
63 155
212 203
113 195
165 77
93 150
127 12
185 77
105 46
182 257
27 172
83 104
130 126
140 54
34 86
65 102
96 72
16 246
228 193
78 116
221 88
198 63
159 14
111 179
185 5
195 176
28 180
203 121
231 129
199 67
79 93
257 110
79 47
70 28
183 218
33 3
147 68
100 127
170 101
138 249
241 131
189 195
63 172
58 212
106 56
225 187
69 51
31 23
80 142
232 92
20 59
24 16
132 248
4 32
132 96
258 43
91 240
84 35
92 83
49 41
252 72
137 93
34 235
211 127
225 50
131 63
182 39
225 137
208 257
34 187
76 32
175 183
90 221
16 119
99 169
28 15
172 108
82 192
86 104
167 201
203 81
221 256
171 157
246 166
114 45
167 106
22 118
102 152
147 86
231 74
67 126
209 110
257 20
17 21
160 249
5 146
47 46
228 76
70 237
160 254
248 129
232 32
240 78
21 257
62 257
115 43
212 135
1 155
216 177
143 150
35 188
88 131
141 78
108 68
149 237
90 223
214 200
223 181
25 157
9 93
116 81
90 219
116 128
236 74
68 85
174 250
232 179
117 177
259 96
143 205
225 225
198 147
232 7
82 17
105 82
155 232
63 4
31 20
91 54
64 61
121 104
138 31
234 251
210 108
247 152
247 150
213 47
170 79
11 52
76 155
121 217
216 32
202 166
29 65
259 17
241 12
84 102
85 248
123 125
45 201
15 94
91 223
223 219
195 191
30 180
15 174
93 27
110 78
123 168
61 7
235 23
15 151
74 14
233 211
82 129
259 162
122 171
218 222
208 235
187 8
257 172
181 29
63 204
50 82
107 17
153 61
240 233
64 256
199 126
6 93
90 235
235 231
237 64
73 171
171 189
156 147
4 260
137 223
47 196
98 172
116 196
170 5
115 220
15 85
49 204
240 235
244 9
208 199
168 241
109 40
30 116
206 66
42 196
18 23
78 168
169 45
13 162
103 139
240 217
149 165
95 128
234 132
134 4
125 15
10 98
257 143
89 48
185 123
206 213
67 210
183 62
89 254
192 238
146 166
61 105
203 194
165 218
173 30
164 7
99 196
174 146
66 119
16 9
35 15
48 17
26 110
136 136
136 38
182 163
117 8
202 63
88 25
224 193
31 32
160 85
150 42
155 217
51 221
106 156
139 107
29 200
144 247
182 94
159 139
17 44
167 81
56 142
241 26
251 92
248 114
66 208
95 49
177 147
135 100
96 2
231 209
218 87
125 196
166 160
147 171
230 152
158 30
102 13
256 17
123 249
136 228
66 231
183 95
159 138
46 194
249 107
198 253
105 171
206 258
105 29
127 155
192 198
234 134
252 7
126 171
236 217
148 67
197 40
88 160
173 5
52 212
8 86
144 210
26 250
245 250
260 100
94 43
143 79
106 189
77 74
44 220
214 241
260 166
26 226
245 141
83 184
150 248
91 110
46 173
236 140
249 231
41 248
94 175
58 18
99 56
226 198
16 37
135 109
67 191
9 178
235 15
65 96
151 5
202 59
43 10
27 255
29 132
94 142
126 19
47 128
217 146
111 121
152 95
37 214
9 66
155 52
259 129
79 213
2 43
220 143
87 19
210 77
178 212
238 200
187 85
205 175
103 210
86 251
192 42
185 125
240 11
248 115
233 104
178 199
161 231
233 210
28 138
225 35
221 217
106 178
108 217
260 200
148 81
187 106
73 56
88 75
228 163
70 218
164 202
246 106
244 143
229 249
160 183
114 79
48 15
56 208
126 161
237 75
238 169
157 51
143 207
69 99
129 59
224 249
214 124
171 50
162 73
206 123
141 247
189 197
192 10
106 32
77 69
10 16
101 119
148 11
146 71
133 233
169 92
61 253
85 201
24 171
2 15
248 247
153 243
103 116
113 89
49 166
117 71
16 2
54 243
162 43
54 238
37 143
105 209
20 143
103 139
153 99
143 173
218 31
31 33
124 122
190 173
206 142
107 205
78 244
179 119
83 129
138 99
211 16
64 124
139 57
176 109
182 219
1 154
250 186
122 209
26 150
48 163
101 66
60 107
232 101
246 167
183 156
85 163
76 187
168 26
42 8
160 219
79 165
110 188
222 238
200 43
156 116
22 67
77 51
16 20
179 4
257 178
249 48
196 192
248 72
1 203
138 33
162 120
66 72
198 213
78 145
59 98
153 14
256 150
107 84
2 163
196 176
154 82
207 6
90 144
50 13
5 53
97 86
61 227
95 131
142 121
53 119
255 226
179 13
135 75
254 17
200 112
250 91
50 32
185 220
77 76
179 136
84 221
236 218
20 142
73 245
79 203
190 4
31 122
123 118
107 167
258 93
81 6
47 99
130 6
194 86
83 3
120 170
192 124
159 1
126 204
175 108
141 144
253 122
61 169
134 27
88 8
211 250
206 24
23 15
172 20
162 204
106 35
50 109
77 98
48 58
236 22
107 128
219 11
127 112
75 231
193 122
227 82
112 226
86 192
111 253
145 35
254 219
258 181
126 70
27 221
75 106
94 2
123 136
125 95
93 207
12 246
44 40
39 147
238 209
54 20
191 160
154 189
130 70
75 210
112 101
55 237
212 256
5 143
165 119
85 110
187 42
113 119
73 52
247 75
185 56
102 241
144 82
90 165
29 194
41 119
231 32
109 41
104 98
103 50
30 86
102 121
60 29
134 82
112 143
20 68
33 73
187 53
115 87
