260
3380
220 127
88 128
194 166
148 155
204 7
223 87
196 233
203 150
203 221
163 137
175 249
251 22
130 159
177 34
135 51
56 22
237 232
117 249
160 186
152 170
65 17
161 129
228 234
193 18
3 125
65 193
127 257
171 120
19 78
24 140
238 50
80 31
55 141
54 136
193 203
9 115
21 175
169 172
196 248
219 76
46 20
180 32
148 43
153 147
233 33
217 127
105 195
22 57
179 70
220 111
156 125
254 171
136 194
207 61
134 156
204 166
91 164
202 64
214 258
197 74
187 251
94 99
45 105
171 68
178 222
35 186
238 59
165 157
213 132
93 232
188 96
135 26
92 147
79 9
121 103
140 13
157 127
158 50
7 125
101 182
230 42
113 75
2 70
183 198
241 126
117 221
111 198
247 89
94 195
47 37
260 120
246 233
116 94
74 236
28 211
244 82
17 69
233 78
8 139
236 47
42 225
85 137
237 185
200 5
67 189
95 119
79 95
160 186
168 2
179 191
257 25
14 87
162 10
98 227
129 125
217 40
56 13
244 258
95 155
72 243
193 5
105 222
145 241
37 246
199 33
154 70
152 117
80 9
81 78
71 134
234 33
19 107
105 173
168 119
251 214
107 144
106 14
76 43
129 101
112 211
243 143
237 201
154 71
158 63
175 47
123 235
260 93
179 47
75 34
258 195
107 66
143 248
103 207
149 104
52 36
14 252
221 125
10 111
135 158
217 208
198 10
232 111
57 8
221 155
189 56
67 41
3 197
125 75
253 192
36 121
198 74
174 1
61 39
9 161
93 123
197 120
87 91
134 56
1 233
172 44
208 126
159 108
51 212
158 15
222 255
172 147
8 145
100 235
258 251
36 223
83 196
77 220
78 154
29 132
141 9
149 154
118 82
132 75
169 244
16 1
152 46
57 165
162 248
27 102
199 130
104 219
34 205
4 108
226 238
133 164
123 52
37 247
222 42
179 185
148 62
56 148
7 30
69 200
152 172
217 109
257 208
120 245
228 160
185 137
142 107
160 76
31 69
216 32
111 238
100 14
146 43
248 232
201 11
224 208
214 32
167 16
136 105
231 105
140 116
115 238
59 92
32 207
201 129
155 35
172 173
165 157
207 137
54 126
238 133
135 234
220 159
141 93
226 30
31 204
169 1
20 154
161 142
186 211
251 137
257 95
43 259
11 256
140 151
88 54
149 257
60 256
189 186
259 101
37 44
56 135
63 111
129 175
66 156
57 111
33 124
32 44
213 3
123 104
160 104
181 246
72 170
249 192
231 74
242 116
114 61
14 196
68 153
26 40
120 173
204 157
122 110
127 129
4 1
90 177
22 13
155 242
40 139
14 200
79 46
196 253
215 254
56 96
113 207
223 55
87 97
163 55
184 125
238 68
104 37
185 170
185 145
27 212
128 210
133 231
251 57
239 9
169 27
231 63
55 249
202 2
34 147
232 90
13 250
40 205
104 79
89 50
49 112
248 116
202 172
207 114
97 30
65 113
12 173
73 100
37 125
147 5
12 99
176 212
3 213
54 4
236 91
49 201
245 31
48 91
132 234
122 171
247 170
61 105
253 118
237 66
35 173
170 206
189 121
22 174
12 81
117 252
122 204
107 4
66 67
82 117
172 169
98 59
139 150
10 65
219 153
171 112
32 164
24 188
118 133
93 171
10 108
247 47
64 125
258 74
206 167
57 242
193 215
2 5
140 161
154 89
185 115
65 226
43 126
184 123
183 171
203 53
130 208
49 69
178 108
30 175
42 161
73 106
151 220
159 56
137 129
150 157
132 184
226 253
203 117
211 254
230 90
106 3
173 24
249 80
205 154
142 80
59 214
47 191
152 115
210 159
187 17
46 124
252 134
156 174
195 22
123 89
23 151
223 38
116 40
170 211
88 140
245 226
110 118
216 3
174 191
214 103
226 84
85 230
13 120
225 40
225 55
126 115
124 235
70 97
203 147
110 126
75 33
171 129
121 217
218 32
33 195
161 210
170 38
86 16
81 97
32 3
257 31
167 258
243 186
116 143
187 72
55 188
59 108
171 30
222 47
149 83
40 172
48 134
171 49
52 185
80 150
65 14
32 233
46 237
228 151
204 84
165 57
182 97
242 6
201 161
61 148
19 37
75 245
179 166
214 107
5 227
143 117
193 75
179 228
93 196
9 195
42 5
248 192
96 63
213 130
112 184
184 5
55 155
84 32
48 124
230 230
210 204
228 65
237 17
11 81
162 28
33 23
107 137
25 216
132 51
165 51
142 28
4 162
40 44
71 177
151 24
53 217
201 92
215 182
167 208
201 87
124 254
183 52
150 49
113 143
69 257
75 237
122 53
41 153
71 195
140 61
147 91
89 1
56 148
53 85
181 243
74 127
186 23
202 41
18 18
9 258
150 239
214 112
197 137
72 22
234 181
210 135
206 58
35 64
126 188
206 120
113 207
43 245
59 96
121 109
176 120
230 86
108 33
23 230
134 173
60 239
157 233
245 80
237 214
252 12
175 18
150 234
205 61
188 138
124 233
96 89
10 116
102 119
118 90
127 137
161 185
216 83
111 90
91 167
186 200
87 173
61 229
7 120
100 244
239 58
2 69
142 236
179 75
174 109
209 28
242 127
11 237
186 257
12 101
167 98
54 215
214 184
174 146
11 134
237 259
121 86
90 250
121 152
67 1
115 253
176 60
254 209
231 83
182 162
102 111
97 7
3 208
149 138
232 132
48 55
234 215
71 230
4 108
43 156
217 55
204 20
137 74
92 3
135 255
177 191
96 125
254 127
259 105
152 113
174 226
233 174
145 207
178 255
144 135
55 60
215 245
124 253
176 202
209 189
2 102
93 74
129 111
105 209
75 29
217 103
185 5
172 228
258 96
123 90
16 180
188 126
220 47
258 158
175 135
34 16
108 240
94 90
191 126
70 223
90 76
243 156
8 233
55 220
250 158
127 7
223 177
221 60
217 196
250 37
164 243
60 181
198 132
90 103
26 108
13 239
40 162
223 213
184 210
64 76
199 134
78 29
141 11
202 87
187 17
75 186
197 180
86 251
125 186
110 50
62 149
17 134
111 147
44 259
110 90
155 212
3 241
166 154
176 119
4 101
66 119
218 168
210 213
82 31
210 241
180 179
124 216
19 106
174 32
212 244
160 242
235 88
2 1
47 245
139 105
201 12
60 151
132 253
211 217
125 15
175 71
82 192
129 249
172 113
168 99
214 89
69 79
185 77
92 60
151 182
90 234
67 232
88 142
36 195
97 243
179 36
198 73
45 241
8 184
83 93
175 156
145 127
251 159
136 134
48 258
42 175
229 44
190 41
96 230
246 147
173 105
90 9
100 94
257 103
136 240
252 136
145 244
104 162
43 59
8 146
243 157
232 59
164 27
77 249
183 103
212 16
3 225
73 235
249 137
38 203
9 20
154 79
35 152
130 245
147 57
176 202
241 211
57 138
228 21
103 213
233 260
204 181
11 255
29 46
225 168
247 258
227 155
145 143
260 215
142 154
207 9
28 142
49 237
241 132
12 16
226 11
22 151
47 82
77 162
30 148
133 145
103 211
213 42
19 183
22 94
10 156
106 158
44 64
91 73
229 254
19 34
23 91
135 136
149 24
129 32
255 118
147 237
26 195
142 182
205 49
137 212
209 247
167 220
256 29
14 203
21 64
233 108
63 105
229 249
247 250
100 247
92 19
137 210
78 160
19 94
108 51
95 65
21 221
203 219
237 43
246 96
62 40
83 71
235 260
99 176
212 88
211 169
166 148
34 190
124 224
98 143
167 40
150 53
95 13
7 31
48 57
255 91
180 61
23 9
13 39
198 231
124 151
74 259
140 63
193 144
141 14
31 134
39 61
218 211
163 185
218 161
48 94
135 158
115 49
144 150
65 62
160 240
43 184
226 190
233 196
257 160
194 67
74 10
57 27
43 62
65 257
21 130
248 24
130 228
58 185
141 247
112 105
117 212
104 11
41 85
37 19
56 154
7 43
48 188
135 63
117 167
201 231
226 161
100 110
233 214
102 236
124 155
143 38
254 124
16 157
49 211
171 127
216 142
155 164
84 172
120 201
107 106
174 17
42 202
175 211
76 246
249 7
56 173
211 154
35 56
41 198
161 236
103 257
19 78
240 16
53 210
195 235
229 87
84 230
16 194
59 94
192 191
97 61
115 198
186 93
156 166
227 114
189 205
76 78
84 207
257 18
46 87
29 102
185 197
252 206
228 20
64 236
234 104
161 223
252 20
64 104
105 14
42 100
122 193
67 175
38 76
121 230
93 89
12 125
56 254
160 120
109 211
124 160
191 40
176 100
191 218
198 219
66 165
18 169
96 93
237 153
156 189
226 85
150 129
211 198
21 3
243 78
107 15
30 128
89 103
71 196
133 36
197 19
160 5
25 191
221 10
181 23
79 178
236 201
221 240
201 67
106 178
205 90
235 256
49 27
232 158
85 92
86 114
228 91
100 140
1 57
259 237
118 6
226 258
76 113
257 53
82 164
241 246
75 172
32 206
257 90
155 129
110 118
84 178
166 27
200 7
255 129
84 179
208 37
112 157
178 8
45 121
191 77
106 17
53 235
179 72
2 21
157 176
16 116
169 31
20 98
207 3
242 146
106 57
102 89
73 102
130 135
238 225
6 230
101 7
94 226
174 71
107 253
124 101
21 129
35 43
1 207
226 132
5 184
49 16
230 223
202 92
32 35
164 99
190 100
6 101
226 22
178 133
178 245
147 149
60 75
242 14
12 251
59 133
219 73
16 163
22 173
68 246
149 89
59 24
112 181
121 71
38 2
242 220
226 207
58 138
75 46
37 192
50 237
4 18
80 42
143 91
19 145
68 213
89 254
219 232
27 42
69 35
173 151
217 50
36 130
139 60
60 167
154 147
109 186
16 80
206 91
232 236
236 102
123 228
200 197
42 154
174 185
149 39
165 120
164 153
131 215
150 109
23 159
89 9
121 200
167 171
221 216
115 51
11 23
63 25
218 195
52 254
20 43
68 80
179 226
173 177
33 108
129 91
197 150
244 175
108 171
45 102
112 87
107 175
199 222
9 151
52 186
174 144
33 111
231 1
58 184
70 215
35 76
251 151
229 27
41 201
91 167
200 137
151 153
57 82
153 148
253 25
52 116
202 13
24 242
75 33
214 61
64 236
212 156
240 98
99 92
123 143
55 171
55 27
258 107
23 45
170 16
253 237
21 236
244 88
9 227
29 247
166 31
32 185
137 9
2 238
177 46
36 111
75 236
252 16
15 114
24 105
74 130
257 119
180 152
230 93
214 47
239 189
66 244
209 252
193 244
66 172
29 80
212 148
193 191
180 77
224 107
122 187
205 43
40 183
168 146
186 26
61 254
206 96
74 128
33 45
149 186
206 215
150 44
162 193
186 176
57 8
61 169
4 27
175 249
149 211
55 248
68 252
31 42
167 221
52 173
176 256
173 70
235 94
199 56
68 42
97 169
187 191
115 120
207 249
185 216
175 180
122 102
38 120
8 163
196 26
15 52
27 236
68 174
201 27
100 74
255 30
93 40
14 124
227 158
83 161
205 245
242 74
171 94
127 155
21 29
92 50
62 90
232 121
187 62
217 202
131 220
38 152
149 75
135 49
3 171
26 91
6 120
200 222
119 35
35 76
49 126
74 131
73 170
106 180
237 160
253 16
159 182
15 105
145 245
132 27
191 146
156 133
190 100
32 93
100 224
244 80
162 75
158 241
7 159
172 19
213 110
64 119
108 30
20 136
113 10
180 57
84 256
59 138
202 76
17 129
251 192
45 156
241 178
136 21
251 213
88 91
145 181
220 256
120 225
182 101
53 150
167 107
29 229
93 244
130 212
174 11
24 29
158 54
7 62
122 45
2 56
207 8
34 59
137 89
198 251
81 34
6 10
102 14
35 4
190 70
211 120
193 164
260 116
167 224
103 156
35 98
114 44
72 78
68 259
210 101
231 76
89 220
150 98
163 46
102 242
172 182
132 67
237 178
88 39
97 217
259 201
40 166
93 65
206 46
254 9
170 86
14 114
167 189
10 95
23 130
197 138
107 212
47 188
157 220
56 208
109 256
198 8
248 236
123 57
211 38
173 93
154 192
116 256
222 18
23 231
143 108
115 62
114 239
106 236
113 96
256 214
155 128
206 196
140 77
39 72
168 134
62 160
22 1
26 143
54 28
86 16
127 176
248 248
212 183
242 209
7 74
158 30
15 212
136 220
247 1
145 55
118 157
171 251
22 184
117 226
42 120
79 250
29 40
168 147
11 110
70 48
160 72
242 31
224 86
56 89
171 188
246 84
182 230
182 63
53 157
43 223
42 237
78 31
193 207
214 105
67 204
144 169
58 182
79 149
153 104
186 116
114 143
163 107
246 63
245 205
133 246
205 175
124 208
209 188
89 1
180 236
254 197
87 64
225 230
213 221
201 187
24 212
236 225
181 120
135 254
71 87
23 82
29 192
131 102
31 47
200 47
24 42
42 41
147 28
45 207
54 148
185 18
154 180
50 20
73 197
182 159
152 181
160 54
79 202
91 152
184 107
92 226
95 52
247 125
86 125
142 260
37 90
184 187
199 154
9 54
235 117
197 117
95 46
4 190
28 142
68 114
158 168
140 57
196 127
178 37
215 21
65 186
128 133
98 216
255 117
60 217
157 199
185 191
62 186
224 150
48 239
90 33
95 108
67 113
8 90
58 211
89 232
96 225
224 228
158 148
100 152
109 16
45 165
197 4
173 221
14 62
190 193
81 91
204 99
98 13
139 54
192 185
215 45
158 213
191 184
167 204
34 187
19 144
21 84
83 209
113 242
218 65
235 116
188 131
81 45
256 57
108 176
192 183
248 257
93 211
118 54
116 192
243 119
248 227
220 257
137 204
245 191
73 84
65 260
21 200
112 114
124 33
74 250
4 232
167 2
53 23
111 230
231 187
139 77
79 233
27 223
143 26
228 206
123 40
92 77
231 79
209 250
209 60
254 146
130 26
72 6
260 56
148 192
234 206
224 84
108 247
11 145
131 170
18 165
165 18
202 211
33 153
188 252
114 29
255 198
148 119
67 179
82 239
38 80
39 9
149 88
217 225
138 1
127 46
116 181
258 134
90 206
207 226
203 117
76 217
195 224
10 127
112 153
206 20
161 124
215 33
213 11
17 113
161 193
229 71
14 33
48 70
189 34
185 152
135 19
219 41
63 198
220 193
18 221
199 247
38 37
235 219
258 5
163 35
67 55
68 140
2 167
106 85
193 142
224 191
19 12
108 50
23 14
254 60
203 26
87 156
10 14
131 18
223 34
60 228
3 252
131 135
131 237
56 244
193 167
51 179
26 114
65 239
1 127
192 127
227 167
193 236
135 55
121 78
1 56
66 63
52 16
60 3
245 34
89 75
41 225
114 98
27 209
248 48
186 144
110 138
127 214
213 257
182 67
9 203
37 221
225 74
129 161
203 164
24 62
174 98
59 16
97 62
75 154
177 218
31 149
53 128
156 23
207 72
256 42
76 184
238 3
200 199
98 221
123 141
100 114
244 83
185 174
65 66
108 182
181 8
69 259
207 117
96 62
237 99
41 228
36 30
220 101
4 147
178 18
174 131
173 1
188 2
36 236
260 143
134 131
200 205
20 193
121 207
198 134
193 214
55 200
249 72
187 68
228 111
54 164
52 236
64 12
92 127
243 27
116 90
253 113
85 104
113 14
203 102
28 92
113 104
121 163
176 214
26 67
197 55
42 40
200 170
149 117
182 202
52 147
113 60
231 56
50 51
102 117
180 227
96 252
63 69
190 228
80 217
84 100
151 107
195 174
164 6
204 65
119 98
53 58
119 22
119 116
189 98
203 20
254 202
153 218
182 50
86 220
156 208
31 159
146 140
35 224
161 166
80 157
230 104
109 20
100 235
41 231
130 230
118 76
80 160
115 94
172 132
111 130
213 158
69 159
150 91
228 164
137 45
84 213
164 19
65 32
151 18
21 233
137 163
184 85
25 214
245 139
171 190
66 67
241 104
236 200
220 224
98 226
112 135
227 8
190 108
30 224
176 233
138 195
51 128
52 192
84 138
257 51
49 28
223 257
217 70
139 227
251 30
260 206
217 221
221 18
126 167
254 22
238 41
160 136
66 68
258 10
50 45
235 139
22 190
103 95
46 43
125 243
81 183
38 27
144 163
101 210
73 95
18 73
54 40
148 1
138 91
21 258
139 239
89 113
91 155
214 64
34 114
222 249
112 59
92 75
233 36
150 85
189 236
133 230
166 129
146 42
165 235
144 258
150 47
46 200
82 67
38 162
53 248
217 250
141 121
147 6
192 237
170 223
60 98
147 27
52 74
260 20
36 55
176 3
105 111
94 160
153 121
250 107
153 53
23 148
240 119
156 140
46 196
7 236
62 15
113 112
87 199
53 152
164 178
157 212
230 74
90 223
235 191
248 30
136 120
58 77
147 218
50 54
4 101
12 21
255 141
249 71
239 21
121 66
228 63
237 164
148 168
19 253
136 242
88 21
55 248
119 182
59 244
248 41
83 217
32 100
240 239
48 84
61 158
99 116
257 39
126 155
145 56
53 191
68 42
173 77
243 91
132 198
142 170
241 82
231 108
12 249
64 150
155 18
168 244
148 19
164 46
172 102
128 172
152 30
236 140
31 246
25 118
105 126
18 179
27 82
4 220
20 28
126 96
256 123
220 86
193 122
239 212
193 258
119 166
7 145
96 232
227 256
117 90
107 185
1 90
34 240
69 158
187 169
6 206
98 238
244 150
167 224
65 75
140 256
181 167
22 120
83 66
27 163
247 41
99 106
61 226
244 96
14 6
163 253
242 182
66 194
180 76
104 178
66 99
32 159
172 14
138 228
6 75
190 21
257 63
116 37
127 58
28 91
215 17
129 102
40 245
76 238
194 10
230 76
86 216
146 107
12 213
250 210
102 223
168 57
153 88
190 227
113 182
8 212
120 216
260 53
138 89
30 238
241 89
92 27
18 135
45 194
245 260
184 135
209 127
159 162
193 243
54 69
257 6
136 164
199 175
117 91
108 163
98 73
78 247
73 183
5 216
193 179
189 188
172 250
44 10
152 37
206 49
130 123
241 219
224 168
247 40
230 190
111 191
27 119
224 180
61 100
72 83
16 107
252 190
207 167
221 41
19 105
155 254
162 121
161 163
141 224
67 151
162 185
208 75
12 246
144 35
172 245
58 13
158 73
38 137
75 52
187 216
134 89
25 102
241 133
119 55
40 39
103 260
136 129
141 133
208 250
225 23
96 142
92 224
51 166
206 47
243 187
193 101
27 111
68 62
30 175
48 253
204 92
63 185
62 113
50 24
103 248
59 208
256 247
61 53
159 214
197 141
20 204
108 177
26 191
244 133
165 169
236 29
203 230
143 135
138 53
259 29
97 118
60 173
62 121
138 181
254 83
65 42
160 88
208 146
119 255
111 166
246 32
44 41
243 122
54 103
115 161
209 221
11 22
161 224
30 166
111 144
159 38
51 243
218 138
61 235
174 228
176 212
47 50
74 167
121 257
92 157
49 108
186 150
95 68
9 110
236 188
226 147
239 92
196 181
245 222
239 40
114 95
180 203
46 82
119 198
90 87
234 61
65 29
240 121
175 143
233 28
78 219
28 221
80 2
147 220
152 64
134 83
96 194
87 11
67 88
74 245
216 12
41 31
257 225
193 192
88 32
137 9
116 3
197 244
219 238
221 144
56 75
206 100
251 118
44 204
80 188
106 83
206 219
58 237
37 43
157 194
26 63
231 127
86 140
203 86
229 9
2 56
92 47
140 179
189 92
44 222
22 205
134 258
149 20
4 10
96 166
171 216
259 148
13 48
149 72
147 76
225 164
181 44
77 23
109 204
101 35
32 172
87 2
47 57
75 241
98 206
13 222
22 242
213 64
141 193
94 85
203 77
179 83
220 130
5 248
256 218
68 126
154 42
138 101
81 145
101 21
213 102
112 204
123 227
245 161
208 41
136 42
189 159
2 23
124 28
210 86
91 133
12 213
188 124
254 256
13 14
57 87
176 16
171 255
8 132
159 69
13 18
189 128
100 232
201 187
173 159
51 95
129 148
157 230
228 186
260 197
199 35
236 45
225 155
82 52
230 108
140 191
202 42
79 84
59 21
257 173
220 32
15 230
222 88
70 128
73 135
257 4
180 28
224 120
164 132
134 79
29 219
218 175
142 129
188 223
176 155
20 59
40 244
139 36
7 16
236 178
186 88
182 201
162 252
132 203
233 188
159 93
121 126
126 47
242 62
106 149
133 250
185 156
12 86
167 238
3 188
208 256
258 127
250 115
184 87
30 245
195 173
57 197
191 69
59 135
135 202
120 54
18 227
48 178
59 232
65 146
129 186
4 255
196 225
7 84
52 37
141 109
221 190
198 150
159 92
212 43
49 208
63 107
119 125
218 205
138 20
117 248
64 100
102 223
131 96
121 122
159 126
103 171
130 55
102 215
118 56
41 159
94 210
145 127
196 217
132 183
9 175
218 104
203 218
42 58
125 177
178 204
50 167
48 164
17 49
103 145
199 134
205 63
50 4
61 199
256 8
226 35
73 62
72 100
35 20
177 137
27 184
128 31
80 28
39 211
191 132
194 214
195 96
43 71
195 140
208 105
201 119
44 239
173 44
45 98
73 208
89 44
202 199
143 135
70 69
117 30
233 173
52 15
81 258
219 145
182 77
234 160
135 56
226 222
95 189
83 158
153 4
240 215
184 82
114 149
144 34
126 137
82 131
35 154
77 125
1 39
143 109
172 253
152 149
39 166
41 54
34 53
149 149
203 191
227 148
53 43
216 248
6 201
173 136
30 183
67 101
91 187
114 213
114 184
167 44
59 239
180 52
12 257
41 108
14 2
189 206
249 38
91 36
146 157
175 237
212 132
213 200
199 152
35 113
124 253
23 41
71 146
172 238
13 25
194 171
152 237
17 62
165 61
18 259
179 182
222 49
79 29
133 18
184 93
248 139
61 23
217 148
116 199
162 145
76 207
122 153
113 116
105 181
252 80
99 75
22 183
249 181
217 186
150 243
124 186
243 133
208 152
56 139
11 104
249 1
193 192
222 20
8 84
120 9
166 28
200 115
112 14
242 110
197 182
207 184
231 120
191 240
31 260
44 168
89 140
139 11
209 91
184 157
165 252
70 256
42 109
221 202
57 70
169 222
124 57
98 15
29 143
25 56
94 238
72 179
169 140
150 119
124 38
66 225
150 25
60 158
248 218
95 31
186 1
36 101
258 111
104 173
183 21
120 29
133 50
193 53
51 216
49 169
19 213
108 217
88 70
96 179
14 208
223 204
239 97
84 96
88 105
101 240
38 138
16 102
46 151
246 44
18 11
9 203
198 194
254 15
175 84
192 97
177 128
156 141
186 157
89 89
50 37
186 91
77 204
190 125
31 260
67 42
115 72
191 206
12 228
25 9
254 108
36 138
93 119
111 177
87 32
229 72
241 69
219 186
5 209
62 89
213 235
68 106
104 128
73 115
44 250
32 189
23 215
238 80
257 207
70 192
42 17
244 158
18 44
56 205
101 160
29 113
6 41
162 36
175 53
116 44
194 68
17 189
43 55
3 96
65 101
14 234
89 214
55 157
125 215
214 153
62 229
213 116
54 139
57 64
36 204
158 179
184 164
161 224
175 114
24 77
99 222
201 166
150 138
177 209
33 5
35 3
88 11
229 250
73 62
155 253
122 199
25 165
151 160
131 58
13 252
41 213
177 215
230 254
75 34
75 211
92 111
40 42
258 139
160 21
120 243
215 176
168 204
59 115
191 197
47 248
131 156
143 109
114 86
186 13
193 195
228 197
91 113
112 95
193 111
202 208
246 136
178 138
233 215
225 248
157 229
41 260
112 141
256 73
110 42
152 42
69 91
93 109
24 53
235 51
58 85
187 122
97 224
45 65
9 85
72 96
236 228
186 161
232 231
167 220
236 20
68 13
196 225
204 241
158 172
167 110
59 87
190 106
173 45
12 162
216 146
153 203
65 74
77 32
89 50
178 141
199 66
15 130
68 15
62 233
257 90
135 134
46 236
195 161
134 80
236 102
237 114
6 253
120 111
96 111
142 110
12 32
191 85
97 73
47 76
219 236
157 222
168 107
64 258
253 175
17 117
154 82
260 102
155 50
83 113
252 30
208 246
58 74
201 99
250 30
260 10
123 38
179 230
28 51
117 237
88 70
106 137
230 122
216 245
258 257
213 131
93 28
253 23
58 90
189 217
218 255
55 162
236 159
128 101
178 98
125 200
172 201
259 10
222 235
59 238
155 31
152 67
198 23
75 9
23 142
215 103
243 70
124 8
38 49
54 142
69 130
213 10
249 103
68 44
234 259
165 40
40 79
256 98
24 19
67 102
17 82
83 99
140 84
253 36
111 147
228 9
156 160
156 88
30 165
120 145
209 249
132 205
205 16
158 127
70 116
125 56
95 61
134 188
90 258
156 37
225 215
149 115
111 206
29 93
133 12
201 37
138 74
85 53
92 10
118 220
233 248
35 73
223 13
114 49
66 178
66 152
4 200
205 219
85 237
78 90
58 257
31 254
123 230
220 234
181 49
255 181
204 122
48 195
155 168
182 161
163 192
174 194
108 197
166 194
111 196
101 219
134 182
156 57
150 107
42 112
205 151
154 61
191 225
90 29
23 96
107 252
50 114
42 175
126 238
44 154
59 30
39 60
208 86
9 232
248 242
136 82
213 39
132 45
190 171
116 237
86 232
249 65
198 233
71 172
225 2
205 181
21 11
194 258
72 217
110 259
223 147
105 50
209 150
177 246
222 182
116 87
137 166
91 80
137 206
55 96
160 148
206 174
79 86
63 236
161 106
165 55
146 127
227 123
142 44
143 195
39 122
213 48
25 68
12 3
231 60
154 248
152 200
58 42
241 148
36 38
7 123
10 246
46 205
49 168
122 224
204 66
104 189
215 165
230 108
206 146
147 105
260 192
258 52
51 71
118 217
118 120
39 233
113 251
154 80
223 160
241 124
203 24
164 105
9 79
33 8
88 144
163 195
145 254
40 15
232 232
208 134
160 18
210 237
217 153
238 115
248 83
247 95
258 209
203 114
208 113
90 182
5 196
251 12
47 155
196 212
177 219
6 50
111 259
78 39
30 86
225 151
50 197
235 116
150 107
112 125
162 130
81 142
168 241
162 3
162 10
53 214
247 188
60 39
108 212
87 251
225 180
118 73
180 216
53 14
157 59
183 133
67 19
222 110
234 83
34 155
12 20
105 44
144 215
91 215
146 204
243 216
131 240
248 44
89 212
237 122
25 237
114 87
141 6
123 180
115 132
137 18
116 228
168 246
57 103
76 248
115 37
31 216
129 64
226 244
23 88
168 17
158 153
193 11
186 103
162 120
166 119
241 172
109 187
158 222
21 140
151 218
149 201
50 248
16 218
51 223
39 112
65 108
26 215
84 44
4 31
69 109
260 45
33 37
152 50
4 256
198 60
113 145
138 33
28 151
171 42
242 64
97 103
194 185
35 142
202 140
36 117
150 255
19 163
148 85
208 242
95 65
128 44
97 232
248 211
178 171
246 249
75 150
229 85
152 12
112 51
4 90
108 181
180 78
138 45
183 104
240 52
114 212
153 13
229 146
68 185
66 170
69 5
31 231
141 26
160 112
203 78
241 185
154 145
252 75
191 188
90 207
108 30
4 136
46 90
156 111
222 222
64 221
89 182
30 99
128 2
200 248
181 210
58 96
208 239
154 33
198 23
73 2
154 46
150 144
136 193
19 159
105 216
172 4
248 130
256 70
238 248
159 100
97 213
198 244
110 1
6 107
73 38
206 151
189 249
59 198
60 8
208 2
25 65
179 5
56 216
205 93
240 60
162 220
143 239
151 249
159 155
201 112
56 225
260 120
38 19
149 13
67 178
49 200
195 212
242 11
86 75
105 49
101 221
203 2
36 155
231 165
125 172
194 260
85 217
218 206
97 75
115 6
23 83
190 31
232 29
220 121
255 97
11 254
102 44
244 51
118 213
237 140
109 85
54 131
127 122
89 35
16 14
110 185
258 130
3 213
175 185
145 172
178 149
93 194
125 1
157 94
3 227
1 206
29 96
23 138
42 7
151 59
62 201
256 50
40 86
260 248
207 173
32 70
131 151
194 33
110 71
189 208
201 76
166 151
81 58
221 61
17 137
10 172
217 255
74 58
211 213
83 172
3 207
29 226
4 185
12 224
77 100
72 7
241 224
202 254
63 205
250 159
189 134
203 134
178 180
17 184
129 44
195 83
8 22
12 34
93 134
253 210
112 114
245 117
159 120
254 97
250 5
61 240
194 171
81 228
66 237
213 241
59 111
83 68
122 145
41 168
61 3
181 170
47 72
184 216
140 79
50 160
103 160
158 105
31 218
48 10
4 237
24 84
102 187
97 51
8 108
90 225
8 1
237 72
231 247
82 121
217 85
179 41
171 28
64 73
183 26
102 94
150 11
18 139
150 74
66 21
117 245
138 215
35 97
178 101
205 248
122 203
121 54
53 114
234 159
56 197
2 248
138 13
36 228
115 15
14 175
172 186
19 4
163 21
47 58
59 46
200 154
70 64
128 227
192 29
81 5
114 258
64 99
244 149
254 75
223 22
114 57
85 228
197 135
29 1
242 231
42 24
123 63
143 135
32 117
154 105
218 88
55 210
197 246
96 89
248 84
48 82
40 92
108 179
201 158
230 60
253 54
193 132
132 129
73 239
11 197
69 46
215 169
96 37
25 197
21 113
198 219
13 71
216 214
255 104
58 73
139 206
220 10
113 141
34 113
109 147
109 129
123 125
32 34
141 84
13 228
249 88
24 236
182 25
79 228
241 237
122 185
9 4
175 175
196 141
260 141
223 54
31 243
235 83
148 87
96 184
80 223
191 102
13 256
218 87
44 232
245 153
4 9
134 106
101 60
14 206
147 180
224 241
71 169
113 102
78 146
211 56
253 210
51 207
16 236
199 47
191 45
109 109
5 159
72 45
97 65
24 57
192 251
184 254
78 244
62 93
125 234
135 231
15 82
260 128
201 125
71 205
168 121
141 163
63 221
121 31
236 17
12 156
118 106
8 53
220 242
110 32
125 106
8 127
208 110
249 171
147 20
251 95
246 124
238 207
146 157
22 160
248 235
72 126
196 124
92 23
