260
13520
154 254
24 122
96 171
252 9
121 219
103 253
251 135
122 94
233 118
48 14
248 3
176 221
17 68
20 220
110 109
158 217
115 166
193 208
241 83
142 126
230 171
114 208
92 102
121 228
86 59
88 36
159 256
233 165
136 163
142 174
259 50
30 229
65 142
83 12
108 165
235 230
27 79
62 247
237 130
194 215
249 90
225 235
1 86
177 25
56 139
99 235
73 51
148 35
240 154
205 16
131 53
182 32
183 131
48 21
136 196
77 176
185 126
150 124
236 255
41 97
4 57
65 223
108 218
184 131
197 37
169 206
5 175
201 131
57 243
256 168
185 123
195 125
157 186
136 62
160 244
22 226
150 151
78 238
127 208
61 34
72 101
63 102
84 11
210 42
40 170
89 211
230 79
47 84
241 90
28 161
226 118
253 104
229 10
166 181
27 126
158 37
35 239
208 142
260 74
14 70
207 206
14 150
54 179
241 250
154 235
216 46
220 20
54 124
44 226
123 25
112 133
239 113
19 213
141 193
27 230
20 38
205 50
197 71
90 108
175 214
102 184
229 224
206 209
157 100
168 162
15 244
160 217
13 171
29 98
260 218
156 83
258 8
246 217
188 78
254 166
213 172
143 224
251 146
227 113
126 195
27 89
240 152
156 229
16 50
180 83
183 249
31 213
37 55
144 146
159 32
66 155
97 135
18 74
24 70
129 102
53 20
224 208
134 27
197 248
156 97
175 155
213 37
135 33
201 158
216 193
107 234
245 57
1 150
247 7
260 118
246 189
116 180
57 235
82 164
34 260
251 73
174 125
13 199
199 224
26 47
160 215
135 260
255 247
72 155
87 48
5 91
119 36
230 211
248 71
120 106
188 124
60 123
97 25
236 221
3 114
227 149
218 87
115 5
73 235
37 50
254 93
77 114
20 197
163 61
87 73
248 46
13 38
226 248
143 189
85 153
194 8
71 44
99 208
242 80
228 166
73 2
232 231
152 257
77 91
35 92
218 189
248 43
204 85
63 183
68 140
231 58
5 235
69 231
75 88
21 9
110 260
49 160
87 173
30 241
126 46
258 185
33 83
4 241
16 31
18 228
226 119
50 19
115 64
226 181
178 136
61 167
249 141
219 85
4 7
41 182
175 228
159 74
44 18
6 174
103 258
185 175
40 199
188 259
117 227
101 232
177 152
131 92
121 219
84 152
210 74
147 174
181 18
150 98
76 49
180 45
56 69
34 110
221 53
124 83
94 132
257 193
254 175
118 146
166 219
250 128
177 170
210 105
216 52
214 129
224 144
22 247
228 198
123 71
49 32
85 77
146 185
248 178
249 233
141 230
111 131
121 37
164 108
18 179
236 96
158 109
187 129
10 53
258 55
55 19
247 181
64 163
3 207
223 30
244 216
137 77
118 74
225 259
118 20
226 41
165 2
107 209
258 92
41 249
92 103
20 221
37 101
34 147
121 1
49 252
155 258
44 9
25 69
170 104
102 215
42 109
121 257
222 98
70 10
230 8
24 227
94 165
52 108
158 217
23 89
245 15
95 154
221 145
249 213
67 118
9 6
45 130
111 34
191 183
10 255
38 41
43 194
100 218
95 94
229 212
205 260
148 52
225 34
216 126
114 24
139 55
181 194
154 61
43 203
119 226
7 28
133 235
70 50
186 200
226 64
32 35
17 148
219 28
217 188
95 220
229 198
61 252
251 171
90 145
179 183
93 128
139 26
162 256
117 135
17 15
64 43
74 156
173 81
47 106
136 252
33 84
41 112
44 99
39 37
145 75
55 154
171 21
186 108
59 147
103 106
110 142
176 87
114 47
123 28
197 235
247 4
215 199
109 138
57 136
213 75
189 183
2 89
176 247
102 86
140 182
13 215
200 45
78 91
7 155
65 68
146 119
113 246
245 29
249 170
233 47
141 133
3 79
58 136
241 155
169 246
250 163
204 136
87 146
149 248
190 211
118 123
92 238
74 52
16 128
58 200
140 68
97 244
233 45
243 227
260 13
70 242
20 14
20 193
125 227
107 248
50 148
227 132
1 159
167 41
43 224
71 165
79 215
154 27
92 255
89 246
92 253
221 73
23 105
67 136
39 139
65 177
17 152
215 251
201 60
252 251
251 213
112 80
129 197
252 64
202 63
247 251
98 146
101 189
24 172
19 153
101 206
85 133
252 143
231 29
69 168
190 172
25 133
144 82
254 141
102 32
202 176
176 121
236 103
103 99
219 65
174 226
256 8
141 106
108 56
70 68
132 247
239 31
228 235
15 74
29 134
222 87
219 256
250 110
238 124
240 19
127 136
65 213
2 11
139 169
25 189
203 162
100 53
233 50
198 33
239 33
27 200
21 229
19 253
41 149
247 105
123 165
181 134
12 85
260 192
116 26
199 4
4 57
120 243
212 28
194 67
107 165
224 120
186 127
15 178
205 55
24 123
68 32
104 70
63 66
170 95
14 75
171 205
8 199
150 254
69 241
72 202
92 132
233 15
51 19
100 79
7 215
163 122
88 185
64 121
185 202
166 20
85 171
66 39
204 127
181 234
113 129
34 47
167 86
61 53
135 142
12 260
163 184
184 180
233 200
54 138
63 183
87 68
228 184
162 97
100 166
96 44
107 110
179 23
87 249
39 89
85 2
148 48
223 136
152 76
169 199
213 187
89 112
112 186
85 65
78 193
85 215
170 158
27 126
216 37
194 97
107 83
131 95
238 31
203 12
91 31
130 107
74 107
10 161
103 6
59 147
46 178
14 237
244 242
55 254
117 116
23 117
216 58
153 215
48 252
43 157
194 102
178 27
241 104
154 22
132 221
238 120
44 154
12 213
129 151
244 138
203 72
157 33
169 10
112 152
152 37
18 137
80 23
179 253
100 48
64 231
100 48
194 165
33 244
255 218
49 96
13 62
228 231
45 48
183 147
145 4
154 55
244 75
164 5
95 76
200 237
6 137
176 124
174 218
161 41
138 136
93 3
243 211
162 232
246 39
73 209
127 103
230 126
100 67
9 40
45 27
116 106
233 186
10 78
120 86
93 252
229 238
49 242
130 142
50 176
24 224
57 93
155 154
129 153
10 120
189 213
55 224
246 121
224 70
202 159
117 74
155 167
150 75
171 223
255 138
221 215
233 4
88 197
257 2
128 17
27 125
157 260
138 171
184 135
88 256
244 107
29 67
165 126
125 98
183 169
234 19
86 241
1 252
113 29
67 203
82 238
31 69
249 238
225 49
1 209
124 196
138 123
105 119
233 171
118 244
5 164
79 99
151 134
94 63
115 214
53 259
50 225
62 87
136 1
91 232
16 133
225 100
127 41
145 162
148 204
225 245
177 85
152 115
60 202
234 64
156 15
140 72
3 128
215 56
122 43
257 246
121 168
5 172
153 28
40 12
93 209
190 230
245 103
145 126
78 50
94 252
81 90
17 44
125 250
215 35
198 121
123 136
111 19
256 251
86 126
224 55
177 242
247 16
260 206
41 73
33 159
92 34
80 170
158 88
129 21
123 177
84 13
201 114
39 90
168 150
65 34
215 26
220 234
37 116
11 55
98 196
44 126
243 105
167 122
165 136
51 220
131 246
18 94
191 93
121 5
18 258
234 192
200 226
253 199
24 157
86 197
142 2
111 49
243 249
118 7
127 238
52 177
253 138
68 83
247 245
147 207
46 59
176 132
140 206
260 51
188 201
42 17
191 25
156 89
51 140
102 49
135 111
114 91
178 38
76 24
63 195
240 130
85 44
235 151
88 176
89 221
177 11
40 111
50 195
122 251
10 140
141 181
207 220
155 128
86 189
196 120
97 96
154 135
99 54
234 74
231 138
45 225
112 80
135 146
68 108
241 141
252 38
67 137
69 20
8 155
131 205
182 190
153 184
51 155
36 88
242 253
197 220
30 186
225 175
56 48
235 144
143 206
167 112
168 159
13 230
138 166
95 158
188 134
6 173
6 142
145 147
23 153
122 71
205 150
218 48
191 135
93 251
48 145
24 182
61 124
208 14
98 15
141 90
3 199
241 260
60 14
149 233
137 113
211 53
144 75
195 30
52 31
207 257
137 218
135 82
148 256
45 136
256 47
144 97
65 187
128 254
71 172
30 18
105 225
29 114
176 224
83 56
213 81
35 214
150 147
60 93
89 123
84 54
106 48
71 4
188 48
29 214
237 140
104 244
132 33
201 192
126 100
232 144
71 108
175 164
137 191
260 52
88 233
236 123
153 225
14 51
168 195
74 189
88 152
45 163
151 216
250 64
252 221
47 241
244 71
24 79
23 60
254 132
168 8
191 256
230 80
227 73
63 229
159 170
33 6
88 113
122 32
120 128
162 177
72 69
96 182
70 188
231 31
60 65
248 84
116 27
84 259
247 17
84 109
85 41
260 99
127 259
237 12
1 150
194 204
199 230
190 7
229 177
74 214
153 73
153 4
70 161
100 120
54 24
259 87
220 238
100 211
96 155
185 144
7 201
107 228
191 239
138 13
16 117
27 197
17 128
35 9
135 108
119 254
231 239
138 19
12 123
116 27
235 103
189 253
2 56
251 49
176 232
2 179
2 67
77 199
73 95
222 60
224 147
166 126
93 27
238 37
21 185
149 195
66 190
52 183
197 241
240 167
225 8
73 84
36 187
131 108
129 113
104 35
64 63
98 90
54 128
178 36
158 116
98 243
116 145
132 119
37 20
102 180
29 96
258 122
256 153
201 155
190 193
101 228
148 238
172 51
249 192
153 156
43 146
74 70
244 172
27 245
131 213
240 104
5 32
112 18
259 64
169 255
138 10
169 203
159 127
163 148
43 239
37 8
159 6
152 176
213 145
226 151
156 70
206 114
214 179
80 218
105 135
194 60
16 11
71 143
147 185
220 210
32 205
47 183
212 164
205 39
228 207
193 121
155 44
114 126
106 196
47 21
241 168
150 226
122 173
259 37
232 202
35 195
74 168
82 182
115 37
3 39
120 244
186 66
182 129
51 82
211 132
95 193
43 252
105 101
200 65
150 88
182 80
89 70
102 106
242 56
208 28
88 212
22 119
124 258
203 223
173 73
113 243
64 152
179 121
151 32
247 215
27 116
243 160
44 153
155 260
191 138
160 95
113 124
74 22
177 181
199 173
131 258
193 107
136 109
60 237
97 158
196 175
152 143
107 129
211 212
76 56
157 57
213 225
31 31
59 159
11 237
227 118
162 75
87 228
104 225
213 126
201 34
170 259
15 19
165 118
154 43
104 105
163 130
249 120
56 112
12 39
107 40
58 233
170 187
45 16
86 115
104 86
146 117
159 71
98 158
181 187
212 118
197 174
213 99
44 3
74 104
99 35
41 190
102 255
103 171
123 44
208 199
185 228
93 105
208 138
44 199
98 27
141 198
102 240
88 225
142 142
255 93
100 167
62 170
231 201
245 208
114 170
248 249
32 260
160 102
224 59
101 65
132 30
156 55
88 133
200 111
68 161
164 161
48 243
256 170
4 47
158 212
250 151
108 42
12 104
165 113
1 83
229 209
251 177
139 209
227 100
112 177
34 104
232 87
135 217
120 242
46 60
206 12
55 234
192 113
86 97
162 123
183 191
174 227
65 108
166 30
200 133
254 240
248 190
65 241
38 66
42 230
204 208
114 76
187 256
84 183
189 14
170 109
96 167
242 11
146 77
244 208
207 213
26 73
163 193
211 212
48 194
31 46
210 246
44 35
45 19
124 107
40 50
11 91
175 197
188 259
259 9
11 180
129 44
253 3
260 227
239 24
219 96
162 206
223 132
211 141
2 33
182 102
90 103
29 17
105 213
255 252
95 67
155 236
139 15
257 254
258 223
170 50
190 7
55 147
251 152
18 164
239 21
86 202
30 80
51 76
157 221
25 13
209 166
96 20
48 141
251 248
155 116
43 131
145 215
233 257
143 57
231 199
220 193
112 27
229 2
174 61
190 62
65 175
23 122
48 171
34 129
255 168
198 5
178 63
88 42
23 255
158 67
155 127
215 218
11 63
165 79
248 191
245 7
244 87
174 132
54 185
59 53
260 212
75 179
113 100
252 60
229 246
49 145
195 248
66 126
88 109
2 21
161 175
225 96
239 124
177 148
232 157
6 22
7 28
43 120
150 220
188 131
197 136
46 260
229 171
204 112
81 3
72 189
250 65
28 98
19 218
185 187
148 200
185 192
37 137
162 216
255 98
80 202
96 78
183 14
132 249
15 13
216 157
221 218
35 251
222 26
108 166
132 197
27 232
179 181
198 50
187 181
110 25
140 189
57 52
29 222
173 56
202 226
81 203
12 13
88 140
19 133
239 48
5 213
259 203
248 213
16 107
59 227
249 23
87 246
251 159
116 164
201 161
115 121
104 246
10 85
117 5
5 156
90 131
51 237
240 169
100 69
246 249
105 86
248 218
71 55
150 224
131 27
10 212
212 212
66 162
81 150
9 34
251 161
197 193
16 164
176 231
70 37
178 9
70 17
191 72
206 25
117 47
88 190
140 106
13 115
110 36
99 26
24 129
59 179
250 216
75 220
51 138
12 93
237 225
217 249
91 100
3 226
185 193
87 173
216 131
129 257
164 140
9 100
51 79
226 87
22 39
81 113
231 254
46 31
249 78
2 252
240 104
210 190
231 134
154 160
166 123
160 88
202 130
136 229
206 8
253 29
173 205
160 55
124 3
28 218
243 9
21 39
155 33
96 76
235 27
211 68
90 59
181 60
83 33
144 170
1 60
226 86
60 110
108 219
247 51
217 186
218 149
150 61
143 45
30 244
95 145
234 156
174 59
150 70
42 15
174 184
192 180
163 169
223 130
174 237
124 164
65 52
26 73
27 135
161 155
230 7
194 242
167 36
124 40
79 220
208 125
73 154
131 259
22 199
89 142
174 86
257 118
249 38
99 23
109 52
59 153
217 228
75 179
41 132
158 116
6 66
79 190
249 117
135 143
22 199
48 15
181 28
92 175
232 247
174 25
119 197
211 87
9 132
133 212
12 197
35 59
171 29
50 73
48 97
94 31
167 166
255 86
91 158
121 34
129 91
1 150
246 50
185 145
12 148
193 253
132 190
68 144
73 165
69 215
39 134
207 67
24 187
111 11
64 25
53 177
23 239
195 89
176 188
46 137
174 32
68 120
96 4
43 122
12 24
143 99
152 235
82 100
239 152
143 88
173 208
136 249
57 11
64 184
250 102
236 222
129 216
10 87
88 143
155 51
2 235
70 258
45 4
111 187
11 244
184 223
136 86
168 53
222 99
140 140
6 115
94 17
84 67
237 136
107 211
37 63
144 14
109 182
18 131
255 98
123 8
79 80
27 69
145 227
207 155
138 49
66 57
51 129
115 254
259 197
48 156
199 64
73 219
254 99
149 188
105 128
67 94
85 192
92 58
83 136
63 56
217 121
166 175
185 197
228 54
157 9
229 149
86 79
44 86
186 119
119 121
226 198
171 228
188 254
244 233
204 120
131 226
57 34
118 166
253 1
115 244
157 154
98 115
241 160
4 6
191 76
145 112
221 218
231 113
178 15
239 138
256 189
148 127
242 140
241 246
191 249
199 48
179 260
7 76
23 115
203 259
188 17
81 50
3 7
245 231
178 230
59 58
144 4
110 70
239 52
66 156
153 27
214 227
144 61
28 222
199 194
257 75
177 40
164 37
25 206
180 162
108 132
258 40
173 202
127 68
89 79
250 166
129 51
134 232
62 4
121 200
202 253
191 99
221 15
101 2
18 112
194 58
45 123
22 118
66 206
148 60
47 121
235 238
245 214
225 227
87 179
108 98
22 260
66 107
162 250
155 4
125 46
205 216
189 194
209 113
18 243
31 233
6 126
223 241
90 168
100 55
15 223
247 246
206 172
234 164
95 98
245 121
59 201
163 187
210 96
174 140
104 95
14 37
66 210
61 75
176 150
190 253
252 245
137 178
176 124
241 88
10 121
45 120
154 10
213 86
5 246
102 196
183 107
193 193
141 143
172 38
177 169
126 13
243 83
18 117
85 104
161 103
196 91
109 20
143 121
157 113
144 192
162 68
13 125
67 38
131 85
115 258
201 101
134 55
56 101
74 114
179 88
88 20
227 175
146 19
197 65
238 187
117 33
148 177
47 2
14 68
182 37
189 34
207 219
139 174
84 120
169 216
39 233
45 30
93 165
204 75
236 77
37 80
27 57
90 36
158 204
123 144
250 45
109 174
36 50
67 159
53 23
77 98
191 108
139 101
9 243
200 135
110 61
136 117
75 108
5 144
65 96
135 178
86 32
243 217
3 179
199 178
84 84
130 150
51 45
131 107
78 73
61 102
182 26
260 163
241 240
19 250
128 39
52 123
144 150
168 87
248 157
258 145
180 33
141 85
109 226
70 234
78 206
204 107
252 96
188 120
75 181
185 111
70 82
56 139
254 161
54 105
252 214
204 74
85 52
49 17
199 224
123 70
152 11
51 172
197 86
156 199
218 131
76 68
206 158
226 141
186 136
168 230
199 8
28 124
181 6
54 250
197 137
77 160
91 32
196 132
179 201
16 218
134 222
99 166
192 96
201 216
107 20
219 38
18 87
149 227
30 171
19 242
187 132
216 17
231 99
245 36
53 234
230 58
80 136
239 212
199 22
81 197
15 258
67 165
193 143
14 163
33 114
56 196
188 66
220 6
200 222
205 136
251 104
65 84
246 30
109 239
41 169
162 17
223 167
19 111
182 9
243 84
39 172
146 160
185 114
211 165
165 177
168 85
84 240
93 173
121 62
30 254
89 119
223 8
56 58
159 46
154 221
102 8
128 81
201 17
100 6
64 186
155 21
189 257
172 6
12 40
69 247
214 17
39 14
138 17
226 18
12 215
227 187
227 129
215 140
238 178
121 44
235 69
227 45
168 197
169 213
112 130
230 147
238 251
128 37
211 20
204 221
231 72
199 203
214 37
121 9
29 67
38 89
195 145
30 68
47 104
77 212
42 19
3 200
22 104
170 202
26 15
180 129
255 108
150 159
164 64
111 36
88 122
104 186
119 42
90 35
203 126
152 80
116 219
234 189
109 172
162 174
48 103
126 79
138 66
21 106
259 158
114 173
138 75
150 245
132 150
20 75
16 253
173 138
62 189
48 159
189 173
126 138
48 238
241 30
65 202
20 3
41 228
194 43
104 257
139 56
223 93
112 242
215 97
227 129
231 171
173 222
189 210
178 257
197 84
55 247
163 212
166 231
117 30
251 76
158 36
41 124
139 17
123 95
25 77
20 180
174 122
2 121
224 251
57 4
71 209
213 143
168 213
75 85
197 247
189 248
69 137
124 184
157 2
11 80
48 99
198 213
23 51
197 258
106 42
15 145
227 106
96 237
74 158
4 126
115 99
65 141
10 208
63 206
5 127
201 121
65 197
38 19
20 168
6 134
13 210
185 260
1 212
146 90
240 186
121 114
23 2
174 102
140 249
31 239
133 158
180 259
127 241
37 188
126 218
53 33
191 182
140 193
90 158
230 38
54 78
12 184
231 28
180 234
85 207
236 103
144 114
118 77
6 193
205 252
169 172
246 194
219 62
104 234
62 97
34 154
56 220
119 133
97 76
104 152
62 256
198 103
188 172
224 29
170 84
246 143
255 116
96 201
140 151
227 210
195 26
8 241
176 250
157 179
15 108
50 258
43 108
217 3
34 64
33 40
224 131
130 72
83 240
198 182
101 38
182 121
187 36
220 141
104 212
144 245
33 128
81 139
197 237
149 198
234 152
183 155
55 171
2 203
115 65
190 55
158 133
196 63
236 62
173 84
159 94
38 127
255 258
254 29
141 171
72 29
44 150
256 260
112 50
142 128
151 134
126 72
88 6
33 3
135 211
156 256
244 111
84 206
56 25
212 224
169 29
78 153
57 189
210 18
26 91
157 223
51 211
105 209
228 194
117 217
10 103
80 31
222 62
93 255
253 90
131 113
94 222
132 21
233 4
211 128
105 198
94 201
99 39
219 218
106 109
248 13
233 207
39 53
161 246
117 151
238 93
244 113
215 166
256 233
204 111
9 151
166 139
101 31
85 4
23 163
204 200
39 84
81 85
37 257
130 129
210 60
198 205
145 240
199 80
96 153
230 212
2 229
203 247
5 135
253 214
41 127
174 19
91 182
127 202
159 42
168 19
244 4
196 90
208 219
45 51
80 22
103 169
133 117
141 220
89 155
68 130
45 129
43 173
192 250
24 104
23 246
241 20
42 155
80 30
3 215
160 215
19 48
175 220
135 237
137 212
209 251
221 196
79 199
43 84
216 160
129 117
13 51
118 214
28 136
162 102
152 23
241 187
157 13
146 250
177 16
150 73
113 159
110 216
85 5
155 254
101 242
98 256
228 188
69 236
224 211
74 189
127 34
46 153
61 32
84 58
40 40
10 52
72 36
37 89
55 97
1 18
173 50
169 125
17 10
109 253
124 65
94 26
163 18
49 91
133 35
227 112
176 98
198 177
82 46
128 181
100 123
62 133
64 159
9 26
82 252
193 214
91 59
143 175
256 95
206 47
257 79
71 30
155 123
30 118
158 200
37 46
225 248
73 42
119 65
28 255
101 216
42 167
142 20
127 198
176 243
91 55
207 133
61 132
134 180
53 260
142 12
127 226
65 245
141 61
134 166
68 133
247 213
129 258
216 237
45 219
107 112
164 228
34 237
136 220
111 103
180 150
257 154
19 252
72 56
51 55
64 223
18 212
30 106
158 72
150 132
139 60
99 54
250 249
46 88
108 23
217 18
72 97
254 60
72 209
37 172
107 35
14 169
42 7
157 129
93 177
55 213
32 49
119 259
63 205
31 101
201 235
140 34
90 95
64 29
89 154
149 253
220 139
55 187
81 223
130 144
227 187
74 106
77 118
161 95
176 198
113 21
36 95
236 196
49 47
31 255
55 139
22 99
36 52
37 134
57 74
1 133
101 240
15 176
126 182
72 113
245 70
73 178
167 236
10 118
253 132
223 173
26 105
164 19
36 233
205 159
210 53
150 50
195 170
192 127
251 222
218 190
257 46
86 239
47 135
46 130
116 84
200 70
158 40
208 45
58 131
9 79
134 31
71 197
17 158
86 112
104 81
73 158
106 2
50 1
2 105
8 74
45 157
192 111
4 7
77 129
53 17
92 35
237 101
36 44
91 224
146 131
22 214
120 70
160 231
206 217
9 138
14 96
204 172
237 163
88 33
250 99
91 34
43 37
202 76
110 154
184 228
102 178
78 8
149 226
237 64
242 152
162 226
221 211
260 257
241 252
195 182
97 27
15 136
184 151
22 204
129 161
147 201
96 237
219 88
152 72
42 211
58 102
258 151
217 100
198 2
241 7
217 193
80 66
39 3
169 260
119 232
202 145
60 48
29 73
251 53
206 8
6 110
130 36
31 216
179 5
231 114
138 170
158 99
100 10
251 14
130 98
46 140
253 248
164 134
243 79
4 82
233 17
164 138
138 193
87 201
73 219
228 250
36 34
37 5
174 140
70 102
114 199
151 239
11 32
146 27
25 208
68 130
68 30
249 47
27 82
207 10
100 247
126 148
168 85
125 215
80 94
129 64
42 14
15 142
81 161
185 129
205 126
235 166
74 252
188 84
184 69
105 175
27 193
163 188
193 182
23 76
130 216
106 195
45 130
240 181
108 92
67 57
96 70
173 172
197 232
226 22
65 65
248 28
260 220
56 124
141 49
109 72
158 131
166 183
228 169
50 128
75 51
255 198
17 126
74 100
172 193
191 10
6 42
69 26
211 24
226 16
210 2
126 42
75 110
152 80
126 229
105 251
155 57
223 225
245 246
171 6
68 48
240 149
165 68
239 254
234 77
227 193
140 42
173 79
223 200
172 147
31 202
157 233
153 90
22 74
64 73
116 127
120 59
231 79
147 119
186 134
241 50
69 223
111 99
122 41
19 34
208 153
106 16
33 83
238 111
212 214
50 45
10 16
188 173
203 143
118 195
106 129
204 21
140 257
217 146
115 63
170 144
55 101
228 15
216 200
77 110
255 180
9 5
172 127
39 117
104 117
5 108
8 255
17 125
91 137
22 230
68 167
166 78
175 127
163 234
11 244
106 24
9 228
62 21
70 114
23 151
244 109
196 159
128 228
64 133
218 232
94 163
39 115
256 210
118 37
92 205
198 133
109 247
203 67
202 1
238 1
102 170
148 58
198 118
152 240
234 7
25 15
136 162
246 18
50 149
159 215
53 77
51 141
33 83
65 228
47 36
71 177
158 2
153 69
36 115
222 149
22 108
2 1
118 149
81 3
154 237
246 158
220 177
14 256
196 174
36 171
124 21
244 16
124 130
123 224
39 1
202 238
151 92
202 179
50 28
260 148
12 144
87 211
29 229
64 53
204 93
63 203
132 47
56 234
66 224
215 171
123 25
144 160
217 107
134 133
178 79
116 84
217 160
195 183
239 79
205 161
180 187
79 94
208 67
220 63
96 89
238 179
239 63
153 56
124 248
85 56
25 256
182 159
21 38
48 42
134 55
110 24
27 198
139 184
239 140
146 149
155 72
107 24
18 211
163 235
226 157
40 237
43 257
39 192
173 101
154 227
50 94
135 44
75 55
143 248
208 156
55 151
132 164
141 91
229 6
32 107
232 83
121 155
28 146
129 235
211 44
140 63
159 229
236 127
208 8
174 68
209 240
220 61
231 153
128 146
168 86
258 32
190 238
38 3
71 253
234 125
27 243
256 258
173 242
53 240
15 181
6 29
251 95
137 154
255 98
226 232
135 174
123 236
24 155
68 35
56 174
25 220
34 194
125 166
230 13
32 89
221 27
54 218
116 99
36 197
43 207
83 214
73 123
213 225
250 187
91 74
245 51
231 59
205 163
66 71
184 149
165 84
246 34
59 223
84 243
247 151
76 27
66 24
161 238
193 235
145 45
92 112
141 72
88 65
180 40
247 186
129 61
212 169
146 54
154 88
69 186
196 114
244 103
229 177
68 101
216 48
147 79
128 82
47 169
204 84
142 16
90 108
159 121
5 35
111 133
237 87
234 137
150 20
214 244
200 49
258 155
39 164
225 37
31 64
136 161
224 249
80 23
118 178
239 154
237 6
72 195
64 251
257 64
211 100
202 8
74 230
205 163
184 155
50 241
230 179
72 72
22 12
200 1
74 164
12 76
217 109
96 160
110 131
218 67
22 183
88 40
175 219
35 213
176 114
74 81
70 168
92 22
202 154
13 196
124 253
241 208
15 169
145 119
33 176
216 258
46 38
156 187
45 163
149 5
227 65
105 55
54 254
123 66
229 90
87 68
1 248
19 184
114 65
216 188
39 19
25 41
95 75
181 45
114 229
131 145
135 184
202 154
19 212
114 98
252 150
123 149
131 139
219 7
42 172
235 72
128 111
98 225
12 66
41 176
228 25
118 139
68 244
137 158
3 159
248 99
186 15
221 160
154 64
20 229
51 219
121 214
103 189
116 24
163 243
82 42
191 66
184 58
164 109
153 118
100 69
34 242
247 81
236 198
27 162
208 80
224 125
26 208
247 119
70 14
161 236
213 237
198 36
88 49
42 186
37 49
155 46
177 70
231 212
150 160
33 3
247 203
47 96
18 195
72 182
108 55
241 61
223 42
15 155
7 1
143 131
14 88
39 86
179 146
235 63
80 166
179 212
151 149
129 57
250 16
116 78
112 167
153 25
198 38
46 163
218 138
97 21
236 255
95 122
18 84
62 78
132 1
1 253
198 222
120 88
230 125
119 198
1 194
122 103
1 31
96 156
65 97
102 62
174 181
206 30
132 208
213 177
18 69
209 188
20 139
248 215
248 136
249 3
258 253
203 39
27 63
55 203
16 109
250 159
224 221
43 197
124 172
102 251
128 177
194 3
11 7
71 84
91 197
112 76
18 152
1 224
115 22
66 114
136 58
202 29
145 234
244 9
20 176
101 40
100 228
99 195
81 157
149 58
121 169
67 79
47 41
52 182
153 142
243 118
12 83
24 235
180 183
198 242
34 147
123 147
16 69
101 215
28 78
228 15
244 158
16 235
63 242
97 145
41 94
193 154
43 41
245 41
168 252
61 196
163 130
161 59
87 148
9 14
202 222
223 163
92 118
102 226
23 150
119 227
164 252
162 74
23 85
177 118
166 73
199 254
185 112
202 24
223 120
134 26
30 34
220 46
187 132
120 248
202 55
237 24
210 233
83 147
236 1
67 177
23 189
51 146
61 81
148 214
138 165
144 30
63 249
85 155
218 195
15 57
143 183
18 117
12 93
45 131
141 117
208 214
17 14
171 87
193 189
71 24
70 108
54 101
254 229
251 239
221 211
219 39
14 125
154 21
167 177
8 39
190 183
85 196
256 7
50 187
3 195
77 132
230 8
20 1
89 3
39 138
195 258
37 38
132 182
203 135
21 112
95 8
98 34
118 121
227 172
25 74
240 175
84 182
157 29
229 259
234 76
29 157
77 255
21 104
183 236
94 244
214 212
234 131
259 205
10 137
120 104
187 71
169 218
245 192
35 252
121 212
44 103
2 103
255 37
256 259
131 228
240 16
82 7
68 10
66 190
39 153
75 55
1 30
180 122
100 107
222 119
237 17
24 28
44 16
95 232
226 46
70 172
227 173
80 73
59 124
213 76
78 170
133 78
213 26
29 222
65 171
104 198
17 220
233 191
102 143
257 82
93 175
161 119
197 78
4 29
147 183
12 253
147 160
86 20
34 254
58 116
38 219
71 162
204 237
154 260
116 15
120 80
36 24
7 71
186 121
96 147
237 112
242 131
198 112
144 144
228 175
193 97
162 179
166 111
219 236
236 176
250 83
18 122
130 43
149 249
214 74
186 185
170 198
258 228
191 219
206 230
170 154
104 167
125 228
64 255
107 245
73 44
14 248
92 50
110 170
70 239
4 79
244 142
255 230
128 224
233 65
91 72
79 117
43 166
103 197
211 113
236 215
76 115
152 29
221 114
101 234
222 106
126 88
60 11
24 243
146 11
125 134
12 194
107 45
19 251
77 181
13 239
51 193
99 95
222 188
39 243
217 183
193 5
117 231
39 216
75 18
186 232
50 238
212 93
218 200
247 198
76 97
160 137
25 255
131 177
86 181
135 171
218 126
58 79
45 6
92 3
34 46
99 82
88 67
234 58
242 238
9 118
8 45
10 76
50 44
79 190
218 247
59 65
116 157
260 143
233 8
153 14
103 85
67 191
87 155
207 102
11 107
179 37
66 61
258 3
81 58
244 209
8 200
164 59
7 112
107 46
48 109
199 114
240 56
108 74
111 154
53 172
150 106
14 51
136 7
168 184
116 178
69 144
213 164
214 85
132 29
130 220
99 183
22 200
36 51
95 121
12 240
110 126
64 171
242 58
70 230
200 92
151 227
126 164
192 185
130 139
3 85
109 12
71 246
41 18
206 175
35 163
71 83
186 224
103 213
102 207
202 19
125 160
77 110
245 37
189 196
83 223
2 249
199 113
43 187
185 147
99 231
167 131
114 116
85 92
9 83
38 148
99 94
119 151
88 184
118 164
4 79
7 66
161 125
51 160
84 104
189 30
32 240
153 240
121 140
75 95
189 257
228 20
153 59
71 57
160 56
107 224
213 58
181 238
191 68
131 14
120 9
183 46
99 52
101 116
139 251
138 60
260 11
67 189
14 21
45 96
72 2
29 209
30 22
144 111
245 9
34 238
147 81
75 5
148 134
90 260
100 207
53 103
114 186
225 42
68 138
74 225
158 57
63 70
237 233
234 238
40 149
160 131
3 31
150 172
206 1
135 113
37 172
118 80
245 94
100 16
206 173
167 164
207 61
14 21
154 143
118 172
141 235
38 72
128 145
54 37
73 60
56 216
190 187
18 79
7 76
59 81
88 162
90 45
153 194
24 201
227 97
107 6
59 8
138 93
20 44
238 13
26 81
222 14
206 192
100 41
259 164
247 227
86 126
116 124
166 249
52 101
236 183
218 11
259 179
142 134
66 249
126 19
253 251
29 65
75 182
251 234
73 9
10 79
238 153
213 75
135 86
57 243
73 45
122 94
116 19
52 210
227 109
189 48
86 175
142 16
46 27
180 125
260 191
220 62
90 10
137 189
43 151
114 14
190 210
186 187
114 113
224 69
197 206
230 158
1 90
130 37
241 26
68 160
207 124
148 254
11 169
214 46
237 78
225 31
153 120
71 192
12 173
76 44
218 158
248 142
104 241
183 39
129 122
98 117
131 122
154 110
150 130
160 203
241 136
179 46
64 134
118 231
214 162
21 129
23 64
19 71
52 237
13 83
87 12
74 29
60 192
203 107
99 203
18 74
138 34
129 182
140 141
140 34
121 149
3 83
18 11
255 162
187 258
140 40
92 105
47 229
103 221
192 222
71 243
217 69
127 46
147 115
118 63
110 188
54 25
140 28
179 16
124 41
94 117
147 96
210 105
144 199
72 67
77 184
49 32
108 14
123 63
254 243
67 43
31 181
154 88
31 99
120 75
98 244
251 118
116 80
186 161
95 191
260 95
257 141
257 222
184 115
187 189
178 217
190 190
177 58
189 81
39 150
96 89
90 91
178 200
81 49
77 9
147 85
211 114
24 161
138 45
178 80
213 164
116 45
183 129
61 151
47 232
120 204
125 200
21 57
171 84
61 255
141 203
158 167
224 169
235 230
65 234
176 231
35 81
32 230
238 65
24 135
21 66
245 188
225 210
257 173
115 219
209 143
163 53
187 201
70 60
218 56
155 36
9 81
183 94
92 164
99 149
206 250
134 88
162 23
151 81
119 3
66 219
108 17
3 126
38 78
161 126
62 128
71 197
163 202
229 129
241 233
189 247
179 85
30 204
109 251
21 256
160 99
28 123
40 203
195 134
200 157
250 124
216 205
22 63
170 228
208 68
248 252
106 192
235 60
11 77
206 29
190 197
159 125
174 224
18 136
59 17
211 129
66 50
221 5
62 11
195 170
127 31
38 16
220 28
207 67
75 115
14 18
47 15
120 20
32 146
259 89
190 92
148 208
250 157
182 249
196 83
244 136
22 193
53 166
115 55
198 176
208 169
31 79
43 159
45 223
232 39
70 19
115 161
143 201
130 132
230 214
83 238
35 200
114 245
100 6
89 67
251 254
249 131
236 6
233 61
211 51
158 35
32 36
154 120
191 144
157 123
122 25
142 56
187 8
200 4
39 210
29 134
164 128
58 151
164 36
172 190
112 226
75 179
74 221
110 42
248 230
163 165
60 188
178 74
26 79
172 9
186 141
85 226
115 120
19 128
221 98
259 153
68 32
121 235
143 135
258 147
254 180
47 192
149 179
232 4
46 17
80 56
11 182
82 117
193 163
160 168
158 64
170 191
38 25
145 150
250 175
157 92
4 31
170 245
168 71
24 231
216 213
147 33
107 15
250 179
221 58
63 251
113 116
139 216
55 184
36 26
164 137
189 214
120 259
136 146
30 201
256 117
11 135
2 117
125 147
7 202
28 66
150 239
234 37
47 163
39 207
137 256
203 58
59 116
68 256
49 140
136 179
109 165
51 137
230 38
88 128
16 194
133 12
51 26
91 252
151 250
183 115
260 245
162 221
103 207
217 104
141 212
23 88
115 82
5 190
172 106
236 102
85 44
3 195
177 137
139 126
124 26
158 178
63 98
65 76
3 215
54 126
144 17
157 18
242 224
246 14
49 166
248 249
232 32
119 166
246 157
127 199
8 156
226 48
210 135
50 134
203 104
159 100
249 249
100 128
66 47
133 172
186 10
111 100
197 43
158 143
139 145
202 96
4 232
161 236
42 240
254 160
42 3
193 99
1 238
180 240
75 136
92 194
81 102
23 17
135 4
75 226
25 169
236 102
191 237
79 84
244 50
260 200
228 83
143 69
178 207
140 232
160 155
23 142
107 257
102 205
218 192
37 20
247 85
84 60
34 191
191 21
114 80
101 252
189 54
236 106
131 77
173 178
198 54
19 23
186 183
93 237
232 234
47 195
226 152
247 121
238 2
65 77
237 113
102 234
67 184
249 243
135 63
185 27
48 68
57 206
213 87
2 67
78 96
4 203
251 214
85 30
109 175
61 191
168 228
63 52
77 82
252 171
130 8
1 3
4 115
231 187
201 150
62 146
138 106
134 44
50 60
226 139
165 113
159 150
13 173
24 212
246 38
133 239
69 142
90 30
35 66
230 202
119 213
128 36
209 12
137 170
105 150
253 252
102 191
232 219
95 123
3 245
78 98
98 209
188 72
220 38
24 61
139 234
186 46
230 76
109 245
197 43
83 125
51 142
75 69
157 143
85 77
252 42
204 144
219 177
153 101
46 124
11 44
136 136
231 161
111 179
184 77
137 37
251 142
121 2
79 122
109 207
192 121
74 247
147 27
178 160
126 130
2 169
186 113
68 80
37 147
213 25
154 159
97 88
100 31
140 189
153 52
126 75
240 222
226 210
151 2
186 25
121 208
38 163
48 221
82 111
77 21
206 34
109 31
53 105
21 251
87 210
23 98
23 20
130 216
117 182
254 170
164 107
64 110
4 164
245 150
42 61
19 181
158 241
1 50
91 19
91 73
139 242
57 14
190 250
186 7
176 66
62 175
255 58
76 87
31 199
78 85
93 188
169 159
91 77
12 87
106 48
120 163
148 118
64 257
47 133
183 27
104 61
169 110
31 54
22 63
223 154
205 195
234 175
137 226
230 226
171 104
74 40
144 86
236 174
18 60
228 73
250 178
226 146
110 119
195 40
88 11
132 138
99 100
142 72
109 28
81 80
27 14
114 221
192 211
217 74
245 43
2 205
217 86
137 74
210 256
66 190
152 157
243 99
241 11
208 77
8 20
111 236
153 181
202 87
254 33
3 68
236 72
236 239
64 44
65 169
132 207
49 141
1 259
80 185
132 39
172 210
240 54
53 240
208 161
229 61
150 103
44 32
224 28
15 180
244 243
150 83
40 80
19 249
233 105
207 140
14 233
168 144
246 13
116 23
174 232
34 60
102 255
42 124
45 78
251 235
9 80
104 138
80 238
113 61
62 50
200 10
257 132
127 44
188 160
171 247
30 227
135 180
215 136
83 4
47 61
95 12
202 15
182 1
60 83
199 168
137 50
11 173
39 189
252 230
154 92
94 223
129 28
143 175
8 40
195 48
164 46
7 232
231 222
50 11
20 150
222 153
215 202
28 76
203 171
49 99
256 113
82 92
27 183
15 129
197 19
32 215
111 180
67 112
106 217
88 116
55 37
160 66
155 142
196 149
196 175
134 59
138 187
5 34
60 37
120 76
235 183
178 61
42 46
186 205
111 129
209 222
130 183
27 182
11 170
48 135
179 202
129 128
129 171
220 185
225 151
22 92
202 235
113 7
36 78
212 108
174 177
9 12
47 84
26 77
12 218
207 211
233 209
150 2
75 71
253 65
255 157
82 130
106 99
49 74
96 205
120 239
255 111
127 228
73 1
14 254
79 66
244 142
152 109
134 75
95 228
256 158
80 122
240 70
114 143
232 74
112 53
239 78
58 216
21 30
40 20
139 160
145 165
43 181
242 199
228 27
258 74
171 142
142 121
155 90
111 207
227 94
57 6
228 157
148 159
112 74
118 231
226 29
186 161
211 253
180 2
125 107
107 196
102 190
217 244
202 54
93 140
2 139
142 168
202 42
219 4
151 168
223 224
73 161
119 101
1 32
114 242
238 89
102 227
63 181
20 176
63 112
181 132
171 110
147 27
194 165
159 26
243 71
212 161
181 229
45 125
110 85
101 49
246 92
15 51
30 76
207 138
192 135
110 31
230 217
70 159
240 179
68 248
169 58
109 194
140 59
9 23
222 44
139 225
104 157
147 145
38 188
151 163
36 117
142 221
1 240
180 63
108 28
109 94
45 3
210 59
140 223
77 115
39 140
158 170
252 249
56 77
160 90
152 4
220 198
200 197
116 29
197 33
254 78
196 228
41 134
244 248
158 40
104 169
203 148
242 3
80 41
251 127
201 51
140 25
132 181
149 120
174 158
100 215
223 103
62 174
158 130
149 242
102 25
106 126
143 17
247 257
128 144
242 62
131 144
64 139
127 221
148 134
153 134
28 249
241 120
42 55
130 139
172 162
71 179
54 89
230 111
134 167
227 44
206 201
109 129
119 79
47 17
124 183
8 212
75 23
79 122
184 84
170 98
222 244
161 72
225 186
251 151
3 8
259 111
198 213
208 204
115 94
106 15
45 228
198 213
70 103
259 146
20 141
59 79
19 223
186 204
104 162
203 169
203 246
204 147
124 93
28 183
60 96
132 41
73 49
163 211
167 234
129 235
150 175
165 255
259 212
17 249
129 138
178 75
67 5
168 255
256 72
56 26
250 241
248 187
234 223
249 229
114 236
218 110
255 170
85 124
227 178
74 6
206 199
131 114
244 108
222 134
123 54
22 80
112 20
26 196
44 154
173 22
150 32
181 223
95 105
222 209
105 9
227 51
221 200
193 5
112 57
112 110
84 82
215 65
35 53
48 243
174 7
224 91
160 254
161 196
106 71
2 156
92 184
77 193
195 57
95 168
239 190
235 114
180 1
208 222
157 27
248 240
109 106
205 67
29 178
195 207
74 208
86 254
113 137
171 88
58 61
173 4
117 70
5 88
79 153
92 208
215 29
38 62
97 122
186 4
101 196
91 130
133 139
248 8
178 192
199 158
209 24
34 210
135 256
39 246
160 10
76 235
253 146
245 34
217 168
11 130
76 179
95 236
126 92
260 100
3 5
26 145
95 108
168 83
21 114
177 84
141 258
61 7
119 213
96 25
226 102
69 162
223 51
31 153
109 28
172 128
172 129
110 245
212 218
95 110
46 108
10 120
143 123
76 179
120 44
178 48
84 97
151 81
225 21
66 61
220 43
247 243
196 259
259 198
253 150
83 190
207 15
87 24
215 29
110 85
220 22
162 227
246 39
16 190
153 235
49 2
167 46
101 133
135 192
44 156
251 206
179 182
55 33
34 238
18 146
229 33
108 204
228 170
116 233
123 227
34 110
83 192
50 199
82 63
36 44
61 217
9 24
257 3
192 128
150 218
31 222
95 52
55 84
129 237
66 189
18 131
114 154
220 77
45 72
39 57
98 114
117 175
48 175
49 155
70 164
68 50
123 177
51 156
115 25
149 31
151 215
156 168
140 156
43 123
110 4
128 14
196 69
195 187
109 63
222 119
71 196
67 156
59 109
117 167
40 176
239 103
180 35
207 181
65 238
169 215
3 157
61 148
47 217
147 212
161 107
112 228
213 59
238 227
218 162
138 135
97 24
117 79
196 191
80 82
70 51
96 50
102 101
47 175
31 80
255 122
163 18
3 21
218 54
65 226
2 127
62 136
232 196
83 9
157 65
222 98
24 227
74 29
76 114
149 77
235 1
218 37
177 81
174 89
258 111
5 246
57 11
146 223
248 135
260 8
258 22
32 167
96 229
251 160
241 84
5 134
180 6
32 131
215 148
71 195
245 191
248 69
134 188
50 174
166 166
98 93
119 18
43 74
46 196
202 184
242 85
189 194
67 18
206 171
123 30
235 157
233 166
128 232
37 230
92 93
145 249
26 61
161 58
76 44
2 108
154 176
223 138
64 13
11 22
194 34
226 141
88 45
91 30
135 87
156 5
56 223
148 176
214 39
179 108
237 226
55 208
159 224
16 242
195 178
228 173
32 232
90 191
25 99
159 129
162 98
171 216
39 233
199 69
109 92
220 135
32 77
137 44
133 76
198 41
37 114
236 53
82 28
208 218
189 259
8 92
151 28
28 216
53 9
49 171
120 17
171 193
75 89
91 252
193 39
139 244
61 130
244 96
19 143
128 54
93 155
78 2
90 39
121 138
42 221
1 216
157 223
92 224
215 227
141 56
164 134
196 164
55 154
168 51
181 159
68 207
50 16
138 222
5 104
151 15
251 174
165 29
216 150
27 125
39 49
129 132
249 163
211 256
13 81
23 230
98 120
206 141
256 7
147 76
257 172
183 237
42 72
140 230
93 71
243 14
196 17
98 83
221 62
162 227
82 59
86 218
185 169
176 130
120 227
79 112
238 124
178 104
134 166
246 197
77 228
166 66
27 18
58 113
160 195
3 95
252 16
259 235
167 249
146 123
116 78
105 34
153 71
228 178
254 15
10 186
196 129
231 187
75 192
72 120
10 196
108 70
19 140
188 96
155 233
21 224
77 192
206 246
82 256
30 158
186 48
180 29
252 153
31 18
145 215
2 152
124 81
107 15
133 138
245 47
128 44
212 223
105 31
129 210
118 16
118 231
83 128
151 238
11 232
147 61
47 79
193 183
150 148
186 254
2 61
89 237
125 65
212 103
164 159
188 44
74 35
237 220
106 48
13 149
23 44
201 70
90 7
43 57
151 82
81 180
100 88
53 215
171 202
161 258
146 199
133 103
205 84
84 135
257 84
193 210
174 246
188 5
85 178
94 24
31 126
208 108
251 140
132 39
59 12
57 187
234 176
173 23
145 250
95 98
175 36
72 150
197 10
152 150
248 72
58 154
64 80
33 143
35 188
126 206
240 184
57 226
102 36
229 192
159 147
81 85
104 62
248 128
46 98
7 19
17 230
208 111
227 123
215 251
242 137
96 120
100 1
248 160
9 144
130 132
259 7
192 92
47 228
63 119
204 72
191 117
106 101
170 253
201 173
35 219
222 120
210 64
153 166
180 184
65 223
90 102
33 207
140 39
18 237
21 211
154 250
79 109
42 180
132 142
190 55
130 100
135 166
176 131
95 10
238 244
84 250
260 110
72 210
19 156
116 218
161 198
31 87
47 45
135 38
40 76
177 96
192 163
142 30
18 50
171 193
194 169
41 109
88 252
53 36
135 94
148 254
186 102
3 234
145 194
155 155
160 123
30 210
195 226
49 110
138 62
15 61
193 145
196 180
26 112
164 62
128 51
132 13
205 150
193 179
186 97
71 86
105 242
11 71
233 74
36 189
166 62
59 53
227 2
161 152
85 227
244 243
45 200
233 28
182 82
84 160
252 248
170 244
259 61
214 114
138 236
96 82
100 118
12 148
87 22
75 227
203 159
206 49
258 15
223 164
179 51
245 97
70 247
211 3
177 172
253 207
70 48
171 79
247 78
218 7
236 133
58 19
208 122
237 148
88 86
36 241
11 249
49 221
198 181
207 170
50 48
237 167
47 38
22 177
193 246
161 69
199 4
8 146
84 210
221 20
90 259
86 197
87 260
199 102
151 58
179 181
83 121
124 102
38 111
193 200
111 238
108 181
81 69
137 103
172 172
10 230
246 239
114 249
105 214
219 36
165 139
167 154
143 89
228 143
16 83
245 83
59 247
126 121
139 157
149 130
193 127
36 69
235 52
17 47
5 200
201 93
240 31
6 154
86 61
55 225
195 38
108 121
30 36
164 97
34 92
93 44
160 121
184 70
238 108
253 158
54 152
140 250
114 46
146 57
124 114
253 184
78 45
47 186
165 1
27 177
90 113
138 5
95 189
247 123
57 254
16 185
55 27
119 135
69 18
184 204
5 130
226 205
154 4
23 123
86 248
210 88
210 126
228 252
89 23
159 36
73 43
120 153
107 126
38 140
52 70
238 182
224 94
165 44
11 170
130 81
61 139
173 10
141 136
136 205
198 225
222 164
197 143
65 37
47 233
36 257
101 101
165 104
31 13
41 241
216 100
158 21
250 136
259 43
170 95
250 184
145 241
226 235
19 57
200 150
209 131
211 12
150 199
22 177
240 210
19 130
50 134
194 4
231 123
199 82
154 9
198 66
89 26
177 200
9 50
141 148
144 70
135 203
141 156
15 204
70 99
45 117
1 222
75 102
167 156
244 157
45 244
88 98
125 230
134 34
66 240
83 83
5 38
249 34
221 208
22 227
7 13
116 143
19 182
93 47
109 58
247 136
155 170
252 165
189 17
167 60
82 34
143 156
232 141
69 29
228 190
37 81
246 247
202 133
141 172
258 215
96 98
165 242
239 87
56 241
219 220
240 240
229 119
211 80
129 39
240 121
108 126
68 166
148 156
186 85
168 157
124 93
93 121
55 219
137 258
211 19
157 187
142 167
111 227
7 161
36 40
175 125
98 69
216 237
198 141
171 135
200 60
57 84
243 214
227 194
194 214
106 203
182 150
87 150
169 173
71 88
12 81
61 88
165 216
157 136
56 254
226 178
140 244
227 82
62 138
246 18
130 45
32 10
254 98
107 188
245 112
234 139
66 124
258 177
90 33
145 18
34 16
58 90
236 92
104 259
133 196
62 239
219 175
151 85
79 21
88 142
260 167
183 15
208 62
63 258
171 184
217 118
2 257
157 38
260 164
254 22
124 103
207 167
24 197
163 195
249 142
48 230
162 244
146 137
129 252
93 167
63 31
184 60
23 168
218 104
55 259
54 80
18 141
81 111
212 112
82 98
207 70
112 29
84 38
188 178
18 46
217 159
148 190
195 196
9 259
130 157
97 25
239 133
215 186
2 181
169 84
209 162
140 200
215 141
133 11
199 86
184 252
20 131
123 250
27 223
63 53
197 163
117 245
251 168
112 130
121 252
83 14
47 200
139 89
114 162
158 3
253 5
82 3
191 84
168 223
239 229
25 178
206 81
206 49
247 208
195 208
196 123
180 33
122 223
171 237
15 213
149 168
212 180
113 44
214 256
62 109
45 46
33 152
129 229
192 247
205 222
209 74
88 53
227 142
163 85
102 176
100 43
116 52
211 133
220 172
168 2
254 84
164 2
26 206
12 203
218 148
53 176
139 230
130 21
100 23
199 118
124 207
101 228
20 96
178 250
214 195
29 240
162 118
182 203
164 120
249 125
69 12
24 142
22 78
260 73
56 13
173 133
225 58
151 66
4 186
101 78
12 136
94 67
230 18
139 89
109 74
7 218
220 142
247 110
88 187
14 225
103 90
255 86
118 120
78 235
237 53
172 105
168 135
223 120
202 103
99 20
249 149
218 258
214 130
196 236
71 162
42 68
142 30
3 16
66 50
139 154
126 209
5 57
40 117
134 204
97 33
225 111
212 151
237 134
139 155
106 211
101 67
252 91
117 120
93 196
60 30
241 64
181 128
173 20
139 106
216 74
19 242
79 24
149 20
223 191
244 159
151 169
245 140
9 255
51 163
123 199
210 247
70 98
249 141
91 74
70 229
243 238
180 77
103 122
25 17
204 197
159 131
167 137
39 15
108 30
107 16
10 74
29 92
181 133
12 181
166 238
35 62
186 98
100 56
137 240
147 198
152 13
55 77
173 165
163 188
67 181
246 213
85 177
213 241
187 257
16 35
97 155
132 231
34 23
37 20
108 99
29 20
170 70
143 1
194 144
30 58
180 87
47 32
14 105
168 119
258 149
154 225
260 237
64 258
98 140
149 236
155 249
241 17
229 178
173 215
236 240
259 13
168 145
166 2
186 32
229 198
249 73
15 149
108 116
92 66
110 72
181 113
84 174
108 139
165 148
257 27
57 113
30 221
125 9
44 107
158 106
211 4
250 185
157 70
190 196
164 140
176 103
97 47
221 254
29 6
32 41
18 246
148 242
145 24
66 70
232 184
96 8
3 156
60 215
257 217
228 32
65 45
162 97
70 210
67 191
69 24
240 208
145 13
224 131
55 150
196 119
256 99
120 59
174 245
190 253
214 47
45 120
192 87
217 81
239 19
123 246
240 135
67 152
96 49
208 128
109 225
148 194
140 32
23 35
64 29
127 129
189 50
72 7
227 24
118 218
46 111
109 2
170 160
92 102
237 6
36 130
171 219
188 56
47 248
58 181
39 217
57 217
225 135
3 93
77 82
137 22
98 44
7 82
216 253
174 64
222 178
9 123
243 150
110 220
54 29
147 246
172 94
180 183
203 76
218 131
187 151
56 64
217 43
149 136
56 201
109 196
37 155
43 148
175 68
91 190
70 171
212 193
216 147
173 138
229 173
225 131
12 98
161 202
217 24
97 133
28 152
58 188
51 69
109 86
213 238
181 53
155 240
58 112
208 101
19 206
194 57
182 69
10 150
125 141
80 179
195 72
56 191
55 258
8 132
178 143
77 183
30 2
133 222
64 25
60 95
93 236
195 197
127 233
45 127
188 50
158 16
140 22
98 175
205 242
12 215
236 112
144 13
14 120
255 7
255 237
127 224
93 231
117 220
77 90
247 60
224 198
191 52
125 120
251 230
166 171
197 212
210 227
134 92
155 172
29 34
114 148
89 178
238 192
13 158
224 182
44 253
133 225
128 159
158 185
246 38
161 153
102 56
155 127
255 45
65 181
70 44
62 32
81 181
12 58
213 223
194 139
220 179
65 44
10 126
56 225
234 4
35 212
6 239
129 184
214 173
4 217
51 67
59 171
251 34
163 256
206 155
193 253
51 27
235 238
92 181
9 32
203 246
176 61
254 236
205 192
197 75
220 165
253 242
54 243
128 208
119 42
106 20
159 136
46 107
178 259
124 252
129 100
192 218
176 202
192 22
147 135
98 93
162 206
239 138
211 166
78 227
252 226
187 200
197 41
107 47
73 220
122 186
100 138
31 180
253 251
186 230
155 90
142 153
173 213
188 23
104 91
11 85
44 233
137 108
29 130
37 102
29 180
142 223
102 237
140 9
247 24
85 198
138 62
15 72
191 186
187 162
86 157
120 57
153 184
90 122
54 146
191 96
36 153
202 171
114 131
214 64
55 152
61 64
49 95
21 143
40 31
87 192
23 50
210 166
197 236
222 246
132 115
236 172
7 212
36 104
12 63
207 128
5 26
114 216
247 195
35 122
79 185
175 244
236 160
168 88
91 93
179 109
120 61
79 19
257 108
154 51
232 210
121 179
4 54
148 85
197 19
112 80
60 224
213 88
212 230
12 56
124 35
222 201
253 21
145 115
185 258
186 122
70 150
200 260
41 142
69 143
202 79
70 210
111 85
201 107
248 47
164 175
193 25
168 52
83 5
125 102
53 256
108 93
202 163
23 115
65 92
100 90
146 66
8 246
98 118
204 72
83 127
144 7
37 75
34 79
81 77
129 139
171 37
103 71
124 159
214 71
137 23
52 115
123 8
152 145
214 181
71 130
132 59
119 119
26 227
84 33
39 50
28 94
164 122
30 51
115 217
49 182
93 56
212 61
12 239
106 77
46 24
78 201
169 68
209 103
180 225
167 92
63 197
127 235
95 242
62 14
171 89
36 146
202 90
91 114
38 150
141 250
179 127
95 133
198 145
39 217
249 162
209 116
94 6
74 239
142 236
27 1
75 156
38 93
221 241
164 252
14 40
217 209
234 103
35 69
70 245
33 171
235 46
71 4
240 6
7 56
81 129
25 140
128 59
202 93
117 71
242 39
160 39
113 223
70 94
219 86
50 83
30 84
221 67
129 255
82 120
42 82
253 141
247 142
25 232
127 103
179 202
199 96
59 174
258 239
199 103
35 15
251 247
126 85
201 40
50 182
106 229
119 142
15 41
100 21
189 221
19 38
38 206
10 157
215 186
152 155
91 239
2 126
193 37
248 40
19 227
97 187
105 32
52 45
63 89
115 94
198 153
116 98
1 120
124 77
216 161
254 225
20 197
132 121
105 137
183 157
174 212
15 3
8 2
249 98
195 23
63 46
46 57
89 224
208 29
152 107
159 3
75 158
203 76
249 38
175 221
205 246
164 202
142 94
67 206
214 165
36 46
2 129
228 187
227 72
118 74
110 139
85 141
113 93
6 58
219 188
81 120
9 131
38 107
214 247
61 137
194 199
157 218
38 126
77 217
190 232
96 203
166 188
160 85
68 168
9 27
228 23
197 126
129 159
237 252
120 235
107 26
106 97
235 213
171 241
85 201
225 252
181 2
70 260
113 197
83 134
82 246
73 72
146 148
65 189
254 239
233 230
196 215
119 48
258 57
179 113
231 5
42 214
203 68
33 191
89 160
110 225
149 203
83 138
67 84
35 238
232 253
177 231
56 244
40 238
121 131
182 189
122 79
196 4
222 216
96 83
139 86
143 95
103 107
195 233
102 253
133 22
44 11
177 123
209 38
91 24
114 215
126 137
238 128
98 103
177 115
124 25
131 200
237 114
157 115
140 156
4 24
57 222
224 59
38 137
203 247
93 43
43 108
43 134
166 151
195 8
180 206
256 21
213 144
211 40
209 89
93 177
186 127
50 203
120 236
14 125
123 148
101 67
6 213
38 226
133 249
256 27
161 250
179 169
212 93
20 143
88 15
47 188
11 122
198 15
121 237
178 47
22 228
131 61
54 107
100 193
19 44
162 118
13 156
69 9
40 48
252 226
236 28
180 75
38 93
24 144
236 189
39 42
15 16
212 184
95 11
218 223
93 229
239 88
193 199
156 196
19 57
46 73
206 150
211 258
219 162
43 152
44 180
82 150
87 123
38 48
104 147
191 7
72 20
210 205
115 212
210 17
98 63
86 21
62 260
75 236
60 155
110 54
95 169
252 116
230 255
133 156
102 246
72 69
129 206
31 132
67 6
237 228
78 197
74 210
36 236
75 35
53 127
187 162
153 201
243 189
50 168
18 12
14 250
99 44
145 168
208 6
83 61
217 30
128 15
119 34
214 65
121 39
166 69
244 238
143 153
25 259
142 258
40 222
125 161
83 18
23 123
188 9
43 104
66 160
64 257
223 112
223 48
72 20
70 70
29 242
141 75
176 166
172 156
27 39
87 228
186 31
166 76
83 40
142 75
26 217
140 153
29 241
256 260
218 56
260 78
192 258
148 64
31 186
68 131
107 54
156 197
100 138
140 13
27 35
27 223
247 57
145 57
77 66
100 76
80 251
221 122
186 161
89 231
103 172
200 237
81 72
256 65
253 147
163 41
75 5
168 10
79 72
220 77
157 188
79 150
34 207
119 93
156 182
152 28
22 247
119 11
83 195
182 2
77 23
117 135
12 66
224 110
60 211
40 198
92 45
136 122
145 145
9 36
222 140
65 222
50 84
143 24
125 232
225 216
91 62
173 12
121 61
47 212
65 125
74 61
19 83
42 214
223 114
199 179
77 99
131 217
74 5
150 132
28 92
217 241
101 39
256 242
257 38
5 26
16 233
258 176
24 100
167 112
33 161
214 106
20 108
183 167
37 66
178 37
161 120
192 104
117 78
38 196
239 157
60 206
247 256
60 137
203 207
134 121
187 6
244 233
257 149
206 11
156 85
172 119
6 11
133 75
66 100
38 180
50 201
178 147
95 183
114 75
223 137
131 155
122 258
216 162
55 94
188 250
89 171
61 143
71 161
229 71
58 10
36 3
158 12
22 116
226 109
22 140
158 80
152 192
35 91
94 105
72 60
239 69
14 67
9 55
91 11
51 148
179 132
168 38
91 92
216 47
192 221
17 209
143 187
215 68
207 223
173 129
191 93
250 94
251 111
209 22
91 212
132 150
214 206
12 9
188 101
109 57
249 256
29 23
41 254
75 172
76 101
80 52
122 192
192 181
85 214
112 71
130 226
188 182
256 144
170 72
185 179
24 260
168 70
128 80
38 131
117 124
181 163
79 27
133 223
241 181
181 7
191 15
101 98
109 220
31 148
209 249
129 45
212 217
232 26
175 142
122 140
77 250
86 61
259 197
127 115
37 154
39 45
158 20
74 43
127 206
105 39
179 193
260 240
158 42
51 3
5 221
105 25
170 139
161 252
3 96
31 49
127 61
35 75
125 74
144 236
209 216
98 179
190 23
198 88
167 93
162 189
24 86
124 242
63 207
122 20
141 15
143 127
149 101
139 167
189 133
67 166
238 156
159 73
45 165
249 241
225 155
145 19
47 109
103 73
74 67
220 51
169 240
181 118
19 91
117 120
258 207
20 200
226 50
158 217
215 87
173 230
19 74
3 240
213 61
12 236
227 252
60 111
46 169
253 131
74 217
10 66
82 31
142 67
51 194
179 83
101 89
22 181
234 179
111 42
49 161
227 148
222 71
107 125
229 116
138 157
178 80
116 128
181 236
215 191
128 20
256 195
40 50
120 250
130 28
11 181
39 83
169 78
228 213
256 196
234 38
31 84
172 256
105 191
167 205
114 114
196 115
107 173
203 235
258 180
12 16
168 36
78 90
166 109
27 47
155 187
36 196
147 187
105 80
125 205
218 187
256 159
83 223
189 61
88 43
162 247
217 5
78 249
72 86
92 260
19 213
139 211
193 219
34 99
198 257
260 171
116 88
97 54
5 30
153 43
204 250
170 255
104 164
106 96
102 208
217 65
32 139
187 250
65 146
118 115
50 58
259 78
66 119
239 172
189 167
19 167
5 78
215 102
178 248
227 27
41 212
115 221
241 105
175 127
148 108
35 150
228 76
253 233
193 225
117 75
27 178
27 167
75 206
28 192
190 197
81 44
27 112
90 196
42 95
87 61
63 84
221 32
97 17
74 31
16 31
194 145
100 103
127 55
113 26
141 51
55 107
255 250
60 211
257 189
170 149
58 135
44 147
68 102
231 154
248 124
22 228
15 253
226 247
6 217
186 210
39 21
64 49
172 92
209 117
76 76
240 232
195 204
105 195
109 18
10 103
127 6
27 77
98 23
246 244
88 180
15 75
130 8
123 103
47 52
211 13
200 244
21 24
143 152
248 238
221 143
45 222
242 239
62 162
208 35
174 151
62 177
224 51
260 66
168 147
115 3
260 133
58 48
107 121
58 52
23 225
18 74
138 84
69 1
106 192
220 254
89 180
56 163
193 80
50 8
76 103
181 168
63 71
203 71
211 26
67 129
190 231
93 187
206 197
56 197
124 76
14 100
131 24
186 16
243 15
21 191
10 147
183 212
18 36
229 143
210 59
51 135
70 33
214 259
156 120
26 203
162 17
253 45
235 6
249 216
51 111
196 86
160 121
3 77
107 107
156 151
177 131
21 45
154 154
147 35
188 10
143 202
174 116
229 231
48 61
18 55
96 47
54 44
25 236
97 41
228 49
100 162
153 187
195 148
89 55
175 20
150 164
201 235
187 67
87 129
131 75
156 135
243 250
151 107
197 46
104 230
17 158
1 233
170 19
166 107
58 172
122 153
58 156
95 129
17 109
52 31
107 242
28 62
135 256
146 117
221 40
118 17
105 77
145 242
68 11
25 2
19 116
173 213
82 19
211 42
231 103
115 232
252 5
232 157
201 95
107 183
126 213
89 151
249 25
239 221
114 153
99 42
141 43
10 44
241 10
101 6
244 138
51 47
212 205
6 26
37 40
110 30
101 70
199 14
188 157
104 250
141 86
229 42
192 122
3 95
249 189
155 251
71 40
168 249
93 69
175 244
244 44
106 60
169 35
141 11
137 26
65 57
139 141
75 166
156 236
141 182
39 186
106 135
34 22
111 236
33 131
33 13
57 85
136 66
30 153
59 94
103 123
141 18
29 242
135 37
169 35
138 217
179 214
154 219
232 88
236 54
155 118
120 16
187 194
204 160
221 36
222 256
186 216
68 202
252 198
71 91
206 113
151 257
2 198
217 23
126 72
156 193
184 216
102 235
190 169
32 119
138 141
83 249
4 91
123 194
231 18
20 41
140 180
140 75
227 215
166 243
80 143
135 81
254 19
186 160
55 234
133 230
174 117
73 137
211 196
93 185
137 244
66 71
165 29
3 190
254 49
28 22
167 27
144 187
182 224
137 111
24 252
194 180
187 56
210 57
207 10
251 257
78 74
253 230
49 94
236 155
231 234
179 257
176 35
254 96
8 8
249 121
255 173
48 136
177 105
172 57
237 225
201 49
96 187
225 173
169 71
211 192
56 255
142 105
52 203
30 8
257 41
221 110
146 96
240 122
170 91
149 114
3 80
228 243
135 243
131 117
93 212
248 205
14 88
68 110
159 161
25 79
17 173
142 223
232 20
80 203
149 167
107 64
104 42
224 62
41 183
27 155
174 12
20 198
138 91
192 140
179 200
19 158
110 198
122 227
38 224
259 6
228 212
49 231
246 99
75 25
62 30
48 174
213 13
197 15
18 206
79 212
88 179
201 130
170 130
123 246
180 58
198 142
147 213
221 116
44 114
34 8
211 69
124 173
155 75
168 239
24 38
76 60
169 217
27 54
111 143
220 55
159 202
105 152
142 256
96 120
137 209
258 232
38 70
181 200
259 13
141 96
72 149
162 4
205 2
99 111
199 247
258 143
198 32
254 242
104 104
46 1
102 96
212 229
206 45
155 44
134 206
238 106
59 48
82 193
201 3
152 147
214 248
54 223
59 107
176 176
13 189
165 257
200 238
184 50
213 134
124 225
145 212
15 138
172 21
183 31
168 158
190 58
5 186
116 29
10 90
242 121
151 9
12 47
144 44
96 106
256 6
29 37
147 222
129 32
141 230
2 101
17 8
36 138
147 203
254 90
68 53
190 249
63 231
141 234
210 127
120 49
41 171
132 26
76 80
260 6
179 253
174 149
54 227
65 195
146 179
122 52
117 169
105 110
123 35
12 36
213 60
131 189
66 156
167 72
94 250
177 245
42 133
124 42
95 21
78 218
72 69
191 251
219 143
63 231
216 37
20 74
219 99
51 219
75 27
245 118
203 257
195 195
256 169
83 206
208 116
150 250
222 18
65 220
222 130
242 130
2 228
238 86
91 11
175 204
260 100
124 2
236 137
135 175
197 133
158 81
213 70
218 179
6 37
238 193
249 230
255 226
199 147
221 68
174 25
170 102
138 191
230 169
235 64
65 112
84 34
155 184
123 238
201 116
251 254
178 54
130 183
67 86
193 122
42 118
55 153
236 196
119 138
79 224
95 10
108 195
36 196
172 201
222 175
220 130
6 179
160 92
173 193
99 152
110 119
55 175
193 78
2 146
233 217
110 78
49 227
13 203
137 203
9 41
58 97
86 206
230 251
249 137
171 49
192 49
171 120
61 63
251 155
232 47
225 85
16 258
221 43
228 198
150 130
34 242
12 249
31 84
64 244
229 38
251 239
187 256
167 203
145 128
124 250
111 20
177 18
100 115
160 186
35 56
183 146
205 121
119 119
199 114
5 186
246 180
150 85
119 98
142 54
98 240
133 1
187 19
32 137
142 227
189 255
146 22
36 50
98 87
8 75
208 209
76 23
84 3
11 34
21 81
44 124
182 94
25 251
222 177
123 200
256 141
13 69
228 204
217 164
157 32
253 83
96 250
258 107
38 58
6 124
247 257
13 239
91 107
204 88
98 155
99 69
151 75
86 155
155 203
118 42
176 88
46 27
60 116
247 137
110 31
214 210
198 114
76 188
173 149
125 93
94 258
187 145
110 3
186 165
104 112
203 131
130 42
107 131
193 219
106 182
89 173
72 127
50 234
246 225
183 233
150 161
193 170
177 145
124 109
45 224
92 56
180 230
182 62
239 199
215 32
87 74
252 27
181 137
124 124
253 5
81 171
84 172
222 155
155 62
127 225
186 188
163 147
73 101
3 65
1 20
129 23
197 234
20 44
201 124
61 137
16 185
112 165
149 132
49 255
102 259
207 77
230 70
204 22
47 235
124 189
94 72
202 44
4 18
27 188
139 91
127 233
150 184
136 10
257 160
126 30
12 58
227 169
198 149
99 248
25 21
46 30
206 160
252 135
219 141
2 53
161 222
52 99
255 4
77 111
78 169
183 147
87 159
140 172
11 228
106 143
36 112
191 73
51 209
206 248
61 169
5 81
141 253
123 125
173 116
134 85
156 5
162 34
94 149
206 116
103 225
37 226
33 131
42 172
32 171
91 257
214 185
234 230
202 140
68 161
64 11
225 75
187 88
17 133
193 10
119 225
259 56
216 14
82 243
153 42
253 233
187 179
27 10
94 164
153 239
130 252
19 52
195 257
159 190
33 48
105 159
258 20
166 256
164 87
120 183
22 248
169 221
236 235
254 260
65 114
24 140
214 202
206 70
120 230
227 40
34 195
13 113
26 29
217 94
53 67
166 198
230 87
43 74
172 222
208 142
114 238
217 114
15 232
38 14
126 230
177 138
227 116
140 164
164 226
138 112
258 190
221 201
159 210
34 249
223 85
191 93
196 13
64 81
255 184
53 216
3 197
76 126
207 174
192 47
125 145
239 230
8 195
179 81
250 86
56 116
11 238
90 241
178 65
235 132
200 46
229 35
62 197
255 247
3 232
182 79
98 66
256 31
257 84
44 11
23 85
138 100
260 19
258 120
143 255
205 79
30 58
24 49
58 191
126 121
224 169
153 9
187 145
39 153
58 32
128 171
71 4
191 144
51 87
106 29
19 141
238 2
203 139
108 22
194 95
183 47
51 10
69 216
192 9
190 83
15 226
97 33
78 35
200 259
147 212
192 22
198 236
127 116
51 40
8 100
194 255
180 137
197 40
202 170
159 137
217 224
236 194
243 47
100 5
79 20
245 58
220 209
109 18
101 144
43 10
36 15
117 211
220 258
176 149
200 101
95 255
259 43
227 168
198 223
160 159
206 180
213 103
143 14
117 180
221 98
68 47
20 102
231 104
166 57
202 10
94 182
94 151
211 91
59 168
90 172
15 191
34 94
196 61
75 192
39 36
82 78
56 35
223 206
205 67
22 106
236 223
137 48
121 211
247 131
181 162
222 168
154 47
238 108
91 218
122 54
172 75
63 175
228 126
197 54
31 230
112 40
202 206
240 183
53 84
88 238
65 82
11 229
15 127
155 49
108 35
253 129
35 57
239 210
227 58
146 182
27 213
48 205
50 18
10 32
131 127
146 169
121 3
54 188
92 43
159 185
165 89
185 256
124 42
189 70
186 51
173 75
78 109
25 30
68 137
235 216
252 211
101 78
96 170
47 126
177 171
183 81
45 181
16 180
124 210
59 52
114 135
96 240
73 55
258 50
88 142
210 117
21 12
146 35
165 75
103 249
191 221
190 200
153 184
195 226
21 13
132 183
214 88
4 224
70 148
77 74
30 40
184 214
209 19
247 52
62 47
89 241
44 224
259 55
143 8
8 146
24 53
190 194
227 200
157 92
127 228
145 10
226 36
235 158
248 237
171 90
247 215
184 169
234 94
204 214
58 149
148 199
218 34
147 184
134 6
125 42
12 231
200 128
28 125
189 153
145 5
203 170
216 62
77 50
90 235
58 65
62 244
74 61
224 220
45 28
113 119
27 110
169 62
93 42
160 147
221 193
49 131
120 222
57 204
260 108
113 199
205 121
151 202
192 87
137 88
221 151
43 158
85 88
222 219
224 137
144 172
112 202
25 43
158 159
212 193
170 84
39 24
124 255
150 241
19 207
68 161
244 141
2 75
152 230
111 182
17 220
236 40
225 210
47 116
215 176
111 227
173 257
19 160
62 148
128 184
202 22
74 173
55 231
198 103
213 3
26 119
64 53
49 50
17 81
108 141
248 118
134 1
148 209
11 107
37 11
178 212
228 210
148 74
192 14
260 196
43 45
67 189
201 246
240 137
216 10
142 260
36 252
19 183
172 39
61 217
64 73
163 105
111 39
236 242
197 90
106 2
43 169
203 171
88 8
136 211
49 72
51 118
96 129
224 129
143 164
232 155
87 119
80 144
18 76
113 171
79 199
241 58
66 41
106 162
248 18
23 30
59 123
187 237
131 153
45 95
155 206
205 237
93 253
173 179
30 176
133 142
203 225
72 26
201 144
218 111
6 194
93 220
233 242
86 241
135 102
179 228
172 246
34 89
222 22
209 223
25 193
141 257
127 219
121 158
214 26
11 138
97 187
239 190
46 215
230 78
38 7
197 81
82 191
175 65
41 121
256 160
260 58
18 109
79 238
89 182
68 9
62 21
118 31
105 104
57 247
134 118
16 231
229 5
78 212
47 109
227 74
68 128
30 99
174 69
69 212
15 20
46 188
103 90
137 74
216 27
68 58
105 37
171 149
200 43
238 192
96 138
257 242
99 133
20 237
6 124
116 47
7 217
27 219
18 129
111 65
48 260
80 21
1 179
46 258
19 28
35 235
143 232
201 5
105 116
49 179
160 254
201 83
230 69
66 100
34 238
78 211
213 192
87 148
160 200
124 134
101 255
239 93
197 77
66 155
227 148
228 213
110 250
148 107
2 33
248 4
130 13
2 213
216 9
256 242
180 37
168 79
7 135
60 258
99 173
207 238
152 100
180 60
13 140
110 248
174 20
127 187
178 190
63 4
177 50
76 197
217 250
17 18
176 110
25 131
47 53
189 9
46 82
73 236
131 121
248 96
81 241
253 114
18 17
240 248
11 247
93 208
44 86
135 119
154 252
33 161
259 41
235 221
197 91
33 71
109 104
199 57
53 216
55 199
201 160
90 11
147 252
95 85
75 65
131 178
151 154
10 202
188 91
219 40
93 114
220 161
188 208
247 105
39 134
227 45
170 58
165 78
32 224
246 16
5 93
212 187
71 253
15 113
93 26
20 30
6 122
234 20
253 41
1 94
242 231
237 209
143 249
94 223
257 95
98 137
220 129
149 59
185 79
64 200
98 200
146 95
92 99
192 38
187 37
197 197
71 135
43 151
145 204
134 21
199 205
256 191
72 5
23 238
207 188
65 72
219 89
147 64
87 228
128 225
148 58
52 66
145 211
59 8
151 24
37 30
218 32
240 178
62 147
71 59
112 200
180 228
153 45
233 38
78 162
201 142
120 132
6 118
132 187
149 89
179 194
3 81
210 189
40 142
190 49
89 238
234 192
161 159
232 5
95 260
67 88
59 163
164 153
197 10
172 260
238 135
78 256
120 165
72 198
182 164
169 21
42 198
160 197
53 50
165 140
25 145
146 74
57 176
69 167
118 255
173 75
43 167
47 24
203 74
163 216
129 73
133 29
60 41
102 100
126 74
214 236
229 22
182 45
111 232
67 254
74 192
219 253
58 37
92 184
221 191
238 94
170 59
209 85
3 174
163 45
145 215
198 214
133 29
141 102
253 112
228 249
245 227
29 8
6 52
28 115
116 162
237 225
166 26
89 182
21 235
128 106
213 190
153 34
70 170
7 109
41 211
227 6
252 241
158 62
255 16
10 17
111 165
3 14
165 186
80 59
7 239
134 198
143 201
154 111
51 54
206 28
32 76
121 31
181 70
49 167
210 58
99 158
15 238
102 29
77 85
64 227
15 36
227 159
112 18
231 21
220 98
76 173
212 41
255 70
100 154
79 120
246 70
201 137
150 30
97 23
138 187
132 206
241 126
60 210
97 117
62 87
257 18
198 236
130 180
50 40
72 24
124 30
58 186
8 133
144 144
29 204
166 100
99 60
103 156
82 231
130 167
199 9
102 80
92 68
65 166
85 137
236 164
19 171
129 168
212 165
254 173
206 202
237 202
54 162
172 221
15 93
7 92
127 196
20 53
19 153
195 236
90 54
49 144
129 61
56 174
157 8
17 157
114 161
209 229
30 206
233 246
252 205
237 163
247 56
150 170
88 183
129 162
39 72
161 130
216 97
133 165
74 161
87 213
157 250
55 5
62 100
65 204
76 65
259 235
64 233
230 5
59 81
132 258
58 128
74 10
227 111
61 19
128 159
12 47
103 219
141 187
240 16
219 156
196 162
12 43
132 237
142 55
223 214
80 31
207 208
169 119
147 44
103 43
82 185
238 66
19 62
241 9
185 16
145 19
81 255
255 127
250 207
199 121
115 238
191 69
21 158
119 214
71 179
243 176
93 99
210 1
2 20
180 175
195 156
92 167
175 110
110 39
38 258
132 40
170 13
56 100
163 259
116 201
88 233
100 255
237 196
39 35
252 230
221 209
87 113
144 54
80 225
47 125
147 103
245 240
136 207
94 9
74 80
198 52
151 255
38 96
123 63
95 32
41 226
236 41
211 260
65 125
165 168
52 134
243 69
231 193
252 186
8 165
88 50
119 190
20 16
25 167
150 110
203 215
167 151
25 29
203 47
32 235
249 73
225 179
119 44
6 62
140 88
33 114
171 89
45 251
150 34
96 218
168 206
149 23
192 195
250 234
236 214
8 259
30 172
54 206
163 56
71 160
195 144
72 16
183 150
113 30
51 234
248 50
162 12
93 249
209 239
121 93
100 57
60 63
73 174
9 220
174 207
259 252
196 97
169 214
236 68
35 60
39 20
118 219
180 61
114 176
241 114
170 33
101 58
224 238
26 188
95 3
113 240
98 198
226 41
140 40
174 27
228 76
28 184
149 165
28 171
212 239
6 117
204 39
221 190
165 37
75 29
66 60
242 148
116 144
172 62
143 5
150 51
56 1
66 147
225 200
92 89
232 239
220 47
147 200
142 207
177 73
196 221
99 229
60 81
69 131
85 175
180 258
33 260
114 215
224 226
5 164
80 107
207 1
113 81
83 2
62 106
197 55
113 134
43 253
138 63
140 236
186 253
167 15
55 189
67 260
10 105
190 255
171 218
155 250
218 157
222 257
205 151
148 52
236 255
15 218
1 212
80 26
92 153
47 214
88 65
180 71
9 15
27 49
197 233
51 174
48 103
99 245
123 16
251 143
26 117
253 192
141 108
74 207
80 211
145 44
105 213
206 71
36 104
13 235
123 47
152 2
206 43
213 17
184 39
76 11
128 21
76 231
194 125
238 121
246 62
218 139
36 216
75 148
255 7
63 43
212 35
245 230
90 258
99 215
185 123
185 77
117 33
252 223
36 183
101 250
154 37
83 253
252 33
97 110
236 235
92 67
141 222
79 142
50 18
8 68
97 144
187 68
97 233
146 233
45 52
27 21
2 78
213 170
188 147
99 127
253 99
111 130
222 101
72 38
188 97
211 191
120 19
220 44
19 78
9 212
135 191
2 198
45 95
214 37
151 105
20 44
184 75
28 214
162 62
13 253
124 250
200 167
19 227
189 179
151 24
61 109
206 174
9 196
50 29
22 7
141 252
73 146
171 174
230 112
174 185
180 96
14 80
143 162
141 259
161 253
130 241
157 34
35 232
249 243
220 253
67 244
207 143
216 120
259 129
83 124
191 107
52 35
93 85
247 1
208 91
52 78
42 176
237 25
191 195
226 126
60 25
112 15
198 1
82 48
259 186
22 182
28 257
216 206
247 32
158 198
46 77
6 199
100 125
88 197
116 178
50 53
191 115
36 250
44 204
183 109
12 184
244 194
162 159
251 231
177 42
12 248
145 176
202 132
59 211
62 10
24 206
206 250
75 10
141 13
45 260
154 112
207 65
6 8
107 129
136 179
166 79
24 130
38 55
125 187
146 145
28 130
157 239
49 139
37 211
3 133
93 192
225 7
48 90
202 89
97 198
15 182
39 247
65 156
248 138
140 98
7 80
259 39
74 10
154 217
29 258
41 99
189 41
72 25
141 154
99 102
86 29
67 193
133 131
109 204
251 23
19 229
214 140
62 108
102 250
194 67
87 255
99 218
226 198
146 185
258 250
101 38
69 218
47 43
70 115
123 214
151 145
203 63
30 128
226 75
109 118
181 30
124 73
19 29
227 43
211 212
47 203
3 218
181 193
101 141
249 173
34 198
235 46
212 252
21 6
254 140
33 230
258 260
66 44
228 225
43 241
41 258
78 251
91 182
252 52
243 81
167 182
197 215
237 59
184 255
190 148
183 136
209 242
180 223
126 149
190 214
113 167
162 176
26 220
60 107
168 143
183 15
39 153
260 251
121 121
189 237
39 256
237 169
38 138
161 35
185 222
32 143
244 86
259 11
45 48
190 164
237 252
116 190
229 122
220 214
242 96
55 234
100 52
212 246
231 99
228 38
120 216
163 32
223 247
118 107
180 90
33 186
192 3
109 171
6 28
99 106
234 202
207 88
194 152
260 6
223 3
174 254
162 176
80 29
168 236
99 202
115 9
57 250
167 240
188 10
255 32
126 12
163 76
161 184
64 253
77 69
62 148
182 241
45 127
208 104
142 34
199 106
181 15
211 161
254 80
75 142
244 213
169 24
98 106
140 234
59 163
198 254
256 57
95 247
193 151
183 143
88 13
180 234
6 219
183 145
243 242
157 34
137 98
119 259
161 140
27 132
246 133
221 208
1 110
68 115
171 218
94 158
49 181
58 202
59 56
17 64
118 26
55 194
4 52
124 161
65 166
149 148
46 192
174 36
88 93
242 131
234 128
126 207
11 135
90 50
246 220
13 92
227 221
114 19
50 156
26 216
15 27
134 89
99 84
121 233
141 205
72 146
107 41
83 120
239 90
205 130
26 41
33 169
115 148
97 197
136 247
174 131
231 81
128 188
231 105
166 102
123 60
244 98
241 63
161 5
148 211
60 81
175 236
168 217
117 50
106 177
113 3
230 161
110 147
7 7
200 258
56 73
3 46
165 199
33 102
157 30
244 187
174 217
147 224
125 146
67 120
39 80
110 231
80 246
136 96
142 22
190 15
132 214
24 154
255 39
164 119
164 252
239 134
88 120
209 85
171 155
48 113
122 124
46 46
173 186
127 206
55 109
140 97
79 65
215 102
2 28
208 150
211 104
52 145
168 19
180 180
192 191
159 89
199 201
186 26
144 161
46 145
178 5
114 105
20 32
2 138
110 80
28 260
33 230
108 14
148 51
145 17
5 15
198 185
19 212
25 112
187 113
5 109
189 205
203 125
210 99
188 18
198 206
20 230
53 248
18 147
240 104
157 178
81 122
245 214
69 253
190 167
162 54
223 25
234 203
130 228
125 98
134 144
38 57
79 238
76 59
78 147
147 203
193 129
170 255
31 179
155 170
59 68
80 103
226 55
257 247
55 166
193 228
182 158
58 16
223 86
238 255
216 107
148 24
28 139
190 73
62 237
53 161
18 196
113 29
21 54
56 88
223 5
146 146
221 121
86 141
240 245
183 109
45 36
45 165
56 31
118 36
136 162
31 70
65 167
240 33
121 79
42 43
135 5
183 187
72 9
23 86
200 17
126 251
36 70
116 20
180 149
232 173
34 204
101 203
179 218
207 240
56 129
151 73
169 201
98 174
72 51
135 192
251 79
121 98
144 228
96 2
69 178
224 260
83 118
193 77
146 227
248 92
87 258
257 122
156 218
161 74
48 235
232 248
7 35
136 27
89 58
160 71
214 231
242 141
27 116
122 171
166 239
236 114
260 195
80 140
187 177
23 169
20 58
26 102
245 95
209 198
259 92
259 238
158 32
29 71
168 135
127 123
83 258
181 8
39 131
256 25
173 7
10 244
52 196
87 165
5 167
225 148
24 243
231 46
152 184
5 138
214 121
64 192
184 26
57 210
3 67
98 9
64 257
218 83
75 13
193 116
100 77
193 165
184 125
22 230
54 258
177 71
143 117
170 167
119 102
69 198
172 233
50 68
143 177
52 122
34 81
241 237
79 61
16 247
247 97
185 218
130 173
184 159
56 103
120 86
25 49
198 150
178 116
141 78
82 81
144 250
14 66
106 136
42 202
104 186
59 68
81 173
32 61
142 161
135 227
149 251
123 176
215 17
21 124
215 244
38 160
77 89
253 175
187 28
48 107
246 37
160 228
222 233
128 143
5 151
42 124
48 143
9 27
213 118
77 159
47 193
260 249
64 46
104 174
36 239
161 77
48 103
104 188
220 72
89 255
168 142
77 115
176 132
241 173
214 4
215 208
236 133
70 121
42 223
15 9
83 117
197 170
157 140
118 34
26 62
244 90
176 68
158 150
55 145
257 103
126 39
102 100
161 54
6 12
75 67
59 196
101 242
177 213
61 208
220 30
102 106
85 88
142 85
92 31
75 163
105 55
171 75
41 209
129 243
244 142
22 143
171 139
49 186
139 115
249 40
89 248
84 69
257 228
166 57
3 118
99 120
182 141
23 136
60 73
245 27
53 118
76 189
254 82
114 204
172 142
166 164
222 169
251 203
101 154
142 53
200 143
146 22
194 157
231 252
185 54
162 115
207 223
9 37
242 226
207 200
193 168
205 209
144 5
248 92
205 218
182 250
151 95
1 78
66 48
226 260
233 213
61 199
240 178
36 228
78 118
94 113
188 92
250 190
105 29
118 189
51 69
4 193
246 135
108 170
161 60
230 31
17 104
49 80
165 129
141 148
85 107
79 152
49 40
134 259
192 158
54 185
90 173
226 45
186 216
48 211
4 151
159 174
237 185
116 109
177 204
63 245
20 142
25 97
210 81
75 199
13 97
245 162
205 177
81 259
183 253
99 105
1 58
78 114
29 65
181 246
7 184
162 139
141 140
226 244
142 214
174 81
151 247
86 225
114 108
225 38
258 220
124 134
18 87
69 120
163 86
212 131
83 253
37 29
235 58
21 257
92 157
139 130
53 201
252 61
255 250
77 10
162 198
186 162
141 122
179 204
231 256
62 134
106 127
172 242
192 65
57 225
120 33
62 92
163 54
66 109
54 158
199 250
155 249
65 11
35 147
139 236
195 260
184 56
166 131
83 151
156 225
102 230
79 216
225 113
115 174
256 131
215 258
190 186
103 146
41 96
159 116
166 156
65 37
59 167
84 32
167 86
56 81
219 164
66 138
10 38
242 203
141 259
203 182
12 105
118 121
115 199
200 207
156 213
214 206
165 88
132 26
26 188
21 174
206 170
175 23
71 191
7 228
228 40
114 256
47 241
124 219
24 158
94 125
177 89
157 244
38 71
162 172
71 181
135 113
252 103
239 43
153 116
189 242
236 139
96 29
111 70
244 133
165 153
17 216
26 66
136 251
97 186
206 13
212 91
243 255
25 168
230 176
207 63
167 10
128 96
179 226
217 28
238 259
243 213
2 228
54 157
74 30
233 44
189 127
202 143
234 148
15 133
101 139
224 53
204 220
140 33
42 53
197 167
250 129
170 231
208 126
260 20
168 223
28 115
154 231
118 227
22 32
52 234
69 17
14 248
166 14
223 255
126 91
13 125
122 91
237 172
45 97
33 239
128 218
244 246
98 231
164 32
62 184
216 224
62 9
16 4
33 11
25 204
4 244
219 248
223 113
2 24
187 163
216 131
7 30
25 200
123 34
195 99
153 137
19 176
252 236
76 19
4 43
76 4
19 68
207 13
11 94
16 98
169 129
34 238
133 171
20 141
153 71
254 37
170 244
178 211
33 156
86 214
25 226
165 237
222 237
212 32
46 22
36 226
194 133
92 60
146 144
42 213
159 247
124 19
230 141
246 89
42 123
56 68
6 47
3 236
107 208
131 17
210 78
236 233
260 137
38 206
42 56
72 22
166 27
252 19
127 163
72 254
79 244
57 195
143 189
229 191
133 130
40 78
166 69
125 76
88 66
258 58
155 189
225 220
201 155
256 235
93 62
89 98
76 235
209 244
65 205
83 206
215 72
46 4
193 32
104 213
196 237
58 93
74 154
22 121
43 208
171 85
195 68
125 219
34 219
55 247
191 99
123 224
231 140
165 252
87 227
166 13
54 234
70 246
100 32
198 254
221 145
139 36
104 30
71 221
30 245
165 171
120 44
8 163
218 135
122 116
36 224
118 183
61 133
238 182
41 72
177 126
182 71
256 204
11 121
71 133
120 90
14 234
123 33
64 181
240 12
80 246
42 110
246 173
172 112
139 230
257 134
126 148
194 125
79 224
116 235
11 220
260 119
163 80
98 235
3 182
207 75
5 136
228 197
259 109
97 43
152 226
219 115
132 192
111 54
210 191
96 126
138 69
163 258
215 124
19 248
112 122
56 29
158 120
58 121
252 183
93 238
125 79
55 19
258 79
41 182
203 98
152 84
239 84
122 204
122 138
240 156
171 209
48 40
213 254
3 98
145 123
244 74
77 1
22 141
58 103
94 68
125 57
229 168
258 157
123 37
4 106
211 7
4 23
132 23
84 7
62 96
9 131
256 215
250 35
194 235
17 81
86 18
25 198
96 248
156 128
115 88
155 5
229 42
121 169
116 80
87 252
17 58
71 88
134 183
4 58
217 186
77 63
135 229
244 201
149 216
45 234
206 135
66 222
173 186
199 101
87 121
239 131
245 168
192 72
186 11
54 240
242 233
86 240
100 98
129 138
128 141
237 173
204 229
184 242
208 247
95 123
131 225
80 241
212 34
233 111
116 10
144 107
256 182
243 67
259 186
56 108
225 152
130 15
41 245
108 49
181 48
110 233
238 131
9 206
65 155
222 163
255 3
16 198
152 108
120 129
177 154
119 244
56 40
199 69
193 247
80 165
43 157
168 164
96 252
83 10
29 78
137 93
166 176
39 175
135 129
194 56
124 112
78 244
183 5
210 101
18 47
25 162
171 160
73 98
1 31
174 202
122 140
10 219
31 213
52 233
202 139
208 82
34 255
78 219
156 92
73 237
85 106
86 136
89 184
48 151
71 10
23 116
223 66
47 43
51 41
173 212
55 114
74 168
253 132
122 151
175 259
194 60
10 36
208 216
182 99
44 75
246 200
113 250
103 59
214 48
35 95
102 28
95 215
200 143
148 151
19 51
246 108
247 68
159 186
165 23
98 56
175 186
148 128
92 129
67 119
103 48
75 164
91 223
102 143
112 47
83 55
72 122
200 101
256 121
203 108
79 116
99 78
140 258
183 29
252 250
86 37
53 181
46 71
117 56
148 49
46 98
237 202
141 40
56 231
165 204
48 12
44 258
111 94
132 245
104 64
76 260
169 181
187 112
46 158
137 259
27 49
123 136
213 95
238 7
78 244
146 137
159 180
110 5
88 60
28 38
43 235
246 103
127 85
117 174
83 179
20 90
7 72
49 12
225 116
93 101
160 96
179 4
43 53
252 178
133 48
158 18
257 108
126 175
122 116
239 21
219 38
134 116
148 80
174 163
223 195
188 132
139 47
44 25
111 244
74 78
91 72
256 211
204 4
150 144
151 191
9 84
240 179
190 176
253 33
143 80
71 236
64 129
240 238
198 55
251 11
240 155
246 9
150 229
131 130
203 113
24 102
159 17
93 182
8 246
201 13
199 160
96 53
74 52
118 51
86 192
240 60
193 217
101 112
195 217
153 234
138 166
121 210
55 257
256 62
249 172
11 229
233 72
164 251
210 124
177 120
205 86
91 229
226 161
146 217
148 229
230 126
238 218
88 33
1 232
149 204
59 186
186 259
48 64
143 21
251 152
195 148
239 1
13 186
196 99
227 48
214 208
192 243
221 119
208 123
35 129
208 239
113 166
168 122
153 254
143 195
161 253
198 66
18 214
184 162
7 168
227 119
165 120
56 58
151 245
100 158
103 180
225 56
118 214
142 192
41 110
211 41
136 133
5 257
240 238
193 46
157 62
220 241
250 70
67 107
117 233
99 190
218 238
109 203
243 63
260 37
60 247
220 66
48 100
224 51
139 193
162 14
232 192
208 204
152 141
69 102
259 16
245 132
163 181
103 102
104 52
209 189
159 100
131 138
259 166
259 118
29 234
191 102
134 106
185 165
179 210
76 36
254 127
87 176
240 224
229 251
246 175
147 221
76 150
14 250
126 240
108 212
18 185
133 183
38 174
24 119
223 77
73 167
4 89
134 119
63 112
251 226
251 32
160 41
258 192
256 35
143 48
137 74
219 178
45 98
230 206
83 58
63 175
113 104
93 67
181 208
118 124
192 19
234 52
52 216
20 155
70 106
249 177
179 2
205 14
176 162
84 8
145 12
231 231
23 169
169 186
187 143
77 225
167 71
16 162
45 142
148 25
145 20
128 64
165 89
170 86
137 211
165 57
176 255
160 175
227 59
78 36
197 129
126 182
114 90
101 22
30 253
144 150
245 217
66 48
45 8
141 137
221 30
216 29
221 56
72 171
122 53
119 259
244 83
80 11
246 30
37 26
190 26
64 130
205 40
232 82
62 181
69 49
240 11
95 35
239 159
64 129
253 252
202 16
87 136
143 189
141 155
146 166
43 244
113 153
174 104
137 72
129 194
159 83
111 32
220 71
248 25
27 182
215 133
216 91
64 100
172 61
95 94
98 81
114 60
30 153
12 250
109 228
246 43
163 8
137 195
165 41
148 206
55 215
75 20
41 31
233 140
107 216
253 33
223 23
36 35
180 147
149 189
182 96
128 79
12 92
105 245
169 176
85 101
194 17
39 137
57 175
32 99
120 103
141 245
144 54
6 152
31 210
23 165
92 185
164 110
161 260
191 248
252 24
19 238
87 49
87 118
176 138
33 89
101 191
114 48
136 144
36 231
51 217
154 10
100 233
98 51
164 83
167 213
104 195
61 185
211 102
231 256
174 187
96 95
55 211
240 238
81 105
156 179
252 8
188 172
228 15
260 168
104 80
88 241
221 160
136 79
163 47
41 99
160 44
254 236
171 158
77 155
152 72
221 111
25 129
107 61
245 227
197 93
88 140
246 9
104 216
222 184
131 107
71 119
38 243
129 143
137 243
35 40
33 19
229 177
96 160
130 182
181 167
201 201
89 177
88 83
150 156
54 209
225 42
246 91
186 50
256 107
92 19
96 142
47 17
133 62
208 253
179 149
195 189
59 186
32 89
218 31
192 189
33 217
205 14
215 63
52 169
199 242
106 128
46 214
225 163
96 20
121 153
100 194
131 196
132 211
46 11
171 122
220 213
60 178
156 232
4 161
114 86
192 166
256 230
205 178
228 208
131 141
43 21
217 117
45 32
151 199
110 244
194 95
98 155
97 163
213 184
79 127
36 216
93 223
192 127
234 56
142 80
213 256
137 67
223 23
221 60
178 16
204 244
20 195
172 147
7 109
127 167
177 3
251 175
106 195
3 153
19 151
181 51
24 74
243 166
94 15
151 125
223 198
23 179
228 51
5 193
112 206
114 64
150 7
112 192
194 226
113 104
85 68
182 23
105 202
46 69
62 79
177 52
56 124
256 78
165 252
150 90
253 157
103 163
58 124
135 195
220 56
190 249
75 184
144 107
211 245
88 135
161 209
247 130
192 203
43 5
153 223
26 216
220 160
62 27
33 50
243 89
117 244
87 29
96 17
7 23
74 15
17 130
211 232
35 72
75 52
28 113
234 64
74 237
197 16
220 5
139 47
186 206
32 70
78 103
97 120
8 150
88 195
53 193
223 248
172 53
62 115
165 116
98 159
251 240
116 30
97 119
77 141
67 133
13 125
245 211
8 100
11 258
251 242
257 15
3 119
177 167
3 160
51 7
159 102
104 13
181 21
90 148
259 71
66 83
104 136
171 116
216 241
77 51
186 88
207 241
160 109
112 54
256 200
211 175
52 92
230 39
54 54
32 20
78 58
194 182
246 232
8 82
215 175
107 178
236 11
178 241
211 180
103 243
108 95
260 203
173 119
44 43
123 85
188 120
27 145
76 174
189 18
33 65
3 249
124 166
153 29
203 208
58 252
9 39
148 142
158 250
48 195
55 247
80 166
227 185
134 228
141 32
52 87
188 13
171 35
69 61
133 37
164 126
62 232
93 44
162 184
196 208
93 237
167 148
193 146
134 186
162 215
1 156
168 145
214 165
71 111
15 237
166 12
137 249
177 201
16 221
41 147
108 31
16 191
102 26
180 215
152 236
118 124
153 255
35 167
32 149
38 183
216 152
107 88
37 93
99 70
62 139
124 232
130 252
217 77
180 164
159 82
43 93
107 2
188 186
82 243
229 72
243 115
94 139
137 84
104 142
8 138
13 3
220 149
193 221
21 48
146 124
123 155
149 100
43 30
14 76
4 25
199 18
102 78
72 18
124 243
137 96
16 53
17 52
236 53
237 21
243 24
195 175
229 115
80 216
131 145
10 38
121 219
235 194
246 3
103 36
257 34
38 16
116 72
74 133
100 37
218 176
156 96
124 94
152 137
22 41
3 150
72 90
183 83
68 164
178 44
146 181
220 45
258 136
48 72
70 15
162 88
127 153
174 172
71 33
142 118
226 135
148 26
124 122
8 182
139 174
213 102
175 168
185 94
119 120
72 85
137 217
72 137
71 249
202 58
62 80
232 183
218 161
173 73
98 167
150 240
138 189
67 154
3 8
118 172
88 8
89 99
129 90
140 207
168 99
20 12
4 127
125 45
32 46
136 150
165 99
225 160
59 13
166 38
16 210
244 256
90 196
181 65
157 74
249 102
234 226
63 228
208 82
83 237
151 193
202 43
181 241
14 206
32 35
182 63
87 201
75 68
151 203
176 187
18 54
97 111
46 216
92 128
157 20
193 185
93 50
71 97
148 177
19 238
163 174
149 81
193 204
193 94
166 126
127 204
252 180
84 218
51 102
230 101
196 99
170 113
186 122
16 107
5 48
49 251
123 43
221 41
126 147
249 95
211 203
162 183
15 205
50 17
181 249
84 72
122 106
258 118
133 198
144 50
64 44
94 132
121 71
181 238
247 255
233 178
57 20
237 5
54 135
118 204
157 139
252 9
112 213
69 121
229 43
125 231
20 15
45 223
19 8
129 172
211 137
230 55
117 258
132 172
243 205
217 105
46 140
246 258
157 190
166 38
98 228
50 19
142 81
144 3
7 212
13 205
154 113
214 240
153 122
85 110
118 53
241 147
173 37
202 16
158 122
241 249
143 150
34 154
124 79
250 184
120 79
118 21
9 110
75 56
198 163
145 257
92 233
197 216
73 104
234 116
137 171
70 111
116 144
99 201
85 192
26 128
224 173
74 71
251 241
209 150
244 210
179 3
19 109
183 250
71 129
30 189
142 158
160 35
137 105
247 174
79 86
12 128
149 72
46 4
70 135
114 217
103 155
199 105
142 83
233 163
148 48
5 19
148 81
185 173
63 158
184 10
238 147
211 59
202 111
106 35
167 125
140 116
17 56
105 10
143 101
71 141
116 121
56 68
133 213
138 158
77 159
195 193
69 113
102 154
12 193
84 160
234 223
68 205
81 249
30 250
122 255
209 224
189 40
213 94
222 118
207 11
95 195
177 61
92 194
86 131
98 28
109 140
115 191
84 112
222 125
13 14
11 201
167 118
176 111
240 9
172 81
202 220
58 127
41 182
124 10
29 113
84 215
47 257
149 90
101 146
233 72
16 250
100 215
171 247
231 228
181 71
155 129
204 133
20 145
141 104
64 50
230 60
9 199
15 203
182 119
174 125
200 13
225 78
63 1
260 147
249 173
142 146
138 240
152 174
72 179
27 243
77 209
195 255
36 96
9 226
36 69
106 232
218 64
150 51
240 168
190 237
46 164
165 108
56 111
9 247
234 143
24 3
75 129
18 155
31 253
173 148
223 229
255 171
115 49
191 24
234 254
73 58
210 7
152 214
94 143
181 195
209 41
215 4
75 203
12 221
181 20
153 88
180 51
68 4
173 182
219 148
95 195
146 147
152 182
118 152
178 193
59 129
52 258
233 201
1 232
122 6
84 120
16 248
38 4
165 243
94 183
69 244
3 141
27 40
251 224
3 39
184 245
244 172
22 128
236 52
52 77
204 179
247 104
131 69
7 248
145 28
15 26
100 101
159 193
36 58
176 97
83 114
96 34
196 117
151 230
49 41
8 237
120 206
238 163
213 91
216 170
202 134
174 94
151 257
156 149
184 79
50 55
79 242
241 219
222 73
13 102
14 165
231 237
208 18
203 175
154 177
75 72
151 63
44 221
31 162
51 249
245 111
208 58
79 7
117 216
75 81
171 16
192 260
256 185
136 139
104 8
228 200
25 78
23 137
175 94
89 238
221 1
235 225
178 197
219 215
172 142
106 213
73 10
8 220
16 243
184 36
248 74
46 19
144 12
257 161
115 111
156 49
147 92
119 17
26 71
38 254
58 145
12 156
31 25
115 90
10 130
99 207
217 5
134 183
127 70
239 187
139 168
54 199
248 57
135 211
108 29
4 141
81 107
126 226
27 205
155 75
214 18
227 37
82 118
148 257
165 157
244 236
82 227
228 65
159 142
86 36
4 244
95 144
57 30
222 162
71 178
255 49
74 222
243 227
100 204
157 164
145 128
164 161
195 178
32 177
7 199
176 134
81 67
147 117
55 163
177 230
134 30
70 57
106 227
146 170
231 139
167 151
2 215
134 126
165 56
180 93
240 228
73 245
57 169
24 98
67 73
178 113
115 128
200 240
43 13
5 4
214 45
39 225
134 106
193 228
142 131
141 203
208 43
108 136
240 106
127 53
134 84
106 25
245 256
136 121
143 229
78 91
121 53
144 48
205 205
62 190
143 51
91 51
186 145
143 11
181 240
161 215
137 212
258 84
255 228
193 34
13 156
28 195
42 250
148 189
255 91
222 94
211 100
42 193
236 39
260 197
63 92
121 251
113 108
170 193
32 20
72 179
114 202
189 130
70 200
57 121
236 78
145 171
22 82
255 173
96 248
27 190
30 151
63 1
98 79
23 242
195 208
196 163
164 151
89 190
248 190
44 50
69 67
258 18
104 163
248 249
238 231
156 181
236 31
109 26
210 241
202 174
204 140
218 116
255 142
80 238
9 174
70 222
14 99
35 155
219 232
138 169
23 136
77 76
209 137
114 174
60 223
174 96
86 108
79 115
183 10
130 205
86 174
109 217
146 201
105 53
223 30
167 19
32 49
200 1
226 182
167 227
4 105
71 235
75 203
177 42
13 230
56 41
98 53
110 23
258 213
193 53
196 227
175 233
61 95
209 215
20 189
236 250
150 74
58 234
106 65
240 186
220 244
169 24
120 177
36 26
245 199
140 147
233 165
235 231
67 97
99 109
22 250
182 131
133 206
160 144
235 86
71 130
34 258
89 108
214 166
223 135
129 164
137 52
163 101
36 228
211 123
254 30
173 178
146 229
190 134
168 20
227 142
205 161
159 204
25 97
154 79
260 87
55 75
65 147
190 99
135 141
27 260
124 215
53 252
141 28
235 9
229 97
155 128
185 155
133 124
255 47
152 36
223 167
88 49
86 248
164 110
18 216
217 136
237 165
150 19
231 105
169 118
186 78
132 128
32 234
175 25
207 201
157 30
225 191
165 113
50 83
53 141
7 34
87 188
31 53
103 145
45 234
138 49
145 260
21 5
98 154
95 151
64 109
6 103
163 86
11 73
158 85
18 32
51 113
219 78
73 81
39 71
90 232
79 16
66 209
93 183
56 179
5 258
112 158
128 246
121 59
193 121
71 197
175 139
135 220
205 142
200 164
200 55
83 130
170 230
204 112
255 256
207 98
33 115
42 144
213 25
45 125
96 116
207 32
86 159
225 233
136 104
122 260
196 149
15 32
181 146
243 171
235 45
229 43
29 255
104 61
158 87
96 211
151 51
156 16
183 244
228 129
4 80
140 122
146 200
52 231
74 48
98 240
122 11
198 50
22 203
205 151
94 170
122 196
158 111
124 187
105 260
8 40
46 57
146 239
83 247
27 235
204 13
36 229
9 174
83 12
119 31
17 82
260 106
72 249
212 45
69 223
26 180
23 23
5 11
136 174
171 248
89 146
215 36
181 82
101 120
65 121
183 111
242 256
229 103
214 29
110 249
14 257
243 157
200 205
38 213
177 238
170 171
115 16
152 100
145 50
48 151
90 58
258 16
179 166
235 223
123 193
21 205
254 134
162 103
118 135
208 251
13 145
178 125
232 99
114 35
161 254
179 110
199 92
19 90
75 46
232 135
133 225
121 253
115 21
25 106
169 121
123 117
34 163
115 96
232 237
66 157
2 250
66 197
36 160
166 56
96 197
241 11
20 210
82 213
208 83
58 66
72 145
134 5
160 147
176 143
136 241
2 129
200 165
117 252
71 144
174 35
238 181
62 156
29 142
196 231
105 254
256 132
81 181
13 170
201 196
46 151
228 174
200 185
161 206
125 121
252 131
16 85
211 244
91 168
110 150
61 181
62 159
17 15
15 251
75 128
126 18
157 16
61 175
256 94
94 255
184 220
14 249
168 191
2 138
178 173
11 180
220 158
135 36
39 25
109 68
114 160
12 42
18 117
179 36
114 259
160 162
33 252
36 52
21 115
185 209
219 12
258 169
52 110
121 96
64 122
211 134
209 69
34 59
225 148
109 96
108 197
61 127
252 190
177 136
39 96
188 25
136 95
93 160
149 254
213 137
215 111
33 13
100 171
5 84
171 215
254 159
202 200
109 213
18 195
84 172
120 98
1 59
39 32
198 147
175 73
49 133
203 126
46 223
182 168
113 150
22 214
107 161
88 116
26 27
79 237
115 257
112 143
211 218
172 102
120 152
152 145
110 221
256 105
248 129
125 211
158 178
228 57
35 208
2 207
52 234
37 96
122 40
86 100
120 260
75 47
90 90
80 8
14 231
161 92
256 157
227 124
26 211
79 136
185 80
135 175
221 110
88 119
213 230
218 167
82 189
221 66
126 28
157 79
35 49
176 68
17 159
245 79
100 79
76 51
9 143
252 140
72 256
12 178
250 155
251 259
201 3
37 122
30 179
223 203
44 79
28 197
181 70
208 196
113 140
154 64
218 243
191 55
214 43
248 92
182 235
54 199
243 243
223 192
226 228
30 187
40 189
112 23
162 157
215 149
83 180
257 50
121 147
117 24
74 66
87 225
34 64
192 141
69 119
171 126
65 237
252 42
71 188
36 46
246 64
194 18
171 183
186 16
70 41
180 155
99 245
59 167
86 114
113 106
146 248
133 49
11 21
143 59
81 114
45 191
142 82
2 198
146 90
68 5
30 48
166 211
33 33
135 198
87 226
225 46
192 7
160 13
239 81
19 197
39 137
209 76
23 174
9 68
23 194
96 229
166 190
40 125
19 252
96 69
68 58
118 130
173 193
164 202
243 183
72 205
97 152
62 50
216 38
249 223
248 246
45 97
156 171
183 210
100 177
36 229
205 258
201 183
89 78
59 100
50 124
119 91
6 198
252 214
134 92
34 69
38 193
31 43
243 260
160 101
91 208
46 52
29 259
48 8
259 239
67 10
102 146
100 215
105 86
221 246
190 41
112 258
34 253
55 216
56 90
31 52
63 7
36 243
104 218
204 84
84 200
111 109
57 239
205 67
4 163
109 22
52 60
179 219
148 102
185 222
250 251
109 143
167 78
251 87
95 2
144 132
245 47
16 178
111 136
133 231
22 104
38 157
238 187
60 117
104 205
101 211
205 21
7 260
258 150
30 109
50 251
198 98
200 29
33 66
176 1
245 19
81 217
77 194
215 64
41 9
61 81
66 170
197 213
209 52
157 92
20 88
237 66
154 238
123 9
44 1
196 86
210 95
225 121
7 37
215 138
40 30
35 240
5 42
230 239
24 46
100 173
19 123
45 109
37 198
240 193
60 134
42 244
193 255
190 52
200 141
222 6
190 149
199 127
18 94
148 216
183 38
138 173
12 200
101 153
84 32
218 15
249 6
127 11
62 226
163 20
115 87
38 38
47 114
232 53
162 130
78 212
214 254
164 129
48 15
64 203
167 3
235 148
260 81
187 22
189 144
208 78
214 154
217 149
148 27
168 217
207 55
147 163
132 231
73 105
81 21
91 203
174 100
157 179
101 192
206 153
199 32
256 197
134 168
37 201
244 44
44 126
169 191
75 218
160 8
129 155
112 79
69 71
171 249
202 129
167 125
169 237
116 173
176 180
92 251
1 163
133 206
84 257
75 194
169 179
76 233
106 68
31 256
101 181
152 176
14 109
117 130
201 92
35 193
78 230
197 64
65 115
154 138
165 137
183 107
6 20
50 186
64 72
200 172
249 259
81 159
89 112
209 47
111 203
8 10
240 236
19 107
200 216
234 216
128 139
27 157
230 17
25 141
38 163
101 32
207 161
123 114
87 194
65 40
122 43
169 112
32 152
10 63
234 139
131 78
68 96
57 59
238 86
212 213
166 1
226 164
229 196
15 83
181 126
108 19
84 92
242 91
76 96
118 113
29 116
39 6
103 26
241 183
184 201
164 198
63 192
165 20
57 223
82 109
134 13
117 230
181 177
184 213
3 202
159 173
218 152
240 5
250 13
49 119
242 50
235 126
241 209
78 10
121 167
59 167
8 185
125 145
2 43
131 27
200 21
17 20
236 111
130 148
141 184
122 124
84 44
96 179
187 75
229 97
80 213
238 13
6 101
239 181
168 207
94 167
146 18
3 130
195 104
218 74
256 99
55 73
141 113
111 241
223 235
98 242
58 112
121 250
32 44
170 59
227 24
170 167
125 115
256 100
27 13
74 175
184 215
74 95
102 30
144 244
105 250
134 162
1 194
143 39
135 81
36 156
95 133
195 139
200 53
50 45
189 44
93 254
222 182
211 203
51 73
71 181
170 239
179 165
20 48
114 36
258 129
24 79
84 125
3 58
88 145
60 81
222 163
111 8
138 155
25 164
186 165
248 104
46 56
48 78
59 70
233 55
158 213
214 248
21 190
89 83
150 259
210 174
168 240
231 110
182 57
74 230
6 207
101 105
243 252
41 197
47 183
18 198
152 151
107 239
102 29
43 245
62 17
213 53
218 171
121 5
16 107
114 109
163 177
239 4
118 207
31 120
225 246
59 156
92 183
16 62
44 153
91 222
178 205
191 219
116 52
152 146
77 196
191 126
29 103
157 193
187 136
179 90
122 10
48 185
97 143
154 167
46 18
259 239
56 49
28 103
231 116
80 205
24 11
244 246
240 108
134 98
171 85
93 237
25 196
224 56
225 15
56 63
74 142
146 235
13 143
219 147
35 20
229 171
154 198
100 65
59 51
183 120
191 172
74 242
194 59
216 185
183 153
209 71
205 253
73 142
130 193
5 18
167 211
83 111
52 4
111 31
130 20
235 185
178 135
202 63
143 18
166 7
170 56
10 153
33 37
193 72
148 201
231 228
179 51
63 232
143 135
238 76
124 91
207 64
231 182
196 104
31 87
200 249
104 256
65 30
56 77
17 147
3 12
226 74
25 75
181 148
23 26
181 246
23 115
103 249
89 9
188 20
232 156
114 230
227 45
87 144
72 92
94 178
187 152
207 27
163 105
9 29
77 207
229 91
237 181
258 43
209 255
86 222
65 171
237 212
164 49
227 148
95 113
82 19
8 234
192 8
129 232
236 68
183 117
256 229
225 238
54 117
89 153
69 78
182 257
159 252
20 51
178 225
43 240
118 27
230 89
161 256
210 114
199 70
25 160
47 132
244 140
143 101
189 68
235 192
98 26
168 36
132 85
82 174
190 222
86 205
173 229
108 15
6 128
225 68
181 211
209 149
256 169
185 164
189 96
257 183
88 224
146 171
4 254
124 58
230 124
214 180
70 97
70 18
206 240
17 217
54 184
107 254
189 31
39 234
104 8
199 7
33 228
165 96
192 172
76 41
135 26
173 245
54 103
139 217
193 207
209 121
24 186
50 6
14 87
115 196
153 221
221 98
218 205
103 49
156 36
236 190
30 246
165 99
93 83
33 82
259 54
202 182
190 210
229 196
111 10
173 254
237 93
89 24
49 186
80 100
244 180
135 216
141 61
5 237
142 174
20 164
146 55
118 205
185 60
142 205
37 141
146 60
163 123
204 236
33 1
90 139
96 42
131 19
154 93
91 210
215 81
76 45
206 123
112 127
131 189
171 241
97 203
138 42
156 186
80 213
200 83
35 142
99 119
39 70
12 51
7 61
77 52
239 172
181 46
83 190
260 123
66 245
255 14
112 63
243 49
176 78
228 143
49 79
182 192
35 94
5 29
177 219
21 17
78 102
26 170
71 221
138 163
123 124
41 194
57 134
31 204
211 89
193 133
174 202
129 245
128 242
201 44
169 202
19 7
48 160
115 98
207 74
238 105
16 82
184 39
38 203
51 209
45 112
181 124
83 160
216 225
179 195
37 174
191 145
158 174
28 66
257 45
177 99
209 124
226 143
108 94
127 14
209 232
105 203
172 134
234 7
247 218
230 254
45 216
129 246
133 226
81 81
168 172
167 127
8 120
84 91
177 194
231 41
97 57
77 176
50 106
240 177
18 118
259 48
62 134
77 77
9 69
57 163
108 156
193 181
213 194
190 148
5 7
102 8
36 214
106 194
43 197
250 225
129 166
242 248
53 252
92 3
252 38
142 85
44 165
83 49
222 170
38 192
98 82
130 38
104 142
221 40
45 212
143 76
253 187
38 149
140 239
220 70
219 246
244 114
252 7
63 37
1 10
15 74
168 242
248 168
72 107
243 256
210 107
246 230
173 30
77 217
67 51
116 98
33 210
111 143
10 114
109 89
230 32
61 202
129 21
70 48
219 3
58 155
127 114
209 142
216 31
87 222
236 38
76 162
192 87
70 114
50 66
166 2
239 259
46 37
20 11
168 129
69 27
191 52
37 28
84 69
42 71
210 236
80 196
8 169
166 63
78 153
153 59
173 96
182 133
56 86
126 176
37 88
137 112
240 62
116 192
199 17
70 83
3 93
118 45
106 204
124 72
35 193
190 232
97 188
82 246
254 187
142 12
71 131
59 32
205 53
23 68
10 63
254 83
22 171
6 48
238 124
75 161
157 134
32 117
65 99
110 19
18 150
244 125
91 213
221 253
178 38
141 3
8 105
34 110
132 161
5 210
179 60
126 80
194 185
238 200
253 79
76 221
14 120
127 127
149 152
151 69
168 200
223 154
75 162
65 218
35 57
166 112
135 58
242 257
84 144
123 39
180 121
211 220
97 5
29 96
157 76
223 45
138 216
17 253
147 177
108 87
35 6
233 210
101 169
15 198
204 47
59 152
56 28
102 36
129 128
138 57
112 183
205 218
38 5
235 15
94 24
174 137
91 195
95 229
254 211
225 2
35 67
6 208
112 152
231 45
41 94
194 36
90 121
230 113
221 65
102 109
36 68
82 160
249 40
74 207
49 241
253 177
231 182
213 147
8 138
48 154
33 143
223 195
231 205
203 93
152 254
152 194
145 194
66 82
131 149
82 181
64 260
86 196
142 166
114 143
193 114
223 85
208 106
256 90
48 188
39 37
29 40
140 116
238 1
145 24
3 192
110 252
69 134
227 12
249 229
129 158
259 230
35 220
191 153
154 148
210 142
189 25
163 242
96 257
135 219
59 180
73 82
64 176
6 11
66 28
72 181
200 165
97 77
254 210
44 248
208 85
60 179
68 72
98 95
26 206
4 66
172 211
170 232
156 148
35 88
186 62
99 187
208 193
15 40
98 16
151 230
260 151
93 77
185 78
93 171
99 217
66 163
177 20
88 219
187 15
174 142
179 229
45 64
195 63
115 249
170 220
245 48
179 10
8 4
251 69
33 96
15 235
216 7
82 231
177 70
206 49
200 227
85 149
162 73
40 127
255 247
200 71
102 45
85 223
155 179
7 81
54 152
128 46
75 240
65 14
255 37
127 170
198 201
92 204
163 168
225 147
203 249
212 246
235 181
1 243
200 164
8 138
228 134
93 164
26 103
31 189
70 24
214 88
256 77
85 38
257 106
52 28
184 22
103 174
255 46
233 119
111 39
13 224
241 69
78 135
31 4
103 165
69 255
44 12
244 142
237 237
177 12
199 131
147 213
191 64
207 224
30 89
11 172
110 155
109 33
231 183
76 72
97 168
91 236
182 157
104 68
237 44
189 45
188 256
183 45
8 104
60 1
210 35
95 210
161 94
99 256
255 103
138 48
72 209
62 166
91 92
105 11
235 106
85 200
76 126
100 259
151 110
248 142
121 177
211 16
61 199
27 156
158 203
164 14
77 75
244 164
68 37
56 122
166 160
23 181
108 205
36 86
161 258
237 91
126 143
126 201
114 182
250 148
140 137
75 59
56 123
40 159
112 11
143 215
166 58
211 27
244 196
180 120
216 188
130 84
249 178
18 135
198 23
149 60
234 163
84 138
76 70
135 248
65 28
82 91
216 257
52 152
159 97
108 27
159 229
28 250
232 161
39 94
116 78
120 238
46 206
123 101
200 219
13 212
135 111
120 97
99 38
124 51
222 227
40 191
239 91
85 165
231 260
38 148
3 39
209 249
3 71
126 105
161 237
210 42
192 170
24 192
16 156
212 158
107 161
224 1
175 133
220 107
152 70
12 37
252 47
221 14
6 56
37 229
132 147
172 215
98 245
212 161
236 102
113 116
35 143
45 7
187 136
132 69
133 154
153 184
183 56
36 211
166 143
12 145
8 123
22 181
89 109
6 168
30 89
163 114
204 193
103 171
89 146
195 94
47 161
49 249
232 102
212 173
38 175
175 140
60 253
162 90
10 227
198 163
128 123
139 215
260 51
61 101
67 143
151 105
234 63
64 171
168 95
176 176
140 148
4 61
99 42
206 37
164 110
191 174
194 185
78 179
230 201
168 132
229 127
22 86
150 144
162 127
105 227
141 176
152 47
69 25
258 45
39 183
74 209
67 77
173 36
51 231
222 195
91 206
187 187
206 124
44 95
5 81
124 100
156 191
234 11
63 89
207 161
17 138
33 130
15 4
122 104
60 93
199 53
33 220
12 256
202 162
225 212
203 92
242 50
74 145
124 245
235 19
175 126
106 67
260 242
8 96
231 209
93 71
64 220
39 257
8 254
65 79
143 129
220 149
200 61
255 252
17 60
151 164
77 216
258 116
64 48
71 43
17 172
254 13
57 220
48 228
117 224
11 22
252 151
26 239
235 172
230 247
183 140
163 118
235 104
160 213
82 119
132 212
72 167
132 219
146 16
237 254
100 141
75 39
11 32
79 143
22 68
184 241
104 54
134 91
164 208
232 65
181 124
96 115
156 226
179 24
103 251
43 61
183 165
75 198
141 72
211 204
178 66
63 239
117 230
214 182
137 42
185 44
133 237
218 169
7 235
145 11
29 140
196 77
190 165
178 136
106 101
71 99
57 239
201 135
218 240
118 58
12 103
65 165
197 29
206 111
232 239
155 11
189 153
74 183
42 102
30 241
35 14
49 26
123 158
84 55
252 146
248 111
117 31
19 254
128 241
126 60
52 61
37 231
90 226
10 97
229 192
258 258
229 17
65 247
3 52
249 119
138 180
117 122
188 117
116 58
219 176
213 111
195 258
163 42
190 23
81 196
71 133
230 45
11 106
157 112
239 217
230 171
203 155
201 113
228 100
116 76
236 131
20 113
254 117
138 233
153 213
46 79
161 44
213 242
90 114
4 137
217 24
146 106
34 136
164 169
180 67
189 206
199 127
257 11
136 20
12 225
103 148
252 129
222 181
198 240
18 133
58 3
234 176
226 68
20 146
64 257
126 201
6 141
43 135
200 211
208 72
184 28
164 201
223 30
132 90
74 55
141 224
142 249
178 166
150 177
195 221
23 228
159 143
135 13
50 42
50 229
32 191
159 225
10 132
58 160
90 204
127 149
231 249
78 193
162 84
148 50
192 92
62 30
4 152
202 28
66 79
183 85
185 143
241 191
146 177
93 251
95 108
233 157
109 100
203 248
236 200
144 234
192 184
235 255
257 18
153 212
60 134
155 2
256 144
14 11
240 129
200 90
192 34
48 5
22 112
55 12
11 233
181 9
240 176
183 230
189 177
216 117
174 212
65 73
124 222
211 157
105 51
209 28
62 28
111 242
124 154
64 201
103 64
35 106
228 251
121 57
42 143
79 241
10 149
250 236
11 252
169 146
237 97
134 219
142 34
184 106
126 30
47 182
67 181
133 19
189 98
132 245
33 222
23 127
169 91
197 197
195 79
52 31
99 246
227 225
46 72
216 211
153 125
147 114
147 239
127 190
53 12
177 158
58 17
256 127
181 62
105 35
215 225
44 146
103 144
152 171
144 10
190 225
221 69
146 170
123 250
154 23
241 113
109 24
220 216
207 154
28 59
170 83
248 28
197 10
2 32
145 139
18 151
179 199
185 91
86 19
34 162
134 36
177 34
63 58
103 169
242 166
244 3
231 101
202 102
157 244
57 96
158 21
79 117
101 138
122 206
243 59
228 55
106 144
113 239
223 20
133 206
245 106
182 48
222 118
32 251
115 164
159 116
242 58
75 183
158 136
64 226
253 258
20 51
30 182
231 28
200 135
200 250
87 10
143 88
142 231
119 4
43 144
226 50
84 20
189 237
150 128
32 76
15 90
101 238
87 75
119 65
157 169
226 8
57 157
113 159
67 220
84 208
178 196
126 158
257 15
117 25
48 200
144 197
175 198
180 186
203 57
52 234
81 6
216 12
88 208
151 229
161 1
83 12
256 68
229 185
123 238
62 71
97 152
205 124
137 173
111 55
175 197
11 55
81 86
143 105
61 73
31 135
259 89
86 97
136 87
224 39
150 137
46 101
8 128
150 226
89 12
88 217
65 64
146 53
166 229
123 138
170 121
211 156
236 176
235 254
57 102
250 248
71 257
115 183
235 116
147 246
179 145
43 172
105 60
123 81
81 212
112 185
105 32
14 103
200 107
154 139
38 151
112 10
258 254
13 162
110 20
131 221
232 156
176 252
81 136
11 210
254 65
236 132
32 124
32 42
232 83
125 123
8 97
119 89
238 96
75 125
205 178
121 79
20 141
87 250
43 162
185 124
30 73
39 154
188 82
148 14
153 125
255 240
91 74
153 134
132 131
152 204
201 190
64 94
24 149
115 218
79 145
127 227
67 230
57 153
100 7
60 175
183 6
25 4
65 73
123 66
48 109
151 239
186 173
86 157
154 189
93 244
75 2
33 87
86 260
64 256
230 54
199 67
203 109
49 155
104 78
233 27
252 83
246 181
22 64
154 254
85 251
153 25
200 244
135 18
230 152
60 243
90 129
24 121
175 145
131 74
229 144
26 153
5 209
84 11
24 136
14 205
67 167
103 196
31 44
18 10
20 100
31 127
209 115
127 103
243 87
228 245
137 251
75 256
194 137
101 237
85 17
225 185
157 133
226 22
14 225
34 67
181 44
249 41
95 253
62 75
74 35
118 193
142 224
215 162
153 167
200 98
126 156
182 183
215 142
118 139
194 188
194 115
211 174
152 76
69 59
119 25
21 223
115 124
205 190
100 238
119 118
185 25
212 155
51 100
92 249
235 180
198 58
50 233
223 86
