280
2352
264 119
263 230
255 162
209 183
8 148
69 265
75 206
134 156
270 175
143 53
186 247
24 83
236 115
200 269
171 277
200 65
279 71
167 43
149 12
251 280
188 44
25 114
10 41
162 60
128 39
232 234
11 221
96 195
221 203
103 12
201 199
132 39
64 23
69 239
215 140
80 219
88 109
258 133
11 8
100 48
54 203
226 156
104 127
112 109
48 169
40 84
196 217
96 169
167 133
279 39
233 265
49 161
64 255
59 171
72 91
227 262
16 118
190 123
24 193
177 280
36 212
244 29
195 176
144 110
162 31
95 149
78 155
219 145
246 212
172 115
20 277
213 208
203 151
88 245
10 277
178 264
153 139
126 137
105 164
260 273
15 91
109 190
148 278
100 159
146 141
171 116
202 69
188 8
258 70
186 143
126 210
146 96
211 78
17 16
247 99
271 255
47 217
215 214
86 99
22 177
182 199
267 164
155 148
72 240
80 11
258 114
221 139
211 240
161 28
126 195
42 130
266 60
191 165
273 107
269 59
228 210
65 265
250 91
175 222
133 10
86 242
27 214
254 123
223 195
108 166
10 22
192 131
28 209
217 187
50 139
59 70
243 110
186 275
276 124
118 44
187 128
49 169
161 154
192 103
3 130
180 101
74 198
122 214
251 97
110 92
49 78
173 33
229 183
232 272
71 56
30 111
163 47
169 72
250 229
208 34
130 259
27 108
229 67
255 244
161 198
106 165
49 35
221 114
205 119
242 139
272 120
27 26
130 278
215 59
87 196
220 133
227 175
56 145
170 45
205 267
235 44
21 78
151 13
19 58
149 127
216 23
176 159
242 230
107 239
75 112
40 280
280 222
115 187
205 258
186 117
266 212
243 257
217 68
62 36
14 43
178 18
202 235
37 271
261 31
161 7
184 131
136 54
253 139
26 87
94 54
137 34
107 171
91 74
276 241
248 233
84 124
100 178
74 119
244 203
129 129
84 40
256 125
245 238
170 66
76 270
62 43
246 229
102 227
41 197
146 221
256 138
115 187
80 79
218 56
278 1
104 132
74 78
54 38
262 191
98 22
156 109
102 176
57 36
84 36
140 17
273 119
45 93
200 38
233 33
14 111
93 118
39 21
213 267
21 231
202 16
256 243
232 161
194 75
77 34
96 235
243 61
99 201
22 16
3 141
1 247
99 8
242 155
11 17
133 219
229 175
173 270
88 33
259 224
213 220
61 174
202 98
238 111
266 88
138 71
159 237
151 132
199 255
201 197
205 228
141 146
14 243
89 70
267 11
140 202
36 26
147 64
106 112
177 234
273 246
12 95
197 188
266 197
93 238
258 9
219 132
194 113
3 3
170 122
31 232
274 269
75 101
135 224
6 145
215 151
229 99
280 147
171 236
175 176
24 137
142 116
275 6
222 69
198 198
80 78
212 200
210 108
34 24
93 58
167 189
180 56
138 143
50 274
154 36
6 120
240 81
91 66
165 200
93 253
78 14
265 194
203 146
259 50
226 150
77 156
40 19
188 75
256 42
265 276
234 10
22 252
186 244
184 236
271 12
200 200
229 101
167 242
247 115
38 92
101 3
62 100
230 55
200 176
244 277
99 167
259 56
26 74
164 233
95 120
60 218
57 145
50 159
80 4
144 73
218 137
121 95
179 134
62 119
43 94
68 110
257 50
248 190
256 258
255 18
20 221
190 76
206 130
21 248
37 164
225 231
169 225
146 231
10 85
228 194
48 125
103 52
149 148
258 146
122 17
104 200
280 277
73 267
148 151
12 264
270 226
192 172
31 264
225 179
65 152
57 115
44 50
198 243
243 34
183 189
23 144
244 59
123 103
252 159
17 217
277 230
191 5
263 18
108 41
12 240
21 277
45 12
193 129
278 201
65 33
179 156
142 194
140 109
216 182
235 128
67 35
266 208
118 93
101 222
187 149
190 277
10 231
37 122
198 86
164 108
15 8
148 168
208 150
41 171
132 266
129 254
253 280
108 194
192 20
52 31
261 125
119 201
29 214
88 137
247 188
123 160
209 57
244 250
246 147
145 96
126 80
183 268
140 266
215 48
207 77
232 68
178 207
188 17
168 29
217 230
62 248
141 112
90 169
34 32
127 188
256 30
242 102
118 220
129 17
161 201
119 105
55 69
59 220
165 200
183 189
138 112
232 194
260 235
108 141
200 11
220 141
231 154
237 61
48 76
195 153
16 149
12 175
27 132
84 84
243 11
240 277
141 39
280 131
276 267
80 3
110 241
274 8
40 181
78 146
49 143
45 3
242 140
30 32
2 50
235 175
214 270
147 183
157 224
146 88
170 249
191 103
159 202
250 262
219 23
31 160
36 6
265 38
16 235
83 142
202 274
198 110
31 200
160 113
241 12
275 114
174 277
46 45
188 244
198 215
54 213
218 79
181 200
229 265
273 156
157 172
127 257
125 278
71 102
198 173
258 260
109 239
210 160
84 279
272 212
199 119
108 31
11 227
185 188
229 133
213 124
140 152
25 26
34 73
198 164
112 175
71 151
205 140
79 88
182 85
244 104
151 155
176 63
208 101
15 161
212 250
238 202
15 22
107 122
32 8
171 198
247 54
172 60
20 256
131 214
64 57
174 60
116 148
210 125
29 268
131 97
144 90
65 76
56 190
240 43
241 258
245 223
101 58
201 112
210 199
22 269
2 266
149 13
129 42
156 30
132 57
114 255
54 115
137 231
147 69
24 13
24 174
106 19
237 214
232 5
246 148
226 202
124 210
50 88
186 213
141 140
72 229
264 201
140 251
192 152
153 169
218 266
156 273
223 186
200 187
260 75
101 92
138 65
249 273
247 108
227 115
158 196
183 88
53 160
47 274
38 178
22 113
90 254
51 278
199 54
216 122
127 20
16 96
27 99
92 147
174 157
160 20
97 265
95 23
134 175
83 159
79 89
255 177
143 16
203 53
151 156
94 208
190 108
248 252
237 254
192 28
126 263
118 27
132 168
65 88
276 130
68 135
78 116
130 88
63 60
119 187
61 261
148 250
216 264
162 234
60 264
107 196
18 114
161 130
102 223
60 187
154 44
153 179
41 4
196 163
110 136
271 95
200 22
259 126
37 230
68 195
207 162
10 21
146 140
10 246
252 17
13 33
196 271
235 152
61 186
19 126
143 193
11 29
108 177
49 94
9 176
239 89
186 3
86 223
140 17
28 144
16 74
67 178
10 49
187 180
28 205
176 172
83 166
178 213
78 126
201 231
44 135
200 267
75 126
125 7
252 100
122 137
86 45
89 213
204 265
53 210
235 173
95 269
239 67
25 106
55 187
103 246
100 240
237 113
194 99
249 203
90 261
208 262
32 64
128 277
180 231
184 121
134 13
104 240
274 109
38 64
20 63
13 222
117 127
2 36
40 23
152 100
113 172
2 195
8 166
110 212
250 13
80 78
235 251
136 147
105 229
104 267
220 214
167 134
79 204
194 215
15 193
26 77
279 93
179 197
40 141
13 113
140 257
157 201
28 252
250 191
29 44
222 110
111 204
42 18
83 271
248 134
37 197
39 145
148 156
200 280
198 185
245 275
278 232
62 172
163 70
218 183
48 167
33 113
99 260
4 221
158 58
149 197
249 46
252 216
5 191
76 6
27 189
244 163
198 65
56 227
154 33
44 277
236 279
96 183
255 176
7 260
256 79
197 146
145 192
197 221
208 161
148 131
106 234
217 118
137 83
270 88
107 92
252 200
91 39
209 230
58 82
172 182
226 211
213 274
243 210
63 86
105 92
164 226
276 40
161 122
5 66
50 109
263 103
139 2
170 59
216 145
60 238
127 195
161 260
183 57
8 126
182 230
80 70
193 154
165 81
248 219
90 139
73 218
135 53
277 188
160 188
104 130
20 135
88 9
195 274
190 48
106 139
139 62
207 240
140 255
91 156
104 221
237 72
204 18
265 29
255 82
260 50
216 94
38 10
189 162
276 86
16 263
141 228
85 113
89 107
15 161
40 159
241 238
101 59
62 225
278 173
230 18
166 83
98 207
65 105
83 228
201 140
159 13
269 184
115 224
176 11
149 245
3 196
259 53
242 254
148 37
42 261
272 229
45 237
153 84
234 49
138 128
170 114
135 197
189 55
123 178
234 243
104 244
33 19
24 96
129 77
64 279
24 244
21 46
78 278
33 38
218 234
207 185
121 29
4 136
274 62
170 85
59 195
250 110
121 57
114 255
87 216
148 130
7 153
127 171
31 276
229 156
226 92
79 68
35 60
180 257
104 79
54 261
155 107
64 192
218 104
270 23
113 266
28 270
273 254
176 102
256 180
54 108
86 37
120 240
169 11
239 150
224 208
117 64
171 6
212 213
73 57
186 214
79 264
171 76
146 222
263 249
160 41
24 52
40 133
262 205
16 19
255 129
208 113
90 170
254 136
57 169
208 14
146 138
133 219
143 86
59 269
72 35
73 160
183 48
219 94
162 275
121 126
280 241
110 184
252 280
130 38
56 154
53 54
156 132
89 262
96 71
223 109
265 171
110 269
227 47
236 142
79 64
7 276
234 104
21 243
277 109
131 123
131 99
21 214
166 183
34 187
124 187
244 221
243 115
152 116
75 196
256 149
214 227
85 39
22 223
236 211
274 153
235 263
246 221
123 70
90 46
164 154
264 61
145 135
176 223
5 5
129 212
277 236
70 87
227 61
280 4
58 84
216 277
68 90
25 173
152 207
195 255
13 203
24 144
180 269
63 199
184 83
249 111
15 132
242 7
196 93
163 238
95 97
129 167
24 124
264 121
78 166
280 71
148 53
258 250
245 81
15 96
266 161
34 66
74 30
3 94
272 112
8 23
51 30
166 183
57 8
54 136
47 214
251 6
96 150
5 145
132 181
63 102
63 141
209 182
94 12
218 137
126 54
3 88
91 145
147 245
127 257
16 224
217 229
118 214
136 274
231 107
55 242
240 85
156 270
237 266
153 74
137 15
50 140
130 167
57 255
147 31
135 111
203 204
247 139
248 64
247 270
259 44
252 208
164 260
271 92
116 217
180 109
153 260
264 231
150 52
48 133
277 81
272 231
15 271
92 272
255 61
178 96
34 12
244 51
140 184
193 53
154 99
132 261
4 52
180 126
123 185
190 19
214 193
7 208
186 202
27 42
222 47
158 11
56 26
43 83
189 84
54 102
259 149
30 190
150 62
143 194
73 116
251 196
112 172
60 203
270 133
270 131
164 16
229 221
10 234
136 211
116 225
47 257
118 179
19 13
28 94
212 136
143 257
233 192
159 213
31 207
75 222
133 133
198 223
211 74
214 252
94 71
274 138
201 177
70 21
90 224
92 207
119 67
211 192
4 137
275 221
57 158
36 101
229 188
161 164
255 227
53 226
105 52
193 32
224 184
246 259
17 166
61 55
161 102
226 138
132 17
64 246
234 121
76 262
156 170
149 5
227 48
255 187
110 185
272 108
162 82
197 229
273 213
222 280
10 131
10 159
49 153
94 43
241 67
110 265
198 248
198 44
105 8
132 93
193 90
176 8
233 204
211 231
129 95
220 81
30 175
263 83
39 70
18 114
24 199
12 243
63 77
177 63
202 166
52 224
29 279
18 61
229 160
266 216
174 69
220 265
141 146
186 148
96 39
191 194
174 255
4 15
142 166
174 253
33 167
87 194
27 170
92 199
130 83
115 240
133 127
250 94
89 237
187 96
237 25
2 154
19 127
238 61
265 182
140 276
115 122
211 95
11 61
148 168
50 187
169 277
226 167
174 177
222 142
161 159
141 208
39 125
68 237
231 6
22 71
54 86
153 149
212 94
173 215
58 251
46 36
113 36
219 244
174 239
270 214
77 29
212 210
231 50
233 98
117 234
138 72
237 208
194 251
219 86
250 99
35 189
158 252
113 13
266 74
71 63
53 259
106 268
130 20
3 136
164 212
62 6
203 170
247 59
181 71
174 50
260 167
225 5
145 224
166 164
142 221
116 135
256 223
278 248
75 106
189 214
112 265
103 192
158 95
235 209
66 268
43 204
178 155
110 197
124 229
125 72
52 59
15 156
234 213
63 264
182 23
197 128
221 13
255 153
110 44
114 52
107 249
65 265
149 264
139 60
182 100
276 13
163 4
163 71
249 176
154 195
234 208
103 97
17 209
192 206
116 139
116 230
163 23
1 262
249 3
88 264
127 12
105 63
178 125
27 193
203 222
129 142
5 251
177 199
186 33
19 243
106 46
176 197
17 14
253 135
29 4
229 194
160 76
230 178
86 23
94 115
257 173
142 6
182 56
147 66
35 104
146 190
103 148
162 253
12 109
132 149
275 214
83 273
236 78
180 196
199 216
200 122
99 197
64 143
2 169
267 50
63 11
3 173
273 208
237 4
253 64
164 59
260 166
7 47
42 22
223 124
52 62
17 50
219 178
124 216
255 46
187 111
81 114
27 154
252 9
199 123
4 209
200 163
27 210
130 37
80 260
192 153
57 236
96 209
174 193
224 17
117 218
24 74
216 18
157 237
176 211
151 64
257 217
29 210
124 249
264 157
102 47
90 20
11 229
96 178
170 201
50 213
7 59
149 19
19 188
269 130
133 41
147 195
256 222
215 123
35 132
164 1
205 82
207 242
153 133
6 168
235 55
144 103
127 206
113 266
230 238
52 117
103 272
175 126
36 61
123 202
98 258
172 223
104 262
104 117
143 179
26 134
200 31
125 252
148 27
19 53
28 54
181 92
154 216
173 146
43 268
148 55
39 70
176 124
276 82
83 168
14 59
123 145
203 215
262 266
241 130
184 233
179 170
2 58
139 150
131 206
200 182
108 75
158 147
231 4
80 21
173 187
270 124
13 164
223 80
274 193
36 6
251 270
104 1
134 206
199 25
249 172
118 256
155 6
33 37
200 257
160 223
246 83
22 96
243 121
251 102
52 102
176 264
179 45
265 155
91 48
73 144
143 120
104 131
148 19
82 17
268 38
272 62
143 267
166 86
122 26
103 263
74 42
272 62
99 66
72 145
13 58
105 114
206 102
55 151
247 65
177 189
75 214
69 212
84 31
252 87
144 69
50 194
274 183
46 1
123 50
232 220
216 265
58 72
246 145
129 173
249 149
55 191
194 55
174 210
16 45
210 232
247 65
82 161
17 4
201 246
94 164
239 123
191 216
111 175
52 139
93 102
257 88
252 248
138 182
175 247
107 10
39 265
222 278
28 113
243 160
170 241
207 129
183 5
167 170
39 11
61 216
182 134
41 261
121 163
101 199
17 49
88 110
68 132
94 171
171 14
51 122
5 211
250 97
96 264
30 268
136 164
279 115
156 236
265 252
253 114
230 87
126 130
116 124
18 35
93 38
242 214
189 211
255 242
107 116
62 57
198 244
219 234
165 154
153 111
35 60
71 91
145 216
24 31
234 9
149 154
237 81
5 133
32 209
110 181
9 91
43 3
207 249
44 265
223 100
173 46
161 163
82 107
148 80
157 207
198 112
260 9
117 179
38 208
233 182
40 88
36 201
97 232
262 235
222 196
264 3
141 95
208 98
19 209
203 147
143 268
228 144
106 217
123 198
19 63
15 252
7 271
73 271
102 193
77 14
138 195
193 200
192 106
204 37
198 110
116 68
207 234
171 162
211 143
171 59
98 50
180 278
232 126
55 149
24 18
264 264
245 188
122 11
205 49
10 154
80 10
27 21
148 177
84 28
277 115
190 106
75 114
42 141
193 216
250 229
210 96
20 9
191 15
56 84
39 124
76 273
207 260
259 180
148 163
85 172
148 35
183 223
5 165
209 206
207 191
58 45
1 263
171 278
238 74
127 156
58 210
92 128
32 185
4 280
224 54
232 161
34 114
214 149
95 84
272 111
41 85
239 25
276 247
161 118
78 258
229 256
32 174
118 192
10 261
229 240
27 11
183 76
70 26
118 66
191 148
14 186
225 202
184 195
68 112
165 96
279 257
34 128
150 165
272 195
183 29
224 203
165 171
140 214
79 137
149 250
161 224
31 70
69 228
69 20
120 242
228 202
105 260
193 6
18 195
201 5
241 127
222 124
97 252
80 38
234 44
13 250
226 90
89 214
184 97
272 244
156 50
28 171
191 109
22 173
109 234
114 11
97 276
52 204
237 24
74 14
42 111
47 141
81 265
76 198
33 117
174 135
165 188
86 153
197 234
45 191
36 186
211 207
17 242
246 1
191 180
29 6
265 133
251 47
233 143
76 234
14 255
136 250
62 105
254 26
146 118
229 43
92 126
148 265
194 24
31 123
267 221
158 98
86 13
173 124
88 241
196 197
12 196
108 2
77 42
39 37
212 256
64 161
31 153
180 60
170 249
102 82
105 144
127 188
127 63
39 198
264 163
70 25
36 67
78 104
276 60
194 104
82 192
99 36
69 1
220 271
197 13
263 20
239 9
15 99
236 248
98 46
131 44
268 215
1 3
213 12
275 163
69 96
227 272
111 44
120 62
2 226
254 274
92 180
156 202
76 123
180 160
272 103
214 155
190 63
115 169
227 18
49 133
132 224
251 128
216 254
120 222
214 95
280 93
69 95
234 47
202 28
211 135
163 19
141 143
86 52
122 198
229 250
75 166
126 211
41 63
181 152
189 148
197 91
55 112
213 15
269 163
252 274
66 89
184 216
254 20
90 174
216 157
233 211
86 48
60 31
55 71
280 104
19 106
124 259
135 107
84 270
205 212
105 11
176 276
86 151
94 86
62 52
139 196
160 194
236 43
144 28
70 2
182 166
155 13
181 136
71 59
92 245
197 100
96 64
44 151
257 133
54 101
107 70
249 278
12 33
25 57
212 101
72 84
29 146
242 71
128 183
116 143
172 161
182 7
73 228
112 218
237 14
3 71
181 223
133 85
48 258
212 25
233 266
169 19
251 89
113 15
114 76
38 235
126 45
240 206
205 115
173 99
165 150
239 97
267 219
70 124
121 50
256 201
186 10
56 124
197 35
64 167
122 125
237 192
259 116
237 18
88 253
262 158
28 78
206 63
180 62
223 78
195 259
90 147
70 20
98 82
115 18
53 267
61 151
226 45
80 130
24 154
137 248
105 62
221 269
44 8
151 134
71 242
95 59
7 272
55 233
207 94
150 29
8 144
215 184
15 118
179 142
247 50
86 150
99 274
44 28
62 64
67 75
12 73
165 178
112 140
63 5
230 182
157 37
224 258
77 108
179 119
128 254
85 128
56 38
269 213
109 124
56 239
25 239
242 28
76 251
138 113
214 100
203 94
23 160
118 18
263 147
273 7
227 196
188 216
265 245
82 99
133 127
126 275
233 88
82 176
241 37
256 246
104 79
71 163
82 237
101 202
93 200
44 208
1 87
191 97
111 114
270 184
57 237
74 66
208 207
121 177
213 182
258 29
126 66
209 61
251 229
108 261
56 186
123 33
23 147
6 227
241 273
28 4
156 17
246 128
9 41
61 229
256 15
207 123
79 145
273 178
116 146
247 38
53 88
15 7
141 172
235 242
107 226
165 103
68 255
189 177
34 108
257 235
54 141
71 247
115 80
57 5
92 168
126 67
87 249
16 268
244 256
88 215
192 6
16 51
19 143
110 87
243 18
194 10
89 100
237 39
10 36
120 246
131 108
218 22
86 124
73 194
157 173
90 267
76 172
75 200
51 112
141 206
280 278
80 104
78 190
15 265
192 74
147 69
24 83
10 261
267 230
72 156
22 236
160 2
186 229
235 261
173 65
253 248
257 110
99 173
233 125
250 229
216 113
230 181
74 265
230 196
26 99
233 147
266 95
188 236
192 6
15 10
249 15
280 87
42 268
264 206
239 93
249 25
73 157
279 191
52 16
161 86
273 256
235 185
95 213
242 30
99 243
129 170
143 114
34 43
125 140
172 46
69 173
239 89
225 237
106 115
127 160
219 245
273 115
223 33
271 264
271 161
62 145
123 7
45 171
279 98
53 165
194 5
141 125
147 63
135 223
170 160
203 9
132 223
226 234
153 206
113 32
56 193
204 194
175 160
106 109
94 31
245 266
116 106
33 166
234 274
248 64
138 190
246 248
214 191
109 30
34 16
153 113
64 102
211 26
54 167
87 239
34 66
16 60
118 101
154 142
280 270
214 94
163 14
140 67
151 230
94 129
133 83
117 223
142 102
271 210
60 235
71 150
166 7
145 39
14 76
206 141
176 141
72 150
126 87
263 33
72 68
22 160
204 90
269 237
3 157
31 185
156 142
214 120
61 62
32 262
272 229
137 264
86 166
152 73
34 267
134 67
49 274
38 42
279 67
227 132
201 230
51 258
181 32
106 102
191 154
179 234
26 215
22 130
249 84
2 101
46 211
80 8
161 278
131 67
124 235
226 48
82 139
243 121
107 257
166 257
81 211
252 134
53 222
184 64
268 66
24 198
165 207
136 239
151 279
240 119
107 82
17 245
249 45
263 49
55 69
212 3
66 205
123 96
269 138
277 59
254 16
269 202
268 237
73 66
35 144
124 27
216 242
113 28
181 34
204 151
74 31
58 171
255 64
242 9
169 164
82 200
245 178
85 273
152 65
92 4
14 72
2 139
234 71
174 185
55 245
228 120
237 184
247 102
211 97
108 269
