280
1568
84 170
147 253
245 274
200 212
130 154
164 75
155 183
177 118
213 199
64 40
72 201
176 98
164 149
136 72
214 260
124 23
94 136
21 227
176 90
250 36
248 233
151 82
161 127
167 276
275 164
94 251
220 98
242 65
108 92
230 141
101 64
243 262
274 71
59 54
29 229
77 214
40 280
262 139
147 277
186 14
261 219
45 275
209 191
21 71
68 269
266 225
185 82
95 95
234 144
255 231
18 157
241 14
224 79
236 214
213 173
80 91
71 59
26 242
3 219
238 230
135 254
232 195
259 1
152 58
20 277
52 234
152 245
85 205
272 70
177 211
197 113
1 116
130 142
101 12
91 134
203 62
230 171
27 263
196 268
160 64
127 90
180 10
134 151
52 211
147 55
195 77
72 194
125 128
121 141
230 163
236 24
71 198
199 258
263 252
61 226
204 15
66 240
26 2
12 275
170 240
195 18
12 28
83 165
64 121
77 279
225 220
266 38
62 150
27 128
99 9
127 193
247 137
113 189
203 175
86 224
254 176
160 156
91 35
3 128
74 188
63 259
268 62
152 2
74 11
146 134
19 107
127 190
19 279
121 177
52 211
206 39
237 53
275 146
215 194
169 12
263 274
208 140
197 10
82 214
104 64
137 238
228 56
20 203
120 274
98 236
68 254
95 58
222 97
111 127
85 276
160 272
237 33
5 280
280 185
34 100
26 263
267 35
244 229
113 78
164 12
271 65
94 241
229 85
270 40
88 89
142 97
264 147
254 141
185 175
268 164
159 1
275 224
49 36
173 63
3 189
147 47
177 152
34 148
186 39
6 89
218 53
218 5
103 263
46 232
127 3
242 266
243 143
112 93
56 106
69 274
259 176
26 27
27 181
164 205
244 269
36 45
270 18
55 280
165 175
72 30
109 212
115 265
174 174
178 198
63 237
217 53
96 42
191 198
206 167
20 184
98 120
276 54
149 14
24 184
20 198
45 141
27 137
19 171
70 130
51 74
37 245
131 33
66 110
148 126
198 92
240 81
255 88
94 109
54 203
200 157
271 182
205 10
268 44
159 53
4 149
24 228
110 147
77 156
188 28
146 241
145 49
87 49
213 154
220 71
91 139
267 110
277 42
1 138
146 195
161 209
80 139
132 31
108 212
167 87
244 217
117 266
279 189
133 11
16 81
89 89
70 228
184 168
195 33
147 249
244 168
207 104
114 84
71 31
277 192
257 89
139 23
206 76
81 59
250 274
128 218
269 188
197 92
103 121
224 189
171 25
109 146
170 194
178 124
93 142
167 215
177 194
160 275
277 65
244 112
15 28
104 259
69 26
65 273
47 167
260 16
166 51
177 279
78 184
29 251
187 174
35 37
197 142
36 235
68 120
32 48
227 184
133 147
58 31
105 222
79 103
241 239
160 115
69 171
198 210
248 191
208 157
241 45
141 277
158 194
195 261
16 6
62 74
43 267
4 81
136 206
54 45
11 94
207 9
59 215
44 227
29 173
206 267
28 236
5 22
59 115
276 212
100 156
118 53
177 250
11 216
217 71
4 124
200 216
93 112
139 183
206 226
195 2
49 218
50 198
9 267
30 191
226 29
235 273
53 153
134 154
116 15
250 160
160 66
132 197
23 62
46 37
84 55
87 278
249 141
210 269
65 214
225 212
33 46
44 153
59 185
128 252
187 184
179 212
183 34
64 80
51 106
193 261
255 65
125 39
278 99
260 177
236 205
189 79
27 270
33 4
252 270
144 129
88 99
127 22
251 81
164 129
90 26
10 25
274 86
220 179
107 11
204 268
37 79
112 266
108 87
179 247
124 119
78 248
26 79
27 30
113 59
242 110
89 50
257 131
204 5
213 261
162 22
67 84
157 188
61 252
129 71
31 95
18 69
96 179
40 87
43 8
239 124
236 196
109 29
123 212
198 160
10 163
180 17
54 135
70 203
168 171
181 129
248 185
194 252
271 50
69 13
192 257
255 55
172 18
35 252
46 192
31 44
52 32
75 252
138 229
116 125
274 261
32 175
260 75
246 186
183 2
203 20
60 185
180 160
151 78
66 18
89 29
4 134
223 270
225 221
233 266
38 173
6 195
25 32
144 145
101 36
174 137
195 144
208 273
137 2
36 278
86 185
183 164
242 131
22 48
63 102
192 234
23 91
215 175
160 29
151 17
100 100
214 54
262 2
54 252
24 4
230 240
60 221
267 172
98 17
174 135
131 181
78 260
192 61
232 261
92 92
96 86
188 126
162 190
96 234
77 118
130 58
235 55
90 221
29 190
2 134
248 84
54 153
128 165
8 271
129 166
92 13
87 229
152 191
268 38
269 21
92 117
102 238
139 51
53 262
242 175
259 10
77 159
254 280
271 96
233 12
84 106
13 251
265 72
8 245
257 228
245 133
61 96
270 167
187 276
145 182
123 166
45 217
159 134
15 251
72 237
110 51
113 67
26 254
247 114
122 15
102 28
145 105
47 204
81 159
129 218
140 86
106 129
17 37
173 275
188 91
35 172
194 173
95 111
175 268
139 227
165 152
48 238
165 268
146 170
140 151
212 30
258 62
128 130
227 66
163 156
228 256
28 102
135 173
64 270
254 254
178 220
233 58
184 48
265 240
138 188
40 175
170 60
29 63
208 153
141 53
134 176
253 248
129 112
207 152
231 35
178 254
60 56
190 33
152 126
110 125
23 125
149 4
17 77
147 36
98 272
24 200
252 8
239 220
230 83
158 122
185 168
57 140
174 274
9 127
217 114
107 279
165 2
213 211
16 49
34 146
171 180
237 212
157 174
128 257
61 115
269 85
168 222
131 83
198 130
23 166
122 6
124 88
50 176
153 130
49 270
223 73
266 178
254 222
29 276
4 17
33 150
215 173
159 171
211 122
165 112
148 203
243 216
225 110
157 149
238 204
41 185
2 47
85 33
52 276
255 10
86 131
9 137
9 256
185 66
157 120
265 82
64 206
178 28
14 1
163 119
135 17
75 108
227 266
262 110
13 76
6 255
76 116
177 5
31 2
205 72
236 132
122 228
5 99
81 196
149 13
107 249
153 93
96 196
179 214
124 129
196 275
226 85
258 250
232 115
52 238
162 80
149 86
60 8
156 78
77 265
174 279
191 108
178 81
268 189
81 249
175 206
97 33
247 52
162 195
192 258
8 229
8 108
161 179
264 130
1 121
221 261
20 140
218 48
33 184
178 130
216 144
27 115
10 248
272 235
264 52
131 9
245 244
237 38
253 83
188 106
201 129
173 242
20 119
275 222
224 230
205 157
137 97
192 66
239 60
56 95
165 9
235 233
118 56
2 246
96 180
154 5
35 44
123 40
51 244
261 225
14 258
134 136
60 30
130 227
252 28
273 132
64 137
114 119
250 27
89 24
96 150
75 96
239 184
225 119
50 53
34 181
184 75
117 38
54 236
259 215
241 33
153 134
239 27
119 229
21 239
71 128
236 85
13 240
61 128
192 192
82 80
31 257
193 9
47 159
116 233
268 260
143 227
120 214
9 232
111 221
269 142
211 191
130 232
109 148
193 72
154 51
239 90
130 116
9 215
185 159
251 6
86 2
2 270
112 210
63 224
184 249
248 245
147 87
109 7
63 275
37 54
229 118
240 229
187 106
206 41
164 8
113 212
13 197
94 142
236 98
68 1
102 102
139 41
200 15
83 259
194 138
30 185
223 258
49 195
86 67
131 147
146 234
165 238
221 111
63 82
160 158
144 53
90 147
141 278
150 193
91 80
14 138
147 144
58 120
118 193
7 99
133 122
216 185
46 107
213 12
234 141
112 168
98 59
3 193
273 251
18 155
108 275
14 71
173 170
218 194
131 29
4 197
222 254
249 227
14 47
43 5
236 193
65 149
13 168
244 36
239 272
119 201
112 15
98 189
63 250
9 72
157 224
25 178
15 37
130 265
133 66
26 108
232 271
224 28
66 24
187 242
237 74
255 4
101 252
200 88
97 101
112 260
147 137
127 108
168 265
203 125
18 20
74 147
163 149
277 109
81 246
267 12
178 193
261 251
103 18
69 251
137 95
212 130
81 97
278 8
28 240
149 34
154 177
11 76
148 119
32 75
265 59
118 7
99 240
167 260
150 175
200 216
36 144
252 153
49 143
222 101
33 103
140 104
181 28
78 244
139 23
141 155
80 9
243 24
222 28
64 254
247 53
55 253
262 276
31 114
233 61
260 76
178 9
175 226
222 172
171 148
193 71
52 48
35 37
195 22
146 1
82 166
4 126
146 218
215 236
160 216
35 228
277 41
44 79
177 19
222 128
191 71
279 257
146 170
66 92
163 15
172 225
125 103
55 71
56 203
107 220
280 91
9 169
123 245
17 14
67 57
62 241
262 152
250 205
126 96
70 167
128 19
54 216
170 12
101 236
1 30
241 210
217 29
4 241
221 25
130 117
103 17
113 213
61 257
195 165
111 166
129 271
122 58
190 261
67 12
223 82
206 129
99 245
132 279
79 179
236 125
245 253
22 196
267 123
1 139
15 234
57 248
90 49
132 66
198 269
60 225
256 276
135 73
106 17
89 113
29 161
88 17
183 21
93 106
41 48
254 63
132 247
89 28
270 30
273 216
205 174
254 193
49 35
225 134
268 171
104 132
235 227
249 86
216 41
36 62
132 101
269 71
166 30
14 257
30 173
155 137
23 63
207 77
49 233
189 256
65 40
242 178
251 236
244 272
157 247
224 180
227 22
46 119
30 267
139 242
161 133
174 263
78 97
189 164
163 270
110 171
121 228
208 135
43 152
64 232
208 212
28 254
221 208
260 175
29 26
224 169
171 246
233 44
274 242
140 279
279 104
256 92
218 122
80 197
205 244
174 256
42 131
174 2
141 222
22 96
66 88
180 226
255 234
229 40
216 212
1 16
40 172
81 10
255 83
68 31
142 46
222 37
96 121
58 97
207 247
49 67
44 187
203 222
184 154
254 63
47 31
65 279
157 99
149 138
275 200
61 227
244 26
267 176
11 98
182 175
30 34
225 101
142 90
152 151
168 243
166 73
165 8
212 226
117 225
255 15
11 207
76 85
65 238
272 177
121 120
221 109
64 150
159 89
166 127
62 149
73 156
57 254
251 275
111 120
75 56
110 201
269 276
177 87
78 60
252 5
132 155
204 225
119 14
141 22
243 206
39 274
205 156
222 76
81 66
101 202
82 226
4 16
278 119
134 98
260 163
265 58
54 250
52 72
37 111
165 11
42 126
50 147
43 99
103 113
96 254
114 135
247 40
262 7
18 29
245 238
34 213
260 86
168 215
221 148
12 47
191 277
157 256
194 15
151 229
243 221
155 37
223 93
228 193
45 264
269 4
141 106
236 51
274 250
40 14
107 234
180 190
1 88
8 261
149 24
173 15
174 169
94 8
147 151
40 276
45 234
201 150
40 142
60 263
85 52
223 166
213 225
120 259
143 222
115 15
146 111
236 45
197 131
26 76
235 78
196 260
59 103
262 68
146 108
251 95
81 266
95 195
240 142
105 110
96 9
154 176
93 178
3 230
78 199
86 60
39 250
123 216
99 109
36 124
1 208
89 36
97 207
66 237
9 130
162 69
1 117
189 264
171 51
25 276
232 57
120 131
224 200
7 43
33 92
244 74
110 262
3 26
140 255
49 155
34 268
243 115
86 171
144 61
67 223
207 64
213 128
250 93
231 182
120 194
56 68
58 74
220 155
266 59
122 64
225 37
188 135
21 146
248 12
218 121
266 266
20 272
62 128
252 271
261 59
51 69
176 179
273 194
99 191
83 156
187 76
243 163
247 233
35 255
204 70
28 114
256 1
218 2
184 68
122 233
24 97
92 97
109 77
88 231
80 263
203 220
27 133
1 80
72 23
246 271
223 109
7 136
131 34
157 153
212 103
139 183
228 83
141 183
226 111
46 6
22 99
175 43
49 88
31 69
121 1
54 174
193 255
197 179
239 219
200 39
153 86
230 174
263 15
22 143
148 6
266 54
113 101
190 68
217 267
80 89
278 237
263 114
34 164
166 166
53 181
26 29
262 143
105 277
153 85
105 134
261 117
276 241
246 219
112 269
183 111
217 168
36 259
242 167
35 207
198 59
55 12
58 128
235 69
8 91
93 130
260 235
188 180
188 92
226 119
60 5
76 141
29 245
249 87
269 150
215 268
86 192
53 257
228 46
121 71
61 2
182 137
76 214
277 12
134 184
251 192
271 34
142 229
33 183
143 80
45 107
43 112
85 150
80 1
132 178
266 218
208 70
269 31
70 17
169 12
51 63
214 80
76 83
230 274
146 240
186 270
196 182
75 227
111 123
46 3
231 160
197 68
117 251
54 19
7 161
26 106
11 203
258 107
38 29
234 169
72 185
94 239
94 6
120 185
21 8
96 183
129 162
46 248
230 240
178 37
256 180
71 188
227 259
37 89
194 36
174 268
255 229
253 194
19 121
134 100
187 73
75 20
217 114
29 87
248 181
78 170
33 99
247 245
198 72
119 143
244 34
280 146
115 92
182 146
263 192
239 175
20 217
85 161
39 218
47 267
4 91
229 99
45 125
245 220
70 83
218 46
260 92
233 171
33 235
40 207
248 48
40 233
230 179
48 31
192 86
274 117
86 261
80 236
85 236
170 29
65 172
136 139
49 11
82 70
126 133
101 163
51 168
163 14
269 74
76 196
105 185
242 265
13 243
124 270
10 12
185 238
235 132
13 96
7 170
124 269
256 226
35 247
193 18
254 171
108 138
216 96
263 219
212 83
113 168
273 179
149 62
153 161
168 78
142 87
76 40
107 53
165 77
144 73
44 203
260 255
218 47
240 119
150 83
227 34
143 169
128 178
251 57
48 3
196 119
186 76
56 104
236 69
200 36
145 95
232 160
250 117
234 213
208 73
272 271
279 245
224 188
22 252
219 217
31 271
63 146
242 197
57 46
85 195
233 156
264 149
192 91
121 18
144 89
43 148
97 72
162 147
73 37
273 66
249 22
222 44
139 201
27 57
90 118
120 34
124 233
190 29
257 36
153 209
187 101
174 10
101 262
201 105
73 78
84 2
94 100
