300
2700
12 159
196 115
109 203
70 164
18 12
113 143
135 157
156 278
211 139
143 139
45 117
142 260
148 238
43 139
200 54
262 260
136 102
182 33
53 194
77 147
36 80
183 115
86 24
270 105
73 9
284 44
65 193
74 296
76 189
137 62
226 93
9 249
229 3
65 293
158 117
275 294
69 151
101 236
86 56
181 12
175 98
132 36
164 166
202 21
163 277
243 296
168 165
129 115
201 50
139 28
254 15
2 108
93 56
284 213
298 152
268 177
135 152
210 216
224 293
123 111
29 234
119 251
245 179
271 140
156 105
95 79
258 138
80 45
230 51
87 117
288 298
72 111
297 261
62 265
15 263
72 225
119 22
202 228
136 187
269 156
262 198
138 262
11 11
277 221
82 17
233 1
277 66
181 203
77 211
210 224
248 205
274 145
77 252
151 160
161 93
71 75
176 124
198 256
118 213
121 250
134 93
107 63
140 233
7 11
186 270
88 112
34 158
165 204
25 173
85 75
135 216
130 172
73 112
114 285
61 84
208 219
12 8
190 8
27 56
38 76
259 211
146 90
270 15
47 115
85 125
265 281
129 151
195 272
178 8
223 160
264 205
80 144
137 277
230 57
86 102
254 146
180 111
85 153
172 71
210 93
189 38
110 76
291 212
179 141
185 106
11 183
5 123
30 233
170 204
28 282
170 176
247 13
279 74
71 126
140 184
292 164
292 215
121 163
11 123
250 66
138 7
84 198
132 252
60 158
27 199
55 282
200 64
127 186
106 155
100 282
131 285
4 194
40 258
180 60
275 19
298 236
277 8
77 118
213 123
274 125
217 28
205 5
105 54
18 215
111 110
47 133
188 182
62 146
16 90
31 162
55 78
245 238
124 256
278 230
206 24
4 36
185 2
3 254
34 269
131 11
201 103
269 134
266 102
298 284
165 37
233 59
271 187
251 239
118 116
102 60
199 5
199 109
34 15
230 95
111 177
58 202
49 270
83 182
79 83
222 125
69 273
246 271
79 106
89 2
226 189
156 93
290 10
160 76
84 236
187 191
108 53
222 271
6 67
81 16
170 110
142 85
218 36
50 203
201 216
145 154
214 139
53 14
87 109
265 14
132 232
138 210
93 275
207 6
139 49
172 93
293 32
271 213
1 207
75 236
259 207
232 281
111 30
172 203
118 145
178 167
184 144
264 277
148 180
61 55
99 140
294 75
2 124
58 202
262 97
123 292
190 194
69 147
53 282
28 111
292 150
214 42
195 137
181 181
234 172
260 177
204 138
68 180
131 132
111 51
141 259
143 197
218 8
135 209
10 59
57 104
275 123
156 248
12 174
223 293
72 50
22 169
127 58
31 197
201 296
154 282
248 121
161 186
82 206
207 54
132 184
45 262
120 33
235 165
273 59
260 79
15 239
120 40
250 148
249 127
131 78
154 211
136 253
87 61
187 187
58 61
195 260
256 265
228 126
185 166
133 189
18 281
74 40
192 46
40 66
39 123
78 36
155 56
84 159
103 37
254 201
98 118
287 6
51 109
159 279
44 189
266 32
77 7
162 242
290 2
3 113
181 41
174 102
282 142
114 271
143 179
121 29
266 104
282 254
59 61
144 17
60 191
193 235
31 213
178 265
197 144
113 286
119 104
245 196
164 14
236 129
19 250
273 267
48 258
223 132
51 296
96 131
116 229
23 146
199 25
300 295
177 38
56 255
157 192
74 171
183 63
219 110
78 297
209 177
126 160
16 153
20 116
243 12
288 81
154 112
63 110
233 11
222 20
134 150
32 231
19 210
238 157
101 255
155 94
182 131
230 66
114 236
298 244
34 273
13 57
99 169
204 274
13 154
112 189
135 209
283 129
5 206
110 165
57 216
58 240
222 90
175 85
212 81
103 206
263 275
131 11
254 100
147 2
174 77
255 217
79 223
113 286
275 14
184 71
171 180
119 7
276 97
54 225
185 19
134 224
213 36
91 279
260 97
149 181
26 88
70 167
265 254
26 6
230 130
233 112
211 261
164 243
155 270
71 171
245 152
183 148
202 286
254 86
191 241
253 5
218 286
219 149
202 168
150 122
286 165
221 262
228 131
150 44
10 78
278 238
8 9
207 256
220 57
252 289
197 10
58 298
15 51
90 161
289 98
210 47
179 144
40 25
199 76
194 261
124 212
180 113
39 49
279 163
141 3
134 25
232 81
259 291
134 273
102 134
275 57
248 49
63 236
91 176
181 249
133 183
231 82
257 216
221 1
237 225
292 235
283 212
47 181
33 254
37 188
65 266
140 205
2 129
181 231
106 176
6 124
222 49
271 135
244 55
29 105
128 197
281 65
245 263
176 55
45 40
92 117
197 134
19 68
118 228
18 113
294 228
114 124
263 136
156 68
204 141
186 102
216 114
159 179
298 300
78 225
103 277
93 65
67 275
59 56
76 25
2 82
259 186
295 253
289 162
36 149
3 201
191 113
142 13
82 24
187 60
263 124
64 196
209 165
109 95
180 240
92 2
140 68
275 110
14 241
50 64
156 66
244 30
44 28
260 108
205 26
152 68
84 147
244 12
234 258
263 158
144 213
278 240
8 126
157 30
219 281
188 127
69 88
143 52
255 240
192 240
223 135
126 153
232 300
241 153
23 254
203 35
17 110
150 183
73 59
173 144
210 193
127 105
86 230
222 75
44 169
95 104
190 268
290 102
9 15
79 22
254 43
197 300
294 35
54 210
63 251
177 256
243 271
104 239
239 126
106 149
166 84
16 94
196 20
254 106
232 79
157 38
153 116
114 33
70 152
167 128
271 50
297 154
11 44
162 131
8 7
192 80
186 60
124 114
288 209
77 230
116 143
19 17
224 108
88 118
49 37
116 245
151 280
229 279
229 286
25 280
48 222
255 28
256 271
55 7
293 219
59 163
3 204
245 160
18 142
153 149
92 101
42 19
93 19
297 17
222 192
264 114
62 255
32 113
155 1
144 105
148 30
154 83
149 79
245 291
158 204
18 136
123 244
35 215
191 101
175 158
77 241
300 182
62 136
275 70
207 139
253 17
219 191
199 13
167 12
61 114
74 22
2 240
261 283
282 197
178 33
52 225
155 197
104 215
291 271
161 118
60 135
117 296
29 22
43 209
93 277
41 244
242 21
193 216
170 67
240 1
109 156
172 69
19 157
176 299
117 182
67 134
95 136
79 78
21 213
255 236
37 163
122 114
119 293
157 159
299 23
101 32
229 43
181 94
59 173
222 56
167 165
281 270
246 277
147 112
208 297
148 153
220 12
265 103
37 5
40 183
149 90
146 222
41 270
62 66
285 226
150 268
188 158
209 96
258 285
173 149
241 128
190 203
257 258
196 62
254 152
184 85
64 54
157 104
112 145
140 69
119 226
254 237
192 39
43 27
36 152
187 230
38 195
109 171
86 43
78 113
65 235
39 232
265 229
200 135
130 161
192 92
221 257
237 206
138 244
200 139
135 286
80 236
286 171
183 179
130 300
25 96
48 12
84 228
24 104
149 114
240 13
175 96
160 190
195 193
162 158
288 26
40 104
97 139
99 267
28 180
24 289
282 22
175 200
64 181
291 279
98 232
73 59
184 140
113 238
12 8
76 181
167 28
263 105
279 192
59 268
79 280
237 236
131 45
148 183
263 142
272 90
61 243
207 105
157 66
113 254
274 218
108 287
180 111
269 288
244 71
82 8
156 225
228 217
32 32
172 141
213 230
256 242
212 69
158 197
285 111
147 190
249 192
96 294
131 286
246 139
240 74
144 17
285 139
118 295
39 40
221 242
75 86
138 255
225 284
280 147
260 44
276 216
185 143
22 296
156 277
40 188
292 135
112 184
108 252
189 81
40 277
151 137
216 261
43 213
220 132
67 1
209 276
110 71
158 64
268 154
197 79
43 72
132 272
278 121
82 173
232 190
261 254
30 18
37 146
186 3
139 294
187 142
209 47
106 88
298 156
159 85
90 91
124 168
128 168
20 77
58 41
119 116
141 157
172 52
233 220
126 298
51 247
177 184
250 201
261 261
270 291
130 61
50 212
30 65
124 78
8 56
163 69
255 250
258 11
290 185
191 101
71 184
208 264
137 7
31 142
233 114
261 63
9 270
120 39
42 294
212 91
285 130
10 30
164 227
29 252
297 294
72 8
228 291
75 74
104 159
207 96
253 234
30 131
171 98
228 113
38 9
255 28
74 31
154 30
115 71
168 102
56 148
85 261
117 297
74 282
57 194
193 292
142 235
80 283
278 167
16 100
18 243
209 232
290 164
100 160
226 281
164 268
226 194
167 136
19 229
126 139
156 129
221 286
90 219
135 183
207 98
126 177
38 212
165 230
86 190
36 252
138 262
187 267
98 156
77 235
47 259
127 191
240 47
238 290
232 100
82 229
137 83
279 5
18 188
139 220
195 211
267 219
23 194
248 37
38 23
29 210
35 296
127 202
10 220
124 32
98 253
130 20
126 173
137 113
248 266
146 209
121 147
299 109
241 161
153 103
284 232
139 163
17 226
267 92
139 31
149 95
113 271
223 145
69 143
198 171
145 5
294 85
206 294
22 245
66 112
24 146
186 63
209 111
96 295
213 262
52 171
280 70
33 11
229 39
28 157
24 11
90 274
261 70
218 189
291 102
82 222
138 178
31 273
34 79
269 112
195 166
239 17
143 181
20 252
123 84
277 126
76 25
74 225
272 99
237 117
91 78
258 226
123 86
296 208
177 131
133 21
281 53
201 246
139 260
115 118
83 16
122 44
213 61
33 8
198 269
51 141
224 296
57 24
192 103
59 299
222 230
202 215
68 36
133 133
248 2
247 191
120 275
36 3
271 235
22 22
233 92
209 142
263 282
27 285
244 261
209 97
289 36
4 10
166 195
99 262
24 219
277 212
269 182
176 142
280 190
93 174
257 68
87 14
100 175
143 209
75 125
90 76
193 137
134 59
165 122
128 265
173 151
182 133
83 85
93 139
40 149
40 258
294 248
236 231
132 259
193 180
29 175
145 168
72 36
223 56
108 107
10 267
173 136
210 106
277 55
235 153
41 100
182 271
40 90
52 202
230 243
8 17
122 85
26 198
198 93
85 176
71 84
203 230
110 288
76 48
11 129
104 295
148 90
2 280
80 50
177 47
47 39
216 231
246 49
106 281
199 32
222 290
136 83
276 31
18 2
96 215
144 15
6 229
175 9
117 29
14 136
61 227
92 163
73 9
75 92
163 74
58 23
98 224
96 29
217 164
102 182
180 93
187 59
228 178
123 170
170 175
71 176
201 246
181 233
121 203
38 261
157 80
193 14
16 46
106 187
73 41
220 93
92 200
235 106
234 28
44 2
23 24
63 89
138 184
19 50
123 174
205 215
65 267
212 249
95 273
124 145
81 148
204 227
100 100
244 182
74 240
194 21
80 50
62 254
242 294
7 38
102 13
271 124
91 142
164 293
168 121
29 248
122 10
200 114
112 55
211 114
288 12
258 263
200 261
250 223
75 37
236 123
271 168
126 16
17 67
168 209
223 265
5 87
275 30
231 201
149 213
97 157
77 91
191 105
256 211
130 225
227 251
252 277
285 253
205 95
28 49
252 298
203 285
297 114
134 64
289 33
207 157
295 171
109 74
198 18
183 232
106 225
76 141
47 104
36 191
132 79
164 167
30 172
122 209
189 137
182 201
139 128
87 80
43 129
21 217
138 29
10 175
300 255
221 41
231 231
267 55
162 89
121 67
233 147
17 64
297 222
274 5
70 18
177 105
205 43
180 197
203 13
202 110
166 231
162 97
295 152
157 211
259 120
147 64
156 112
34 10
140 160
151 17
43 42
136 214
40 21
200 152
181 133
178 185
28 286
289 55
293 270
20 291
205 58
269 184
245 66
32 86
124 26
184 250
107 262
221 210
148 66
156 212
300 89
220 236
124 231
135 273
107 236
166 42
167 209
62 24
262 54
299 139
165 103
35 17
42 213
39 87
300 59
235 12
49 86
220 89
173 228
138 294
78 39
193 90
297 145
3 39
71 241
245 33
246 223
268 150
115 209
231 6
1 167
239 32
216 47
31 123
248 196
63 60
78 260
38 273
115 227
209 298
219 234
159 286
208 271
23 200
114 104
63 10
225 300
49 157
157 5
179 109
256 186
239 184
275 300
40 284
218 60
34 139
158 290
186 145
111 237
218 300
90 130
84 134
73 131
14 89
61 269
214 215
89 186
229 261
15 17
94 287
11 25
209 140
288 267
288 163
232 266
260 146
85 115
240 293
152 194
227 152
246 31
269 255
46 144
242 139
255 39
34 190
13 86
14 152
239 183
54 117
106 96
252 41
192 226
137 81
32 180
15 300
48 21
204 101
164 18
96 113
14 299
157 283
112 50
136 63
66 21
2 147
294 67
119 18
73 68
207 101
108 103
252 212
133 1
1 204
2 231
270 16
47 119
206 16
262 194
19 65
220 299
226 244
155 46
34 161
69 210
187 58
165 113
78 176
240 165
194 177
125 225
105 35
129 278
273 234
33 2
73 177
213 190
15 41
101 208
85 54
278 267
293 243
119 84
237 18
290 66
51 55
264 102
172 96
296 210
248 285
48 273
69 293
23 154
156 49
106 80
211 27
290 239
87 237
232 102
277 98
125 217
143 61
4 179
59 227
203 98
250 47
228 220
30 227
220 215
10 124
193 228
125 117
114 215
223 197
233 142
162 295
40 5
135 292
225 203
245 141
212 252
96 285
272 286
24 254
166 248
252 106
36 27
219 199
77 105
41 86
9 198
205 98
192 268
6 130
127 115
237 249
127 126
181 79
281 267
67 228
286 282
26 124
232 167
7 49
240 258
221 16
189 262
220 210
60 183
300 31
287 236
240 235
232 79
132 201
298 297
221 139
24 52
178 118
96 203
37 108
185 84
97 278
107 97
83 249
211 173
51 291
136 214
211 136
277 56
267 247
69 48
196 105
101 262
283 275
173 142
51 193
53 190
239 203
10 39
98 192
292 82
4 256
282 146
188 153
59 39
180 267
288 243
210 108
12 221
147 83
298 14
275 193
204 178
291 253
202 38
34 274
102 117
297 130
233 169
278 91
147 280
207 67
162 210
225 161
21 167
63 46
265 212
204 277
95 174
53 91
264 19
20 259
28 169
224 88
96 123
98 295
15 2
251 189
50 116
258 21
113 257
181 78
48 86
83 112
127 289
266 105
120 106
146 188
233 203
280 243
245 103
220 221
83 261
28 61
184 139
95 64
90 278
140 62
138 230
167 118
26 233
286 21
48 67
72 298
10 38
139 28
97 300
39 14
122 28
55 171
84 245
171 164
123 285
263 210
245 286
209 174
165 62
170 286
157 149
202 117
225 182
253 161
177 278
208 145
66 23
143 130
288 104
165 284
199 178
62 26
208 20
53 193
37 129
300 232
72 145
281 257
279 178
242 156
99 275
83 237
159 51
47 26
103 60
23 143
211 29
116 50
119 286
25 123
115 51
71 269
37 203
8 27
144 108
199 214
63 157
99 83
220 168
101 35
264 177
113 104
8 34
31 243
296 157
96 207
181 297
217 234
280 147
224 205
44 135
191 124
177 237
232 165
127 127
150 178
159 245
223 231
30 265
77 143
290 163
34 96
198 278
56 140
116 274
192 153
230 117
92 227
5 199
10 160
127 7
164 147
273 206
262 286
246 252
220 284
216 28
74 160
122 268
184 136
69 54
149 229
38 192
207 8
87 99
269 279
217 250
299 176
237 231
288 36
76 196
269 191
45 225
153 139
92 222
149 280
168 23
198 38
189 92
256 262
245 53
64 139
284 285
27 1
276 62
193 34
148 154
175 138
132 197
169 11
127 85
180 197
26 32
106 172
109 258
24 269
167 274
27 121
165 86
263 135
223 239
249 242
298 113
205 68
139 160
122 73
105 36
245 223
262 268
269 271
260 146
117 71
178 235
40 7
7 231
69 51
34 276
260 277
69 53
289 61
89 251
192 250
290 168
90 297
5 98
169 293
131 290
31 135
31 257
80 185
29 228
110 234
267 10
164 263
252 215
143 263
229 43
152 169
43 24
162 16
17 132
108 134
21 50
122 41
293 117
6 31
89 254
77 44
3 287
46 235
202 202
8 126
206 130
182 106
79 269
40 73
41 197
38 159
274 33
240 66
230 66
134 220
271 161
249 140
43 22
95 20
170 77
81 193
205 231
101 240
280 257
284 185
117 57
153 136
61 126
285 137
101 26
28 294
111 13
81 86
95 139
94 170
194 117
99 278
72 59
108 3
204 174
222 69
270 203
125 251
170 145
50 160
258 117
192 100
233 239
183 204
252 26
9 158
117 99
143 163
189 46
269 247
195 248
42 300
207 36
259 44
140 219
63 180
239 274
187 159
53 43
259 227
179 78
211 138
47 118
157 261
249 30
278 27
260 43
149 271
144 182
299 152
43 138
152 295
151 1
290 54
89 30
299 28
236 274
261 69
213 75
129 158
172 296
46 155
102 142
251 229
204 262
21 13
113 186
222 160
105 223
120 180
157 53
175 201
2 41
277 175
58 228
69 160
24 80
187 152
58 176
282 173
48 148
243 101
250 129
28 175
8 33
184 256
135 135
7 119
30 197
293 135
186 240
83 72
147 48
72 40
58 161
87 115
90 217
89 143
225 103
233 244
101 239
139 201
132 238
231 12
106 138
103 59
265 28
127 146
177 236
64 44
22 93
106 122
45 209
3 160
175 247
30 149
134 130
94 112
247 40
128 52
56 253
260 95
103 276
99 281
246 34
78 248
115 49
164 167
43 263
98 93
33 75
24 214
94 50
15 192
281 208
123 75
165 220
147 277
140 20
117 115
229 240
189 41
205 30
17 196
297 67
73 1
35 195
128 187
236 264
248 203
23 200
261 96
152 256
78 44
205 191
105 204
232 273
243 213
280 73
67 155
245 154
200 55
81 233
276 236
12 204
243 130
253 177
71 114
297 61
82 1
257 174
26 166
227 116
199 71
69 200
245 270
137 72
292 62
96 101
279 228
293 92
14 80
105 103
229 207
159 155
48 64
127 238
86 217
145 65
42 255
204 286
212 29
118 53
171 79
202 216
149 178
223 143
25 140
107 174
65 178
111 2
237 139
298 217
54 247
280 65
172 153
26 214
204 35
19 149
81 126
7 5
28 286
211 204
276 182
70 10
233 119
9 288
112 34
151 65
158 286
273 6
225 281
249 9
195 206
78 246
175 169
219 134
63 267
284 220
227 156
113 158
112 93
55 28
95 197
92 1
128 215
163 113
73 71
123 53
131 131
233 15
24 74
138 286
212 32
243 238
206 41
249 28
97 144
66 243
285 212
12 126
202 190
289 154
132 170
71 223
3 274
132 204
246 91
180 18
54 67
201 139
265 76
149 271
23 160
243 216
2 158
19 243
228 194
61 210
30 4
28 231
188 183
95 279
19 91
267 124
15 70
196 42
26 101
236 257
40 20
20 119
130 175
137 183
262 183
275 161
149 3
26 122
117 69
44 292
93 98
227 176
47 145
4 85
159 286
283 121
79 73
127 200
62 27
248 33
75 17
107 78
261 293
115 96
161 106
198 285
129 286
258 284
121 265
250 207
103 113
273 189
290 121
212 64
297 257
250 227
83 103
6 160
241 183
279 120
33 78
9 74
219 224
180 37
77 260
186 205
229 220
251 121
286 205
82 185
34 77
120 243
149 161
192 80
184 84
277 234
165 224
236 17
256 200
130 224
288 258
152 294
191 117
212 7
98 72
156 260
7 198
30 227
254 194
17 121
117 203
87 156
65 180
172 31
184 122
97 100
185 239
126 122
221 241
121 134
88 141
74 93
109 13
11 209
105 295
125 110
5 258
179 127
33 275
162 113
202 197
57 84
40 256
11 17
178 89
110 92
259 136
38 178
2 204
266 292
119 163
287 290
274 42
188 163
123 228
171 20
110 85
128 95
122 149
27 264
182 128
56 280
82 288
133 141
142 284
261 139
281 234
138 72
199 177
219 255
170 192
152 93
227 252
173 2
267 288
183 101
15 36
122 106
164 14
187 40
286 267
152 129
220 33
41 226
171 30
30 36
90 29
86 295
260 233
256 62
217 171
225 246
194 31
228 2
63 293
147 177
148 27
93 221
222 177
205 94
76 41
188 145
120 176
175 166
253 106
153 21
159 133
80 76
125 176
218 58
58 270
70 30
60 45
172 22
283 157
116 234
267 112
75 38
45 16
65 47
13 218
245 178
22 214
203 65
45 164
109 254
62 275
56 291
220 202
253 196
266 147
77 267
119 122
122 214
38 220
240 249
20 119
193 253
20 284
83 87
95 76
235 125
138 163
207 7
128 62
76 39
47 272
115 144
171 55
170 193
283 267
216 45
102 60
268 212
135 125
146 213
233 33
160 98
167 1
25 248
236 143
152 276
45 66
290 13
240 132
170 236
251 37
277 56
67 210
265 23
166 68
256 167
236 129
8 187
166 204
185 139
210 261
103 163
125 129
43 187
37 128
118 140
258 162
153 79
157 111
248 231
112 241
252 121
95 298
14 298
22 272
50 33
25 299
64 55
38 131
178 144
248 143
190 154
73 255
166 211
260 16
248 127
236 148
235 18
145 110
281 243
97 183
165 278
191 217
2 287
149 153
43 211
195 212
240 19
10 132
122 216
81 170
37 209
274 276
274 125
174 3
184 52
281 74
138 64
149 73
183 256
146 184
231 238
96 120
225 86
5 172
81 189
256 53
144 85
88 271
16 252
240 78
248 1
225 269
104 133
248 84
139 280
85 50
54 193
151 155
132 78
218 123
240 238
300 16
58 170
150 204
71 60
241 78
78 95
257 270
209 2
140 299
15 16
277 51
129 115
119 222
136 212
22 271
123 90
40 151
207 188
156 33
256 8
41 80
145 145
22 241
223 177
244 244
73 17
152 112
104 198
47 44
6 102
79 170
65 113
222 292
234 124
147 52
111 74
8 156
160 27
285 182
16 258
276 84
250 114
272 45
293 235
110 223
114 288
240 59
192 2
243 294
86 153
145 247
31 18
278 125
48 204
256 117
274 67
27 229
176 147
53 243
136 126
169 214
1 98
62 1
69 87
64 19
289 237
1 38
243 163
114 162
165 197
82 173
193 221
78 86
243 133
144 76
41 56
39 196
7 56
263 201
21 115
95 170
103 125
100 66
13 15
235 185
289 179
166 275
285 190
53 25
35 259
167 181
183 204
23 265
107 175
233 38
210 29
17 218
83 239
260 199
7 40
10 223
249 23
162 158
243 44
269 161
222 17
209 126
34 1
35 126
77 237
174 59
174 183
83 88
190 83
289 291
128 71
182 136
124 71
73 258
232 12
61 128
3 9
191 230
43 44
173 290
105 276
88 188
220 291
55 240
156 136
158 151
275 73
216 139
44 212
182 105
133 168
120 4
180 64
265 32
179 38
34 262
222 244
255 190
8 278
52 178
263 26
278 174
225 213
162 270
179 1
106 267
117 4
105 244
52 282
142 8
98 273
287 234
115 92
282 187
166 39
82 209
134 155
233 295
283 243
62 92
51 136
249 178
298 17
127 111
238 146
300 38
116 131
75 238
64 247
295 105
186 298
224 94
235 243
268 140
221 28
190 23
181 257
256 173
133 259
208 54
205 33
5 105
255 19
177 103
232 299
126 93
192 118
117 15
177 81
204 289
54 60
43 142
177 144
265 146
256 160
120 215
296 293
210 15
2 7
293 5
133 281
217 61
279 3
165 189
119 135
98 185
18 24
150 219
97 116
215 226
238 283
298 127
155 122
216 165
258 98
92 97
278 213
155 160
145 21
72 265
22 160
117 69
57 255
44 127
172 118
244 1
130 131
110 41
237 127
99 197
140 217
202 15
274 221
171 283
254 273
163 138
45 166
68 274
90 83
26 233
23 131
101 201
98 217
123 149
250 300
121 203
279 138
29 156
219 73
196 92
287 269
146 299
245 165
90 284
69 245
193 184
175 232
23 64
41 29
136 154
177 222
201 177
50 139
176 146
295 198
255 80
53 298
69 287
128 160
276 45
101 272
268 85
256 142
216 249
105 238
239 180
17 202
26 220
242 40
155 250
155 191
57 98
126 188
10 168
220 50
136 50
220 4
170 197
117 173
232 66
3 95
19 119
298 200
164 208
265 181
29 248
299 13
