300
9000
87 99
102 10
277 133
234 289
72 208
221 195
160 72
18 279
288 96
124 195
141 100
217 249
79 209
73 126
86 25
69 147
63 110
258 68
217 134
195 300
56 205
28 11
281 149
202 18
271 249
101 74
4 50
121 199
24 231
228 108
74 105
246 87
219 253
239 220
299 4
138 74
108 295
233 52
74 46
201 14
248 210
213 219
85 288
203 250
288 69
212 151
156 227
299 247
162 124
15 210
66 164
21 197
261 274
175 124
162 268
40 198
145 264
28 237
17 92
75 136
230 88
273 70
18 228
213 11
153 210
175 240
271 24
23 44
17 177
211 204
11 175
60 15
74 201
101 12
183 220
246 26
241 239
183 186
133 209
95 23
44 90
175 62
170 33
6 118
263 220
241 260
238 173
197 187
116 27
225 20
200 258
103 98
219 226
7 98
35 26
32 4
93 68
268 160
60 122
119 209
167 107
279 159
167 215
229 63
178 69
273 131
90 166
1 273
88 212
283 245
183 215
201 11
95 28
85 35
66 92
235 36
169 171
83 226
172 172
156 209
283 86
176 198
196 187
294 91
128 38
87 59
256 229
191 237
145 117
251 272
63 98
182 183
152 234
237 217
286 81
48 224
5 84
229 238
79 265
186 87
31 275
211 10
120 130
169 110
48 83
263 122
76 271
86 269
125 241
230 145
2 6
210 167
46 294
49 284
244 93
19 255
87 178
169 144
173 58
36 9
128 49
164 58
239 24
95 109
19 274
58 147
21 138
43 253
24 65
73 281
245 137
276 113
107 92
32 102
27 281
67 63
171 247
92 66
15 25
210 172
39 20
209 182
282 246
220 282
85 196
22 136
208 194
140 237
258 115
238 246
151 133
200 93
162 216
255 153
281 57
6 56
193 17
160 12
174 214
267 54
24 259
288 219
290 197
16 181
83 274
26 135
236 63
255 51
183 223
171 168
116 75
251 231
283 52
222 220
115 259
18 179
29 251
61 61
51 198
225 210
152 141
55 145
247 53
172 274
155 86
275 291
191 287
42 120
130 77
10 185
169 239
174 293
293 134
26 161
239 40
21 274
197 50
31 158
230 212
165 71
161 227
234 284
230 234
172 294
42 117
102 188
240 129
4 75
61 132
297 255
250 6
75 15
253 158
168 49
48 97
185 297
193 104
166 236
111 80
102 19
238 258
295 245
279 251
157 225
94 246
267 117
22 18
160 96
277 279
240 216
240 226
256 291
155 238
186 39
200 215
261 92
46 50
49 134
55 46
151 237
115 38
197 41
290 96
160 123
249 34
155 47
75 109
146 156
265 290
144 119
287 126
46 211
4 151
187 21
39 2
255 26
192 280
271 298
247 93
137 111
213 175
230 178
45 65
294 38
232 63
17 208
161 279
74 19
286 83
202 294
82 234
149 190
47 82
38 227
28 113
152 62
93 209
15 14
283 245
38 135
42 217
143 104
130 252
54 93
186 209
227 14
79 141
120 216
39 225
85 26
296 87
215 52
25 82
153 119
289 286
197 198
267 158
162 36
47 18
238 220
274 197
40 81
279 123
195 70
141 68
56 229
30 235
113 217
292 58
57 217
179 270
10 65
106 182
34 163
218 138
149 147
134 231
220 165
195 104
252 82
243 96
9 149
113 267
60 197
36 91
3 290
50 253
254 129
287 93
99 190
83 49
138 216
152 9
168 70
141 95
150 14
186 137
290 255
120 75
47 211
34 166
190 173
147 234
267 260
155 283
104 41
190 197
271 192
14 46
266 178
184 152
242 255
177 62
107 222
268 151
292 154
136 139
241 264
133 169
132 231
168 49
291 126
48 218
36 232
89 237
115 155
130 90
75 110
186 100
82 151
6 105
28 257
288 249
169 228
57 293
297 279
65 106
111 225
262 25
1 244
245 107
128 182
264 293
188 76
49 9
78 38
7 185
259 234
85 212
36 44
127 288
38 263
288 12
129 272
98 298
289 128
245 107
211 189
183 241
236 132
173 102
97 204
252 69
158 264
98 53
231 196
295 190
49 204
100 229
157 28
41 57
8 170
98 290
217 158
98 81
141 287
201 250
244 85
222 216
81 38
232 246
174 107
151 192
124 125
234 228
95 176
33 138
185 175
265 84
170 174
20 83
164 258
249 116
46 185
280 237
159 276
183 73
119 45
40 112
277 260
162 121
264 232
212 67
74 235
134 26
103 159
245 261
25 92
155 42
154 122
207 75
227 86
80 249
137 181
24 111
142 82
84 26
102 54
204 43
182 136
190 73
4 141
96 44
26 221
31 16
203 223
92 81
294 107
57 28
169 6
179 262
158 66
113 180
148 118
240 135
122 40
230 2
177 229
134 275
257 162
260 265
217 272
73 254
160 124
108 109
259 295
71 226
247 261
25 46
94 296
164 5
79 79
55 53
195 116
182 21
140 86
18 122
99 107
201 97
8 85
276 108
104 164
80 32
159 252
125 223
79 27
55 92
277 280
142 300
270 127
192 106
104 41
222 188
17 130
256 284
121 147
37 30
62 86
197 154
295 3
160 216
91 194
156 209
277 299
298 163
279 9
89 27
98 103
126 80
124 159
291 126
66 134
134 23
123 30
227 208
161 83
37 71
136 229
289 22
197 253
215 27
16 188
161 38
169 271
242 75
210 69
70 51
158 273
176 24
287 168
63 31
215 173
49 128
157 90
56 286
159 113
19 258
188 167
182 208
61 28
207 269
198 212
194 135
201 144
176 263
299 184
109 98
294 265
188 223
80 230
125 175
180 100
129 12
75 284
292 238
51 12
228 223
236 98
74 266
33 168
46 32
156 296
120 257
241 97
108 76
78 269
300 121
258 240
191 68
132 131
248 27
154 51
50 31
268 71
113 83
123 290
151 183
122 59
132 227
253 178
104 270
173 46
45 217
145 119
29 15
159 216
300 115
64 106
112 15
219 228
164 18
247 72
120 111
148 101
54 4
36 293
95 119
54 191
290 71
273 188
50 49
61 119
61 76
202 36
53 199
166 105
197 109
188 134
255 176
121 87
239 36
123 215
214 195
190 218
212 18
189 100
52 284
14 273
144 160
296 236
126 99
233 211
242 145
192 160
35 43
246 33
94 183
112 47
74 109
123 285
197 61
238 58
90 213
166 148
39 51
162 192
193 166
282 235
122 270
141 136
60 22
152 87
143 59
253 85
200 236
77 245
190 252
111 145
144 248
211 64
99 257
207 181
45 63
115 290
291 139
116 157
192 225
190 143
142 94
135 292
143 226
221 35
106 65
211 29
188 195
293 40
247 257
231 109
108 53
8 296
98 20
130 124
39 120
210 58
80 242
45 65
29 276
23 13
134 237
38 220
211 295
93 163
135 199
169 19
278 274
230 253
208 281
85 163
168 144
70 266
254 281
215 77
151 8
183 83
287 205
122 218
249 45
173 131
33 165
238 76
52 293
8 251
139 13
21 128
260 277
112 247
120 289
79 177
127 292
219 83
31 40
176 259
131 133
34 177
59 298
31 297
182 119
70 177
118 257
164 95
126 225
14 293
215 64
105 222
189 183
268 215
8 290
92 93
285 110
262 165
30 230
123 186
133 202
116 171
61 276
203 268
65 42
196 178
53 250
248 259
50 250
80 197
82 203
127 67
258 271
5 21
47 238
291 99
105 4
3 295
24 104
147 126
264 292
188 190
296 124
86 121
155 92
182 163
198 148
79 254
61 168
184 109
289 240
190 161
203 160
119 19
19 19
274 258
47 300
120 164
10 277
289 63
222 256
58 128
72 167
156 171
131 69
153 265
96 52
137 278
295 32
259 164
105 200
101 15
167 54
68 50
8 171
283 222
191 40
149 142
222 44
93 83
289 293
102 204
184 220
145 166
218 102
79 61
169 223
66 174
226 41
104 157
248 34
266 44
154 211
70 90
252 214
62 80
274 214
263 168
286 115
286 90
192 236
272 61
140 266
197 294
53 147
230 89
59 21
154 63
23 265
136 278
23 222
20 88
155 101
25 238
265 63
225 261
147 251
77 227
279 243
174 296
150 97
290 194
246 163
6 222
264 93
192 77
191 162
104 177
25 267
219 300
144 208
217 240
125 145
16 111
106 10
228 175
111 86
42 294
224 156
63 143
69 78
65 140
235 198
68 29
255 287
287 191
150 224
147 77
38 76
130 128
223 8
49 215
149 141
110 8
33 274
103 86
50 108
48 252
144 207
262 179
126 268
69 159
113 147
74 199
216 105
262 205
121 75
36 132
114 212
193 63
216 61
172 252
53 193
171 164
268 120
290 106
152 40
214 121
98 213
49 120
137 156
11 51
6 135
191 242
193 263
108 121
268 103
203 222
207 59
292 74
63 288
249 219
254 299
156 11
290 220
51 128
265 191
103 223
28 52
228 281
232 41
148 226
245 262
31 193
148 154
167 286
105 184
159 218
217 127
295 255
258 136
52 133
255 262
142 156
294 158
221 10
211 73
57 269
79 176
131 147
21 292
3 240
135 47
177 72
135 81
274 108
267 117
145 127
286 207
235 237
254 2
300 94
93 296
300 272
196 239
261 196
116 260
66 59
20 153
210 25
134 265
4 95
10 203
83 6
65 281
119 112
240 140
160 131
76 93
107 60
99 136
257 268
150 12
247 183
5 146
106 240
235 262
278 16
124 37
156 122
274 22
172 212
252 242
193 186
36 255
227 76
35 184
10 249
290 82
75 4
256 204
46 36
247 112
32 177
284 175
265 247
105 198
18 147
229 86
115 59
202 203
268 102
266 25
107 110
41 59
285 208
158 84
119 26
242 264
268 127
95 157
262 252
30 57
105 179
292 257
156 259
11 31
209 265
255 220
279 174
103 80
178 32
117 44
44 233
147 77
283 37
117 35
261 28
179 93
22 259
266 218
77 24
18 31
270 203
246 162
161 26
299 158
37 299
131 29
11 291
122 35
118 266
266 187
189 289
131 214
157 143
254 138
282 270
201 98
93 96
214 15
31 45
270 196
247 68
101 169
89 100
114 208
157 171
140 277
17 269
14 259
214 95
159 207
57 162
43 36
144 28
63 219
7 277
74 155
261 175
264 235
80 119
103 167
256 151
257 247
41 13
138 236
191 284
9 287
252 280
194 29
185 146
8 247
168 96
149 229
49 145
247 170
272 57
57 89
103 232
61 164
90 25
63 244
246 83
212 111
254 18
65 118
92 126
224 255
28 223
173 111
16 134
24 106
35 120
239 198
184 237
294 16
207 139
109 185
36 47
175 225
130 119
167 233
57 183
122 78
202 81
268 225
125 125
54 287
232 205
34 190
52 43
114 292
201 119
124 57
239 278
90 71
231 111
239 200
21 293
58 16
175 85
234 191
105 241
106 289
58 227
250 238
252 103
283 205
170 32
59 63
132 128
250 67
166 137
230 132
61 12
247 101
23 272
94 22
64 77
19 17
149 168
247 280
284 244
148 86
283 241
84 9
95 2
87 195
288 61
56 157
184 28
220 95
183 58
275 156
99 12
246 18
113 246
222 275
17 194
151 300
50 103
59 99
14 145
18 285
294 235
40 136
3 263
134 258
12 35
241 172
64 176
143 133
240 110
61 266
76 108
180 268
70 190
258 108
219 23
10 157
295 152
197 132
156 235
287 105
141 208
24 243
91 32
245 27
7 88
77 64
69 62
259 221
86 279
239 236
147 9
138 34
122 4
203 35
76 190
267 232
246 256
40 283
43 126
49 155
97 160
103 255
300 272
197 184
159 1
46 84
94 26
262 119
21 81
137 21
55 76
191 106
192 152
25 207
178 136
56 268
20 268
38 298
255 145
235 299
219 270
233 38
55 236
281 241
191 36
12 156
27 229
61 140
160 233
147 273
196 223
102 76
203 282
162 181
227 88
237 53
127 117
261 259
157 93
123 200
125 84
198 62
56 188
51 27
140 216
178 115
9 92
269 111
205 29
203 201
287 11
45 225
142 9
274 195
225 137
119 197
84 14
143 33
100 203
177 116
225 300
100 173
120 283
237 19
276 100
4 216
189 278
157 108
42 70
266 50
188 124
116 18
96 151
79 109
213 115
173 226
151 151
130 271
227 106
25 295
96 69
210 212
260 180
59 110
271 74
124 299
123 101
123 135
275 180
270 141
246 87
98 294
92 61
234 218
198 231
246 80
146 109
32 281
180 227
92 281
130 255
255 188
88 15
81 161
118 275
8 195
244 99
76 272
167 35
259 38
204 90
240 61
252 96
40 26
144 93
60 136
260 101
9 222
9 273
229 206
295 44
244 123
123 286
18 254
61 296
273 287
169 177
237 227
96 39
261 282
60 57
68 9
14 83
103 119
57 299
219 168
150 50
250 216
18 117
256 104
204 173
177 161
172 261
226 1
245 9
93 23
88 136
136 163
299 106
165 102
283 289
171 210
235 288
209 105
185 264
169 276
251 220
178 233
28 160
264 193
230 230
210 171
247 68
9 118
287 235
29 195
102 215
1 224
86 234
44 98
91 190
171 47
121 84
253 13
209 183
299 244
15 178
230 58
243 259
27 18
134 138
89 229
75 58
70 223
290 35
56 19
203 96
114 20
232 275
111 137
70 74
229 231
105 36
157 43
130 261
167 14
7 87
100 20
269 87
165 64
34 299
126 232
175 212
243 259
122 250
269 67
256 76
267 75
201 121
99 35
218 135
147 59
28 285
234 62
43 278
236 59
213 80
141 16
162 79
237 274
276 90
285 170
42 10
281 230
30 67
273 285
129 152
153 202
137 207
189 90
40 135
155 118
126 276
297 96
146 53
106 244
293 102
270 20
90 270
188 36
73 229
165 173
185 7
153 30
170 22
194 221
24 29
200 113
36 113
169 80
212 169
67 117
203 43
231 26
146 62
255 41
12 88
236 63
66 6
37 210
107 209
29 92
30 283
228 254
132 78
143 75
236 233
42 147
16 290
72 1
268 132
233 11
55 147
173 256
68 232
55 294
5 125
262 210
97 167
288 107
263 260
230 232
55 277
141 144
297 300
73 205
157 90
65 287
32 158
1 261
147 95
279 31
143 216
240 240
248 16
9 167
166 17
266 279
1 260
38 184
12 54
100 227
99 83
138 42
223 60
168 119
113 286
264 20
149 148
137 269
222 124
181 29
69 49
100 62
68 83
188 180
286 208
75 278
93 234
116 94
61 96
255 190
228 46
73 79
269 277
186 84
185 9
56 297
192 88
250 127
186 15
127 81
295 77
96 259
86 231
186 207
182 246
68 235
223 13
2 181
280 198
94 26
125 22
176 156
292 215
208 278
112 171
246 220
35 46
274 189
52 131
200 133
211 151
202 286
82 135
193 59
234 117
84 139
293 243
116 141
225 90
77 154
120 213
232 156
52 172
296 199
167 3
228 141
122 223
115 99
108 40
254 230
204 137
70 183
208 91
279 94
161 170
46 154
72 6
75 280
164 232
41 163
137 131
277 168
241 1
221 63
246 1
174 87
16 64
49 30
141 101
236 91
98 194
51 37
273 218
208 27
42 213
266 117
21 251
147 123
87 155
136 55
79 99
69 165
144 11
100 224
169 280
57 40
231 111
78 182
10 171
136 293
129 239
89 87
60 152
174 19
123 153
83 19
155 167
185 278
214 192
260 69
137 174
162 43
202 158
22 181
76 47
280 131
181 157
175 280
293 151
264 248
273 178
177 269
188 300
21 232
122 169
153 8
138 184
4 228
209 11
260 208
255 232
216 189
235 86
36 255
29 272
257 167
175 97
68 114
141 80
26 129
148 164
244 5
116 16
86 293
290 57
250 81
54 138
296 2
94 87
138 256
224 47
174 45
145 161
10 274
281 93
187 13
244 42
16 100
256 91
201 30
239 175
262 261
295 8
38 171
97 161
177 164
133 125
33 166
238 167
161 244
28 224
173 184
292 190
93 96
258 141
6 207
135 29
186 200
295 282
155 9
280 113
206 244
80 5
132 250
153 204
115 111
260 118
68 7
103 184
99 234
89 209
16 53
117 149
222 47
100 78
248 198
142 90
45 63
55 193
95 59
57 25
135 54
87 182
36 275
207 23
131 219
243 69
167 150
60 141
276 295
243 189
95 22
110 283
2 40
216 223
236 46
28 135
111 100
72 160
109 163
145 66
54 45
68 273
81 131
217 101
29 152
129 262
91 41
6 189
298 93
77 147
260 151
262 238
61 270
283 184
260 91
269 154
232 148
214 91
155 90
195 5
160 264
13 206
159 126
175 104
242 107
33 255
25 77
198 275
14 251
54 116
263 154
58 124
230 266
192 28
9 189
277 268
11 12
169 71
289 14
35 208
241 74
20 19
281 41
279 267
54 285
284 294
110 122
225 46
20 230
209 158
39 18
38 181
162 28
39 10
28 159
48 167
73 161
79 96
40 109
62 190
271 123
243 202
39 5
275 26
54 234
55 230
36 175
266 180
188 198
159 234
147 58
262 71
235 151
264 193
261 151
2 228
254 224
240 3
196 268
282 95
205 34
29 162
47 84
102 97
243 66
234 55
247 244
100 286
14 85
258 176
61 95
150 228
132 72
143 177
126 297
119 203
95 242
126 66
196 51
97 33
28 78
271 2
104 41
83 40
65 76
183 190
167 79
203 269
126 285
259 174
267 175
117 91
42 125
118 27
201 153
201 113
63 84
282 189
271 153
210 241
116 279
3 292
245 148
68 16
18 19
88 209
10 66
118 135
94 166
68 174
155 156
233 296
182 14
137 87
158 32
6 161
189 272
204 286
269 11
29 242
62 283
85 269
4 40
299 139
300 291
69 187
165 97
291 135
103 218
50 146
61 101
231 171
87 260
176 55
27 267
132 140
88 120
60 274
159 14
71 221
124 1
3 104
84 270
180 110
230 12
236 90
145 282
282 146
180 196
147 285
137 50
44 10
230 128
262 284
172 83
76 196
265 7
188 42
69 256
171 105
57 97
223 96
52 247
59 153
22 9
248 165
35 116
92 9
119 204
285 16
176 273
282 220
34 36
139 232
39 250
11 197
261 22
192 157
243 99
140 265
258 195
5 132
10 234
7 8
105 53
118 36
269 106
225 196
77 11
206 203
80 127
63 116
144 174
98 275
179 28
50 290
260 250
43 270
49 61
183 224
11 5
177 108
51 241
115 286
14 271
220 168
211 274
243 57
228 164
130 163
218 179
41 154
212 257
169 6
90 69
260 123
272 65
194 197
57 26
164 199
34 141
191 53
96 232
173 228
279 282
173 141
151 207
5 50
94 230
253 154
45 198
101 188
291 112
26 240
145 123
216 148
58 295
298 87
272 173
66 154
300 16
257 149
159 184
93 39
169 166
169 32
148 177
165 43
36 162
89 213
143 94
200 50
145 180
235 198
226 105
291 90
99 59
56 47
53 146
122 226
272 216
256 238
249 135
123 107
125 260
13 88
124 9
210 281
135 139
171 167
114 57
21 231
190 13
279 275
139 296
42 281
33 207
255 169
49 236
294 36
92 135
104 10
107 113
14 73
225 165
157 115
129 188
58 270
12 91
232 171
182 85
84 130
224 87
224 115
162 35
163 221
67 156
107 182
122 60
273 197
133 66
262 56
36 257
37 286
54 35
132 133
96 93
149 179
165 275
277 179
283 165
147 137
20 81
211 6
73 114
18 152
150 20
275 89
139 30
143 121
194 159
235 246
32 267
4 201
205 107
220 91
109 95
39 217
157 114
54 76
156 172
52 3
200 151
64 20
58 13
96 129
147 14
180 294
36 243
137 125
44 74
237 88
43 198
141 271
208 191
153 189
50 257
21 15
152 154
285 150
77 281
186 44
273 206
137 138
155 169
13 63
65 43
188 195
196 141
76 177
233 257
87 269
120 300
102 109
226 108
269 113
111 81
289 229
157 209
101 78
93 15
97 292
241 239
152 112
252 32
77 36
208 249
42 90
10 278
86 29
89 79
40 172
206 26
199 59
295 219
28 189
261 47
70 173
275 289
220 233
107 177
99 235
23 183
244 294
199 175
20 255
121 180
24 207
79 84
121 108
290 146
136 286
58 185
50 287
8 104
213 200
64 6
252 75
90 4
151 283
134 299
215 180
206 24
223 84
178 43
10 30
174 109
5 269
195 126
167 155
81 149
138 82
131 199
35 30
180 198
122 242
155 7
265 299
125 285
123 238
34 140
117 76
299 217
89 16
19 295
76 246
209 207
56 298
15 63
28 70
154 155
180 172
29 85
278 250
119 293
109 18
284 241
201 83
293 187
71 210
159 114
19 32
12 16
41 279
65 33
194 256
74 86
109 69
238 207
9 157
241 99
275 129
241 130
54 284
50 14
65 57
48 144
218 120
286 71
95 124
280 166
32 266
37 58
65 72
37 251
45 183
278 255
51 144
19 208
233 295
172 57
2 25
180 255
178 84
60 279
94 52
81 214
275 85
103 37
75 198
293 111
31 166
178 152
206 12
297 133
46 59
168 15
73 300
171 31
8 102
281 46
164 228
138 32
274 5
36 139
9 225
147 96
83 247
226 66
206 240
267 100
122 113
145 245
46 87
175 80
105 85
167 78
83 238
294 213
145 247
87 43
58 64
107 271
157 70
206 213
227 243
256 100
48 85
3 107
9 51
202 93
50 253
269 246
84 171
236 36
274 187
161 45
209 254
184 126
274 270
88 97
285 36
20 24
76 81
145 102
237 156
131 300
11 95
235 245
179 278
192 198
83 185
201 168
203 113
228 219
32 92
248 14
6 47
287 4
221 271
36 183
84 237
126 41
275 148
70 49
136 146
266 214
34 177
7 165
143 231
116 199
290 163
1 105
100 33
282 94
159 39
119 234
196 247
286 126
121 46
41 182
180 289
270 214
236 222
42 64
116 294
103 34
186 145
250 69
99 284
26 159
200 192
240 286
139 34
226 143
247 181
276 85
274 219
233 232
181 180
147 293
110 32
276 199
29 7
172 42
135 147
276 36
300 203
272 288
137 85
230 196
54 237
181 141
141 4
246 238
92 156
44 20
279 242
279 122
221 206
10 50
260 203
259 55
90 214
72 174
270 10
163 80
106 124
161 22
125 296
104 101
137 54
225 225
198 32
117 14
241 199
287 171
135 246
98 40
126 72
53 136
28 93
257 7
208 217
233 17
187 100
244 57
298 124
2 90
85 53
89 109
26 224
198 5
2 209
96 1
296 2
264 204
1 297
272 267
221 150
163 44
286 300
259 28
130 79
67 66
256 258
194 166
67 250
252 250
121 144
263 95
73 202
263 76
38 8
89 251
37 61
85 207
245 297
38 122
293 282
248 7
78 278
222 288
78 110
71 4
260 149
34 157
39 252
293 191
110 80
94 146
20 197
24 51
127 59
241 8
122 249
3 246
289 189
63 181
78 223
135 118
177 130
270 120
35 25
151 168
47 86
92 102
217 244
112 300
257 274
270 142
163 183
64 272
297 214
166 169
119 284
153 81
258 28
262 221
208 211
175 186
50 151
82 236
129 284
274 263
237 140
8 190
224 159
195 264
43 292
5 101
235 197
245 93
279 77
101 255
95 205
64 247
48 289
72 140
248 33
95 237
59 248
3 96
230 272
157 32
78 271
271 85
204 96
202 167
101 86
137 2
255 252
295 229
51 116
185 101
149 176
288 206
138 159
299 78
182 224
277 256
44 79
107 273
151 299
81 19
297 32
160 118
193 254
112 139
159 106
142 217
132 191
149 150
107 289
296 161
45 101
215 249
133 162
152 212
255 231
143 152
55 33
41 270
273 282
16 2
149 169
239 21
10 196
151 238
123 282
278 264
161 95
269 249
66 108
241 196
246 212
31 86
249 286
183 206
185 81
27 76
152 10
212 263
9 74
85 111
103 139
68 157
109 186
234 52
28 5
242 214
227 47
35 124
284 174
277 211
227 49
279 20
69 135
155 128
94 55
193 224
97 281
293 189
170 183
293 20
20 101
248 8
151 183
179 60
275 71
125 246
64 122
161 100
232 299
30 82
266 143
67 229
87 161
19 170
144 92
275 125
199 69
262 96
170 53
59 96
82 201
256 53
91 161
49 228
42 187
59 22
231 136
265 258
22 218
147 195
155 98
246 10
174 195
133 266
29 46
45 254
278 7
288 274
215 60
129 268
99 296
271 271
43 295
255 104
177 213
95 106
180 6
225 190
117 261
136 88
108 79
222 2
254 296
117 69
195 138
258 202
266 239
19 284
23 173
39 29
170 67
79 239
121 121
182 136
210 149
25 57
234 110
75 17
142 101
236 294
266 49
78 144
51 202
209 163
295 214
54 61
93 128
248 37
255 187
118 204
207 222
2 211
287 264
123 282
226 235
255 188
180 62
229 212
129 176
1 282
43 2
120 197
38 32
211 117
188 247
108 201
153 85
90 82
115 171
243 152
12 282
22 256
159 191
223 104
39 212
295 238
102 198
280 46
123 209
62 94
263 283
235 58
172 125
280 121
249 163
41 117
65 94
1 33
212 202
297 105
160 128
129 77
34 46
113 251
50 261
118 43
291 57
184 154
249 292
70 13
41 173
18 25
255 191
251 250
79 181
236 132
162 18
132 244
260 289
5 128
203 156
131 111
171 236
288 157
175 147
145 8
45 36
57 18
16 238
194 99
197 119
134 10
13 237
104 49
290 43
141 247
122 225
82 268
235 88
7 181
57 267
290 263
43 140
203 205
116 109
267 272
49 225
102 215
96 143
253 111
36 82
229 188
89 107
292 239
218 247
206 77
3 258
58 39
168 58
154 246
186 45
270 244
66 135
279 73
161 68
70 45
131 212
138 63
32 6
265 197
223 208
17 280
72 78
206 158
75 142
54 137
175 272
270 260
32 108
31 249
100 86
159 149
84 129
240 277
47 185
289 297
189 245
289 119
183 226
209 40
168 242
193 73
204 119
112 167
205 46
141 245
155 145
107 226
79 2
212 121
148 165
184 140
104 276
32 102
91 187
212 84
83 196
249 120
241 206
169 5
261 282
226 264
230 182
132 170
116 108
252 269
82 218
65 107
96 262
128 156
170 281
255 39
286 7
40 156
235 20
84 152
194 69
250 182
280 238
190 34
135 131
210 300
123 38
203 219
195 261
56 215
201 73
22 222
202 165
242 47
260 148
45 215
88 135
87 227
11 293
120 299
199 101
279 223
129 178
120 152
25 288
145 247
128 195
198 30
245 299
167 17
178 178
111 227
145 121
283 23
41 273
17 273
39 75
141 62
44 211
129 246
70 74
122 215
222 143
23 13
189 171
11 31
215 258
182 172
159 137
84 265
209 130
5 228
6 216
299 267
110 217
144 235
104 160
114 184
152 112
181 264
99 264
202 230
181 223
41 280
55 180
155 9
81 192
193 294
114 7
21 292
168 21
54 148
79 82
40 152
89 68
139 148
121 25
277 27
189 199
239 69
60 123
137 17
156 46
199 54
201 200
178 48
42 133
113 214
98 24
73 229
108 60
245 142
285 97
217 294
68 206
246 191
185 144
89 152
280 59
227 206
271 133
148 90
239 294
134 164
260 191
123 270
195 234
271 284
189 252
128 33
150 120
234 56
256 184
118 33
255 282
295 27
56 174
182 90
32 118
95 46
92 92
150 56
46 8
261 53
25 244
262 299
285 255
255 140
70 58
161 290
131 266
282 213
91 60
101 78
74 41
244 112
55 162
290 59
34 50
109 40
10 167
21 211
30 271
96 157
229 160
129 75
129 173
273 9
75 47
177 243
176 163
213 190
264 284
69 151
284 100
199 44
197 64
167 32
129 218
77 49
240 20
193 196
129 141
66 19
142 247
158 147
96 47
130 72
77 191
126 139
134 210
247 128
30 111
35 21
90 177
214 109
30 89
83 109
71 12
103 34
110 17
131 176
297 241
281 131
133 54
252 100
228 249
230 100
285 12
42 139
283 8
64 237
171 16
231 285
187 158
69 145
213 114
145 74
275 102
212 204
192 155
131 274
63 62
253 177
85 44
177 32
93 211
202 119
250 51
238 145
269 278
8 207
158 135
291 274
28 52
127 298
124 95
162 194
288 137
74 6
274 279
32 5
270 279
23 259
43 283
247 95
105 131
248 203
66 138
117 142
65 48
230 172
299 187
86 258
281 195
101 155
136 99
48 66
239 283
275 23
236 190
297 89
21 71
180 243
276 38
256 203
149 67
78 49
141 218
92 268
214 178
160 211
143 77
185 178
165 197
164 27
139 119
223 280
264 274
283 157
247 240
207 179
161 175
174 222
114 286
279 34
232 92
203 35
121 66
112 91
118 293
272 19
253 3
180 258
83 228
188 275
296 182
235 190
105 225
189 37
224 223
20 1
29 172
255 67
21 81
184 159
240 204
74 246
108 275
246 223
295 284
4 278
94 271
62 71
182 44
87 56
269 212
154 124
179 150
224 278
13 298
257 196
144 251
257 113
175 220
52 19
233 285
169 129
75 74
34 183
264 111
27 108
262 300
128 188
52 21
29 251
135 284
296 217
97 180
42 257
197 283
184 9
188 135
168 274
40 150
249 128
2 167
70 181
98 61
244 189
128 217
286 160
50 50
61 139
11 294
223 45
223 271
253 10
141 291
169 200
20 46
244 256
283 260
63 252
37 160
227 150
208 75
180 88
223 35
162 108
218 161
296 226
119 156
262 293
87 220
218 6
74 63
110 177
130 243
243 221
170 151
213 297
92 86
84 154
203 188
270 46
83 148
176 113
82 24
271 231
93 135
207 183
237 281
190 63
40 225
168 258
45 185
34 21
160 161
158 67
191 300
201 130
191 99
192 167
211 20
46 247
164 280
217 272
161 277
146 52
16 26
242 65
28 157
34 168
55 159
300 233
213 277
76 205
180 238
91 41
70 299
254 92
152 203
239 52
59 228
164 285
161 193
61 168
260 215
191 197
66 44
132 84
55 13
157 297
233 149
152 25
52 81
218 285
216 232
113 67
19 162
11 124
29 98
81 87
108 224
166 287
19 254
64 272
104 163
5 105
249 152
233 88
294 139
142 181
124 205
279 193
65 22
74 209
120 48
182 91
228 265
69 91
257 15
64 124
29 266
86 293
124 26
120 167
114 270
98 140
236 133
84 160
154 141
198 151
175 248
129 291
8 261
299 275
258 115
70 89
253 262
83 231
113 161
77 72
91 273
278 160
28 90
66 202
240 127
129 215
209 149
121 214
111 285
197 180
214 198
61 150
67 158
151 144
243 184
251 251
101 294
254 273
198 168
253 249
23 61
193 104
38 183
116 211
162 191
161 238
276 234
33 150
37 41
43 144
69 123
122 93
214 191
87 174
134 77
56 163
137 270
150 291
125 25
218 67
224 118
259 152
185 241
269 257
42 131
178 212
287 208
140 88
256 6
198 145
204 161
190 213
117 71
295 13
55 6
230 123
178 176
22 248
54 263
63 150
252 208
157 47
97 93
214 188
178 120
264 69
127 263
196 178
218 81
73 60
8 247
31 121
166 266
159 84
293 203
136 176
143 95
183 30
238 293
142 256
38 47
100 9
33 12
1 114
41 136
41 31
228 104
141 267
111 70
292 259
50 38
79 256
183 211
155 45
234 143
147 238
28 53
251 263
294 14
13 151
109 228
217 175
226 17
187 199
45 263
237 114
81 274
89 233
256 47
234 206
35 73
181 243
20 21
188 174
151 224
274 242
67 22
213 177
166 85
193 242
143 223
130 293
1 287
284 54
47 57
17 92
141 132
192 115
83 18
163 107
191 7
272 73
267 118
214 285
282 68
284 287
254 215
293 279
16 94
28 169
3 154
116 134
287 14
275 21
294 172
49 75
98 190
220 167
39 65
289 199
211 121
69 141
219 234
154 285
95 162
5 182
154 148
89 66
294 148
104 231
221 291
61 237
232 121
48 88
116 76
163 288
89 292
286 238
25 4
136 147
244 232
106 118
154 34
277 91
244 200
282 267
259 281
253 144
168 277
100 7
268 92
58 50
195 166
300 70
163 9
183 28
49 286
239 293
206 188
71 210
94 288
46 65
169 163
2 124
265 168
278 177
149 76
53 287
239 23
240 243
230 10
22 139
56 145
27 166
184 192
292 162
173 135
24 103
221 16
29 245
97 110
48 18
200 248
152 232
87 207
100 2
90 242
97 168
209 286
295 58
194 170
93 129
68 169
25 204
71 149
17 106
120 212
241 14
202 62
10 174
157 72
170 143
199 12
94 19
167 171
30 15
84 38
4 20
68 49
104 143
70 217
145 67
5 13
197 88
176 151
102 30
273 160
87 42
21 106
262 93
254 185
216 242
279 155
289 220
244 116
268 100
207 166
111 213
246 244
76 5
236 144
299 14
117 58
7 74
127 225
168 265
228 9
189 264
244 15
106 103
160 198
6 50
93 82
2 209
67 274
288 108
153 230
141 145
163 191
152 153
287 175
134 23
64 26
81 80
7 8
58 273
212 101
159 217
127 208
83 159
75 232
211 165
117 132
47 116
58 226
255 259
280 287
237 237
263 97
233 273
248 253
296 101
239 193
155 154
102 56
62 203
206 237
125 289
188 202
77 22
194 241
262 106
79 206
112 174
160 116
252 145
208 221
86 299
147 228
111 4
29 173
93 258
137 294
231 87
269 113
270 23
47 111
217 27
95 247
150 103
128 40
225 266
112 105
24 171
42 183
116 13
165 223
227 137
161 238
133 237
260 45
66 248
51 79
184 34
201 193
295 55
228 289
196 113
241 158
145 52
100 227
70 298
238 216
25 188
122 109
286 197
270 168
177 36
168 142
71 77
89 166
250 176
118 241
56 182
128 192
188 283
112 227
194 23
1 249
192 18
267 284
144 64
160 40
116 273
120 51
142 43
110 87
89 138
283 272
263 99
147 49
92 230
228 228
164 296
203 238
48 147
277 94
4 73
108 209
141 156
158 77
43 165
300 82
65 181
78 134
120 300
88 4
8 107
91 270
145 43
256 240
297 230
144 169
129 125
112 162
52 48
120 167
86 133
103 6
70 236
223 116
251 32
230 185
109 274
58 195
188 223
72 264
236 3
156 37
86 136
87 38
145 264
265 81
175 168
64 47
109 87
8 27
179 60
179 233
256 209
198 249
72 56
188 103
125 122
291 107
241 154
87 224
268 21
78 295
46 65
190 207
25 136
138 165
164 208
6 220
6 206
233 49
18 206
235 68
116 171
63 53
53 174
260 76
100 53
21 193
110 273
103 240
218 4
217 268
119 267
261 213
189 19
103 103
42 182
226 283
116 86
251 16
53 196
264 229
296 204
96 176
21 162
76 196
42 23
293 79
150 83
119 19
231 48
136 90
213 107
186 299
292 23
158 155
57 210
167 237
65 215
169 62
276 12
201 109
187 155
167 213
297 274
56 86
300 30
105 64
101 118
41 133
32 163
92 295
294 11
255 134
265 171
253 5
299 19
70 229
168 184
70 239
269 14
149 171
294 204
239 278
135 51
128 48
280 77
287 247
85 217
188 48
51 185
32 109
112 87
87 55
164 102
181 10
128 47
273 182
69 158
289 62
291 175
98 203
262 40
145 172
197 171
293 284
4 231
195 294
155 285
267 21
9 293
180 74
67 22
121 208
79 44
259 183
123 98
283 41
295 100
259 41
84 85
162 45
140 27
224 109
158 251
254 56
235 242
41 174
166 147
228 8
290 142
17 50
198 107
66 85
185 89
220 48
68 96
73 191
182 249
243 265
219 95
282 198
192 242
5 196
97 72
151 236
241 128
185 155
88 220
253 78
9 299
235 75
297 29
290 120
76 223
118 45
32 258
129 95
1 146
161 187
211 220
153 200
77 193
88 83
129 3
211 78
49 114
117 220
43 100
20 270
244 1
34 4
137 278
283 254
38 184
158 278
72 204
70 120
123 232
16 166
57 195
143 113
262 198
192 285
89 204
23 11
69 143
224 64
12 4
9 20
214 25
287 94
37 20
239 64
50 70
181 66
129 183
132 117
80 288
129 161
201 252
84 217
100 255
18 207
72 267
118 21
77 135
91 150
263 213
171 90
63 14
210 272
267 97
126 183
83 22
207 144
183 13
128 36
74 214
256 95
138 49
4 268
202 185
270 292
240 248
66 266
94 102
210 208
147 227
236 132
56 51
111 282
70 257
24 300
8 239
193 98
246 16
165 238
180 153
252 45
115 297
240 281
231 99
124 143
86 9
8 93
261 270
73 88
177 107
36 40
206 117
284 267
276 120
255 193
116 9
79 115
46 184
40 148
72 97
53 289
180 51
63 113
235 5
125 38
149 75
193 156
229 244
70 174
200 2
181 13
31 85
298 243
35 249
6 138
186 208
285 187
85 8
202 279
220 70
130 47
200 8
276 290
89 66
241 176
59 155
64 18
148 281
177 109
206 108
265 198
297 215
290 285
56 262
204 122
34 25
97 225
1 153
2 165
244 95
66 236
74 153
57 83
60 175
163 259
204 271
287 186
231 266
68 118
191 19
52 185
102 297
299 111
57 58
177 139
161 58
292 251
7 136
136 250
196 147
91 17
61 177
138 256
178 42
282 106
21 217
137 182
291 192
215 122
152 284
30 208
271 61
275 130
79 239
151 111
136 183
108 22
9 79
3 262
245 215
67 40
66 184
293 191
219 95
197 224
184 141
138 205
190 205
34 30
225 202
34 204
235 103
125 207
176 12
258 283
36 27
264 210
2 198
262 150
229 166
282 217
114 247
22 250
105 47
170 293
81 192
67 217
104 11
74 190
192 109
189 235
118 111
218 196
55 140
66 193
141 70
7 212
265 9
218 128
64 130
129 74
227 76
51 206
195 250
233 182
97 39
179 217
69 37
74 165
49 173
20 89
24 231
213 143
132 93
117 246
31 216
155 159
38 286
87 14
6 198
243 163
288 114
77 161
45 195
298 126
192 22
242 126
259 103
230 68
175 67
296 136
78 140
142 11
189 280
251 225
24 94
156 37
229 137
71 153
108 270
124 6
253 28
295 72
68 34
184 5
69 70
76 84
173 152
249 159
190 160
216 82
223 184
176 40
101 15
143 157
263 285
257 30
160 195
15 207
102 169
213 37
240 106
222 117
77 231
96 161
237 147
22 170
140 264
169 132
83 73
144 154
207 56
13 241
247 253
261 289
159 99
171 153
244 164
251 199
160 179
212 105
252 49
237 242
16 57
234 60
202 238
288 243
212 100
73 36
11 249
104 67
118 216
227 269
109 71
48 27
109 234
51 129
4 172
128 154
34 106
2 141
47 23
278 240
118 64
227 209
32 276
58 5
117 168
127 35
18 137
192 152
78 299
206 136
97 185
263 212
87 286
171 108
42 174
24 95
267 295
175 190
228 294
231 294
62 102
221 159
148 20
142 25
235 152
206 275
195 135
42 297
45 124
285 157
92 274
246 229
212 142
225 148
126 228
271 200
139 150
49 30
179 41
81 285
2 151
204 209
111 83
51 266
88 149
236 255
120 18
32 200
136 282
132 224
276 82
286 182
68 245
157 171
242 166
68 108
298 105
163 267
164 216
184 289
160 7
98 208
223 247
173 118
171 117
256 105
60 256
45 258
192 297
87 59
187 182
60 83
164 94
18 101
199 55
176 151
6 218
221 69
123 285
282 259
17 2
160 33
21 123
254 67
211 294
127 156
168 115
232 171
277 258
146 273
51 270
63 51
89 32
192 208
273 214
156 115
107 53
90 58
40 105
287 127
149 118
189 282
70 160
77 154
235 105
112 146
32 278
183 168
51 4
111 57
233 178
51 20
159 176
178 120
196 253
243 276
203 152
204 265
42 101
88 199
204 22
99 68
251 199
243 221
45 259
187 61
68 87
230 187
292 126
207 192
265 212
71 114
8 6
216 91
289 77
158 124
17 299
137 202
265 203
185 103
38 223
55 173
295 300
58 282
279 243
78 47
168 238
75 155
203 25
133 22
60 108
290 187
131 18
217 67
68 226
219 89
101 151
32 186
121 16
156 186
73 285
241 29
224 46
107 234
285 199
123 153
73 55
18 23
290 24
22 17
130 15
30 104
271 33
131 104
197 2
168 112
101 131
167 258
76 174
167 98
176 293
237 72
224 297
207 22
155 224
195 267
8 220
5 77
206 252
105 165
62 141
26 9
261 25
184 144
196 270
138 155
105 163
75 6
9 74
211 179
298 76
240 234
286 142
18 18
154 86
122 167
247 151
276 1
274 138
76 214
87 90
130 39
106 278
221 160
196 19
99 135
54 66
65 2
225 83
249 83
71 290
269 90
90 178
115 230
54 212
224 214
273 270
236 80
124 288
239 58
246 208
206 14
44 287
255 5
169 139
258 131
165 58
126 278
33 180
124 28
279 254
106 93
260 183
16 22
30 99
195 254
209 147
245 119
262 164
210 41
152 42
236 194
211 22
169 196
164 228
64 144
248 51
162 179
149 100
285 30
244 91
253 125
130 74
210 8
189 131
40 234
290 193
284 106
184 282
162 74
127 57
250 121
176 245
261 112
168 255
112 112
214 205
120 57
268 111
20 243
92 273
197 71
8 189
107 57
267 278
274 200
166 47
195 129
74 56
139 48
173 259
241 210
61 253
98 228
183 63
257 90
283 199
231 6
155 276
46 253
30 291
8 162
116 198
16 204
76 127
149 275
5 243
102 103
244 287
12 207
203 164
283 114
270 107
198 5
98 199
162 299
276 119
111 240
181 253
50 226
285 154
270 158
89 184
15 115
47 49
154 169
51 272
154 156
222 127
123 44
85 213
175 169
79 271
285 164
228 245
210 252
290 202
269 42
205 2
111 250
38 129
94 54
247 182
166 78
115 10
87 60
130 63
269 81
290 230
9 163
96 50
40 254
191 123
281 293
15 295
178 135
148 62
201 249
207 250
290 156
287 165
18 24
61 66
155 216
203 94
13 271
132 8
63 131
35 106
38 171
279 187
250 191
161 138
265 221
256 47
246 10
27 56
142 34
233 155
173 72
278 147
97 292
52 76
101 147
275 249
255 287
167 279
91 59
35 43
145 33
190 69
90 100
289 41
21 38
131 47
179 106
127 45
172 174
213 186
81 278
225 172
103 202
292 299
108 239
105 78
9 186
268 33
276 226
155 30
66 300
252 46
205 168
202 173
45 55
147 158
184 100
182 191
188 128
264 191
57 281
163 117
37 164
158 267
154 37
210 185
120 226
101 239
169 184
202 162
136 197
128 26
70 154
71 54
56 62
115 38
141 64
250 70
164 287
252 208
266 176
136 143
52 188
185 186
79 34
78 176
283 88
177 105
120 62
143 118
246 129
31 216
207 99
244 174
179 45
296 260
293 82
288 57
233 125
230 114
97 149
20 38
223 221
100 17
287 140
38 14
216 180
10 134
2 277
223 43
5 48
105 262
149 76
43 162
114 3
227 77
254 198
28 102
80 211
16 169
226 12
91 291
113 124
269 79
272 21
295 120
149 195
290 125
145 273
89 261
132 1
152 256
199 207
133 104
98 38
53 83
120 29
186 182
160 271
93 261
130 129
270 27
76 259
264 204
246 182
224 165
294 7
45 195
231 125
263 164
199 183
26 94
30 263
194 258
254 19
280 260
13 234
150 57
6 44
88 32
231 136
99 289
276 131
24 129
129 259
207 234
137 95
50 252
67 126
118 106
46 270
181 166
293 249
257 1
135 31
123 12
71 31
174 148
97 214
134 221
88 276
90 94
45 66
139 218
261 284
32 240
201 189
282 59
224 187
126 43
54 127
249 211
148 165
203 34
58 122
249 262
52 193
74 251
295 75
142 31
54 222
15 295
6 43
69 96
296 72
138 223
6 133
141 13
59 241
241 47
44 80
285 49
179 286
80 121
253 132
279 274
36 149
130 184
50 146
31 255
182 265
71 187
58 232
44 225
77 215
141 189
262 189
186 175
213 94
200 284
79 68
44 1
16 181
248 224
248 144
171 2
148 1
6 22
245 55
89 270
155 157
208 13
185 34
122 115
4 36
122 2
229 108
12 177
128 98
177 79
114 256
107 82
69 147
214 190
109 116
72 191
228 193
70 214
57 187
298 231
12 199
179 37
237 134
32 236
168 114
115 251
164 201
262 170
270 162
97 6
245 81
6 70
257 122
240 290
14 176
74 214
244 290
238 78
137 196
13 222
251 2
269 9
7 119
52 7
166 115
259 7
34 203
220 261
191 228
50 248
192 203
120 165
78 99
36 132
262 74
188 196
58 262
202 115
40 234
36 169
161 28
21 57
98 17
139 281
173 141
5 201
255 293
119 98
26 287
156 231
156 224
142 184
181 162
215 25
9 289
87 21
131 142
72 190
17 168
226 103
47 211
65 21
93 2
6 182
48 234
218 192
284 212
255 74
278 12
13 98
101 238
57 221
33 233
166 297
230 169
167 211
223 121
140 116
33 172
204 200
181 233
194 15
243 120
169 109
125 298
124 108
89 132
29 197
66 194
152 149
57 135
166 208
72 54
249 68
199 22
224 186
155 160
1 129
89 104
68 254
76 256
45 211
116 185
85 102
258 36
39 298
182 275
56 277
103 120
95 267
101 55
225 293
224 278
187 252
105 27
75 139
177 253
29 2
27 66
96 133
231 165
204 260
18 174
90 169
119 143
64 199
121 262
296 176
175 263
299 182
158 132
238 196
165 172
30 215
179 236
121 26
81 215
252 282
226 252
22 187
249 291
244 262
170 91
35 274
266 132
241 216
183 126
100 188
197 53
113 298
145 194
159 154
296 174
19 86
102 28
250 97
191 3
288 169
60 2
105 78
100 209
201 235
18 61
204 17
227 130
40 250
293 88
75 235
38 239
91 156
181 184
300 146
142 84
285 292
121 19
252 24
19 219
294 35
174 300
86 152
272 281
167 131
262 8
128 273
187 79
171 285
87 109
7 3
171 233
184 240
139 213
24 50
195 199
92 261
176 248
42 237
166 276
20 198
114 41
148 186
15 42
158 187
205 80
109 226
6 155
194 118
72 107
122 21
178 201
119 227
204 126
169 300
235 125
99 213
218 203
83 68
187 133
114 43
278 120
146 109
55 32
183 54
58 105
286 156
201 92
80 184
17 278
23 191
122 292
98 285
50 228
8 195
133 124
229 76
62 211
172 294
198 113
271 225
197 54
99 188
284 291
133 167
119 265
57 275
154 65
106 67
119 51
49 133
4 284
268 123
126 35
269 159
257 46
224 145
64 219
104 223
278 153
227 179
12 48
39 289
62 227
14 45
47 63
106 45
55 170
65 105
221 277
7 298
251 140
73 300
222 59
163 174
238 255
135 205
297 128
54 159
91 245
54 60
13 157
245 125
133 185
245 130
72 204
225 33
192 31
207 130
97 222
144 4
172 102
168 257
127 245
166 115
116 142
261 18
26 17
207 235
157 6
76 26
264 197
14 234
75 298
293 144
226 159
85 140
69 41
111 115
82 238
172 204
129 121
209 69
87 205
70 10
172 53
94 25
258 281
58 182
192 78
143 45
186 72
47 277
251 159
179 62
232 51
25 299
193 233
1 193
131 73
206 122
203 251
14 123
112 172
189 249
260 88
32 38
188 18
13 38
6 187
150 60
90 221
17 73
13 283
134 207
85 191
27 86
184 206
255 268
24 18
254 39
31 92
162 72
219 133
53 27
275 285
216 131
156 205
145 134
96 124
295 180
182 198
256 118
97 142
91 186
156 125
181 48
280 283
297 212
132 288
138 235
110 113
113 128
76 12
102 219
10 270
225 3
104 150
142 170
298 111
44 84
69 50
194 281
233 226
203 61
3 53
133 250
116 92
166 182
147 233
115 109
217 38
34 88
15 90
97 39
11 188
138 292
95 186
294 76
145 212
179 228
278 296
141 73
98 174
84 111
116 210
27 66
160 46
26 121
62 33
104 246
148 206
223 257
284 26
170 290
259 68
289 6
185 93
101 288
88 206
247 279
76 165
47 239
211 120
97 175
63 140
269 9
134 111
102 24
242 154
237 120
154 169
8 5
283 98
151 40
269 148
180 275
249 189
272 194
110 4
107 291
216 274
264 224
146 63
26 243
136 161
178 132
280 233
162 120
127 105
256 85
88 257
285 200
222 266
288 218
145 153
227 215
6 109
127 298
22 205
20 185
154 61
119 214
103 226
240 149
75 70
201 249
188 247
3 199
213 288
54 234
118 260
137 232
162 10
243 61
27 194
5 180
171 187
189 127
37 216
239 95
18 177
19 252
147 237
180 183
4 287
137 287
82 264
181 271
270 182
295 93
171 95
126 292
217 111
133 4
39 95
65 283
127 284
156 228
186 104
263 80
168 61
118 67
247 88
27 268
78 112
139 148
166 38
217 75
93 137
225 146
101 62
8 300
47 113
262 116
298 264
212 146
41 262
169 165
17 82
216 25
167 229
99 151
216 276
55 87
117 211
32 92
98 156
178 50
177 280
136 252
13 8
250 273
248 237
131 46
57 292
217 265
91 278
264 155
178 124
137 159
154 146
208 110
129 161
183 164
239 282
110 129
156 1
119 281
262 122
82 30
236 61
57 274
91 139
130 249
100 1
30 198
73 199
228 227
72 222
265 1
219 142
82 76
276 87
283 152
139 162
178 206
267 182
189 26
278 88
101 264
123 280
273 86
49 264
188 114
178 99
256 32
202 201
78 213
159 160
190 297
77 134
67 49
253 121
264 262
232 293
290 107
224 169
179 268
81 235
107 236
101 67
71 67
9 209
105 244
203 290
280 115
143 146
36 46
264 10
160 177
191 242
102 295
78 93
39 226
239 268
265 105
129 72
239 1
133 171
30 231
250 212
94 79
279 203
232 259
97 36
152 159
243 248
277 74
213 80
214 121
270 63
262 180
80 244
95 226
291 10
256 79
259 24
258 299
199 91
197 93
45 26
64 226
141 107
206 82
110 33
199 127
76 75
41 84
84 263
267 3
20 197
145 19
298 161
223 220
98 167
281 16
151 116
213 143
65 21
44 100
201 173
174 160
258 139
181 8
128 83
33 162
6 54
8 271
252 81
275 207
51 283
247 224
91 58
36 157
295 19
146 144
239 21
71 93
167 72
186 71
160 286
47 57
282 107
87 104
223 120
267 218
297 48
100 162
30 212
75 56
272 25
10 17
121 153
181 10
46 122
242 14
220 10
200 176
24 290
294 118
97 101
286 87
101 252
214 131
37 125
55 101
249 178
109 218
19 143
83 232
92 281
235 260
103 40
229 139
127 124
129 253
295 144
201 88
209 67
161 43
100 80
213 290
76 69
200 260
285 268
225 215
197 26
203 40
26 29
74 273
6 211
155 251
191 88
58 42
298 181
238 180
109 196
157 198
53 74
235 124
210 196
130 149
89 220
129 270
99 149
82 268
163 189
258 116
236 224
112 300
288 81
265 182
195 86
46 144
230 193
192 202
84 241
140 259
193 233
53 144
2 9
226 83
57 19
82 248
61 147
38 39
24 74
221 20
169 20
286 220
131 7
269 225
269 5
11 255
105 300
268 12
10 285
38 103
153 231
226 283
199 186
207 270
234 231
13 122
212 223
217 11
3 229
163 217
104 115
53 134
233 27
190 41
272 213
256 214
280 100
230 238
241 259
36 75
219 200
241 232
90 214
8 254
130 9
259 67
281 21
12 7
275 252
221 54
135 50
146 106
261 41
23 10
85 41
89 286
97 56
27 194
108 151
280 107
131 224
246 195
225 21
45 92
265 203
189 248
99 2
245 55
206 52
71 53
288 146
209 69
289 224
235 296
183 179
30 228
141 204
204 269
202 166
110 26
169 275
85 45
228 206
103 186
287 293
147 266
242 123
260 232
49 75
14 84
148 253
263 215
163 260
155 281
197 241
174 28
262 64
229 143
228 206
201 291
97 212
246 181
149 51
241 149
255 17
21 220
256 196
264 194
198 256
86 182
241 43
41 153
29 267
32 78
54 54
205 279
127 164
219 142
151 246
203 102
12 6
249 53
88 13
193 270
116 152
100 1
296 260
168 117
56 18
207 8
159 271
188 95
124 176
1 222
96 83
70 178
223 139
267 75
288 158
192 51
16 165
18 38
192 139
98 150
84 106
198 244
83 95
88 193
199 48
37 288
201 235
217 238
112 33
200 125
290 70
234 82
31 243
110 196
156 186
73 158
185 143
65 236
35 152
95 253
292 16
210 161
15 32
277 170
275 55
254 179
198 289
267 38
231 171
143 193
273 113
277 242
39 165
178 257
21 240
257 123
220 163
215 119
126 7
170 53
126 267
200 287
29 215
248 10
268 226
56 98
145 125
5 117
178 145
176 87
243 189
20 131
109 213
194 132
108 98
133 32
14 99
98 104
128 2
220 219
182 48
145 136
284 286
110 281
44 197
22 258
41 47
57 180
8 36
162 121
195 81
203 263
168 128
198 30
299 243
94 132
112 78
102 182
56 123
238 107
81 163
4 42
234 207
226 163
91 211
198 5
24 4
280 203
278 138
35 43
51 229
12 193
194 282
195 64
43 217
148 260
236 298
201 276
71 137
130 145
250 259
249 124
126 50
160 63
223 79
275 293
67 286
256 288
84 120
179 16
127 252
235 8
70 82
87 212
64 253
8 149
98 46
62 161
48 225
105 120
230 122
281 215
12 215
4 17
83 66
254 286
42 238
149 291
58 43
219 171
41 94
245 54
193 104
119 153
274 268
119 68
82 103
35 72
147 78
67 189
60 26
271 65
60 104
227 202
100 202
35 51
239 94
267 293
189 174
269 59
225 148
290 194
177 92
18 81
275 128
157 66
102 149
79 143
5 294
204 276
21 283
86 84
217 7
2 204
253 40
73 221
154 180
98 52
125 150
201 75
277 151
173 55
219 170
52 78
37 192
138 190
222 257
101 294
83 269
116 144
74 129
46 194
129 22
88 178
204 2
149 40
249 191
99 262
165 215
291 175
65 191
159 243
228 254
15 127
95 51
191 4
72 252
47 249
264 229
17 98
157 251
249 136
133 191
12 93
96 268
235 212
293 67
182 116
24 133
56 60
108 101
210 228
40 209
107 63
274 97
270 84
196 187
196 11
95 4
242 182
86 7
209 154
140 288
32 111
145 17
122 86
196 286
245 89
262 102
20 280
84 162
279 202
202 143
212 31
242 247
43 29
58 144
87 176
265 213
92 63
34 44
65 7
243 280
238 180
117 197
277 67
138 172
141 38
289 42
165 225
73 51
144 117
6 4
14 165
14 278
130 189
89 33
65 163
154 279
83 81
250 133
115 271
209 189
140 84
194 115
156 166
243 40
271 237
17 200
12 294
135 236
47 115
94 23
79 243
102 13
244 208
280 95
157 274
9 286
188 241
100 268
92 290
239 110
60 148
206 200
225 117
192 85
291 148
87 297
282 2
188 94
246 64
109 240
288 134
254 121
93 201
198 99
125 174
159 161
177 98
10 175
205 158
140 299
150 254
216 231
112 104
137 216
17 247
247 188
140 119
141 128
17 248
100 56
28 107
56 261
38 268
17 137
109 259
12 81
114 62
149 42
181 184
238 282
218 10
151 38
176 57
8 12
298 42
272 121
251 223
46 201
259 152
270 226
146 138
30 29
121 154
281 30
299 56
199 187
85 170
265 271
102 63
293 44
46 252
265 123
271 30
265 273
114 51
247 100
12 172
218 279
279 237
300 186
240 137
31 197
85 133
223 149
161 265
201 100
249 108
174 190
285 61
94 218
63 249
81 68
63 206
120 153
77 296
103 88
248 44
234 98
193 129
298 42
52 88
170 199
216 180
166 52
147 92
296 158
258 74
76 88
193 61
216 59
13 124
127 117
201 279
286 81
300 248
147 22
15 101
53 70
280 287
226 300
65 216
136 77
60 175
99 284
167 135
296 115
251 289
55 1
216 210
34 232
167 214
21 213
112 95
286 179
248 114
186 2
173 213
21 269
281 202
12 176
219 255
199 296
236 133
19 124
273 225
40 65
224 36
176 152
65 84
37 193
55 241
244 34
273 279
137 139
134 248
205 272
168 81
261 10
246 275
124 89
275 256
164 241
266 81
253 280
266 252
249 231
63 19
132 120
209 257
231 213
117 21
275 287
196 100
206 253
230 209
29 27
67 162
182 297
73 196
72 237
166 183
118 150
108 205
167 64
215 269
263 73
110 145
244 258
2 104
238 198
38 1
39 272
298 38
60 227
208 129
193 5
122 172
266 77
104 185
68 88
148 264
139 296
183 252
283 30
189 37
257 116
44 14
240 250
8 34
248 168
232 157
269 294
12 138
167 26
19 106
70 11
243 260
28 159
128 262
179 61
269 110
17 205
273 118
185 185
39 279
132 248
126 159
167 176
191 247
42 66
94 102
92 180
258 116
191 290
90 210
3 46
40 187
130 78
42 33
148 275
73 112
151 123
235 78
11 242
175 116
103 212
48 280
269 51
69 108
137 264
276 266
298 21
177 105
295 247
248 252
19 179
52 21
197 267
40 147
111 5
247 61
213 133
107 157
28 278
141 266
229 149
88 286
154 164
28 245
82 203
67 182
30 22
136 155
149 2
122 48
132 84
270 5
90 216
127 289
3 142
99 235
71 65
53 67
275 237
280 92
121 97
178 189
87 213
127 147
9 168
279 147
84 1
134 138
114 72
145 289
216 101
263 68
254 35
59 8
202 234
243 53
82 160
299 278
229 73
259 52
83 300
212 73
134 133
213 11
199 84
209 162
223 195
90 53
291 94
168 6
182 149
69 173
250 40
33 156
147 3
103 174
260 100
131 290
73 8
89 248
214 230
190 218
106 16
287 33
259 62
94 2
173 197
56 72
64 93
258 282
73 83
103 222
66 72
287 10
220 223
283 292
150 12
254 124
175 146
165 22
274 11
150 259
33 125
98 62
237 8
275 106
218 12
261 28
220 11
12 282
186 34
253 37
195 279
111 89
14 46
74 152
211 160
251 76
174 243
78 162
56 136
28 227
73 176
167 85
200 190
28 127
44 226
167 124
281 31
102 172
264 267
139 86
234 217
185 35
109 74
153 203
5 202
113 129
268 44
257 183
273 95
52 79
237 54
181 254
100 142
205 192
101 23
111 123
144 144
86 281
225 288
146 253
82 39
114 156
14 59
198 5
247 88
167 83
73 102
144 275
204 292
126 184
138 23
25 140
101 172
127 132
23 26
183 132
131 79
11 235
251 261
191 93
290 280
43 185
223 207
212 251
142 188
297 16
256 263
293 100
260 30
239 245
49 56
140 124
119 202
59 270
247 201
268 137
164 94
161 97
107 175
114 193
4 49
43 41
39 171
47 35
266 41
178 299
122 30
35 205
251 135
113 100
9 215
19 234
254 218
127 77
176 111
223 57
100 181
93 241
102 139
300 123
224 88
3 226
204 231
237 99
134 41
70 129
52 299
18 21
124 187
211 186
246 140
149 154
228 223
113 148
269 147
288 120
243 231
252 21
257 238
171 114
22 261
144 68
298 57
166 205
165 16
271 91
254 207
108 85
235 279
182 103
99 209
28 99
9 237
291 93
268 228
129 233
96 118
193 40
136 265
300 235
267 208
168 224
32 189
262 267
61 163
167 275
251 271
152 141
64 172
239 254
234 15
296 290
262 65
54 124
113 190
59 10
251 96
28 241
141 62
173 128
96 151
44 26
7 287
253 78
87 176
49 208
262 237
205 140
7 60
154 273
202 149
263 258
5 169
15 116
278 194
118 244
154 192
66 223
5 134
241 213
61 49
298 73
270 31
114 49
185 206
279 218
51 34
186 104
183 225
205 175
109 104
262 19
245 79
167 88
272 125
203 127
158 37
195 14
221 110
10 260
299 291
140 69
243 83
259 33
272 131
28 30
100 218
147 199
187 111
229 136
117 183
65 251
86 264
31 275
81 132
18 10
157 186
123 207
240 188
178 253
117 275
244 200
290 116
149 188
197 73
144 264
256 239
23 121
109 131
242 183
165 262
81 48
16 201
189 265
170 120
223 216
247 12
205 158
115 21
217 88
232 150
97 262
124 152
212 124
207 12
224 127
154 66
137 232
14 51
21 114
53 185
207 155
73 190
215 227
206 184
179 283
213 131
109 287
15 154
59 64
156 282
1 135
154 207
73 286
14 95
104 52
33 189
48 25
69 242
218 293
16 153
128 134
147 228
129 243
226 291
143 72
225 16
104 148
18 32
59 128
264 218
209 218
73 250
86 183
279 185
126 168
100 195
164 87
143 158
287 147
248 125
105 166
186 116
257 54
75 206
99 105
79 31
276 275
172 65
9 197
175 19
226 109
270 156
201 249
156 189
155 182
171 288
88 130
211 152
175 43
132 23
12 143
159 186
229 184
136 244
295 222
240 13
287 53
249 207
156 224
201 62
92 200
14 181
154 225
273 299
270 117
272 149
99 260
224 47
103 212
39 250
270 80
71 193
296 255
228 258
272 119
193 288
97 162
11 70
116 70
94 194
191 142
137 164
137 118
256 142
87 255
171 253
254 86
131 94
76 4
261 80
192 240
259 87
297 214
160 135
284 249
81 2
275 255
205 259
284 243
15 297
208 258
54 74
119 219
271 195
58 158
277 216
11 123
225 51
58 43
214 3
147 82
264 275
68 161
299 278
244 8
297 23
200 16
7 73
225 90
161 11
300 261
132 9
86 44
211 199
109 48
98 251
17 118
198 93
127 239
105 39
237 232
120 86
283 196
12 111
203 207
185 100
194 245
83 300
6 202
11 120
149 190
224 245
219 131
276 182
187 64
163 283
202 259
117 241
43 64
36 289
195 45
9 41
148 258
143 287
184 19
185 269
4 94
142 104
188 149
244 140
52 126
60 250
138 145
227 176
120 31
247 256
245 101
63 91
155 187
219 260
218 182
257 158
240 92
127 171
281 134
160 61
215 219
263 23
170 296
120 141
48 34
205 14
262 251
91 118
163 82
167 126
92 219
245 70
180 9
144 234
31 252
124 120
126 155
58 216
181 205
114 24
271 244
125 177
248 41
102 280
227 73
9 276
201 228
38 66
196 241
235 266
60 130
55 94
199 152
169 162
233 155
143 161
155 92
170 273
274 209
31 264
174 147
168 259
177 201
80 79
66 48
41 189
20 65
233 33
147 140
37 78
288 152
54 153
74 97
41 283
270 211
126 242
239 2
114 252
71 124
154 165
21 84
149 48
105 5
90 206
197 88
222 286
157 126
141 119
103 267
203 289
258 218
111 61
53 72
48 2
18 151
186 69
58 107
174 133
130 123
299 241
106 116
130 40
273 256
3 13
265 101
37 64
223 75
233 4
249 252
29 109
274 125
38 177
193 227
259 223
72 20
261 52
57 243
154 204
266 160
238 79
270 11
206 149
279 212
56 181
171 191
191 42
16 125
146 214
28 86
139 3
42 42
44 61
65 219
166 111
36 298
195 205
221 91
110 107
246 180
97 52
257 157
226 279
87 118
166 79
272 217
283 172
182 267
233 178
66 251
31 263
140 217
173 121
101 214
220 169
277 48
116 158
250 283
289 138
17 106
47 275
39 4
213 294
253 279
133 266
249 192
183 103
202 62
91 206
117 132
295 79
203 156
1 140
124 273
217 74
263 180
278 203
95 177
110 247
261 87
50 278
261 186
180 281
56 282
171 133
148 235
102 42
68 195
287 273
253 177
24 30
77 88
101 236
20 14
258 38
223 229
184 48
169 113
133 122
190 223
292 126
35 172
242 268
135 252
68 127
259 168
102 147
269 113
211 89
124 173
34 284
167 90
205 88
298 125
190 10
220 56
177 156
189 45
64 137
262 35
73 25
8 281
245 46
81 267
93 15
108 20
243 218
52 294
84 270
182 28
68 131
83 87
148 207
187 34
199 138
10 75
192 143
26 112
97 20
21 80
7 200
130 232
155 133
259 292
61 268
148 179
72 296
96 230
101 126
32 269
290 275
95 268
168 158
3 79
23 127
240 270
163 33
298 160
132 219
32 217
55 176
13 119
231 172
255 60
186 121
83 290
13 133
88 210
170 152
15 61
200 242
282 56
201 111
297 166
183 110
134 114
5 145
51 9
56 59
50 236
139 43
31 194
213 240
179 104
260 51
155 126
186 56
225 184
57 283
19 40
158 41
13 185
184 289
137 78
280 149
233 124
246 6
195 112
230 141
132 40
146 212
229 114
294 59
213 36
217 226
151 278
152 228
102 158
153 5
109 108
200 28
20 74
247 195
12 52
51 111
86 87
197 84
2 177
121 122
133 167
43 198
234 98
254 145
84 130
121 3
200 118
168 252
92 18
228 152
240 128
110 277
50 98
134 74
42 11
200 79
124 193
139 81
99 182
237 7
299 73
236 281
177 17
235 248
93 106
255 47
189 216
178 240
167 118
62 71
200 62
171 225
65 201
6 199
299 111
249 67
58 221
139 285
207 190
153 254
30 273
3 28
136 169
65 283
114 155
55 266
249 12
177 14
90 95
225 208
62 144
1 265
252 250
156 125
283 167
51 206
66 265
181 238
134 140
148 104
128 201
68 248
235 75
179 124
27 124
39 270
237 115
160 61
258 132
244 14
62 235
214 84
49 26
287 88
195 115
150 180
193 153
141 292
101 131
51 22
104 180
67 68
186 116
225 229
16 253
155 57
148 139
108 130
133 37
272 1
249 28
266 106
254 200
128 299
9 125
116 93
33 236
88 82
177 95
145 240
59 204
284 241
78 22
37 11
267 209
295 142
70 216
116 23
54 8
94 83
73 48
121 132
35 186
30 2
85 225
205 9
242 164
72 86
126 171
294 86
104 248
176 230
35 193
207 219
252 247
34 146
125 279
161 266
49 244
47 204
34 253
38 259
106 52
28 154
95 84
275 153
215 13
200 298
232 180
280 189
218 29
277 32
190 142
12 185
119 201
256 20
185 149
266 220
282 180
173 259
173 213
99 192
6 195
1 240
56 71
160 142
152 165
236 18
191 28
115 251
140 67
70 56
152 146
249 47
144 212
298 201
75 142
23 224
152 294
251 246
101 285
209 237
192 168
132 243
41 300
276 236
27 74
193 177
108 229
123 164
40 174
94 211
239 90
22 115
67 210
62 21
157 164
163 210
19 91
12 249
16 224
142 292
57 35
194 9
94 93
269 55
215 99
41 149
255 60
288 162
44 274
276 145
238 40
142 32
196 242
203 137
9 27
289 287
264 134
181 201
53 104
189 230
282 209
59 217
45 45
182 23
284 195
218 273
83 129
245 206
115 50
207 70
189 146
221 254
201 46
159 233
146 243
253 152
73 26
218 260
287 185
235 86
67 152
4 134
277 37
112 20
87 292
21 141
50 25
185 82
274 164
119 70
205 179
21 56
1 181
59 52
142 69
211 93
115 288
204 207
77 3
199 103
24 144
66 278
51 91
124 284
243 108
44 251
188 28
289 40
110 218
16 280
233 102
206 259
222 27
192 284
139 70
197 141
27 29
41 139
74 228
70 111
187 22
27 189
260 165
239 170
15 156
156 216
40 131
169 38
126 155
45 31
150 260
118 160
119 5
101 151
139 5
24 122
259 222
221 19
19 260
214 18
224 99
51 204
274 76
221 23
227 30
47 24
236 205
41 204
177 139
3 115
104 295
296 223
237 122
1 163
244 57
208 149
8 184
21 139
82 125
45 104
31 215
235 246
46 117
119 30
23 51
115 186
51 194
299 66
126 178
95 53
118 212
135 123
92 189
56 238
194 195
128 95
246 227
257 119
283 236
3 189
148 175
64 259
117 126
227 272
162 200
93 149
205 204
16 69
224 24
226 293
277 64
41 217
117 24
241 171
150 44
91 97
121 197
142 180
41 67
221 273
229 287
29 66
67 161
4 2
250 202
109 234
88 173
270 147
33 274
161 165
195 216
185 205
204 123
271 181
293 53
285 162
41 296
165 82
236 38
286 78
15 185
124 24
126 247
292 279
174 253
56 228
257 184
256 186
178 81
252 63
253 100
137 8
33 70
147 249
121 208
83 59
235 282
29 6
127 105
291 221
24 10
275 206
89 61
97 196
253 85
238 161
172 247
1 280
51 206
165 58
202 52
34 230
233 285
8 127
245 71
294 54
274 164
76 23
28 11
67 28
215 8
212 11
40 54
147 180
86 94
255 131
135 172
198 151
295 12
273 167
292 147
137 120
80 273
103 97
273 111
210 167
214 210
230 253
257 192
131 105
245 180
202 182
261 241
72 284
297 209
207 5
104 216
139 217
2 8
297 17
91 40
131 157
179 217
116 269
199 19
237 77
25 256
220 279
31 206
30 204
296 283
27 278
136 142
47 125
30 159
177 76
76 32
95 87
276 139
193 43
117 226
118 145
174 191
273 190
235 94
166 298
19 111
103 189
167 92
196 39
184 294
134 106
242 184
217 299
102 103
146 1
262 205
1 198
261 209
199 50
61 247
33 64
229 288
91 37
292 96
240 170
134 146
256 84
254 189
224 89
220 143
120 232
279 156
289 142
261 237
57 5
53 12
291 202
290 9
300 150
11 24
245 226
40 233
285 160
198 157
52 99
112 162
294 62
272 190
224 270
252 48
199 146
57 65
30 212
130 51
299 162
9 52
88 83
40 146
99 184
86 155
269 190
94 88
76 77
105 169
200 24
287 278
193 25
265 241
246 120
251 107
248 222
270 67
218 116
230 34
101 172
168 161
105 298
231 195
25 139
141 118
233 274
257 223
199 19
267 134
71 161
69 261
245 157
240 197
176 250
276 209
161 102
73 252
85 101
259 180
113 90
62 208
250 155
251 78
53 87
154 92
121 95
179 109
230 215
163 117
296 99
202 16
207 49
278 47
21 164
72 20
114 293
176 261
258 190
123 71
230 27
118 157
79 243
263 43
107 36
53 40
79 274
84 118
115 210
191 134
4 52
96 64
102 182
206 18
14 63
63 239
213 184
154 152
28 273
33 131
298 276
267 287
238 171
267 126
154 106
99 146
121 191
28 235
52 25
106 151
257 129
75 18
261 240
92 236
107 180
136 240
265 296
165 28
128 30
270 286
63 49
218 8
78 65
165 175
95 290
148 280
141 256
84 282
179 289
238 264
191 13
70 155
145 23
43 40
297 186
202 135
105 262
141 120
225 155
100 21
273 13
98 200
232 91
228 233
274 2
135 284
117 74
134 1
182 223
82 180
19 234
59 242
44 239
34 34
259 252
195 208
79 14
182 62
253 300
52 172
272 23
145 102
166 224
161 89
155 18
67 195
229 110
192 300
6 132
101 114
290 169
216 123
7 37
148 41
163 28
229 82
266 121
66 124
160 270
33 194
234 260
54 163
9 134
60 151
205 115
163 147
148 21
26 88
114 116
49 122
288 140
27 281
188 37
237 43
67 82
207 188
47 86
168 102
49 202
205 277
161 140
133 268
253 263
24 119
94 78
162 189
173 23
195 244
108 119
195 193
167 39
288 136
55 144
209 205
299 136
242 186
180 169
200 69
135 60
62 66
278 238
15 223
142 43
91 92
143 163
285 47
82 67
28 1
175 254
230 265
222 182
265 297
18 249
53 206
279 39
145 223
130 118
198 111
202 297
33 184
65 86
212 222
190 95
171 264
280 210
91 18
136 63
229 220
298 64
116 51
218 142
202 64
271 191
269 72
75 184
112 26
51 158
214 265
297 87
38 167
143 180
166 22
19 185
27 56
286 276
62 200
50 160
37 232
150 181
129 17
284 53
140 255
44 54
109 185
192 191
205 183
36 40
38 88
169 17
297 212
276 128
118 298
96 186
239 281
131 294
6 96
189 231
164 23
119 101
206 105
1 125
44 97
276 24
273 11
159 227
5 44
146 130
254 199
181 293
157 151
20 17
165 3
21 145
179 200
251 31
65 17
30 64
97 176
54 213
297 208
216 147
83 47
52 217
117 265
289 76
69 229
43 290
146 132
65 254
219 94
2 252
239 105
291 230
44 127
2 181
276 182
125 214
186 68
6 215
34 208
269 175
220 109
85 176
149 21
52 221
126 181
171 229
148 281
25 90
59 278
98 270
47 45
70 111
254 178
42 52
217 121
157 189
207 189
177 160
151 2
144 30
47 293
120 7
24 203
195 290
44 158
33 246
160 222
219 90
100 84
106 3
199 115
131 86
289 66
21 219
65 163
150 4
294 116
153 287
142 90
97 64
45 205
106 112
300 43
54 89
175 129
158 207
91 25
231 279
289 153
268 79
273 31
21 42
273 256
188 282
159 163
123 54
119 32
27 201
278 252
272 93
195 220
262 146
95 267
183 226
165 230
231 134
167 199
33 116
229 115
119 127
197 174
193 145
199 45
135 70
256 277
156 182
94 64
268 187
107 4
280 253
174 277
294 167
184 263
52 282
261 161
39 168
45 127
167 27
236 269
76 135
108 106
169 174
1 280
184 11
96 236
34 6
65 93
42 242
6 54
194 269
135 270
164 128
106 265
205 63
212 132
216 295
9 264
57 249
7 16
225 67
108 79
190 40
143 258
278 4
272 176
187 14
224 84
146 126
22 146
109 265
277 134
256 25
22 136
41 166
144 18
4 193
297 235
12 108
93 294
145 122
141 13
77 25
198 20
200 251
15 130
195 2
238 170
270 224
270 217
243 90
254 159
202 88
279 20
167 280
13 68
9 49
62 129
50 113
1 113
66 245
97 31
11 180
131 204
133 141
300 199
65 274
231 192
269 131
44 72
282 246
296 131
18 13
52 290
11 254
132 270
109 231
14 262
147 74
165 68
111 178
181 229
137 229
163 272
249 158
116 277
90 113
186 90
68 180
291 233
213 187
84 177
262 14
150 45
64 109
236 196
170 15
57 189
59 72
291 239
54 92
74 122
5 219
283 233
23 20
131 157
223 185
115 55
86 252
159 299
101 192
41 32
213 164
138 293
51 205
228 112
177 36
66 185
9 141
156 176
150 235
150 160
173 16
63 287
58 24
45 60
212 22
95 229
1 164
47 181
135 163
28 44
98 111
3 149
143 22
31 288
107 222
48 193
278 270
124 29
252 300
85 59
188 10
109 221
144 238
187 113
190 226
32 188
26 3
221 259
227 121
15 21
227 221
195 205
174 132
224 217
93 148
298 290
132 151
142 31
251 8
90 22
56 70
12 139
280 115
198 27
123 67
107 24
147 137
86 290
244 109
122 81
217 195
136 240
35 131
177 205
205 159
23 218
253 33
160 273
210 203
207 236
252 261
234 273
151 194
278 96
163 213
212 258
216 287
280 40
15 35
201 223
44 109
282 38
236 165
164 122
169 84
199 64
59 109
97 48
118 2
292 41
70 40
235 62
238 261
265 233
248 192
149 181
272 273
132 187
297 114
50 74
130 212
204 113
263 87
195 225
52 150
199 209
14 91
155 257
111 278
122 78
159 88
291 58
135 178
236 5
15 47
61 80
287 133
234 133
51 93
37 209
189 42
104 99
96 247
113 248
251 69
247 285
174 65
266 156
106 245
124 295
30 54
275 232
141 11
76 46
23 221
79 154
74 204
111 149
275 73
62 204
126 102
265 275
25 214
266 20
91 134
237 164
74 115
96 139
242 102
184 236
200 130
20 186
125 181
109 149
131 134
79 54
147 50
59 252
146 121
149 126
52 159
110 276
282 115
103 143
213 215
146 208
126 9
223 188
103 73
267 195
91 195
166 259
270 1
37 211
281 140
37 295
33 136
76 175
82 106
285 217
89 43
139 133
24 125
82 88
70 182
288 245
31 151
153 122
33 168
132 254
289 242
209 116
83 188
77 130
137 130
277 248
42 292
23 233
129 96
53 155
177 269
153 246
125 252
207 89
26 112
278 186
287 283
155 235
31 4
30 265
280 205
82 219
149 76
93 288
25 179
81 109
81 142
119 35
32 252
186 206
126 61
14 40
112 276
258 108
82 64
43 144
9 168
268 287
8 282
190 287
168 123
300 217
277 164
148 151
50 279
71 260
203 161
1 250
118 269
140 269
298 264
38 28
61 193
225 108
59 95
82 221
269 116
204 294
74 185
138 219
58 214
170 125
96 65
296 242
133 31
134 24
98 246
37 251
207 50
152 227
180 117
172 79
202 35
7 113
284 273
5 64
269 30
38 288
22 96
223 138
259 200
103 179
4 225
142 39
69 72
185 184
154 41
197 71
211 208
216 191
142 28
273 280
194 119
181 212
209 170
107 217
100 254
140 22
30 78
287 62
105 272
214 271
279 88
124 210
212 230
54 258
259 166
34 111
170 283
23 137
125 117
205 199
140 213
13 246
219 258
161 10
277 60
49 59
127 118
60 229
90 227
57 249
294 67
121 258
275 110
227 257
100 68
4 135
270 151
150 266
174 188
285 72
165 63
28 117
8 30
186 93
59 181
55 289
119 222
234 55
179 260
233 193
252 294
217 281
127 55
91 240
238 1
92 138
251 59
121 70
17 67
222 129
280 220
85 242
43 215
241 195
297 157
8 19
59 231
187 183
291 229
222 98
168 218
281 92
139 62
141 218
121 154
161 54
242 29
95 271
108 38
87 226
155 191
198 223
267 50
186 32
8 77
126 254
47 54
73 279
2 212
262 109
131 195
226 195
243 17
280 59
218 103
158 99
98 269
67 106
16 98
163 79
260 217
5 289
35 253
31 81
51 152
271 31
99 9
56 4
82 147
218 196
184 12
101 57
190 70
30 20
42 285
267 155
123 146
49 46
53 16
166 129
197 75
118 94
293 254
80 165
46 285
285 52
88 235
161 136
192 59
40 202
244 170
49 25
65 33
204 139
291 286
16 253
47 24
217 293
223 232
115 6
6 182
18 188
277 97
284 233
196 126
90 192
170 120
143 298
49 57
203 125
63 12
14 83
223 92
75 20
284 4
12 50
252 298
72 266
275 138
150 245
208 154
214 153
216 152
153 69
109 145
3 140
187 245
299 278
244 124
157 74
191 181
13 228
56 59
270 34
242 25
167 210
25 215
131 70
180 21
214 92
96 292
4 130
299 61
16 121
203 202
101 123
176 60
243 273
191 23
299 250
11 61
110 154
245 289
228 149
37 179
297 193
168 217
279 213
253 130
244 105
6 107
73 166
80 212
258 233
257 209
282 246
112 21
43 189
87 76
283 26
99 290
119 198
201 63
19 174
220 214
140 291
180 270
163 35
67 179
13 270
86 41
114 272
226 211
1 20
56 144
98 257
135 294
160 192
236 86
250 81
112 182
176 300
78 23
225 286
103 204
113 16
257 184
140 125
250 135
59 55
264 296
264 294
261 68
249 262
189 23
24 248
249 127
52 1
291 76
267 27
274 201
116 7
147 248
40 135
82 18
172 182
175 277
23 72
194 30
184 217
175 201
168 16
264 68
21 37
54 55
102 245
202 149
114 292
75 99
90 55
93 68
182 7
175 205
25 105
61 129
146 213
118 127
107 11
150 167
277 38
230 169
220 117
222 248
238 68
298 93
180 30
51 68
248 13
284 50
102 265
18 189
300 61
95 247
151 68
119 213
54 243
79 293
66 172
83 32
49 4
180 77
274 280
289 6
23 277
268 78
123 92
66 230
40 5
29 173
299 230
241 165
72 170
61 116
28 285
220 173
35 221
73 109
60 272
14 121
143 40
48 182
62 125
155 60
233 295
182 191
122 178
185 251
169 156
104 45
131 170
123 10
212 93
231 87
107 280
20 75
155 206
117 39
253 81
127 142
60 119
192 74
47 85
92 139
115 213
163 151
254 58
221 92
109 69
58 40
112 137
4 40
243 266
36 32
134 87
105 7
204 251
42 40
188 196
17 36
33 48
259 190
195 82
132 98
250 85
138 103
118 94
136 79
218 14
116 216
220 102
190 192
148 275
160 49
65 19
277 220
149 217
179 206
272 12
234 163
149 154
86 220
249 58
25 209
260 76
127 263
201 157
12 92
244 137
247 218
24 58
179 7
244 236
23 139
19 54
90 241
188 107
267 99
44 246
170 210
261 54
125 20
40 25
170 148
106 236
73 274
170 233
84 216
291 38
57 107
181 78
86 114
224 174
177 234
209 125
289 273
235 275
163 119
243 298
85 96
30 139
297 250
34 226
229 29
133 186
241 199
217 14
218 140
230 100
165 237
132 164
64 99
146 163
254 161
183 193
80 49
25 90
19 118
197 152
101 89
269 281
45 84
209 198
144 89
101 186
192 58
295 96
50 216
165 254
80 83
21 115
47 40
151 268
10 278
8 294
152 171
35 119
227 221
114 100
119 52
65 13
237 77
20 275
274 53
245 296
167 262
158 58
91 42
227 78
72 22
271 126
18 239
89 119
210 232
261 239
291 210
143 127
71 270
167 78
209 35
2 225
249 281
64 131
201 223
6 115
268 9
276 134
102 110
13 1
253 11
39 220
2 173
25 48
88 95
165 90
214 173
161 225
18 208
213 60
213 279
55 176
89 62
217 83
203 134
246 102
242 214
261 290
294 153
87 165
221 62
256 249
160 91
37 54
100 30
58 78
25 180
271 216
201 252
157 176
259 273
72 239
184 164
206 8
159 129
219 264
192 64
192 159
263 141
85 243
159 210
165 158
173 32
174 39
196 246
157 255
63 73
177 247
155 249
189 13
104 235
263 106
11 291
213 296
227 285
48 131
208 292
34 247
165 36
285 40
190 272
156 66
286 116
