300
900
153 251
213 269
123 79
200 103
19 155
53 232
124 280
286 40
23 236
290 158
84 40
16 34
235 195
20 184
208 12
219 18
255 84
221 60
51 8
108 47
104 186
294 183
37 12
149 278
276 89
45 231
75 20
135 2
125 266
248 298
276 192
148 210
219 257
295 5
214 2
245 149
229 193
78 49
93 64
291 289
274 226
294 66
230 102
278 216
43 221
228 4
202 58
20 82
149 28
120 38
277 94
172 146
294 247
82 3
41 251
176 183
287 71
247 103
127 61
243 203
123 40
166 106
222 243
98 138
181 118
66 153
236 122
267 63
34 173
297 73
132 238
155 51
17 227
292 291
120 4
283 262
262 188
77 260
129 176
75 104
84 96
254 294
11 52
261 279
63 155
117 274
1 8
245 282
51 89
100 97
71 211
283 190
241 295
198 198
117 253
282 76
126 158
40 81
97 142
75 28
83 75
40 261
222 219
105 29
114 91
140 147
156 281
202 161
115 207
220 177
12 89
267 137
65 176
260 140
123 105
147 169
83 18
220 115
228 295
137 71
28 133
131 197
173 76
217 202
175 171
171 250
90 21
76 155
117 57
189 253
203 256
109 69
128 135
52 176
211 10
209 108
211 100
77 18
74 31
154 104
22 219
272 111
83 186
22 286
129 33
246 36
90 134
249 140
187 199
29 104
46 69
1 204
115 290
194 141
203 160
182 154
282 77
24 273
296 293
142 183
177 112
155 91
277 123
199 136
233 117
66 221
168 149
206 235
182 188
265 51
156 30
60 11
273 127
289 51
211 202
2 161
239 43
193 171
266 272
10 22
263 292
97 250
206 154
179 114
286 137
25 59
30 65
134 238
77 64
98 148
157 265
244 20
161 274
9 44
224 66
265 140
180 191
155 205
10 261
36 290
78 291
82 217
95 44
27 141
164 27
53 234
8 99
285 202
145 146
263 86
14 126
254 134
111 193
290 279
134 103
9 148
186 295
180 247
171 77
269 116
129 135
110 97
237 15
66 107
195 276
101 295
211 256
262 186
282 5
40 254
48 147
237 202
65 147
23 62
40 23
118 183
34 292
58 268
89 3
58 105
50 280
25 183
108 117
34 285
101 63
55 107
5 25
27 154
207 58
227 224
123 251
181 298
23 142
125 268
98 66
25 36
243 264
176 14
240 83
37 242
174 103
44 173
21 299
196 261
296 87
149 216
225 85
234 287
214 59
157 73
104 223
138 274
161 137
163 111
257 163
183 45
120 92
45 77
240 89
255 63
190 32
27 170
194 198
51 182
12 25
162 215
88 105
84 66
112 185
116 153
269 10
193 231
25 114
38 192
189 260
232 180
17 153
28 167
127 170
218 76
110 198
40 242
281 60
54 178
212 294
295 216
24 220
162 204
11 145
36 252
89 4
184 176
61 88
41 98
22 283
189 218
51 153
108 2
99 222
59 29
223 176
120 223
206 12
4 130
30 111
226 186
297 45
92 275
274 49
234 158
120 199
182 89
291 277
154 82
96 232
101 269
63 158
18 263
291 291
75 27
286 263
109 210
99 291
274 33
16 97
97 274
283 40
4 156
134 7
255 86
259 210
157 288
16 229
192 141
137 20
225 233
112 247
266 174
281 269
161 93
131 13
258 24
6 289
165 115
171 7
53 126
77 5
8 162
162 288
257 78
77 33
116 173
149 249
23 274
25 12
132 123
106 68
77 177
34 85
231 169
279 267
103 70
12 177
247 265
72 43
160 172
140 52
285 269
13 276
242 21
35 147
155 85
188 213
98 41
106 144
214 233
291 196
24 272
179 92
33 243
288 122
257 221
96 16
270 53
159 148
83 155
164 20
129 55
155 1
299 188
31 50
120 93
293 168
106 88
117 130
294 237
27 31
127 10
143 200
57 173
202 141
231 238
18 189
4 266
197 47
159 23
116 224
71 7
163 213
193 4
228 133
20 111
64 111
79 122
235 258
238 14
201 285
55 143
162 113
287 200
129 244
76 267
91 270
258 177
283 200
10 87
217 245
300 209
262 139
135 18
142 87
53 246
280 282
235 264
93 141
175 295
237 145
277 63
99 42
274 60
218 199
21 119
215 265
108 198
85 268
127 100
46 171
177 249
139 282
261 12
44 16
294 243
267 254
102 120
158 91
294 77
30 149
62 188
153 139
138 144
48 272
60 32
265 44
170 189
18 22
97 211
271 9
186 254
93 143
253 299
228 228
82 123
63 165
4 205
30 298
99 19
96 156
171 167
77 267
95 133
279 48
183 132
211 74
273 217
35 51
35 278
7 219
127 283
2 61
15 25
125 153
189 157
98 126
231 245
293 270
100 115
120 264
286 1
153 278
20 258
10 73
151 125
255 187
56 127
255 208
8 265
214 17
13 265
292 195
84 250
230 122
112 179
72 60
162 249
252 183
16 167
157 81
55 188
34 83
140 37
80 264
77 12
17 298
254 289
93 83
126 275
281 95
94 278
128 275
101 270
170 236
23 174
142 291
71 228
193 90
78 162
14 250
154 75
177 52
149 275
258 288
271 213
134 232
116 94
229 171
166 81
36 252
78 290
285 130
109 51
185 74
238 205
40 193
170 80
284 162
30 11
171 79
15 123
102 150
156 269
56 245
130 93
269 213
82 272
167 158
278 45
265 54
293 20
11 44
287 7
123 189
245 163
109 151
11 135
206 271
19 167
236 185
97 33
126 16
118 188
201 5
104 160
220 48
76 219
142 23
182 265
209 220
70 299
283 165
20 230
223 239
248 98
147 118
114 168
264 231
176 89
36 135
182 99
219 199
128 173
6 181
103 165
50 199
276 32
135 31
215 135
278 85
1 86
156 112
288 261
9 282
290 85
24 259
187 200
66 234
5 49
126 164
295 101
41 3
282 213
110 180
200 28
185 207
74 8
167 216
283 42
257 105
288 184
262 127
70 20
167 80
105 12
31 292
154 205
11 125
13 50
41 77
78 274
231 80
181 67
269 228
240 173
144 128
201 84
19 51
6 264
11 60
151 102
274 292
243 32
11 113
220 132
82 45
140 56
17 209
44 191
228 21
260 241
38 48
197 300
207 267
259 268
14 16
174 278
98 34
147 177
26 211
125 32
266 115
20 190
253 86
129 195
11 83
4 202
253 91
111 23
110 255
237 3
125 250
290 67
115 63
116 300
285 265
50 86
10 17
257 53
192 70
291 99
46 66
4 176
116 257
4 235
65 32
219 99
260 283
129 286
299 211
288 208
238 71
233 294
184 265
2 149
45 54
205 238
73 220
208 78
85 233
287 241
238 234
78 276
265 25
91 270
105 146
256 82
21 250
178 186
183 247
159 17
261 270
49 234
98 98
68 296
219 293
118 217
221 271
226 151
4 298
119 294
10 214
288 184
162 94
172 65
150 36
175 141
83 253
178 193
119 72
205 186
262 99
21 252
211 28
272 151
56 173
14 84
183 94
98 92
292 136
163 198
214 5
34 181
63 143
43 271
1 233
270 39
28 84
46 209
94 23
28 223
44 46
41 222
143 129
6 201
142 240
201 206
220 138
92 74
116 136
287 270
97 43
187 291
44 6
155 157
52 165
58 64
65 93
208 195
69 54
12 94
56 62
203 31
39 194
298 31
149 50
92 115
236 74
241 239
286 221
145 246
174 164
51 125
59 65
91 80
271 55
298 92
282 23
18 210
193 76
197 296
158 258
150 20
22 228
31 96
285 177
279 124
160 230
77 256
210 88
175 57
199 285
108 41
210 42
291 143
100 208
229 229
251 89
206 277
133 41
298 32
180 80
60 71
22 144
289 58
264 172
99 70
282 250
41 237
144 144
141 297
98 206
195 216
2 186
245 182
131 234
101 40
262 152
92 32
119 106
105 2
2 207
174 279
120 292
229 201
58 174
274 273
281 75
37 213
149 285
275 205
27 72
233 240
108 257
30 51
95 107
113 55
55 160
243 94
10 123
80 106
205 44
204 276
101 47
271 86
103 178
151 199
191 287
211 214
17 33
267 298
66 60
296 58
64 285
271 192
201 221
85 99
158 20
209 276
222 266
118 187
51 41
194 180
