300
8100
275 253
267 21
33 3
217 252
34 236
145 83
62 264
192 186
126 49
297 220
125 216
170 42
193 112
219 115
235 184
58 283
284 166
230 253
151 110
10 252
201 47
1 85
87 109
267 124
139 161
69 128
80 33
50 243
291 136
84 39
204 45
180 239
196 185
255 143
218 98
253 179
239 58
30 173
133 33
215 139
261 148
122 213
190 100
194 163
102 233
113 52
188 148
70 242
206 206
28 134
89 92
71 84
218 28
289 40
64 136
119 5
133 110
52 83
146 159
137 106
253 56
75 99
185 205
225 297
1 208
110 273
92 14
150 160
78 127
275 127
81 291
64 65
110 106
83 134
221 54
222 200
54 80
188 274
95 149
254 260
222 34
245 41
4 275
272 191
42 208
241 256
266 175
293 71
78 60
286 289
129 83
223 133
22 69
21 235
30 281
298 183
56 99
7 169
228 249
260 117
29 23
109 243
136 209
32 245
38 142
155 236
174 17
276 169
167 255
272 297
145 47
31 294
218 143
204 5
94 178
11 227
248 53
151 211
166 226
74 94
227 216
135 252
263 198
65 24
270 172
201 107
207 93
155 143
190 205
30 149
203 228
239 5
38 103
122 103
159 259
52 15
60 133
173 226
68 71
185 237
37 65
23 138
68 53
85 139
149 267
44 46
63 282
27 178
98 190
54 289
226 261
249 89
67 31
77 41
155 278
299 125
166 253
55 49
125 36
128 60
43 120
178 142
30 227
158 272
130 249
37 293
279 236
162 124
177 16
284 176
118 219
293 137
122 109
175 37
122 170
110 282
22 149
263 149
100 232
72 175
21 5
284 298
98 53
24 121
20 90
1 180
279 270
218 94
254 39
208 29
116 29
43 71
101 128
89 6
176 82
20 53
112 40
83 238
143 32
97 156
47 148
204 226
22 296
27 46
111 35
40 10
225 245
219 257
7 91
201 4
292 47
221 27
138 234
182 208
282 242
21 288
61 199
119 13
92 208
248 87
255 178
244 71
46 202
161 62
193 4
162 57
170 244
216 202
197 29
91 261
172 59
184 109
219 58
283 256
160 247
106 91
192 255
174 185
229 231
292 45
105 180
34 158
175 162
116 260
102 275
250 155
100 299
236 17
200 286
222 55
237 153
4 282
231 152
106 164
96 150
277 63
288 226
184 232
226 208
136 220
287 182
209 288
224 199
243 190
220 76
243 212
236 205
97 181
24 210
255 104
146 221
84 72
171 235
18 133
271 141
195 200
95 252
293 5
232 193
76 284
87 137
237 59
122 117
97 177
256 49
125 90
107 32
122 49
201 163
47 155
187 269
118 106
65 103
190 240
160 47
256 56
91 91
57 250
101 9
145 164
292 28
283 281
202 138
96 227
296 173
263 142
129 233
198 38
244 37
217 229
289 15
7 159
253 239
9 102
255 156
11 267
161 260
264 235
232 100
205 37
272 159
237 63
74 121
65 298
69 126
243 25
111 239
146 211
57 36
199 255
276 115
6 261
35 258
103 245
35 36
169 51
145 97
172 186
197 291
205 111
134 219
56 156
84 211
38 145
79 75
179 104
188 233
154 92
42 60
21 217
231 132
104 54
122 12
219 202
257 243
74 6
250 174
194 86
169 133
49 60
245 74
23 144
10 250
287 223
47 273
92 203
46 10
286 55
142 121
262 228
53 255
290 140
184 87
257 263
265 123
196 158
292 35
160 205
266 291
114 230
183 1
133 26
267 124
66 40
12 26
89 47
187 109
37 46
265 109
271 283
56 16
259 172
112 220
269 204
115 126
80 291
197 123
225 72
51 252
199 71
98 112
74 112
204 237
118 35
164 70
42 175
1 246
136 100
161 105
223 228
9 234
83 10
66 64
279 39
236 116
55 65
141 265
45 229
106 54
294 118
268 294
126 177
76 149
174 241
115 145
86 169
207 37
263 140
221 285
18 204
151 256
48 228
177 195
159 118
244 8
45 203
252 287
150 89
247 177
158 149
208 264
254 106
132 215
152 241
145 34
245 117
99 294
237 15
37 64
270 69
65 181
204 193
246 300
156 34
38 95
263 54
63 120
7 30
276 221
27 278
53 195
231 120
145 149
93 121
181 236
151 44
85 229
68 53
120 220
283 220
64 108
188 130
217 296
82 204
132 125
244 148
80 82
154 50
30 25
19 220
15 13
199 296
245 126
10 183
20 255
286 280
40 292
286 98
283 187
255 148
260 79
123 144
163 199
150 111
139 145
216 296
232 202
148 276
185 120
194 187
137 45
89 277
5 163
114 288
30 267
250 222
53 28
210 272
10 264
117 266
175 274
202 134
206 163
216 69
229 178
18 47
239 169
182 50
52 75
150 249
41 130
280 27
196 175
145 102
149 50
131 78
85 242
192 166
47 232
285 225
14 6
6 279
144 218
107 93
226 220
90 153
51 14
24 108
22 56
292 222
33 216
283 52
281 255
24 78
139 281
293 280
249 272
47 175
241 42
25 201
122 147
272 101
233 119
160 160
292 15
158 84
49 112
230 149
257 201
35 239
209 122
278 284
11 266
102 107
32 66
34 11
39 165
142 199
99 289
104 75
219 30
63 209
146 120
20 18
46 137
257 31
121 138
286 77
73 168
285 270
258 125
110 97
23 70
167 81
117 209
255 258
202 274
53 23
147 20
70 281
217 31
269 271
178 163
147 108
245 5
94 173
122 217
265 209
124 249
22 25
214 51
288 286
195 104
198 282
249 74
252 72
190 84
129 161
24 241
210 85
268 132
196 26
29 95
89 23
59 190
105 298
57 67
23 226
285 210
56 65
141 27
149 153
99 202
45 74
173 60
250 192
157 209
5 80
11 274
97 50
121 260
288 9
200 9
160 120
68 58
137 167
267 12
281 124
143 207
155 122
46 196
97 81
298 264
290 64
19 48
148 81
165 19
158 138
187 28
215 30
120 163
252 69
36 187
117 122
113 134
246 224
209 255
60 160
51 163
193 300
214 136
148 159
124 11
180 15
193 294
50 150
120 106
81 15
222 190
95 285
6 196
216 191
297 158
220 231
97 128
111 97
122 200
258 81
146 243
3 41
138 84
158 188
63 116
176 71
33 173
149 228
202 242
204 249
89 180
276 254
76 30
96 52
160 250
77 86
72 58
139 226
106 187
195 71
35 241
283 183
64 155
103 231
97 26
151 87
65 215
111 74
276 280
20 132
195 228
217 287
91 44
233 105
178 37
217 31
178 209
32 261
84 140
1 38
230 22
227 157
230 298
85 182
90 51
98 91
44 88
22 63
257 47
207 225
195 121
182 256
90 188
167 293
276 130
246 108
190 190
255 187
147 97
208 72
296 174
135 182
79 246
256 75
181 183
79 116
244 161
145 43
57 168
248 278
99 28
81 225
44 84
234 36
12 29
189 97
55 56
120 269
169 91
108 291
125 13
14 32
177 284
104 45
28 285
51 81
33 289
35 212
112 220
68 187
183 245
161 113
156 54
217 29
266 178
122 97
32 216
138 146
129 299
222 17
163 237
188 282
67 273
87 231
131 212
199 257
39 172
45 33
261 211
124 56
66 4
164 69
197 69
127 53
286 122
292 208
54 13
27 218
163 175
97 131
57 183
151 181
184 44
166 20
236 82
139 286
258 277
70 231
232 92
46 95
295 211
133 33
117 231
49 53
73 254
63 220
272 28
274 100
197 271
153 44
78 32
249 37
91 206
242 37
222 190
264 168
260 20
281 185
198 297
270 150
95 130
44 26
192 48
120 36
153 47
238 59
97 137
77 121
62 263
34 142
9 68
48 230
104 121
200 94
24 41
262 275
135 48
225 214
211 140
244 208
19 252
175 182
139 121
299 36
282 74
209 147
165 41
29 32
143 61
10 163
280 72
39 35
258 246
298 225
39 89
22 222
59 22
74 73
7 159
267 114
147 233
102 248
184 148
236 113
176 183
93 293
14 252
73 73
175 77
138 55
162 12
89 25
217 59
44 17
47 106
174 154
55 147
149 2
28 288
277 79
95 159
176 229
189 173
145 225
213 135
253 145
91 240
72 189
25 95
72 19
97 54
250 250
214 78
167 104
276 152
290 244
133 150
17 255
288 134
9 285
60 77
109 234
45 213
52 37
47 267
114 122
116 292
195 63
174 181
106 17
283 15
20 74
182 149
181 46
256 253
79 160
241 260
51 26
300 97
196 213
276 90
164 80
47 19
60 38
208 95
63 296
266 154
196 223
70 10
184 88
161 105
172 35
155 189
221 103
47 32
12 210
184 138
34 248
113 21
58 193
144 174
227 300
154 172
103 292
89 29
249 31
157 201
252 34
21 262
270 35
175 216
183 263
114 194
110 193
193 279
208 123
261 206
34 124
166 175
18 216
8 80
64 7
275 175
159 2
160 32
232 6
192 292
287 56
281 264
163 171
289 115
30 56
5 157
90 140
163 284
220 171
79 237
95 139
169 257
51 11
265 208
160 137
175 44
162 78
266 234
140 131
122 264
57 155
121 113
246 9
139 283
248 280
159 288
92 256
214 105
219 71
127 17
92 191
244 70
287 178
120 195
291 8
286 36
156 173
175 67
144 264
97 249
266 200
105 183
273 270
142 66
129 185
240 194
90 300
272 257
56 239
114 47
161 26
287 131
263 263
251 32
249 253
87 211
57 247
248 213
54 250
213 17
168 225
28 46
135 259
82 144
187 288
215 113
16 275
252 281
210 247
183 94
169 139
34 166
222 146
207 235
269 48
287 209
162 223
96 82
6 2
157 260
14 11
285 173
152 208
290 171
21 236
276 300
214 168
165 21
71 112
139 15
207 67
43 166
207 98
259 169
171 127
226 41
144 67
62 111
219 234
112 81
18 172
166 119
249 195
268 121
108 46
266 36
257 84
213 46
188 234
254 52
149 46
115 61
226 286
162 164
28 206
181 214
159 171
199 78
123 22
271 98
208 37
43 31
100 209
174 145
279 107
177 204
150 116
93 72
294 145
230 254
228 76
224 239
148 208
12 10
143 144
15 26
31 160
59 40
175 42
132 117
154 167
247 54
229 214
240 242
211 155
237 237
111 217
22 103
10 259
127 5
210 201
38 107
211 73
161 35
241 243
91 240
94 251
33 256
145 179
291 14
138 231
24 109
39 277
117 139
70 217
157 252
163 77
156 140
29 145
238 255
177 265
156 214
197 275
71 27
253 119
130 130
261 73
292 97
266 157
214 160
62 116
273 79
262 132
135 279
285 257
139 142
76 207
232 151
29 67
32 268
62 210
4 91
125 53
139 115
82 105
238 21
221 105
161 276
62 217
63 224
143 171
69 204
41 83
288 32
296 55
195 192
91 219
125 96
32 67
172 292
183 202
138 277
147 113
265 75
258 96
33 73
77 171
26 232
265 63
169 118
66 90
47 142
20 92
119 143
4 28
116 138
143 234
230 96
199 26
25 186
107 29
80 195
8 7
107 16
101 38
244 88
201 273
288 17
39 231
128 273
115 59
164 285
180 82
54 287
28 18
89 231
274 228
162 6
218 286
167 200
138 147
132 175
63 35
228 185
225 294
247 167
14 40
187 259
256 9
104 241
297 162
3 182
212 52
49 85
263 216
297 138
98 126
245 192
176 299
196 121
115 6
118 134
210 94
21 11
56 186
22 276
231 149
134 13
180 17
212 180
236 130
173 39
227 211
221 100
272 112
173 93
216 261
244 34
176 275
103 78
151 161
80 139
139 61
132 110
272 284
278 79
293 199
264 203
13 4
145 213
100 206
55 32
45 47
109 289
277 99
179 4
213 263
249 235
62 85
124 181
129 202
98 178
129 183
275 205
139 114
161 34
146 289
208 187
151 111
111 173
125 253
131 77
93 137
113 262
255 259
282 6
24 70
215 51
239 290
151 40
179 163
295 243
253 34
251 126
299 238
133 19
216 28
131 65
157 27
144 48
241 124
197 65
186 109
26 208
39 60
273 206
116 166
278 225
269 56
232 142
153 22
282 85
99 74
7 247
6 17
85 236
224 2
99 255
120 40
81 114
17 225
96 200
241 271
14 277
276 211
97 26
171 160
159 292
270 102
140 133
123 142
193 236
126 189
144 158
14 212
175 224
217 295
217 222
65 187
159 42
192 30
152 202
62 270
59 19
148 68
254 35
110 247
9 254
198 206
203 131
147 213
202 112
17 184
113 81
162 192
267 207
21 10
91 262
35 285
46 220
185 161
97 263
111 16
298 155
191 263
299 71
5 283
296 71
258 122
284 58
220 64
109 195
181 85
141 237
207 166
180 296
279 107
277 137
292 45
31 154
262 88
153 131
221 238
169 63
120 116
250 233
28 169
125 189
213 234
211 233
161 104
116 276
226 124
226 166
184 97
239 43
36 185
37 69
36 84
260 1
282 240
27 41
210 36
275 278
285 156
239 101
227 261
82 27
176 46
169 167
36 57
176 79
121 266
285 136
179 107
134 122
46 199
182 297
19 167
71 75
81 109
257 166
50 279
30 53
283 67
99 217
211 192
149 19
156 193
243 30
13 139
43 269
178 55
165 97
102 187
116 100
284 100
177 298
84 115
104 89
157 22
250 20
190 160
150 4
270 38
176 244
299 222
260 137
298 44
1 52
57 153
45 41
202 76
233 42
61 138
155 132
22 225
21 213
292 50
31 141
69 234
201 299
194 94
286 216
69 200
255 7
87 27
262 194
76 219
120 3
108 69
261 89
59 114
149 220
286 158
298 193
275 287
136 43
230 259
2 99
164 20
94 218
217 47
183 181
136 264
166 52
258 245
96 213
119 258
38 128
74 254
101 280
234 277
200 159
288 213
293 232
68 165
136 247
70 238
142 200
245 45
266 51
17 65
237 73
170 66
10 33
107 140
141 252
260 75
7 185
242 12
203 3
172 6
206 174
170 177
267 15
39 46
136 254
39 271
13 73
287 288
77 43
206 264
96 208
65 208
29 229
135 180
124 131
234 104
45 91
141 234
58 189
286 213
113 173
127 278
240 86
78 259
43 125
105 88
11 96
197 195
207 217
206 280
297 39
147 65
25 251
281 235
65 130
10 160
210 241
91 131
66 38
196 128
169 129
30 183
192 272
166 104
107 294
134 165
3 52
193 21
250 8
171 173
200 251
131 117
86 144
108 13
242 94
3 234
109 42
252 246
241 239
243 68
234 16
122 233
51 295
293 186
164 177
144 9
16 294
250 213
297 89
271 110
113 185
39 53
76 118
250 195
211 149
206 56
107 224
93 210
106 52
134 207
94 56
170 155
141 240
128 300
179 148
95 54
194 52
179 144
272 91
79 117
213 107
195 94
155 211
219 106
34 294
290 103
213 207
108 133
67 68
244 243
255 170
180 165
24 107
162 197
180 77
103 196
99 111
239 157
219 112
63 280
238 179
168 292
142 275
255 99
194 137
178 73
110 159
228 95
27 125
250 92
45 202
219 2
56 30
189 154
125 263
282 161
294 62
196 199
231 84
300 220
271 169
112 94
244 129
278 11
154 222
83 266
250 70
259 166
215 141
180 217
13 177
44 84
98 84
12 289
295 136
194 242
111 245
23 122
105 289
228 21
204 241
16 250
74 253
29 203
176 231
87 92
27 72
135 259
249 97
26 22
55 39
219 41
117 151
53 290
280 170
79 17
132 38
245 252
151 209
130 181
134 199
119 80
172 181
127 277
47 206
240 39
269 111
271 229
13 188
119 265
208 33
234 20
251 37
92 30
284 185
140 38
270 240
247 61
81 264
87 98
1 70
171 233
122 289
234 151
11 27
40 79
116 290
282 231
55 17
263 72
201 285
288 115
212 183
42 280
173 187
249 67
224 192
111 17
297 83
111 159
219 77
280 32
161 111
201 5
173 208
101 63
180 128
212 137
113 98
16 77
108 17
205 40
153 164
241 223
217 43
96 47
27 300
231 299
2 113
284 272
103 105
245 27
206 142
264 220
242 140
61 21
132 147
195 299
98 35
46 269
234 147
68 163
219 282
3 259
258 33
229 124
118 71
33 31
99 76
263 40
155 22
207 68
179 48
268 2
82 100
61 295
299 154
296 106
199 100
122 212
48 23
251 218
263 282
210 96
50 21
235 46
156 103
92 211
212 84
244 249
163 101
33 103
128 5
106 221
191 4
209 39
235 20
42 7
62 15
199 190
11 22
110 4
249 34
141 248
174 156
278 58
260 219
105 140
47 95
275 201
214 148
109 7
121 70
48 40
246 174
272 243
90 299
95 190
110 74
155 118
160 219
106 84
17 79
147 15
38 264
10 159
106 251
61 236
284 26
225 88
103 40
239 60
164 192
119 103
257 165
123 131
252 237
161 258
65 287
229 273
54 84
91 46
151 68
176 259
173 281
141 159
253 204
84 34
162 94
224 204
223 179
223 4
8 75
213 32
257 80
295 70
264 197
57 73
201 4
4 109
269 278
15 78
261 120
262 295
290 90
281 246
85 15
98 185
82 176
104 223
131 182
53 105
225 47
84 22
20 215
168 8
38 186
13 156
293 71
52 27
39 30
117 290
18 17
180 180
176 240
265 129
65 91
95 92
166 129
279 197
160 38
203 281
170 210
4 14
131 29
74 159
85 4
288 197
102 245
170 151
67 64
18 241
205 140
113 226
287 84
100 152
278 135
82 74
52 247
146 241
12 49
238 206
288 92
147 198
126 219
128 249
86 208
65 194
208 216
119 249
61 41
200 125
45 244
44 148
72 267
9 285
93 34
211 289
229 289
169 73
164 125
154 86
146 246
85 177
216 197
224 131
157 125
213 236
69 182
14 173
232 209
63 111
170 91
198 15
141 218
93 144
290 96
174 200
146 32
189 230
275 48
121 168
50 103
194 263
157 226
40 35
224 28
52 116
194 232
127 3
293 12
263 60
31 194
256 70
214 68
160 236
77 60
10 209
239 93
299 74
53 259
75 5
81 220
146 42
229 58
20 70
4 87
15 87
264 178
187 267
23 28
215 236
187 119
209 127
73 69
161 230
277 1
245 9
37 37
249 80
203 120
172 290
139 50
255 202
128 161
140 207
53 49
10 38
245 67
89 288
149 197
174 127
259 89
137 156
207 14
294 4
173 91
177 177
259 122
158 135
78 78
117 174
232 274
64 189
268 22
269 130
62 198
63 99
27 170
163 3
212 293
298 12
149 207
45 146
75 79
106 236
99 194
53 253
243 266
145 60
203 61
167 251
132 110
207 80
162 199
266 125
281 137
36 23
18 274
30 122
98 49
130 143
133 228
294 198
25 211
75 31
30 268
107 81
47 281
63 266
120 86
232 239
287 216
65 129
33 231
104 196
19 62
214 125
134 187
85 62
279 285
136 78
22 216
247 21
260 231
43 271
247 282
288 33
65 297
229 223
4 79
284 188
160 242
201 192
189 176
237 92
185 223
256 290
72 202
6 4
168 111
291 195
95 85
59 66
231 279
279 75
151 174
149 201
136 183
255 75
293 50
129 12
86 142
218 215
175 213
67 167
236 258
218 195
288 17
47 81
39 192
7 96
95 119
62 261
286 164
278 153
212 143
243 1
86 238
100 260
10 155
259 164
22 248
145 12
86 193
115 61
156 2
265 78
193 191
258 64
142 257
139 284
295 12
55 29
112 75
12 281
78 166
245 248
32 211
163 206
178 197
96 155
263 39
270 54
189 282
92 109
166 109
104 252
295 3
132 182
89 114
199 292
64 201
79 163
140 55
74 266
171 73
188 154
29 212
119 211
193 107
47 126
256 190
224 299
218 133
135 111
110 286
68 49
209 178
79 198
252 174
113 138
226 190
163 153
131 94
121 208
158 65
109 26
209 225
283 286
1 35
22 183
271 112
137 211
275 25
38 131
107 18
159 11
236 277
205 71
72 8
65 86
151 180
295 190
92 83
184 74
121 214
112 228
87 21
39 133
257 183
154 137
28 250
271 261
49 166
241 299
50 104
40 200
118 35
142 293
195 263
26 90
16 47
20 33
141 18
13 269
188 130
185 150
188 53
294 261
207 221
252 226
18 137
147 203
75 120
105 187
26 94
41 188
247 183
220 12
49 265
298 146
76 136
64 66
33 142
207 69
143 223
188 214
29 50
28 208
5 251
282 227
294 73
189 20
28 5
27 158
35 102
290 3
187 156
192 284
227 84
56 186
72 231
269 114
114 130
297 145
236 74
204 187
189 55
48 226
146 156
144 264
86 227
68 197
299 119
284 288
246 66
25 115
164 22
287 175
195 247
183 72
72 265
243 184
294 92
175 221
164 145
148 153
78 206
17 177
52 236
256 250
216 242
40 275
88 286
257 90
300 245
170 179
284 293
16 139
170 6
149 57
133 175
284 266
22 176
58 171
235 297
74 202
101 278
202 90
68 45
178 125
181 200
100 282
17 277
221 159
248 81
286 13
222 67
3 256
50 287
287 253
159 136
228 187
285 95
33 227
253 283
113 76
293 249
73 140
203 96
174 96
19 240
3 59
298 130
121 25
159 259
160 18
61 257
35 10
224 65
161 291
95 110
66 18
294 195
118 35
219 94
133 3
155 239
219 261
48 111
134 69
66 151
299 223
33 269
11 226
34 158
112 202
120 46
5 217
217 156
105 193
186 294
205 75
214 187
234 252
54 104
296 192
43 73
172 191
82 170
158 274
124 154
270 127
201 51
129 285
14 49
12 188
212 17
248 146
171 35
50 16
296 27
11 28
293 78
91 172
173 231
186 10
237 153
156 94
123 7
239 36
87 78
81 48
174 7
275 246
286 286
62 288
182 145
69 17
208 267
281 71
43 157
46 4
186 191
271 289
257 134
231 19
235 248
96 15
248 148
30 109
1 25
43 106
110 135
134 151
72 204
112 217
200 2
76 87
143 253
162 112
80 250
255 219
98 188
231 86
71 262
278 187
188 288
253 251
268 197
156 37
134 287
187 68
287 152
81 48
89 284
270 267
165 288
10 109
284 73
85 298
54 295
243 75
207 3
278 260
24 120
123 292
114 217
208 79
292 30
291 276
154 42
44 256
128 230
30 9
66 113
243 186
4 92
240 67
215 141
135 21
26 216
104 65
107 194
136 190
54 154
140 47
145 76
123 72
1 153
210 18
116 148
214 141
240 70
247 7
226 245
9 171
240 8
256 152
181 71
139 31
212 66
137 290
167 239
38 167
77 20
269 40
5 282
286 225
63 162
190 42
12 5
155 236
174 65
216 19
71 75
256 265
178 4
241 227
78 26
273 212
262 259
83 145
4 163
267 89
89 164
151 146
77 205
133 231
204 13
128 71
57 220
18 98
110 235
18 70
44 143
65 115
300 121
113 186
110 105
48 187
45 131
7 276
70 86
97 265
53 196
84 42
98 208
295 21
28 81
180 194
257 182
299 126
276 210
201 139
250 17
93 17
26 282
16 135
176 139
298 280
130 9
251 228
200 71
208 30
291 257
156 242
63 79
119 266
4 223
120 219
53 254
112 132
74 4
150 257
60 32
148 260
270 43
180 153
107 94
202 203
154 285
155 39
257 83
204 142
23 218
143 159
105 33
136 64
222 270
58 146
100 191
262 88
46 272
19 171
231 17
60 232
283 287
80 275
236 166
49 56
95 40
207 19
261 184
30 202
6 298
271 300
161 106
133 238
96 62
273 191
224 280
200 115
205 71
271 235
140 88
156 231
7 17
166 51
204 112
102 128
169 101
213 201
286 67
41 199
233 170
206 116
221 120
144 128
92 240
26 67
148 228
101 285
28 134
155 34
206 50
248 91
219 68
171 259
275 186
227 248
192 13
24 180
138 274
19 112
236 274
134 48
117 48
247 79
294 212
55 223
65 123
230 47
84 7
24 240
131 141
270 102
208 208
138 142
115 241
193 265
152 253
111 192
298 288
11 294
214 41
148 190
122 275
143 224
232 217
4 128
154 102
184 214
51 31
170 19
53 51
247 236
36 222
277 10
83 116
116 87
298 300
299 163
17 253
96 267
14 21
198 87
242 295
197 40
40 62
231 127
33 289
15 38
253 180
140 272
180 182
106 284
142 213
256 208
48 58
88 102
231 139
50 87
176 199
264 282
8 118
118 198
292 61
282 98
199 165
140 243
186 28
76 233
174 173
17 259
114 69
98 300
186 202
159 88
97 20
146 67
211 158
127 268
277 141
30 207
284 147
142 137
75 66
32 298
168 124
158 43
238 38
103 138
215 94
56 123
56 195
173 27
30 129
269 247
104 67
28 298
109 164
248 223
212 229
43 60
11 26
165 110
73 65
198 271
121 236
98 240
36 38
284 110
56 149
148 85
283 208
220 85
73 3
18 224
27 139
125 216
91 175
259 251
244 244
253 54
95 61
272 32
165 132
118 99
171 262
79 119
130 173
271 176
246 80
140 67
187 268
141 90
1 184
218 198
50 161
224 71
105 235
99 285
241 281
120 182
207 235
300 120
123 274
115 62
156 46
213 176
24 27
128 292
185 83
201 132
176 37
164 227
35 296
107 293
134 258
38 165
259 216
45 47
142 25
108 281
225 117
179 55
194 116
131 258
220 39
276 243
204 222
8 135
81 229
240 225
47 226
67 228
103 174
69 12
23 107
216 65
169 34
180 237
245 90
217 202
179 207
120 98
35 88
90 276
261 146
64 241
93 7
66 244
67 277
96 94
166 179
268 215
29 27
1 184
173 117
229 172
239 245
72 102
117 61
210 129
264 236
8 39
27 117
300 208
285 193
109 3
256 66
267 182
273 131
206 37
236 86
289 48
32 283
33 87
79 214
30 158
106 137
200 84
179 256
145 269
10 102
6 50
156 178
130 104
156 98
10 236
291 294
293 105
127 23
186 227
284 185
190 106
213 138
243 243
106 93
65 212
206 160
38 8
165 14
32 163
185 161
93 249
32 78
209 200
31 102
48 178
205 80
243 119
300 111
16 171
147 104
289 191
123 189
6 21
3 142
229 291
236 13
45 263
214 189
223 102
213 188
19 186
107 300
254 194
300 140
53 11
21 266
111 136
198 205
297 264
94 72
296 220
271 21
34 6
181 190
34 168
231 154
224 165
216 212
18 76
47 161
167 207
183 56
13 87
221 73
36 110
148 107
254 95
74 268
170 34
198 269
71 127
244 87
132 191
46 138
38 135
116 261
296 195
154 287
144 92
69 14
150 271
52 239
99 150
106 4
145 239
297 150
237 222
41 174
129 11
291 59
260 180
81 177
188 245
166 139
284 293
146 99
221 223
15 170
153 119
272 43
185 232
163 95
239 218
249 39
15 74
274 27
197 278
234 203
293 168
80 293
11 208
201 79
31 51
286 257
92 255
32 57
267 183
100 174
96 240
78 159
238 199
2 300
70 7
238 159
86 186
73 258
78 28
147 239
165 258
38 92
268 179
99 236
183 93
259 282
274 138
24 87
207 270
189 65
276 167
282 256
297 134
176 133
255 79
58 90
10 122
124 260
229 144
225 14
148 183
225 108
179 297
4 196
256 114
137 276
287 34
214 253
150 54
149 263
129 201
98 263
144 229
285 106
69 196
17 58
164 238
232 253
177 130
273 136
133 64
213 131
49 136
137 142
97 277
192 124
114 79
56 160
239 185
144 233
145 212
249 69
35 194
148 295
172 97
296 77
237 249
155 169
105 270
253 150
70 224
102 175
252 41
155 68
80 126
195 52
79 225
215 2
179 286
276 105
32 297
209 28
288 65
196 210
37 166
126 68
278 297
107 141
79 37
35 110
252 251
159 107
156 199
11 183
15 161
287 288
156 18
125 279
12 26
97 234
93 209
48 172
292 61
9 235
110 187
28 53
88 70
166 233
115 35
115 166
294 118
214 244
15 60
131 89
284 191
201 109
23 56
130 190
161 102
254 47
178 29
159 171
246 105
32 91
61 82
101 284
295 222
7 62
43 66
75 108
50 20
100 208
241 19
88 55
286 184
12 236
154 263
256 94
102 23
297 27
115 202
263 219
230 53
299 118
21 129
106 241
272 41
277 125
187 284
14 152
287 235
243 276
27 234
18 238
227 91
238 156
56 68
121 194
158 272
269 123
94 83
291 104
284 45
238 224
244 244
140 240
189 106
200 291
67 298
131 260
137 247
85 4
191 245
133 153
23 150
254 231
196 46
183 250
139 246
117 101
141 261
65 85
145 51
87 147
77 207
210 195
195 73
83 267
20 37
34 155
113 39
151 38
119 150
248 166
181 265
126 212
135 50
125 30
15 276
62 98
98 104
18 237
193 8
25 188
62 148
138 143
283 36
147 284
50 201
294 22
47 263
123 236
17 84
67 13
41 123
103 26
82 140
211 164
240 286
95 266
249 290
253 196
290 204
49 211
227 48
55 199
115 79
300 268
166 145
180 102
41 83
232 190
273 123
136 78
106 269
198 99
97 152
203 171
17 240
111 61
109 69
212 250
53 75
233 249
124 62
88 151
211 134
131 205
71 277
109 162
126 12
169 222
290 98
166 218
218 134
13 263
95 244
176 184
15 288
236 161
116 177
238 72
153 235
13 129
148 101
83 136
213 195
92 255
85 238
200 196
291 119
82 106
86 19
172 113
9 269
30 181
260 28
236 292
102 277
272 157
247 121
68 283
243 90
96 46
47 243
100 280
218 71
288 154
268 263
104 248
284 96
211 174
60 193
161 210
37 94
79 55
126 136
80 209
2 272
92 212
31 142
172 6
121 216
54 119
161 235
78 143
159 73
90 224
82 234
109 121
60 190
48 184
272 271
45 40
278 283
278 180
300 233
269 184
228 138
132 226
193 208
227 252
172 228
292 136
276 246
227 282
40 299
203 144
147 294
5 133
75 169
173 33
6 181
98 217
280 115
71 102
133 6
245 274
293 257
172 33
79 32
192 255
257 186
236 8
229 260
71 141
205 190
65 50
209 182
284 152
189 144
172 31
6 166
163 189
167 124
167 216
215 241
166 86
40 22
112 44
217 1
28 190
193 252
106 142
220 168
3 297
109 180
155 61
249 297
267 289
104 96
253 29
32 288
88 207
294 67
238 103
277 88
59 9
161 208
29 205
282 168
266 77
49 94
238 118
9 292
180 66
289 264
119 52
124 137
176 210
13 213
57 132
220 257
94 184
63 122
87 266
3 278
85 178
83 299
228 177
198 186
96 12
225 218
62 141
159 300
43 130
121 236
178 297
40 248
181 278
129 152
41 207
174 159
18 114
278 288
120 168
217 128
218 103
36 216
18 152
75 97
3 99
252 239
189 120
100 72
113 137
295 88
93 93
29 89
287 162
96 9
167 249
286 256
151 261
288 281
225 6
297 21
16 295
101 130
20 66
66 50
14 174
98 260
138 162
23 91
48 60
119 35
138 175
239 69
68 17
65 161
63 151
181 164
297 247
120 103
241 252
273 297
187 291
115 264
246 158
85 114
164 244
275 5
213 58
245 250
286 156
101 193
235 89
77 151
204 203
248 152
36 91
145 249
158 45
236 115
179 295
50 114
34 158
86 204
243 185
250 282
171 117
46 247
183 56
139 299
63 115
51 97
255 118
157 152
144 170
212 130
181 229
116 228
97 140
65 296
151 61
191 235
189 203
176 81
194 12
296 69
60 79
153 242
292 29
53 272
74 187
187 258
257 255
184 169
64 248
145 56
67 243
20 105
54 41
114 235
270 245
170 50
60 222
256 48
6 84
79 139
99 257
152 99
263 215
31 244
81 241
20 252
203 77
125 6
121 256
194 228
212 252
65 160
81 148
196 280
6 274
47 274
242 83
230 240
140 240
107 142
13 11
177 107
196 296
54 169
23 28
27 115
265 256
236 261
137 207
160 232
146 92
120 288
210 87
64 41
241 118
41 53
272 237
155 82
95 239
119 191
42 50
122 285
167 103
52 60
28 178
258 252
87 221
166 99
297 77
153 169
60 124
190 166
185 8
84 150
99 130
111 183
67 218
274 34
137 283
263 82
194 28
14 91
284 262
248 240
94 44
261 134
199 126
201 31
60 74
267 144
30 145
252 138
35 157
242 15
158 35
14 290
127 294
56 6
221 288
21 52
56 118
234 72
94 34
265 225
233 105
45 37
113 16
178 12
49 3
294 211
211 264
186 276
258 193
122 73
129 134
163 53
18 25
145 292
15 35
207 249
10 278
295 229
60 9
138 90
290 47
86 193
112 243
260 152
72 291
110 35
244 221
256 129
137 43
21 35
190 111
94 251
214 62
275 18
53 195
280 174
245 63
139 258
254 101
111 96
79 101
168 209
240 240
67 258
291 91
202 1
131 106
2 264
194 257
215 297
241 45
282 120
36 84
287 21
159 116
272 133
290 234
54 61
133 103
276 254
22 283
168 59
61 153
120 288
269 140
245 179
135 118
77 284
179 41
48 265
173 24
117 13
261 294
35 254
229 33
23 34
256 280
113 237
17 109
177 175
104 49
172 181
25 150
120 149
172 123
177 273
175 182
99 236
265 39
59 238
143 14
217 146
44 202
300 153
290 186
62 289
246 174
257 126
240 264
258 226
282 19
81 169
37 188
193 238
17 156
29 158
163 265
85 68
277 290
212 154
231 257
169 10
136 61
279 206
296 24
115 55
169 95
150 277
291 9
283 86
206 275
152 247
13 101
255 51
235 233
195 47
81 290
293 240
227 165
172 194
218 211
220 65
90 116
263 178
52 232
65 259
100 83
106 158
273 123
171 80
207 46
124 15
117 36
276 146
131 140
12 94
184 202
138 136
188 294
208 84
146 165
264 255
89 184
25 26
144 260
131 24
5 280
149 87
286 167
100 48
111 2
77 268
86 250
289 299
116 222
169 284
169 205
90 12
89 58
43 166
237 209
132 186
239 285
290 58
49 299
116 245
194 53
179 295
101 287
216 162
256 97
218 131
98 188
288 258
216 93
274 258
5 78
163 91
60 113
289 192
100 76
172 133
5 192
235 15
296 70
55 116
127 276
195 155
96 124
282 300
184 252
42 173
94 207
175 142
186 278
262 272
143 297
35 241
243 30
145 54
268 267
109 172
204 124
81 166
10 94
106 49
28 62
29 261
197 141
271 231
229 150
24 18
201 140
41 229
176 134
49 108
167 203
17 132
278 161
112 183
279 18
123 253
119 247
201 180
107 221
52 116
216 230
109 30
158 73
159 132
22 272
34 191
215 14
191 41
72 202
277 77
217 136
257 187
146 72
294 172
224 247
296 152
291 167
298 110
154 265
69 56
241 289
28 232
2 239
78 123
282 71
234 127
50 69
81 240
219 132
83 267
138 282
284 248
288 199
254 224
198 238
236 236
78 178
155 52
123 267
162 274
176 50
32 58
212 164
221 154
13 231
36 235
230 163
291 88
94 70
273 155
52 292
241 159
199 13
191 62
149 206
136 246
63 231
114 31
188 31
214 97
202 104
20 32
33 24
15 60
13 163
191 285
286 159
69 181
136 23
278 70
265 99
48 156
147 256
287 5
86 125
97 231
148 64
222 118
240 115
11 30
266 128
51 162
200 231
237 259
172 134
22 38
131 129
160 41
24 125
195 297
220 196
77 284
19 152
250 280
274 273
295 106
162 146
298 281
283 98
153 86
236 91
240 79
148 150
102 256
70 73
99 298
139 300
117 116
39 88
269 185
163 37
115 76
151 230
41 191
22 51
256 171
106 218
63 205
114 176
66 256
266 293
67 77
207 145
79 68
217 104
82 231
273 47
69 98
220 222
227 251
211 58
158 286
282 185
80 255
254 175
245 4
144 268
190 24
143 108
300 164
1 34
161 151
253 111
41 105
26 118
75 54
83 264
73 101
295 100
215 215
132 97
248 249
290 113
223 38
253 227
45 234
252 207
76 205
14 226
15 57
249 139
142 288
271 204
291 94
121 28
269 261
190 229
24 178
244 105
113 34
19 241
221 299
267 18
119 51
176 8
220 125
63 39
87 113
168 142
245 152
80 189
105 279
228 275
52 279
256 181
257 224
131 132
29 127
163 19
99 264
253 7
246 243
201 281
110 78
127 299
295 239
63 24
52 140
230 66
166 98
57 107
266 82
116 94
291 128
102 244
132 252
205 180
126 204
146 143
234 86
140 271
289 1
108 128
81 238
137 183
3 75
210 229
146 81
153 149
40 294
243 269
130 182
28 25
114 257
126 63
18 60
95 143
48 130
136 32
142 135
188 148
220 97
165 1
12 120
82 225
153 14
81 152
273 178
28 161
91 87
61 200
79 37
100 69
68 238
68 148
193 50
237 145
62 147
7 38
82 212
275 216
240 29
98 12
216 294
129 84
174 31
237 159
143 83
241 291
112 245
179 248
141 235
181 49
241 16
223 185
47 97
231 162
14 137
244 124
77 118
18 85
26 122
244 69
12 77
192 72
252 157
260 229
251 116
130 205
208 293
18 254
253 286
232 265
8 102
28 104
189 79
251 234
166 96
173 214
294 99
162 216
34 213
142 140
36 243
178 189
299 245
59 42
268 224
14 122
164 32
45 67
83 271
174 234
268 40
7 92
101 19
165 201
42 234
236 240
49 37
174 139
73 150
259 132
109 55
129 124
116 183
61 165
105 174
88 218
213 294
115 30
292 51
86 273
62 172
184 283
141 147
297 157
161 102
57 22
192 247
237 278
138 206
278 143
280 107
82 172
131 281
116 194
145 189
178 24
118 28
167 257
254 200
74 97
267 33
214 133
138 58
279 233
141 124
87 37
113 255
43 98
1 236
230 164
43 26
282 119
204 15
8 183
196 85
113 206
33 6
234 187
39 276
202 97
112 9
96 217
49 272
99 120
212 178
7 141
143 66
90 123
293 155
238 268
52 135
205 22
119 230
95 164
46 221
84 147
237 272
240 56
42 219
133 62
271 25
208 73
169 192
288 18
280 11
258 226
151 187
137 189
172 188
195 86
35 143
117 211
115 95
190 44
132 139
21 264
241 133
213 8
29 169
113 200
90 188
77 53
78 148
193 205
265 143
259 16
214 276
113 99
97 154
124 231
243 236
207 249
94 3
245 87
121 99
113 119
94 127
121 101
57 194
36 238
93 72
49 189
232 244
19 241
196 261
104 98
240 171
26 131
210 53
149 125
1 105
267 293
295 122
32 18
27 2
4 123
175 226
62 76
144 60
212 250
33 33
259 196
250 28
274 103
188 194
26 112
273 106
268 89
217 76
49 261
115 295
64 161
102 178
243 195
186 84
284 198
167 196
129 256
275 41
139 237
237 19
87 286
183 214
150 215
78 194
82 38
143 174
267 298
218 64
260 44
297 239
114 133
22 65
169 199
279 271
54 266
152 50
90 153
299 162
184 32
123 78
86 21
177 289
100 256
54 163
153 156
137 84
32 72
39 199
163 90
275 8
92 19
136 139
268 279
286 110
153 300
246 83
210 208
229 274
192 68
287 72
35 223
296 91
106 77
85 202
70 118
260 170
241 198
293 210
111 46
41 241
259 2
239 203
284 175
51 64
283 173
293 231
80 278
155 103
258 259
15 73
34 105
167 89
46 118
177 259
113 199
81 225
24 95
131 130
283 205
181 63
46 199
270 216
165 161
82 291
48 22
186 4
88 151
146 166
134 117
271 26
183 200
212 183
8 253
97 121
81 227
152 124
209 290
261 253
197 283
171 155
24 182
121 158
233 261
184 77
57 30
126 140
268 66
298 272
140 208
41 148
203 182
138 147
150 283
215 187
264 211
87 171
207 292
269 64
88 2
255 35
188 1
65 243
146 192
292 230
155 64
3 278
95 89
42 177
286 86
157 146
293 48
30 22
35 43
184 82
12 274
227 170
179 254
257 146
262 194
294 234
72 62
247 54
296 76
139 111
42 197
52 52
170 8
253 1
1 187
152 153
169 182
153 241
150 279
234 62
60 285
214 20
264 27
288 120
267 127
115 102
113 39
201 34
189 258
265 35
104 117
264 28
134 122
87 175
162 267
5 260
242 42
227 84
245 27
3 9
159 210
277 57
172 181
4 272
122 127
51 132
148 269
29 287
174 138
172 275
151 269
158 171
18 12
234 182
285 204
166 226
142 280
222 297
198 128
99 73
228 62
20 192
283 273
227 195
41 271
62 143
268 147
135 161
204 238
211 175
257 106
121 195
163 96
172 46
118 96
238 239
248 254
297 93
151 221
215 257
134 269
172 153
262 68
164 31
32 194
161 88
83 279
11 295
261 19
236 76
251 203
56 220
212 27
123 76
22 174
184 194
1 188
243 12
125 147
79 115
244 262
239 57
228 64
75 73
21 89
250 258
117 95
274 248
207 57
225 295
135 231
259 232
10 23
46 231
293 50
245 163
190 168
165 241
40 207
140 184
67 29
256 217
194 230
51 97
241 44
10 106
237 209
153 107
18 128
295 178
73 295
243 47
266 229
214 14
204 158
233 28
209 244
194 257
231 297
30 147
280 262
85 208
274 278
152 122
100 37
190 78
110 230
229 210
62 105
55 223
291 102
164 44
241 24
79 293
235 49
74 109
165 224
200 186
95 219
78 130
65 243
280 143
143 152
204 165
134 174
180 256
177 23
139 288
17 17
115 156
251 182
222 22
101 73
236 28
126 140
85 5
149 153
239 100
193 54
273 184
72 103
216 248
6 135
171 239
226 298
58 5
59 91
214 12
39 124
19 279
159 87
92 220
239 205
231 238
90 60
185 69
29 28
38 55
174 39
194 214
170 231
271 161
230 149
18 268
64 283
276 165
250 71
136 239
77 14
201 42
89 91
166 70
39 3
57 54
260 219
284 299
43 81
28 292
195 140
227 267
135 36
83 121
174 48
111 233
38 259
226 204
284 171
199 210
53 263
84 18
25 17
115 295
207 276
237 162
24 58
222 241
52 6
169 129
214 77
130 26
72 82
136 121
208 13
246 280
233 233
215 169
299 235
264 188
87 169
29 190
147 259
3 234
269 136
223 25
30 179
132 231
195 288
138 247
8 16
125 82
217 29
202 238
66 88
179 292
98 46
138 92
58 267
74 131
136 177
232 92
3 143
131 38
254 300
93 84
190 38
231 132
7 271
253 77
216 295
56 144
72 28
30 168
139 119
269 224
160 30
181 123
98 33
146 137
274 209
20 208
156 196
37 101
171 194
175 180
135 5
129 247
78 80
120 219
137 35
268 298
296 231
94 27
80 78
268 105
122 149
216 50
293 49
37 264
191 59
115 291
255 61
36 81
56 265
110 42
220 65
36 207
61 115
262 223
57 226
1 202
91 11
76 12
164 113
284 44
188 36
257 282
188 175
183 169
57 113
290 140
69 121
216 286
8 169
75 262
201 119
268 12
50 42
42 72
112 156
166 95
133 216
240 209
137 168
160 165
82 284
113 32
300 114
213 193
177 134
33 159
300 238
284 116
285 176
260 296
190 70
205 15
64 133
266 300
185 94
14 175
19 129
298 99
28 291
125 229
273 140
117 58
108 218
132 123
230 81
274 223
12 104
240 239
184 205
224 117
119 298
42 83
119 7
114 55
52 169
155 32
46 78
2 133
162 33
300 108
142 210
140 92
294 204
45 8
210 162
164 23
168 103
207 257
275 205
134 132
161 285
291 161
236 283
169 83
115 146
244 41
36 72
123 197
173 121
282 115
264 79
22 204
60 241
281 145
254 81
30 216
130 254
182 40
35 30
35 179
203 30
4 38
227 281
225 150
42 54
119 237
145 220
208 117
268 181
272 169
159 208
90 32
132 242
189 176
4 87
9 46
200 30
116 299
221 10
131 148
156 247
150 248
10 284
144 131
158 118
244 50
180 166
292 179
278 277
264 27
284 175
174 244
258 120
106 257
252 4
279 62
116 38
241 87
40 64
163 264
236 294
241 102
150 244
2 31
133 236
47 147
145 140
166 126
3 142
68 9
108 104
150 123
161 4
149 293
82 58
209 284
146 260
36 153
116 190
102 67
56 78
93 283
74 70
72 13
281 161
298 114
182 240
6 90
25 165
130 257
179 228
218 255
176 108
88 16
114 150
189 224
111 204
145 295
50 77
164 214
3 35
227 62
64 253
61 133
116 217
96 34
164 205
123 49
15 125
230 61
91 240
277 233
70 59
300 92
299 239
113 229
247 17
162 186
287 198
6 291
78 266
240 290
177 48
290 40
270 295
183 8
28 48
110 98
275 201
123 147
193 260
151 27
189 178
135 182
196 131
136 230
277 300
166 200
133 68
233 46
228 86
235 286
253 215
91 278
159 21
223 44
258 170
137 289
186 173
218 140
203 133
199 185
63 176
258 22
153 189
288 216
300 131
239 249
115 17
213 186
42 7
171 97
135 291
114 177
146 253
98 18
49 37
167 165
209 69
187 187
140 146
261 26
178 46
174 20
117 255
148 258
258 47
107 130
36 238
34 11
112 279
248 272
166 269
204 191
164 298
110 220
127 102
179 166
70 72
10 96
292 216
238 244
64 7
77 6
51 202
13 67
267 73
239 114
144 72
144 265
184 83
160 104
294 160
33 120
251 146
280 175
114 189
275 176
147 107
142 212
220 139
157 42
299 242
250 47
165 264
1 69
274 272
214 118
124 211
164 299
224 133
6 61
106 247
9 172
209 239
232 97
210 27
4 23
69 239
64 185
156 254
139 240
187 110
22 171
271 264
267 213
240 286
11 138
3 190
37 261
294 142
153 236
136 285
42 141
182 6
237 209
276 72
114 275
45 260
132 176
235 14
116 239
245 80
81 279
74 146
30 12
244 159
70 273
236 37
31 213
296 233
174 32
272 270
127 189
186 40
189 63
45 123
288 201
226 234
147 181
283 118
49 7
71 193
196 236
198 228
38 245
76 288
161 128
213 61
267 241
136 75
300 127
233 209
28 59
197 182
81 7
200 248
59 253
293 239
298 102
99 300
133 236
86 56
256 212
73 135
23 225
182 246
54 157
125 192
120 233
287 13
287 15
173 91
85 196
187 200
112 287
55 111
133 237
290 170
254 297
259 230
75 70
182 88
74 300
200 214
278 28
8 172
119 247
299 149
198 98
48 142
71 125
94 164
268 22
99 300
157 48
111 116
47 216
288 127
297 125
154 56
121 187
169 228
173 286
261 12
286 41
130 3
199 54
244 86
286 250
86 230
111 292
35 53
24 300
110 55
154 241
46 155
25 14
167 283
261 251
181 95
206 232
6 214
87 226
284 49
85 84
230 292
293 147
129 46
171 105
128 269
35 163
147 17
43 271
46 84
46 63
289 79
223 20
125 77
143 127
279 137
254 76
119 174
225 150
128 67
233 192
168 43
219 72
249 224
246 144
248 253
224 66
233 167
155 270
279 61
274 180
114 251
139 95
254 169
51 153
19 50
166 229
296 145
73 165
215 90
245 217
120 227
104 241
13 104
131 244
295 156
198 97
100 220
176 124
285 180
189 180
180 10
111 119
24 211
283 123
238 44
33 234
58 267
84 46
78 2
30 270
232 61
180 221
150 295
202 48
12 261
111 245
141 261
234 128
101 46
217 151
283 253
83 223
95 47
116 223
109 190
75 140
68 78
73 294
108 254
34 18
106 32
56 27
150 164
173 214
2 232
212 281
76 222
16 112
255 124
61 126
153 55
127 241
58 198
279 254
59 72
8 78
152 192
31 210
15 179
189 259
13 187
109 117
22 269
154 172
205 85
74 126
281 120
285 118
84 57
228 285
70 123
68 17
51 63
84 44
90 205
270 10
266 114
214 183
276 104
12 46
176 104
217 96
230 114
141 97
251 112
14 80
260 174
210 57
47 39
44 27
173 178
234 145
72 224
25 8
64 52
21 122
68 274
200 203
129 218
275 99
285 43
59 196
108 92
156 125
8 77
188 185
240 77
261 58
175 153
213 12
191 152
51 25
19 225
238 131
137 20
67 139
258 253
153 297
294 55
152 97
199 63
278 33
274 165
44 11
238 19
77 267
139 5
295 150
289 287
131 172
198 151
221 125
83 266
105 90
179 32
170 1
298 119
169 129
142 51
244 268
226 263
285 298
102 199
1 222
159 190
112 183
166 8
60 57
120 249
127 1
232 26
241 191
142 262
200 19
73 287
226 56
35 224
179 267
73 154
293 298
237 80
148 145
112 210
113 201
118 95
173 9
146 281
226 36
220 233
265 232
179 221
81 72
130 128
257 60
270 11
53 29
138 242
90 173
72 279
139 50
101 269
62 277
291 114
119 11
122 45
48 217
171 135
30 110
191 27
298 279
239 86
250 122
235 271
28 135
81 224
218 206
77 296
190 30
94 295
117 116
285 215
84 198
223 150
50 144
77 65
242 4
284 250
4 118
229 152
99 40
88 226
217 83
273 291
211 77
122 284
105 222
167 76
261 57
274 97
95 25
91 24
122 128
126 109
91 203
139 27
75 2
285 216
270 79
204 45
30 173
183 169
254 260
40 84
292 135
119 4
274 211
277 2
234 145
86 214
60 244
176 250
249 271
38 279
84 33
80 216
81 117
125 292
297 164
260 205
136 29
289 107
189 78
300 162
185 242
21 189
286 282
103 252
287 269
236 41
198 127
236 5
101 274
277 135
152 279
114 74
82 121
14 62
271 69
65 57
84 133
41 282
63 76
158 234
99 61
23 126
190 3
284 285
96 70
97 215
38 225
107 48
101 198
208 194
166 95
77 146
254 102
277 11
296 285
38 122
81 200
76 45
179 124
290 207
94 183
118 47
31 237
257 199
74 264
240 246
172 127
47 195
74 291
273 35
242 149
6 166
105 236
65 151
168 235
271 274
92 103
23 118
277 287
115 63
140 263
225 298
127 137
160 73
132 58
28 161
218 118
263 205
159 11
239 121
237 79
170 217
79 58
82 57
204 120
24 94
220 243
225 275
46 91
149 207
75 184
213 101
126 253
65 137
87 8
293 123
177 296
109 258
78 147
64 102
246 42
132 81
112 180
101 19
273 124
276 126
225 179
118 299
230 194
8 28
25 79
14 188
255 144
121 290
164 172
27 62
238 220
104 61
140 50
262 95
207 213
106 68
179 15
3 48
73 295
9 125
275 286
179 124
299 200
156 25
212 7
155 217
77 199
299 70
49 283
55 100
46 179
222 145
47 268
36 169
138 64
163 273
113 133
183 299
288 31
266 182
265 207
80 123
15 71
173 245
36 70
148 107
253 300
268 286
227 243
173 137
283 162
70 93
85 132
170 293
251 156
122 218
170 126
76 277
15 80
174 4
4 177
251 197
197 51
85 208
122 19
278 78
59 67
241 265
247 282
15 18
110 75
230 262
118 280
2 293
70 70
79 122
71 188
244 229
12 216
101 76
20 88
283 153
294 170
264 3
51 71
225 8
260 66
248 113
48 218
54 229
199 91
109 110
72 145
43 188
3 131
199 289
259 102
298 181
231 269
267 294
20 272
260 240
293 296
242 190
46 27
182 198
41 111
152 133
180 6
192 132
219 205
215 220
58 135
283 257
61 104
9 283
265 79
269 201
79 251
42 11
284 121
69 254
85 174
229 112
262 252
40 48
196 212
288 25
26 160
162 128
215 44
233 68
76 238
46 271
253 238
28 295
8 29
296 269
252 119
113 86
239 72
22 135
78 194
239 15
161 99
91 217
98 80
7 92
114 66
245 281
129 15
248 248
276 27
222 268
101 42
246 120
283 49
207 45
20 143
139 97
181 87
133 286
251 37
181 3
152 299
13 79
191 10
227 97
292 277
83 15
280 115
30 7
29 36
188 64
30 92
295 297
62 95
50 255
236 273
22 237
139 128
121 77
152 151
32 161
33 44
5 20
27 262
80 288
168 119
130 155
224 260
80 281
184 77
276 46
143 219
273 174
26 155
27 139
89 161
16 36
50 17
248 116
3 51
10 139
260 174
298 230
167 19
56 89
266 44
295 256
16 7
30 244
39 12
292 29
139 46
123 89
108 293
162 102
46 246
12 126
17 108
118 90
192 187
203 242
14 282
296 50
116 27
271 211
194 214
278 239
207 106
36 295
148 231
242 216
193 99
297 198
170 188
273 206
233 296
67 22
193 271
215 253
127 162
31 273
208 285
29 90
97 61
82 248
96 290
152 279
165 119
232 129
34 22
28 22
89 25
129 61
89 119
241 273
179 105
91 73
298 70
10 88
213 299
203 15
147 214
200 168
62 244
258 86
200 163
76 28
19 112
38 64
256 132
257 68
102 119
209 258
171 70
258 267
279 136
89 226
36 35
84 226
132 259
146 40
69 141
210 134
249 77
71 99
86 262
150 150
223 273
140 168
92 280
175 50
28 109
73 156
72 54
162 55
4 43
29 138
50 110
2 291
273 257
289 250
276 241
147 184
168 208
243 216
190 231
229 171
215 232
267 40
221 23
1 44
258 228
268 264
152 166
293 244
77 219
5 237
112 84
148 123
104 232
116 253
279 62
158 118
258 49
85 107
290 169
76 234
156 256
293 103
273 107
124 252
203 76
252 169
165 291
285 278
291 293
36 229
172 192
234 192
224 36
49 39
86 162
13 97
98 226
254 64
27 149
249 40
37 114
299 285
160 136
252 44
107 290
70 44
224 19
270 8
1 151
54 140
226 66
160 71
135 84
246 200
87 181
271 286
245 114
231 227
110 277
222 89
14 60
254 259
261 122
128 287
207 9
68 127
216 50
166 85
88 208
266 23
299 81
250 221
13 37
125 153
17 271
146 59
68 133
216 296
101 293
106 17
80 218
294 223
28 141
19 295
11 107
277 137
194 65
185 148
144 75
63 159
19 55
90 203
125 130
278 174
115 58
29 272
17 186
149 158
28 225
81 172
218 120
178 204
171 83
7 255
262 20
105 222
18 218
171 89
270 232
109 51
174 80
153 2
241 226
214 187
171 101
294 89
156 108
296 232
234 125
100 93
127 164
45 138
99 113
175 6
86 87
37 255
171 63
235 158
47 248
183 253
55 157
191 117
209 75
282 240
284 15
210 2
261 283
190 138
238 203
45 173
114 280
202 237
36 171
295 227
271 20
35 220
21 33
182 68
34 201
243 192
81 51
66 113
179 37
55 285
291 173
179 180
124 81
287 128
280 30
58 97
64 217
156 96
224 165
232 243
26 142
224 6
239 54
149 293
274 153
12 100
203 152
215 175
293 71
273 210
8 72
83 77
211 262
78 162
235 43
244 145
140 263
286 289
115 27
85 191
57 140
269 233
2 29
241 225
84 164
160 162
220 281
159 247
276 88
214 72
266 212
168 29
139 115
62 17
162 281
6 218
249 68
143 103
274 183
167 160
239 56
120 255
70 159
115 15
129 188
65 250
35 101
277 288
210 273
244 242
175 273
4 85
64 93
17 117
189 277
2 72
48 53
76 1
226 10
272 125
148 12
13 245
171 146
263 1
234 121
298 105
217 106
28 146
166 115
37 97
181 193
268 285
28 192
256 73
186 253
228 127
117 292
190 98
244 300
109 70
62 219
117 153
193 41
297 279
211 34
20 129
194 210
286 268
81 166
262 60
258 235
198 202
63 48
90 96
253 120
170 26
153 1
138 148
257 76
145 121
158 40
38 86
253 288
177 191
213 220
139 223
111 140
70 218
289 293
295 41
117 68
150 71
288 156
236 43
220 280
299 71
170 179
103 74
53 2
173 140
240 127
187 262
257 172
189 39
182 91
61 43
201 77
262 206
229 239
72 81
121 58
74 295
120 158
49 271
78 116
31 271
84 143
125 10
196 194
147 134
67 188
95 191
253 246
228 53
243 39
11 204
15 119
126 29
92 164
280 169
251 82
212 118
95 293
268 165
258 125
101 218
282 153
189 139
101 165
169 293
37 19
255 60
222 241
129 124
156 9
32 204
84 152
112 189
45 64
151 87
35 159
210 58
188 21
164 179
49 1
204 264
117 81
255 279
291 252
3 187
175 166
192 38
232 122
6 42
92 37
249 51
131 47
9 295
288 211
149 247
253 48
153 231
79 232
186 30
45 237
254 29
267 242
203 180
229 93
104 16
163 125
184 112
245 106
293 267
267 60
167 134
230 92
103 163
194 281
212 44
4 51
251 281
201 240
108 215
133 43
253 282
80 146
165 108
125 127
57 116
76 282
201 94
235 182
226 268
60 60
10 126
23 211
62 181
220 9
138 102
110 1
286 219
299 32
5 60
206 81
225 174
82 169
127 207
81 284
144 211
5 175
47 103
272 78
69 141
265 272
166 33
46 83
225 263
249 107
111 203
274 223
224 143
55 46
202 10
97 253
111 282
214 64
190 208
123 98
6 115
71 19
220 268
284 157
150 288
53 53
247 265
7 27
75 68
28 235
77 6
186 132
238 66
125 51
113 74
3 112
122 93
135 19
134 178
184 142
240 61
203 209
229 81
263 202
223 25
16 206
280 287
279 287
51 42
231 85
83 32
204 120
131 289
160 183
172 60
238 249
79 272
101 3
99 70
173 253
91 259
258 291
108 16
87 57
273 288
110 278
101 163
258 193
52 269
148 125
295 176
200 26
52 195
88 76
143 88
49 42
217 14
142 105
53 128
211 191
292 109
231 25
202 286
220 163
218 257
145 73
2 102
150 24
192 4
236 1
162 161
131 129
285 243
162 126
262 147
292 133
84 41
254 7
232 209
150 144
129 285
246 219
269 271
104 60
132 256
273 114
178 48
112 31
30 17
109 104
216 206
121 251
177 206
96 156
292 201
118 170
245 56
142 87
121 127
289 11
265 65
73 123
239 27
173 285
208 94
283 289
4 258
219 250
103 195
20 137
250 30
222 138
220 65
244 210
194 8
9 188
229 77
284 275
125 248
38 246
98 208
251 215
26 73
1 45
152 6
203 211
165 83
68 146
127 127
49 57
280 91
169 130
52 200
172 123
279 48
13 4
92 115
178 52
131 128
221 179
295 92
123 216
13 227
214 72
54 54
3 6
200 300
125 249
161 12
123 224
23 131
234 105
2 290
154 42
226 210
215 287
256 243
83 63
199 69
151 39
150 11
37 139
55 128
300 127
203 107
262 240
151 267
102 273
27 246
209 202
214 153
19 138
14 126
213 92
163 114
128 280
30 272
71 196
221 109
197 62
28 227
217 290
87 107
116 24
44 59
102 51
155 29
94 194
197 86
179 26
143 146
169 105
8 155
277 179
213 214
62 200
296 284
145 20
258 231
96 276
23 45
281 295
212 221
137 145
104 16
22 154
99 213
98 194
216 119
172 251
103 47
195 156
83 230
255 73
167 189
194 56
199 21
152 26
144 296
225 191
87 263
222 219
285 41
300 89
120 121
100 220
52 85
274 195
153 122
47 172
87 136
178 206
244 127
243 116
111 202
23 295
98 89
100 96
222 76
142 249
189 286
166 56
238 3
197 78
136 135
235 183
242 177
23 208
276 164
32 135
4 155
115 75
95 289
242 285
293 254
47 55
292 20
135 60
223 209
186 83
230 133
190 217
118 199
175 280
194 100
201 206
62 282
183 28
99 277
33 248
265 265
104 259
197 273
49 140
262 66
80 133
20 18
182 113
197 275
117 50
300 133
61 299
86 200
194 296
151 120
160 75
48 208
288 167
170 280
239 61
122 109
49 222
188 240
110 183
204 20
56 113
36 205
208 177
65 209
52 270
247 198
112 39
59 236
281 90
12 220
248 252
169 62
130 61
157 49
223 77
278 216
142 175
283 183
49 167
36 296
264 125
9 196
220 290
299 18
12 124
287 72
191 220
220 74
34 298
42 244
193 236
243 10
19 258
177 237
224 14
211 31
261 201
208 68
177 143
90 39
212 245
88 38
204 42
129 98
287 45
66 29
248 282
53 88
5 82
163 228
197 183
65 201
162 181
293 263
102 288
108 79
6 94
221 193
27 238
293 8
160 247
113 154
187 229
165 183
184 128
144 164
131 120
35 41
276 163
273 85
10 42
88 255
11 249
57 182
27 200
134 136
209 222
114 177
135 244
276 253
174 205
201 244
241 32
246 161
149 10
205 90
158 74
152 244
122 250
155 277
82 137
22 94
122 60
28 192
220 2
192 91
141 257
72 7
230 146
297 1
179 99
287 137
12 182
286 68
93 6
119 164
89 13
287 124
161 22
178 292
215 166
32 55
215 193
180 199
248 142
174 293
35 75
222 297
124 184
17 172
194 31
129 199
37 272
168 87
279 57
290 33
40 64
199 12
220 91
281 296
128 29
297 101
188 251
2 154
32 176
93 25
16 235
162 238
74 108
275 95
288 214
251 56
11 8
157 136
79 132
24 138
139 107
160 142
170 23
211 281
85 43
57 11
138 22
232 62
106 223
282 264
79 53
93 242
211 78
65 250
206 210
57 164
75 56
207 110
40 1
14 231
126 127
152 146
128 66
261 198
227 257
19 189
18 101
93 211
205 181
121 246
222 118
62 50
103 34
57 51
292 98
256 137
76 184
168 247
172 114
126 23
259 78
27 38
141 255
134 101
237 98
50 109
192 242
131 125
21 281
95 35
47 165
296 190
146 120
59 294
16 225
268 172
48 52
66 193
25 30
193 92
230 49
13 34
202 57
10 277
160 193
151 243
175 261
253 79
123 157
213 203
217 83
186 204
38 226
175 261
115 40
81 166
133 299
95 120
200 246
63 70
113 35
11 299
209 248
254 37
141 287
112 125
273 65
72 127
195 136
260 57
211 79
279 179
285 88
293 44
57 87
98 253
88 100
2 73
210 3
158 165
75 238
40 297
100 201
109 277
95 243
267 238
264 293
184 278
136 47
251 223
256 154
13 144
268 196
62 152
143 5
181 277
101 199
149 189
31 195
289 107
203 125
84 79
134 195
257 71
198 196
242 66
169 2
114 267
48 212
180 272
102 67
199 162
284 106
186 138
133 225
176 6
103 258
4 117
284 223
219 251
216 59
162 53
158 36
214 67
21 64
263 208
238 140
184 192
237 253
127 261
153 56
87 68
28 231
252 10
91 67
178 71
35 24
54 132
232 253
173 179
7 100
83 219
202 272
297 53
271 247
31 103
184 179
295 112
176 70
25 123
149 252
192 79
258 120
295 221
250 41
297 115
184 107
71 12
200 177
159 207
59 292
117 182
206 59
279 184
64 240
18 184
18 297
267 270
112 21
52 167
198 19
210 84
228 208
63 84
111 35
32 74
87 86
188 69
150 126
205 53
1 115
138 168
47 182
49 136
197 190
221 143
9 134
30 106
74 38
23 258
115 135
60 158
242 85
202 213
7 182
300 73
265 16
180 12
130 155
279 128
270 232
102 182
93 239
233 208
248 71
178 45
36 74
247 87
222 80
214 274
120 57
137 47
64 295
214 155
153 236
146 179
254 128
21 111
7 165
187 246
247 287
238 21
223 209
160 265
152 263
29 266
142 58
25 168
279 98
107 241
63 184
254 253
287 50
240 255
235 195
207 276
272 13
227 92
82 71
285 40
182 136
124 166
54 194
248 2
130 146
23 188
149 32
266 112
97 248
37 153
95 73
284 158
4 264
195 59
255 92
145 155
247 106
253 251
165 75
299 66
203 283
270 124
56 249
71 108
79 157
105 194
284 15
180 107
240 196
75 86
49 293
147 206
275 199
18 295
123 243
9 187
171 185
262 232
189 224
193 251
184 86
34 198
299 88
15 146
232 76
159 190
267 159
4 32
171 277
118 108
159 170
83 213
300 12
296 123
94 4
21 110
269 165
5 221
33 113
103 177
137 78
258 22
195 197
252 267
142 8
151 242
278 112
87 82
281 252
118 178
65 234
40 87
47 87
84 164
42 267
70 5
145 104
87 225
157 57
20 151
46 33
181 18
151 94
296 244
247 133
226 279
117 7
204 264
177 57
87 223
174 180
158 271
184 52
113 45
87 77
86 218
15 225
202 236
184 40
193 144
213 233
122 261
276 39
253 48
217 286
110 33
42 179
106 220
218 75
66 299
31 121
251 123
161 228
253 19
225 231
293 6
273 258
115 157
281 167
292 98
166 105
292 46
232 238
37 228
30 73
295 230
45 106
50 281
117 79
126 273
90 8
140 131
94 158
103 14
277 115
271 5
69 154
176 293
152 169
253 90
278 98
16 224
146 193
238 236
224 185
221 237
168 237
97 153
178 280
188 251
265 118
220 50
158 235
193 20
27 86
180 268
238 121
207 281
129 226
276 257
262 192
115 22
252 248
112 286
132 87
273 263
119 203
157 123
85 3
146 261
132 54
172 269
154 213
78 240
58 81
296 178
216 44
245 48
174 42
34 120
52 100
154 299
190 260
191 67
150 21
249 129
186 177
277 50
34 193
15 119
217 244
145 212
33 59
240 120
126 67
144 234
153 219
262 1
184 186
149 250
161 228
218 217
284 243
288 124
287 34
140 15
119 184
143 39
199 124
39 242
153 300
209 206
53 98
298 264
119 226
73 152
51 231
291 47
23 139
113 140
52 88
18 194
59 255
70 264
249 251
216 37
98 100
264 121
178 60
15 248
155 125
150 229
181 192
43 130
279 226
62 60
53 207
156 145
102 82
180 251
100 44
290 269
63 208
149 72
140 115
48 82
156 146
223 84
10 293
210 235
177 61
151 291
94 205
19 16
89 110
161 46
272 35
95 184
195 6
228 21
293 160
44 25
29 180
29 299
81 272
184 267
165 275
112 205
126 211
2 192
60 163
62 263
77 199
75 229
213 293
268 148
64 44
197 299
110 264
12 190
80 29
239 7
211 68
14 23
56 167
246 56
164 278
281 255
194 226
129 261
71 279
99 91
39 187
182 13
147 204
63 238
190 181
225 233
103 245
265 9
22 256
132 28
229 4
83 262
296 159
139 7
51 14
241 160
195 212
9 117
139 110
171 124
68 290
45 84
186 102
257 163
258 32
67 90
191 6
237 235
262 247
39 207
192 167
203 229
14 182
238 149
221 141
202 292
19 168
188 146
196 178
197 98
36 255
165 32
39 37
144 76
52 211
141 8
297 72
95 60
155 185
264 197
139 39
194 99
217 258
12 75
267 286
187 151
217 100
277 179
290 122
3 97
31 61
273 195
165 143
156 65
14 58
110 178
286 91
66 205
49 120
164 109
47 297
156 141
40 109
103 144
248 288
218 60
95 260
244 185
167 243
123 238
265 272
61 223
226 79
13 116
274 286
56 165
174 216
47 101
42 128
68 89
174 92
150 291
82 243
121 14
185 104
102 138
280 124
231 154
208 241
19 247
123 110
269 261
32 82
213 119
163 251
139 91
174 172
131 226
126 232
221 134
63 181
75 35
198 193
11 160
175 216
114 149
37 118
68 162
213 45
55 240
11 220
14 103
98 283
121 205
58 52
286 18
167 95
284 173
79 66
63 238
156 288
188 122
206 232
7 86
142 75
260 118
79 104
134 281
253 149
48 220
103 220
230 60
74 22
100 87
165 266
114 260
271 231
18 99
74 139
125 9
176 43
203 86
82 242
254 1
104 89
79 287
101 83
213 288
72 240
71 193
109 8
103 199
42 282
261 155
241 297
258 30
207 13
230 138
38 250
228 75
102 27
244 123
265 168
81 47
264 108
184 49
66 21
169 266
144 212
142 106
59 124
172 294
23 294
260 2
138 76
282 47
24 146
46 275
102 8
299 201
48 279
253 198
89 77
57 109
73 271
131 118
285 4
211 94
111 34
83 133
272 239
59 107
124 201
89 30
275 217
131 137
145 282
29 171
273 28
270 3
161 116
78 235
52 55
229 249
19 106
173 44
17 103
142 93
209 34
17 77
81 220
89 208
174 119
161 253
23 220
175 262
286 139
198 32
90 287
44 285
190 264
132 177
244 12
257 38
67 135
229 123
152 111
87 30
63 296
8 269
143 70
77 291
42 237
59 57
83 279
19 46
109 40
248 129
296 60
7 69
278 171
297 137
15 116
84 103
286 83
276 194
203 70
207 59
11 129
201 175
134 154
151 252
27 77
41 203
296 161
152 143
218 223
176 158
248 132
133 118
273 226
124 143
150 23
264 56
231 63
277 45
70 196
29 17
106 231
154 193
291 293
103 7
10 29
121 260
143 38
291 187
94 289
270 144
219 122
44 176
36 263
187 202
286 297
222 38
123 97
37 37
235 81
134 137
225 130
242 173
240 110
215 275
85 277
284 109
27 184
211 58
45 200
70 283
197 289
196 144
123 89
146 260
108 34
114 94
42 237
195 102
36 130
193 55
226 115
95 259
252 38
78 2
87 57
36 264
189 79
31 256
289 243
263 175
254 27
116 145
138 201
246 291
286 112
28 266
118 12
159 62
83 17
282 63
75 8
228 88
211 233
8 202
290 212
26 9
135 228
68 72
286 187
106 291
149 105
166 257
211 44
234 273
98 108
292 219
58 104
93 224
188 174
104 263
166 218
279 227
140 147
286 268
15 160
15 37
107 300
52 81
168 18
90 44
120 120
61 239
150 278
286 209
10 180
166 251
190 267
260 176
200 23
222 126
77 181
74 177
212 169
98 290
13 97
145 246
180 131
11 150
7 71
20 262
261 292
183 61
165 64
33 246
210 36
216 79
254 213
147 300
207 249
285 34
276 282
266 15
259 157
217 294
101 241
111 75
114 49
93 83
20 182
171 119
58 270
115 141
110 50
68 290
206 76
265 165
112 246
243 135
226 75
59 30
137 206
131 49
192 235
50 232
65 242
79 4
63 9
135 1
222 170
207 80
70 194
247 253
255 173
212 240
32 288
89 288
98 145
101 81
25 29
245 166
184 80
300 73
181 295
93 198
286 3
284 21
23 64
207 63
16 107
202 268
291 249
247 282
242 118
30 207
13 33
46 254
176 110
111 235
19 55
241 165
32 254
188 53
258 119
253 3
198 297
144 111
160 257
149 122
20 248
282 18
100 285
34 221
237 278
121 250
201 176
231 92
169 274
161 101
5 182
94 241
195 187
113 88
104 188
250 4
49 236
107 83
232 233
73 157
128 3
121 167
141 236
170 175
277 115
272 55
217 104
212 28
186 97
195 237
95 57
237 144
95 12
120 162
213 139
49 44
127 78
153 59
222 181
54 248
228 80
92 64
153 66
3 254
90 136
89 90
108 233
205 171
33 205
20 124
181 55
69 79
6 108
163 102
191 162
166 66
158 90
259 162
212 25
97 282
171 142
70 31
154 221
171 31
43 53
9 199
218 145
134 120
209 23
11 6
217 276
70 64
209 164
299 278
247 147
228 119
90 144
141 218
276 32
193 2
239 181
184 26
152 203
92 143
173 69
268 134
65 120
43 273
53 58
238 102
31 70
58 127
241 209
272 214
195 29
23 171
126 73
217 98
69 80
166 293
146 190
290 238
66 27
153 80
229 109
136 98
100 261
146 17
92 112
114 162
208 265
150 172
145 8
236 57
45 210
163 190
119 50
280 285
125 295
254 24
269 213
264 102
268 106
156 192
27 226
228 77
40 284
156 175
273 83
240 212
6 81
50 91
31 71
213 192
19 275
228 180
19 51
95 260
240 241
1 268
128 210
148 215
200 209
145 11
193 35
225 300
50 31
234 152
193 249
269 142
178 108
258 113
10 209
40 67
46 255
113 147
225 113
66 28
79 220
258 192
108 41
103 192
254 285
140 122
233 231
226 297
210 77
281 114
131 276
10 213
142 206
267 285
268 160
66 271
127 251
281 238
260 239
23 284
30 164
196 44
249 235
159 232
272 106
78 201
91 260
156 182
198 258
141 129
212 16
52 89
197 268
293 182
212 82
254 54
274 256
45 62
68 290
76 53
121 215
174 267
105 259
262 287
52 225
35 85
215 195
276 183
283 190
199 43
169 92
249 204
121 5
285 57
48 294
60 245
13 48
212 246
247 284
95 89
153 126
202 167
110 65
19 200
19 174
59 275
95 65
27 224
176 264
117 7
278 199
250 244
29 23
225 95
217 193
160 234
120 109
265 74
95 26
225 132
24 292
112 161
147 286
81 186
155 182
78 31
126 298
28 128
146 6
202 89
176 79
124 289
65 89
155 61
121 91
215 187
2 202
20 137
101 221
110 246
267 253
210 156
68 74
104 262
113 182
184 128
287 198
123 53
176 259
71 25
54 264
57 161
93 192
42 237
121 155
266 231
288 53
150 66
207 210
8 176
295 142
131 189
268 56
269 116
147 239
270 114
13 226
44 120
285 195
202 68
125 259
41 43
139 143
278 298
46 1
2 67
256 213
119 88
16 73
87 103
38 148
44 173
196 58
239 30
166 270
72 248
145 169
144 128
164 253
150 86
253 164
174 269
283 258
228 85
239 155
162 21
214 230
102 239
119 223
163 276
28 173
300 188
127 298
228 194
101 31
79 23
5 111
120 282
72 185
113 128
85 88
99 29
232 31
267 219
57 35
97 266
60 79
120 112
193 181
214 133
23 155
55 43
28 108
65 243
8 160
5 234
118 124
91 114
129 132
231 73
127 81
298 122
10 34
221 78
162 230
103 75
27 83
19 23
63 141
276 61
228 175
207 178
109 119
32 239
3 66
33 2
257 229
59 265
227 108
104 183
128 45
38 226
214 134
231 291
186 276
224 294
70 21
5 213
140 253
280 85
94 247
71 171
7 71
188 265
203 174
79 238
227 177
217 25
214 193
