300
1800
233 284
238 108
204 155
45 120
167 38
1 145
154 132
1 186
229 66
128 271
111 267
103 158
181 9
194 46
65 109
264 137
222 197
245 227
272 87
192 34
268 182
273 141
10 159
135 203
107 123
61 83
273 72
207 189
180 218
278 65
61 78
247 98
19 261
112 214
93 160
172 230
191 294
292 17
287 248
32 3
270 108
117 2
176 150
65 34
9 76
255 96
20 46
78 92
183 133
61 123
292 57
218 158
29 194
84 243
56 25
39 80
24 98
62 150
78 129
197 65
116 77
53 44
153 155
35 36
225 153
106 82
165 66
260 104
242 10
248 3
109 145
11 41
221 63
110 193
75 154
171 36
299 20
70 197
199 259
76 208
72 36
208 231
178 256
167 11
266 141
227 74
238 169
130 63
20 240
64 176
37 294
80 138
187 232
266 39
284 61
104 146
75 1
282 292
236 139
218 86
131 116
9 35
10 103
269 57
146 124
128 291
31 64
119 265
100 95
261 107
104 258
134 77
14 21
111 241
229 213
70 229
146 106
266 39
258 160
200 7
22 10
245 3
138 78
170 140
243 39
125 170
207 282
262 8
35 267
150 100
232 22
171 52
160 52
111 153
236 27
139 121
2 55
200 25
150 180
58 294
52 140
157 272
31 98
250 114
278 287
43 69
71 123
88 66
76 140
39 154
178 15
128 293
122 182
218 54
17 148
171 287
297 11
8 45
36 115
217 150
175 143
105 16
196 171
183 138
132 133
23 114
5 145
164 288
168 55
6 77
252 188
42 101
109 116
120 260
45 195
260 85
171 221
153 167
8 172
182 61
130 34
234 73
167 275
156 56
250 48
114 184
155 155
75 36
56 187
220 53
184 80
199 58
215 200
82 172
125 2
161 24
252 76
9 276
3 101
233 65
243 40
23 142
283 270
90 80
134 286
196 285
120 216
35 129
171 97
264 213
125 100
133 168
169 10
57 271
91 184
155 4
206 225
218 155
222 105
244 287
240 14
167 116
149 239
284 226
40 8
59 143
4 298
263 46
116 269
177 266
71 13
27 139
242 23
207 231
34 116
85 121
47 96
80 104
191 176
64 125
281 154
54 205
186 184
147 35
103 39
30 45
237 41
227 181
224 38
275 108
248 68
161 30
126 184
5 51
16 280
203 16
168 131
199 154
300 148
20 110
5 30
177 298
37 70
6 54
36 204
231 91
216 132
168 116
280 243
112 54
178 130
250 167
186 47
292 79
189 119
291 177
19 219
166 197
32 165
43 59
48 154
187 18
19 6
43 182
199 39
75 211
218 223
171 117
125 267
134 121
204 276
174 182
217 106
57 117
11 165
232 277
274 120
93 51
61 78
151 64
152 77
31 290
107 56
114 53
48 131
39 217
108 273
87 134
230 196
159 141
284 296
104 164
211 129
58 175
53 157
9 75
94 162
229 48
29 196
247 52
266 278
252 69
273 69
210 113
138 253
231 236
1 246
164 77
91 112
66 1
42 95
136 296
277 46
192 92
52 204
59 110
130 272
255 253
13 174
45 51
150 183
232 245
145 99
127 76
267 290
124 292
5 178
257 199
193 174
16 263
268 275
236 195
61 51
235 197
202 55
122 90
169 42
165 212
94 296
80 43
224 62
75 276
211 154
271 273
47 200
116 111
43 7
19 199
179 283
104 97
127 236
124 267
49 201
48 171
17 50
185 249
183 238
95 210
271 127
127 191
282 118
27 112
248 243
208 133
291 144
107 8
195 163
241 190
159 241
287 238
226 41
131 95
281 125
279 66
247 150
69 18
46 45
106 111
164 298
90 9
119 185
270 71
108 134
55 165
104 81
92 260
290 120
15 106
227 7
209 124
128 16
135 174
197 108
121 153
235 59
226 83
10 118
28 170
243 117
128 67
110 116
75 42
139 43
75 54
53 146
145 269
257 289
195 76
33 258
8 236
169 158
241 35
7 180
225 165
53 146
280 93
197 161
170 212
278 42
264 154
12 299
80 73
266 123
53 53
211 31
150 36
182 83
177 230
93 95
39 86
58 132
52 6
154 22
55 257
239 108
160 60
104 244
265 173
262 245
68 40
236 145
38 22
115 48
56 46
118 127
158 177
126 43
96 86
178 140
296 91
55 116
198 292
40 41
72 112
230 249
112 19
42 270
141 289
50 109
293 265
141 192
152 289
72 292
290 265
178 298
63 191
281 107
21 255
120 179
146 86
104 278
231 62
246 119
193 140
215 210
82 153
238 150
143 15
20 95
296 121
132 140
118 229
47 62
7 47
42 188
118 247
5 1
112 98
175 128
112 180
300 80
272 82
80 64
263 210
191 20
38 36
6 34
67 285
161 33
240 260
250 72
66 212
208 264
244 50
295 10
69 298
166 153
292 91
111 42
78 123
214 94
183 284
241 282
159 207
225 165
208 154
150 286
5 94
33 83
160 226
147 37
176 233
9 36
289 285
1 289
119 73
196 49
111 85
43 112
229 138
212 81
126 30
110 283
91 277
232 211
124 201
225 275
213 280
200 125
141 130
89 85
74 292
96 42
1 149
160 31
119 193
200 162
205 69
243 34
161 11
293 98
169 15
137 60
121 224
158 117
192 15
143 246
264 241
102 88
210 68
235 222
239 260
109 172
110 144
36 41
264 65
1 24
236 287
292 129
34 18
135 256
161 109
198 132
179 246
281 56
109 162
109 150
224 261
263 188
242 110
107 225
208 259
296 15
296 204
13 298
28 225
123 30
78 291
145 43
15 193
82 236
74 112
234 287
192 129
281 273
68 170
129 221
235 267
5 214
147 31
107 184
144 106
21 12
196 101
100 2
267 130
210 261
223 91
250 193
60 45
19 136
202 11
161 77
201 19
213 282
66 35
132 262
235 244
261 114
170 142
25 238
226 248
59 191
2 221
213 272
280 116
202 243
138 220
288 18
113 195
78 86
189 31
26 98
238 167
216 12
67 291
7 89
237 142
9 98
166 222
40 150
215 108
236 298
8 107
101 8
252 8
289 196
1 257
226 135
22 109
85 273
285 8
188 127
207 12
273 24
93 127
209 235
136 58
69 182
261 237
139 185
82 57
100 45
6 95
148 237
214 143
124 231
178 77
153 33
172 73
156 93
17 205
121 184
196 185
285 201
194 157
122 291
3 132
187 193
180 34
38 230
181 63
161 125
119 104
70 158
292 275
172 183
82 104
185 38
66 2
54 193
224 231
78 279
258 266
171 1
174 294
144 203
274 255
234 56
39 69
111 115
56 47
248 207
211 12
205 184
197 234
298 93
177 270
127 181
287 41
204 27
182 248
178 9
264 285
213 50
103 195
139 253
193 276
228 202
182 30
109 94
177 125
185 288
193 226
109 43
217 139
118 141
39 96
121 190
267 229
14 57
122 122
220 294
10 16
96 174
179 144
167 208
119 298
250 198
15 189
243 133
237 74
115 3
111 5
14 65
184 295
22 99
189 252
188 45
298 126
123 21
4 202
284 34
48 249
57 108
238 19
295 249
190 26
181 137
99 211
238 241
75 4
155 165
229 104
115 184
140 182
116 41
102 80
104 131
127 224
18 225
82 236
242 16
146 230
56 264
284 150
282 230
293 59
212 205
91 151
236 218
99 3
196 76
164 269
172 61
295 165
211 133
82 122
239 150
125 208
284 157
292 125
289 246
88 112
206 196
201 59
177 40
254 218
9 44
231 260
211 208
54 250
174 95
42 132
222 286
126 92
290 49
82 148
270 127
130 165
218 102
287 199
265 127
171 223
116 23
264 65
28 46
109 232
189 202
218 28
84 282
133 147
79 120
218 98
160 234
115 5
78 204
29 158
94 272
241 166
208 300
13 166
107 131
152 293
131 123
163 149
206 265
139 129
298 296
173 117
73 57
196 216
247 131
184 49
165 165
110 164
126 205
275 252
298 28
216 23
32 108
6 274
102 270
58 142
75 201
180 105
77 277
192 6
130 97
111 267
128 258
115 39
261 78
124 112
235 185
83 183
219 176
119 297
222 300
199 81
219 81
59 175
52 187
139 280
271 172
178 226
128 224
84 135
157 82
6 35
171 171
169 246
294 156
16 258
102 299
131 45
98 159
173 91
4 13
268 69
160 220
242 8
118 26
41 109
158 64
170 195
239 134
203 83
102 95
210 76
107 299
255 276
11 222
295 275
90 13
185 204
97 58
131 171
48 67
145 186
24 82
300 98
111 212
40 273
4 282
239 189
20 142
100 107
289 213
199 274
255 297
192 263
193 76
111 167
182 225
64 14
175 36
40 251
128 274
77 6
226 278
234 295
201 164
243 67
253 257
71 237
31 251
207 250
238 225
70 255
188 43
117 164
136 92
226 21
82 113
75 104
95 294
154 223
197 81
39 124
251 157
84 133
230 209
27 55
33 25
146 185
87 81
289 289
53 112
88 197
85 146
123 162
266 205
138 94
121 122
163 11
173 195
189 173
297 178
38 72
244 250
106 273
6 31
114 256
130 36
10 239
230 26
33 89
291 191
105 58
25 79
294 107
184 246
49 22
173 102
132 166
160 117
17 90
41 224
211 69
137 10
22 225
297 114
65 157
34 138
171 188
120 186
267 38
115 155
146 232
9 19
224 230
254 18
158 196
193 73
65 277
89 94
262 42
134 108
152 114
112 288
41 135
58 59
14 237
263 114
82 9
187 292
168 21
295 211
134 295
149 209
161 234
219 157
235 44
156 173
284 251
45 218
187 75
228 102
209 171
200 63
9 122
281 108
213 193
275 140
176 201
38 78
105 22
263 87
134 21
108 275
80 40
282 191
104 175
77 129
261 102
153 56
20 287
62 28
116 101
155 89
187 226
295 36
219 207
54 294
54 204
201 246
194 19
92 205
231 31
143 157
134 263
189 202
187 117
130 113
54 68
8 266
70 187
267 246
200 286
175 191
228 4
230 158
190 110
100 3
165 281
300 155
93 296
218 144
284 13
254 277
297 89
257 276
17 59
97 120
250 194
107 195
101 275
109 192
299 150
127 255
142 239
193 4
180 284
183 133
201 178
200 278
89 124
114 273
238 281
35 176
287 52
153 114
248 188
85 97
12 88
177 40
41 246
234 175
120 147
120 56
90 220
86 28
83 87
92 80
77 230
45 278
186 34
194 273
207 116
244 20
229 85
249 112
176 11
291 81
278 291
20 47
181 104
76 167
224 79
219 145
54 26
299 126
13 81
11 80
224 189
150 54
232 173
218 110
58 16
71 243
184 240
245 19
231 240
170 158
77 241
132 104
126 258
63 284
131 221
192 58
293 6
13 81
104 152
253 195
49 89
26 290
23 79
207 200
86 185
237 4
246 218
2 264
127 227
174 75
22 89
205 38
88 66
92 229
258 37
257 138
211 107
300 259
12 200
113 208
171 183
198 176
8 185
145 199
86 94
68 292
202 144
6 77
223 154
270 297
119 269
33 246
74 266
132 267
224 278
1 94
161 239
203 68
96 23
175 114
161 32
115 231
113 153
60 115
196 95
235 68
252 149
41 16
239 121
41 245
206 267
132 169
75 201
204 37
250 32
202 273
197 85
127 95
280 133
46 130
264 120
182 292
52 121
115 85
127 186
28 234
145 175
225 163
298 293
175 245
272 87
31 129
145 51
67 232
290 172
95 165
125 157
131 15
232 40
291 17
283 53
236 57
47 227
271 299
227 58
140 296
171 128
101 98
219 119
210 156
291 148
156 232
59 61
202 146
202 24
95 167
57 191
16 174
199 204
125 26
14 41
97 156
262 90
163 294
1 144
5 228
162 117
102 103
87 73
153 61
268 278
192 219
70 254
173 30
181 211
207 8
52 171
272 183
198 189
63 200
205 247
44 162
253 90
112 163
81 293
64 71
151 99
23 212
75 91
32 284
140 42
298 264
294 102
138 46
297 58
257 243
120 94
285 283
64 14
202 266
125 279
27 289
245 170
218 155
154 62
197 189
169 23
239 172
229 260
163 96
173 64
111 194
96 35
2 197
207 191
223 151
108 54
232 217
224 122
69 173
167 190
58 104
212 79
290 277
94 101
236 217
60 225
234 70
166 17
37 38
191 192
260 238
167 42
212 25
7 91
104 244
146 38
134 147
203 9
219 201
231 291
86 225
265 24
84 41
136 255
207 9
133 236
2 59
14 147
191 181
71 225
18 260
55 31
127 102
72 54
221 158
240 66
182 103
290 238
20 266
193 175
144 177
44 166
199 142
289 142
273 236
72 269
29 204
204 193
185 231
139 110
138 42
24 135
253 30
47 288
160 239
238 212
148 70
272 164
78 54
57 17
183 4
284 169
228 197
211 82
218 119
290 132
250 142
262 83
265 190
45 18
228 5
157 191
230 159
85 170
266 118
47 273
112 125
294 93
120 151
99 156
54 172
29 220
58 77
14 174
196 201
10 292
140 98
139 299
281 287
242 299
231 56
229 218
226 215
128 229
236 146
207 184
230 44
149 300
77 226
256 143
187 265
109 65
30 29
108 72
163 175
189 266
258 272
159 224
237 176
204 280
205 114
149 66
241 297
111 213
60 170
267 273
102 131
235 74
238 66
131 283
61 135
240 265
62 46
247 218
195 139
164 228
98 243
233 273
105 297
6 7
214 251
275 216
132 119
38 67
62 77
287 86
163 75
272 276
95 112
233 47
56 31
183 178
130 27
183 230
37 171
160 41
33 248
233 164
113 85
134 234
215 180
178 61
162 63
137 115
117 78
43 181
276 224
208 125
66 192
274 92
285 294
42 57
35 8
177 132
126 207
196 91
104 152
209 128
207 268
30 169
249 139
114 142
140 249
115 36
9 115
231 56
217 300
236 190
140 260
11 242
207 88
228 170
289 229
105 76
278 193
255 239
109 256
58 98
215 98
120 127
234 181
209 19
154 6
159 45
199 229
265 297
218 214
135 299
289 292
286 171
117 19
178 22
268 105
191 134
186 45
34 224
79 159
204 80
66 295
67 274
3 285
73 239
285 32
273 134
52 270
298 239
250 206
80 271
166 120
253 285
257 52
177 102
219 205
114 120
290 163
131 76
138 75
278 6
55 127
140 210
70 71
233 247
292 185
200 234
122 199
224 115
284 94
137 36
200 56
193 244
64 259
175 212
53 18
277 76
62 100
48 169
191 222
64 61
100 115
279 111
135 269
36 24
215 8
143 26
111 62
139 132
300 60
34 15
72 168
146 69
177 259
158 157
255 289
238 54
284 17
25 4
252 123
103 150
37 64
140 195
11 1
32 24
169 131
84 264
217 210
264 222
255 156
278 249
186 299
53 227
74 234
128 108
148 114
229 182
125 213
231 58
199 265
63 117
284 108
53 9
169 109
216 42
250 274
226 244
238 67
286 274
115 273
62 227
29 14
273 205
205 70
187 132
205 4
140 18
18 243
70 12
128 170
96 35
76 235
272 6
6 139
5 182
30 189
130 135
63 9
36 182
202 204
29 190
240 130
62 91
64 224
130 153
165 35
232 286
205 93
42 242
266 153
106 66
192 232
6 248
252 294
114 294
86 140
256 18
190 7
204 298
30 261
16 154
69 6
142 162
225 241
57 231
39 287
18 60
51 167
189 98
61 289
44 152
105 122
118 150
78 119
209 268
130 72
80 87
77 18
199 255
199 93
192 141
45 4
34 127
119 143
120 119
185 140
289 295
195 140
105 200
60 207
152 191
235 247
48 239
173 59
1 209
98 255
87 276
240 261
276 255
250 141
292 18
5 102
209 296
34 7
246 201
294 281
115 195
231 158
28 246
180 100
216 225
198 218
222 73
30 274
287 112
104 173
261 17
233 120
197 161
77 267
62 136
228 136
281 199
145 27
196 5
152 101
194 99
243 256
130 100
220 130
77 285
179 200
297 290
165 193
225 90
258 5
263 280
139 212
102 97
4 246
123 277
172 271
270 19
251 289
235 248
165 100
51 283
178 4
210 35
190 198
176 177
103 261
170 102
17 281
254 272
16 237
158 25
159 113
44 187
245 50
161 263
116 32
110 207
296 220
163 6
22 175
23 282
228 252
1 221
180 200
290 3
22 247
261 149
242 4
22 8
293 297
42 204
63 186
170 161
224 41
24 28
199 233
57 122
220 26
139 126
18 56
91 158
