300
5400
67 97
183 210
204 82
16 262
31 43
104 89
69 83
27 269
1 1
129 229
72 74
92 179
54 6
134 94
206 136
78 131
57 121
13 285
270 163
34 222
271 59
148 179
287 82
61 116
18 270
151 9
201 126
111 44
150 222
102 25
190 245
210 86
29 57
297 203
225 240
62 135
291 19
25 244
147 193
201 88
119 61
220 168
219 117
81 202
69 175
34 254
184 67
275 198
178 39
13 211
43 186
253 294
286 32
77 110
163 99
37 174
213 254
3 88
65 86
27 210
249 47
226 292
202 199
240 246
169 210
60 125
271 7
151 109
220 291
44 98
146 39
131 31
197 227
8 120
291 271
13 286
64 161
209 274
137 188
243 276
148 105
127 166
150 236
181 216
139 63
31 282
86 257
113 26
115 288
149 136
56 250
174 284
139 238
171 45
97 173
261 264
158 117
154 202
269 270
183 109
101 282
68 220
109 293
22 224
243 21
139 129
83 282
88 216
10 183
280 86
88 40
179 28
283 220
291 238
114 253
85 80
75 116
29 185
204 202
179 28
252 41
46 160
217 156
234 10
55 59
59 13
158 188
257 194
260 253
16 53
137 214
283 46
61 30
223 23
157 252
27 11
63 283
153 225
61 173
99 241
119 155
107 76
282 183
148 11
184 88
116 116
119 149
267 264
297 96
221 218
47 166
9 156
27 292
243 27
224 38
191 167
90 126
166 118
128 112
85 46
237 93
73 210
228 150
148 133
76 139
7 61
183 22
240 180
214 146
212 168
143 275
32 236
159 83
261 233
184 227
256 275
222 14
235 231
116 48
284 1
82 218
130 181
36 54
238 289
167 194
72 27
34 221
58 173
148 1
6 151
135 263
118 199
176 41
183 23
191 28
99 162
16 228
157 152
94 277
278 249
19 34
254 224
129 168
232 288
194 19
4 92
40 111
278 262
245 239
191 156
208 293
279 289
25 106
127 57
85 237
160 261
269 81
272 231
213 65
249 269
62 143
262 273
80 209
68 64
115 169
182 80
161 68
155 217
81 297
214 154
72 222
275 292
273 255
144 156
169 163
268 123
154 260
164 184
197 219
279 189
110 209
179 38
36 96
290 214
3 198
30 145
2 113
154 212
208 187
92 298
19 78
147 88
10 182
239 2
216 103
206 13
148 278
230 71
94 278
72 182
182 284
58 171
5 158
246 120
61 300
92 141
186 280
68 287
137 252
182 248
11 23
78 189
296 248
162 116
253 77
149 244
105 63
5 6
265 121
101 265
107 203
200 171
38 54
144 143
42 58
220 15
72 40
135 172
202 185
156 190
172 58
188 226
203 133
130 62
41 274
267 287
101 262
32 17
207 180
16 181
127 282
80 39
106 179
192 235
70 45
253 16
250 226
216 296
262 259
108 168
246 168
69 277
10 274
279 92
257 86
227 88
182 47
109 300
165 123
81 37
250 63
21 202
190 98
141 7
5 161
23 184
207 248
132 5
82 86
134 139
11 235
156 167
63 116
86 257
228 158
15 3
237 35
35 215
287 54
190 16
73 178
188 70
215 227
162 112
276 46
193 26
112 276
283 300
31 239
22 131
271 219
102 200
257 143
62 246
220 112
16 100
277 251
46 10
35 225
244 142
292 255
118 291
24 188
102 187
168 296
134 63
13 15
245 253
278 142
90 90
2 79
164 57
50 186
279 194
86 204
54 52
128 90
231 165
270 213
182 169
231 110
178 238
192 119
146 265
127 239
252 47
289 2
138 257
153 174
182 279
262 51
78 59
34 257
76 21
198 173
297 172
137 27
194 174
244 62
294 281
41 80
157 209
95 36
30 167
273 174
33 25
157 157
291 252
26 300
179 161
271 75
228 18
216 57
198 263
125 197
214 251
104 97
23 271
83 194
203 290
106 3
87 34
251 30
274 184
184 51
169 88
130 129
71 268
226 106
233 43
82 49
15 94
93 28
19 172
64 14
295 198
143 263
121 44
142 143
20 268
31 153
202 44
121 201
101 81
181 290
137 109
78 76
292 226
115 114
175 80
246 206
276 88
256 183
65 70
249 189
102 109
45 212
227 59
29 138
34 196
159 112
173 148
288 250
86 86
269 66
25 33
78 91
131 50
89 21
203 201
125 140
121 216
258 7
163 38
42 18
215 147
20 132
46 269
233 132
254 166
104 285
224 52
265 271
273 137
241 89
124 281
248 179
94 106
169 154
141 282
254 27
245 189
54 256
270 126
134 186
38 122
21 187
294 254
53 146
163 170
200 25
187 259
101 285
51 116
296 89
194 19
12 293
79 163
130 247
18 263
37 293
270 218
84 39
188 159
54 182
97 125
285 108
22 66
177 117
3 285
178 125
146 253
79 77
149 148
185 221
207 210
209 17
38 263
267 76
235 51
98 234
51 205
252 44
119 9
104 5
109 272
142 1
217 118
70 175
121 244
294 211
90 89
133 267
278 95
10 62
238 79
136 236
102 33
176 240
155 98
49 217
212 40
269 265
201 296
222 275
257 154
181 270
123 296
119 261
251 245
67 56
168 191
110 98
200 242
192 7
202 253
62 142
273 166
78 175
104 166
166 217
200 40
22 152
60 174
95 82
46 76
217 218
98 112
100 234
159 112
217 300
99 108
264 135
180 256
87 292
117 187
95 107
204 217
236 39
51 44
67 145
220 294
5 180
257 183
246 71
171 240
89 157
171 90
5 194
105 92
297 225
213 9
239 168
100 207
172 266
15 292
114 83
52 126
151 26
264 149
243 197
92 134
263 269
6 174
276 93
57 201
112 17
32 103
85 59
285 45
45 248
126 65
129 55
45 223
97 220
126 232
282 76
223 245
232 87
19 244
221 163
133 4
230 163
223 95
65 47
190 122
127 279
167 110
215 120
183 231
291 82
115 167
140 257
190 94
180 172
92 186
238 18
213 209
15 246
245 94
226 82
50 20
120 114
231 206
171 198
31 143
298 140
271 110
259 178
166 147
199 253
234 271
232 163
297 181
280 193
56 242
137 72
207 208
185 256
168 226
32 268
39 52
182 65
271 137
2 156
5 290
52 204
50 52
142 78
41 100
132 253
96 129
149 218
113 22
91 278
235 34
100 300
214 10
181 141
299 208
178 21
15 75
195 6
204 58
112 101
187 90
141 298
231 136
191 107
279 245
35 76
134 215
18 287
27 13
54 81
16 18
61 246
234 295
128 136
2 167
242 2
87 228
233 137
83 194
115 155
46 107
139 96
218 209
289 19
25 69
10 144
111 275
168 56
43 150
42 290
55 166
10 24
212 171
39 49
299 14
198 261
293 37
135 43
194 97
204 225
108 32
269 154
50 12
191 260
89 47
30 172
48 198
47 10
157 251
77 270
22 69
19 171
33 214
11 59
264 131
166 73
194 41
48 221
217 29
259 202
186 108
236 52
5 223
285 235
235 135
37 53
63 206
279 36
157 251
289 219
75 56
89 249
215 133
224 30
259 75
197 6
205 110
195 121
170 83
10 299
98 243
282 278
243 141
130 184
7 208
168 210
45 148
53 76
114 274
115 298
62 92
67 153
129 197
257 226
36 1
169 249
144 164
25 77
167 293
183 57
111 62
159 203
112 69
103 217
176 20
20 213
120 285
128 231
206 23
87 297
152 100
231 148
44 278
99 215
298 265
106 137
150 110
217 77
23 18
139 131
10 267
197 42
78 203
11 228
10 135
36 154
202 159
196 93
180 91
275 228
12 237
262 5
76 127
247 72
27 155
179 10
136 172
33 230
29 23
13 176
86 68
217 125
47 106
203 286
238 95
33 258
289 159
190 82
262 82
58 59
137 133
65 104
207 260
179 3
174 227
83 173
5 245
107 190
147 96
192 4
280 74
272 33
147 201
158 228
15 25
171 155
48 20
262 126
236 32
119 82
296 172
104 49
296 276
35 234
275 37
273 143
210 138
104 110
277 97
183 254
205 168
277 83
199 279
279 174
40 115
21 262
226 242
257 59
70 112
27 217
286 21
52 100
205 222
31 160
273 57
62 264
61 265
288 24
39 224
14 36
90 201
89 100
129 146
242 1
184 116
193 162
297 155
159 47
232 278
133 22
210 27
298 16
174 291
297 267
239 96
2 290
244 213
116 274
231 267
245 284
246 71
97 159
236 223
76 4
75 64
1 297
19 296
161 65
71 298
65 160
66 283
218 86
146 21
41 116
75 151
141 77
278 194
194 299
27 108
194 204
291 205
30 4
215 128
260 135
278 26
21 90
260 233
17 220
112 252
214 117
175 74
120 98
218 137
178 19
203 48
172 67
226 119
245 117
264 229
104 206
67 281
89 287
18 64
195 48
261 262
62 32
160 100
246 93
259 11
45 213
184 83
100 74
138 46
91 201
124 184
4 8
229 38
104 191
203 260
132 158
176 160
148 54
5 257
27 29
225 195
256 101
115 115
253 296
77 44
170 165
94 120
237 181
294 123
54 295
55 60
118 235
204 287
221 270
113 175
201 32
281 19
123 300
51 83
229 39
109 210
153 133
84 170
40 70
241 277
178 262
202 87
183 249
139 239
189 289
123 288
92 257
259 180
204 161
214 183
108 147
236 153
210 68
4 72
27 262
193 264
35 67
284 121
106 236
188 162
186 158
34 240
257 87
260 295
275 206
282 148
258 74
204 150
9 175
284 107
299 82
1 85
243 4
245 16
280 106
228 203
118 27
78 51
4 222
242 26
147 225
167 104
55 120
1 271
298 54
300 4
267 274
88 157
284 16
142 90
230 142
266 12
1 82
130 261
51 12
135 83
270 58
209 252
173 117
231 40
205 213
126 182
48 11
197 68
55 166
169 270
136 212
44 109
226 191
127 276
134 6
258 85
38 62
17 139
68 86
293 58
35 4
223 20
41 16
258 299
191 234
119 10
9 42
134 35
62 260
124 269
249 34
138 186
13 259
75 77
116 244
105 176
58 58
205 286
141 246
118 272
112 153
164 291
93 200
64 55
48 157
210 297
300 189
245 28
167 111
35 176
263 125
224 226
193 183
148 6
2 168
216 187
213 212
7 237
107 102
71 210
5 34
3 120
74 16
136 6
209 128
89 178
58 26
160 239
114 116
108 205
145 88
246 134
299 106
35 116
123 77
105 159
237 142
245 243
274 3
175 175
124 102
235 85
201 118
186 141
24 259
135 214
227 269
100 56
242 287
108 276
57 53
112 21
156 238
259 30
108 220
171 148
220 210
247 283
169 105
8 162
41 295
226 119
255 182
65 26
111 139
101 190
273 50
269 155
116 30
119 25
146 226
6 222
37 44
114 152
35 104
61 51
190 251
8 48
103 57
193 201
145 115
44 178
148 294
260 83
138 117
105 89
230 224
291 285
103 175
50 248
35 200
158 46
127 272
173 288
210 117
44 18
286 61
198 53
14 18
232 1
187 67
76 218
176 127
70 286
286 46
287 151
131 128
220 38
14 226
7 99
63 225
244 257
234 191
134 92
177 282
271 267
171 272
166 54
92 157
95 193
237 286
194 41
49 178
20 257
142 208
151 277
157 130
34 104
224 7
261 92
211 178
281 199
111 131
205 238
57 172
232 162
163 288
192 121
135 174
147 119
177 130
6 152
100 17
185 33
9 184
21 197
163 255
176 8
293 171
162 148
231 83
58 266
91 291
225 182
288 219
111 143
70 12
32 33
281 18
105 261
142 285
83 62
249 114
161 89
64 13
37 283
202 97
20 52
237 268
69 170
246 211
199 118
2 107
44 158
41 2
104 27
261 147
279 131
171 254
283 56
254 244
299 258
129 59
228 263
242 37
42 261
250 20
286 4
232 172
25 52
168 153
15 100
114 233
283 212
214 227
282 33
48 23
105 235
153 170
197 236
174 231
38 14
217 179
48 105
283 30
203 259
76 115
222 149
50 77
272 63
35 12
235 253
29 50
48 134
215 209
18 69
105 87
177 144
266 79
280 19
280 192
204 232
11 183
187 232
133 28
194 115
11 68
47 156
128 233
127 157
169 281
56 136
227 156
138 182
262 24
66 251
4 171
37 1
202 255
217 107
20 178
163 244
228 167
74 282
158 241
184 28
170 247
138 61
194 182
240 104
164 100
99 154
224 112
176 15
136 4
116 76
137 80
37 210
35 19
95 29
226 17
300 230
249 141
201 246
90 235
258 63
259 44
36 51
148 124
9 189
36 273
244 185
1 197
161 222
220 92
226 114
186 78
151 92
188 33
200 95
259 35
106 69
161 182
246 57
138 55
7 278
181 77
27 212
39 24
88 133
153 287
83 88
89 21
141 53
260 207
136 87
237 288
243 21
228 122
264 117
285 161
13 142
298 50
58 96
293 110
270 247
172 40
224 101
45 246
123 277
290 4
58 205
122 192
154 22
32 29
59 25
8 152
91 236
255 241
233 93
71 146
256 105
5 76
65 294
48 160
43 168
96 94
248 31
181 121
212 72
188 104
63 70
151 68
288 254
139 167
181 226
100 198
286 266
21 222
59 121
100 198
148 12
246 234
64 43
180 216
191 15
250 182
42 235
170 146
248 26
94 51
61 173
162 185
114 204
11 169
164 46
114 192
91 57
133 116
226 222
160 137
21 226
133 224
99 52
98 156
230 28
252 99
134 95
102 53
282 65
217 59
165 171
45 44
55 236
265 239
196 52
198 48
230 33
106 103
287 293
253 70
147 285
191 280
169 41
117 92
198 290
149 23
172 41
156 93
147 29
74 208
15 216
140 32
272 83
71 130
266 276
226 227
39 255
187 297
160 239
213 117
97 3
258 257
208 265
91 231
27 115
168 92
14 6
53 51
157 190
199 230
275 269
80 286
214 4
145 268
216 50
42 291
112 223
203 155
151 195
135 76
37 276
144 247
158 126
235 187
8 145
243 2
257 256
73 74
83 127
279 219
209 217
181 191
289 105
107 212
270 2
253 107
55 35
118 47
200 55
140 190
194 191
101 219
270 226
56 129
59 251
130 74
14 103
252 264
200 186
264 84
160 207
202 97
266 72
95 170
101 34
117 291
144 245
216 292
295 173
124 222
215 203
194 77
194 86
63 193
107 91
166 216
199 80
131 273
137 50
7 279
115 78
262 152
148 204
179 146
130 219
177 52
268 178
257 189
196 269
233 55
277 176
95 235
125 180
89 167
211 299
20 81
258 233
38 202
255 59
141 77
191 135
241 178
162 159
227 131
162 294
172 139
53 282
137 136
173 246
188 88
291 295
100 193
227 87
51 180
65 215
134 57
64 163
85 284
9 80
74 112
87 240
164 281
54 40
155 189
109 220
111 14
186 70
245 298
188 199
228 281
226 114
47 240
235 238
100 92
76 233
124 117
84 218
51 25
57 81
237 150
281 71
66 241
292 207
256 180
168 252
59 119
277 163
270 97
202 40
101 167
205 85
83 212
24 38
85 172
155 122
25 154
29 51
245 167
85 21
189 64
69 272
234 234
273 14
113 32
146 176
208 72
219 298
261 196
261 15
113 88
111 81
141 34
107 255
242 249
153 278
141 225
271 9
80 280
236 239
291 48
165 278
178 267
17 42
193 269
8 87
134 235
21 243
208 66
299 98
104 288
185 261
209 102
123 74
67 215
205 177
287 202
272 160
16 206
195 274
5 290
31 137
90 169
30 211
194 178
46 1
223 1
159 242
155 221
193 185
111 288
131 217
266 245
248 157
123 39
47 173
92 89
253 76
22 67
116 216
12 93
288 18
15 179
5 135
111 75
206 221
285 214
10 7
119 203
190 9
69 102
257 219
137 230
263 260
146 148
257 47
8 58
98 81
96 144
169 162
229 161
41 185
280 84
235 94
290 264
129 191
228 116
270 176
63 152
90 300
242 283
222 198
146 59
51 140
253 274
238 225
96 206
257 252
175 63
100 189
71 225
123 259
65 119
36 298
211 2
271 143
94 165
139 202
151 183
128 183
165 147
249 241
246 229
58 99
165 256
131 54
170 70
152 178
43 223
158 41
276 260
39 58
185 62
227 193
50 217
94 82
83 107
300 283
159 134
218 48
253 132
67 173
107 73
255 176
146 263
248 138
217 269
69 47
202 249
167 252
29 158
79 289
79 190
178 147
233 41
197 297
187 147
156 228
207 219
11 38
278 252
249 180
231 247
197 68
30 91
66 9
1 256
245 118
293 48
78 61
6 114
15 40
182 121
278 298
187 260
233 263
75 3
70 284
290 148
259 269
288 285
110 281
106 141
264 34
287 153
47 208
36 231
188 157
265 88
229 174
293 5
117 170
172 45
192 205
158 44
7 202
273 237
116 261
34 28
280 176
209 68
155 181
45 246
89 98
69 243
8 189
277 286
74 157
269 146
42 96
203 141
39 77
242 87
121 116
249 164
42 86
46 189
226 27
1 169
133 41
42 13
251 178
239 27
152 92
21 74
26 278
115 148
54 244
180 207
149 180
294 195
261 40
176 275
213 254
9 268
212 159
54 192
114 32
84 36
183 292
125 281
185 160
162 155
31 179
191 268
37 65
101 219
292 255
289 144
96 42
47 218
228 184
123 79
27 293
214 61
53 234
164 1
195 150
145 51
119 126
284 273
248 156
38 283
294 133
161 249
176 256
55 272
226 82
30 214
67 149
29 16
199 265
118 77
172 210
44 285
95 128
285 203
183 230
157 41
247 251
275 115
77 241
177 188
288 83
145 245
232 218
72 26
223 1
271 272
35 138
91 159
210 210
81 24
73 167
183 141
186 218
62 88
65 163
191 254
218 184
120 145
174 154
134 40
47 168
39 160
135 242
124 165
23 74
85 234
205 97
261 79
139 163
92 92
94 188
31 178
115 230
294 172
14 104
246 279
257 28
196 179
200 295
23 212
210 240
132 148
292 72
266 232
166 145
157 63
44 54
58 40
144 108
29 192
158 260
23 24
280 15
108 120
272 179
198 119
249 138
27 74
19 145
184 276
75 36
137 178
185 285
168 183
41 104
71 150
128 118
243 269
70 268
32 220
130 17
214 137
264 210
90 260
288 84
263 230
69 287
199 174
79 200
23 55
264 185
190 27
240 114
180 189
266 26
276 197
298 186
215 147
230 133
187 114
250 44
68 99
106 114
99 248
93 157
13 195
122 120
125 239
16 52
88 223
199 12
261 165
49 298
230 288
79 170
128 186
289 105
86 69
217 206
74 79
136 262
12 53
246 111
136 190
246 132
182 276
170 161
194 239
103 190
80 204
177 107
251 10
156 122
276 197
60 64
94 145
80 103
5 247
82 40
230 188
298 186
103 146
186 257
70 84
198 192
99 266
214 168
147 253
154 179
143 33
96 202
281 32
126 184
242 233
202 78
72 125
123 147
86 183
46 45
101 79
30 269
267 220
88 265
38 195
300 76
220 46
215 72
134 140
134 266
8 211
84 249
262 39
31 275
73 75
252 238
75 236
6 18
43 62
1 11
93 87
290 26
75 135
238 113
144 201
251 175
155 271
244 67
102 237
9 150
54 24
297 122
156 112
222 178
58 215
145 215
145 107
296 201
26 293
3 48
171 45
193 244
79 172
91 292
154 169
171 300
56 66
81 56
126 54
36 208
218 107
276 284
53 166
96 235
21 136
91 27
92 40
51 45
109 254
208 53
264 284
58 37
131 197
155 292
121 247
121 114
185 273
107 37
23 121
281 48
289 22
191 113
186 285
200 258
75 86
187 113
292 134
22 294
31 154
201 137
261 197
110 253
243 9
1 131
205 236
230 127
166 26
17 5
20 233
26 197
123 231
95 173
260 151
116 103
54 46
214 264
124 216
152 18
123 60
23 236
121 206
195 98
138 87
25 287
133 121
99 91
111 22
29 158
278 261
69 300
20 75
65 62
131 32
181 242
279 161
271 208
300 53
52 245
82 268
69 255
187 244
262 29
152 201
233 59
288 286
16 224
30 239
3 52
254 32
131 253
111 139
181 173
247 39
66 115
168 27
135 100
273 297
9 3
208 118
208 44
207 227
157 104
11 137
186 196
276 248
272 117
199 155
92 181
64 49
42 80
66 141
7 261
184 190
128 205
141 214
1 12
255 44
229 253
5 64
275 213
207 181
132 205
293 92
282 59
270 243
61 212
93 256
64 32
82 83
221 185
284 272
242 271
175 204
192 125
75 62
138 112
78 268
80 86
192 13
40 152
82 31
14 247
79 188
43 72
258 258
130 286
104 279
280 45
267 230
51 76
89 148
73 37
29 130
154 280
92 85
76 198
201 231
191 230
169 239
126 198
224 156
195 193
240 100
98 34
10 153
106 291
6 129
12 198
3 5
41 113
65 93
82 231
95 277
208 164
7 22
7 141
7 105
135 249
75 39
187 195
215 101
231 185
19 128
164 250
223 195
200 178
88 263
120 231
252 86
240 159
253 132
232 93
104 173
228 281
80 27
71 16
227 256
227 60
271 193
247 7
287 206
180 297
6 67
238 209
188 276
268 224
9 129
9 102
238 132
187 126
142 13
176 103
252 105
273 253
123 33
214 287
134 70
281 154
63 275
24 142
138 280
182 167
28 41
222 18
76 192
248 186
53 174
108 266
249 144
131 177
104 119
152 216
188 297
265 82
287 223
201 245
234 282
287 267
32 280
269 73
97 220
40 255
8 235
231 288
205 65
20 84
143 31
292 180
173 198
25 135
1 79
209 116
119 192
219 84
157 143
281 158
196 50
193 272
275 50
25 272
263 204
142 83
245 41
6 101
279 66
102 258
128 209
6 286
68 111
178 15
89 282
284 11
126 69
161 137
82 174
128 217
186 277
212 226
14 176
58 220
290 271
64 247
17 251
43 53
268 127
289 236
286 266
143 300
105 156
150 250
125 26
287 227
206 295
291 97
291 117
139 140
204 280
206 53
106 273
118 28
285 34
69 218
77 59
211 38
280 174
268 260
25 209
78 288
45 50
275 66
136 234
136 214
287 113
235 250
297 155
4 112
294 188
72 1
18 60
272 251
18 138
167 264
158 97
219 289
245 245
108 50
168 164
298 10
7 240
241 41
255 81
68 226
223 26
154 103
134 189
225 220
5 244
235 44
148 239
142 219
189 260
59 85
128 247
136 9
240 1
240 180
25 209
196 163
268 215
140 122
21 228
207 184
125 138
215 59
269 48
14 216
205 156
116 154
196 132
192 255
267 201
189 174
10 171
21 249
238 189
136 162
233 111
164 26
35 289
151 300
149 263
281 175
201 3
121 203
233 175
160 191
53 104
293 239
173 152
10 219
70 21
280 120
21 148
269 171
190 65
272 282
229 65
233 192
246 114
60 281
222 180
224 10
234 26
119 187
217 18
99 189
32 153
267 23
36 18
47 206
270 43
35 12
91 229
88 103
267 213
235 135
147 187
227 178
253 286
31 137
136 91
297 277
130 43
188 206
69 2
275 290
266 156
196 272
116 51
17 175
267 66
41 240
237 6
152 183
155 170
189 40
108 273
299 141
87 66
198 257
210 251
30 284
215 50
122 187
188 78
300 78
157 277
40 54
10 190
46 23
258 263
254 41
157 170
113 23
286 41
120 64
81 182
14 252
191 85
216 39
173 130
160 242
25 138
288 72
81 201
265 134
1 27
264 188
228 69
15 244
204 66
5 271
161 24
266 76
291 99
86 231
235 172
142 288
179 274
101 103
174 40
173 178
115 133
212 290
71 37
148 226
18 12
261 7
297 124
10 270
128 4
223 13
253 130
165 134
271 132
272 45
176 290
217 58
59 287
90 16
20 199
93 102
55 280
97 270
59 52
93 21
269 219
86 250
293 154
231 108
21 204
159 247
2 120
44 128
143 288
148 16
74 122
45 248
273 76
58 151
94 137
124 137
130 40
205 197
204 225
16 230
224 273
163 22
7 32
118 78
206 285
80 119
290 139
139 137
180 196
225 176
182 151
144 160
207 35
10 117
55 288
161 288
141 62
17 93
1 48
272 251
175 6
10 229
286 179
85 64
116 52
80 6
268 83
212 186
107 276
114 157
111 168
108 64
221 110
255 78
252 66
132 51
127 215
61 92
235 75
89 218
135 167
34 135
32 8
153 258
254 110
124 46
45 71
98 113
33 44
77 140
247 57
123 244
188 167
87 70
130 155
175 233
96 265
283 267
277 82
293 152
149 45
253 160
183 237
182 209
206 62
191 292
239 91
51 278
119 102
228 145
275 232
261 25
47 61
66 268
271 226
33 132
83 87
103 112
271 128
230 35
285 158
221 60
203 152
290 282
145 19
210 131
160 184
121 128
85 292
124 166
26 250
165 157
142 183
256 68
161 151
150 116
54 192
230 300
61 74
198 259
234 94
26 169
219 81
288 135
222 47
95 216
299 27
212 167
157 77
111 255
142 229
250 264
100 132
177 228
152 98
202 102
164 189
252 67
1 278
300 62
193 90
226 6
237 175
22 32
155 133
273 35
107 97
12 35
258 87
208 83
188 124
296 259
220 50
132 279
70 179
170 200
61 171
280 209
64 206
61 110
41 4
146 175
146 230
271 108
38 17
253 58
66 44
157 160
259 7
162 250
145 188
213 207
163 287
163 208
231 139
242 47
97 248
123 108
177 274
60 17
57 58
298 129
271 4
249 77
39 132
37 15
246 171
16 182
224 107
102 78
128 209
74 153
150 81
233 223
196 130
1 203
277 273
19 177
139 178
65 233
226 242
262 166
248 121
26 248
201 20
185 59
81 152
99 208
27 65
108 254
3 290
163 99
68 233
68 61
136 48
274 261
241 56
289 183
283 241
269 50
189 100
288 192
78 89
113 110
283 253
168 52
201 113
180 249
131 200
30 126
167 195
222 129
139 235
111 285
32 165
162 63
298 261
56 217
143 14
201 88
32 32
254 208
227 4
4 283
33 192
74 14
158 229
51 295
299 3
176 221
210 175
18 286
110 195
74 130
139 103
258 16
300 159
117 45
71 26
38 180
90 8
254 31
194 76
270 151
276 284
249 247
216 58
132 204
8 128
90 146
112 188
187 119
192 158
119 178
124 258
236 190
168 231
53 123
113 120
201 292
193 102
138 115
182 236
220 11
33 193
11 62
78 9
77 142
149 287
227 281
297 69
269 210
105 73
4 155
11 254
133 46
262 252
101 161
151 278
259 296
70 57
192 265
27 149
163 31
62 5
151 57
65 213
171 274
32 173
61 217
69 87
46 6
159 23
137 192
30 203
174 290
27 126
179 177
151 98
208 261
293 173
3 270
203 139
52 287
170 235
133 274
69 106
155 271
131 43
161 130
148 133
1 7
200 272
32 188
248 125
164 140
145 81
105 34
170 98
237 129
123 31
24 15
185 61
283 138
11 37
228 36
40 31
141 181
286 209
186 217
254 85
181 90
281 129
218 199
34 102
160 277
119 12
8 33
155 190
205 12
274 218
199 287
51 159
259 68
158 6
228 286
155 55
212 256
97 230
63 89
51 180
139 118
125 8
288 61
180 132
192 67
108 286
222 15
9 20
284 162
3 47
31 206
155 36
79 183
300 67
114 165
236 79
272 228
236 236
40 108
49 214
25 130
287 123
133 27
177 116
179 286
107 16
289 255
132 22
102 121
180 182
147 93
154 241
88 261
225 283
136 189
75 64
18 270
44 272
126 115
197 211
261 73
27 13
8 178
57 69
286 286
34 254
278 300
80 294
280 140
231 71
251 31
260 3
201 262
292 237
123 34
217 162
259 41
284 159
102 190
197 183
95 205
110 81
180 144
295 138
86 146
209 156
224 275
109 250
218 44
42 10
164 78
194 210
16 8
122 48
212 299
61 103
292 151
160 208
224 58
195 296
140 222
10 140
249 161
174 151
118 19
206 3
10 161
185 286
41 97
12 174
180 11
256 161
148 296
27 200
104 165
69 294
97 185
225 4
144 225
76 240
94 93
204 27
210 149
198 187
286 167
176 43
15 193
221 63
162 288
88 206
228 129
19 152
158 187
4 206
297 156
39 135
227 158
134 47
32 200
79 63
257 8
121 158
202 98
188 59
142 62
52 147
237 67
187 99
89 220
299 222
66 264
103 132
205 194
225 134
215 202
182 4
270 257
248 177
60 42
81 23
114 166
84 29
119 43
109 177
121 176
298 117
156 74
70 33
271 10
59 182
59 169
131 19
167 40
15 220
145 137
83 181
118 52
272 212
11 283
118 47
31 192
91 201
124 281
239 40
112 137
251 247
192 141
92 36
238 52
228 79
63 146
139 112
291 16
224 135
266 286
41 300
181 256
148 187
232 259
171 176
196 247
8 273
52 207
201 75
168 193
80 54
8 285
236 77
195 245
133 282
136 175
218 205
22 135
270 26
209 154
64 199
148 116
133 58
156 59
281 254
119 120
161 97
116 291
207 121
55 77
223 149
19 277
52 50
117 40
286 262
8 175
298 20
192 93
83 21
240 60
200 65
99 176
18 13
192 21
212 224
175 127
162 21
47 224
299 47
207 75
271 148
71 130
155 290
170 271
166 57
231 230
245 12
237 278
198 64
55 30
258 82
160 166
163 198
81 155
210 199
177 274
283 205
195 192
63 296
203 178
74 172
4 38
267 157
233 15
148 220
278 239
260 44
134 15
187 107
170 226
22 127
7 298
83 133
115 176
192 98
227 100
26 188
99 13
102 143
45 21
60 227
114 271
273 115
209 275
202 212
121 55
292 110
299 288
82 94
139 168
151 4
53 295
216 127
285 253
247 6
283 261
114 260
11 61
291 208
196 61
25 234
283 19
254 76
254 52
189 31
253 252
95 286
100 211
23 277
203 281
150 203
105 150
261 134
116 132
135 7
170 161
47 39
150 13
134 298
79 129
135 296
270 68
292 213
296 220
156 161
198 228
238 72
47 180
116 260
180 37
74 144
159 242
24 268
298 143
237 84
238 174
295 86
9 42
152 221
30 136
273 44
31 109
26 53
71 251
102 88
255 109
160 259
27 132
239 219
74 75
221 268
98 100
228 80
172 176
250 298
31 156
85 215
248 275
261 5
139 193
217 269
9 15
161 3
110 113
228 221
171 48
26 208
266 134
26 167
132 233
85 287
98 224
124 121
178 109
112 78
79 46
122 105
153 206
14 156
53 134
284 108
237 170
27 152
63 148
176 114
262 92
195 170
57 224
152 27
118 224
270 153
229 139
56 195
70 283
213 10
181 230
62 263
278 219
102 6
102 52
178 77
22 69
112 7
168 246
149 224
227 249
109 195
29 118
294 232
287 62
38 46
75 104
63 242
201 44
137 231
272 27
298 194
236 61
40 35
49 37
257 228
215 153
290 94
168 141
22 220
242 241
157 106
295 245
267 112
240 85
143 69
194 262
200 126
44 26
187 127
94 57
29 86
156 40
50 64
209 101
161 247
214 197
231 84
5 136
97 42
272 83
143 230
64 61
49 49
71 123
293 67
151 54
158 155
224 71
148 59
94 229
4 72
138 223
208 51
221 241
119 140
69 208
185 102
153 32
289 183
43 115
238 248
183 169
259 67
142 188
261 172
208 92
263 280
260 120
175 293
73 34
128 112
222 57
179 111
94 85
23 81
211 84
132 227
199 90
161 122
130 76
35 8
120 22
178 41
44 259
233 227
88 89
276 59
274 128
186 93
57 194
241 50
243 284
266 50
262 103
207 1
256 151
227 82
133 134
283 296
70 70
255 259
183 296
244 78
207 99
267 90
74 246
163 163
55 51
206 211
202 66
275 145
46 14
28 243
290 55
255 123
229 287
156 232
297 118
116 176
274 239
271 42
108 127
7 195
121 10
252 161
112 200
16 47
237 111
119 209
11 132
170 201
16 11
187 262
162 198
98 197
214 226
253 76
282 76
17 4
218 190
20 44
258 183
166 152
254 142
34 75
278 181
152 180
233 285
37 137
22 174
102 18
122 109
232 123
175 29
216 251
74 178
230 277
130 44
52 242
26 165
184 47
240 104
215 213
71 284
96 252
281 65
25 159
150 228
82 34
173 138
219 28
149 187
205 85
155 47
17 111
34 210
70 181
13 50
174 217
18 300
135 87
9 287
30 87
266 155
217 247
104 43
142 249
84 43
99 122
211 235
190 283
201 134
175 105
182 147
296 13
267 100
85 292
181 178
43 212
165 163
138 264
136 253
4 258
31 99
119 127
146 298
81 48
20 225
42 30
273 252
240 104
283 277
208 111
15 138
62 30
142 146
236 296
256 209
35 59
252 44
63 271
112 284
141 81
65 22
251 249
78 282
240 288
238 158
170 171
172 246
201 14
59 292
244 248
22 283
85 31
25 241
58 84
294 61
184 290
5 160
122 180
131 39
113 287
51 175
82 247
151 187
6 165
69 100
212 30
50 108
125 204
169 3
225 135
142 39
101 149
55 290
214 257
107 61
84 131
144 123
300 141
233 139
239 206
225 145
37 126
212 142
148 123
89 270
236 27
267 55
127 174
190 243
300 142
20 216
252 34
222 121
176 260
172 5
10 44
49 155
223 247
132 8
90 5
64 85
235 105
10 121
95 157
229 155
125 40
205 3
73 138
44 52
85 148
78 113
112 296
215 199
143 144
129 73
224 141
167 81
131 41
182 247
278 119
283 292
135 197
236 252
72 224
129 252
139 27
272 20
104 275
54 33
269 297
59 140
93 58
150 151
52 93
92 80
253 87
42 13
232 275
217 123
181 171
40 20
110 185
228 250
242 299
43 184
221 252
27 52
247 106
72 38
59 106
294 19
215 242
121 293
266 59
221 1
193 155
203 250
101 162
10 87
213 68
54 224
128 233
268 210
176 260
92 77
140 34
49 266
128 46
96 163
78 256
213 199
160 174
57 205
93 263
177 148
194 19
251 270
151 169
202 275
198 153
33 282
298 83
223 276
119 89
132 167
176 105
179 190
231 79
93 165
48 61
181 256
296 268
234 104
155 134
4 63
286 249
39 273
114 288
11 139
122 186
102 101
299 217
99 181
181 235
74 33
240 223
281 264
67 96
295 103
156 215
156 146
28 143
208 24
62 229
265 156
42 156
209 176
96 201
113 60
263 1
80 93
167 199
113 71
106 61
235 27
154 270
182 213
245 299
160 60
129 49
66 271
72 282
77 44
5 88
38 9
158 179
39 265
285 37
129 107
141 295
86 12
39 149
69 213
103 39
280 268
209 210
62 276
219 47
160 232
123 202
181 163
98 95
273 21
123 58
114 81
166 147
214 132
157 289
142 122
100 73
280 5
173 140
178 250
287 269
28 210
258 98
135 278
218 27
18 276
137 92
296 100
195 8
267 223
23 88
61 240
232 208
278 237
297 11
150 171
2 295
20 82
20 199
211 209
64 292
55 203
103 31
295 55
121 12
254 298
234 169
106 298
121 22
256 65
210 110
111 89
294 136
44 29
188 229
214 196
200 143
19 120
269 199
294 64
234 233
63 159
177 61
282 135
61 61
262 61
31 107
54 249
11 62
181 125
176 71
54 108
181 260
1 116
92 109
210 144
241 288
9 140
199 62
106 296
282 196
238 59
190 258
13 86
148 28
103 46
118 121
247 35
71 8
222 207
121 99
293 291
63 293
279 288
5 170
15 20
298 121
18 20
293 207
152 151
129 236
25 208
231 68
21 156
119 7
218 18
94 298
58 222
289 174
287 170
63 38
155 126
173 1
119 97
192 205
104 273
15 64
242 237
219 278
230 19
196 64
268 225
263 265
2 221
267 45
201 48
129 65
265 230
22 5
39 290
66 108
240 127
255 15
178 256
232 68
268 95
288 271
85 259
169 38
239 236
10 144
49 6
45 24
298 211
267 221
213 267
209 255
221 243
159 269
134 176
217 125
13 48
147 176
77 287
147 183
24 13
205 185
114 102
286 265
264 259
213 132
140 173
67 264
204 218
94 78
146 47
287 298
185 257
14 130
13 118
19 39
27 79
153 157
67 274
255 161
290 267
227 283
156 233
296 110
238 262
167 173
53 223
164 115
220 70
13 238
147 166
53 284
25 151
103 141
241 61
281 53
82 187
172 294
142 73
202 277
25 54
109 150
163 127
186 14
136 164
189 290
127 208
101 197
137 33
173 245
248 111
96 79
161 178
207 101
176 66
245 141
289 244
80 245
300 120
113 146
281 20
146 81
68 98
83 20
33 230
255 276
254 155
275 236
91 28
38 142
22 128
280 44
164 63
54 262
269 144
270 86
262 80
212 67
87 275
79 288
186 65
72 136
199 201
1 125
229 71
258 161
134 165
249 247
194 125
173 152
170 138
205 190
246 1
1 22
212 98
251 107
57 91
233 231
138 273
285 296
89 130
43 113
36 41
286 117
59 175
157 242
237 41
283 4
138 283
238 119
273 122
78 261
82 84
55 184
178 7
72 6
65 259
273 236
101 64
220 265
56 256
204 240
107 132
194 61
2 96
87 156
170 267
17 236
250 154
89 117
231 204
294 256
159 254
177 130
86 83
23 169
62 126
8 163
261 247
95 5
298 12
291 116
116 248
154 193
202 51
109 206
87 223
128 83
141 26
198 104
285 260
48 94
228 121
165 157
299 165
53 129
112 69
257 277
164 281
176 35
239 39
197 260
221 12
201 160
259 136
197 204
284 155
265 91
115 38
177 83
195 122
217 19
34 81
53 175
293 62
174 187
85 148
227 25
238 299
40 161
298 65
245 259
208 107
77 189
181 46
24 260
186 190
288 163
121 213
118 168
185 119
229 41
56 136
202 268
4 281
24 100
151 59
183 229
274 275
1 24
203 23
215 111
168 26
288 285
291 99
171 4
85 20
35 136
107 15
15 222
137 99
43 117
45 217
192 258
261 204
6 241
286 163
171 166
145 233
193 269
121 149
46 277
163 221
26 171
110 166
49 101
37 162
268 48
238 209
260 208
219 113
95 13
187 138
141 135
226 90
201 220
238 144
71 224
264 73
120 34
135 300
143 209
66 202
133 211
124 247
266 103
101 155
134 46
300 100
265 207
27 240
110 63
143 12
11 284
216 117
6 142
114 119
300 20
30 260
57 208
273 80
101 26
22 218
94 40
26 295
143 210
131 105
285 260
43 148
84 238
146 256
138 49
157 83
175 278
178 152
173 29
198 157
247 177
262 110
230 136
242 157
191 49
21 69
283 23
180 165
42 272
11 194
174 242
208 218
274 288
39 123
175 100
27 279
156 73
272 197
171 294
203 184
191 125
39 221
214 233
45 108
209 125
61 13
110 223
224 146
11 253
82 16
30 118
44 123
83 188
213 142
283 12
186 123
44 185
66 98
215 256
128 156
82 235
3 245
276 153
110 147
15 157
46 287
231 186
297 89
229 161
238 42
61 30
150 263
137 109
120 178
233 256
258 85
224 65
16 31
129 268
19 50
256 237
42 164
159 70
210 69
110 128
163 198
247 198
205 163
235 40
184 185
42 11
99 131
290 99
4 28
77 280
253 278
83 56
258 29
78 58
80 111
44 114
56 54
234 142
224 19
144 252
93 248
44 294
213 262
131 252
42 145
27 152
112 34
211 131
58 260
186 144
86 96
197 239
180 127
155 202
27 71
186 166
266 245
280 192
183 1
265 25
2 278
79 81
281 31
218 156
65 87
216 276
299 112
17 275
210 154
96 260
95 60
99 140
84 146
158 57
3 88
122 149
44 130
169 32
111 233
170 164
66 128
159 160
125 182
103 44
111 74
88 217
73 91
79 87
227 168
65 237
4 226
135 70
47 146
222 185
221 133
273 218
59 14
38 133
243 277
162 73
101 182
274 223
231 121
275 62
220 179
120 188
253 292
156 6
47 118
243 62
243 281
239 50
65 97
146 100
224 173
19 131
199 296
131 176
181 177
191 24
9 41
4 1
246 72
227 48
142 59
197 229
262 169
112 65
271 55
5 137
25 245
81 35
9 177
214 292
87 96
192 205
4 33
24 153
118 79
45 290
162 196
202 98
4 278
120 161
92 50
288 268
101 113
114 285
282 173
71 232
164 101
169 232
93 127
138 237
27 104
25 137
220 265
66 254
103 21
52 161
213 130
50 109
272 49
174 96
32 26
254 298
86 91
71 198
298 105
283 111
94 226
106 148
197 285
107 117
118 16
146 263
186 278
51 115
182 207
3 171
173 158
128 179
115 95
232 143
20 277
97 56
184 176
83 161
286 111
71 270
198 264
285 171
269 220
159 131
74 216
68 85
1 22
221 82
275 168
247 247
84 259
185 259
93 214
133 69
203 296
161 285
237 212
237 41
80 135
120 13
124 185
58 41
18 51
51 4
202 142
268 143
129 179
141 210
36 14
126 32
146 248
38 35
280 47
82 6
231 224
268 248
245 212
259 24
91 147
288 176
182 108
258 178
212 105
109 230
119 272
151 185
47 100
33 94
27 17
95 103
16 294
240 106
235 82
43 251
164 119
221 252
231 5
280 81
282 265
6 164
152 152
291 296
2 198
58 255
259 101
92 124
137 232
49 147
110 260
245 148
13 91
237 195
248 89
16 181
142 217
174 238
129 147
187 51
56 236
80 174
61 14
264 276
206 270
218 117
123 148
45 98
252 39
168 65
217 243
109 19
16 103
77 108
9 123
25 241
287 272
9 265
179 24
36 94
226 34
261 241
25 189
111 283
241 285
66 224
215 220
82 271
92 210
15 207
25 128
34 290
212 151
12 24
249 52
191 81
19 273
60 33
103 46
65 173
199 36
197 40
32 92
55 127
76 283
53 249
73 111
279 22
125 233
54 137
298 207
115 85
181 205
43 98
222 71
3 259
200 292
99 179
126 158
130 136
202 13
169 46
112 82
286 294
46 84
53 264
91 272
123 50
110 156
93 300
237 261
280 48
75 30
182 133
163 3
75 125
238 63
38 22
132 198
85 291
241 259
277 172
154 32
288 191
285 40
158 118
203 63
51 212
206 174
241 50
203 48
53 279
158 17
67 36
175 44
42 133
69 195
281 261
232 141
277 137
109 114
104 204
148 141
259 146
202 234
237 249
230 229
106 117
290 200
256 263
163 252
65 83
42 282
258 132
1 135
251 89
162 207
152 300
86 146
215 147
2 180
140 37
240 210
137 271
120 124
22 224
88 2
47 82
64 72
54 115
111 9
74 12
294 24
43 242
187 122
24 206
144 235
82 230
97 292
105 78
86 217
56 195
53 174
179 233
206 73
179 213
280 153
91 226
147 286
118 115
17 123
49 300
40 6
242 105
256 73
286 33
124 112
257 249
102 68
215 197
232 65
281 102
51 38
37 282
239 13
212 2
75 211
18 62
279 223
25 275
225 247
276 81
223 222
118 200
205 94
290 60
38 195
45 33
5 23
101 115
179 34
133 134
88 133
89 48
280 43
96 54
228 267
228 156
66 181
125 246
268 241
203 55
85 52
117 254
23 283
143 277
195 29
137 113
113 119
215 227
174 143
74 177
231 222
161 217
103 131
74 258
38 278
206 84
195 298
255 166
74 292
73 42
300 36
286 278
283 157
169 266
197 236
76 23
212 249
268 11
284 239
148 102
20 146
182 240
300 87
68 30
248 55
150 299
242 285
217 194
143 227
83 53
272 161
134 32
57 206
224 141
20 100
287 201
225 218
152 90
53 54
240 248
293 55
169 82
126 288
94 218
6 299
235 73
60 276
4 100
134 249
265 120
185 132
143 187
152 3
212 130
106 277
164 112
82 38
34 24
156 77
148 79
145 40
291 173
58 107
9 186
192 296
219 164
158 241
244 27
211 233
146 48
199 179
55 198
35 276
83 62
211 31
155 200
194 125
299 263
158 109
93 97
65 114
168 230
100 211
61 114
195 21
126 49
42 44
66 79
141 114
252 166
28 238
23 160
45 138
189 27
42 36
88 16
154 300
91 265
59 241
117 5
48 65
163 231
295 295
49 229
63 221
86 265
185 19
88 213
296 170
40 253
238 17
165 33
281 262
238 13
97 173
65 255
236 270
132 252
246 125
207 55
298 162
212 64
94 96
69 66
106 191
296 188
40 96
230 59
112 99
189 119
53 134
222 164
198 292
245 245
55 207
249 213
40 89
1 147
105 291
84 158
115 187
116 163
46 262
66 112
213 103
216 283
298 220
147 154
294 265
101 76
172 297
46 194
178 54
112 242
143 94
78 22
235 27
115 89
153 103
300 64
87 19
34 120
61 155
206 194
163 227
133 99
142 262
31 132
178 134
130 141
43 252
280 127
256 200
52 8
263 253
277 118
212 164
279 299
300 13
205 259
234 86
123 197
118 45
135 97
80 272
183 260
33 214
162 294
279 67
4 230
97 237
72 177
296 18
149 263
86 137
90 172
49 78
19 220
269 69
252 12
206 152
76 18
27 92
12 132
47 209
281 121
50 142
245 56
298 160
78 290
127 143
112 131
272 80
17 76
109 182
214 61
188 290
186 161
31 221
185 4
85 234
129 270
215 124
81 299
209 66
210 228
122 19
174 72
202 90
283 267
17 145
147 219
162 188
17 300
98 12
166 280
72 172
93 60
289 152
77 232
144 61
9 83
170 215
16 141
50 109
62 264
277 266
4 228
181 184
253 153
194 90
113 46
211 100
207 184
129 175
251 143
87 151
99 67
230 7
90 254
262 266
240 236
214 232
143 18
201 247
142 2
273 268
286 278
29 222
37 90
280 10
261 260
266 205
131 154
151 55
128 191
292 213
75 252
38 265
6 91
183 32
148 259
46 108
257 151
151 292
120 110
225 199
32 281
177 247
146 183
64 90
25 201
157 208
221 184
119 113
261 243
107 95
161 177
153 56
214 94
298 146
30 106
237 38
16 91
44 235
156 138
246 132
77 49
297 32
247 276
56 241
145 64
149 87
232 184
66 55
3 154
110 236
251 120
239 143
185 246
31 244
260 6
279 165
139 32
206 162
227 300
184 267
31 210
179 287
92 10
152 19
11 278
261 158
209 72
98 81
180 61
175 160
50 9
234 180
23 297
82 297
5 259
9 232
182 95
19 243
5 207
73 294
143 206
14 51
117 67
204 24
191 39
59 109
118 252
126 272
239 45
276 40
248 251
124 165
224 120
168 168
127 156
261 129
174 220
156 94
269 149
6 201
300 249
244 54
26 141
110 194
36 4
28 29
138 176
26 170
280 226
62 253
104 203
272 41
23 247
213 106
157 93
232 193
206 135
67 110
300 252
115 225
71 16
173 266
55 253
153 56
177 236
172 71
230 128
128 173
90 31
104 73
263 87
249 82
8 56
197 232
21 53
186 125
245 147
51 184
128 34
41 40
9 152
75 175
149 113
260 50
298 24
99 266
106 224
115 15
2 97
65 218
201 7
102 237
269 67
268 123
294 204
235 99
10 142
279 48
198 159
278 118
189 119
145 273
104 88
131 25
271 166
98 207
6 34
121 176
279 282
162 97
153 117
192 205
188 119
261 169
23 74
182 7
294 83
137 42
117 58
12 299
87 116
111 146
82 38
91 212
233 216
58 230
196 172
108 26
22 270
275 1
97 248
279 37
34 98
143 155
20 75
261 78
274 58
277 289
115 36
34 6
266 189
126 199
48 47
252 291
70 6
145 234
160 213
183 222
28 115
104 78
260 61
7 294
271 132
95 289
28 170
254 274
168 256
258 258
103 160
26 161
3 2
251 22
236 165
47 56
25 222
130 102
207 79
233 292
194 291
137 158
183 196
48 29
148 264
298 47
92 126
118 61
260 294
97 207
240 224
26 169
90 284
47 160
181 45
280 62
147 239
252 212
218 171
158 202
196 42
30 292
62 47
298 295
196 182
270 281
280 219
22 279
22 265
218 10
150 268
255 255
3 95
270 229
246 269
216 11
168 58
3 203
81 31
117 245
144 58
156 68
102 281
245 91
67 68
44 213
176 183
54 140
87 248
247 152
17 76
97 259
189 139
254 87
55 292
95 239
189 206
66 290
12 151
183 155
201 121
226 214
41 15
4 109
35 257
275 219
272 9
293 240
295 139
233 205
34 157
137 59
112 200
48 268
91 284
221 157
196 112
87 93
270 192
227 174
210 130
183 147
136 21
159 107
106 3
193 26
83 158
213 137
8 154
281 248
10 76
277 47
163 148
247 37
194 190
31 193
6 218
46 21
31 53
124 26
68 113
198 162
290 95
230 195
109 267
166 15
6 124
91 208
123 117
108 198
126 144
44 75
110 34
170 215
3 12
78 231
69 272
33 252
244 50
72 251
47 139
134 23
44 80
14 154
294 256
37 109
246 209
176 147
159 11
299 167
131 1
204 120
280 263
247 75
296 239
9 224
282 82
8 27
217 79
251 34
8 202
292 99
292 163
274 55
22 263
1 75
194 251
171 184
283 216
185 177
20 6
258 245
259 245
53 103
234 72
232 235
64 151
111 230
97 252
166 178
271 157
293 91
