320
2048
166 195
201 10
224 110
131 228
33 249
251 300
101 175
182 19
47 142
237 162
299 124
148 292
158 153
141 318
314 163
210 165
201 146
59 234
264 34
49 264
72 68
258 95
244 273
200 145
57 252
174 88
118 198
77 186
222 46
153 256
316 263
209 262
56 296
78 64
37 188
310 55
307 310
4 40
182 286
171 238
93 254
235 304
45 170
194 10
57 242
229 299
66 297
77 90
271 187
287 297
276 14
43 66
236 216
271 235
4 217
66 317
38 310
169 318
230 115
247 87
289 238
94 76
255 95
218 203
85 27
220 226
267 236
2 56
194 204
41 181
229 264
16 65
187 101
159 232
84 249
267 319
241 32
58 142
20 317
207 307
285 31
245 137
299 312
266 29
44 256
80 53
281 183
169 243
291 24
18 139
93 257
249 242
232 305
301 1
39 50
218 297
255 123
81 26
179 146
96 157
124 119
274 60
175 175
293 268
288 295
52 295
148 201
237 208
154 189
27 9
50 136
274 161
26 256
43 101
178 250
314 5
308 209
108 264
37 37
224 157
155 228
291 283
32 271
108 135
115 82
70 236
259 3
203 313
260 295
130 147
168 268
18 119
126 284
312 5
187 296
167 45
83 141
145 183
243 77
28 166
33 101
48 118
97 292
198 14
246 153
183 23
31 49
267 85
23 115
161 140
127 156
198 207
129 55
94 37
16 220
299 207
45 270
231 264
190 84
133 145
277 300
21 53
14 127
25 221
255 217
125 77
245 16
240 58
111 193
235 101
151 316
41 75
50 63
240 224
130 302
313 50
244 315
195 169
222 138
102 55
261 147
78 216
159 97
133 90
187 93
49 288
280 286
150 199
184 182
170 171
215 147
66 66
90 248
192 289
109 155
259 283
246 99
63 87
164 37
316 10
54 266
159 311
102 203
238 249
12 97
11 66
257 254
292 98
137 17
42 134
258 285
120 113
279 109
245 49
181 283
302 116
129 159
57 69
113 151
171 75
140 125
243 277
249 161
21 138
247 14
285 54
155 134
110 145
13 135
202 231
273 259
150 299
243 167
309 183
109 209
145 142
30 242
236 137
234 78
36 227
167 5
297 215
121 169
58 32
76 149
13 316
233 121
48 47
275 242
163 99
318 3
234 220
227 146
223 277
209 217
251 67
44 227
228 257
189 88
315 309
264 302
140 135
292 139
25 248
252 90
22 47
144 75
308 176
238 259
280 172
266 10
45 189
161 149
6 56
163 30
291 1
86 154
295 285
255 166
142 49
301 124
79 314
42 132
96 52
34 149
58 152
119 240
298 222
232 246
94 212
19 206
22 270
303 124
249 7
265 27
276 231
132 224
310 177
247 62
184 205
84 285
312 21
288 309
108 165
52 143
150 196
319 98
30 231
292 11
127 280
153 113
209 2
107 8
273 189
25 227
275 25
234 318
234 126
299 237
127 264
298 35
130 263
220 18
157 16
129 276
93 13
314 262
245 118
131 123
46 222
43 258
272 34
89 126
104 284
245 289
253 28
220 5
8 290
245 38
131 14
105 66
51 58
15 286
203 70
5 216
97 64
24 149
15 262
19 207
159 266
260 38
215 72
222 185
82 179
75 31
236 1
299 162
187 198
252 132
292 21
79 85
311 256
110 97
299 110
33 275
14 317
185 165
68 14
238 12
212 198
189 296
31 62
19 46
64 195
5 95
114 309
52 286
139 159
272 314
308 264
52 221
99 127
86 312
72 277
122 293
112 311
222 292
108 165
291 26
233 23
43 244
193 172
47 212
289 43
294 239
45 144
187 263
43 88
87 151
114 176
134 113
5 300
195 12
256 188
68 33
228 35
112 319
144 130
171 6
69 246
88 211
38 20
281 236
115 263
281 285
256 20
169 181
56 61
15 68
296 274
54 320
119 54
156 46
110 263
59 91
127 263
266 250
62 199
107 149
305 139
186 72
32 309
214 63
75 103
35 163
239 89
111 208
2 33
212 80
295 257
127 185
44 239
68 30
143 241
278 154
117 291
191 32
165 190
18 210
205 230
14 125
312 253
298 223
100 156
5 222
239 115
177 41
205 11
284 185
7 305
70 159
206 281
42 205
267 293
169 313
257 176
216 11
238 303
37 243
36 30
305 220
27 7
24 197
122 16
65 47
160 120
106 258
256 277
204 59
125 90
149 30
191 100
74 240
129 282
285 307
84 5
147 194
261 8
105 279
51 136
90 307
28 247
3 263
91 306
254 204
278 86
232 169
283 107
306 252
209 68
125 246
36 152
277 233
306 161
141 226
25 225
304 139
138 118
93 241
75 242
193 199
153 194
272 62
252 61
75 5
87 295
10 97
222 160
240 78
15 113
81 290
190 264
248 265
88 187
113 315
162 11
319 83
80 78
14 61
230 275
13 292
106 310
260 37
36 18
131 21
98 125
131 19
14 21
109 13
310 125
218 173
257 86
151 29
286 4
179 85
63 62
167 223
76 303
26 152
273 27
143 174
98 237
8 106
44 9
23 128
285 203
165 318
143 302
119 159
209 55
36 200
146 138
233 3
302 310
204 207
261 228
93 57
318 130
276 137
318 227
261 227
167 313
165 2
214 118
303 243
233 177
136 27
19 97
265 84
132 181
109 57
135 234
205 24
47 11
203 126
35 236
128 13
287 228
207 8
255 193
172 7
23 256
254 13
229 250
67 13
151 56
99 168
132 41
315 52
251 185
202 280
185 50
133 13
94 94
17 81
261 174
207 247
38 205
259 111
66 179
182 145
121 129
111 26
135 149
288 193
101 8
32 41
287 7
10 179
280 91
139 15
278 302
153 210
249 10
135 239
127 173
236 57
155 104
4 77
84 118
102 219
235 140
257 92
221 206
126 26
211 124
57 284
100 29
91 289
202 116
89 127
142 87
227 254
263 281
11 136
267 194
150 316
52 286
169 207
177 53
248 43
20 99
234 179
290 200
32 82
256 128
139 292
243 179
306 169
12 81
178 15
32 218
93 292
137 16
136 200
263 282
239 282
284 56
226 62
236 164
22 128
5 20
122 267
23 5
53 141
112 263
290 52
84 257
78 166
262 209
8 151
145 20
53 199
179 164
311 56
67 274
127 264
44 97
57 237
138 64
95 29
267 161
306 272
291 188
15 199
102 83
240 78
279 243
69 196
290 59
145 2
211 78
83 234
73 40
241 12
208 61
122 70
264 86
167 217
243 61
2 51
310 283
40 194
83 129
4 193
43 10
205 106
60 103
189 212
256 180
84 167
40 283
190 269
197 188
51 147
213 14
315 194
155 109
147 121
233 248
178 57
90 256
44 104
181 145
55 34
226 193
169 195
271 213
126 181
296 281
173 211
286 304
229 251
14 143
238 320
201 67
41 201
108 146
26 284
208 232
274 176
154 187
27 120
56 91
238 187
95 297
275 78
221 210
312 281
230 178
98 139
178 226
257 151
134 10
298 157
285 50
130 277
282 20
206 226
108 61
15 187
51 126
315 122
23 14
214 96
112 134
199 279
292 1
227 103
145 262
138 230
59 112
201 289
25 274
238 30
292 264
269 272
116 243
287 214
211 189
317 306
78 88
259 294
103 101
256 242
190 247
254 208
87 293
27 92
260 139
115 221
7 37
238 155
156 284
97 250
241 48
66 43
247 106
269 320
205 112
118 255
288 147
31 131
196 237
89 289
116 181
55 269
145 55
142 229
304 38
113 245
317 65
122 128
105 294
219 73
270 35
216 234
294 134
252 144
269 84
171 36
102 9
162 19
57 76
254 34
258 147
199 252
66 193
152 43
73 34
159 190
21 77
216 242
111 223
33 10
182 124
29 240
127 107
238 67
132 187
60 261
316 257
287 280
246 127
270 87
11 46
16 116
154 45
68 311
3 54
270 196
85 237
82 85
40 215
79 162
26 96
183 249
79 147
285 264
73 169
163 23
246 302
15 312
259 25
88 129
290 201
301 216
41 142
140 28
255 152
145 10
299 149
162 98
78 96
274 114
87 278
111 229
207 131
124 121
260 38
226 3
58 185
10 186
198 207
216 193
221 6
138 294
268 97
145 171
201 231
127 160
186 24
212 78
80 44
196 117
106 11
103 10
163 312
244 37
45 24
156 110
87 320
34 71
68 236
301 287
309 212
279 314
22 133
222 165
202 84
145 278
117 214
147 285
147 139
251 29
190 140
150 203
67 3
203 45
157 316
103 19
158 76
69 83
116 187
100 165
249 200
272 87
9 60
53 68
137 189
250 223
293 7
78 116
256 135
305 131
22 283
318 65
272 109
266 150
204 288
288 104
40 317
77 52
86 141
104 29
307 293
160 310
63 198
181 191
275 306
105 103
6 320
241 261
5 7
146 230
102 2
53 111
37 15
67 33
152 173
237 4
217 232
242 150
69 46
55 41
134 128
44 208
271 214
72 109
160 313
248 118
99 137
79 143
264 159
277 40
71 130
120 259
232 125
42 67
178 234
177 194
79 96
72 225
63 12
42 290
303 307
175 249
289 43
120 92
44 205
3 15
75 209
233 68
5 171
317 313
70 219
265 184
27 303
131 130
205 17
110 108
18 77
100 293
52 146
264 136
116 55
111 300
50 201
32 3
121 259
219 318
131 286
117 261
86 18
29 94
121 27
110 190
287 118
280 217
73 283
21 300
51 194
93 150
308 269
225 262
231 192
268 157
35 90
87 50
78 226
166 127
93 122
7 101
152 104
291 57
291 75
41 266
115 48
189 193
170 168
146 302
152 256
179 92
76 104
62 201
235 234
203 137
111 142
180 50
96 120
162 208
117 155
115 312
298 313
269 237
107 134
110 137
59 51
111 149
95 246
64 111
115 252
185 28
291 230
285 263
103 207
45 216
181 300
314 276
32 177
51 12
238 234
170 232
23 7
125 240
108 209
253 76
1 127
265 168
106 196
18 30
99 247
9 290
42 284
58 225
247 12
158 235
298 306
102 17
73 124
236 200
273 198
268 233
157 248
93 177
233 148
164 48
192 104
3 283
15 97
40 88
288 171
10 59
289 73
228 228
104 133
37 101
37 1
312 52
242 258
58 219
91 31
109 242
193 135
187 280
53 41
32 223
136 278
297 133
142 189
143 132
2 130
167 218
141 109
218 56
192 119
4 114
236 77
150 102
46 302
201 204
52 121
113 146
217 210
144 109
187 76
91 200
208 160
67 111
155 188
220 305
173 216
173 166
140 104
192 302
270 116
140 48
12 258
250 220
142 263
54 168
297 200
235 224
6 137
308 203
262 172
250 131
149 220
299 187
53 96
142 79
241 193
109 157
111 139
293 15
264 31
213 29
13 71
275 85
313 7
313 109
200 114
27 282
200 220
13 210
125 300
111 70
133 242
96 21
241 60
57 117
16 238
315 16
167 186
237 192
308 234
287 181
73 81
219 278
231 106
29 49
216 91
269 264
221 53
58 232
229 316
148 319
120 147
57 145
43 296
191 99
167 308
60 159
82 182
117 270
52 292
6 71
174 189
233 50
239 298
225 127
276 297
318 319
213 6
11 252
201 283
191 258
61 203
105 154
130 203
253 90
68 271
292 87
161 293
62 143
307 123
240 189
190 39
16 14
101 261
43 107
82 170
237 240
207 55
291 75
3 37
20 235
182 45
158 294
12 30
277 155
277 228
19 159
22 6
159 8
219 23
285 58
5 100
309 213
268 90
233 302
303 307
173 278
140 222
237 121
101 303
268 259
81 43
312 266
64 191
268 85
97 65
175 150
51 195
86 309
170 319
58 126
298 126
284 154
11 212
258 9
53 73
309 130
277 128
194 180
50 13
149 70
5 307
155 199
29 151
298 227
171 266
248 136
298 272
282 155
198 94
199 125
30 220
121 294
63 317
84 232
164 229
87 45
9 83
73 98
80 117
251 123
246 229
298 204
82 267
296 173
155 116
163 207
75 133
179 168
90 1
108 180
47 224
61 103
286 272
181 204
47 185
164 83
189 151
35 180
77 312
10 276
55 183
88 44
108 107
251 287
129 206
50 29
270 320
187 144
201 5
128 70
176 318
307 57
232 304
100 69
186 71
184 247
80 259
37 182
54 129
303 247
54 29
68 52
123 1
22 52
26 252
80 59
209 132
157 78
18 196
89 97
71 147
236 129
52 60
285 303
112 154
30 244
259 12
314 123
68 117
85 155
114 113
29 122
213 92
155 302
22 40
219 99
14 306
198 26
148 119
111 20
216 30
19 28
92 235
152 242
54 5
1 220
253 133
160 82
96 202
319 269
216 20
172 299
158 104
132 89
119 269
25 107
74 57
126 59
247 109
108 306
225 156
212 31
106 220
198 15
299 122
196 68
320 143
139 80
255 260
114 218
252 144
169 252
121 218
4 170
44 149
224 270
26 122
315 164
210 316
263 75
307 22
190 73
48 304
75 216
175 16
212 111
54 111
240 79
106 212
211 244
160 22
266 289
247 231
265 221
192 95
3 75
217 7
55 294
246 173
23 199
44 60
14 259
197 119
306 183
206 229
227 236
112 129
271 48
162 260
168 63
234 260
83 136
177 239
272 265
224 294
38 130
303 27
79 302
2 208
105 94
227 51
39 311
13 32
105 269
216 127
256 49
65 54
233 266
196 259
249 176
122 70
186 74
47 290
293 291
319 10
146 169
55 243
240 50
236 218
184 193
82 167
12 82
31 200
306 166
20 222
161 48
140 280
209 126
59 143
173 262
98 258
82 269
66 301
303 9
232 299
204 222
119 268
36 243
44 50
108 207
153 30
217 130
6 301
41 191
173 198
91 66
30 139
142 147
234 293
255 145
308 277
302 31
116 142
122 124
103 40
171 117
230 2
312 274
157 170
40 131
136 8
35 302
289 148
103 229
93 65
49 155
135 16
42 159
225 242
78 94
79 231
232 260
295 66
154 170
149 220
112 57
281 188
5 300
114 38
243 304
25 65
52 148
149 77
67 37
168 38
14 48
301 169
156 92
64 105
154 301
83 160
31 255
312 198
247 240
36 189
185 241
235 83
308 44
37 222
7 286
68 28
178 303
315 18
260 295
84 279
189 54
277 38
164 251
96 301
195 212
310 196
98 219
172 191
101 237
77 58
244 207
60 272
86 79
51 114
145 48
296 20
262 240
199 255
83 241
38 20
182 92
33 201
169 25
132 146
15 166
163 302
55 317
199 77
265 135
274 25
229 165
185 171
114 266
122 40
214 260
305 39
319 49
156 158
40 222
8 169
151 262
213 299
77 272
262 15
213 11
245 62
253 157
25 143
42 298
311 209
249 36
174 41
293 307
301 23
177 125
19 206
231 233
266 114
183 260
247 5
259 296
187 2
295 213
169 1
194 138
51 143
81 109
268 114
160 163
31 310
162 216
313 198
196 162
129 207
78 209
156 200
192 300
10 68
75 283
90 250
60 243
106 199
104 99
71 117
295 270
54 90
97 250
291 56
192 189
282 116
301 280
318 122
43 48
95 227
236 80
306 125
135 227
226 301
8 221
319 304
184 280
113 82
179 296
134 55
8 65
60 310
25 76
237 64
100 241
19 52
270 1
71 2
122 119
241 93
292 60
235 298
154 197
251 166
102 248
301 269
47 12
106 229
41 214
62 102
43 3
62 141
61 113
155 14
121 86
320 267
26 135
306 279
279 65
131 50
276 191
143 30
262 301
2 301
184 274
68 137
43 68
82 56
186 171
155 135
233 185
318 49
215 239
138 238
61 187
265 232
107 86
82 253
226 296
82 96
207 211
249 158
10 282
155 147
113 220
223 313
168 314
142 133
75 247
266 36
124 108
26 196
173 15
210 1
274 216
239 94
10 151
228 248
287 256
211 231
78 255
30 8
250 275
186 107
31 22
134 96
5 177
33 231
287 203
309 133
153 141
136 299
239 141
92 295
177 281
58 45
239 199
32 193
57 186
14 48
1 103
160 224
303 305
220 225
90 105
115 93
21 2
28 79
108 176
60 218
168 32
98 11
244 312
171 299
272 222
161 75
54 264
188 28
81 219
318 222
112 233
231 24
101 162
313 126
125 240
35 136
74 152
247 202
96 174
299 74
18 80
94 108
285 283
243 10
268 87
260 148
39 195
299 36
64 129
19 228
44 302
159 117
229 216
280 72
42 123
216 73
8 302
10 32
134 141
149 97
196 188
85 254
34 103
306 89
63 180
152 265
298 109
242 214
278 31
49 166
205 18
67 237
111 242
139 289
165 79
4 26
216 199
91 102
256 87
198 225
137 5
20 17
86 225
205 227
23 24
9 192
68 9
215 217
178 212
21 204
268 213
194 90
156 6
234 15
66 134
237 157
224 152
250 272
299 114
120 176
96 161
251 85
151 213
157 130
267 170
163 159
254 268
18 1
136 47
31 217
88 197
142 176
185 225
145 9
221 186
130 260
215 126
261 80
176 256
209 295
227 137
103 58
200 318
226 164
31 123
50 140
255 158
155 34
166 29
28 143
85 173
115 228
107 167
272 203
311 277
185 96
242 54
267 265
155 277
146 255
108 225
16 31
227 163
237 317
261 174
277 12
241 107
15 312
171 201
231 57
26 316
224 1
40 305
318 199
47 113
157 116
115 61
308 120
85 69
204 148
275 69
209 82
116 13
55 87
103 158
282 170
232 74
214 314
177 59
131 303
8 86
316 32
195 133
254 194
17 7
56 13
302 65
286 11
8 197
66 198
110 52
134 25
312 76
155 208
266 291
124 153
69 300
144 308
202 12
291 291
155 20
112 288
127 271
102 243
159 157
240 119
251 231
222 21
19 117
8 175
281 124
297 226
304 314
241 167
292 75
270 279
166 276
250 209
140 291
211 310
204 53
16 7
252 298
209 233
147 269
286 171
259 125
271 93
91 122
135 145
72 246
230 97
13 237
142 274
257 178
275 61
125 294
304 268
35 199
103 150
231 264
1 151
242 3
51 225
34 70
134 174
27 246
243 144
160 177
218 174
26 222
165 139
161 142
112 234
31 300
174 98
188 112
261 142
103 159
284 96
251 261
305 304
259 213
244 25
145 71
305 320
293 164
224 49
18 262
5 51
196 273
211 115
51 17
301 186
139 64
119 46
152 110
246 292
201 112
101 109
172 141
297 317
139 18
185 16
17 310
252 67
40 264
206 295
300 170
235 103
198 166
67 170
147 254
269 149
277 276
220 219
142 15
106 34
164 227
91 154
227 9
130 178
199 177
152 168
208 255
174 49
105 170
156 97
67 302
282 72
315 151
291 82
