320
6144
258 160
304 194
30 259
75 289
302 99
89 80
288 217
174 86
156 35
313 12
43 299
172 186
112 286
126 316
185 78
242 102
153 306
90 250
225 16
317 244
194 297
254 216
16 81
5 214
211 78
169 253
135 318
32 111
114 95
106 173
217 172
22 108
42 40
224 278
46 76
221 189
32 15
229 207
85 108
297 181
249 261
106 135
310 297
230 37
208 223
51 232
263 133
106 42
131 132
292 209
192 12
101 41
230 183
228 262
138 114
266 44
155 220
43 101
98 253
132 53
216 182
243 123
131 6
35 27
140 188
13 155
138 112
126 16
100 34
295 109
49 59
8 125
132 309
76 54
158 41
117 167
222 67
160 235
268 163
113 48
245 146
158 320
31 1
39 209
183 30
73 176
165 320
264 313
60 287
19 176
298 151
41 16
155 81
56 259
246 67
262 238
307 239
3 281
262 3
138 36
91 44
162 276
317 175
142 10
140 75
49 51
102 111
29 127
258 56
133 253
113 151
257 246
10 252
224 299
7 272
308 21
185 72
204 164
111 276
75 112
218 91
237 129
153 209
42 199
223 135
282 46
169 320
141 191
94 101
19 162
162 309
263 141
141 109
67 160
76 137
130 251
182 197
65 229
11 185
160 160
24 50
192 215
106 37
191 205
7 260
154 163
239 311
115 49
184 44
262 16
170 7
58 212
264 30
307 17
5 87
143 7
72 142
293 25
197 128
21 314
94 110
237 167
307 50
152 273
123 102
61 178
64 227
307 120
29 10
171 195
227 300
100 301
61 124
271 180
158 37
184 205
148 299
129 286
15 186
119 131
36 242
149 16
124 155
162 66
282 30
128 277
134 268
219 152
78 37
71 262
53 128
214 48
178 295
16 151
199 82
78 206
278 110
299 298
249 119
291 77
257 216
30 280
315 133
292 146
140 79
140 145
186 252
166 131
52 24
68 116
144 281
67 68
306 177
284 97
14 264
190 315
222 107
292 80
217 256
53 191
149 168
287 70
298 294
58 93
222 293
133 196
156 171
132 152
132 200
309 167
168 302
79 277
275 190
239 252
71 15
113 167
25 141
270 295
214 107
126 13
212 53
146 189
289 238
247 288
153 75
10 96
279 183
161 240
290 194
47 210
204 274
158 150
92 189
306 101
53 260
204 18
273 153
314 136
168 218
300 68
66 94
109 264
289 214
113 273
61 231
184 95
293 227
46 97
303 262
163 126
144 157
62 121
17 3
102 319
181 43
254 83
255 194
58 152
182 216
256 176
315 199
114 310
7 97
306 110
84 241
301 49
18 195
226 45
176 144
275 97
9 154
177 240
239 183
43 275
134 288
252 225
185 217
28 79
66 69
116 168
167 274
226 83
79 311
58 269
99 80
89 226
232 59
216 249
231 288
142 238
182 290
190 165
193 154
69 43
146 192
60 51
1 221
293 164
101 253
211 168
314 201
153 111
64 312
304 49
219 71
100 55
84 79
184 287
299 310
38 250
126 244
150 198
160 141
186 41
267 246
318 1
202 106
100 218
54 68
11 279
33 222
123 25
156 282
2 238
78 33
11 199
96 305
121 269
315 181
270 49
136 101
281 81
315 82
29 190
186 115
268 172
253 264
37 222
244 52
254 66
277 205
320 313
214 70
284 176
153 49
98 210
29 270
26 94
277 25
101 248
43 161
304 275
91 204
238 21
198 10
129 176
122 3
79 264
248 188
294 31
161 186
90 31
12 295
179 78
317 124
36 254
218 37
184 247
275 63
298 172
86 135
52 254
2 88
245 113
88 226
223 256
227 66
108 312
283 253
262 65
140 97
316 294
17 259
128 247
7 60
89 174
226 303
313 221
76 126
197 213
8 158
242 262
204 55
250 50
54 188
221 156
235 11
173 147
248 143
306 205
42 35
37 25
56 182
237 6
112 152
206 156
283 273
209 246
52 91
96 243
139 104
221 119
95 63
188 311
293 152
165 3
183 184
213 284
257 84
236 107
104 63
63 17
206 316
293 30
36 138
278 145
46 199
253 103
92 225
240 43
114 196
192 205
267 114
74 35
229 198
124 91
246 79
184 4
125 129
280 210
259 216
183 10
223 75
308 149
255 234
315 257
148 84
295 40
318 29
193 183
40 301
99 155
245 220
206 86
271 165
44 235
32 265
320 209
308 68
82 140
251 209
92 221
148 84
314 2
166 163
41 149
314 208
302 50
303 291
67 252
19 310
85 285
290 187
280 166
116 169
302 195
236 108
184 237
305 230
200 153
99 317
290 160
175 56
48 181
278 120
225 279
164 134
307 107
9 317
291 271
42 190
233 109
56 236
235 134
320 76
191 64
317 263
177 62
266 159
246 262
316 161
71 312
71 205
127 205
183 25
171 46
295 145
182 160
144 246
217 154
4 302
255 289
177 161
302 174
102 213
125 219
310 70
72 273
162 143
205 195
269 198
114 102
16 265
36 110
222 113
104 126
91 265
88 249
81 197
215 146
172 124
165 202
62 199
208 64
108 34
149 170
316 48
143 239
224 280
176 289
13 99
168 211
18 293
178 76
87 273
253 209
172 308
21 160
26 147
72 218
99 111
194 41
69 222
293 21
299 172
266 16
131 4
89 156
97 13
224 184
240 179
174 108
278 33
109 214
292 317
317 107
175 67
16 100
286 299
254 180
245 119
233 315
208 18
134 283
297 45
101 88
278 258
108 315
197 180
231 190
289 298
142 130
175 84
162 75
278 163
236 290
213 109
97 15
298 225
320 155
282 181
96 281
194 268
179 59
103 36
87 199
40 107
7 183
95 211
271 248
128 285
311 161
233 241
71 177
219 213
24 115
120 163
71 287
315 55
212 273
137 203
260 147
151 112
192 80
63 185
298 17
161 118
284 311
4 308
2 304
151 52
140 203
285 298
224 205
297 56
16 189
18 32
286 297
16 217
105 66
271 298
189 197
83 31
246 182
110 109
76 312
298 318
44 93
14 114
117 167
14 280
12 67
27 224
168 115
206 81
15 117
112 97
24 191
107 185
70 316
128 313
135 28
294 159
221 113
274 168
315 82
198 309
41 137
62 261
16 160
50 314
8 235
230 19
63 90
182 7
56 256
299 235
82 53
251 147
51 296
119 22
19 126
130 115
96 119
169 222
55 195
320 311
269 177
105 168
266 251
267 124
296 229
257 111
15 95
292 126
210 80
160 164
123 227
230 250
160 16
160 137
83 8
89 208
110 308
248 121
303 163
276 150
148 275
310 18
195 30
252 107
210 88
261 248
112 127
260 1
165 212
260 217
191 137
308 319
3 215
263 98
196 295
159 299
58 173
88 312
307 221
16 80
137 254
294 191
45 22
114 47
108 252
11 221
37 206
265 150
285 71
52 12
99 185
303 120
109 62
228 235
249 149
58 51
121 123
280 147
301 195
26 293
87 194
12 51
183 296
185 98
252 3
191 211
113 57
50 73
113 153
277 141
292 245
208 95
14 190
295 236
148 149
131 29
310 150
16 153
171 32
245 170
127 285
318 233
284 66
301 60
108 30
225 268
314 268
81 230
5 50
28 234
261 17
192 103
152 143
132 147
250 232
188 77
315 313
69 112
296 286
247 138
219 117
31 147
60 10
89 111
196 191
315 118
240 84
301 146
31 134
144 76
129 24
47 92
85 70
194 3
58 219
135 78
169 110
75 227
57 66
295 253
257 142
101 223
181 113
136 32
101 296
147 112
137 210
53 55
279 40
107 29
160 48
74 11
162 2
279 276
212 240
169 151
76 173
23 258
257 128
220 305
295 118
63 235
231 37
38 260
165 141
108 177
252 155
144 182
93 14
204 7
20 180
289 316
158 245
319 4
294 286
262 136
138 207
238 183
225 177
119 132
158 254
166 214
144 174
296 110
184 292
265 74
73 180
224 131
262 176
87 233
67 167
96 160
256 255
238 242
50 180
220 93
144 177
269 247
117 308
13 51
315 93
73 134
268 77
203 218
232 67
127 137
267 304
192 163
49 273
291 141
71 36
29 302
63 110
306 147
83 160
34 180
201 149
156 288
9 21
29 188
7 155
184 104
213 45
242 47
114 302
22 117
271 277
23 320
286 255
101 124
19 191
303 21
106 252
146 238
261 196
96 314
186 55
61 312
68 57
273 24
115 163
6 43
87 130
9 64
54 267
195 282
106 76
79 203
240 253
226 53
174 23
4 35
30 309
28 46
293 307
218 203
166 39
106 246
75 78
146 201
51 80
98 85
263 179
63 125
24 165
290 180
251 116
234 3
142 230
59 229
151 104
171 22
54 31
35 290
298 31
42 71
67 212
225 270
83 107
259 174
18 77
4 109
28 7
79 104
115 41
215 241
48 249
23 138
113 152
68 99
254 220
129 149
19 90
53 6
257 84
177 275
250 99
215 28
124 88
26 90
78 119
184 5
28 36
289 165
282 72
271 232
288 67
119 203
4 170
195 188
106 54
25 48
272 303
49 84
255 263
319 220
21 287
32 12
270 13
234 315
92 189
288 31
273 299
209 60
117 154
126 149
320 224
244 101
48 292
287 91
38 53
18 9
1 238
98 119
258 197
169 64
316 253
307 254
271 225
228 204
12 40
208 298
283 156
123 38
234 161
26 292
43 102
36 148
73 265
251 161
251 303
246 5
65 143
313 29
67 128
292 300
169 284
267 41
104 176
184 218
129 138
265 123
123 155
258 38
219 23
147 205
261 81
187 300
1 183
70 11
214 223
34 158
119 132
250 223
310 226
178 66
93 14
61 98
104 96
14 94
44 4
117 282
284 252
18 126
121 179
88 194
291 167
52 89
22 46
45 261
232 249
65 191
151 125
234 287
22 227
161 319
274 197
31 165
38 312
187 78
260 157
63 249
26 105
4 158
208 63
152 244
167 224
54 7
242 33
146 267
26 90
130 176
319 235
55 44
174 122
250 164
305 197
77 223
310 305
152 136
125 66
292 17
59 135
183 297
271 9
54 1
59 256
61 121
18 57
64 30
113 250
306 105
55 315
145 248
158 258
257 237
170 201
152 40
82 74
7 41
141 13
253 79
43 132
254 2
83 180
100 104
106 313
84 135
270 186
99 114
106 132
73 298
237 46
105 34
12 59
119 31
156 89
299 186
287 71
154 24
113 301
171 239
222 266
65 272
141 304
194 18
206 102
142 191
201 26
289 33
192 148
161 182
318 207
288 218
223 109
94 230
31 294
299 271
152 242
223 92
268 11
17 91
173 166
123 229
40 156
227 135
205 149
185 57
35 230
102 246
222 284
232 266
105 129
301 15
281 266
70 109
112 117
248 209
314 140
209 65
46 94
227 102
204 293
293 239
25 155
243 278
10 285
210 171
298 225
283 289
244 151
1 135
88 297
19 73
62 251
91 32
59 244
3 192
292 149
93 116
149 130
204 156
23 299
265 149
11 130
111 260
52 197
207 84
207 254
14 61
38 131
218 69
281 141
38 198
219 78
288 217
278 273
273 128
253 306
264 185
147 169
105 54
133 241
286 268
223 156
153 105
245 46
80 252
138 200
73 257
257 71
72 94
206 55
219 34
18 57
20 190
14 232
70 215
80 291
145 215
136 32
261 149
117 89
6 194
306 39
195 221
109 178
27 2
315 304
285 289
234 94
279 84
255 307
95 95
307 201
275 154
32 144
139 257
252 63
15 291
170 153
214 216
236 157
57 116
291 291
53 35
115 86
88 280
225 279
117 278
130 303
101 151
27 95
268 208
265 139
88 259
108 106
29 34
216 215
296 42
263 288
23 193
86 277
62 45
62 34
96 188
71 111
141 200
65 235
36 216
133 230
111 223
118 165
320 282
270 17
129 318
30 305
27 37
300 75
302 145
21 74
148 151
267 232
101 222
234 244
191 265
91 117
140 276
103 103
17 60
138 67
98 313
203 7
155 54
303 88
318 66
42 293
113 277
57 161
273 18
150 290
295 155
259 10
288 15
318 147
51 257
42 195
15 91
246 320
122 115
10 17
170 200
232 64
100 107
26 63
157 233
124 254
63 19
4 226
14 243
281 170
106 283
181 90
268 165
42 77
148 317
229 205
164 247
319 44
53 281
44 102
119 305
313 177
1 38
243 18
308 274
158 110
55 190
234 265
165 88
144 2
244 71
248 147
28 299
154 236
211 265
124 297
165 265
209 11
27 26
150 279
125 173
234 132
46 285
268 164
286 93
296 219
114 319
299 10
248 241
306 257
54 244
68 315
22 80
95 239
174 269
15 129
299 302
271 178
197 157
115 171
150 83
288 205
50 18
137 129
217 75
159 234
112 84
192 133
310 197
172 29
39 50
44 117
115 54
218 212
43 57
56 14
175 94
178 108
33 189
119 291
59 105
206 18
119 224
271 129
253 73
80 313
282 297
258 13
225 27
75 112
206 241
142 25
208 269
18 119
152 283
152 90
294 287
43 3
204 26
263 300
144 99
207 304
49 251
272 293
156 1
314 18
85 45
152 112
36 273
111 228
207 56
95 97
8 218
111 267
117 277
65 25
41 143
35 48
159 288
143 246
214 23
175 254
288 169
59 5
55 58
242 128
244 236
249 186
169 265
87 159
45 140
16 242
30 219
252 286
25 228
86 222
53 299
270 38
146 148
133 290
145 250
204 50
245 240
24 244
96 280
203 138
243 219
229 58
117 231
247 272
4 252
210 46
54 305
116 64
147 71
97 23
160 34
166 136
317 32
150 91
255 131
26 292
37 209
208 308
295 22
167 78
206 214
237 240
274 141
263 247
301 69
313 69
37 200
227 136
192 224
88 241
228 72
211 94
286 32
90 279
292 197
68 13
11 93
178 232
31 282
82 173
98 140
141 212
295 16
17 222
120 5
306 267
176 70
297 86
19 70
153 26
317 270
315 306
126 162
312 225
315 129
279 300
99 159
277 47
311 211
204 102
294 303
66 209
107 177
61 16
269 288
48 245
150 168
243 48
94 22
283 129
109 89
66 236
312 109
243 181
151 108
92 102
172 281
98 272
219 212
286 208
244 206
147 150
132 294
214 89
218 75
181 225
279 142
133 231
240 38
95 98
230 245
277 201
155 22
140 13
267 139
283 19
241 219
204 224
63 295
69 143
58 236
105 137
214 9
165 103
227 70
277 55
9 175
308 10
26 281
88 278
168 200
189 264
146 278
229 70
178 56
210 166
152 286
290 229
299 78
24 2
37 298
76 97
155 87
70 305
149 93
19 219
274 164
186 276
40 144
117 219
286 237
262 34
160 43
306 57
105 284
270 10
143 139
256 49
172 281
293 192
118 276
193 203
114 147
312 288
160 170
59 266
239 65
224 254
256 151
309 112
203 237
207 209
70 50
132 266
190 230
104 8
183 292
136 133
137 76
95 65
164 32
229 149
81 175
269 118
211 55
131 184
153 117
13 200
109 45
105 148
279 80
153 202
257 135
163 284
157 284
212 9
83 49
53 131
37 102
171 79
72 186
269 271
208 156
128 81
43 142
301 187
30 130
91 152
156 29
62 45
66 304
262 58
265 143
192 13
33 73
257 45
290 58
76 143
85 257
30 3
260 52
41 113
47 320
264 265
114 117
13 197
218 284
133 271
61 258
248 169
116 225
70 6
107 101
22 81
89 87
100 256
135 41
3 221
212 197
311 277
247 194
20 320
195 99
82 15
135 244
279 149
132 76
291 246
141 220
28 193
275 9
19 218
75 205
67 77
219 265
70 137
269 301
1 146
60 187
232 142
281 118
225 9
272 117
316 27
280 256
274 312
296 224
256 265
303 291
185 252
154 109
176 93
207 50
154 73
117 222
77 99
61 103
285 240
67 11
77 182
299 186
123 83
33 266
144 192
299 26
84 293
148 74
303 7
3 149
200 57
19 64
275 204
213 67
80 16
74 85
190 181
143 137
44 94
209 75
122 275
22 265
302 121
111 185
39 33
293 111
205 269
100 273
132 82
169 70
99 233
217 298
104 133
146 159
71 145
146 286
301 99
223 119
253 31
121 319
186 20
181 147
32 196
119 207
87 14
143 63
169 58
16 295
73 214
146 13
44 110
107 214
320 156
62 282
280 247
247 205
40 246
51 172
130 299
11 265
299 198
173 22
76 16
63 317
157 162
46 186
229 115
162 139
17 81
148 218
263 119
66 282
319 280
9 105
111 168
141 284
310 254
97 113
212 81
196 271
243 222
256 205
134 315
88 311
320 3
88 21
245 142
94 270
318 273
171 217
312 218
218 97
171 122
296 295
134 254
6 101
176 200
22 57
120 278
23 19
112 168
84 101
295 251
131 188
163 220
28 73
134 159
159 216
108 290
249 286
256 175
39 296
104 317
93 101
134 125
292 137
18 270
86 133
45 167
175 219
16 174
136 41
72 258
294 83
194 202
268 264
278 279
56 188
29 207
91 289
182 38
156 314
158 139
53 146
292 33
159 112
197 179
89 64
114 242
294 162
156 194
72 289
178 154
205 46
74 258
15 178
203 42
314 200
74 110
282 66
302 216
164 70
40 303
43 249
241 166
109 44
304 108
103 268
151 17
129 268
111 316
188 155
99 209
186 78
271 150
16 32
176 178
128 77
53 241
221 40
200 136
96 191
137 311
81 26
129 3
222 112
160 297
198 174
308 61
1 130
141 41
219 262
61 144
15 6
206 204
72 188
38 225
272 89
97 315
193 301
216 187
95 54
218 166
300 27
43 250
315 270
194 225
220 114
166 93
310 114
206 73
114 106
247 227
229 65
232 143
315 271
261 159
91 140
19 293
36 43
214 75
262 140
258 214
263 30
7 235
200 280
95 168
105 140
239 172
10 228
250 117
114 260
152 104
12 144
131 157
22 299
174 318
277 320
229 166
101 64
176 64
227 290
86 99
186 221
54 270
146 136
100 78
73 162
202 94
187 59
212 6
230 209
36 99
18 227
42 32
284 94
161 178
90 259
75 155
120 169
315 109
158 306
143 130
50 109
230 128
158 304
157 272
286 11
126 14
156 205
192 49
95 195
204 68
43 39
80 103
235 198
284 288
158 62
231 264
270 80
111 231
25 214
120 186
171 300
254 143
168 201
123 187
257 300
213 249
196 45
5 137
224 145
120 169
121 77
237 70
240 67
214 250
183 229
53 32
146 106
237 287
129 282
178 47
145 116
208 216
7 182
231 30
240 286
59 195
178 291
210 35
158 208
166 57
317 286
190 31
36 87
54 257
271 111
271 320
193 20
131 199
28 276
292 139
154 175
100 311
110 145
59 212
311 107
5 110
179 224
17 81
117 61
231 80
251 51
178 267
237 15
77 4
71 175
152 27
315 242
103 146
302 268
60 91
78 150
27 188
185 68
63 296
220 102
257 110
276 122
104 145
89 202
41 36
46 179
267 284
131 263
184 45
157 230
89 63
114 9
320 262
108 115
97 66
252 239
229 118
66 31
261 197
133 100
62 189
142 235
236 310
291 294
309 71
216 190
67 301
313 202
299 160
95 49
129 83
45 88
193 265
15 215
97 210
267 160
201 28
142 294
300 296
301 162
292 20
50 56
78 261
294 75
97 72
105 264
5 205
61 216
152 111
228 308
181 128
319 35
229 183
255 26
212 231
183 48
136 96
36 294
155 137
303 45
96 86
7 161
227 229
253 11
173 239
11 208
113 152
317 312
273 281
118 183
132 219
80 284
208 46
103 296
216 26
91 157
48 115
113 128
47 53
314 245
71 238
1 100
312 93
276 206
4 270
8 187
147 148
38 311
99 108
243 168
188 275
118 243
221 12
312 78
73 224
317 28
171 49
190 219
257 267
197 94
230 51
303 265
145 292
258 82
225 64
62 20
289 72
312 76
122 193
140 298
59 1
107 202
186 128
221 190
65 223
278 68
215 224
230 39
278 285
244 242
101 272
180 182
195 66
165 305
280 15
185 290
226 142
46 203
202 107
160 108
244 198
264 148
226 319
197 161
283 229
8 75
51 26
304 211
175 311
86 200
55 106
224 183
123 155
6 3
43 169
248 143
43 120
129 71
228 62
93 257
310 199
200 294
213 202
226 24
178 26
223 243
72 174
116 12
192 28
208 289
170 201
38 80
94 142
150 180
214 4
158 146
192 58
205 228
105 120
134 234
240 285
52 38
131 45
306 216
146 147
128 39
82 315
288 110
246 299
60 273
247 32
197 191
127 82
61 295
73 248
78 231
164 10
174 70
277 103
181 182
96 268
45 25
170 103
176 211
224 317
94 43
284 239
94 67
312 95
206 206
289 189
305 68
117 265
62 108
123 22
65 271
266 280
140 261
29 146
308 120
32 297
226 131
80 113
101 86
232 99
177 112
238 314
225 191
124 147
90 307
274 67
1 238
189 276
87 275
212 198
36 220
299 208
242 190
100 187
107 22
127 253
33 286
94 185
306 319
266 205
63 118
266 2
202 133
260 158
197 283
77 25
22 52
268 160
86 297
81 222
281 82
242 86
121 161
122 232
281 73
148 59
110 6
289 105
313 195
58 23
77 20
84 156
102 297
101 193
240 223
217 170
248 166
100 115
39 77
204 117
121 9
121 221
286 9
253 20
210 114
259 101
89 207
291 23
134 97
305 246
309 60
319 26
284 108
220 257
157 48
133 200
206 113
116 191
216 130
116 211
246 269
132 216
312 8
209 304
268 313
51 24
293 47
254 84
264 121
170 172
207 121
180 177
21 42
82 187
103 119
197 146
1 208
150 241
156 2
245 37
290 237
307 316
257 23
197 185
319 92
183 49
127 131
17 5
261 30
295 211
141 23
103 142
171 164
262 129
147 190
237 134
134 20
297 11
243 147
307 41
8 91
222 193
176 171
256 80
26 108
28 319
87 102
312 260
94 153
183 179
36 247
319 159
196 151
101 131
205 193
259 159
315 125
62 102
275 219
150 45
222 127
157 43
319 245
316 91
181 21
257 308
83 140
174 125
233 147
68 114
10 251
22 249
222 21
209 137
264 56
103 227
38 108
131 166
134 316
234 58
285 292
174 43
311 204
10 192
307 17
122 180
203 248
45 113
117 37
29 121
45 5
115 275
96 265
205 305
283 227
99 88
166 60
218 307
315 182
29 94
144 66
45 268
143 122
205 125
98 282
78 212
235 3
310 308
150 210
166 174
245 293
14 289
13 84
2 162
151 183
2 212
50 97
252 80
218 318
131 85
159 178
36 181
108 270
283 181
26 50
44 137
245 178
296 178
308 51
96 6
183 154
244 157
80 111
255 281
100 179
235 59
5 232
91 35
219 178
139 126
207 65
152 292
312 105
256 198
236 115
306 46
145 140
8 263
88 308
13 230
314 139
244 19
204 174
197 64
100 59
4 73
224 294
186 83
187 76
154 29
158 244
247 204
90 228
20 59
111 96
119 284
32 19
176 69
255 25
203 311
5 184
9 85
38 262
175 171
52 126
319 203
136 23
278 92
304 160
277 12
121 302
256 272
101 74
5 300
279 109
92 161
55 36
56 84
280 9
124 52
116 42
281 193
185 255
10 96
5 10
301 95
140 225
188 271
37 57
61 305
2 203
245 195
181 175
90 55
271 311
111 57
42 165
295 301
165 142
187 109
138 222
279 179
213 316
262 154
260 65
110 25
24 266
46 187
274 248
74 64
241 79
144 29
18 210
211 212
225 120
60 140
314 245
29 25
157 239
34 96
218 212
242 101
79 45
254 79
246 70
200 22
258 214
231 10
16 174
182 276
47 246
42 49
250 79
171 193
179 57
273 11
257 130
265 134
270 244
275 87
300 19
144 145
221 193
306 183
230 84
272 24
78 298
135 152
147 55
250 43
202 200
257 44
26 126
154 19
232 283
90 98
298 312
33 297
244 223
286 168
17 75
95 218
68 303
196 265
299 195
52 249
245 216
170 165
52 316
304 301
229 51
279 161
67 76
11 255
79 1
126 131
242 195
248 226
278 318
259 7
258 108
120 14
214 203
188 209
38 231
226 151
301 45
68 177
237 310
254 281
313 319
181 316
109 318
130 272
304 289
10 298
161 309
71 127
182 56
216 246
281 93
220 248
213 290
269 117
241 238
178 225
260 315
156 82
94 147
112 108
236 237
208 189
196 156
93 179
149 74
63 211
191 160
311 100
257 61
192 190
166 210
106 190
43 177
179 242
129 158
76 320
109 227
54 212
135 222
153 76
176 301
86 137
74 216
65 249
40 223
144 3
108 26
38 163
17 201
12 148
242 283
183 39
203 196
11 268
237 71
280 249
234 45
308 55
89 103
124 300
76 236
287 297
19 283
6 117
2 127
69 84
302 95
41 238
190 71
317 176
35 61
120 46
199 226
69 296
286 142
247 112
206 136
116 109
200 121
77 52
84 219
292 221
45 290
183 121
141 191
119 127
105 2
306 32
309 149
257 177
299 311
48 92
123 78
273 264
220 152
268 250
301 300
283 295
278 109
256 52
45 186
94 42
298 158
292 206
262 316
123 267
186 92
163 103
128 66
70 130
310 271
137 123
21 163
67 292
293 268
293 171
265 135
267 275
47 11
70 110
122 25
135 208
153 123
280 211
46 129
199 267
213 289
255 190
254 199
247 103
307 155
190 74
250 166
11 170
90 149
297 279
83 12
143 222
170 117
154 104
178 314
153 66
133 166
317 215
266 277
199 279
130 294
32 129
12 54
170 88
308 126
282 316
107 295
213 172
153 195
5 95
60 233
20 31
149 264
263 17
308 271
288 275
224 146
239 310
238 51
177 255
315 284
157 150
70 95
241 130
232 320
110 2
309 138
169 78
253 252
184 266
263 149
210 118
155 92
320 179
188 248
140 201
133 230
250 41
200 312
174 216
97 310
45 241
81 132
112 265
101 318
190 316
72 64
188 303
311 205
8 1
46 183
215 101
217 98
202 284
29 228
232 36
105 294
80 142
273 121
275 30
255 113
180 81
66 24
110 7
98 40
238 112
311 90
147 141
23 284
106 72
185 212
216 278
28 77
141 115
130 313
169 222
163 219
277 229
285 13
25 243
252 36
187 288
155 9
189 22
68 309
24 304
106 316
79 206
285 249
70 277
39 44
178 318
233 316
55 232
187 9
234 241
249 31
277 180
64 1
278 139
109 186
185 249
117 11
186 152
114 119
276 68
267 108
113 43
255 259
16 226
84 307
98 156
81 320
1 169
276 25
233 268
136 270
75 89
277 7
58 120
280 229
23 213
6 140
83 131
204 183
83 1
306 224
296 130
87 109
148 317
100 60
125 318
18 87
143 266
241 218
263 285
296 76
99 156
264 214
150 3
172 289
266 191
101 78
251 213
4 33
175 56
95 278
192 58
25 311
308 184
242 59
140 125
172 204
77 108
62 168
156 122
59 20
181 218
259 244
289 163
109 148
57 36
185 79
48 142
67 264
197 205
90 179
173 223
226 34
311 314
307 284
124 198
166 219
242 189
164 35
240 146
94 161
183 241
304 162
309 118
134 148
281 9
49 61
97 130
51 180
237 277
176 305
138 213
87 257
34 313
219 290
182 307
22 35
310 143
231 87
121 201
235 222
117 119
265 9
282 141
316 242
287 90
281 141
163 206
222 197
296 261
92 200
30 274
140 91
21 283
183 283
2 274
37 93
113 134
28 315
309 137
210 209
48 55
315 71
207 67
243 54
302 184
303 310
236 41
310 245
211 237
83 165
133 294
80 27
57 268
239 249
85 75
106 177
225 290
272 194
35 93
158 42
197 284
85 55
6 299
263 179
120 90
147 17
100 306
204 215
119 126
225 77
13 307
55 317
3 196
234 135
125 254
24 65
188 87
144 164
149 3
56 79
70 58
126 210
118 231
25 302
260 293
97 254
107 5
247 171
199 126
223 107
178 34
125 291
286 288
149 233
30 304
122 261
250 210
9 136
108 181
102 173
247 302
26 104
297 125
175 191
104 55
181 133
214 248
141 185
230 201
273 150
265 5
91 237
281 73
236 295
258 279
200 168
246 297
198 94
31 109
101 166
141 279
222 296
268 201
201 128
3 289
173 306
188 126
10 291
197 9
81 319
27 21
244 26
137 70
15 104
68 209
120 171
1 292
220 69
224 138
215 137
284 282
204 24
245 122
300 171
168 217
113 159
171 281
224 315
30 289
200 242
241 204
240 191
213 273
114 291
239 275
154 137
19 155
50 241
293 186
72 228
216 161
264 316
69 183
109 179
93 95
117 209
252 215
307 61
317 229
105 99
189 59
153 222
7 132
283 29
306 205
244 202
196 221
61 51
263 224
116 222
294 232
37 230
203 263
14 80
250 162
305 317
58 142
80 138
146 35
69 283
232 44
187 134
21 251
50 77
174 155
226 261
69 303
117 177
76 177
246 21
85 10
90 205
24 14
216 281
262 56
243 165
236 253
250 298
304 94
307 289
213 220
24 292
176 168
18 84
12 130
133 176
308 150
114 100
7 6
288 241
172 62
25 98
92 259
35 261
171 76
139 286
95 69
149 18
111 188
223 33
285 214
194 133
55 170
311 183
218 295
262 40
7 215
22 312
272 64
27 241
263 291
69 189
296 237
271 204
37 214
294 63
166 90
46 173
186 116
25 172
119 74
202 299
130 145
307 175
101 179
53 162
136 79
62 211
94 60
244 253
177 170
81 32
13 114
259 62
26 20
254 99
305 66
313 51
211 52
26 283
246 55
9 92
316 134
172 278
131 135
167 116
301 188
314 170
269 138
123 126
201 97
314 75
253 11
145 248
191 92
72 212
224 280
207 59
157 227
154 134
172 79
125 238
209 239
106 25
149 214
54 50
168 74
51 24
139 125
102 107
14 177
268 96
28 142
128 269
289 172
299 24
127 42
126 107
261 220
105 212
31 289
198 116
191 50
88 55
205 148
152 129
219 203
137 13
200 212
49 51
47 278
52 45
154 257
15 281
132 102
34 157
319 215
129 48
241 82
71 304
29 204
216 244
53 236
35 256
51 22
144 99
161 287
48 21
195 147
176 319
177 199
23 261
214 314
46 22
172 88
79 203
225 204
195 70
131 139
65 231
302 39
293 307
73 315
154 89
156 34
159 5
199 203
10 314
197 165
13 249
261 156
8 123
48 188
126 255
209 96
125 146
55 191
109 278
196 259
229 194
62 61
63 261
42 198
68 54
220 133
52 207
286 137
48 189
170 139
136 268
82 315
81 11
161 146
239 74
287 159
21 213
193 3
211 288
252 237
107 232
290 258
229 293
130 8
98 263
248 77
150 36
71 186
240 76
135 272
45 247
205 312
267 227
76 24
56 86
85 96
27 224
69 317
134 27
111 253
228 164
275 310
183 134
206 269
86 228
132 75
236 76
226 61
308 64
216 288
45 112
240 301
108 302
259 68
174 201
267 27
65 319
36 177
144 290
37 239
39 221
242 201
112 148
86 283
119 190
4 114
73 216
148 85
306 194
94 15
145 319
77 122
215 231
237 281
10 134
141 187
255 49
223 93
200 73
292 248
200 218
280 270
131 191
159 62
6 19
68 13
38 263
314 286
320 129
30 301
246 7
35 177
171 107
97 15
32 166
97 253
202 27
300 84
32 217
168 298
155 90
130 293
199 267
288 300
8 255
225 148
66 26
158 164
103 2
165 182
163 90
76 297
86 283
208 138
49 11
53 44
188 135
318 106
208 59
289 119
109 212
295 316
17 80
59 312
231 196
282 103
68 60
164 201
162 95
22 131
115 268
132 153
124 115
220 273
8 238
263 91
271 218
200 51
82 158
165 72
274 74
317 217
256 304
230 201
150 183
275 202
269 140
198 133
316 14
68 126
2 286
161 229
206 159
148 142
234 320
312 45
287 292
307 284
205 136
206 318
20 264
48 230
216 1
249 115
220 294
128 46
96 136
313 233
41 219
104 122
47 293
233 76
61 175
196 69
100 252
173 166
30 269
8 165
127 254
114 232
305 105
98 266
38 111
315 315
268 158
14 26
287 130
309 45
26 222
246 171
110 184
133 79
109 316
61 60
290 168
112 283
257 294
48 85
265 153
65 293
188 137
231 192
218 182
87 160
32 72
144 31
124 42
169 179
53 26
282 129
288 63
271 243
5 235
16 155
176 150
106 210
153 79
127 295
288 146
59 254
192 237
192 123
148 222
280 117
180 221
70 39
290 272
29 145
292 43
251 70
315 117
92 258
107 46
310 194
297 217
262 250
158 208
292 153
175 145
89 144
142 202
143 111
143 33
256 185
217 118
163 170
285 294
110 150
129 249
130 102
121 292
111 247
128 129
269 56
278 22
303 6
29 66
15 102
76 70
55 9
127 293
192 174
51 305
130 21
53 283
173 133
146 35
102 288
101 78
236 23
189 17
102 317
197 60
30 50
279 181
223 43
243 250
5 201
138 204
33 43
248 184
154 258
197 193
169 174
63 24
11 301
199 117
204 173
100 224
137 273
204 52
302 182
23 68
78 130
178 127
242 240
111 254
126 143
303 65
158 47
129 78
194 292
111 83
267 205
259 245
108 146
20 296
141 95
1 59
58 210
314 31
259 49
177 12
272 47
122 228
54 264
293 92
88 134
148 128
56 55
99 160
270 177
267 284
170 15
232 308
117 189
269 11
79 47
120 82
40 221
42 227
80 120
88 46
103 280
319 162
94 181
128 128
30 114
11 33
197 239
241 23
8 291
36 31
218 16
155 316
261 293
249 294
100 127
259 113
5 221
15 282
284 117
183 275
223 29
127 149
148 291
193 160
97 19
312 137
178 262
283 279
134 117
106 252
107 253
147 278
92 314
139 253
29 220
235 92
58 64
251 168
7 319
181 70
234 89
29 23
81 75
58 77
243 39
122 93
74 287
195 25
189 155
215 28
110 22
151 16
317 92
317 32
228 46
47 16
177 15
120 260
308 314
254 189
118 213
1 274
26 207
150 73
131 257
18 304
67 265
99 56
76 224
291 101
284 41
112 199
267 163
308 63
3 67
92 123
130 254
254 189
130 293
96 71
102 211
214 216
54 259
296 18
58 205
38 170
294 186
237 187
166 99
108 67
148 314
222 214
117 309
281 238
56 22
51 239
8 173
72 296
159 151
191 14
162 214
224 38
3 134
31 167
98 218
131 156
229 155
93 1
39 153
67 142
229 115
135 308
169 313
295 275
258 229
283 289
4 217
121 310
238 30
295 231
133 215
130 141
227 72
211 114
188 111
95 182
223 103
241 206
145 213
137 31
129 95
267 42
308 157
177 54
105 39
222 188
24 72
9 90
227 73
107 9
253 217
232 269
191 51
300 255
135 44
59 124
10 274
175 243
159 171
22 283
30 249
211 86
46 158
131 195
213 217
129 252
124 8
38 228
182 85
46 233
311 279
273 209
317 137
293 133
266 202
318 255
263 190
283 259
236 281
142 307
226 159
3 160
93 305
25 256
243 205
201 145
119 201
132 123
205 149
60 63
139 283
310 191
16 242
191 284
227 98
186 269
186 78
3 247
75 94
87 279
2 32
200 40
227 20
205 231
2 102
217 230
286 189
288 278
251 269
182 129
140 154
272 91
216 186
179 51
284 10
157 258
122 136
33 218
228 116
110 171
46 124
196 272
78 122
97 86
309 55
186 79
309 296
254 136
136 192
209 261
96 209
138 294
310 290
14 63
99 24
309 227
258 282
134 278
293 209
201 263
238 198
276 167
129 111
176 131
299 122
169 176
316 279
184 313
285 304
158 201
64 100
115 166
209 269
122 270
311 175
10 155
84 263
306 254
97 79
204 219
60 4
241 242
96 225
50 199
290 193
300 203
264 299
257 288
175 283
236 154
292 176
48 268
40 280
204 75
295 30
85 271
76 306
218 58
137 118
291 204
6 319
205 130
47 85
173 156
19 128
154 239
229 252
56 115
66 30
68 232
178 130
30 36
285 45
61 294
28 226
93 195
210 87
197 159
315 42
264 91
50 158
52 186
204 208
318 181
177 151
36 63
257 195
10 214
276 243
257 18
134 4
308 229
268 127
41 238
237 225
8 136
85 22
220 239
86 215
150 32
58 6
173 14
275 202
152 80
191 250
275 266
57 71
40 103
183 257
173 183
183 210
239 46
296 175
229 233
262 100
239 141
218 66
300 300
309 73
144 21
306 294
92 81
115 41
101 37
234 68
83 39
216 203
233 36
165 227
144 178
307 178
197 238
22 236
263 143
218 12
249 9
110 247
93 286
90 130
62 202
311 47
250 209
124 289
312 156
151 244
188 102
156 312
218 246
11 122
302 25
147 57
184 192
196 194
173 17
126 283
41 259
216 189
216 183
98 139
234 262
115 246
257 46
280 70
168 55
48 176
92 128
60 313
212 33
199 232
127 44
197 289
197 239
172 99
253 314
212 267
238 67
128 142
93 320
271 213
149 31
307 311
210 81
74 43
13 235
57 209
293 118
128 89
292 128
92 287
25 43
107 186
84 219
163 311
258 140
271 226
34 59
231 162
199 253
309 40
189 239
244 7
44 216
91 283
77 278
125 255
280 282
249 205
310 240
283 35
114 135
33 190
273 273
181 233
56 135
317 22
162 269
162 40
320 102
71 117
279 94
127 144
163 288
295 203
185 238
40 247
176 30
106 250
191 258
295 94
144 259
106 148
187 234
73 65
29 265
117 297
78 49
260 15
136 292
27 320
85 149
7 86
145 214
62 191
267 237
111 45
232 5
179 241
146 211
54 240
318 64
292 91
296 271
100 62
76 61
121 3
199 37
135 162
189 319
232 152
319 294
199 239
297 198
6 82
108 51
211 139
42 275
201 130
117 310
313 67
115 89
141 20
42 158
91 57
318 169
134 198
10 57
57 277
91 305
6 258
297 211
88 221
245 33
253 184
242 301
270 238
84 115
14 283
102 63
7 92
161 203
177 64
47 143
219 201
87 86
266 244
128 120
208 108
269 91
276 6
259 127
87 250
22 295
144 70
307 60
88 81
274 278
195 240
285 76
59 210
154 222
249 64
146 188
129 169
104 145
95 7
287 86
21 125
200 89
52 89
93 113
39 29
169 12
120 262
127 147
224 278
166 287
302 48
87 9
246 27
107 53
86 216
132 228
269 234
50 200
61 285
39 277
162 210
10 129
105 288
94 303
33 48
94 198
92 316
127 111
246 96
26 20
187 314
300 269
186 202
105 166
91 56
58 27
293 286
158 113
303 78
183 149
284 267
205 281
161 90
284 240
320 90
143 87
173 216
56 319
306 18
157 133
19 237
93 308
24 205
135 315
51 119
181 189
311 195
2 115
19 284
151 37
172 155
301 177
241 150
107 179
110 158
109 295
118 71
8 222
103 275
206 311
44 76
216 241
125 318
146 176
68 121
281 142
102 18
129 57
158 285
304 165
274 238
18 54
75 38
37 214
279 11
44 43
72 69
288 97
48 308
98 121
297 109
129 188
203 181
73 156
55 313
272 247
117 206
82 132
133 175
176 133
254 238
38 30
72 279
49 8
305 25
115 186
207 7
85 232
140 302
163 60
59 118
63 74
301 302
245 139
225 127
79 152
242 107
88 189
94 274
307 262
264 53
128 45
165 151
186 265
229 230
267 218
200 319
68 294
148 76
93 118
145 62
83 65
255 16
31 36
172 265
128 186
276 269
303 266
172 195
203 142
262 246
169 147
57 42
231 43
271 56
296 15
219 149
302 298
19 213
134 58
15 94
292 224
54 86
242 161
8 215
179 98
215 281
203 169
83 165
266 203
6 210
56 16
161 41
259 218
6 288
55 199
118 279
94 201
18 101
44 250
93 43
56 192
82 236
107 246
103 104
68 37
34 225
53 149
285 19
110 96
90 81
253 199
75 132
301 204
41 305
65 303
56 61
260 15
303 69
1 186
90 4
138 151
287 302
125 319
69 2
24 23
24 192
133 315
16 114
72 177
231 15
33 144
54 42
141 283
56 131
28 42
94 269
249 288
183 174
23 253
12 78
139 237
145 24
191 318
252 252
198 6
198 83
86 193
33 28
186 101
242 67
156 274
48 138
236 284
118 133
111 79
105 156
37 82
194 113
265 23
293 124
291 104
90 252
164 146
272 24
141 91
60 251
114 114
120 165
109 48
220 280
192 54
132 317
71 311
14 152
152 124
38 222
221 243
280 145
153 102
12 289
220 43
42 9
261 159
187 170
62 77
246 228
61 80
231 84
266 114
100 295
167 306
255 261
41 204
184 79
273 131
249 167
210 165
215 12
61 303
239 112
232 190
318 234
69 20
236 77
94 204
20 224
170 282
90 95
295 269
52 285
23 266
53 270
123 2
94 316
124 70
102 273
182 277
279 298
247 147
19 136
238 252
194 247
316 253
36 138
149 31
20 81
32 36
125 1
25 3
97 182
39 273
204 206
31 260
26 122
265 190
81 61
228 10
297 83
298 248
9 120
266 122
157 259
202 119
175 267
134 268
225 24
132 45
184 203
237 118
33 133
228 215
68 223
301 276
253 25
189 32
89 94
142 158
273 26
234 42
279 162
244 288
163 29
288 215
310 21
65 188
58 243
306 152
123 161
20 242
236 217
130 169
77 121
117 83
242 162
285 201
113 79
266 49
265 251
156 146
230 69
128 258
78 275
40 28
166 44
8 143
23 117
235 317
318 163
101 250
181 255
83 207
37 3
22 177
176 277
205 241
259 52
72 3
267 279
69 111
206 267
222 302
88 300
155 258
109 128
192 242
160 16
51 213
242 108
264 131
275 152
201 49
296 90
118 54
284 310
272 163
76 112
208 85
138 42
306 294
210 304
76 307
278 160
1 127
108 288
311 210
158 234
46 77
6 275
22 125
58 123
255 255
216 316
162 308
84 104
116 240
312 262
151 314
174 294
79 178
61 249
130 176
219 265
115 98
304 134
123 98
296 32
105 111
257 103
26 23
124 305
52 119
175 172
45 1
188 169
262 313
107 158
62 135
116 275
170 111
91 264
180 71
168 296
76 2
115 308
289 212
5 136
250 153
222 309
22 108
297 215
21 307
147 298
170 263
281 45
252 243
97 106
181 276
53 216
201 22
300 86
304 69
50 274
7 73
245 200
7 228
199 233
277 139
308 67
46 272
107 183
64 299
64 256
294 23
24 162
105 277
251 30
130 100
85 34
76 164
262 315
274 283
75 32
150 168
220 285
12 121
151 108
121 266
3 240
263 35
117 36
38 44
122 133
109 122
37 220
72 209
144 96
64 305
226 317
204 211
307 310
13 210
207 135
174 150
123 222
220 49
131 233
270 105
315 122
57 90
316 276
143 226
228 24
228 311
318 6
233 280
198 101
121 180
123 306
53 89
176 89
120 225
120 130
194 6
199 209
128 98
75 3
95 304
272 46
293 135
188 260
164 239
68 44
144 304
121 42
273 23
246 209
163 149
185 51
191 81
219 135
167 126
161 117
238 118
193 164
164 1
159 96
162 191
153 93
175 209
242 301
146 56
318 166
6 47
269 235
292 125
32 95
206 132
243 91
84 252
196 320
49 75
175 220
290 227
22 299
84 106
237 312
219 1
45 104
187 113
46 120
257 290
191 70
63 253
27 122
236 73
127 282
80 50
282 32
141 91
133 287
268 82
48 67
309 313
53 112
313 160
12 226
53 281
92 190
292 301
213 257
193 197
77 94
178 254
243 186
145 261
272 309
67 119
120 144
300 5
176 185
257 26
38 119
35 19
88 18
304 45
15 154
119 152
214 306
87 141
281 160
123 142
202 64
54 64
296 201
9 17
163 168
49 42
167 242
316 247
237 26
173 40
220 98
116 226
107 142
298 315
227 191
33 157
75 297
254 51
184 192
318 167
160 84
295 245
41 54
51 185
176 30
188 207
9 234
84 125
273 163
224 269
280 17
115 191
311 220
36 249
51 238
199 73
113 186
129 3
84 107
107 10
88 68
194 121
78 88
73 170
87 244
59 287
233 234
10 103
30 110
170 13
199 304
230 247
259 18
189 37
70 10
266 1
214 209
304 267
318 320
302 309
219 194
166 280
314 161
129 279
55 151
152 120
278 257
46 306
185 148
144 302
244 162
45 228
104 237
187 232
241 270
53 66
227 277
143 71
10 262
25 128
299 47
265 217
259 310
317 19
118 300
242 298
305 238
200 304
229 195
144 28
165 287
310 74
42 110
319 302
58 121
301 76
43 69
218 211
9 47
286 207
191 145
275 52
126 40
98 44
301 124
134 91
158 36
21 253
254 213
98 160
268 70
70 305
139 271
14 30
86 14
268 179
124 152
209 1
240 163
162 233
27 42
258 254
42 273
207 11
229 72
292 84
141 74
320 94
193 217
19 100
267 230
320 141
289 79
208 91
187 156
53 307
292 176
11 197
198 92
273 126
4 132
168 50
79 117
167 264
82 203
309 288
277 109
112 211
21 225
134 270
9 169
165 20
175 318
53 23
267 23
102 186
17 110
72 2
211 196
114 257
162 65
55 79
210 126
11 295
146 167
159 236
316 4
33 70
160 22
151 193
164 56
164 226
139 63
308 298
50 108
59 199
192 283
75 94
310 216
58 120
147 63
171 54
72 38
199 45
72 251
253 285
257 147
230 266
137 297
92 141
232 298
287 144
280 278
139 228
139 15
201 221
38 279
143 267
176 261
191 93
169 221
273 78
110 147
197 291
306 287
163 41
255 33
121 51
141 246
215 174
36 215
276 2
242 155
152 137
248 270
43 136
307 117
208 95
114 256
49 62
226 134
103 116
24 267
28 188
26 189
151 144
127 4
218 69
157 312
215 186
270 148
176 123
277 154
207 191
114 308
36 119
277 71
160 264
198 77
170 160
110 150
287 64
257 47
280 92
61 230
156 64
106 167
80 294
313 19
28 71
162 84
188 62
38 154
182 97
269 289
93 230
179 205
205 183
131 33
92 237
43 186
8 101
94 255
97 239
146 111
316 194
296 283
43 47
314 295
316 269
233 252
106 128
139 293
44 60
57 283
52 138
224 89
302 304
66 283
77 23
131 309
229 112
97 23
130 141
214 252
161 71
217 284
134 88
311 74
206 243
192 110
260 142
76 216
205 80
111 214
270 240
170 309
50 313
34 29
117 284
123 65
120 74
183 141
80 317
175 82
106 302
25 162
298 58
275 223
24 147
177 162
216 174
231 221
225 240
67 86
185 194
192 121
115 230
124 81
235 2
48 18
49 67
142 120
58 85
11 110
182 69
286 205
61 133
2 97
31 96
74 266
17 263
111 104
147 46
317 76
177 120
160 131
230 208
136 70
104 260
195 132
297 148
20 291
149 57
14 192
117 32
274 278
219 27
128 90
115 51
92 234
181 304
286 81
42 95
47 262
241 32
77 287
126 193
245 195
283 242
260 145
229 59
202 287
145 236
96 125
139 45
53 206
241 155
289 83
31 252
286 259
264 42
173 84
124 8
311 38
40 242
267 219
41 134
193 222
276 51
198 115
232 300
242 248
201 169
230 59
21 103
28 227
316 167
109 17
49 28
224 61
113 244
42 109
36 233
273 27
218 118
195 248
80 26
246 105
83 135
31 291
262 138
149 109
245 305
256 167
139 63
23 227
132 186
289 282
237 193
287 145
18 8
245 202
54 288
18 222
310 171
48 112
86 137
99 136
315 240
211 217
160 240
279 5
246 226
319 22
281 167
279 136
215 254
192 9
313 121
96 98
120 37
41 123
166 19
99 184
259 244
90 204
41 316
267 271
218 200
82 189
11 278
102 38
275 267
214 120
274 249
256 295
60 280
264 14
180 296
218 176
296 179
138 14
164 15
113 312
111 191
241 296
129 54
295 39
228 220
131 17
192 144
39 270
87 267
90 5
292 128
286 195
272 45
67 103
67 80
169 5
203 265
284 105
37 293
9 120
59 223
224 65
32 47
177 88
15 128
98 106
30 120
43 154
2 91
157 113
250 258
207 273
218 159
12 190
277 72
95 69
312 268
15 1
148 61
77 170
131 31
264 213
92 288
97 251
198 244
53 32
314 17
302 98
196 109
30 26
260 151
9 221
124 221
47 162
65 173
36 274
264 299
3 13
214 91
239 60
306 144
118 319
80 17
313 37
18 58
96 242
43 114
153 130
166 259
246 272
308 23
265 84
153 87
19 123
26 263
102 55
167 269
219 223
40 11
212 129
87 84
263 155
195 147
150 179
153 201
300 37
264 266
95 8
232 40
77 203
316 137
120 272
103 48
215 218
227 305
196 241
267 188
42 54
194 198
107 231
318 159
163 206
144 243
81 316
308 239
198 214
56 10
74 183
85 295
314 296
13 220
193 28
32 240
247 269
99 63
19 15
296 131
80 267
92 150
132 264
163 64
293 260
241 314
149 21
236 239
265 52
169 68
25 198
173 259
251 112
244 305
142 293
316 91
163 241
222 132
27 24
207 159
161 23
267 234
35 112
64 91
131 266
217 97
39 50
165 236
260 141
223 245
120 45
76 166
285 9
137 50
320 145
236 149
274 251
194 141
191 297
222 56
41 234
132 258
248 34
69 36
87 70
143 75
22 79
297 291
117 257
203 273
159 197
166 176
72 47
256 11
56 52
180 80
34 258
227 67
149 308
247 259
62 281
233 178
119 237
55 292
179 45
293 283
257 32
196 186
219 36
140 277
314 285
182 164
156 165
160 107
4 20
252 132
315 220
112 86
185 310
186 35
249 319
147 250
176 237
41 253
137 195
147 43
279 215
250 196
105 16
235 188
178 232
147 69
114 153
208 106
270 133
35 300
141 111
206 108
234 286
319 217
194 303
66 284
23 127
58 275
121 14
222 87
17 264
68 69
14 146
61 58
314 145
102 209
112 187
170 304
81 286
39 288
305 180
66 88
110 199
184 121
16 203
110 207
248 5
190 144
251 179
58 255
258 237
51 283
159 139
153 12
266 44
89 315
240 54
292 254
158 235
43 145
230 188
301 196
252 23
320 6
33 230
4 86
231 4
57 155
143 237
35 82
261 128
302 151
21 298
74 140
243 76
180 203
78 201
156 129
212 159
305 194
28 259
300 9
86 121
214 99
79 10
24 22
219 252
191 222
59 280
27 80
289 6
157 220
210 316
313 315
163 238
199 268
207 94
248 200
124 106
227 51
108 27
125 103
90 157
219 64
238 290
186 109
250 169
305 305
273 50
47 33
235 199
266 312
72 95
230 205
97 178
35 284
299 320
58 110
28 199
63 295
125 190
196 69
306 254
167 258
130 14
16 192
99 7
317 44
48 48
287 257
141 55
252 102
171 220
59 190
7 14
182 116
13 118
312 288
272 220
319 145
138 37
237 186
286 146
163 167
89 84
144 285
114 229
273 199
69 70
184 253
62 128
278 65
96 204
81 93
67 173
140 164
57 87
114 57
281 165
156 312
275 168
320 33
278 139
144 58
58 214
270 146
58 23
241 27
45 186
283 31
195 54
255 149
118 127
196 212
139 266
206 142
243 201
184 204
79 218
148 27
208 31
292 32
257 201
250 120
214 276
311 60
49 104
320 277
224 208
25 222
4 127
10 115
71 127
179 261
193 123
9 27
69 307
120 265
228 50
124 163
49 168
68 121
144 291
267 300
99 269
179 243
273 6
35 198
69 250
242 227
117 121
60 221
27 126
214 23
114 216
219 201
55 259
161 231
21 88
119 191
291 196
274 105
217 148
156 82
95 82
302 199
275 76
36 229
125 317
316 202
168 301
38 54
314 286
164 204
309 78
152 175
313 247
33 291
257 134
172 278
116 26
224 23
102 226
154 116
206 8
75 34
134 76
246 19
127 99
1 230
44 35
235 148
195 26
7 203
313 181
66 70
49 191
275 145
134 137
65 293
54 144
14 161
95 103
292 81
112 85
37 204
195 205
247 316
245 89
3 162
169 107
93 291
129 262
201 228
202 130
6 152
115 187
240 236
228 110
26 101
16 55
105 58
285 299
116 191
66 57
194 217
86 317
236 242
199 72
246 197
223 43
131 22
133 234
53 92
170 110
153 137
306 124
68 107
313 42
182 213
32 298
172 190
303 65
26 284
182 146
32 223
134 90
163 81
160 143
74 264
78 160
289 51
19 276
169 121
163 309
59 35
167 167
71 122
18 315
114 41
30 84
285 88
189 115
175 224
72 87
111 104
164 32
295 35
8 70
135 121
227 62
87 90
72 296
179 214
147 232
264 24
99 308
94 317
89 255
149 118
240 270
276 119
164 72
131 144
127 279
284 287
15 312
118 237
162 143
183 169
265 13
100 89
101 143
6 44
274 133
9 283
276 57
205 238
300 175
294 153
18 45
43 201
30 199
283 288
145 145
250 289
14 117
95 157
315 229
199 108
201 31
143 299
98 111
209 245
207 226
111 9
135 3
120 186
74 83
202 38
20 132
25 188
110 101
4 236
209 113
137 168
214 293
264 237
78 63
310 49
76 173
212 66
77 143
155 135
318 158
74 87
218 146
171 276
156 29
61 130
57 88
237 63
73 129
25 265
103 76
49 99
269 17
152 213
116 139
21 157
176 47
210 264
157 140
33 303
193 67
122 170
148 75
237 19
46 162
48 301
202 86
19 81
258 134
150 120
142 1
248 257
257 260
270 268
286 292
215 255
208 218
143 99
272 190
311 91
262 16
185 101
291 146
228 195
43 159
236 183
197 5
263 109
232 165
284 190
315 203
160 161
24 206
160 154
8 80
253 155
116 189
104 19
86 310
215 301
85 234
116 188
165 233
132 83
242 26
77 94
243 298
312 43
156 50
124 240
286 35
245 222
123 296
12 287
242 148
204 295
268 247
74 75
200 266
265 238
77 56
164 184
221 23
203 109
298 48
290 205
31 205
182 242
1 16
309 79
63 10
196 20
232 312
93 294
308 19
201 143
93 69
192 286
134 84
40 78
91 45
181 49
273 313
270 84
145 305
203 155
201 291
173 254
303 317
126 132
107 48
238 221
95 124
156 268
109 2
105 177
296 301
197 195
239 127
55 82
110 52
45 155
63 309
39 290
227 111
104 80
13 41
242 276
152 307
271 138
131 290
200 102
211 32
61 14
7 281
292 50
77 204
287 172
111 74
300 172
172 119
212 292
255 260
52 317
113 30
126 320
150 77
148 184
225 81
243 142
279 38
73 108
60 131
296 281
44 44
191 286
196 250
200 196
162 199
91 50
228 174
22 309
294 251
197 317
171 269
78 10
62 148
282 227
43 284
283 49
267 204
32 261
171 100
39 84
41 263
35 318
283 260
139 31
105 131
204 50
25 305
80 273
252 107
122 268
209 61
3 130
1 145
308 237
132 104
112 212
175 262
201 121
34 159
169 214
5 215
140 97
170 142
14 260
39 269
206 32
56 80
40 188
11 49
266 94
34 38
206 205
134 105
293 192
111 40
183 290
237 89
133 269
228 284
257 97
113 260
223 281
54 292
142 89
302 214
118 284
105 139
192 219
87 254
254 117
91 179
143 157
308 137
114 234
63 174
285 98
240 13
52 11
40 151
182 121
121 193
126 117
97 49
313 129
143 258
37 169
194 205
204 22
58 156
281 300
130 136
38 147
141 256
80 33
202 275
7 144
291 248
290 217
102 144
110 29
237 128
188 108
188 169
315 170
219 52
284 32
247 61
98 34
49 320
41 77
234 286
200 177
210 16
295 49
251 35
137 312
149 121
9 233
222 170
167 210
141 153
304 253
10 79
153 61
219 63
127 9
267 275
207 27
265 265
95 94
44 300
10 275
63 209
209 268
192 145
172 148
24 202
278 213
291 226
