320
1024
197 66
157 139
211 90
305 67
97 219
255 302
38 152
74 129
8 86
290 200
130 143
14 42
118 206
315 162
116 50
125 267
206 281
111 117
211 259
95 146
206 320
179 189
37 252
318 140
261 270
29 129
137 140
33 112
115 263
78 108
100 312
164 14
50 120
6 114
298 82
162 90
245 259
136 128
29 11
216 241
97 123
171 248
8 192
145 237
160 20
142 110
11 295
230 233
225 177
264 119
129 190
216 22
157 167
7 9
78 113
286 288
6 147
167 32
112 317
280 115
295 287
203 120
102 92
289 115
41 231
180 179
172 78
86 161
81 211
254 130
78 230
204 181
298 60
144 28
83 237
39 284
62 147
283 88
6 74
277 99
172 318
120 156
164 42
159 1
99 295
290 90
196 66
92 253
233 97
274 304
143 229
294 248
14 247
218 247
137 181
12 299
288 2
8 128
183 151
301 234
2 114
183 187
258 261
157 243
270 213
80 69
221 205
45 10
49 182
208 204
172 86
85 72
292 22
164 180
133 73
46 15
314 281
16 240
202 139
1 216
213 175
81 290
297 214
118 133
155 185
183 175
20 211
146 226
48 188
202 4
248 8
51 200
272 170
17 122
101 202
308 10
145 299
210 188
261 165
34 313
18 131
74 315
130 136
196 244
88 14
289 74
118 196
9 100
49 138
134 7
232 96
43 306
80 262
199 26
136 249
117 211
120 84
194 60
306 222
160 180
98 153
226 80
286 48
317 44
272 66
88 45
86 203
194 111
296 193
266 242
248 166
107 136
37 14
204 187
104 71
101 201
113 17
116 144
92 147
20 311
300 126
38 185
180 305
248 298
317 305
92 225
18 191
168 124
165 66
101 53
160 286
148 238
27 217
127 200
288 130
43 127
235 186
20 184
81 253
1 240
101 252
147 139
19 26
225 10
241 10
192 15
218 120
205 312
181 255
119 54
287 178
212 257
101 248
246 124
233 146
168 230
284 120
73 26
62 155
177 31
81 58
170 312
180 110
233 248
262 251
117 7
298 81
148 299
298 227
218 65
238 179
300 135
287 215
270 305
48 116
278 209
274 23
41 216
115 227
303 305
155 151
241 83
16 184
178 290
94 122
107 234
133 139
113 63
306 63
41 98
85 125
310 70
115 193
260 101
23 242
159 56
254 170
3 194
14 160
41 77
108 29
98 106
197 243
98 108
90 34
230 27
18 218
218 299
279 289
128 231
199 299
36 23
288 64
31 125
190 251
70 72
158 196
136 127
280 187
129 122
275 102
143 100
250 198
100 100
109 262
169 232
276 56
193 130
124 66
153 255
317 172
268 133
164 214
154 158
10 186
120 278
317 153
168 187
269 237
68 79
177 204
108 319
134 197
122 78
20 201
315 63
187 204
82 93
305 45
68 59
48 316
96 272
24 110
220 175
87 228
126 273
153 310
118 296
228 146
133 184
108 259
183 275
96 196
117 63
113 262
203 282
33 185
80 40
116 110
198 4
156 204
114 47
41 74
214 149
67 40
260 65
171 4
262 1
10 69
149 236
88 52
143 198
102 56
156 319
292 202
232 316
25 71
265 143
32 91
229 208
203 38
29 76
45 45
44 136
128 99
214 42
101 302
123 32
213 153
248 177
311 21
134 208
65 266
114 275
119 43
175 284
222 86
68 157
292 249
278 287
192 108
261 312
55 213
229 11
264 82
166 140
14 195
150 55
143 3
38 100
109 25
119 183
245 291
98 40
247 190
175 48
201 57
37 187
314 157
31 68
183 25
129 289
281 249
210 314
270 301
83 256
274 46
82 21
296 16
219 49
260 218
115 86
10 212
162 68
192 116
230 243
31 37
222 130
301 99
105 195
251 47
252 67
117 221
210 104
232 29
204 268
204 288
4 220
48 158
101 15
218 91
171 94
163 144
58 303
60 65
229 285
167 63
227 233
270 95
174 296
196 253
49 62
144 273
30 111
165 193
203 311
216 95
170 175
224 171
269 201
69 27
37 202
287 205
113 181
251 319
79 3
125 10
43 229
6 180
37 123
168 191
139 111
225 289
223 284
245 305
1 13
23 311
49 306
1 211
107 25
205 117
267 203
53 177
33 318
219 28
12 171
34 8
42 314
285 47
66 162
75 3
14 134
190 96
85 215
137 288
200 13
58 4
172 119
213 26
23 88
130 57
56 233
171 49
207 138
22 263
67 242
295 308
83 92
247 246
262 160
42 184
231 106
140 120
71 76
40 260
128 129
260 97
62 282
19 305
255 148
14 96
127 164
61 77
54 55
147 282
216 147
185 236
209 95
94 289
280 133
24 314
61 43
213 57
28 221
257 101
174 166
267 102
241 37
181 177
318 234
268 313
264 125
121 66
100 308
257 29
315 148
177 201
183 65
269 59
296 161
295 85
184 106
177 302
113 238
97 299
316 70
234 195
91 60
248 151
90 225
301 277
202 216
127 83
142 270
165 263
284 93
81 177
75 21
252 58
225 277
295 162
212 29
181 47
14 70
100 136
72 239
299 232
93 312
189 119
130 210
15 254
238 77
263 78
51 239
225 33
78 277
18 19
102 219
9 107
265 60
99 91
165 86
170 130
144 212
264 138
124 176
259 45
68 177
319 48
85 126
266 14
253 303
184 187
283 30
241 149
23 184
235 3
56 197
186 307
15 66
42 4
78 68
274 105
24 73
126 70
46 116
109 311
67 139
36 60
124 213
152 126
23 38
221 138
132 205
266 176
104 31
108 219
219 158
95 17
70 34
208 312
196 198
123 87
2 293
112 314
156 116
21 39
112 292
64 307
191 106
292 97
5 307
170 198
266 258
20 147
240 109
307 26
146 201
199 90
168 32
44 78
60 147
295 105
215 188
294 56
170 314
70 226
203 42
57 301
279 46
158 314
285 173
147 203
309 2
58 37
25 249
113 251
116 182
282 66
179 88
306 74
105 62
75 306
176 193
23 16
279 287
286 12
237 245
283 200
72 171
53 231
59 114
71 23
236 88
192 62
21 158
41 135
126 274
93 65
250 88
48 254
47 163
206 199
279 116
94 264
220 262
313 189
3 52
197 166
166 39
81 259
10 134
179 77
240 112
258 305
167 128
180 23
23 182
78 224
236 223
113 31
140 32
189 206
99 255
197 278
288 254
308 9
38 248
23 15
213 20
307 67
65 316
16 183
71 27
267 300
77 57
226 147
318 192
89 31
303 91
40 202
155 139
242 92
13 144
237 165
95 319
222 79
23 86
316 92
298 224
174 1
115 230
40 146
76 208
109 85
5 16
103 273
97 232
82 246
237 251
128 193
19 100
196 210
54 176
260 60
135 49
202 155
55 314
10 94
65 273
5 39
265 310
87 86
87 106
63 41
264 65
288 173
124 19
44 45
221 113
178 286
306 103
89 213
177 30
143 86
235 320
298 279
112 61
119 127
23 230
171 204
210 131
204 201
127 61
167 313
304 239
130 257
130 262
168 289
35 164
300 277
155 46
153 2
208 288
49 312
90 205
7 38
263 69
99 226
8 55
264 197
94 239
117 11
259 40
70 274
238 112
101 305
19 165
150 114
227 288
19 47
268 296
185 232
163 45
117 267
40 45
130 277
172 160
77 17
79 143
23 63
240 219
307 16
207 232
46 52
123 274
23 88
236 74
241 190
224 136
88 104
52 11
45 118
91 296
297 9
270 196
132 138
103 305
135 166
11 134
145 314
188 191
45 189
52 132
140 147
295 269
282 206
80 166
305 191
207 260
94 81
296 317
292 48
13 53
163 48
250 11
12 229
146 154
58 54
178 31
112 238
256 183
285 211
268 187
235 150
66 162
234 167
185 50
5 207
42 80
147 182
176 303
9 39
83 300
91 262
9 35
68 217
226 165
62 192
138 295
49 34
65 189
197 248
251 81
214 251
112 175
242 282
52 120
234 277
212 11
11 277
242 62
209 82
35 41
111 33
61 304
70 78
215 266
37 53
251 318
111 203
94 285
12 280
173 208
149 69
239 209
171 72
169 75
263 283
86 55
85 61
141 282
158 196
305 116
53 168
223 294
124 236
211 307
119 44
225 221
63 147
181 222
144 251
313 42
201 67
87 155
167 177
215 97
59 78
190 258
7 271
4 174
246 99
320 120
157 89
62 253
267 80
254 149
153 214
2 116
38 178
253 293
56 277
126 48
126 150
267 181
172 213
93 27
180 36
71 187
52 311
240 188
177 142
178 284
40 241
183 55
2 52
106 24
10 288
278 33
12 178
50 151
128 138
9 112
147 50
309 22
6 107
80 81
120 21
50 146
148 107
84 96
128 149
317 116
51 279
216 273
302 318
85 20
234 100
119 277
95 60
234 134
72 129
192 115
251 189
187 7
168 45
230 172
185 106
239 282
55 61
296 249
113 164
304 114
88 81
88 187
177 297
18 196
24 39
141 220
118 232
185 146
70 93
255 185
250 262
122 200
271 215
217 79
58 189
125 117
17 180
103 11
12 132
281 263
294 125
250 152
38 127
304 113
177 13
204 72
197 237
241 214
310 297
91 81
297 7
106 139
246 141
245 44
238 78
94 317
242 225
99 145
294 84
114 150
284 218
232 36
188 202
305 197
276 263
172 252
151 203
69 14
146 239
241 1
