320
9216
318 100
29 53
9 250
180 52
157 246
33 311
93 125
200 42
204 144
206 250
201 319
9 240
186 23
300 88
103 147
97 215
117 244
144 252
6 93
298 177
37 52
314 119
305 129
283 270
193 182
297 179
146 198
75 208
320 293
181 81
77 227
39 32
136 68
85 200
141 77
23 6
163 287
299 310
192 221
177 185
267 253
107 18
182 134
28 109
234 270
79 163
21 290
102 53
30 35
62 49
167 51
233 129
84 275
313 193
309 7
178 286
54 71
273 19
271 126
275 162
223 133
207 236
168 136
304 256
14 312
166 253
45 140
164 250
305 31
295 287
274 245
217 96
159 260
30 260
170 289
308 266
226 104
244 246
249 131
139 139
132 270
2 232
127 276
317 121
20 94
148 288
151 211
317 142
234 267
4 182
270 8
89 1
214 12
70 320
31 296
85 8
213 96
71 247
105 311
9 168
171 27
238 120
141 11
122 15
244 34
105 58
188 320
84 178
87 86
263 277
153 43
261 238
295 105
22 178
198 47
320 286
153 280
77 224
310 165
153 35
226 207
160 250
188 247
37 222
259 12
246 296
42 151
200 182
294 145
48 39
88 250
134 54
102 6
179 261
280 203
147 209
7 85
164 141
218 4
150 4
37 130
320 248
227 40
207 227
231 92
101 265
99 40
36 71
229 210
100 138
164 110
214 295
136 2
12 32
298 149
300 316
221 138
94 254
301 80
60 95
277 115
142 20
110 19
121 69
165 187
319 2
306 137
109 297
44 194
293 244
101 64
303 161
287 121
173 167
181 291
196 282
107 245
134 307
31 249
155 307
105 72
45 139
43 247
70 72
228 122
130 248
250 21
264 198
319 256
189 291
261 218
160 43
294 258
265 181
107 220
127 136
318 229
290 202
142 99
278 297
129 273
311 173
237 48
137 62
225 90
141 205
30 218
164 65
159 140
41 115
101 312
277 92
299 78
177 18
139 225
281 140
221 293
88 72
255 167
18 302
317 274
143 185
150 298
99 1
274 210
18 235
108 184
36 118
244 184
200 162
79 183
291 47
2 71
306 144
159 11
67 320
224 4
264 198
194 293
130 133
96 204
180 148
110 199
159 11
8 64
205 242
20 305
115 262
174 4
219 65
214 11
151 282
133 41
112 188
305 292
211 41
23 156
218 70
247 120
46 316
34 156
25 312
214 140
170 253
12 226
312 128
111 319
20 6
35 240
270 301
253 60
28 13
251 318
109 63
217 56
245 30
80 307
220 259
44 218
126 99
138 133
264 99
260 267
212 138
250 105
117 240
29 25
120 213
37 23
242 5
117 225
113 108
117 58
79 283
308 97
64 58
310 80
44 143
229 10
168 313
286 86
124 133
238 54
50 311
85 144
152 119
86 239
230 317
234 45
222 319
316 43
261 187
205 184
170 232
60 283
14 45
243 305
198 160
167 78
243 223
153 189
251 309
248 3
266 123
294 143
117 22
212 290
227 234
135 57
15 55
237 261
149 220
212 303
146 319
67 33
233 92
224 137
92 265
127 93
316 293
29 198
77 288
310 241
69 319
171 15
173 53
149 264
275 300
26 99
118 4
123 82
247 292
18 11
63 93
275 146
115 6
248 218
49 320
38 51
272 117
191 137
20 232
29 97
228 290
54 48
173 122
237 56
254 307
219 70
46 175
249 218
273 151
184 147
87 80
169 72
220 72
182 160
260 279
312 7
29 209
222 273
158 78
111 121
35 113
248 255
287 210
230 113
14 258
36 244
66 187
158 7
36 311
5 97
265 73
233 150
234 35
172 74
291 49
16 64
247 290
253 140
241 219
255 88
81 148
131 254
21 147
114 50
73 149
237 134
190 166
309 275
307 9
300 107
310 296
20 30
29 57
293 116
295 43
156 117
226 247
279 286
59 246
141 212
259 172
63 246
202 293
196 124
289 143
287 284
237 40
91 289
68 16
320 150
229 281
282 236
39 302
6 169
42 221
60 213
271 183
51 241
100 180
38 176
220 236
311 106
64 116
228 266
289 258
133 46
124 48
113 82
133 255
2 26
123 46
119 211
36 212
192 198
221 184
294 290
143 139
138 238
3 148
73 149
247 44
187 180
318 118
213 295
209 170
2 177
33 305
148 148
254 227
144 83
166 64
65 245
131 317
289 249
15 70
87 306
317 92
311 179
283 82
214 7
114 116
238 232
133 131
90 26
174 3
83 21
137 228
172 41
156 31
140 124
188 261
110 122
60 93
45 18
171 84
60 46
7 139
314 85
108 320
308 133
285 154
126 15
23 248
83 227
4 77
158 133
308 267
301 76
200 88
227 40
276 48
93 253
251 220
121 234
250 267
228 90
210 92
165 308
184 201
113 239
297 160
286 225
232 38
204 196
36 52
80 268
167 302
286 3
270 84
265 147
114 277
131 239
126 116
303 207
242 171
116 196
204 223
225 198
289 85
111 187
254 294
209 133
280 163
6 2
172 99
60 13
285 111
47 307
190 162
111 134
154 201
235 148
21 107
202 29
27 121
20 207
316 27
220 285
240 123
150 171
295 276
110 175
251 47
148 10
243 21
119 144
219 282
19 167
93 45
46 192
174 11
77 51
133 165
252 129
129 267
266 108
122 196
90 76
167 151
285 238
134 124
34 19
80 138
168 231
68 55
233 304
108 258
113 152
120 133
319 125
270 214
85 218
302 238
97 26
242 53
180 266
139 10
108 200
301 262
67 239
184 123
80 77
287 11
282 294
14 18
312 241
45 9
75 299
151 2
152 17
52 274
105 105
301 140
210 299
45 116
259 101
14 258
221 187
209 235
34 235
158 85
72 244
137 67
110 116
54 166
84 309
311 35
9 180
107 14
183 264
105 1
84 74
85 174
90 115
92 304
109 309
183 300
33 156
204 121
225 300
126 235
295 103
118 278
269 160
263 62
3 300
151 120
77 6
239 15
275 152
68 233
77 61
254 178
66 160
177 50
74 85
17 186
60 102
265 94
224 258
61 177
206 306
28 291
5 186
68 133
179 182
228 135
250 281
126 201
96 313
76 230
99 33
207 166
204 203
245 298
32 286
276 160
296 265
137 118
301 161
306 35
266 86
113 55
300 199
199 297
195 162
137 246
161 300
129 272
200 86
39 255
302 296
112 126
42 32
171 116
140 142
98 30
11 302
258 105
255 252
218 271
289 251
188 106
280 132
59 320
282 81
52 219
94 4
85 277
86 319
256 163
129 272
296 300
149 132
197 294
56 98
44 155
46 49
150 242
296 1
11 93
30 39
199 107
164 183
151 55
24 108
34 187
296 305
16 136
52 283
136 210
112 283
196 67
245 37
155 27
282 99
271 73
85 220
113 263
221 72
75 165
167 91
272 252
66 205
292 7
253 122
71 77
213 168
138 269
227 235
43 75
281 72
137 284
147 284
228 259
99 82
310 190
190 299
205 223
278 238
123 2
47 192
228 261
287 62
288 181
121 88
263 317
310 180
101 129
224 13
31 117
9 203
157 35
247 302
72 212
5 137
184 108
274 136
292 110
188 320
278 30
183 174
175 22
180 60
209 163
201 13
32 55
201 296
272 103
172 183
71 123
187 38
174 117
34 259
24 178
91 169
270 131
113 4
229 246
126 86
167 37
213 85
1 218
206 248
257 189
155 15
64 221
296 242
42 12
174 185
31 121
232 134
154 196
126 279
67 219
260 101
207 46
31 281
127 145
258 1
140 192
199 317
67 123
163 234
271 135
192 263
56 186
124 153
168 179
222 27
215 77
83 115
38 25
59 87
16 47
264 92
144 45
272 194
156 40
292 140
179 271
243 91
287 32
177 78
75 222
231 165
16 215
283 147
186 9
193 128
118 259
151 89
109 96
276 197
37 219
84 126
118 36
68 31
276 192
31 134
65 49
172 144
240 40
41 238
20 124
51 48
15 265
179 219
20 151
96 62
82 226
43 147
171 4
58 180
82 132
244 293
253 244
285 259
145 241
17 299
216 72
245 46
48 230
219 29
68 105
70 109
4 232
35 196
4 255
192 260
234 47
187 88
162 70
202 28
166 300
199 302
90 176
86 181
264 164
48 95
123 11
305 198
85 233
144 78
231 315
251 50
238 20
95 40
153 7
219 175
100 115
106 6
88 261
115 78
267 256
236 94
207 15
283 258
170 20
92 36
84 5
47 293
105 50
58 157
186 9
232 44
121 265
19 315
267 67
232 130
229 164
183 50
116 293
100 33
128 43
246 97
313 23
98 262
294 3
132 183
20 153
15 45
238 112
177 23
37 291
263 45
172 130
110 296
202 82
303 276
319 132
119 52
198 180
317 101
122 57
200 207
95 28
67 38
274 310
297 81
289 192
161 138
41 195
6 112
86 71
24 156
320 274
87 85
66 50
192 85
69 246
270 119
89 140
235 74
22 174
251 5
187 144
21 228
258 289
238 169
153 289
237 93
194 177
15 261
287 32
126 259
292 248
138 82
299 148
205 126
313 146
88 86
135 57
239 98
227 12
208 17
115 135
118 143
242 18
128 317
132 63
142 206
175 210
33 311
225 13
301 193
125 146
70 135
156 143
269 223
265 232
320 315
143 299
287 70
120 68
170 293
6 301
46 97
244 268
14 178
38 240
8 136
91 48
199 301
228 192
311 205
280 284
83 222
219 117
77 224
52 32
239 159
143 207
192 255
39 90
33 309
44 204
79 243
161 217
28 152
144 134
3 198
270 170
147 250
132 281
146 110
173 269
34 230
262 251
102 297
185 170
38 128
8 18
74 314
119 160
238 298
181 267
187 82
79 62
233 75
233 7
253 306
192 225
21 248
203 48
144 61
240 270
21 87
75 319
141 103
261 103
199 141
51 247
21 239
285 22
83 52
77 13
303 296
163 230
276 83
221 91
302 222
272 187
259 7
104 281
199 20
257 260
170 186
25 54
105 259
92 282
140 46
119 56
62 282
258 133
170 291
51 320
151 211
287 277
245 206
164 49
43 302
41 272
188 299
231 45
21 98
9 125
243 68
16 144
207 304
77 294
96 18
159 53
180 148
128 84
159 225
170 150
222 98
118 233
45 244
280 184
118 309
38 151
274 63
163 158
297 136
304 21
190 164
87 268
38 92
102 296
48 237
277 306
68 118
95 174
225 298
204 175
141 297
138 3
230 99
22 275
190 169
82 116
168 84
111 243
36 112
185 223
237 80
174 34
55 205
22 193
197 149
118 7
257 138
292 186
102 308
230 218
153 143
10 13
190 52
273 109
171 44
44 267
132 1
58 109
171 83
175 126
173 166
254 23
48 11
50 136
185 125
171 195
178 256
82 99
191 56
268 228
169 235
78 48
198 94
12 221
3 171
299 199
133 286
52 3
296 284
165 5
34 181
96 282
211 112
210 266
147 30
220 33
49 39
268 251
110 292
119 163
13 296
125 145
274 319
53 103
31 62
35 110
266 202
186 240
67 246
210 78
136 292
117 125
233 137
159 237
222 37
84 222
75 250
278 183
46 226
9 236
8 130
87 298
157 319
300 51
180 73
137 275
214 13
250 217
24 126
130 301
73 183
124 57
195 104
133 205
195 122
52 146
41 118
119 138
240 88
254 103
236 120
305 76
241 273
296 55
53 293
154 117
314 313
39 310
169 157
76 271
262 135
275 113
168 270
49 144
133 25
80 248
197 73
269 104
256 174
266 89
310 283
35 130
143 202
178 128
23 52
229 81
72 73
166 31
156 307
86 228
302 32
112 70
43 177
3 240
88 130
219 96
200 88
272 228
208 167
224 178
307 280
251 20
30 170
125 302
205 170
103 152
308 155
235 45
291 69
134 180
200 142
72 133
1 53
39 247
164 11
304 309
162 125
124 278
132 292
242 199
239 259
134 121
110 83
75 216
175 287
76 130
199 100
72 273
61 249
79 6
186 317
109 225
219 173
81 96
48 4
191 38
272 203
174 277
225 63
261 215
281 156
299 315
320 170
182 287
137 131
68 61
281 153
95 311
52 30
242 173
208 189
199 171
193 10
50 252
116 230
187 115
295 3
288 199
107 82
188 40
307 6
259 254
227 247
2 192
171 316
187 230
137 157
83 138
20 18
296 262
66 147
279 139
246 288
7 294
242 274
146 7
87 105
33 138
208 316
226 222
86 28
257 52
250 306
312 255
59 196
258 18
187 56
58 117
142 174
168 86
25 285
244 15
10 197
219 106
42 268
79 174
83 17
200 145
192 107
84 198
209 285
301 160
279 125
114 289
24 127
90 119
248 35
263 163
116 300
21 225
206 249
122 301
269 147
96 238
50 160
271 123
69 10
265 83
5 222
177 295
116 232
159 178
108 151
202 163
34 141
129 91
139 227
159 181
58 300
167 314
9 151
74 23
65 230
1 103
218 162
41 101
10 32
133 299
30 174
246 235
246 7
138 227
44 76
60 114
285 21
73 116
290 54
108 175
199 225
154 11
52 215
22 136
23 271
78 182
281 142
79 277
189 214
153 284
280 29
274 155
87 243
186 243
284 49
263 257
32 171
313 222
124 39
284 23
39 58
99 84
55 265
260 101
124 235
307 314
314 89
5 186
101 41
222 9
133 186
131 35
241 176
109 141
194 246
60 164
264 222
257 131
38 129
95 123
99 7
94 88
67 100
216 216
90 224
291 259
36 124
287 68
55 19
103 180
145 113
124 44
287 255
76 133
307 167
52 206
76 284
298 283
190 202
200 65
248 298
233 169
238 33
34 248
285 128
148 118
303 43
206 205
261 203
68 204
164 182
106 269
96 22
124 91
13 175
46 313
158 47
42 127
6 50
63 193
136 75
238 33
207 160
193 237
233 87
150 317
81 201
127 43
291 36
305 86
290 92
247 196
192 68
220 58
88 31
185 311
13 302
226 278
134 270
260 274
67 78
275 145
174 12
179 188
118 312
255 8
229 108
272 194
305 171
76 103
226 236
140 297
21 315
14 199
98 78
299 262
52 104
307 157
122 303
256 177
124 128
276 84
252 138
172 162
51 168
171 68
310 176
203 174
165 156
303 63
32 251
165 146
237 265
257 307
142 156
139 36
145 274
295 17
189 103
313 76
206 47
255 180
252 301
290 209
8 115
19 293
280 282
158 31
202 66
247 177
228 38
97 34
236 112
171 114
37 201
125 170
14 46
166 12
122 296
205 291
189 199
213 279
71 35
7 33
49 33
175 275
203 217
99 283
52 141
140 21
192 108
136 67
145 163
18 261
137 183
310 183
48 215
249 297
166 87
72 291
118 37
276 133
70 97
285 35
230 224
310 4
24 48
304 170
44 84
295 202
33 166
42 35
171 176
271 81
36 138
294 270
316 221
166 121
307 152
310 280
119 32
314 8
318 29
27 207
3 142
69 161
284 103
289 228
153 2
59 163
91 112
71 158
221 290
176 76
27 295
73 245
65 284
230 278
186 282
107 13
299 21
282 211
24 190
42 246
310 117
152 191
159 42
283 35
27 3
99 232
98 13
91 238
235 43
233 226
5 255
58 225
159 239
97 281
236 220
25 259
254 94
204 88
253 17
154 319
109 256
274 145
199 156
58 129
24 125
304 204
91 30
222 177
108 66
315 82
279 19
64 224
236 170
72 124
184 313
46 226
30 312
128 262
133 145
254 208
241 48
266 279
104 224
281 85
27 302
23 283
58 275
301 244
161 143
285 58
190 133
131 177
260 172
253 103
252 185
298 288
29 177
134 46
267 14
151 36
76 104
298 166
79 11
34 147
193 280
156 296
60 136
81 320
169 198
263 135
6 148
86 78
188 62
315 214
99 135
290 221
145 20
3 200
89 202
314 250
227 7
21 152
24 53
310 10
318 247
82 23
189 257
13 212
143 133
217 131
194 179
289 193
108 172
109 62
179 63
243 311
20 313
215 248
120 313
78 210
66 117
270 316
110 250
278 22
239 290
56 193
148 87
73 307
253 260
252 40
280 229
15 23
273 315
207 184
204 41
45 208
184 292
6 253
140 248
299 284
278 24
271 291
185 204
59 238
191 97
98 109
119 227
2 244
129 14
12 185
41 167
181 212
4 195
22 202
95 136
302 105
301 186
150 118
309 181
281 98
258 290
257 40
130 194
163 84
1 83
224 211
287 61
32 78
217 313
310 106
60 100
192 103
158 304
246 78
257 3
274 154
31 4
41 136
209 210
277 4
100 252
281 285
124 126
23 149
42 80
22 138
307 163
180 41
30 246
168 208
280 92
314 108
43 242
235 21
234 290
117 111
84 179
112 200
138 98
203 253
221 299
201 219
273 90
75 109
287 110
298 161
292 319
244 185
223 131
305 12
17 270
47 262
310 225
204 129
56 245
189 128
252 261
102 18
70 241
138 140
143 24
20 206
253 191
36 71
106 281
82 295
177 131
1 50
43 197
151 103
319 134
166 6
182 83
58 301
308 272
25 28
302 107
277 143
154 191
10 143
250 25
3 191
296 169
120 112
142 149
302 60
306 118
243 214
155 221
56 251
284 181
72 271
54 69
316 293
73 314
96 166
50 102
115 275
150 122
267 307
304 241
316 125
20 185
108 302
49 183
302 215
34 111
149 220
41 31
223 181
157 286
276 183
117 187
287 319
170 18
306 29
320 33
147 34
21 300
10 66
150 139
114 20
302 169
117 184
96 300
256 84
230 266
314 301
37 262
315 310
307 56
307 5
44 297
94 161
113 101
106 169
313 222
1 116
259 74
276 158
157 100
97 210
76 38
173 17
193 270
112 294
250 53
24 163
240 128
152 159
113 120
244 184
251 3
165 248
30 293
180 65
14 199
193 96
128 298
158 248
260 119
57 107
171 116
290 176
137 175
54 16
8 42
57 247
7 18
45 16
123 270
20 144
240 94
182 159
7 302
140 193
83 92
256 206
149 72
122 199
213 286
45 59
197 295
278 26
202 50
57 107
108 30
296 217
311 310
269 58
64 157
195 86
200 198
94 42
166 1
229 179
189 132
122 149
261 160
159 226
87 176
25 59
143 1
306 136
80 105
285 79
7 234
83 202
48 314
230 264
213 66
89 198
269 302
55 53
155 179
270 36
114 104
191 46
317 73
92 47
57 134
219 192
208 171
307 158
13 91
18 269
103 225
183 179
211 236
189 294
258 147
297 91
295 260
69 257
93 231
134 63
275 97
202 8
265 152
318 245
173 129
215 257
156 177
25 15
4 145
197 118
241 216
64 7
57 305
69 269
286 135
115 236
240 191
189 293
184 290
18 17
225 257
159 320
313 228
318 83
63 258
167 151
36 80
103 228
291 197
306 126
116 133
262 265
130 106
88 177
209 17
258 225
209 21
180 280
39 185
113 103
319 146
276 100
285 173
201 319
247 38
38 260
81 131
91 64
118 239
251 84
203 183
156 155
97 145
164 22
83 113
236 221
39 127
40 112
143 282
205 199
7 172
82 317
283 190
21 234
313 296
229 211
224 202
17 252
26 137
125 90
64 90
65 170
288 120
102 243
67 157
209 259
140 15
259 209
54 163
123 117
99 41
225 26
4 320
86 54
119 297
213 268
142 79
18 7
57 24
208 49
53 27
149 25
12 94
159 231
71 146
203 63
261 54
136 1
197 224
280 272
163 119
302 116
77 211
94 107
24 91
167 108
83 111
69 73
90 239
40 215
115 148
307 159
224 134
134 91
14 186
177 240
235 267
316 296
316 152
32 202
158 225
315 225
95 23
117 213
299 108
35 186
202 304
156 13
234 238
296 105
50 196
8 104
120 166
226 82
155 62
288 170
192 11
36 17
157 92
126 14
268 42
22 270
170 261
229 202
37 40
286 66
223 212
241 18
297 102
216 41
163 171
176 223
218 56
40 268
132 210
188 63
86 247
54 8
147 67
100 187
107 290
308 13
189 271
222 272
234 24
302 234
132 209
60 81
247 207
52 282
236 183
35 205
270 91
117 75
202 217
288 93
81 95
107 301
73 35
158 183
164 311
55 42
43 309
170 203
249 86
312 286
208 15
177 54
116 303
259 14
269 175
201 220
95 231
30 52
314 35
259 290
134 23
121 221
316 219
157 12
244 256
83 295
278 10
246 291
80 19
167 281
300 159
105 81
311 315
20 201
44 106
184 264
14 52
316 91
248 226
6 42
279 85
77 92
206 1
251 183
203 57
149 8
193 277
126 296
272 96
230 237
93 302
245 74
178 67
272 123
4 207
168 236
21 201
261 256
156 141
11 57
298 284
134 7
279 114
162 302
75 127
198 260
7 126
146 204
95 304
220 226
86 61
163 21
190 190
195 242
254 301
109 84
299 10
28 185
128 223
207 57
51 31
32 111
155 15
113 296
138 272
270 64
11 176
226 160
243 171
314 25
123 172
287 274
297 66
201 190
128 180
217 37
170 130
41 1
111 114
131 250
108 196
106 204
285 38
267 156
18 75
184 201
176 13
186 273
171 261
184 187
257 185
237 216
1 245
253 281
266 233
274 150
213 238
64 159
275 99
42 266
116 178
96 3
23 70
310 288
127 44
61 56
244 49
3 235
299 247
52 206
83 200
153 220
82 259
291 119
255 196
252 22
285 278
232 244
122 106
192 95
104 37
292 78
238 296
87 61
211 134
223 317
206 189
210 44
177 192
100 292
305 314
96 164
161 102
20 128
233 191
34 296
148 37
253 319
277 199
244 97
299 155
94 170
233 9
46 320
123 63
112 108
311 307
100 205
127 102
39 187
81 232
137 316
162 210
13 280
264 62
92 311
82 179
217 273
184 26
288 210
291 5
122 133
183 279
242 259
19 133
312 270
10 280
78 64
216 270
207 199
40 12
199 63
6 99
176 31
128 76
284 13
111 313
74 156
55 32
105 291
174 17
235 49
65 283
282 252
260 206
71 10
33 188
265 61
61 18
251 183
264 136
80 53
55 278
92 168
154 24
205 290
305 251
12 201
238 70
148 317
219 197
103 314
212 83
19 42
94 286
169 262
31 313
81 226
100 36
155 152
286 167
136 163
7 298
36 144
166 126
287 302
40 93
230 305
39 132
47 231
99 120
25 298
253 131
259 320
257 81
274 17
301 55
218 159
257 110
128 9
263 163
253 236
218 215
312 164
225 223
254 251
134 264
83 308
138 99
153 42
24 286
266 243
110 206
317 304
4 308
31 282
112 248
85 117
103 187
196 178
195 144
16 283
211 26
103 126
236 178
267 186
173 194
115 206
195 25
41 303
297 258
170 99
16 90
21 231
116 199
144 196
204 160
277 110
273 195
89 163
265 154
246 222
87 244
183 202
52 46
166 302
97 177
128 63
113 32
161 38
36 212
300 135
246 67
132 116
125 136
164 224
271 231
171 278
61 84
275 187
202 102
244 212
137 204
128 279
177 116
275 236
64 275
248 303
111 235
247 267
238 56
139 203
290 264
84 276
206 40
71 48
93 255
316 12
314 294
171 2
55 226
203 144
61 166
259 316
149 89
268 165
268 172
35 247
120 168
160 262
236 149
206 19
150 106
40 168
124 260
173 290
54 63
119 52
118 320
282 194
286 227
84 291
307 33
308 260
305 24
221 134
10 105
266 245
44 274
48 244
200 313
76 212
289 49
134 35
231 265
74 212
311 239
199 254
134 177
81 1
41 8
257 290
259 81
32 273
253 193
156 18
72 163
273 199
284 282
197 37
148 21
287 217
236 139
149 191
120 236
92 79
302 267
167 249
56 90
115 86
200 290
160 112
135 1
53 97
63 15
147 111
279 316
247 18
280 319
292 259
217 82
249 2
194 95
77 259
178 113
291 49
299 56
307 88
296 311
127 174
134 188
258 199
245 278
159 301
36 86
83 106
83 305
121 39
176 309
43 37
289 20
4 6
249 314
47 2
143 88
285 220
124 264
172 70
297 281
117 220
114 216
170 253
209 206
195 305
159 131
110 138
51 129
198 312
65 230
82 140
106 107
295 45
82 54
292 248
77 119
4 33
133 218
165 289
317 5
28 255
258 27
120 70
296 116
57 279
253 214
289 91
73 163
45 209
181 222
190 131
32 102
135 284
112 247
245 57
141 48
116 232
316 161
303 112
20 112
265 186
263 271
117 242
264 116
213 231
105 52
126 242
291 237
270 173
309 257
99 242
261 243
222 310
230 34
230 96
220 192
128 221
196 70
275 309
176 283
248 204
113 138
149 247
215 42
79 155
176 67
254 109
224 202
319 202
173 131
25 20
107 255
90 124
117 193
69 14
304 67
227 207
183 58
283 190
54 171
198 242
295 227
91 267
16 290
212 142
122 277
53 48
160 157
165 281
4 20
298 296
217 50
146 248
239 202
95 148
168 224
249 52
197 107
287 19
10 134
203 2
92 207
153 261
2 211
267 222
224 2
32 232
166 156
159 193
281 192
307 233
176 161
309 163
17 154
187 84
44 255
36 301
164 276
42 239
282 60
213 239
285 314
140 203
207 152
89 198
249 35
278 24
38 292
217 41
284 21
300 290
243 214
264 217
111 244
168 121
290 8
134 49
190 188
162 9
156 309
230 101
121 72
147 296
44 233
216 312
129 51
223 194
181 219
156 140
51 225
12 84
290 239
27 89
107 312
88 47
15 41
50 298
205 169
91 120
156 210
117 24
70 29
25 288
302 283
142 164
33 154
12 231
276 167
96 72
18 194
50 200
314 267
92 35
148 179
263 109
131 236
250 36
89 304
25 168
280 130
114 300
72 78
228 141
313 92
35 175
261 21
190 281
10 205
129 23
193 194
98 42
28 51
216 226
240 43
301 158
249 230
54 115
184 55
52 286
237 37
234 134
46 224
261 288
27 90
76 162
43 3
298 86
18 50
205 126
139 237
91 93
233 289
23 126
109 50
104 26
101 226
24 258
163 176
220 317
231 269
175 167
251 261
268 242
151 217
228 28
297 163
235 288
111 8
295 217
11 282
206 61
272 304
129 259
268 209
45 157
210 219
309 314
249 84
293 287
185 272
92 8
204 162
65 69
155 199
7 91
150 147
146 172
221 113
67 25
153 152
107 236
282 251
1 71
67 248
133 101
301 154
68 312
44 76
70 16
278 148
213 249
68 111
134 148
191 305
286 140
256 313
158 201
143 128
234 237
112 312
19 197
64 215
125 201
316 152
118 113
33 294
78 283
291 298
297 115
71 84
196 237
312 239
29 9
220 180
71 159
222 23
276 300
221 141
106 243
19 198
112 225
66 291
266 96
126 225
188 271
137 231
255 103
111 34
249 17
37 13
48 56
233 98
100 187
89 115
52 27
112 118
316 149
195 18
295 71
165 46
27 311
12 71
115 264
253 229
109 308
275 285
152 229
136 247
124 155
69 201
167 234
282 248
276 50
103 247
150 228
59 318
36 6
17 23
133 21
32 250
288 296
68 82
63 241
244 280
181 125
36 262
240 125
96 287
264 45
99 192
282 183
136 33
148 279
259 289
183 220
16 42
56 276
77 30
155 161
118 13
98 296
164 169
225 161
2 261
196 225
101 73
137 7
5 243
32 91
160 101
156 319
236 89
139 50
48 178
10 198
25 19
10 266
287 292
93 169
86 228
55 3
309 157
272 28
203 14
273 88
261 289
313 58
79 54
147 281
302 17
34 195
248 2
287 33
221 301
196 187
176 35
276 203
89 262
120 54
204 115
142 61
63 182
155 67
65 227
193 148
255 103
265 59
206 13
80 127
84 113
135 67
241 89
167 291
147 215
254 278
255 63
185 12
320 220
44 264
173 192
276 185
226 124
248 195
176 194
194 293
266 117
41 213
268 69
235 124
33 5
283 50
101 72
189 37
216 202
55 116
235 206
156 232
12 36
89 94
211 160
5 277
107 110
117 296
261 225
55 12
146 35
191 12
259 77
8 232
176 12
299 194
80 24
212 219
144 62
158 304
69 179
78 31
307 10
309 295
264 94
237 254
97 24
68 151
95 191
147 317
64 123
172 286
32 180
199 70
93 132
219 310
54 159
203 304
296 102
43 133
277 57
218 283
187 72
73 304
308 284
288 190
231 85
167 314
174 65
25 52
109 191
77 155
48 134
198 252
309 259
163 78
304 189
204 81
295 64
246 263
150 204
174 292
81 121
180 260
46 117
256 315
92 157
173 79
56 102
184 42
203 39
225 178
182 44
190 28
24 226
146 154
239 162
184 278
115 300
311 120
96 107
315 57
252 272
126 264
252 264
24 219
282 12
210 215
189 38
58 136
184 200
219 145
54 152
177 40
180 215
24 106
268 192
311 258
247 94
197 175
310 13
284 12
121 6
6 35
165 241
9 55
21 313
261 41
283 162
245 234
84 42
282 129
191 218
65 114
275 91
284 41
160 176
162 19
260 40
96 188
304 241
22 199
2 8
59 67
99 55
93 197
128 27
259 135
105 129
244 22
271 276
178 245
207 32
103 304
178 102
36 124
244 261
152 224
3 141
220 303
30 62
147 95
68 184
24 284
296 126
276 63
52 74
272 139
110 19
5 271
131 187
107 184
284 313
195 250
132 236
290 58
153 250
30 268
97 115
190 208
77 94
142 117
21 242
57 32
307 269
231 276
157 1
13 183
16 246
108 87
8 209
168 88
187 57
148 82
142 256
211 245
74 48
93 185
70 313
296 256
136 191
85 246
76 144
276 180
302 122
115 120
306 68
284 5
308 263
114 75
267 246
197 122
11 120
141 49
34 169
238 104
33 135
93 169
276 19
30 7
15 254
23 94
116 188
142 54
52 171
4 317
254 128
181 109
201 293
87 239
231 105
126 280
38 121
311 17
4 293
178 165
223 162
42 36
229 235
294 257
134 130
262 168
173 6
12 264
229 273
179 191
71 295
21 254
222 118
317 78
180 159
249 139
269 191
227 149
246 224
255 76
298 243
9 31
320 129
149 91
296 212
291 151
175 179
233 63
97 85
114 59
118 84
227 126
255 132
162 264
317 76
26 128
224 133
72 306
180 114
62 173
151 134
245 158
49 143
72 140
305 165
245 133
244 140
143 223
227 82
162 104
138 21
73 176
205 67
62 277
212 318
84 81
65 213
48 253
202 59
17 167
142 35
272 212
292 259
117 211
247 22
265 97
127 295
26 135
86 116
25 135
309 99
169 63
41 135
297 30
313 197
56 208
165 86
143 294
191 170
200 175
201 207
267 105
272 201
288 291
195 290
310 96
298 230
125 15
258 67
279 126
61 120
23 188
308 41
121 89
194 99
294 206
200 269
154 202
168 73
300 19
92 78
104 57
210 4
273 251
307 294
284 189
189 257
226 236
136 237
267 77
315 133
9 272
157 17
239 52
45 195
266 12
70 142
37 108
267 229
276 242
149 139
19 195
236 50
225 92
276 281
102 210
235 284
26 143
290 263
141 59
39 275
101 41
117 211
105 164
295 41
33 116
63 191
265 240
187 245
230 320
172 203
125 62
78 259
282 92
200 242
142 167
127 149
32 214
296 280
148 293
136 19
107 220
147 239
143 145
224 253
105 301
121 173
122 82
265 200
148 198
106 159
125 65
307 45
85 65
300 45
83 177
160 209
242 112
13 127
259 172
157 200
236 158
172 271
308 14
222 175
18 220
147 98
305 103
291 310
164 2
231 219
109 92
212 17
268 252
216 87
265 145
101 12
113 172
190 260
179 211
18 249
262 314
36 53
70 172
278 228
30 270
316 313
250 150
116 40
179 16
40 318
304 118
7 148
77 101
38 22
71 125
239 185
48 23
256 159
201 116
284 213
299 126
10 239
58 46
229 125
226 127
171 127
184 199
136 15
278 54
255 168
224 240
308 98
27 232
311 200
250 314
2 113
70 174
90 11
191 72
36 258
27 76
138 3
289 184
311 195
265 207
294 180
220 174
307 85
188 208
32 23
137 32
302 129
236 288
32 248
51 69
146 248
71 214
145 37
67 73
12 41
191 15
291 26
6 99
319 112
141 283
264 311
159 142
290 271
260 247
52 318
36 280
281 289
208 280
104 201
56 61
72 186
214 301
88 162
65 207
289 96
134 193
147 302
26 190
97 76
184 49
159 225
214 43
113 15
261 141
2 92
230 293
291 62
222 132
58 64
254 264
275 200
112 303
83 22
275 235
315 276
170 251
107 227
83 125
35 97
212 67
123 301
184 187
244 9
113 173
192 231
292 125
248 151
263 96
236 104
181 71
225 255
5 166
114 184
53 295
260 167
169 226
125 126
315 309
153 37
312 182
201 160
288 161
188 6
10 69
93 33
182 315
179 73
172 52
220 163
102 37
152 190
40 211
99 318
225 111
285 228
80 124
129 288
291 314
245 67
147 316
19 237
59 6
292 46
121 91
206 113
12 225
34 109
42 116
37 79
212 96
115 94
4 45
119 145
213 50
41 63
281 117
195 87
276 25
84 31
162 63
59 316
11 133
159 64
266 115
123 319
88 292
197 317
206 196
278 40
135 211
108 117
76 245
28 1
201 245
71 109
317 288
263 73
201 270
127 244
297 53
201 66
209 301
191 275
189 46
58 1
159 123
22 120
213 88
87 65
273 98
51 41
169 241
143 2
232 303
236 225
38 169
9 40
38 153
58 156
177 163
28 296
260 38
66 113
124 296
119 197
316 60
237 245
94 273
305 187
16 73
103 218
173 136
211 46
117 14
311 304
89 63
132 27
167 87
39 10
77 69
89 159
285 163
104 12
282 309
61 135
300 13
92 316
201 19
183 126
306 223
194 95
62 3
85 288
307 43
214 155
34 119
199 276
301 316
232 221
225 262
199 206
251 221
104 140
136 283
78 165
192 2
69 38
142 292
45 172
172 270
45 247
250 21
220 313
146 219
22 33
319 49
314 76
205 270
255 155
33 8
239 84
253 193
306 85
194 129
31 88
134 161
160 237
54 2
234 69
49 37
148 232
99 270
156 234
299 77
228 90
297 33
179 102
97 237
44 17
316 231
112 221
110 80
37 141
137 147
23 268
249 66
142 54
13 166
21 204
14 265
152 136
110 46
238 140
108 226
159 64
54 145
14 114
211 147
80 318
148 248
199 265
127 37
165 9
119 201
275 310
126 150
104 235
147 22
294 249
306 185
110 164
140 308
128 6
138 55
78 151
249 291
157 88
136 313
64 211
134 190
254 68
155 226
82 230
62 65
287 292
148 251
78 176
69 286
253 21
267 127
210 126
217 291
194 191
47 284
292 154
180 166
34 179
134 211
198 268
138 121
164 169
22 135
160 290
212 119
108 124
248 182
290 157
30 170
102 298
51 168
215 190
109 49
130 274
250 106
189 225
40 105
158 308
194 270
311 43
6 8
126 123
80 22
167 165
180 46
256 89
300 179
118 289
229 125
200 28
231 29
261 238
42 77
158 70
40 157
223 37
54 262
291 289
187 171
102 163
95 214
247 287
207 271
281 296
318 271
154 229
238 159
40 154
27 264
172 262
207 281
139 211
295 44
257 253
281 27
109 235
8 8
265 111
179 191
71 159
74 186
105 139
200 253
299 93
109 125
218 176
150 103
27 78
169 105
140 228
96 260
36 268
86 297
64 195
226 227
139 95
274 78
19 4
236 231
91 230
270 67
185 260
91 287
242 265
100 28
29 78
171 183
278 171
142 90
4 205
215 60
12 211
39 175
270 120
113 30
242 5
115 300
56 35
158 95
229 256
316 27
316 241
116 313
62 305
316 118
164 105
242 147
145 212
98 73
253 51
18 292
312 279
79 81
272 202
22 285
281 142
144 72
194 249
101 71
231 128
175 217
291 270
67 69
150 306
169 220
320 8
208 291
193 304
185 254
205 24
269 10
227 227
297 185
237 294
278 235
309 285
294 191
304 228
137 247
276 186
311 110
153 205
198 146
93 231
192 302
80 282
249 199
280 154
62 318
225 259
273 303
222 274
225 265
55 186
260 278
302 245
130 202
198 123
292 216
91 66
201 248
227 116
204 277
53 14
220 157
52 19
274 7
275 216
162 106
298 242
55 136
107 9
155 309
185 25
87 194
27 42
133 218
140 143
14 178
275 91
197 10
154 214
95 152
118 1
269 210
31 17
71 35
313 103
78 286
77 145
136 60
239 176
268 241
118 200
135 72
306 125
88 1
107 11
69 90
54 53
240 62
231 89
271 300
192 130
286 277
34 187
201 201
264 245
314 65
3 79
11 7
120 238
30 244
50 185
274 65
247 26
271 58
297 42
294 211
305 83
56 320
11 64
109 272
223 208
98 59
187 188
189 250
307 21
34 271
3 128
307 244
29 35
116 220
87 313
298 154
134 234
305 300
249 233
1 251
233 171
212 4
236 264
317 31
307 154
24 243
46 103
119 187
137 235
126 130
319 78
123 223
300 150
237 120
194 16
303 225
275 125
129 171
225 187
218 119
25 90
117 177
28 261
160 125
231 37
169 90
147 270
31 122
82 100
217 224
168 275
205 41
78 233
263 239
160 240
26 128
261 91
307 53
275 109
183 237
259 67
259 59
16 77
158 25
22 192
70 40
175 34
139 195
130 93
139 144
148 75
117 14
290 190
96 180
108 269
275 165
73 120
218 228
220 61
284 5
115 229
283 89
224 23
221 190
217 183
228 300
236 40
36 19
154 205
247 2
98 162
17 109
74 286
258 191
94 237
278 320
157 6
205 77
64 206
184 74
217 28
297 113
308 94
199 215
64 136
45 290
119 294
143 284
219 104
295 70
94 155
312 231
54 314
123 247
262 142
108 15
144 13
277 152
27 181
210 174
15 165
74 285
83 70
282 22
202 186
293 156
151 70
254 30
85 39
165 275
228 269
13 39
2 197
297 280
166 27
210 187
21 171
198 51
93 187
34 243
132 284
37 83
313 66
111 214
227 254
195 34
99 249
43 161
170 239
163 111
264 104
196 113
200 135
130 63
299 104
39 234
89 225
86 302
303 318
310 24
301 63
216 96
58 162
18 294
123 292
145 298
289 70
232 128
196 158
251 8
290 39
148 234
311 204
55 184
216 249
191 252
280 113
166 16
214 181
308 29
51 168
86 210
114 281
30 182
43 266
1 74
274 119
286 164
190 187
188 162
76 134
176 39
278 56
249 25
24 283
28 68
27 202
62 62
15 137
10 49
206 180
8 13
40 137
57 285
123 245
90 314
26 171
105 220
71 266
232 48
115 108
228 211
220 37
97 271
226 252
309 51
146 266
103 116
242 64
258 162
264 215
31 121
5 163
17 228
231 36
139 9
176 49
116 206
150 264
60 89
85 217
133 180
74 314
27 282
301 21
259 234
288 223
302 114
4 18
177 170
293 132
261 255
98 231
247 249
108 230
103 146
274 22
199 193
1 21
218 144
222 291
230 99
148 148
111 78
159 95
210 65
163 280
103 299
23 50
290 191
161 20
70 230
256 311
158 242
96 18
177 271
42 216
292 118
200 197
11 156
144 61
89 319
242 47
161 152
208 59
167 209
303 317
273 228
68 36
53 231
198 64
309 276
221 159
220 42
191 133
275 238
272 61
188 221
244 235
284 190
162 54
258 304
218 53
150 12
156 111
103 6
267 33
285 166
214 15
115 149
117 245
84 251
291 151
216 98
206 29
173 8
216 44
209 319
162 285
139 200
186 125
246 317
181 278
82 81
274 206
134 277
36 176
133 220
221 215
106 98
170 213
180 224
237 179
37 259
26 123
283 96
205 14
30 311
219 13
224 211
140 158
254 6
265 35
83 182
210 175
126 155
11 172
196 250
79 153
56 208
220 51
26 181
38 155
192 32
171 13
34 8
217 241
79 87
60 198
44 184
98 166
291 287
226 42
99 45
98 210
300 121
304 234
108 7
16 312
37 264
133 278
10 124
234 219
149 174
168 196
209 176
177 60
227 299
265 15
307 288
233 99
138 286
173 221
46 307
40 238
115 133
232 179
90 230
279 313
150 22
221 80
150 84
65 27
35 13
316 50
33 279
275 68
162 238
198 79
247 134
56 270
11 293
120 47
281 5
73 118
174 284
257 138
141 313
308 168
131 264
35 182
230 8
28 82
147 207
269 10
36 305
199 154
168 79
258 52
240 13
221 27
307 299
262 193
292 298
77 2
37 273
69 76
305 90
142 126
217 133
169 4
173 225
94 250
258 249
24 207
57 86
55 160
208 123
224 193
106 279
139 44
157 213
133 252
316 243
130 214
88 79
218 320
54 186
136 96
11 58
22 55
38 213
258 285
179 121
201 284
71 206
15 305
212 222
219 252
17 104
258 119
180 298
7 223
279 228
143 185
316 245
7 52
170 5
197 249
155 189
184 297
113 262
88 230
308 223
136 263
240 196
284 243
127 71
228 59
57 318
299 145
303 114
212 296
220 95
59 111
111 76
165 77
122 158
260 283
92 171
23 9
34 135
135 283
184 263
167 210
224 225
287 142
273 222
153 248
119 201
269 137
25 274
310 171
199 246
19 219
104 311
229 259
249 192
290 147
210 207
275 11
81 235
173 183
92 40
262 284
128 189
88 124
90 79
318 157
21 288
109 206
281 17
65 25
83 303
263 222
36 226
298 106
270 27
123 98
123 23
97 228
82 118
101 91
219 24
307 278
90 167
311 14
90 29
231 298
89 225
242 45
155 227
91 276
197 234
7 26
185 165
2 138
298 192
246 83
154 161
207 199
206 223
33 241
305 130
223 87
266 301
258 292
41 316
281 218
239 74
112 98
180 199
32 207
11 79
196 184
58 255
167 71
270 82
27 11
150 165
281 29
60 46
61 307
3 100
246 65
115 104
305 280
151 52
17 102
72 182
113 241
259 220
3 209
38 134
83 114
81 209
28 308
123 199
178 125
209 77
172 191
55 72
191 208
232 178
317 18
31 270
110 137
135 258
73 260
111 230
213 36
132 200
215 109
142 101
148 270
97 200
133 211
84 52
124 42
249 271
308 215
182 6
261 240
76 187
305 254
291 284
249 93
110 70
56 240
269 243
318 96
228 237
125 162
48 110
269 13
158 211
196 175
305 181
222 101
145 129
108 55
190 158
77 292
4 34
54 206
12 35
273 43
81 18
177 149
161 259
255 116
120 138
201 291
311 242
151 166
124 260
243 32
154 10
154 29
168 61
256 270
61 134
219 298
219 217
261 55
69 120
43 72
250 25
243 183
130 167
246 63
45 51
94 139
55 292
258 135
208 153
230 73
86 249
17 147
134 104
240 58
175 97
59 145
168 100
180 320
56 314
237 286
103 133
238 234
238 272
133 110
168 312
246 205
67 310
89 83
158 234
206 320
305 121
232 134
180 305
168 9
252 303
201 32
111 310
270 268
313 100
221 315
157 37
302 103
8 295
149 39
200 272
61 296
85 125
262 69
185 212
238 159
80 143
208 185
114 95
155 140
190 188
157 254
101 86
103 193
227 13
50 81
50 185
181 190
176 127
143 85
121 36
259 55
189 183
98 137
257 74
164 56
208 121
54 97
142 194
186 126
103 129
134 241
266 257
125 281
318 173
42 109
225 240
128 60
52 98
267 269
303 151
47 236
60 92
178 193
159 315
175 163
108 228
124 196
183 141
276 216
230 13
98 268
30 4
215 31
182 250
167 261
14 63
164 149
58 48
261 258
251 122
271 163
59 252
202 87
74 259
131 1
173 46
109 5
91 177
19 188
112 47
26 60
156 158
243 262
140 98
121 171
293 304
251 40
116 235
183 260
112 7
250 141
155 226
318 284
32 184
83 25
307 145
253 43
86 87
235 271
49 313
181 117
210 152
83 23
272 95
228 181
256 320
153 243
305 10
203 57
319 131
111 248
162 32
261 128
210 146
224 33
301 271
202 225
136 152
174 52
166 209
145 110
227 187
39 20
35 291
273 243
281 218
291 270
165 110
87 251
29 151
79 229
285 81
36 183
7 68
304 194
155 169
20 146
84 38
152 189
167 246
245 68
45 192
151 309
251 66
109 22
5 277
223 64
103 231
306 288
223 172
48 82
224 292
151 212
206 187
214 26
205 139
67 105
283 166
56 266
164 12
70 168
73 71
209 141
287 72
100 233
63 308
142 236
228 60
294 97
14 206
171 84
209 61
33 183
196 169
151 2
19 222
162 121
87 258
313 158
298 164
180 214
137 303
269 268
94 315
224 171
77 27
237 56
249 132
34 278
319 77
141 9
303 51
304 102
310 88
137 257
142 243
186 291
298 176
61 232
48 146
202 175
10 123
91 70
34 11
219 313
164 176
263 320
176 128
30 57
215 227
28 298
258 68
33 171
193 56
168 265
47 63
6 310
125 223
3 270
115 293
251 178
4 292
68 315
168 316
43 166
169 165
198 148
108 81
65 164
218 263
7 213
49 231
252 137
67 60
260 203
170 248
308 264
6 214
131 59
284 253
221 151
287 275
227 30
61 243
212 34
310 233
39 318
280 140
132 304
268 222
166 61
114 266
52 234
108 18
226 166
302 196
173 270
155 190
163 56
9 260
225 239
223 197
293 127
153 209
51 45
218 176
118 93
125 277
160 254
292 146
244 302
236 173
252 234
270 255
220 79
85 191
66 155
265 320
20 105
308 201
89 194
231 252
25 270
277 25
75 218
99 312
245 164
257 281
272 143
151 85
99 3
171 97
309 290
118 110
179 170
266 171
27 187
160 302
147 42
96 177
276 69
258 174
282 25
298 51
148 55
253 267
104 197
74 224
98 180
298 223
119 309
106 79
60 273
186 189
121 254
243 137
266 80
252 25
63 74
131 245
137 132
273 45
189 56
228 180
279 138
245 187
102 194
289 47
243 42
295 289
47 108
103 175
184 244
202 166
44 164
83 69
90 248
115 118
291 86
147 44
70 184
148 111
67 237
162 92
51 62
203 177
296 316
42 297
122 286
273 139
1 167
8 43
263 313
18 153
212 286
41 269
6 49
101 232
273 23
206 267
215 33
180 251
217 220
42 287
181 180
266 163
295 138
118 316
214 58
192 18
260 305
88 203
132 90
305 167
103 64
190 21
316 85
212 97
159 285
185 158
102 146
287 193
34 165
79 239
286 149
18 184
147 192
54 183
210 125
251 114
5 172
215 235
239 117
31 147
35 100
75 231
271 70
203 314
163 257
284 175
138 55
194 228
121 40
304 176
191 211
161 311
300 239
10 128
96 121
190 195
319 159
28 292
151 185
131 207
231 219
223 315
184 319
97 120
130 96
171 185
130 292
212 262
92 31
119 310
264 230
214 249
320 285
74 130
128 118
142 214
168 175
282 287
215 39
112 142
39 141
196 135
207 268
305 179
238 244
176 135
135 81
265 104
38 192
126 71
190 105
230 287
102 154
127 119
150 19
77 179
109 272
172 269
319 15
103 109
238 38
116 235
61 28
314 98
176 137
65 155
20 305
214 209
39 205
235 81
182 32
193 30
139 215
114 280
30 25
4 50
285 89
245 183
2 91
19 37
48 295
150 204
191 41
234 84
67 77
298 268
4 302
303 207
156 310
229 263
279 171
257 144
209 99
283 45
21 104
118 266
201 194
99 18
159 13
137 152
90 104
5 4
11 89
30 99
27 201
148 236
14 163
111 218
314 130
21 289
10 243
111 189
307 167
316 204
179 234
111 291
189 259
44 56
33 35
290 24
1 85
255 95
68 242
137 246
27 142
78 76
263 240
105 290
98 60
283 190
214 189
122 291
54 110
112 138
95 53
312 37
296 229
50 144
61 301
87 216
111 99
308 130
188 284
190 64
120 165
316 53
5 122
73 261
81 313
260 287
18 271
89 139
207 317
71 263
84 218
300 8
71 187
139 295
181 205
255 231
101 119
119 270
80 132
159 166
93 192
185 170
274 52
196 188
17 157
85 57
35 102
115 222
104 108
97 236
257 320
132 239
294 143
161 179
279 160
202 118
132 240
26 301
44 20
2 121
80 5
300 90
169 264
93 265
144 21
45 212
308 28
80 30
167 55
175 136
262 81
303 21
145 295
46 283
265 285
225 295
254 17
268 261
277 260
214 53
108 58
53 320
119 190
53 52
241 56
7 143
239 232
119 6
219 265
3 223
27 293
277 57
47 109
76 162
208 40
274 35
228 72
294 174
282 87
267 224
63 215
167 230
261 175
139 35
105 191
54 88
303 208
175 63
214 119
288 100
252 30
148 59
251 231
173 72
129 125
62 79
5 196
192 85
166 138
189 149
179 184
27 112
56 215
138 310
57 86
98 94
121 35
280 83
263 93
182 10
308 21
197 189
245 58
295 6
126 161
45 125
255 4
24 221
307 100
58 184
9 43
121 20
170 267
20 178
190 248
300 247
14 174
261 251
306 7
53 37
186 293
215 141
290 290
257 39
293 263
311 175
232 314
20 20
2 137
290 269
62 92
178 133
90 172
108 159
167 195
289 60
146 159
168 65
80 102
287 158
182 74
267 26
229 283
173 174
163 268
117 274
220 162
60 196
237 190
184 202
73 58
74 198
165 6
193 182
11 249
301 188
305 292
290 87
215 307
151 29
280 257
107 215
68 37
166 102
72 112
14 293
128 157
79 46
233 168
178 28
106 275
107 29
175 1
13 319
55 161
138 41
64 197
113 197
203 185
313 255
3 120
50 254
155 126
320 184
80 99
242 187
97 60
113 249
214 239
154 2
62 6
196 74
286 262
91 3
18 70
310 303
124 129
197 30
317 207
104 139
12 163
73 81
133 134
286 82
25 310
158 11
142 178
115 212
37 219
17 171
289 15
97 194
40 246
308 313
238 74
309 66
118 5
271 84
21 103
115 247
271 166
34 72
281 114
221 179
72 299
13 258
16 111
243 39
275 220
227 133
210 182
175 270
222 100
144 25
9 235
47 284
24 294
222 90
143 284
60 21
306 43
64 242
43 32
233 202
225 199
269 74
11 122
79 253
47 317
225 295
36 185
2 230
55 279
18 253
247 51
315 200
6 273
92 248
241 295
301 27
9 228
164 256
203 87
79 109
270 95
303 189
187 219
137 239
214 148
1 115
49 220
305 75
108 17
152 314
208 204
299 231
223 232
212 269
155 75
70 208
188 257
33 64
97 137
122 154
118 223
231 198
218 2
53 18
32 89
22 45
309 212
177 301
93 92
292 44
304 143
59 118
89 117
83 24
223 129
232 152
81 199
212 148
81 62
216 208
12 55
257 271
186 207
264 251
47 9
292 248
274 154
5 193
273 181
266 167
305 244
236 289
91 259
8 74
122 25
144 87
140 294
186 6
279 285
21 272
280 277
83 213
147 233
14 319
78 74
34 103
302 98
18 147
201 313
158 315
47 188
86 246
61 266
250 75
49 141
294 209
143 113
16 123
250 134
140 171
127 280
272 145
270 132
241 297
135 225
146 177
101 139
36 307
38 48
179 113
234 255
313 122
302 93
217 274
34 96
316 240
218 275
41 165
144 255
210 242
270 220
233 106
37 103
89 183
92 249
195 208
225 123
101 107
246 131
82 82
223 133
98 184
313 117
165 275
46 261
59 7
255 67
12 171
280 209
38 249
87 69
289 141
199 218
190 146
113 226
216 132
309 50
242 4
247 153
311 156
59 158
210 86
316 14
62 29
28 316
248 138
130 163
7 98
88 310
311 12
286 203
246 219
77 235
291 165
310 190
86 45
247 82
225 87
76 286
85 75
170 96
253 29
34 53
22 174
130 177
273 53
59 155
115 217
72 251
242 133
185 29
212 23
263 200
154 30
250 66
218 24
319 285
233 271
222 30
30 290
210 197
43 179
112 87
135 45
77 288
147 166
175 243
290 168
305 304
170 179
124 318
288 195
234 163
136 277
195 164
88 320
123 319
153 123
225 254
111 277
300 241
283 302
311 73
45 103
75 136
92 316
54 90
244 192
119 59
237 231
63 15
319 2
230 155
215 252
311 267
246 299
172 224
113 110
132 212
8 103
267 69
163 293
21 264
204 56
168 210
103 32
76 159
61 107
150 263
305 223
122 267
272 4
303 13
95 22
3 124
129 265
82 8
96 318
197 238
257 272
58 11
292 306
305 4
262 121
153 10
58 296
105 34
140 260
19 76
88 151
159 281
255 262
140 267
215 145
185 241
71 283
71 237
247 273
25 255
157 215
256 79
39 71
253 226
230 234
126 60
162 2
30 183
294 308
307 216
117 319
46 289
157 277
148 304
168 95
11 32
246 311
193 33
135 136
142 151
123 289
234 215
113 125
63 185
14 240
257 58
63 216
298 44
163 226
62 57
147 311
113 15
140 61
104 245
74 64
219 157
157 283
4 155
71 174
206 207
155 5
230 260
265 316
4 240
216 315
65 241
170 267
212 42
270 44
274 55
11 96
275 154
70 60
191 256
133 135
38 279
21 187
246 158
168 115
78 44
211 185
187 168
146 289
45 19
222 252
158 52
122 55
160 3
187 290
15 244
277 197
200 73
138 112
54 141
12 291
131 150
132 290
42 53
70 239
190 219
155 256
75 188
195 106
142 165
167 21
231 143
305 200
79 310
288 178
216 246
82 27
167 283
82 99
248 274
87 79
42 96
241 41
194 52
97 72
125 4
196 235
230 5
191 55
36 185
266 118
273 145
266 187
262 270
316 203
158 258
3 287
23 216
238 229
162 254
125 176
184 282
32 259
201 137
76 79
194 135
218 34
98 141
208 193
189 33
112 52
272 255
97 36
214 263
154 202
83 13
274 115
1 313
35 279
186 174
159 8
116 269
43 219
237 51
32 209
225 197
102 301
318 294
12 240
136 160
77 317
169 171
279 127
115 168
122 77
51 315
284 235
112 265
308 155
144 55
145 124
294 182
143 249
30 316
48 313
131 117
199 216
180 100
265 201
249 249
101 203
310 99
106 72
291 154
125 133
46 197
227 229
111 96
289 14
1 268
227 6
277 19
187 306
119 33
197 236
280 89
102 248
92 178
222 15
41 30
36 102
20 256
172 320
237 101
159 150
253 189
248 314
301 198
106 174
131 12
110 310
275 258
108 136
44 209
272 83
249 163
87 170
15 94
246 148
267 131
155 275
28 182
177 13
15 62
32 213
94 38
64 215
44 171
117 89
186 97
51 142
162 284
2 32
186 120
7 137
195 308
222 169
219 33
297 125
30 52
238 34
293 5
27 119
51 135
272 11
43 75
182 117
285 23
12 226
12 199
178 170
171 237
125 60
63 301
161 27
66 109
308 140
29 193
101 89
177 133
227 36
104 28
303 295
117 14
45 6
75 178
164 112
47 38
203 1
38 150
60 77
291 33
272 125
218 114
52 239
88 188
100 104
150 123
142 222
312 171
71 175
235 84
151 134
35 94
33 245
109 161
294 298
151 227
248 153
215 186
280 201
179 310
165 60
161 280
123 100
86 130
292 28
259 31
159 244
301 9
75 79
195 308
24 71
260 117
89 204
30 79
222 30
66 174
149 194
296 145
177 300
49 87
196 11
166 241
102 62
33 249
40 105
61 167
156 67
303 102
17 267
158 221
70 132
304 109
122 94
3 41
117 190
97 103
199 92
189 169
5 65
164 98
299 129
212 183
127 62
214 209
271 247
128 292
108 211
23 185
133 205
89 278
276 210
99 221
41 194
153 47
198 74
63 303
33 73
143 131
182 93
254 252
319 74
120 198
126 115
229 178
319 72
255 108
71 34
123 202
148 293
210 39
8 320
154 149
127 203
237 219
32 124
111 35
96 110
221 237
190 196
145 292
47 218
106 226
44 247
199 30
236 135
102 158
58 58
153 241
5 49
192 275
23 299
169 72
31 226
55 114
249 24
88 296
208 314
185 184
304 107
135 275
63 99
110 119
20 271
157 149
64 297
113 6
291 248
230 222
108 228
291 128
117 229
148 95
69 85
15 312
181 112
105 169
55 290
277 130
74 8
128 181
302 2
193 283
16 124
117 45
207 182
295 284
175 9
46 113
282 216
136 63
106 159
76 306
163 160
75 267
67 153
165 296
158 241
170 284
101 155
266 309
160 286
245 143
205 131
93 126
45 275
47 46
59 227
258 117
132 164
202 179
22 272
308 29
21 254
20 77
91 135
283 121
252 180
22 72
60 26
103 10
62 85
45 226
184 54
255 253
287 87
225 255
302 277
114 33
312 196
110 131
187 315
113 120
18 185
5 190
234 60
237 2
251 91
148 265
277 59
73 272
86 43
31 193
316 181
16 207
54 290
92 147
8 307
72 51
147 8
211 101
287 106
121 186
251 310
208 91
7 312
243 279
120 125
169 22
155 68
296 206
220 118
192 252
168 194
242 135
218 127
241 62
74 70
86 67
196 62
268 178
259 123
246 129
209 150
149 275
30 79
292 33
115 198
262 235
175 216
55 50
140 320
174 26
6 78
88 213
296 70
296 45
147 70
294 250
298 194
81 12
196 299
233 288
31 4
30 173
82 175
217 178
192 55
226 246
41 66
73 242
300 134
35 260
244 116
240 214
53 211
67 103
288 77
129 140
247 259
107 201
155 67
24 36
9 198
86 306
69 105
150 176
16 220
1 65
290 64
70 294
18 15
96 317
56 123
220 43
175 220
220 302
154 172
293 255
232 104
44 289
1 130
161 274
207 196
260 195
9 30
88 254
137 128
249 102
71 253
292 301
56 129
35 180
285 198
261 294
237 14
129 90
53 279
48 165
267 198
112 137
250 93
47 115
39 63
17 10
287 300
56 169
184 293
15 150
176 166
244 55
252 176
136 221
239 235
271 285
129 253
220 97
264 1
271 313
319 150
145 135
319 13
152 47
123 313
258 252
269 223
299 8
104 211
81 261
196 242
201 267
112 292
25 13
192 34
218 83
6 93
136 112
48 186
195 266
38 121
203 100
53 159
156 66
268 122
233 153
288 116
78 248
66 113
247 302
320 280
292 199
134 97
263 305
185 21
56 134
243 314
258 8
316 242
291 287
73 65
201 58
158 303
55 103
142 58
20 222
180 143
48 273
159 55
217 224
176 200
277 94
203 210
309 84
56 256
212 4
91 201
114 195
287 178
102 289
78 104
292 200
265 195
215 187
316 106
306 140
154 199
129 172
134 62
158 67
14 7
139 83
152 276
25 41
67 260
113 91
9 252
131 308
85 34
67 10
9 301
100 272
57 209
127 154
232 259
195 190
130 72
288 195
147 234
212 196
154 269
143 56
190 219
214 166
274 227
234 98
290 198
141 214
14 150
215 201
127 103
85 197
237 274
203 89
254 219
137 17
178 116
256 145
168 171
320 81
58 300
289 234
193 110
295 238
290 16
23 121
53 174
141 93
167 74
64 92
250 283
68 238
239 243
52 236
144 140
167 157
150 85
134 37
165 59
167 94
74 254
149 120
261 126
238 243
220 281
164 17
100 110
33 230
148 231
168 50
106 150
252 23
278 291
204 4
262 270
160 91
210 41
5 221
236 75
191 299
232 95
119 257
236 67
55 37
97 33
37 291
26 67
53 251
92 73
153 198
247 84
318 250
102 317
235 33
237 39
170 278
52 295
167 218
222 129
311 113
40 114
117 111
243 18
220 102
301 26
176 284
302 301
292 13
221 241
133 298
259 70
197 26
313 8
212 16
33 282
184 225
177 120
32 168
73 100
55 50
24 201
138 69
59 166
255 48
217 278
50 105
185 2
15 28
8 28
279 304
158 7
82 159
54 289
60 174
33 191
119 280
8 206
153 55
202 133
234 97
101 243
181 127
23 53
103 254
256 187
203 279
138 142
120 285
277 186
313 130
40 85
10 33
242 165
307 69
241 252
84 295
63 22
204 91
42 256
120 233
207 94
227 157
44 202
117 233
114 255
73 135
295 104
229 298
236 211
165 129
243 19
265 22
316 313
308 304
3 213
35 34
145 188
178 199
181 167
287 136
42 6
34 200
228 248
314 284
55 68
132 216
160 194
37 162
112 172
300 251
264 299
183 141
149 287
28 203
239 273
282 123
187 169
182 272
36 284
37 286
73 5
199 21
28 154
234 125
145 54
128 266
295 6
305 289
23 217
223 312
289 299
40 84
152 191
271 176
178 246
209 16
305 69
214 186
283 58
89 202
83 163
294 277
104 236
304 130
167 218
92 25
213 137
25 150
19 319
17 246
146 272
104 59
68 283
226 81
21 151
80 211
54 152
264 96
157 69
197 13
86 149
138 12
253 203
228 201
36 94
257 257
175 89
36 230
215 52
294 140
89 172
41 101
72 120
208 230
99 49
152 195
207 126
100 18
86 136
237 204
100 20
259 135
284 279
155 264
55 226
181 297
289 197
43 43
315 190
155 251
8 176
201 140
2 152
255 246
224 146
193 199
52 259
80 318
30 162
83 123
294 83
119 259
114 15
56 278
72 175
52 191
277 297
257 49
47 290
261 317
13 196
8 288
289 288
177 143
237 252
60 259
45 75
148 265
218 247
118 187
111 160
282 235
8 36
119 172
68 97
112 119
59 179
278 117
194 134
115 162
234 234
275 234
164 309
236 152
306 173
170 188
298 190
23 132
179 302
273 116
53 273
16 157
277 9
217 206
225 269
129 61
264 113
290 253
5 48
124 83
41 28
207 304
8 306
284 200
307 282
208 222
69 171
89 151
170 14
33 25
130 134
306 11
81 251
98 241
32 314
171 106
114 151
180 170
178 318
58 105
192 236
297 13
19 101
82 168
3 159
101 109
55 163
307 31
148 225
182 132
25 319
37 254
224 85
209 115
93 71
285 166
4 161
63 179
76 131
87 17
119 180
78 152
272 219
238 274
64 211
90 295
122 275
29 164
134 134
23 252
44 58
14 125
161 11
308 181
6 306
216 263
162 29
118 48
75 70
290 205
224 22
238 131
247 28
307 84
190 300
43 162
228 306
131 38
50 302
250 285
53 66
165 154
281 161
257 114
235 55
301 120
71 162
204 94
258 237
247 77
151 95
199 132
143 121
183 206
104 314
112 131
154 35
267 296
76 63
73 258
272 201
76 250
16 40
198 103
175 298
298 66
301 111
103 191
302 81
245 67
180 46
201 157
39 86
232 10
265 205
39 49
257 68
297 201
72 75
283 167
153 61
192 127
243 206
93 135
190 72
63 264
203 96
188 77
176 167
128 40
152 198
300 306
12 272
311 125
93 119
195 236
162 6
320 270
187 271
44 202
157 309
216 61
291 254
106 285
159 18
64 285
228 45
42 105
287 165
274 232
283 51
250 308
310 79
204 80
60 209
115 138
171 309
213 159
258 214
279 17
317 244
44 14
24 116
90 262
6 156
117 35
2 89
143 174
148 267
145 48
237 135
125 76
55 229
283 246
56 87
50 136
227 309
249 168
91 86
241 216
319 131
215 214
219 63
190 72
30 9
173 154
213 98
288 300
168 284
40 311
16 317
141 78
91 37
277 3
295 69
174 239
200 162
27 287
55 287
271 278
241 238
192 172
131 66
250 67
275 317
42 39
199 296
56 185
15 1
200 313
222 67
312 78
23 70
200 280
49 229
268 171
206 308
244 31
112 60
83 36
126 301
102 192
54 259
1 283
204 250
59 277
16 301
308 295
19 99
16 91
88 3
38 244
301 319
136 209
318 98
301 19
139 286
67 254
276 43
3 127
208 66
264 100
181 5
97 147
56 78
249 306
259 301
262 309
149 251
176 120
318 281
173 59
54 197
272 34
163 281
46 221
319 111
65 127
84 13
62 247
144 214
48 202
283 108
196 311
279 120
227 57
55 171
118 306
272 35
58 202
146 99
152 280
120 274
192 256
145 230
153 173
133 173
88 108
172 36
272 269
169 174
222 117
298 43
314 268
63 2
198 10
156 165
244 27
297 187
132 188
10 71
220 284
115 279
164 162
262 314
191 118
204 42
281 81
268 184
231 25
174 309
67 98
88 242
7 19
113 304
21 196
6 235
217 228
174 212
177 93
65 74
301 106
24 217
126 95
59 7
119 201
215 29
32 67
65 205
125 264
195 43
288 64
268 238
117 175
306 212
78 39
103 110
38 82
103 5
109 147
180 125
5 83
46 304
200 104
258 190
268 221
94 244
318 298
93 33
65 1
25 245
32 112
103 18
12 232
64 56
180 70
215 121
316 229
6 154
109 271
256 104
107 112
223 260
144 216
218 111
13 138
318 153
131 288
27 268
184 289
314 298
111 190
209 159
170 128
213 178
256 72
230 25
144 185
260 75
286 183
54 74
62 68
169 64
259 228
270 162
160 42
197 295
155 71
101 254
37 252
123 246
129 254
56 305
165 52
114 188
234 275
55 75
252 103
221 157
138 265
8 224
177 190
238 154
247 286
250 125
119 169
114 199
293 311
25 264
195 224
226 159
264 31
150 8
203 151
275 264
291 231
307 205
270 254
36 298
26 25
154 68
274 10
95 186
298 237
70 279
67 122
167 280
168 58
79 48
29 309
232 150
112 198
301 108
20 72
118 199
160 118
28 52
55 232
78 98
298 18
32 35
275 54
11 27
104 275
62 131
197 159
169 189
221 46
303 31
24 231
247 77
268 272
112 49
25 43
155 243
80 81
68 319
316 59
180 155
85 151
265 235
71 63
7 41
99 236
249 55
82 98
285 291
199 62
120 152
97 285
265 89
74 41
310 201
126 236
278 102
298 213
15 254
96 172
317 181
10 115
110 108
315 320
164 211
314 181
32 287
196 256
33 246
303 154
1 71
260 48
128 18
78 230
81 265
295 25
318 287
161 130
221 236
17 126
129 187
259 177
6 71
118 71
50 195
202 191
276 32
54 152
263 127
98 68
147 89
121 123
26 8
234 6
18 157
218 38
73 207
234 173
288 19
114 34
277 278
149 249
311 195
190 297
182 64
201 298
28 148
228 92
12 270
233 233
178 194
45 274
12 285
65 207
220 266
288 26
225 212
94 76
230 306
222 134
216 68
302 245
3 282
291 166
216 8
110 182
306 84
27 12
1 210
185 106
205 74
68 1
151 206
102 105
29 228
122 290
49 82
13 14
301 296
126 320
127 279
207 119
2 242
150 5
226 166
26 4
108 59
142 94
138 5
161 204
43 278
188 221
104 306
174 261
163 104
114 242
94 14
211 156
116 115
226 2
85 87
61 179
124 99
166 307
81 233
49 277
224 138
40 282
241 105
132 29
255 22
297 191
61 63
317 315
33 68
84 77
280 1
96 178
202 1
301 185
318 133
235 270
108 246
10 158
220 42
20 128
1 90
53 113
171 47
150 235
11 76
289 182
276 95
156 317
315 136
282 47
11 90
44 6
52 107
204 143
125 92
91 39
77 239
87 207
33 170
65 312
266 216
75 187
158 31
75 45
316 56
149 43
265 121
99 218
316 282
267 44
307 137
167 250
159 55
313 316
37 30
122 231
73 46
98 292
56 236
88 155
73 169
9 234
202 81
115 292
202 235
180 28
282 66
259 301
18 256
146 139
30 84
221 267
261 215
219 320
282 300
63 44
219 319
128 89
290 282
28 47
82 316
85 9
264 301
117 52
158 211
28 156
217 275
68 89
179 85
117 32
223 290
51 134
100 135
248 44
259 134
33 193
178 182
106 73
17 162
114 245
190 174
39 231
8 87
53 66
108 159
62 82
303 134
312 196
243 279
301 94
224 185
20 83
148 40
139 59
72 116
155 73
238 306
122 251
59 281
281 40
142 105
212 93
307 307
32 43
240 8
256 296
47 150
163 315
95 24
168 146
116 64
234 55
257 57
132 134
9 262
102 200
168 254
314 264
42 54
308 13
140 93
223 35
264 30
2 320
306 137
192 77
136 124
281 94
262 270
161 267
200 201
159 293
139 182
63 80
57 260
232 238
171 169
50 112
225 93
253 59
93 113
285 319
89 317
47 47
50 145
288 274
197 147
293 202
284 97
143 190
304 114
307 232
242 313
28 301
68 89
16 155
256 189
67 63
113 261
200 314
289 266
82 20
317 215
84 78
182 80
317 224
11 153
224 310
190 26
37 308
58 132
302 267
185 164
71 118
230 232
27 239
243 122
157 218
63 203
128 246
35 52
117 259
100 231
264 309
294 274
215 53
24 165
316 151
31 122
172 88
195 222
18 99
315 200
7 246
80 311
216 174
17 290
258 166
149 164
218 294
249 16
305 109
60 262
141 28
50 131
10 59
242 132
150 162
206 75
216 250
212 255
195 257
139 65
294 228
217 212
26 183
264 66
307 166
129 252
65 99
258 18
57 263
251 208
205 138
106 178
221 253
284 113
156 32
199 263
226 92
134 96
307 231
208 195
65 16
255 219
222 28
153 271
222 78
203 140
6 309
201 62
174 43
16 24
111 318
93 169
123 173
157 176
270 236
220 7
252 127
309 212
264 114
156 186
53 26
193 75
181 132
48 275
99 96
177 105
88 148
280 59
201 205
253 240
212 29
1 173
176 156
43 268
227 194
103 281
193 43
34 233
15 77
58 230
297 240
255 182
257 57
19 317
312 45
80 131
89 46
279 113
73 120
191 276
247 4
46 296
269 268
134 145
291 37
198 198
310 133
278 32
106 31
202 48
166 19
24 6
234 80
211 226
110 182
244 169
207 223
262 226
12 256
111 113
189 227
164 261
152 300
112 177
281 18
13 119
253 144
22 111
248 24
66 215
94 214
263 276
217 243
187 187
218 187
302 121
193 206
212 80
253 6
305 239
83 305
8 54
123 310
106 109
38 14
117 310
45 69
216 39
282 304
29 153
237 166
20 91
317 287
166 121
285 252
281 41
113 256
198 84
88 241
276 183
65 175
158 180
153 281
137 296
14 176
267 128
178 59
19 171
59 302
181 6
230 132
43 134
31 38
119 17
266 167
306 236
90 53
125 7
192 170
14 232
285 223
213 101
238 64
83 90
258 94
314 13
255 198
299 24
266 304
76 265
179 122
287 94
271 302
253 299
24 260
311 62
153 201
25 64
48 287
264 170
247 204
77 90
55 265
35 234
224 270
124 129
291 98
150 148
176 285
307 150
62 96
103 260
22 31
136 225
136 22
52 174
42 157
297 80
248 258
2 103
221 156
274 231
124 58
207 110
163 261
41 195
294 158
127 164
247 144
205 301
113 214
166 49
301 181
188 177
106 73
61 203
34 127
68 289
150 19
115 23
71 5
267 258
81 44
150 197
135 81
103 120
191 199
104 319
98 175
314 305
229 24
6 285
107 98
267 304
232 269
129 83
186 178
208 37
132 91
263 210
164 29
33 201
159 266
154 65
204 225
109 227
147 78
176 312
112 268
62 212
33 206
251 267
45 80
230 31
25 167
226 132
190 299
200 163
178 116
185 88
248 152
185 295
224 60
124 22
149 170
129 2
83 181
122 216
176 95
235 193
129 34
236 249
111 27
317 169
280 183
95 71
218 183
173 4
279 77
242 292
62 290
213 227
41 19
159 274
251 78
7 123
194 129
282 73
166 283
245 192
39 4
140 96
43 198
176 226
308 42
39 284
223 26
219 255
186 150
146 154
45 307
301 54
83 72
89 320
115 77
103 201
190 53
139 292
203 79
17 65
98 87
140 310
280 51
107 319
253 145
62 149
299 99
232 221
179 70
279 151
22 64
93 55
172 234
273 190
212 296
112 118
196 69
307 55
237 84
119 95
198 214
20 177
50 26
291 308
91 149
245 46
210 105
253 252
189 284
146 173
303 30
55 278
184 263
246 49
55 124
182 209
153 178
245 31
238 40
5 96
48 250
154 102
291 180
30 274
17 249
172 91
121 268
96 224
299 26
27 62
290 293
56 67
165 46
187 18
153 118
318 199
313 212
59 177
205 230
287 261
151 298
109 97
197 38
220 99
71 3
310 72
53 251
92 118
162 315
256 84
40 125
147 12
107 257
187 250
215 121
217 46
278 81
53 199
198 257
75 104
97 71
156 270
33 4
88 157
95 259
312 226
311 60
14 227
319 77
288 153
122 245
127 256
211 53
49 269
273 155
106 171
144 2
51 318
308 294
185 217
33 224
263 41
261 20
47 134
150 44
203 283
135 164
317 105
226 150
320 295
246 117
319 296
44 15
255 108
55 290
81 212
108 220
2 64
276 8
197 159
168 83
302 272
274 278
243 154
116 276
171 176
122 148
41 214
36 296
168 15
182 176
207 192
232 251
173 125
297 153
228 20
93 198
120 155
21 194
317 278
199 114
61 299
173 271
20 12
134 114
250 243
97 298
312 300
197 240
257 269
89 108
145 175
63 303
12 144
131 210
141 272
44 154
288 201
278 18
129 145
118 55
14 53
73 78
291 259
275 312
297 99
237 71
36 319
183 191
38 148
101 301
89 174
119 277
236 162
195 285
152 212
190 165
249 277
116 132
79 224
192 305
294 277
165 233
27 206
133 308
7 95
53 271
274 216
26 269
118 30
229 172
309 56
110 129
304 56
83 153
242 109
189 132
257 1
317 147
297 198
29 143
171 65
87 273
102 189
134 37
14 212
12 38
243 120
161 220
148 252
15 43
178 267
2 223
75 67
134 242
260 243
283 34
109 25
21 31
221 166
183 183
190 237
50 86
314 103
113 203
70 205
217 2
245 191
247 290
19 287
317 200
98 316
77 270
206 262
301 51
193 169
178 43
233 130
137 121
197 24
233 314
252 164
16 315
163 130
180 213
249 100
140 194
265 198
184 121
155 273
230 226
134 232
102 311
113 171
153 206
255 318
75 230
188 201
127 302
235 51
144 230
105 236
69 133
216 309
280 53
267 253
195 215
26 52
284 27
247 159
97 152
251 24
192 170
65 318
23 285
151 31
189 155
201 22
191 146
60 47
121 57
312 83
1 263
271 2
86 230
298 24
271 25
186 156
111 182
191 262
21 296
181 100
157 278
137 18
172 191
273 283
232 224
256 101
230 33
126 240
94 155
221 125
21 283
159 301
35 278
96 21
6 213
66 142
137 259
264 5
182 51
229 265
236 22
13 61
65 112
47 36
32 6
107 166
96 56
211 209
192 166
192 200
58 198
110 36
313 36
66 303
130 238
270 75
303 205
135 5
162 6
222 252
194 208
289 109
125 280
90 41
70 139
104 306
29 147
303 149
131 68
20 198
285 99
115 253
161 30
33 26
146 204
270 86
155 52
258 244
199 279
15 118
182 171
244 246
17 133
12 216
35 206
190 230
86 239
262 164
26 157
318 200
101 215
102 260
61 166
190 298
158 263
301 179
52 157
143 235
183 311
135 205
204 111
279 262
230 319
319 20
207 149
124 115
14 238
208 299
312 61
268 246
66 155
139 93
80 67
263 82
30 48
133 199
272 307
171 291
315 174
293 258
146 11
60 311
109 20
303 271
95 160
250 225
235 5
318 49
195 283
102 298
303 253
316 85
34 205
115 122
59 193
176 288
47 299
42 131
262 117
55 287
249 140
9 95
260 18
83 192
214 24
306 237
157 272
206 29
57 293
215 152
163 166
183 46
189 63
238 45
178 57
142 87
300 124
44 46
320 23
30 121
258 168
107 16
87 73
198 310
237 112
180 184
50 51
41 114
261 209
189 282
294 129
92 56
169 1
93 66
108 37
283 30
309 221
158 272
111 61
113 207
189 165
26 170
296 212
27 123
137 232
120 259
73 192
151 294
60 304
64 188
235 84
283 222
219 202
49 316
154 115
250 303
294 116
8 43
291 1
130 287
316 158
203 41
244 226
195 190
312 296
204 84
197 307
220 131
260 119
264 207
308 23
119 279
303 204
89 210
1 80
312 250
300 52
225 320
190 276
140 240
20 39
196 98
220 214
31 166
48 122
195 251
73 78
216 284
314 206
245 231
55 299
214 85
190 175
223 237
255 192
80 189
2 66
164 241
314 136
58 212
48 74
204 223
76 93
258 211
270 103
137 77
232 136
6 206
268 79
86 65
201 92
95 97
154 91
46 26
124 82
166 235
84 139
318 188
247 287
231 193
37 281
58 47
241 187
247 309
60 308
315 187
109 53
290 269
312 8
294 247
248 201
227 14
178 296
124 239
286 294
101 296
11 201
51 221
81 197
131 4
39 16
119 297
296 307
93 149
167 113
266 287
16 320
124 80
56 129
51 222
202 154
180 309
174 34
254 21
226 254
253 312
276 278
243 104
32 266
131 287
224 11
129 212
62 195
302 80
317 301
245 224
78 161
6 213
100 195
270 21
223 57
82 261
71 39
286 252
292 98
277 124
50 156
280 268
171 237
153 131
36 320
282 43
126 39
295 118
51 134
156 139
34 212
82 289
94 198
55 287
263 315
69 110
207 316
161 160
132 223
221 47
56 101
188 56
168 258
287 300
9 95
209 206
167 285
17 26
48 298
292 180
214 95
14 64
88 270
317 294
51 297
124 75
22 97
198 147
50 282
84 142
86 100
259 68
218 248
211 244
220 11
280 189
186 138
139 134
299 190
158 169
12 69
214 264
289 122
5 296
213 130
320 260
248 35
104 124
141 262
202 317
86 129
180 252
292 257
182 45
128 53
233 122
280 184
58 277
257 140
57 16
9 160
91 207
185 133
14 169
217 75
47 276
235 151
68 172
276 287
161 197
47 239
46 23
313 176
191 201
208 13
225 1
160 94
30 45
160 209
121 13
13 170
203 315
270 3
201 165
93 232
215 164
271 305
315 65
169 130
161 113
246 283
196 85
83 38
123 20
82 185
235 157
166 45
195 317
8 27
131 8
317 241
253 65
212 104
71 168
14 182
198 310
313 91
91 18
318 45
187 308
237 21
312 315
253 86
1 252
66 28
230 268
76 98
191 110
255 235
231 261
128 2
1 121
6 126
34 268
44 281
24 312
164 296
269 270
233 182
129 45
310 293
114 13
147 98
150 52
233 49
294 33
245 110
248 140
296 190
299 264
101 205
98 64
163 279
75 233
297 297
263 35
183 86
225 244
297 176
246 180
48 310
11 39
133 9
306 146
10 50
56 107
165 319
19 126
298 126
111 143
266 272
316 262
190 269
145 107
245 169
218 53
52 35
291 103
201 221
319 178
158 214
89 161
5 300
83 233
185 204
102 45
108 47
189 212
48 237
62 31
304 178
244 198
78 270
202 313
302 88
32 159
23 107
270 104
1 33
88 202
176 33
30 13
202 316
125 197
78 179
190 149
254 178
232 232
237 84
226 136
271 231
217 104
103 44
12 283
236 221
79 317
280 270
75 53
143 187
131 271
87 95
142 13
294 314
87 162
297 183
218 265
105 210
211 153
231 209
241 148
69 111
271 314
56 176
57 91
29 217
17 140
95 9
130 50
125 19
239 5
275 307
190 79
116 238
61 269
143 320
83 257
18 253
99 62
120 111
159 174
120 16
259 32
136 33
147 124
289 30
175 52
198 101
41 7
268 157
268 48
59 299
293 132
138 192
33 18
287 62
123 28
7 16
51 129
179 270
47 276
13 247
304 42
241 268
101 125
99 107
89 24
37 314
38 47
46 165
198 288
318 283
193 38
55 87
240 233
170 235
293 204
256 225
157 142
192 256
244 244
86 231
101 72
68 41
250 33
172 303
23 179
115 165
305 96
185 282
282 205
132 205
232 268
18 247
16 202
164 10
185 170
36 173
312 37
204 272
228 161
172 241
296 146
240 24
181 3
64 307
107 219
165 164
72 83
61 240
294 45
71 60
311 64
66 77
276 33
61 213
189 50
23 14
35 34
309 29
247 159
320 111
231 303
319 29
1 205
317 279
175 207
163 245
196 91
37 299
84 28
39 103
101 305
145 129
161 46
4 208
70 296
111 40
58 109
114 26
90 291
302 172
132 316
157 243
300 206
320 64
301 252
121 109
106 198
21 147
245 254
10 302
214 65
276 172
256 204
233 225
229 142
161 50
5 99
319 178
298 59
96 280
77 264
216 306
106 216
40 6
146 258
46 116
320 254
252 271
86 32
72 49
21 195
285 195
9 166
270 304
66 53
136 85
165 146
220 207
182 200
186 311
255 58
80 267
170 132
221 318
168 148
278 171
89 38
298 122
18 167
21 49
286 232
150 88
310 299
92 226
50 158
231 153
271 220
114 80
110 172
308 38
142 89
183 106
290 226
98 3
156 190
250 154
204 9
285 127
173 115
187 146
240 152
161 280
264 63
96 28
187 302
8 289
87 84
273 227
190 200
275 85
293 76
7 189
5 58
4 219
146 231
41 95
166 76
185 208
185 263
271 134
281 47
78 236
267 47
296 79
319 153
194 214
20 133
215 275
100 208
148 243
138 315
75 269
214 136
242 77
151 183
259 82
122 18
96 64
305 155
278 257
146 233
219 161
112 219
165 202
317 197
282 187
239 39
81 268
18 69
231 285
163 179
184 136
221 249
113 132
88 194
103 226
1 110
281 196
107 193
318 194
258 149
171 96
243 12
9 112
69 203
182 200
167 134
33 176
47 270
221 218
190 243
259 316
144 237
283 205
191 290
282 218
282 141
292 240
198 30
218 250
39 30
128 267
201 120
3 113
147 302
62 232
84 206
119 302
137 263
22 28
48 302
241 64
81 303
84 277
272 199
36 252
180 230
237 223
266 147
243 26
5 190
275 178
9 70
134 319
104 57
168 86
208 77
114 215
104 248
31 44
111 271
320 114
260 255
176 106
87 20
131 112
49 306
108 221
270 248
58 237
97 223
178 92
269 53
316 250
226 214
43 209
155 254
294 115
156 89
130 139
87 51
186 62
148 214
30 314
45 181
210 22
75 67
21 271
225 157
274 307
234 314
288 240
133 95
180 274
149 72
184 66
163 58
42 60
179 144
199 243
84 220
283 318
36 51
133 82
275 283
289 311
216 96
281 140
98 125
315 290
125 20
272 300
87 81
122 93
116 133
34 304
295 13
190 105
115 263
312 123
148 283
128 58
70 237
194 267
152 49
66 86
293 27
42 297
314 244
59 31
290 121
2 199
3 79
254 41
166 86
232 87
319 210
224 58
165 72
61 319
87 189
287 102
152 305
228 57
44 113
8 20
318 5
234 124
209 295
65 172
197 104
74 117
239 223
286 211
160 43
163 69
78 314
57 110
208 259
146 136
296 184
117 268
184 309
222 175
278 236
44 72
132 272
69 137
175 247
139 230
33 210
250 98
175 255
198 293
5 170
121 274
316 83
156 200
105 73
48 286
136 51
248 63
178 198
213 133
34 241
51 123
230 77
295 197
63 305
151 238
8 4
241 260
228 100
159 11
220 17
146 18
1 11
124 159
220 234
193 99
215 238
141 87
149 34
22 81
7 8
311 163
218 60
164 139
62 105
221 232
27 20
11 281
77 239
40 38
285 232
251 162
229 254
133 159
247 180
189 71
11 297
36 279
294 253
300 41
144 136
60 289
81 153
32 15
292 219
145 89
10 185
156 300
143 269
315 27
112 229
267 268
188 65
183 60
287 45
253 288
51 290
196 254
134 91
213 162
208 194
206 107
210 16
249 210
177 155
27 148
251 257
194 107
8 64
117 68
223 120
247 142
311 280
266 92
33 139
213 70
277 58
66 251
175 92
238 107
201 86
13 93
118 230
95 57
80 119
160 308
145 259
102 222
317 33
50 30
280 142
24 237
95 47
181 252
196 257
263 195
83 209
48 72
144 182
253 168
206 137
237 59
303 316
7 220
203 33
184 155
121 8
207 7
200 247
202 70
167 225
108 218
245 108
300 299
15 173
248 162
2 28
132 37
318 87
255 312
177 130
