340
6936
324 25
34 217
185 142
95 59
2 17
200 2
276 237
268 327
314 293
34 79
262 176
256 333
108 107
109 172
178 45
61 56
291 83
88 147
281 170
217 332
73 181
258 4
51 175
292 282
285 81
151 284
216 173
282 182
27 169
109 254
328 178
246 290
94 10
154 245
274 196
215 128
162 264
118 327
108 143
42 6
180 276
209 177
258 300
312 108
282 79
143 10
83 90
148 284
65 42
305 215
104 188
26 155
189 62
203 82
227 270
254 32
216 195
232 4
12 126
35 334
330 300
312 164
231 121
310 133
255 213
207 297
83 69
224 50
47 51
160 230
286 251
241 279
189 3
224 324
194 250
200 291
61 131
43 150
261 100
52 199
321 216
83 101
232 180
7 300
333 223
165 238
90 156
198 294
43 202
134 307
116 259
206 112
153 93
8 109
44 211
155 280
175 323
142 336
44 277
338 185
134 335
327 134
25 7
197 317
138 283
158 61
165 2
313 118
40 23
340 327
311 90
18 78
37 324
19 240
84 81
27 121
335 326
309 70
229 81
226 248
132 101
226 209
205 89
232 271
75 266
161 150
82 12
216 31
156 217
102 17
243 115
201 228
225 216
122 235
190 13
214 212
194 266
120 232
222 304
166 282
148 339
324 159
133 179
180 319
49 339
276 115
271 74
110 177
186 323
130 94
256 125
146 223
127 114
66 135
314 112
222 21
146 103
217 175
151 98
285 145
300 188
192 130
284 322
239 245
46 169
265 189
137 176
40 339
174 231
306 217
249 134
283 103
224 185
257 196
18 273
166 202
223 329
60 92
100 69
85 185
314 289
100 207
108 106
209 251
80 4
168 139
188 118
192 27
318 16
146 10
80 312
3 2
114 338
338 124
151 157
141 317
120 266
70 160
283 140
14 316
211 294
156 152
232 30
170 339
90 305
288 99
149 25
134 263
322 44
133 235
207 62
96 297
129 114
168 145
326 70
157 227
140 121
267 18
327 175
217 167
209 211
84 132
289 99
319 64
152 20
306 67
176 127
102 255
294 145
288 252
330 226
170 28
303 2
235 68
120 176
331 198
267 14
293 233
283 271
236 31
177 130
321 90
171 271
101 101
218 209
192 233
211 67
171 254
312 280
9 321
166 98
297 244
12 63
228 297
182 161
104 137
93 166
49 202
63 305
85 103
65 283
107 287
45 119
39 49
316 151
239 255
152 179
28 229
337 299
98 153
19 106
198 77
155 43
198 34
48 50
155 142
219 6
60 43
258 184
73 239
330 76
124 82
95 193
230 223
88 2
270 233
313 170
248 236
247 170
42 28
43 129
195 183
293 138
106 68
100 252
310 273
298 31
36 175
90 280
293 124
70 300
340 307
29 239
323 169
155 244
282 340
151 242
172 10
54 181
309 197
259 176
36 247
157 212
236 194
19 83
69 219
135 91
332 165
80 16
269 155
327 156
196 65
224 210
145 337
162 235
60 145
241 290
53 102
250 294
90 233
22 74
126 320
241 22
248 128
188 243
282 293
268 289
299 36
54 203
160 245
108 152
23 227
95 117
193 57
28 265
250 35
283 218
123 322
234 283
62 151
114 143
179 76
12 211
52 320
259 297
86 22
168 311
194 10
224 182
94 280
80 150
164 323
224 269
152 175
326 59
85 46
248 155
152 333
154 289
283 101
301 37
1 161
96 278
72 279
166 236
284 252
22 60
130 256
230 181
132 226
66 84
100 150
322 16
304 299
185 293
328 212
148 272
74 250
293 10
282 146
174 53
254 120
151 162
111 156
285 70
106 62
297 36
340 52
255 267
53 95
101 2
29 336
283 152
34 305
76 46
9 9
7 251
9 240
222 299
262 306
262 135
169 288
108 250
171 213
27 315
191 61
323 231
137 249
190 235
67 264
175 59
252 154
146 145
273 50
338 115
320 283
197 158
309 36
222 125
241 102
314 55
229 302
92 205
109 100
281 198
55 304
210 148
105 126
201 176
40 210
74 255
288 265
173 156
301 195
45 158
54 95
331 74
236 270
321 249
224 228
141 55
121 150
200 61
338 69
268 311
138 195
89 63
28 220
214 116
51 288
74 48
188 74
12 208
207 6
136 256
14 335
277 51
286 82
123 168
286 230
251 209
226 270
249 13
131 107
321 274
42 88
134 246
306 299
103 106
164 41
189 129
221 104
127 9
36 164
38 129
261 142
331 235
44 159
143 236
17 128
299 182
245 186
200 100
253 125
235 323
97 294
44 112
194 178
312 136
252 12
153 80
297 223
283 264
117 279
285 301
310 77
120 322
322 123
279 325
270 190
65 98
70 143
3 108
150 39
278 229
68 189
249 335
154 6
167 228
115 175
2 292
184 142
338 36
243 161
258 229
324 293
249 55
150 337
72 166
314 175
55 71
109 86
85 141
129 175
152 48
18 65
95 179
101 229
217 88
217 175
324 191
280 78
202 139
150 133
12 168
66 21
147 322
78 272
107 332
301 60
288 277
309 36
53 288
253 212
298 280
47 6
45 69
323 309
291 110
53 16
123 112
183 108
248 118
267 251
101 233
233 162
302 255
87 214
303 53
137 338
70 149
59 109
175 203
66 256
72 299
271 21
210 143
9 314
230 251
217 172
55 261
193 274
174 81
280 66
312 215
174 97
29 269
293 210
143 68
70 97
94 142
81 31
339 295
199 283
306 237
286 70
105 78
115 28
157 175
65 180
277 194
329 105
108 81
41 32
83 254
90 272
334 223
158 120
235 320
154 89
307 59
51 206
77 280
24 213
228 126
162 336
339 317
11 270
37 46
165 125
79 172
115 330
184 216
41 163
263 46
185 278
41 79
337 251
339 63
49 273
101 62
163 283
75 102
86 267
60 330
35 40
290 196
319 245
241 245
7 150
219 126
70 229
133 147
315 100
33 189
307 119
242 35
143 24
302 279
336 184
84 296
128 264
63 276
78 119
62 18
227 183
97 172
60 28
14 250
186 159
128 15
204 132
172 298
43 324
32 284
38 340
87 222
318 104
23 251
274 222
171 123
221 79
249 136
128 4
169 62
221 51
242 31
177 254
183 273
229 248
163 37
245 309
117 39
180 274
223 209
273 49
151 82
251 303
89 171
197 73
148 129
49 131
205 236
260 51
273 309
111 70
239 174
22 238
156 215
329 157
30 175
165 271
23 20
287 221
316 251
215 64
102 26
242 19
39 230
81 322
2 247
208 176
27 87
199 141
47 274
37 316
303 29
295 68
339 7
51 128
121 257
226 44
298 233
135 77
239 190
280 113
169 117
193 57
41 217
80 188
295 317
188 284
282 40
103 72
333 333
89 112
186 287
339 146
24 136
274 282
12 29
93 248
159 217
101 5
50 216
248 23
336 236
322 130
129 141
185 69
146 324
212 220
121 32
253 295
263 180
18 283
93 136
153 239
326 93
124 168
134 14
336 8
83 136
322 22
243 271
103 13
272 60
312 55
75 321
144 328
308 216
264 243
208 122
96 126
140 283
47 73
212 153
294 172
214 159
42 79
60 249
84 76
57 263
256 241
209 323
319 236
71 21
260 31
115 243
322 84
299 189
66 147
313 265
327 287
47 33
314 328
69 189
80 55
238 10
210 125
329 35
333 230
42 326
7 27
195 142
133 111
330 209
174 19
264 119
42 132
66 69
300 265
100 332
298 283
25 164
323 313
235 22
245 175
221 111
26 178
207 199
133 108
90 163
53 44
50 332
173 273
333 39
125 228
67 138
157 294
283 75
37 232
47 202
178 61
182 59
23 284
79 33
340 199
203 300
74 85
134 236
3 49
298 201
310 161
203 182
20 133
231 178
197 251
210 230
258 51
59 176
291 183
315 172
47 20
107 165
277 27
40 204
183 30
74 269
275 56
92 12
340 184
25 44
147 262
277 78
74 227
82 257
280 14
116 60
329 43
173 44
200 139
114 284
89 120
297 10
10 121
334 165
185 334
165 257
263 45
325 245
13 149
189 31
65 8
210 81
288 8
98 283
45 221
189 101
100 262
78 226
53 117
205 14
303 82
40 58
108 204
205 9
61 33
92 71
20 312
240 44
340 298
312 39
222 21
173 271
250 248
122 332
292 172
297 63
37 259
255 294
74 51
80 85
19 31
245 262
64 271
151 332
339 66
297 310
27 21
82 23
35 156
125 213
209 248
69 81
337 45
205 188
182 9
62 305
285 269
320 22
35 273
23 166
56 24
75 147
126 30
316 21
161 326
31 127
311 81
136 231
124 18
202 37
313 126
188 327
225 171
183 213
100 302
175 158
288 281
326 68
41 32
144 21
50 200
84 33
210 86
163 268
49 85
138 224
283 302
82 90
305 106
332 9
259 76
102 182
303 26
37 146
176 329
191 129
335 24
129 243
146 90
184 279
212 213
13 230
323 67
146 117
210 244
192 325
179 50
258 275
177 32
186 99
63 321
258 278
70 309
335 130
119 58
126 312
193 309
119 29
285 129
131 47
274 165
102 23
218 256
43 33
321 35
182 209
273 133
300 65
206 49
221 241
80 100
244 231
76 288
77 36
229 62
73 113
100 10
52 311
247 177
150 177
280 144
126 29
20 280
98 277
102 184
163 278
317 41
166 122
171 30
310 323
159 77
250 1
257 56
76 146
41 258
174 209
249 236
170 297
168 56
66 98
98 177
323 167
302 126
340 57
197 165
43 72
181 258
149 153
239 304
141 19
243 257
257 190
87 333
58 93
315 170
3 14
87 60
331 232
324 153
290 273
79 314
205 110
65 296
87 331
230 51
165 333
114 313
58 285
207 89
301 322
145 236
276 135
76 311
201 211
39 269
96 335
56 103
13 96
128 110
103 264
72 198
216 57
279 155
55 73
95 174
201 212
324 65
144 46
186 129
182 124
13 129
275 259
93 32
28 314
116 160
288 296
264 6
78 321
301 194
169 187
177 259
340 96
83 179
309 150
258 276
73 20
288 282
213 274
244 229
319 129
245 22
251 279
103 236
149 25
90 152
250 18
298 121
206 263
100 108
162 273
140 297
212 32
61 194
195 211
293 159
74 228
254 203
89 1
281 131
96 177
278 329
138 102
208 300
40 8
215 113
184 58
315 16
208 85
290 266
64 118
230 274
65 101
186 151
79 176
87 129
215 236
294 333
297 251
150 263
85 64
260 180
1 51
181 63
339 197
192 98
3 49
217 257
133 303
231 324
22 92
200 117
185 174
154 159
80 314
25 132
169 290
310 180
90 268
120 210
38 13
216 12
146 337
297 288
174 271
207 221
7 248
301 337
279 110
78 217
75 249
62 221
124 318
25 82
149 329
59 62
269 108
154 172
44 174
285 208
305 1
62 246
154 24
271 223
237 319
243 234
303 321
87 237
18 122
237 131
219 87
162 313
131 204
292 9
245 255
52 276
18 291
264 182
311 154
73 34
298 217
26 119
195 297
74 238
302 322
47 302
196 185
68 332
109 96
149 150
94 71
177 277
18 259
38 15
100 266
88 104
335 81
322 234
204 214
230 16
266 47
305 25
303 18
107 256
277 340
264 207
10 188
222 79
212 103
289 332
61 247
261 86
199 56
301 226
166 326
161 11
184 98
97 155
155 315
142 164
312 130
321 194
302 25
174 19
141 95
324 73
223 105
246 162
276 283
319 296
297 22
320 242
276 230
4 72
122 8
117 85
75 11
287 54
141 181
234 312
138 246
99 326
244 169
116 180
45 105
233 132
59 338
49 253
60 115
306 224
206 280
8 190
165 15
114 182
104 62
12 11
253 155
157 293
169 114
79 139
44 300
217 330
292 223
235 7
270 177
330 80
167 265
141 169
38 103
175 85
143 176
227 99
140 181
114 12
239 256
241 281
322 159
69 59
199 74
93 123
306 171
30 53
228 243
163 24
115 275
211 180
24 103
107 326
209 162
26 249
62 162
297 211
250 322
112 275
142 30
192 186
277 271
84 253
151 68
217 146
26 238
93 328
294 320
257 157
218 25
252 160
292 22
313 13
144 113
172 267
279 236
88 89
156 208
60 206
34 111
28 112
86 178
297 289
44 312
295 231
99 73
121 51
159 183
193 199
153 189
311 274
284 81
237 245
199 210
13 164
1 205
188 262
231 290
220 159
215 269
79 235
186 338
55 80
92 283
86 284
238 52
204 251
170 225
123 52
201 164
283 242
147 2
246 152
238 236
198 334
52 224
280 115
170 152
211 190
286 336
298 147
126 231
315 194
228 9
268 300
144 292
72 339
81 117
75 153
89 104
36 161
73 278
69 79
247 272
223 339
230 54
179 84
164 323
70 175
262 81
254 327
49 313
249 235
1 133
122 70
127 221
259 57
74 146
37 16
314 195
132 243
317 167
176 107
108 174
229 42
292 82
132 240
325 90
326 336
276 289
97 310
294 219
169 89
60 283
163 263
233 163
210 192
34 326
120 14
89 156
224 126
26 313
73 102
149 307
136 49
44 213
311 152
107 134
283 18
298 272
113 175
326 21
99 63
150 10
244 302
172 302
25 272
230 177
34 214
148 159
171 85
177 330
115 185
58 81
24 6
33 316
242 286
289 232
7 114
93 24
227 267
324 115
303 61
138 324
163 202
264 325
233 65
36 110
108 23
8 88
156 112
206 14
231 304
212 245
27 88
7 67
226 96
160 127
311 127
10 28
289 276
111 234
49 95
206 134
1 4
2 213
6 169
320 240
222 173
252 340
130 232
84 335
271 99
159 232
246 209
131 123
339 136
97 257
118 124
201 38
67 258
213 71
320 191
67 213
46 188
84 71
267 26
301 36
5 199
218 144
338 61
130 64
42 198
296 136
26 10
155 244
285 78
323 200
145 13
66 152
195 284
268 236
99 312
275 38
35 158
335 68
196 326
112 163
161 21
14 124
110 274
23 8
52 1
194 102
329 309
248 5
247 333
312 323
186 250
336 67
162 160
47 241
338 41
42 240
221 61
112 11
30 128
290 85
225 137
230 48
278 144
267 318
263 99
224 198
33 179
94 119
224 303
259 305
117 271
11 202
196 128
137 105
59 70
172 288
328 198
295 102
31 270
263 131
292 8
323 38
92 159
113 320
336 165
99 251
47 217
42 154
163 236
182 120
265 213
227 172
138 149
68 163
96 154
127 117
5 324
157 203
61 184
65 9
270 113
84 281
133 277
224 299
61 327
78 217
106 132
308 27
144 96
77 70
178 263
15 251
189 295
107 9
79 43
75 313
97 26
41 17
307 320
57 61
43 118
84 38
295 83
20 249
167 156
282 257
29 261
98 326
280 260
117 170
293 26
211 116
174 126
225 29
94 206
166 253
328 294
148 116
326 182
272 253
149 198
134 147
222 300
27 206
126 162
72 21
43 61
2 120
113 273
61 194
220 265
308 294
31 308
15 289
232 27
104 120
149 223
313 180
223 257
43 263
100 160
204 325
266 176
115 276
245 73
55 279
240 274
198 286
265 146
68 110
220 21
249 337
17 78
55 281
138 254
313 220
69 316
216 159
62 212
58 76
215 183
137 247
115 68
310 307
231 318
44 287
264 160
166 248
294 43
167 122
14 83
26 5
340 255
330 81
326 27
67 189
77 303
69 23
137 164
290 113
93 282
89 104
269 51
218 191
270 326
53 339
33 267
37 161
71 182
300 328
69 101
217 64
248 112
309 302
28 311
51 95
338 161
26 82
89 203
35 253
103 102
61 222
261 43
165 170
201 319
262 195
45 244
8 70
215 54
240 124
19 182
277 199
212 205
283 315
289 206
167 136
212 312
67 142
2 124
112 206
331 170
267 142
154 244
128 85
195 95
46 197
68 208
335 107
157 154
175 325
28 265
323 274
207 40
74 300
123 225
250 74
17 295
335 300
339 184
265 189
32 84
161 325
33 12
239 15
297 82
26 285
165 336
46 292
152 334
125 324
246 302
121 304
322 37
104 212
210 161
222 263
139 78
6 325
147 75
175 221
27 215
321 97
290 333
7 47
81 10
46 81
300 309
292 340
143 219
246 37
155 195
92 219
207 253
248 258
144 149
283 95
307 285
198 187
55 34
216 116
26 170
160 311
250 149
89 39
98 120
50 182
80 50
262 190
157 35
302 221
255 52
2 4
65 19
82 94
238 272
134 42
75 259
94 9
107 194
266 124
61 335
144 250
289 12
220 39
110 9
153 77
114 194
192 94
97 206
60 162
4 9
105 179
171 184
271 100
137 275
329 103
274 254
168 215
187 56
92 19
241 253
121 124
73 53
326 204
63 107
144 31
314 3
257 335
154 164
32 117
36 320
288 199
177 196
74 298
313 177
117 10
225 160
250 276
300 204
169 325
101 67
312 158
262 207
111 199
50 216
245 145
189 49
269 289
125 90
175 271
334 340
271 89
293 171
231 215
109 234
305 209
277 77
339 224
257 52
269 313
284 117
113 148
326 146
244 294
84 290
253 39
61 26
77 137
277 209
60 68
139 315
112 160
172 23
171 161
326 55
195 57
3 216
237 207
322 134
177 123
270 339
295 252
30 230
165 58
186 108
144 12
208 146
123 226
77 1
270 3
24 84
249 126
250 28
294 248
242 224
216 96
306 10
69 261
177 10
312 239
21 54
272 227
176 113
72 285
8 319
57 326
35 203
281 210
239 162
208 91
160 152
190 102
307 205
25 190
260 151
202 159
7 48
295 309
107 49
310 1
331 134
73 23
212 214
299 256
72 198
185 214
33 242
321 173
248 303
1 271
210 258
239 18
200 70
24 259
256 79
178 309
100 115
157 266
315 266
316 133
236 150
261 208
37 316
56 212
321 275
124 33
132 232
250 23
237 51
324 275
170 233
287 234
169 58
131 102
54 52
116 70
219 5
57 316
192 59
186 19
187 31
269 301
255 183
58 263
246 153
149 188
1 86
113 197
245 200
286 23
161 310
256 158
212 138
217 202
79 34
13 101
156 128
64 43
248 130
155 257
307 207
316 20
158 133
105 117
45 38
233 54
146 101
311 33
225 285
145 143
311 60
61 113
318 30
293 130
150 48
12 78
124 329
176 80
79 8
292 325
160 254
223 122
50 15
305 148
176 137
61 205
196 284
232 98
126 128
166 85
66 180
295 78
15 147
60 339
37 221
17 190
78 28
242 323
235 172
98 299
122 332
219 212
108 128
44 72
221 97
37 121
60 105
258 59
315 84
23 161
122 40
216 90
300 62
293 73
80 32
96 254
12 249
288 190
289 221
16 68
212 205
238 252
121 2
28 260
231 99
312 228
221 154
131 214
168 292
29 266
287 335
245 332
12 323
253 197
47 279
39 218
31 131
52 248
267 166
48 228
189 62
51 219
69 219
297 48
282 41
37 337
23 338
242 225
122 212
224 284
279 262
72 74
93 227
299 259
195 200
321 76
329 217
2 288
243 119
83 295
302 267
191 56
99 319
329 267
289 16
212 250
166 333
67 292
321 310
309 20
24 229
233 207
215 216
245 274
230 68
111 67
134 93
315 291
222 187
147 193
32 305
240 226
242 237
294 325
211 20
290 173
265 219
66 147
233 70
199 146
112 260
123 164
59 7
72 133
198 70
251 5
38 75
198 21
298 288
82 39
76 237
1 263
211 91
172 65
206 124
114 308
50 338
100 58
147 241
31 77
186 292
175 56
259 95
75 253
214 126
4 291
204 129
49 127
18 228
332 48
259 63
212 220
7 148
136 208
101 254
31 165
145 256
298 156
47 161
223 35
59 89
88 39
139 104
8 138
71 202
4 89
47 213
200 19
99 172
221 6
270 312
96 6
105 180
248 128
310 41
103 263
318 263
122 130
11 97
206 63
66 146
301 240
17 340
276 328
12 177
298 172
146 41
210 26
38 226
91 160
284 307
75 59
112 236
314 156
286 324
98 243
114 156
340 39
204 125
226 277
266 271
222 305
92 79
319 207
282 33
203 306
117 218
53 121
110 35
31 258
333 38
67 321
316 162
208 174
178 246
201 339
206 260
61 129
148 208
103 189
203 334
335 237
205 152
273 233
253 90
279 130
337 35
258 184
238 176
325 275
225 174
237 280
27 205
210 131
57 274
204 319
22 63
167 253
169 155
238 238
278 46
298 115
116 72
237 334
284 97
39 138
49 43
223 3
163 273
56 78
51 238
288 255
54 161
144 91
277 116
309 231
191 232
334 282
6 327
278 172
112 2
35 107
153 1
195 253
187 116
297 91
191 31
132 236
41 218
200 38
22 73
206 184
19 287
183 214
169 255
86 286
153 326
55 186
320 85
230 42
337 137
258 202
98 84
304 207
319 221
295 227
294 224
40 84
148 297
138 320
202 89
307 66
110 29
319 214
112 282
163 60
198 315
178 162
10 43
177 283
239 43
286 223
255 271
241 275
164 201
168 209
23 219
311 15
18 219
161 315
261 285
124 208
33 120
133 194
17 97
155 10
219 285
227 307
237 7
256 307
24 71
189 217
103 334
85 166
276 220
217 165
261 289
287 176
81 95
206 213
87 51
146 67
186 228
272 253
31 286
250 109
1 188
118 282
257 12
314 265
76 58
254 79
136 81
223 334
128 96
190 37
224 154
192 282
285 211
148 282
91 81
196 256
323 47
339 127
202 169
333 256
26 114
56 294
209 133
3 167
179 287
315 200
324 221
252 60
28 266
54 84
145 291
226 223
112 65
96 51
27 82
145 11
217 94
224 308
2 213
80 316
49 82
230 313
47 205
11 266
175 212
56 245
301 273
287 232
141 137
275 203
266 187
141 241
276 232
332 64
248 298
325 237
218 128
171 218
52 133
143 64
152 157
215 110
159 231
286 224
86 126
1 285
43 152
291 298
121 216
299 284
299 318
224 31
21 332
26 79
127 27
29 172
266 61
117 163
155 5
324 141
42 70
282 143
128 280
191 190
181 222
300 171
158 40
92 104
111 35
228 309
326 101
251 100
1 198
70 79
21 280
108 104
87 323
183 220
179 262
262 291
222 306
138 340
15 161
16 54
162 302
199 199
303 273
117 292
172 154
47 215
158 295
299 259
27 24
339 314
128 322
221 27
121 285
204 207
296 263
151 236
107 144
37 138
270 251
103 203
110 6
43 90
171 52
332 270
141 243
272 230
174 47
125 268
166 272
232 178
108 244
110 212
181 325
71 322
286 340
189 13
186 275
337 90
321 106
3 38
54 99
278 32
211 149
80 291
66 198
277 312
232 113
149 50
138 137
70 94
96 22
277 277
117 265
35 257
229 286
170 188
64 147
143 175
177 287
83 6
323 43
307 6
173 147
97 195
119 82
304 107
242 232
200 270
21 331
291 84
195 117
281 108
59 127
60 21
10 323
232 8
237 203
67 227
242 34
176 98
220 297
273 281
182 188
90 46
326 259
154 288
62 272
155 105
31 162
93 301
132 91
13 94
228 294
232 152
239 337
158 150
265 229
310 22
124 244
290 151
141 266
18 40
162 316
206 333
150 4
333 30
332 288
32 67
177 293
255 114
207 82
306 192
307 26
27 158
258 21
308 51
290 338
231 322
227 239
26 71
273 287
326 62
253 311
334 93
52 74
49 158
49 86
229 288
135 294
169 140
340 289
166 142
197 61
269 230
224 115
92 183
167 208
5 174
46 10
151 307
12 20
10 320
116 20
200 324
338 224
340 155
82 231
115 106
14 309
11 131
324 308
271 331
226 164
204 3
271 122
228 330
154 319
328 188
36 209
39 25
138 262
241 334
331 311
284 300
266 53
221 328
317 299
156 80
290 41
140 337
250 131
293 42
89 155
140 30
313 194
279 177
311 187
167 171
5 54
206 194
100 338
135 109
223 269
53 1
191 256
67 77
327 89
337 145
128 296
162 239
290 85
155 12
54 153
219 311
21 145
119 291
148 25
259 128
335 238
234 278
336 279
230 41
45 150
243 88
150 79
252 6
34 128
176 104
308 102
285 181
234 268
274 229
128 100
131 11
210 54
46 115
83 70
19 127
264 243
119 151
235 294
315 232
95 14
148 325
259 175
162 194
218 43
72 195
111 106
133 240
81 116
105 311
35 93
248 112
280 67
200 324
142 28
71 210
75 3
269 49
301 31
336 11
10 148
296 225
89 214
126 295
169 336
284 93
88 63
259 326
143 313
26 47
333 336
248 284
3 110
64 190
270 286
106 221
104 224
195 241
270 44
224 288
115 41
141 34
70 268
45 93
139 196
103 28
177 82
163 276
339 112
251 30
94 215
9 140
339 46
316 143
293 197
304 270
185 278
183 148
5 285
160 158
105 16
254 131
317 52
150 216
16 316
280 107
213 94
178 62
5 274
337 142
334 325
316 183
1 212
172 72
10 99
10 302
10 220
181 333
117 277
62 335
277 67
322 255
271 128
194 59
265 205
21 11
43 272
58 123
39 3
72 69
329 169
84 32
133 305
135 20
41 63
79 134
285 82
64 303
239 166
25 126
85 106
296 276
59 83
260 70
244 47
122 263
291 86
46 338
107 37
275 125
69 264
190 28
290 268
276 49
112 78
19 195
322 26
55 292
310 252
332 40
98 227
151 30
233 232
242 197
261 153
335 244
207 196
120 253
179 264
312 176
262 99
206 258
71 64
221 80
96 103
307 232
2 162
96 124
71 145
166 265
139 45
307 123
57 312
17 325
189 282
334 16
12 242
320 161
143 43
203 242
70 100
123 65
334 212
323 134
254 286
67 263
212 100
87 81
7 8
161 19
57 5
296 293
288 292
246 233
189 212
4 300
276 172
151 43
100 322
177 13
295 181
58 167
247 307
163 48
74 286
169 145
250 303
137 4
138 120
138 72
88 225
336 267
302 131
338 237
59 54
186 58
303 80
334 173
148 303
46 104
131 253
167 319
248 115
238 200
95 150
111 252
157 206
142 229
164 164
260 252
266 159
314 3
144 149
299 153
277 48
140 279
297 2
272 7
246 187
46 207
191 82
339 238
66 323
303 52
37 175
41 97
72 36
233 334
155 50
265 122
14 176
221 254
210 312
146 110
304 119
222 101
29 21
123 64
338 289
19 119
103 319
233 147
303 186
24 255
180 70
288 321
126 265
103 271
228 65
136 60
289 161
101 25
320 193
240 193
261 54
264 191
107 182
272 25
181 330
54 75
25 281
256 218
293 206
186 58
280 202
83 262
130 312
4 232
309 262
227 132
197 238
9 46
239 296
5 133
57 57
204 12
93 122
274 272
150 242
298 168
40 19
186 311
24 231
45 232
201 244
192 216
207 237
183 192
122 258
21 299
79 102
144 310
309 327
30 19
227 157
294 150
11 192
334 302
22 130
235 243
74 80
150 234
270 289
211 331
93 98
43 6
236 156
276 271
240 302
251 9
264 337
221 70
240 294
270 145
144 186
283 39
322 173
125 147
118 308
302 287
15 45
124 335
284 279
287 235
178 216
330 121
91 287
336 164
120 320
332 95
308 91
28 194
278 70
64 23
154 228
160 68
220 306
66 166
288 207
199 114
112 242
2 187
51 52
266 197
277 332
257 305
292 179
340 39
238 165
324 82
129 170
322 221
318 202
42 136
116 45
331 107
255 95
300 11
103 305
16 35
148 238
22 297
174 64
259 126
199 152
208 306
91 82
213 212
182 247
28 100
255 108
155 80
295 230
221 333
280 91
94 34
46 219
153 220
312 220
263 107
184 263
166 159
128 280
206 265
123 99
318 74
157 14
22 184
307 327
9 212
236 232
309 172
21 282
127 241
128 24
14 249
194 214
256 120
51 35
4 165
11 319
82 232
140 147
122 16
308 293
4 74
82 217
273 326
173 129
93 128
242 186
22 300
270 17
138 281
239 321
332 37
253 140
160 167
99 189
49 101
57 250
261 20
251 169
266 73
165 138
261 106
122 241
152 271
115 171
89 118
272 26
249 234
90 38
108 166
338 140
202 216
232 337
65 210
45 243
10 173
108 47
269 294
311 267
8 106
167 236
225 126
85 330
245 287
88 66
14 45
67 65
250 205
148 171
110 117
235 203
284 121
77 248
159 223
84 339
57 46
264 258
160 293
289 124
271 68
331 339
279 246
247 141
289 147
245 157
213 81
2 6
9 186
308 45
211 295
97 79
312 327
232 124
69 71
295 255
260 30
107 176
248 96
184 229
220 116
178 201
98 338
174 121
197 331
94 299
67 151
25 238
53 282
77 214
33 327
290 236
338 214
47 317
241 163
164 5
224 256
71 215
162 33
312 43
168 74
134 227
45 334
181 37
297 291
160 132
291 148
251 85
100 144
331 270
167 174
89 99
130 333
317 182
223 90
122 301
105 34
247 307
85 77
253 238
320 308
247 290
324 86
110 42
239 216
84 37
95 233
182 152
257 207
102 297
202 307
2 250
98 275
37 194
329 96
183 301
328 304
176 151
254 239
188 143
168 139
119 63
96 88
301 33
290 69
112 332
186 338
63 106
134 225
77 252
44 191
254 168
178 284
269 247
321 319
233 320
275 231
39 332
103 282
28 99
163 317
112 124
300 282
190 138
76 249
130 318
161 126
249 139
249 118
205 219
31 243
42 44
225 58
228 331
324 260
308 24
37 172
111 174
311 51
135 88
199 333
326 79
230 334
163 73
88 232
100 251
212 196
229 222
81 149
281 33
109 112
305 248
90 199
75 28
163 119
175 311
162 312
83 237
151 314
194 101
292 193
200 37
195 307
70 77
101 163
222 247
304 55
198 246
61 238
82 62
259 266
158 138
149 138
55 116
231 53
17 326
187 102
54 164
246 103
139 84
270 100
200 309
322 2
41 127
93 117
173 38
97 100
264 133
132 88
84 39
101 40
164 246
192 313
99 48
96 322
79 187
104 184
92 156
84 121
47 17
27 125
221 107
128 84
128 6
123 326
260 269
280 12
233 37
13 152
299 20
303 30
17 170
163 282
157 76
46 336
146 73
340 197
119 277
284 191
103 112
69 59
107 217
98 107
137 165
153 185
235 154
240 70
312 131
172 310
202 274
118 272
80 7
73 31
305 311
260 99
208 110
275 173
38 30
14 3
245 129
312 49
243 40
191 304
46 62
299 53
283 331
129 51
336 334
21 227
142 144
266 296
59 48
84 104
94 66
175 267
288 257
270 201
301 223
340 53
245 60
100 206
279 62
334 320
181 274
260 285
314 195
226 15
61 59
110 219
45 203
339 77
320 30
120 15
48 119
80 139
21 16
71 259
334 99
160 116
201 177
277 155
325 323
335 140
130 83
242 34
257 39
181 263
243 45
308 322
214 81
183 15
175 258
248 238
228 151
328 333
281 98
33 316
67 314
157 314
224 269
324 254
83 27
8 188
255 125
155 198
135 294
154 67
115 114
216 293
134 328
93 72
39 22
10 13
7 104
173 100
258 222
248 268
265 189
285 313
230 7
23 297
309 266
49 23
202 37
133 73
274 216
30 52
170 309
248 274
215 108
137 36
276 219
273 201
211 320
110 2
188 152
340 198
196 128
60 322
117 110
308 324
64 334
72 212
113 253
147 31
274 103
165 26
103 216
196 150
129 136
289 105
219 254
230 47
173 300
69 334
305 338
129 321
4 37
206 295
95 73
305 130
116 321
306 261
188 232
22 290
237 52
150 228
42 130
92 39
132 330
167 317
161 77
292 180
61 24
212 146
65 157
244 212
157 113
118 121
122 209
331 74
222 331
295 48
302 334
136 241
4 315
136 293
99 164
20 19
66 265
250 223
58 207
115 149
9 310
318 66
236 175
214 56
105 304
141 63
48 291
323 40
19 4
126 184
69 76
270 260
310 151
167 191
98 170
212 328
211 162
125 5
113 267
128 292
230 108
289 54
63 114
54 249
49 184
212 222
240 277
246 269
121 223
43 336
172 15
80 302
251 35
221 69
163 95
289 283
251 1
338 222
251 149
37 119
296 79
227 153
63 329
188 45
178 159
215 119
15 198
70 77
126 290
279 44
324 162
236 168
112 152
170 85
222 281
274 160
107 257
125 213
49 264
82 31
193 252
125 189
315 62
152 59
125 240
332 209
272 159
148 96
288 329
234 243
13 202
68 166
260 27
110 225
295 108
219 86
200 218
147 78
56 238
263 218
35 13
179 274
86 106
269 8
103 45
100 213
151 275
333 207
130 302
84 298
167 33
120 103
171 6
187 199
242 185
210 133
280 315
35 200
173 73
212 277
68 84
191 191
61 76
101 70
64 289
185 334
294 118
24 214
298 210
215 30
219 224
8 164
299 4
331 1
310 165
76 226
166 24
13 141
184 242
211 196
323 168
276 91
127 223
68 102
230 137
211 202
51 100
75 239
25 37
77 180
131 57
162 153
135 139
204 36
116 216
14 55
296 168
123 233
19 245
315 255
114 333
12 64
186 220
22 21
210 16
58 180
198 195
90 33
316 108
199 335
213 283
18 125
271 318
274 147
319 180
225 306
273 219
131 255
8 2
173 122
156 211
131 142
252 146
82 78
333 286
299 8
266 289
190 296
146 160
106 104
307 306
176 298
134 269
114 202
202 26
141 226
262 7
230 183
50 111
157 179
255 241
74 298
12 302
50 131
60 310
293 94
4 276
81 271
42 120
264 299
294 256
327 64
209 40
138 211
199 4
339 110
164 320
255 59
182 234
65 315
50 197
225 162
48 103
334 61
189 284
306 115
89 287
245 328
63 252
178 278
139 53
50 64
250 90
104 123
122 340
338 136
284 307
28 124
161 50
268 95
283 302
298 87
281 196
277 9
303 179
158 82
104 277
129 113
332 138
153 252
122 57
43 331
116 131
262 293
56 326
137 101
53 287
285 41
217 225
240 52
20 119
304 76
115 57
24 23
67 299
190 13
99 313
223 178
284 293
286 25
184 22
275 274
225 81
310 307
58 230
17 195
247 114
68 116
247 290
237 157
170 337
167 247
84 245
44 151
127 308
261 45
267 333
73 79
301 216
69 31
101 176
129 326
265 146
115 50
200 25
39 263
337 188
170 205
278 23
294 318
284 315
284 306
134 202
153 148
197 113
252 296
233 262
340 273
146 238
31 277
165 133
153 282
86 61
141 267
133 81
30 302
116 125
124 90
194 196
319 145
63 128
257 84
316 293
309 48
327 304
273 98
153 4
13 85
191 23
335 145
189 238
70 265
104 190
18 196
247 199
6 327
55 40
279 277
291 328
56 68
177 242
290 107
253 266
137 199
288 179
157 221
209 249
189 150
176 261
31 151
136 37
321 18
306 336
307 167
184 243
164 11
135 246
251 304
331 7
225 260
212 120
290 252
64 96
20 263
30 102
221 132
10 236
5 3
118 313
137 21
310 296
10 88
80 182
9 231
279 205
312 235
243 253
266 65
231 145
276 257
83 2
278 78
195 120
109 275
279 45
120 245
294 147
114 55
102 236
218 261
150 174
46 308
259 191
150 178
209 61
238 259
175 127
59 43
64 247
231 269
243 310
329 308
221 60
29 50
203 210
318 121
315 57
46 168
51 47
224 176
57 130
38 168
169 300
163 123
230 5
155 221
227 250
281 195
6 46
41 29
37 121
205 243
22 331
171 168
14 339
125 205
7 149
223 33
175 296
330 58
220 13
30 325
111 139
139 226
243 127
90 130
104 60
149 52
208 284
188 191
20 284
83 338
105 330
206 73
149 60
51 144
134 92
136 163
236 104
256 238
306 92
90 231
155 140
311 333
237 303
150 247
32 300
4 227
110 337
89 331
298 154
327 154
95 139
207 90
68 200
130 8
150 268
56 70
303 12
159 335
73 35
10 170
236 279
291 230
265 185
323 247
221 216
197 132
305 164
46 44
253 56
203 16
240 306
203 243
126 180
25 9
146 151
240 137
10 68
292 49
311 199
5 335
215 20
124 253
291 277
304 62
261 4
82 246
92 330
301 214
141 246
278 295
223 107
193 88
99 287
241 187
51 133
212 328
127 45
180 8
130 76
196 180
22 257
215 335
117 215
182 252
193 66
318 160
24 242
238 135
335 169
108 5
141 30
76 268
126 244
140 80
283 237
286 251
305 187
141 14
334 286
30 43
205 78
299 221
44 177
88 115
68 296
324 40
237 7
254 183
88 126
328 332
263 212
312 22
67 89
292 119
251 239
22 255
102 89
30 22
35 211
88 104
278 277
326 71
30 4
56 55
177 300
164 318
150 211
263 312
313 187
42 252
209 226
19 334
269 60
244 128
130 48
313 132
39 122
196 337
269 272
72 104
81 46
113 244
277 212
298 26
216 318
252 297
96 56
51 50
147 63
204 57
325 245
325 99
69 244
291 57
336 164
86 6
305 77
212 112
89 271
34 293
125 154
170 310
271 12
206 15
28 61
335 99
231 44
32 282
193 282
227 269
163 292
257 2
23 221
4 220
153 216
129 319
321 154
335 208
289 234
316 318
323 278
267 158
50 337
2 39
30 159
120 24
297 244
199 18
101 261
120 291
262 268
136 201
251 207
220 132
153 116
141 98
102 126
292 35
152 324
58 51
227 69
250 18
206 271
143 309
60 174
252 105
291 248
80 243
169 287
22 277
295 179
339 217
102 100
248 195
329 143
219 79
60 69
194 111
136 36
58 56
25 335
155 17
253 257
193 253
320 162
14 332
134 245
105 96
179 185
298 307
314 312
185 92
111 207
48 27
240 116
34 92
152 21
208 70
63 252
226 230
102 90
216 25
201 271
140 315
179 58
218 49
300 175
234 165
287 76
259 80
253 312
260 313
112 62
35 302
251 328
304 206
133 3
123 48
131 97
179 335
215 128
310 189
241 318
186 151
280 88
125 22
323 70
94 91
304 185
6 338
283 313
335 149
300 42
244 270
81 194
156 64
130 187
28 209
37 186
267 285
76 172
199 26
250 290
309 230
146 285
288 213
247 217
204 149
312 304
273 156
294 81
16 108
244 251
269 79
260 215
331 211
270 277
204 111
81 20
205 169
300 280
311 304
17 267
188 85
143 248
33 211
14 109
113 238
31 257
48 223
35 64
98 10
315 60
111 227
232 219
86 98
249 78
289 229
57 98
61 101
337 235
213 291
69 197
97 238
23 122
212 309
340 312
271 115
178 129
37 138
5 58
53 237
253 91
160 262
192 300
45 216
12 336
328 131
295 277
37 131
93 212
320 132
29 22
242 323
80 220
294 159
277 125
61 217
312 231
278 196
105 189
89 111
50 112
300 193
274 301
151 248
323 263
215 281
48 120
28 94
161 83
117 169
299 240
260 107
244 40
129 340
340 59
40 301
204 324
28 166
14 309
244 272
158 83
199 187
19 27
204 46
236 184
151 297
99 163
278 257
172 27
165 208
164 251
160 121
294 80
321 82
97 265
199 157
226 182
221 248
294 76
11 51
137 251
308 170
220 15
58 274
14 112
71 23
14 171
329 322
173 218
283 55
123 225
72 154
225 261
110 60
206 333
164 109
216 262
133 39
61 330
115 210
57 119
34 162
232 260
221 340
95 145
90 235
258 179
322 35
65 315
32 20
192 108
219 160
275 124
31 122
303 303
74 293
74 240
27 206
115 313
220 283
256 52
284 53
221 14
12 287
275 88
297 73
307 98
37 34
217 208
277 228
166 273
261 69
181 137
216 171
92 149
258 200
31 93
188 50
110 338
282 183
285 148
68 299
100 67
221 110
322 69
176 201
170 229
193 33
247 268
307 311
223 60
88 262
76 150
49 50
187 129
116 93
292 42
72 74
143 10
164 239
321 93
80 150
71 80
285 176
52 248
323 42
191 29
208 143
279 128
240 312
160 89
278 122
112 13
154 219
277 223
105 31
211 164
281 25
50 12
302 37
238 194
79 151
10 334
334 178
40 151
221 86
292 19
157 65
54 261
79 306
314 290
312 161
106 117
166 130
200 36
255 11
203 141
48 142
75 295
267 126
67 294
215 274
68 323
14 253
240 188
299 270
174 107
182 303
90 275
209 136
101 35
110 187
127 75
266 169
26 334
104 140
182 295
196 165
273 231
255 172
262 70
103 230
74 58
274 291
181 207
107 108
189 209
295 216
184 21
252 320
284 126
333 333
199 163
93 337
201 23
166 133
83 6
246 196
116 166
85 209
252 178
83 335
290 319
191 213
287 227
221 2
85 339
69 122
288 13
202 14
211 144
324 1
104 286
318 248
301 264
32 75
279 265
146 268
328 217
159 152
245 52
265 165
340 118
48 168
242 197
116 105
273 270
198 134
295 215
336 67
298 205
71 57
96 286
43 283
76 330
330 9
67 114
259 102
331 79
153 40
170 257
192 303
104 87
6 59
9 306
24 177
233 281
296 144
308 206
86 320
162 336
194 271
186 93
182 187
34 259
102 239
321 9
249 70
150 336
220 260
257 333
37 328
228 258
54 240
288 242
168 231
277 250
183 176
106 244
322 210
316 85
301 227
310 142
335 204
248 309
293 302
253 307
111 252
184 13
235 13
70 126
258 84
196 104
203 152
173 138
278 292
208 304
166 326
247 185
295 45
286 335
310 324
246 105
325 286
305 108
319 115
249 72
192 9
178 296
308 87
326 110
51 108
182 153
182 117
99 299
205 136
189 293
29 119
60 203
18 93
204 218
21 51
175 89
38 81
91 190
310 293
10 182
89 245
266 294
268 213
204 240
88 259
233 278
338 69
179 312
214 171
198 324
134 154
277 163
142 97
297 211
210 81
326 43
184 283
324 313
152 161
13 317
317 4
309 163
69 178
338 95
76 89
90 26
80 114
87 131
300 141
77 236
104 19
179 142
110 258
235 142
199 180
56 31
23 57
313 153
331 324
52 73
222 285
334 205
68 329
165 257
254 47
144 214
135 14
236 272
288 324
177 313
55 67
87 331
36 45
280 38
40 319
202 294
248 266
37 47
104 217
210 23
318 31
167 177
268 109
312 147
204 192
277 111
20 247
100 213
179 162
109 256
169 4
336 167
10 304
314 16
85 42
289 227
319 211
306 226
301 115
259 248
152 186
158 232
221 173
183 75
138 200
323 40
178 285
157 193
303 97
300 65
207 1
306 170
38 20
120 121
244 36
197 44
247 146
117 214
293 16
167 110
118 3
247 215
269 169
274 141
203 52
286 163
113 15
183 97
220 73
158 135
90 167
4 305
90 299
175 157
296 18
96 11
174 291
81 165
120 125
194 181
310 134
184 52
259 199
224 120
128 255
226 208
12 23
85 298
246 151
155 171
80 189
43 173
207 281
321 309
76 338
148 239
305 68
85 231
101 205
289 182
178 108
166 285
111 185
79 138
318 129
277 237
82 276
258 137
332 275
140 17
325 254
201 59
269 150
227 125
256 5
50 247
114 84
218 337
93 164
62 290
4 292
155 326
133 272
20 40
7 211
259 243
87 278
69 191
308 44
235 131
213 100
220 224
216 257
295 323
142 105
116 80
223 280
118 309
87 274
44 313
74 141
82 102
8 270
289 151
256 153
116 108
93 272
264 335
29 175
178 291
106 53
268 269
189 243
13 220
71 114
76 274
258 288
24 110
313 124
240 176
283 108
313 168
165 225
226 21
151 102
119 94
203 40
74 253
184 119
151 151
234 194
334 78
71 46
307 30
111 297
4 291
89 312
316 204
253 237
316 57
11 285
217 287
337 221
299 185
245 283
185 233
98 6
217 62
38 179
158 334
123 67
249 137
264 28
280 310
175 15
274 277
295 12
294 34
190 180
162 3
60 140
47 125
74 84
159 221
199 88
280 37
101 271
88 51
312 282
305 128
265 297
123 52
215 34
302 158
52 69
144 72
208 298
265 105
24 85
10 17
44 5
46 247
137 193
260 322
324 280
331 206
99 299
74 335
303 333
250 272
323 221
231 252
321 92
271 159
66 232
238 281
89 227
243 289
294 284
311 23
62 279
134 88
283 187
109 275
51 111
278 81
216 178
191 3
280 113
265 306
178 234
166 338
190 229
325 208
320 74
131 128
240 232
141 44
314 93
255 210
308 65
267 140
176 212
328 196
195 326
277 123
126 72
53 160
100 147
63 302
161 136
316 1
19 44
34 147
92 219
243 121
60 255
186 14
113 83
121 83
195 310
38 43
184 281
297 177
232 178
252 183
194 214
134 60
305 159
160 58
41 177
163 222
210 17
242 115
14 19
150 125
228 182
84 281
62 295
29 139
35 294
309 111
252 28
167 58
278 31
254 29
286 6
92 93
140 294
140 135
290 257
61 148
206 30
39 312
199 125
253 248
267 22
43 143
271 19
147 5
266 15
65 213
235 329
205 198
121 331
72 114
153 215
109 134
110 47
206 332
106 232
209 202
199 225
310 289
92 107
106 304
112 220
259 235
30 157
263 206
9 241
29 5
147 56
217 129
164 94
268 87
89 79
72 340
68 320
197 196
227 104
51 105
37 14
79 120
232 120
66 201
230 70
272 281
173 186
137 337
317 191
17 6
130 230
154 130
314 123
252 323
253 330
295 4
236 17
315 19
247 181
25 225
292 218
282 229
288 145
65 70
133 237
70 271
48 333
141 77
193 150
303 248
95 178
150 65
337 159
63 115
67 40
94 204
63 262
96 50
106 294
31 98
224 40
181 284
301 308
78 176
336 208
56 9
175 49
156 256
183 45
329 68
277 10
175 307
175 236
100 54
309 142
63 83
69 319
207 95
267 57
178 232
301 19
67 281
75 45
8 69
268 305
157 71
198 74
231 190
20 125
335 296
248 240
278 129
194 153
172 262
215 284
20 207
111 213
156 323
243 49
236 183
156 83
106 188
193 181
317 298
260 233
149 206
262 133
131 139
125 176
287 205
135 40
286 250
264 221
109 176
224 79
7 216
282 311
136 182
47 251
299 265
152 178
8 99
234 72
4 319
207 160
117 164
40 132
7 259
73 339
75 232
72 324
196 326
189 265
19 210
146 237
326 321
48 226
154 37
254 203
252 312
130 282
80 174
186 338
41 301
300 95
317 82
106 40
17 140
196 70
36 107
199 235
340 88
195 300
131 100
162 209
284 211
210 322
201 146
190 303
6 333
65 338
76 101
294 244
7 41
67 291
216 84
77 268
23 50
82 52
38 316
311 269
331 130
59 126
273 151
226 112
22 265
272 257
110 165
18 218
203 216
170 282
229 163
135 4
192 311
264 267
74 102
27 192
192 222
121 323
82 286
184 39
113 288
118 202
206 97
221 302
149 9
76 184
163 63
119 249
123 5
260 42
217 64
1 181
99 321
198 107
132 44
205 98
231 257
162 85
191 109
184 134
318 214
142 193
83 227
56 159
265 276
181 4
65 312
337 270
163 257
236 305
43 72
196 50
114 173
328 224
71 35
332 211
12 112
69 69
296 230
122 105
129 99
229 141
43 30
231 333
120 258
95 281
46 186
192 59
136 264
75 206
177 169
204 53
316 327
30 288
272 58
155 55
98 70
185 16
290 45
309 332
65 330
186 116
43 86
199 52
333 83
215 264
87 303
292 171
271 239
5 186
238 297
126 33
4 95
171 273
196 203
35 67
30 92
165 120
114 86
103 229
140 11
135 284
24 279
263 151
123 217
20 33
293 230
80 280
241 239
125 40
160 317
210 245
260 75
98 255
183 98
64 10
175 71
331 183
304 281
54 221
242 181
180 322
231 80
53 254
173 86
201 190
62 54
35 108
25 144
264 93
223 299
203 66
106 210
242 9
154 86
185 278
247 19
154 119
51 241
338 335
131 77
174 159
333 38
315 37
288 125
61 192
133 9
1 189
152 337
88 150
50 81
103 83
223 295
292 165
207 270
200 215
131 298
19 186
138 309
149 298
194 221
30 273
68 288
279 288
142 193
3 41
190 208
91 84
45 302
229 150
295 19
260 157
188 50
235 238
72 251
209 163
222 43
334 59
246 170
217 314
2 173
187 304
110 248
153 159
135 327
331 117
306 215
127 163
144 110
63 86
227 56
155 75
143 106
101 81
171 59
187 15
44 17
165 317
166 37
81 10
21 123
33 19
196 2
207 248
38 112
272 56
80 268
122 195
219 1
309 25
18 134
232 338
4 16
49 68
116 57
165 60
252 264
339 213
340 10
217 165
280 2
244 19
7 71
335 330
143 249
47 14
166 205
102 221
206 338
118 107
45 128
289 200
246 23
240 165
186 104
2 31
67 300
281 102
131 139
69 178
108 143
55 174
167 231
339 227
299 117
328 214
22 253
226 143
232 193
240 203
230 63
300 37
232 95
299 174
89 188
151 155
52 121
113 317
167 197
192 151
191 32
282 51
275 247
84 199
254 133
120 50
64 259
4 78
239 63
206 116
228 126
327 159
98 242
295 322
21 288
210 62
252 165
270 55
245 235
130 320
1 111
141 27
268 331
149 105
99 192
340 74
9 152
322 334
330 140
247 157
32 335
136 337
312 292
133 266
326 336
196 100
266 273
129 55
151 133
6 200
169 298
326 67
326 253
68 88
60 170
48 116
109 251
158 339
174 126
36 277
20 79
328 153
35 162
126 162
198 222
94 282
260 109
231 322
246 239
288 244
138 70
172 11
271 102
102 139
329 165
170 250
322 250
180 263
185 81
176 108
266 60
199 241
300 3
63 319
294 195
2 161
236 248
287 28
282 146
34 232
179 215
105 220
46 315
144 277
200 264
203 107
263 322
268 202
232 13
247 77
128 325
233 323
10 75
174 145
260 212
74 84
29 114
175 36
305 138
214 327
329 73
156 256
231 184
106 105
274 203
278 327
191 226
13 296
16 215
49 128
215 214
128 128
2 14
123 264
334 173
198 49
294 330
322 5
13 41
22 39
217 94
70 319
332 277
256 97
302 99
188 25
20 192
36 83
164 138
220 142
91 105
29 199
92 92
106 338
123 79
275 287
146 122
52 315
78 156
21 332
53 252
309 109
301 315
320 19
80 248
66 297
171 131
51 169
106 98
254 113
267 6
76 336
145 121
86 313
221 317
213 1
48 309
236 148
110 50
10 13
273 196
302 16
193 151
132 180
27 17
130 83
259 297
310 34
167 93
65 83
263 9
186 91
162 179
272 212
183 24
215 24
277 11
274 129
127 19
276 123
4 8
163 224
8 146
192 5
230 289
312 100
299 328
60 103
193 262
139 2
255 15
289 293
303 248
91 338
333 266
271 180
168 269
111 135
12 195
197 73
118 65
288 54
82 255
190 189
322 202
332 29
336 215
289 45
189 255
310 330
295 42
63 303
109 121
114 129
91 1
212 142
95 37
105 166
108 93
333 126
137 264
228 43
45 288
11 336
95 17
330 273
281 196
218 190
318 134
275 235
70 116
52 207
197 310
73 21
85 112
167 105
17 200
105 27
240 49
110 74
80 33
234 223
59 86
62 262
244 119
77 147
30 99
306 66
264 229
198 270
253 126
255 283
174 129
222 113
302 64
170 292
130 94
96 195
301 300
207 282
199 34
219 306
100 59
260 28
340 232
327 206
182 258
172 16
105 106
75 227
193 210
11 47
122 1
178 34
241 16
330 332
131 165
133 259
277 110
80 2
260 81
31 23
211 90
166 331
285 265
216 187
315 30
304 239
274 244
106 124
137 105
306 72
151 212
314 53
149 104
250 209
236 99
296 246
74 216
60 176
288 127
295 321
173 235
41 117
26 38
146 7
330 128
88 180
170 159
257 35
21 193
227 298
119 191
37 207
117 209
229 283
129 75
254 167
325 10
261 145
336 76
252 315
113 157
28 124
160 142
48 36
248 250
127 58
160 135
79 284
41 179
129 77
76 221
193 42
22 169
9 322
299 232
302 67
1 184
264 72
109 16
55 117
151 221
199 150
256 252
220 312
272 60
170 322
209 180
248 202
5 180
83 34
16 202
148 41
40 330
271 305
150 7
232 83
281 258
277 267
205 119
323 319
233 46
154 102
258 4
86 142
291 331
101 169
284 235
175 226
71 261
164 340
283 296
26 9
216 175
302 333
85 53
131 223
98 218
121 154
148 237
298 47
278 171
62 187
120 294
113 127
12 329
71 258
312 112
291 77
106 213
196 326
147 155
267 30
125 199
38 243
104 94
168 16
258 133
117 333
235 4
77 176
291 15
227 56
88 52
238 225
195 11
119 209
89 284
111 110
33 13
132 215
149 230
203 75
243 142
264 340
31 30
48 123
258 167
303 86
244 232
252 171
203 33
83 250
180 229
188 202
48 115
248 340
308 133
254 290
36 58
187 264
318 9
100 304
147 138
241 100
86 301
12 231
117 42
104 293
324 262
312 206
75 158
261 256
258 336
311 82
240 158
97 91
181 255
202 287
187 23
327 232
42 13
224 22
58 145
319 109
314 208
37 190
140 131
219 290
57 97
86 242
189 51
203 257
173 39
172 206
32 179
51 268
171 247
186 226
328 41
237 314
292 98
234 191
122 257
181 219
177 278
291 153
96 108
93 164
127 185
318 211
304 96
319 43
308 326
274 277
209 211
158 190
50 305
277 27
184 36
85 152
66 178
18 173
43 127
79 60
96 243
61 121
171 212
264 331
279 172
220 55
32 133
267 334
86 144
36 190
90 272
317 213
149 210
97 205
229 8
322 301
24 255
130 282
271 298
336 263
199 84
324 67
286 75
248 253
286 287
298 230
270 197
338 65
217 109
88 315
160 204
107 219
238 306
101 72
68 327
241 48
159 296
144 75
207 256
198 93
160 188
90 119
28 188
110 140
71 185
107 308
122 95
125 106
63 41
30 31
267 305
208 302
8 76
103 167
95 260
161 167
287 60
237 29
164 120
86 102
118 92
158 336
314 64
207 202
32 311
193 148
125 266
186 219
261 158
60 216
274 273
249 68
340 34
300 287
143 61
111 307
135 42
82 221
245 222
21 331
222 125
77 62
234 165
198 246
302 269
119 162
214 26
252 238
247 230
33 30
199 1
130 38
267 1
143 93
74 189
103 308
123 135
179 292
317 131
274 201
254 140
20 34
70 320
185 192
31 303
105 159
92 224
21 320
212 133
34 1
49 278
274 134
200 271
330 217
55 10
140 234
132 44
146 111
227 36
194 301
231 175
277 263
218 314
21 73
228 230
67 2
35 161
148 67
271 249
2 287
75 177
83 295
104 71
68 196
313 14
138 73
295 96
157 28
340 265
297 282
184 115
1 277
298 118
316 329
223 8
17 193
175 298
131 277
272 114
248 54
33 75
331 146
312 91
207 89
83 288
312 306
27 311
53 88
148 279
236 50
279 339
182 179
322 120
108 28
141 126
239 13
320 224
230 137
241 294
221 76
105 41
63 339
64 294
119 305
234 54
303 238
141 107
49 277
218 134
3 311
329 131
149 140
12 228
103 229
223 264
34 81
340 242
255 329
107 45
97 328
187 6
267 338
205 99
115 153
143 114
15 314
156 258
102 241
49 55
36 261
182 190
337 176
224 256
190 283
155 123
187 101
303 265
336 15
251 329
79 222
242 117
82 194
118 205
320 60
108 266
102 22
172 107
218 61
307 302
293 53
170 197
267 199
332 100
137 27
206 286
179 133
221 154
82 295
12 177
198 264
138 284
307 340
121 112
21 75
88 177
51 270
301 195
113 186
103 223
311 270
49 119
77 199
306 137
56 272
62 198
159 131
131 316
140 132
262 17
14 77
298 65
123 295
166 258
217 330
302 59
27 157
37 320
2 301
108 218
286 26
231 213
286 69
152 283
37 142
130 55
162 313
107 59
177 91
217 223
212 158
154 312
102 280
325 173
245 24
12 255
239 242
169 320
310 15
303 322
278 332
87 287
239 66
66 89
50 54
194 130
290 215
208 95
163 319
207 293
306 269
69 117
287 189
46 222
217 63
247 126
89 298
88 93
117 309
239 246
105 97
280 267
190 90
13 217
257 24
192 23
182 301
338 248
239 200
237 154
190 144
217 271
229 301
36 6
325 198
157 160
169 224
323 182
182 57
290 197
102 150
211 125
323 34
322 105
173 164
316 13
300 234
215 162
51 328
129 82
219 82
55 204
235 29
208 113
298 279
72 85
257 267
205 255
236 53
68 331
186 71
6 28
8 124
333 88
9 77
155 275
47 83
215 220
242 182
188 240
277 249
96 70
64 280
233 166
116 42
154 300
123 76
131 209
111 107
324 59
93 260
25 93
309 255
125 169
96 39
39 118
95 308
29 64
20 247
294 340
199 33
315 200
323 270
96 136
321 226
111 172
74 8
114 110
134 166
51 201
234 262
131 249
165 97
211 105
247 234
283 316
11 173
2 211
102 45
240 271
73 277
240 64
74 319
192 265
60 1
11 233
21 244
175 83
247 11
82 300
166 80
119 319
113 118
200 67
139 17
24 257
55 318
300 49
94 17
332 252
12 165
48 164
59 23
195 216
241 294
246 147
64 94
51 54
282 84
12 277
136 63
1 254
103 198
36 193
238 113
300 106
51 101
159 34
278 14
327 55
58 106
316 310
241 8
260 183
26 166
125 27
178 314
182 94
133 300
79 243
175 54
238 102
171 299
76 307
147 136
246 173
338 135
339 84
327 23
249 207
300 95
32 16
333 40
156 229
91 6
213 161
271 192
202 98
121 183
258 35
21 229
338 249
213 75
299 273
66 202
30 40
78 234
89 202
57 324
275 104
60 99
33 263
288 216
282 71
198 123
217 202
36 248
3 169
16 171
40 203
301 177
155 63
114 76
216 182
38 87
264 304
120 184
135 1
258 158
48 111
113 247
202 209
118 77
262 137
330 27
67 250
65 44
295 248
160 224
210 236
281 213
106 242
7 68
310 135
47 236
241 284
259 220
323 288
3 144
52 113
274 328
245 158
16 143
15 276
243 319
107 295
101 43
187 292
171 93
7 276
194 282
251 295
200 198
235 294
93 148
287 51
161 61
319 197
107 338
114 1
225 61
294 179
6 39
184 333
94 239
142 301
195 108
172 12
64 13
73 119
10 49
127 283
255 299
311 125
6 136
276 33
196 42
123 333
146 250
161 63
49 245
193 248
216 302
216 275
64 13
50 128
115 320
31 129
274 194
273 198
106 235
169 271
154 37
184 1
340 196
44 147
306 68
136 158
284 236
247 165
101 6
35 296
71 203
2 161
233 167
16 267
324 314
163 247
134 33
184 114
284 329
229 131
278 80
63 86
186 319
175 176
137 189
271 218
81 115
98 242
34 260
320 316
157 282
239 177
82 204
175 52
112 60
128 252
279 294
325 235
140 39
247 174
149 51
311 75
37 86
189 198
55 42
264 256
259 281
259 207
253 47
281 7
28 167
14 135
75 61
178 329
1 265
36 129
307 46
253 301
258 52
73 217
101 143
87 10
94 287
2 265
122 282
126 7
281 98
39 128
90 16
225 200
320 306
4 194
76 329
94 212
10 95
5 249
249 231
323 289
237 313
206 149
258 129
317 193
37 214
188 136
230 306
258 252
41 194
135 244
284 44
273 305
111 315
81 163
143 240
214 61
236 171
61 314
340 94
203 211
99 44
279 290
294 328
252 300
305 238
282 147
160 230
41 291
37 218
54 130
201 278
90 221
326 226
158 224
148 109
114 18
106 199
146 66
233 339
241 185
118 144
68 107
3 102
94 187
58 114
338 273
140 40
18 310
323 175
183 126
210 106
133 196
133 63
71 145
83 88
245 285
157 203
121 41
23 158
145 255
316 233
138 18
303 15
9 275
205 185
220 195
131 129
59 104
143 318
217 48
288 69
128 323
265 44
288 19
192 142
304 245
297 98
256 272
106 273
64 240
35 16
321 237
67 218
283 6
330 194
293 296
176 172
253 329
121 102
174 67
55 66
219 107
77 217
128 330
311 53
297 21
322 115
337 59
9 66
26 258
76 299
9 302
37 269
328 109
256 81
107 283
261 337
161 170
68 25
62 259
272 15
203 69
225 148
18 304
239 72
71 137
259 281
266 252
82 34
99 150
133 181
78 213
218 22
211 323
262 237
32 185
228 208
259 81
281 81
294 204
197 255
247 298
134 78
101 330
241 173
272 218
81 252
212 292
238 70
123 197
271 36
272 282
31 309
254 69
245 313
62 195
216 148
70 69
182 257
292 312
291 74
20 55
191 167
19 56
100 42
339 204
274 134
231 261
87 241
141 18
272 85
307 151
23 86
83 258
161 159
44 334
50 255
133 139
93 269
246 310
340 189
130 238
338 91
240 75
69 224
91 334
130 114
94 151
223 237
41 248
273 235
186 261
320 276
140 35
217 238
192 252
48 8
321 188
140 15
106 4
213 233
275 334
175 22
71 287
238 221
15 9
337 78
135 309
66 281
27 190
115 322
96 120
67 221
277 199
101 278
274 200
18 162
265 185
102 270
73 235
124 101
147 100
250 335
110 228
233 166
196 339
333 26
318 150
211 291
223 303
284 261
330 95
119 94
337 179
6 286
139 317
145 189
27 228
325 186
57 280
36 62
290 290
298 167
210 24
151 1
121 220
54 2
22 146
124 24
50 126
234 55
53 49
4 198
318 52
135 7
290 250
45 129
241 27
59 18
97 262
262 141
47 199
281 271
107 207
320 142
196 340
199 267
311 321
300 336
134 70
64 326
316 319
264 214
274 249
104 150
36 275
34 49
216 16
14 91
154 219
89 222
14 233
72 107
240 16
304 183
47 288
26 320
79 122
222 234
248 106
73 192
313 140
150 225
188 119
96 289
166 220
335 179
323 135
286 65
116 116
120 87
314 155
284 315
146 118
128 228
240 297
131 226
11 17
88 260
229 321
24 211
275 68
312 113
149 3
251 120
201 258
261 45
241 184
90 132
215 57
322 245
19 123
338 183
106 298
163 124
137 211
304 307
124 36
152 277
45 72
281 160
40 199
213 42
262 233
3 226
183 333
138 332
3 329
263 132
44 217
30 283
197 54
119 175
229 332
22 81
295 190
105 113
37 14
283 12
72 207
270 108
203 85
327 197
228 148
127 159
274 161
303 127
160 287
275 208
223 221
57 212
152 336
195 67
116 115
133 330
253 157
176 150
226 23
177 198
298 202
256 209
136 257
18 139
254 270
240 254
268 234
96 130
156 282
122 31
181 47
309 248
221 101
222 126
88 284
154 109
71 111
252 24
296 161
288 82
297 55
320 70
213 326
112 262
258 6
296 315
259 55
11 113
3 316
119 49
1 96
17 34
249 29
108 152
64 43
177 201
2 36
204 234
103 153
14 146
226 35
309 76
266 269
68 141
14 8
212 274
326 262
307 298
317 116
250 206
269 230
319 119
310 62
137 216
176 150
71 314
298 35
314 230
176 173
83 45
122 237
123 246
221 53
220 47
183 92
310 318
285 258
41 118
128 273
81 289
59 62
73 116
163 164
102 264
7 11
