340
4624
55 9
11 78
181 261
29 287
196 129
228 239
102 65
125 65
83 79
103 249
4 204
155 45
122 183
205 214
140 206
51 300
58 168
230 117
134 85
157 204
4 330
91 107
142 156
127 31
21 273
146 274
89 72
88 301
304 70
68 93
232 66
160 168
192 216
167 162
289 170
84 275
53 295
142 246
202 241
101 291
201 37
247 259
280 288
19 211
26 129
320 27
55 256
101 125
180 307
255 140
37 213
283 104
106 111
101 270
56 16
80 171
290 113
231 185
223 105
224 70
156 166
76 146
272 187
124 203
199 327
93 69
277 308
257 103
265 36
93 50
275 230
166 140
260 144
13 306
12 151
78 216
334 205
284 245
255 18
15 282
152 232
303 322
184 40
94 286
153 292
127 133
19 309
254 191
90 130
168 91
284 333
67 156
339 35
19 74
266 45
181 216
320 339
308 276
64 97
223 130
245 244
292 155
294 222
304 195
306 328
67 287
251 267
211 181
70 200
84 275
205 310
321 134
105 287
330 297
45 108
138 182
68 337
271 9
152 211
41 285
315 6
57 297
261 78
199 51
123 269
140 23
182 44
217 147
89 191
106 203
31 105
165 79
272 49
253 16
74 309
331 232
62 52
156 82
272 181
83 214
29 73
80 106
317 112
71 126
250 251
120 88
195 28
216 227
155 204
241 68
156 250
153 194
181 203
217 143
42 316
203 140
161 200
193 57
139 139
139 144
49 332
242 96
284 20
104 306
92 215
335 253
160 334
189 17
181 150
230 65
86 84
287 174
90 198
8 239
177 299
228 273
29 217
31 232
128 271
300 155
222 18
124 322
195 335
184 325
95 132
170 124
230 29
139 266
219 12
188 63
30 331
75 134
254 131
248 110
170 173
17 5
1 98
303 263
143 173
275 201
241 254
286 215
186 85
173 105
127 141
36 149
288 154
266 113
324 312
265 248
208 19
276 49
53 73
102 105
306 50
296 45
212 313
58 125
107 51
74 57
130 251
215 176
89 280
217 335
309 120
12 333
188 61
122 332
286 288
318 234
197 66
71 107
231 200
163 265
130 25
195 196
205 325
283 76
225 36
333 258
57 282
137 97
195 303
23 161
15 4
234 33
308 265
84 46
230 85
249 186
193 256
22 166
8 321
257 285
58 180
202 51
186 217
226 232
48 259
63 182
309 107
213 192
66 229
310 202
52 315
239 41
283 16
210 229
176 210
213 225
109 290
312 108
213 120
57 70
235 49
131 187
333 240
322 148
116 12
111 241
115 49
66 334
71 86
231 50
55 310
147 8
30 273
119 190
306 329
225 186
61 48
172 107
241 320
306 213
18 321
291 332
186 210
92 81
167 177
229 218
317 80
144 337
154 216
301 273
72 23
54 230
12 40
57 268
179 337
153 160
220 126
156 315
137 301
31 199
298 193
309 185
41 88
58 37
77 150
295 5
296 45
329 240
326 252
48 142
96 47
127 194
295 269
306 302
339 327
142 9
153 85
218 160
156 333
325 27
65 280
75 81
112 75
271 70
115 275
73 130
226 175
270 285
231 160
125 321
85 192
281 50
272 96
40 324
28 317
188 300
279 180
249 180
270 233
51 87
233 231
290 74
320 121
219 132
26 181
287 29
218 93
304 107
26 139
336 67
97 301
130 171
332 87
203 56
212 249
328 1
86 28
150 173
58 340
135 33
316 219
136 23
61 274
227 227
97 175
46 125
226 302
144 107
324 178
205 318
62 131
132 35
149 295
204 28
188 328
31 93
263 291
95 81
140 180
30 121
193 305
238 112
228 146
164 33
26 325
164 307
258 162
97 235
273 66
219 242
18 64
292 169
54 247
299 241
29 168
221 23
223 83
252 312
84 258
235 39
312 35
224 56
98 113
118 275
304 12
198 43
231 220
185 195
99 100
324 36
298 277
50 315
325 322
317 83
273 10
44 116
35 9
120 321
187 293
18 323
24 141
94 330
49 94
329 272
12 109
294 91
303 5
191 259
335 323
63 182
54 98
217 197
295 176
167 22
57 158
91 65
75 104
222 105
219 329
265 141
152 264
338 72
61 125
249 217
249 294
128 35
78 46
93 204
151 141
68 52
232 234
27 85
173 262
296 281
104 67
174 41
171 20
232 125
320 189
319 233
337 152
49 200
257 339
82 96
40 72
236 238
205 332
161 29
233 159
230 76
303 286
44 109
37 184
220 83
85 228
283 115
223 322
58 321
321 197
235 181
69 44
203 186
87 6
98 276
77 182
238 140
189 106
301 48
246 316
261 205
318 243
230 288
118 295
11 110
319 240
105 30
179 54
306 89
94 294
204 112
197 52
221 113
293 51
97 296
44 301
21 213
35 170
76 288
225 87
157 28
109 153
88 286
23 41
300 62
275 26
340 96
160 321
295 103
248 83
256 88
157 110
227 42
301 67
171 124
10 153
52 143
115 118
138 226
120 101
215 19
170 231
262 85
210 43
89 107
133 39
332 246
198 163
311 192
227 261
310 133
223 75
144 35
154 176
321 92
176 55
75 64
220 194
151 209
187 32
274 103
292 76
238 134
83 339
283 66
143 68
319 326
297 140
305 263
8 94
247 84
136 79
37 311
307 205
290 20
224 50
113 319
14 150
55 221
112 69
184 230
212 100
94 181
340 272
296 58
309 95
128 281
11 82
305 289
263 183
224 334
116 257
130 68
279 171
131 142
317 159
268 10
45 45
168 9
197 239
63 128
269 281
258 300
244 298
253 27
335 92
5 223
106 73
113 26
137 178
222 170
248 147
91 87
146 190
110 243
152 42
7 334
182 167
191 101
77 8
152 157
121 262
266 99
297 85
201 287
181 53
6 278
57 39
306 287
330 280
250 32
42 81
178 167
96 48
252 60
128 312
107 298
243 291
13 201
5 117
64 336
146 188
88 153
45 268
201 257
26 97
87 329
154 54
37 325
42 36
302 316
273 298
105 195
258 298
192 198
36 6
186 201
240 61
271 194
159 297
227 273
86 241
307 56
190 79
337 4
48 163
73 340
241 4
10 271
229 305
72 326
8 245
325 258
5 281
301 62
259 290
31 150
169 204
34 177
69 14
53 53
69 241
102 139
11 336
95 150
307 256
12 320
91 2
257 309
24 3
180 239
282 275
139 211
151 145
68 279
159 186
118 5
29 62
274 32
286 40
136 35
8 196
279 299
76 66
267 67
12 223
55 280
204 269
62 12
89 5
192 300
27 16
83 323
323 229
94 80
146 228
170 279
91 98
306 125
289 237
192 192
14 122
327 243
133 77
84 285
131 90
231 300
280 174
207 268
210 204
300 243
322 104
213 174
242 93
207 89
165 339
88 170
302 155
1 170
179 204
136 327
188 210
164 26
97 154
159 153
246 116
226 33
58 148
173 220
332 174
15 318
16 61
140 259
246 175
193 145
50 121
251 202
136 311
220 2
48 144
118 266
126 11
155 296
333 275
199 177
93 281
110 257
106 312
334 266
299 189
35 255
310 282
5 246
263 139
121 59
163 64
168 317
227 168
240 76
91 217
155 99
92 304
150 194
217 250
163 292
28 41
3 293
173 21
334 101
153 196
281 98
31 62
84 193
152 99
103 14
299 92
160 80
256 267
3 133
190 320
68 248
18 126
340 209
259 195
280 303
4 128
240 119
214 176
160 241
311 163
126 232
40 240
299 209
246 296
143 164
180 112
121 297
160 296
97 310
177 219
81 202
47 107
215 51
125 146
168 130
269 105
99 85
252 41
252 326
132 176
181 34
84 49
327 336
321 334
182 196
270 137
284 173
145 128
120 132
242 194
202 69
115 112
237 46
69 90
137 335
331 277
68 254
104 183
133 60
225 178
104 99
283 153
340 86
117 138
207 57
233 315
201 175
303 143
232 286
256 181
135 72
102 194
113 49
275 302
267 57
157 20
226 330
242 68
315 299
279 320
300 212
51 67
117 153
183 297
168 8
91 148
170 277
6 336
178 31
205 261
326 154
131 125
155 100
198 49
31 321
216 276
136 141
226 19
37 62
46 67
31 76
7 33
94 311
2 110
318 48
115 23
233 176
129 109
207 312
161 43
260 340
147 156
147 49
5 145
77 11
258 152
128 253
84 21
72 155
153 267
337 231
50 258
132 338
83 238
255 33
243 311
102 306
279 11
230 257
193 99
286 184
337 270
62 182
209 183
140 169
326 264
5 77
52 196
101 193
70 186
240 9
106 63
139 191
298 152
309 105
144 134
250 235
332 140
335 238
120 198
329 300
307 21
297 5
16 49
229 320
47 72
118 73
276 153
141 101
233 84
92 151
112 92
324 189
126 317
77 155
295 92
170 300
257 42
245 138
81 232
63 228
283 98
154 265
119 241
178 58
238 99
260 325
309 292
88 200
246 161
201 140
22 167
145 118
97 14
248 299
221 171
281 78
271 133
332 269
18 251
68 95
250 292
143 74
11 126
272 250
256 288
332 102
68 25
202 86
287 238
309 243
99 204
290 258
102 201
303 29
76 168
10 274
238 240
181 89
308 7
162 271
228 190
191 40
218 312
17 338
147 66
293 240
7 324
140 42
128 269
210 98
175 121
277 271
231 336
183 310
281 37
247 159
329 267
260 67
273 104
58 32
24 131
285 100
85 116
38 43
176 207
43 131
300 48
233 338
31 199
70 301
313 297
296 118
204 165
305 316
88 244
59 66
227 307
279 330
280 327
110 294
102 239
226 283
314 229
337 142
258 65
120 61
1 54
202 25
277 213
222 135
182 88
283 104
189 99
114 91
172 175
223 171
231 9
32 63
31 194
158 292
187 337
35 260
189 257
67 330
41 52
34 327
276 300
274 20
132 155
269 130
140 248
103 20
283 239
195 30
165 139
302 282
311 3
138 222
142 118
51 242
59 329
45 272
118 270
119 34
339 39
98 146
55 306
68 335
335 99
226 100
55 22
221 215
89 150
114 109
277 247
312 278
185 101
307 269
247 31
280 63
31 164
222 244
144 292
50 34
77 130
198 300
25 121
142 131
9 1
131 239
62 56
220 56
108 278
150 287
211 249
43 327
236 19
97 257
49 336
235 188
203 27
16 68
270 166
23 152
198 312
334 191
212 122
271 207
248 306
291 36
264 210
215 274
336 180
156 304
80 188
305 39
319 261
191 318
330 283
184 122
80 93
221 46
324 94
94 171
49 256
133 176
209 258
308 210
292 336
186 104
235 216
46 300
140 26
60 323
72 237
316 224
183 308
213 109
114 37
92 241
240 305
173 187
287 213
17 308
181 72
296 140
307 187
205 70
241 12
102 3
98 319
286 32
154 82
242 189
102 213
307 265
92 197
284 174
337 103
18 263
103 9
63 242
188 31
225 268
276 246
207 288
91 142
180 111
240 34
14 172
73 217
35 33
322 46
143 37
155 6
250 227
337 295
16 52
13 277
50 178
131 250
98 198
129 224
307 229
324 17
132 234
115 216
44 46
214 233
7 24
146 81
246 47
41 55
69 118
110 285
56 299
232 114
7 40
302 108
60 152
324 122
289 162
194 77
210 214
118 159
210 205
252 231
266 163
54 132
276 204
197 312
69 218
203 318
125 12
224 265
58 14
55 195
322 116
138 305
322 36
158 247
316 186
324 108
101 185
301 102
93 241
215 8
172 224
53 31
97 99
78 66
152 188
266 281
141 84
297 137
163 135
73 227
332 239
139 238
222 68
15 244
102 223
190 13
228 150
277 193
165 144
259 202
106 23
121 17
260 12
299 27
243 290
231 135
64 97
171 260
290 233
285 301
252 137
44 16
130 173
283 305
148 114
272 222
255 317
211 265
240 92
196 49
131 256
2 220
226 150
110 233
105 290
296 11
329 65
128 12
292 87
60 64
187 69
117 62
115 276
305 69
112 169
51 271
55 120
257 196
247 75
27 308
155 206
236 265
11 158
48 300
188 79
36 19
332 241
184 228
195 334
322 229
50 223
143 167
225 108
177 290
18 66
325 75
124 101
32 232
209 90
204 314
257 301
144 244
325 221
144 122
249 246
111 230
175 209
4 220
210 159
131 227
50 3
245 144
269 10
10 204
43 30
323 146
319 305
245 182
170 28
73 240
225 326
259 239
18 253
210 21
278 317
108 332
273 277
80 252
201 191
301 111
199 140
44 288
118 166
303 163
253 104
335 47
316 301
247 82
38 339
180 225
218 176
285 312
124 252
96 307
32 252
278 326
176 60
49 207
243 26
24 330
193 339
314 114
82 143
123 175
277 159
308 84
162 42
338 211
154 321
271 220
142 114
228 164
259 315
158 189
21 223
114 170
224 140
189 146
263 162
87 156
177 136
181 80
72 336
139 140
338 221
264 275
152 56
103 278
104 176
257 4
224 25
135 178
136 238
26 61
314 323
100 126
307 186
136 42
290 106
144 36
312 220
311 237
227 241
28 187
251 56
300 52
101 132
149 18
183 216
140 22
134 290
26 71
269 51
309 336
169 256
262 18
129 118
156 160
312 160
255 132
140 319
275 116
206 61
283 99
181 58
321 8
282 207
36 209
263 250
214 332
141 173
201 48
234 93
161 230
170 189
106 184
20 307
40 164
264 104
138 264
110 67
186 70
147 298
236 270
308 317
103 192
79 40
136 38
193 131
99 326
26 203
260 319
339 194
81 305
116 318
72 339
8 281
144 133
226 88
305 334
316 26
338 85
105 109
190 74
239 298
333 162
106 190
35 34
93 5
157 304
218 18
164 116
322 92
111 277
190 231
175 318
60 320
98 45
123 157
329 93
325 82
156 219
84 100
48 14
122 178
271 146
139 92
44 198
152 122
253 256
210 265
236 89
242 90
340 145
261 47
235 292
135 25
129 89
237 93
277 300
22 242
41 163
183 203
195 232
112 286
170 40
144 154
62 307
83 183
142 139
307 4
206 19
311 31
275 300
97 67
288 325
54 122
266 154
190 70
148 8
120 195
143 60
154 323
332 33
311 187
225 49
89 285
90 321
59 232
313 149
298 11
219 111
267 39
220 137
288 21
106 302
227 74
291 146
148 334
179 289
212 177
188 131
47 59
317 323
55 4
32 56
175 234
88 93
296 96
286 247
34 203
33 199
290 116
55 291
18 67
253 5
53 254
286 232
82 147
127 323
214 172
239 150
282 14
4 200
312 156
192 236
307 305
256 260
182 251
212 267
197 173
230 260
190 88
122 276
53 126
145 219
153 166
96 197
178 339
97 109
163 80
127 324
255 209
92 8
197 102
183 57
197 50
259 205
331 203
104 33
239 16
83 52
20 190
200 210
278 175
100 309
326 79
250 155
64 249
65 91
233 126
211 269
220 144
326 218
46 75
140 136
311 49
332 214
192 110
181 330
88 166
209 182
88 112
259 39
125 169
124 174
85 6
140 315
39 73
80 70
146 91
161 95
48 225
209 103
214 324
4 260
265 190
272 207
273 56
85 236
230 75
182 1
336 39
269 312
263 248
112 299
178 218
339 189
91 227
54 131
73 16
329 262
23 300
331 315
211 244
310 158
92 235
29 257
315 62
73 180
229 302
293 291
247 224
237 36
20 51
170 157
78 223
54 44
232 126
71 122
190 133
194 337
328 335
194 69
193 38
313 304
237 145
231 209
180 200
203 243
98 227
37 132
257 92
133 262
193 1
113 322
224 52
82 245
207 75
217 247
82 12
1 87
126 32
124 236
28 210
258 225
160 115
137 57
213 26
12 51
101 64
190 137
302 298
23 240
212 1
194 163
131 20
157 87
87 61
241 211
30 117
330 188
267 306
340 181
206 209
261 336
317 130
91 201
2 340
291 265
53 300
83 150
234 243
47 185
165 71
316 161
180 65
203 199
148 117
329 331
329 68
226 126
313 210
282 313
302 143
273 11
135 144
261 54
259 164
71 54
152 269
202 164
48 123
248 17
5 161
323 322
290 138
95 101
11 174
94 91
306 150
296 328
38 109
215 234
182 216
187 314
159 134
42 203
136 94
31 173
312 81
32 250
52 311
174 217
310 155
261 326
96 135
267 65
89 264
49 180
266 285
82 249
250 293
166 5
161 300
230 102
251 107
292 32
236 329
151 103
32 88
8 78
54 231
72 258
154 15
259 1
81 220
131 305
323 146
52 218
294 107
234 84
230 204
131 86
78 325
87 48
129 53
253 39
85 168
192 140
290 162
154 94
246 338
165 324
171 91
110 66
149 133
29 182
167 252
140 74
256 12
129 185
90 201
272 126
11 298
139 128
305 168
242 11
184 257
176 204
266 333
75 157
284 66
101 180
151 99
52 62
98 19
143 307
253 9
229 46
92 274
201 224
148 291
21 189
160 224
311 289
131 76
264 14
64 227
233 19
62 99
130 321
290 96
177 324
326 1
312 272
222 136
7 262
266 250
197 215
313 325
279 89
32 245
91 263
127 333
204 296
13 143
1 37
153 292
57 49
302 226
303 208
244 208
296 306
154 118
339 297
299 310
190 198
155 255
326 311
115 225
192 195
329 255
105 285
169 85
252 269
128 8
55 223
197 158
95 310
319 248
146 262
114 50
174 6
261 202
78 54
256 117
252 310
151 14
119 36
93 284
100 25
55 35
197 241
68 339
69 44
163 109
305 100
60 191
340 13
43 150
83 236
220 302
73 193
109 221
301 337
286 300
280 20
303 312
336 251
169 13
100 132
268 77
301 238
67 320
111 161
230 293
172 270
7 147
104 199
284 248
227 136
208 53
258 11
91 297
55 335
225 226
34 48
129 191
144 54
79 114
213 177
16 141
20 177
13 60
98 34
106 240
187 52
159 11
90 303
323 223
174 288
71 303
266 140
36 27
272 243
51 30
298 113
148 337
129 258
88 122
140 191
143 281
115 201
293 8
276 249
88 124
224 179
184 286
231 58
36 189
3 271
314 101
281 307
245 33
64 237
157 285
98 119
285 33
39 162
154 96
133 308
45 320
96 235
149 289
160 10
247 156
238 213
256 265
3 166
113 131
225 17
269 56
293 32
20 66
111 298
132 49
198 237
29 208
139 36
115 32
112 252
321 266
197 266
260 329
215 241
318 221
337 50
330 339
253 322
36 278
318 70
19 95
325 75
58 155
69 290
32 49
198 243
186 285
340 254
302 88
107 194
248 305
168 156
118 305
313 311
111 181
70 221
320 103
220 249
101 210
214 316
93 88
25 103
53 175
179 141
187 8
322 206
282 308
289 238
17 65
39 139
162 255
58 137
153 63
198 258
20 221
123 17
171 169
229 311
295 331
132 72
3 130
190 33
71 133
171 27
290 63
139 179
19 36
283 310
136 232
132 22
208 124
256 213
128 240
59 224
100 149
291 287
17 189
238 98
40 31
258 289
23 229
150 24
127 229
254 211
38 128
146 125
325 73
309 214
19 55
9 67
218 223
51 59
100 339
257 177
205 83
274 113
13 263
159 80
229 291
283 301
197 58
302 4
4 301
332 227
333 45
274 300
83 60
111 297
81 107
73 101
156 196
210 126
297 152
140 149
230 207
288 278
259 62
172 195
82 185
114 19
122 108
91 182
207 195
87 186
75 36
290 256
221 83
138 205
160 233
37 276
221 6
112 2
109 10
99 331
108 23
101 157
65 118
322 202
43 111
74 318
335 7
243 250
22 114
244 10
208 248
296 141
276 302
337 317
152 67
82 151
63 241
310 318
291 169
21 190
139 70
181 80
225 185
114 185
80 229
179 105
161 292
1 150
226 111
155 185
89 245
170 149
237 339
68 224
121 328
127 19
91 235
123 53
176 249
265 209
38 225
75 198
309 250
165 283
331 258
137 275
57 301
149 290
48 93
121 89
340 51
155 98
193 16
177 167
193 94
246 331
180 309
217 306
171 195
9 208
198 36
16 44
37 157
340 86
235 220
338 177
92 34
153 13
21 193
37 117
295 257
121 270
254 315
35 331
288 194
252 172
42 142
264 68
21 34
305 203
307 217
169 115
14 16
331 291
123 333
64 31
337 221
225 81
51 236
244 134
14 148
130 8
4 313
334 155
54 44
21 133
142 254
187 259
224 295
203 239
277 132
339 1
290 292
142 12
114 318
251 294
153 55
107 43
137 233
252 75
230 236
269 193
247 124
306 71
300 232
15 334
102 99
263 245
6 55
113 154
61 18
142 117
186 38
268 293
265 212
261 69
181 256
182 277
90 249
196 12
165 283
21 316
249 211
142 159
292 208
22 225
133 83
14 100
156 339
207 87
160 160
321 132
225 147
304 339
86 45
117 162
154 239
314 78
273 108
112 24
284 8
317 14
115 145
247 309
244 4
91 103
139 159
260 82
217 104
162 236
304 58
138 276
331 308
82 212
256 172
154 217
148 197
15 157
287 207
85 307
33 47
13 50
103 87
217 23
321 282
275 217
106 64
263 59
230 147
160 75
100 295
68 135
115 141
94 146
330 69
247 83
271 85
150 112
4 80
192 114
21 319
209 270
312 189
155 60
125 166
188 231
44 79
157 332
314 52
222 75
247 169
187 325
132 43
165 263
96 253
29 3
8 223
182 247
52 285
114 242
325 224
51 134
256 245
142 303
18 289
267 109
62 223
266 58
214 6
225 234
53 123
13 114
206 256
291 201
87 286
118 12
320 54
100 230
206 91
266 244
13 294
237 129
204 204
162 67
112 70
300 337
220 317
151 4
207 29
73 203
324 54
16 201
102 57
315 157
310 75
210 163
71 219
184 94
198 338
290 158
237 204
228 332
121 26
292 146
47 2
112 282
283 46
244 224
206 27
33 125
58 268
229 103
19 248
284 89
52 205
259 267
235 248
159 127
73 114
1 81
331 160
256 238
96 260
294 225
206 68
320 230
103 320
316 139
58 253
95 99
103 198
325 81
126 45
49 274
143 79
172 148
201 119
101 218
191 190
109 292
18 332
216 111
72 328
276 222
213 139
261 209
214 51
272 59
165 197
180 316
171 289
278 225
112 218
12 180
122 109
233 91
95 248
120 147
334 204
261 289
81 121
139 186
41 141
221 290
10 42
335 284
331 211
237 149
14 329
175 60
169 132
228 218
17 17
158 107
2 254
155 294
291 338
280 320
17 285
304 221
321 226
125 272
109 315
244 238
237 301
160 69
148 102
51 238
203 166
106 52
229 87
261 36
273 49
152 267
235 163
156 104
271 149
197 152
87 103
177 214
274 150
236 42
319 141
151 164
18 303
257 240
136 251
165 150
4 75
226 311
151 266
88 23
74 298
170 166
120 32
332 339
226 176
189 101
321 151
78 98
173 7
239 12
161 239
36 45
154 267
158 228
94 202
60 273
259 270
160 333
25 187
39 110
254 163
82 67
110 340
83 336
290 228
188 135
52 61
172 1
150 116
257 220
34 286
321 156
56 83
133 17
326 298
21 32
330 119
55 242
183 183
120 194
35 107
118 164
137 49
330 31
145 123
45 142
85 312
99 280
231 61
325 266
41 157
77 238
215 318
80 1
51 16
257 317
139 3
136 118
340 31
61 255
130 99
224 42
123 79
115 109
183 321
30 296
234 5
225 225
291 208
301 120
146 161
279 211
252 241
297 31
272 79
325 86
253 323
275 21
125 13
216 29
15 230
268 142
170 140
42 130
58 214
143 106
317 81
187 93
222 194
94 304
111 207
235 150
97 276
112 251
96 170
214 16
12 12
16 158
123 217
240 134
58 2
149 93
329 199
20 6
276 304
67 316
317 106
268 171
245 334
294 8
266 85
336 124
304 61
11 127
190 73
5 26
2 192
276 198
187 170
96 334
220 268
233 81
114 85
162 324
333 314
261 336
213 223
125 286
67 155
328 181
41 214
156 177
230 148
196 30
141 220
31 220
299 6
301 236
273 238
143 44
26 104
35 98
339 19
320 22
5 135
53 148
129 257
3 337
237 158
132 71
87 4
327 222
16 13
66 330
119 334
84 133
211 243
282 165
119 60
140 155
183 251
222 285
317 35
152 21
212 227
123 296
34 267
233 195
188 196
84 297
82 184
232 235
251 27
3 31
109 274
213 221
161 253
11 216
41 120
223 274
22 245
239 56
234 191
238 115
259 236
59 3
267 51
241 179
178 4
81 47
64 57
282 75
216 273
195 294
231 200
161 324
201 68
45 192
114 289
68 69
46 95
281 128
328 265
32 205
65 13
329 221
118 37
119 254
310 131
176 209
83 153
27 38
60 205
120 317
299 16
233 51
113 158
326 191
258 229
168 207
175 47
128 77
152 35
312 18
291 129
196 337
329 38
168 114
314 10
269 114
278 316
152 198
143 138
307 76
331 224
13 243
159 159
170 19
33 317
184 280
118 270
233 37
333 121
156 244
268 285
205 286
157 267
78 324
7 180
198 72
232 22
102 172
335 63
229 139
209 231
38 157
38 38
68 89
254 158
95 7
225 305
230 310
155 31
201 300
271 216
295 104
237 103
69 236
71 332
223 190
19 178
129 208
21 259
137 78
190 53
192 301
275 84
336 294
238 131
149 340
54 259
132 195
248 331
276 184
247 90
319 112
176 161
201 103
140 86
230 308
307 45
279 198
141 241
230 71
44 6
107 17
246 328
276 265
163 232
118 113
275 189
173 214
258 241
14 176
168 301
292 125
287 329
6 88
214 305
61 333
261 290
246 244
339 63
231 278
48 210
250 27
166 301
238 7
195 27
126 83
149 126
105 275
312 90
155 37
85 257
3 21
173 26
260 73
137 122
125 235
164 64
323 101
98 339
307 273
122 97
186 131
183 322
228 284
122 74
38 42
227 312
302 332
286 101
79 142
246 27
78 152
332 166
197 123
47 124
295 234
206 298
156 57
73 184
309 46
161 71
259 224
93 270
124 228
186 50
48 82
299 21
129 96
75 253
257 327
212 285
9 165
156 155
150 288
121 286
93 335
101 36
186 39
155 210
39 280
191 110
112 199
65 256
1 30
285 4
172 226
104 288
201 188
304 228
162 191
105 29
194 268
43 323
73 120
8 237
249 109
339 110
152 60
70 293
267 6
204 211
89 232
8 82
120 218
111 122
164 38
229 178
263 166
241 251
110 153
20 147
199 317
308 176
191 18
169 203
164 221
80 48
58 261
135 233
200 302
335 273
28 165
45 27
300 141
206 149
291 156
182 7
320 197
338 56
316 90
284 264
17 206
1 109
55 192
166 8
229 269
153 189
194 80
200 260
302 262
111 244
282 331
176 21
97 339
131 220
297 110
241 6
289 155
89 41
297 219
215 320
332 18
246 74
219 99
329 195
56 50
299 28
108 266
153 202
181 206
263 50
268 37
116 249
147 133
210 44
235 74
52 304
62 162
278 291
55 4
303 298
123 331
288 148
78 151
64 252
193 62
137 326
199 38
274 228
246 225
87 253
15 299
65 219
88 44
15 200
282 315
338 224
298 256
321 25
127 169
67 11
6 209
206 83
141 123
92 215
268 24
2 165
161 239
1 141
243 120
121 195
67 298
176 49
3 147
203 85
162 323
60 56
50 78
37 62
24 313
29 131
79 137
108 152
165 139
125 43
329 226
260 29
96 125
71 46
135 72
260 184
287 171
241 192
53 31
137 155
188 93
43 144
78 111
105 218
140 273
247 272
263 174
199 39
112 60
198 121
128 279
221 272
90 52
287 90
1 216
270 124
156 276
333 243
278 16
74 306
340 316
30 193
101 169
249 175
315 303
310 189
227 22
307 322
107 237
131 46
115 153
306 325
228 68
92 336
197 91
217 162
70 33
23 293
104 276
207 161
3 55
291 42
3 42
96 269
108 321
199 282
55 133
18 153
269 106
194 10
335 88
114 138
148 120
329 310
318 40
6 160
119 14
233 7
48 226
332 291
148 71
160 185
230 241
76 150
109 121
285 55
90 156
72 265
187 242
103 271
217 30
198 298
264 36
31 233
180 307
313 187
256 30
330 147
283 49
94 121
57 323
183 183
315 248
327 307
180 162
6 111
225 40
146 269
125 217
170 292
300 215
273 267
21 128
226 202
142 107
251 277
138 125
306 12
324 214
192 153
315 45
30 284
195 225
231 35
299 138
87 9
90 143
306 34
93 255
163 102
8 173
203 299
39 133
337 309
64 311
53 317
118 55
167 323
213 186
222 41
327 280
47 158
149 155
314 136
210 159
10 210
100 147
35 226
169 195
52 102
310 65
28 97
248 336
115 187
321 86
299 110
333 173
238 261
24 50
152 227
57 228
308 37
292 90
18 308
137 87
315 269
17 294
240 274
95 254
198 36
169 128
16 214
159 154
230 153
30 131
226 153
227 192
201 278
38 213
258 248
300 58
85 45
191 340
50 14
76 252
55 88
9 11
90 294
319 130
59 155
282 222
115 172
238 19
141 101
101 223
264 96
283 198
250 298
331 191
128 195
6 30
53 16
169 327
21 106
320 213
69 340
11 83
150 210
198 327
187 268
5 287
29 166
143 257
304 295
72 107
149 118
296 138
251 141
202 73
198 225
265 138
334 68
311 204
115 211
64 237
244 212
204 103
145 181
65 269
159 56
46 202
136 89
134 31
191 4
207 89
79 176
223 141
5 119
59 246
119 331
19 190
185 9
7 223
294 322
252 315
221 36
277 42
313 146
114 175
94 79
19 251
212 22
297 281
306 4
102 302
202 139
320 261
25 142
167 190
111 70
216 191
72 134
163 84
203 158
144 206
76 151
223 175
164 227
13 204
67 81
66 110
305 142
319 146
1 195
328 274
66 213
224 219
155 267
273 209
164 69
262 162
75 22
140 167
322 118
42 87
257 330
80 219
230 137
79 282
332 312
309 153
340 99
107 316
245 287
250 257
206 224
149 280
275 219
245 55
119 184
198 72
227 338
88 118
64 138
108 310
319 16
255 149
193 234
77 31
109 117
322 321
329 112
169 13
287 96
315 194
104 325
3 171
198 70
27 318
321 125
242 172
145 309
107 311
250 20
67 42
188 111
122 200
291 233
186 81
316 166
75 152
81 102
200 227
98 75
226 132
136 277
258 337
95 2
181 105
236 179
329 76
158 337
38 267
224 228
262 19
120 222
330 127
311 156
334 225
141 40
104 20
147 150
132 325
194 172
305 150
33 290
309 258
227 71
74 336
177 247
119 72
244 181
74 300
331 72
178 90
308 300
185 179
311 81
196 275
242 162
170 287
176 255
290 76
43 162
249 299
294 4
319 295
173 304
216 254
49 261
205 50
34 261
116 67
275 19
89 32
314 293
294 119
176 119
92 95
318 201
318 246
127 75
234 248
189 92
230 279
248 154
86 261
296 52
309 36
256 170
65 93
324 117
210 120
96 271
230 83
224 311
180 24
97 239
173 334
226 70
85 69
181 217
334 326
86 95
95 330
73 306
172 272
186 140
49 1
101 160
259 49
138 216
275 236
154 23
322 34
148 293
295 90
29 75
88 87
252 218
31 239
193 101
207 169
227 236
218 143
142 325
18 260
214 282
199 207
180 280
33 314
313 139
107 200
35 5
26 339
230 319
176 203
218 253
219 127
89 92
38 299
145 338
235 246
10 261
295 193
204 305
54 217
172 269
286 177
158 174
199 187
211 54
31 40
124 137
46 51
188 5
12 31
219 133
232 189
25 265
158 51
310 174
234 75
217 322
279 276
215 43
191 224
165 73
160 291
331 6
207 34
91 9
176 78
178 185
95 181
325 23
269 51
133 1
267 81
8 123
40 255
155 227
113 241
310 257
191 250
63 54
236 50
178 93
37 151
153 286
188 34
81 336
90 312
91 131
236 1
227 212
225 324
61 316
12 24
232 132
114 106
250 190
60 241
242 307
17 339
252 181
96 317
201 140
155 191
243 212
198 73
183 254
250 269
125 216
178 319
159 237
227 324
183 120
43 188
219 133
18 165
108 247
269 326
117 237
193 274
330 337
329 115
101 336
228 52
98 182
54 212
204 319
211 44
287 166
54 314
54 99
40 64
123 15
263 41
193 232
34 228
77 127
282 61
26 228
63 152
80 75
267 113
208 158
317 160
268 163
175 155
252 235
280 163
39 72
169 141
316 161
121 189
298 168
131 66
175 113
235 207
151 309
323 78
47 159
246 335
137 218
83 291
54 295
307 217
335 285
214 137
11 201
53 44
111 146
118 274
254 303
88 59
164 71
91 48
155 107
46 29
27 220
72 275
322 229
52 323
262 98
7 34
62 100
266 206
42 302
147 59
302 64
289 222
321 150
1 165
71 200
186 8
255 105
220 248
224 18
184 159
19 267
238 198
46 156
92 72
151 17
245 39
226 338
198 223
84 5
110 322
99 219
281 77
224 88
271 174
169 65
211 126
31 106
188 262
219 58
153 86
73 190
316 79
214 67
298 298
225 97
171 131
128 220
306 114
204 303
332 286
297 173
183 308
113 12
339 248
239 300
85 181
337 92
227 296
268 29
58 100
51 227
170 34
180 64
216 123
7 125
315 210
114 216
265 14
80 196
81 301
272 167
271 228
202 142
181 79
16 131
52 303
113 34
171 185
206 202
113 180
255 313
258 30
86 136
70 99
50 225
312 23
233 86
243 286
160 105
234 275
136 155
297 112
224 65
113 309
332 18
129 174
285 279
165 133
149 296
188 105
228 205
4 150
50 273
144 219
24 221
96 186
246 275
286 149
164 285
304 223
243 135
156 282
335 154
269 134
129 148
248 222
153 270
4 298
264 197
50 64
300 278
204 211
41 60
23 81
127 45
99 218
158 175
142 10
7 269
204 314
298 311
172 105
319 73
105 198
328 331
147 86
266 93
47 173
76 76
23 268
329 181
112 254
147 158
57 225
250 6
95 5
253 98
262 3
111 25
121 237
306 6
249 19
52 300
267 162
166 141
161 111
46 205
102 124
219 113
22 50
254 248
62 65
176 234
253 222
310 51
223 326
332 214
191 227
273 77
117 321
168 148
275 310
11 181
203 291
286 214
289 297
307 223
209 76
303 41
274 192
218 190
135 85
206 197
149 154
335 159
99 322
218 50
50 181
234 329
174 227
62 96
17 9
202 211
140 131
265 329
94 171
205 225
146 153
313 217
284 117
50 12
42 331
20 287
158 131
172 82
180 127
292 59
306 36
175 190
67 278
331 173
18 178
178 47
151 93
97 191
288 152
75 306
292 261
311 93
324 248
176 222
182 23
78 258
208 235
265 302
137 76
206 112
218 215
323 93
12 220
235 199
158 190
148 76
100 182
243 164
304 172
238 139
23 243
10 325
205 221
253 328
292 125
83 198
92 191
6 99
255 37
265 189
150 106
52 178
143 87
120 173
263 303
135 291
242 68
81 187
80 3
54 270
136 264
246 209
58 130
125 293
132 156
305 339
32 280
213 131
175 99
79 299
276 26
36 331
209 243
195 214
190 244
90 138
101 270
268 199
187 311
20 274
288 177
314 128
81 222
106 180
151 56
107 107
152 62
301 13
159 275
104 109
30 41
194 40
182 276
224 148
91 1
316 13
252 181
333 288
66 293
88 3
215 257
163 246
129 15
51 165
211 178
303 126
191 12
267 94
180 134
257 152
56 326
182 308
153 18
154 254
137 277
114 76
94 40
175 159
13 197
107 211
323 127
28 255
337 193
220 33
56 141
153 120
114 286
138 327
99 131
294 290
332 134
274 195
138 73
3 335
116 13
204 100
71 288
339 172
3 145
284 327
26 22
296 92
30 161
167 335
126 182
18 125
309 81
165 226
329 56
314 286
93 123
328 298
125 14
69 334
12 303
46 127
221 136
11 321
277 293
307 310
73 141
51 192
147 250
293 248
83 215
201 251
245 175
267 215
19 114
176 315
71 147
304 116
279 288
210 93
225 174
162 298
146 33
81 308
285 99
174 288
46 224
235 203
205 221
292 169
33 189
202 256
335 152
328 52
118 307
248 190
315 107
203 296
255 2
337 280
124 302
84 79
164 5
338 56
86 198
283 82
126 243
252 127
5 105
219 72
100 211
79 5
28 7
165 123
50 304
33 229
85 304
208 250
330 338
28 113
215 291
237 213
66 100
91 130
171 333
164 144
140 107
248 165
17 21
116 260
110 240
154 47
292 170
141 202
101 230
76 192
163 148
190 183
329 213
154 102
268 230
232 218
122 90
62 135
97 336
257 172
98 162
225 235
108 283
219 122
247 243
322 210
265 119
241 17
2 220
339 29
124 198
251 150
143 18
247 203
303 109
114 187
23 16
128 328
63 26
234 179
217 219
29 58
277 119
131 156
2 238
150 233
103 22
314 97
220 239
290 299
299 112
122 108
116 275
320 127
124 177
52 84
152 312
136 315
305 226
150 112
232 171
282 168
106 244
184 115
334 37
139 43
197 129
190 62
317 122
161 197
318 118
334 191
125 48
200 82
340 22
172 68
20 245
235 226
77 166
215 273
247 144
17 166
266 200
85 123
98 187
320 77
34 264
40 292
36 9
108 20
323 95
97 224
38 277
174 47
224 131
137 160
130 18
31 143
295 41
18 307
197 24
232 49
55 108
124 221
274 98
154 22
334 56
309 1
306 94
142 289
203 199
5 64
169 96
240 21
100 184
196 181
120 61
306 18
130 69
222 182
317 107
292 97
62 40
6 283
128 280
311 161
5 237
1 302
321 122
54 217
329 187
127 211
211 205
194 272
232 116
160 67
92 151
167 304
33 330
133 51
146 199
287 117
281 123
58 319
127 79
7 112
5 206
250 164
257 178
254 41
310 12
269 199
16 89
230 72
45 262
133 240
180 296
36 303
187 336
217 250
150 302
333 274
122 309
258 47
164 297
85 125
318 313
60 264
139 300
318 337
85 251
318 189
181 79
311 236
178 181
169 264
212 123
277 328
334 203
182 281
249 156
249 67
72 90
136 291
229 217
308 278
173 317
141 91
286 77
262 2
109 132
6 5
119 151
317 336
96 60
157 194
201 41
4 216
2 137
19 126
127 263
101 303
181 165
254 327
224 116
83 219
210 99
109 98
278 239
242 260
305 331
166 334
3 313
294 160
262 240
203 7
270 263
140 177
265 267
295 326
42 18
30 293
198 207
131 335
107 38
308 217
225 42
166 309
51 128
275 146
284 86
209 231
58 166
83 83
303 224
22 106
8 89
197 64
174 3
48 185
254 272
83 172
267 99
50 29
207 302
333 254
40 66
178 106
253 158
130 212
40 233
292 44
70 202
35 326
135 220
256 75
183 33
216 307
75 312
177 316
168 160
150 284
332 340
276 337
37 171
237 170
298 45
225 24
154 233
33 224
277 275
168 26
327 158
286 144
270 264
80 192
184 27
15 284
6 23
139 183
29 19
271 289
134 322
265 24
270 155
184 243
338 7
331 65
201 264
291 310
272 217
235 123
83 33
201 66
266 329
280 261
1 324
247 87
113 84
47 216
230 226
261 43
1 171
273 41
229 207
78 127
197 220
43 240
102 134
6 12
200 273
191 206
305 139
176 284
269 285
141 187
176 213
313 130
271 66
24 114
245 203
7 68
1 21
106 326
1 67
240 204
159 34
303 118
197 54
186 245
273 337
254 4
339 138
128 211
296 18
52 296
317 235
266 204
331 125
334 269
296 324
26 101
321 106
308 302
54 195
271 186
62 39
27 17
219 216
296 122
162 207
230 118
145 130
289 36
138 301
193 114
63 171
295 126
170 333
179 11
9 318
195 167
128 258
283 196
100 315
76 1
283 252
305 222
163 314
211 7
158 315
152 74
259 56
96 264
73 42
178 28
325 169
103 72
166 243
74 35
146 269
289 115
215 5
80 96
297 247
111 328
163 306
280 64
168 283
83 286
71 330
30 36
280 106
309 166
315 243
250 107
175 294
68 89
261 79
146 272
219 330
151 297
208 46
53 231
86 47
132 144
10 8
271 120
284 57
70 310
135 45
272 203
210 297
116 276
71 238
136 338
209 54
270 260
18 198
23 199
227 334
123 193
32 164
236 245
128 215
170 167
192 288
173 59
218 206
250 250
47 142
290 36
310 80
122 94
16 22
122 192
188 247
272 292
194 260
118 64
105 256
333 31
10 265
130 276
89 144
191 140
287 118
134 203
139 179
87 194
250 84
20 51
229 178
215 74
33 109
194 247
19 171
212 51
197 297
222 207
21 179
226 269
330 243
334 334
127 1
194 148
20 172
208 206
328 234
91 17
331 125
234 207
315 258
338 144
175 95
298 107
305 308
110 261
279 15
263 78
263 67
284 88
82 127
149 215
250 330
201 147
201 295
141 296
115 202
202 47
176 188
267 221
245 265
113 237
126 34
107 118
264 236
208 338
290 65
115 144
139 286
214 185
274 100
203 323
218 61
97 188
278 90
10 4
201 151
1 263
285 288
10 160
195 158
123 295
199 69
251 122
29 255
9 322
200 190
173 161
263 188
279 227
291 334
131 24
141 90
51 7
71 53
47 194
336 52
145 310
132 324
52 70
221 88
82 74
72 98
61 264
235 194
269 79
224 49
142 309
28 223
321 284
234 116
180 258
66 47
175 140
261 183
206 328
95 110
46 146
82 142
87 260
327 31
70 308
176 53
133 75
215 330
137 329
206 147
104 125
177 239
127 202
312 252
7 114
266 111
14 56
212 302
88 110
127 331
45 217
253 233
229 235
268 65
95 18
76 219
108 196
2 221
62 70
296 59
206 165
108 183
277 176
27 6
165 56
328 293
292 196
83 133
75 24
47 257
148 51
91 264
287 313
43 235
65 311
207 60
263 125
41 175
193 250
65 302
144 232
108 218
43 225
156 258
245 109
230 93
36 248
319 323
153 292
142 134
338 159
270 209
161 175
157 301
321 338
134 286
149 155
113 23
262 285
200 52
108 332
311 38
99 287
334 216
173 208
208 145
205 23
218 34
284 99
