340
5780
123 11
276 327
143 146
96 92
98 183
7 279
111 176
24 230
235 274
34 273
14 62
214 13
20 82
299 131
168 122
219 236
211 306
129 19
227 130
320 134
302 323
120 280
252 169
93 13
297 323
246 103
73 262
102 121
71 279
183 190
11 63
69 61
66 111
61 100
330 108
306 71
30 96
117 127
252 185
81 96
20 215
62 244
86 294
290 313
251 299
225 158
149 286
162 282
56 105
226 69
249 339
233 279
156 272
32 90
202 145
151 75
55 268
86 153
241 215
40 102
73 277
265 307
92 210
15 279
299 214
152 267
167 308
162 278
184 22
83 286
339 221
57 219
332 276
52 180
237 232
80 324
47 305
296 175
300 113
226 320
313 213
216 26
144 16
338 37
44 221
224 254
58 318
70 158
45 253
213 215
304 157
133 323
283 113
220 236
26 3
255 284
78 338
161 53
331 180
92 276
107 306
37 176
45 113
128 162
13 89
333 2
12 86
294 34
333 226
51 243
171 309
279 280
141 309
207 28
127 92
250 55
168 307
154 153
318 297
60 303
327 252
12 60
190 288
339 82
24 130
13 146
330 219
268 245
81 273
152 61
223 167
12 278
190 26
62 308
158 303
148 297
269 238
62 58
102 193
143 56
258 193
75 258
155 273
179 316
94 170
94 328
25 112
44 178
289 71
62 38
268 74
95 219
187 1
55 134
305 68
54 242
273 185
85 33
79 279
85 175
99 33
206 58
215 164
300 172
62 43
14 166
301 123
238 339
203 152
266 23
152 49
108 100
60 165
234 300
304 12
8 105
212 31
221 118
199 206
220 203
182 302
297 227
277 299
73 69
160 89
335 192
145 95
161 87
104 45
39 197
104 104
3 180
335 300
102 336
80 1
190 154
334 16
331 107
142 197
304 314
256 329
198 81
266 302
39 225
49 66
113 232
266 271
283 157
233 301
226 188
219 60
186 284
303 293
192 300
78 203
258 196
338 160
134 246
35 277
11 281
132 339
101 108
304 250
172 51
152 287
340 70
325 285
122 187
171 229
144 1
179 237
123 222
278 48
247 115
305 103
319 322
5 313
225 184
205 295
143 220
19 281
205 183
182 321
7 322
206 260
338 89
240 63
140 56
6 54
83 314
243 218
300 118
225 184
183 53
281 87
181 96
68 195
202 150
199 297
276 141
122 79
265 148
33 87
145 191
340 179
136 62
219 293
309 296
250 217
275 271
48 124
307 109
125 141
39 170
324 109
66 86
311 34
159 17
309 316
130 305
127 60
25 52
280 42
5 72
204 187
10 31
198 194
62 329
259 288
11 82
171 317
278 248
94 255
238 171
334 57
221 323
38 31
192 219
217 88
241 219
325 104
84 33
111 70
297 197
161 284
33 327
102 38
176 159
194 53
62 165
95 11
325 277
135 257
187 300
59 61
201 312
24 291
221 190
307 175
127 194
232 183
283 158
21 58
178 7
165 35
209 157
273 252
16 12
33 124
283 246
177 57
255 144
137 272
237 60
262 20
256 84
279 288
7 131
187 100
237 191
177 326
298 153
106 287
16 215
84 236
23 310
173 256
202 297
303 96
179 32
278 252
264 340
275 93
282 201
187 221
321 66
269 307
81 29
191 23
249 237
203 297
221 314
42 303
324 120
302 316
144 202
149 193
35 59
6 38
13 233
50 329
116 331
40 179
174 236
81 227
129 235
93 202
223 34
16 166
268 265
77 102
289 305
176 205
94 59
235 113
37 219
182 332
202 228
331 253
63 12
158 235
332 93
175 84
89 293
338 195
123 301
115 80
104 313
269 60
323 277
195 294
185 340
11 30
258 236
235 224
93 65
156 217
60 59
294 146
110 281
134 289
150 271
253 38
151 105
73 280
224 117
148 249
148 99
187 147
163 218
203 123
144 107
120 197
163 315
275 165
37 143
309 43
216 109
212 200
3 120
320 98
45 106
328 314
327 85
266 194
315 203
289 166
227 317
103 260
52 131
335 55
309 338
329 257
113 83
153 115
99 274
43 262
125 49
53 99
302 212
86 118
115 302
334 188
201 122
340 107
70 214
51 301
105 133
331 30
283 82
123 292
257 302
202 4
97 73
283 285
18 339
201 325
292 120
133 295
125 1
187 133
145 111
248 102
128 309
189 2
179 10
339 157
199 10
269 155
210 277
339 293
133 63
104 165
4 177
58 108
123 158
76 86
164 293
146 21
62 185
109 157
113 243
195 159
297 106
27 43
128 287
218 317
281 248
271 185
109 155
288 142
336 226
66 66
262 150
159 210
154 293
231 248
168 109
95 302
11 34
266 189
47 8
29 105
27 154
223 295
299 28
103 174
236 159
133 25
340 131
326 217
181 292
53 93
297 11
293 242
162 298
48 192
123 20
318 25
128 58
245 79
43 203
92 125
218 112
293 217
15 329
311 54
83 237
31 169
69 199
34 190
289 150
131 32
28 7
340 67
33 111
150 216
135 122
160 96
235 89
23 9
122 26
319 190
192 193
9 8
49 74
130 195
220 146
156 216
309 326
140 240
253 183
38 30
151 325
254 56
128 180
18 38
240 148
70 86
237 157
112 149
181 271
211 130
2 25
145 128
57 276
215 169
315 200
240 332
66 112
308 291
221 32
172 238
22 225
227 319
231 23
16 106
226 7
61 100
279 303
104 227
147 36
87 247
73 66
25 175
134 127
222 58
29 190
129 24
72 197
290 4
77 187
98 329
64 73
297 241
144 195
39 340
188 229
39 112
227 266
181 337
213 332
207 89
25 45
111 159
44 328
87 113
38 70
261 276
118 325
70 86
40 148
334 223
175 298
284 166
220 336
303 126
109 146
180 193
124 300
143 115
324 262
279 116
276 46
308 146
14 321
238 282
265 5
314 135
107 169
37 39
206 127
106 80
297 264
244 156
180 177
185 28
177 144
330 207
190 21
140 267
189 63
249 179
308 217
73 310
9 219
125 132
8 202
123 116
245 320
265 193
209 35
153 160
151 56
3 36
18 242
265 307
189 181
78 143
177 95
208 201
141 170
100 287
100 271
244 273
103 229
257 150
134 98
175 118
197 332
331 302
319 319
97 16
75 270
290 86
109 82
28 6
6 222
71 6
48 110
173 164
205 202
279 193
4 124
151 324
228 185
134 187
150 105
74 142
224 269
122 238
5 300
105 86
126 338
224 61
256 205
110 268
260 164
141 201
305 336
338 69
82 14
257 15
25 35
70 328
244 5
158 190
281 2
16 153
220 273
110 174
34 214
236 338
45 247
310 25
113 22
287 322
38 302
334 226
62 174
98 32
135 204
47 84
22 267
103 303
200 135
327 125
135 241
238 301
249 238
306 93
310 326
305 72
211 292
93 67
71 138
82 16
125 286
67 263
66 63
116 203
230 51
31 66
22 187
239 232
235 129
112 298
147 88
31 277
25 316
320 44
150 294
231 59
151 142
152 236
298 7
82 77
27 7
55 239
208 46
111 258
306 219
287 219
13 239
269 72
186 205
109 210
21 286
262 158
239 57
305 286
43 238
22 33
23 34
304 63
193 142
336 141
123 63
189 75
91 325
254 25
234 326
115 318
138 111
69 273
95 318
278 16
68 311
203 129
18 266
89 253
207 206
149 179
130 328
293 96
154 169
51 104
87 155
215 79
70 291
144 281
198 65
48 80
256 277
45 198
131 9
172 159
316 64
248 2
280 319
11 50
136 101
236 302
308 294
59 245
320 299
222 10
63 94
280 195
95 19
15 119
130 99
143 201
121 31
319 127
54 157
94 240
189 7
219 128
34 108
130 72
66 105
128 203
335 176
310 103
153 1
297 77
39 299
243 80
183 217
263 179
44 78
27 53
137 182
168 63
266 193
287 75
261 46
84 301
33 264
246 49
213 44
31 223
283 27
220 155
99 125
279 68
202 293
304 150
31 110
68 339
29 50
177 141
117 4
182 280
203 309
59 170
207 18
213 82
32 77
256 338
12 29
273 50
242 305
217 185
165 225
170 188
242 221
291 104
273 303
115 322
225 330
119 216
175 40
232 74
51 93
82 118
83 180
290 63
74 38
159 95
96 92
247 144
94 285
51 89
64 12
74 100
231 21
198 207
160 80
190 162
142 85
324 104
330 252
315 207
166 330
106 33
93 125
151 29
227 136
85 36
284 327
126 122
97 258
270 247
44 86
275 37
246 328
217 334
63 281
173 188
45 27
106 209
154 103
277 77
283 317
311 251
85 88
10 267
325 285
211 302
127 87
10 145
52 38
330 88
11 21
323 89
225 210
224 117
331 13
139 131
298 241
266 116
218 211
17 176
330 166
247 287
246 320
228 330
318 134
93 176
138 324
14 309
154 79
105 5
228 190
325 89
158 28
168 330
267 244
90 144
124 29
261 221
83 175
129 26
269 219
320 279
318 326
188 281
323 259
141 270
149 272
17 102
267 178
198 196
93 91
224 333
102 291
135 73
96 157
267 23
18 53
330 277
122 166
315 187
162 217
111 47
242 46
71 235
174 240
333 13
257 75
233 241
38 143
263 233
172 313
253 198
187 57
326 113
265 248
119 190
115 128
190 307
129 212
194 50
271 146
20 147
141 143
216 228
47 139
203 2
287 132
303 104
298 283
59 170
12 112
234 241
279 169
312 239
327 124
279 149
32 302
242 310
174 110
94 20
74 119
268 183
267 185
175 318
194 57
120 138
199 322
15 38
217 340
122 24
280 76
131 132
105 44
29 335
32 300
227 302
281 59
165 207
249 199
110 292
260 311
131 233
261 99
42 156
288 265
178 181
260 240
147 6
16 220
298 180
109 285
292 110
216 15
194 142
89 252
185 331
246 157
288 63
38 321
118 1
274 147
181 158
320 5
129 267
216 229
193 35
309 185
222 133
63 108
136 153
50 60
24 220
34 6
48 132
45 257
4 40
76 250
126 229
13 218
308 207
37 68
24 120
317 316
293 308
239 92
314 243
108 165
76 306
211 176
27 100
74 108
244 198
257 52
180 185
188 337
225 186
255 338
190 51
334 79
40 279
174 194
250 308
326 294
147 257
210 57
51 323
33 303
172 159
268 285
283 134
317 240
34 209
295 135
16 153
262 66
212 22
122 252
57 191
99 192
280 146
66 136
168 148
273 295
79 38
42 170
130 79
45 302
259 226
340 58
105 318
81 153
24 268
338 30
149 324
12 268
115 317
219 1
129 19
203 259
1 108
93 246
153 116
331 49
47 237
95 80
199 271
183 262
234 118
275 312
204 312
170 246
103 237
213 15
35 258
35 243
21 145
148 293
218 208
103 18
154 267
115 318
55 129
50 295
165 245
54 96
196 330
25 273
164 280
263 67
218 109
43 300
260 258
150 113
185 26
261 225
74 276
272 107
218 263
336 250
125 135
14 264
237 194
122 278
198 145
257 157
48 118
154 74
50 323
319 101
83 335
30 23
10 244
178 24
163 158
79 150
1 214
294 266
274 135
219 78
268 240
336 201
327 216
220 240
84 286
281 84
224 82
201 127
139 26
194 232
197 220
323 287
153 252
51 60
66 291
326 320
311 195
227 86
205 295
56 47
340 169
263 318
124 182
9 252
261 249
238 325
8 311
260 127
325 17
87 5
220 209
208 32
8 73
113 47
212 83
231 21
33 310
205 330
232 204
243 96
52 88
127 24
247 157
231 307
7 97
136 267
227 106
2 148
188 221
236 285
220 148
188 113
83 333
270 153
218 92
252 112
289 208
143 329
221 253
338 195
5 224
25 49
330 24
338 303
202 109
196 9
186 205
28 335
267 294
277 74
213 56
322 21
165 167
52 67
184 55
168 113
337 96
265 327
238 165
109 256
300 311
259 244
259 35
47 275
313 97
298 10
307 259
239 198
3 101
200 231
240 160
51 147
113 132
326 139
291 181
91 239
245 91
208 131
151 13
44 300
304 85
171 82
62 173
128 5
21 49
145 159
12 262
157 87
39 101
81 16
55 266
288 60
328 253
128 49
188 283
334 198
294 51
166 126
139 31
253 31
147 184
113 186
250 313
15 197
79 163
66 105
164 77
202 292
119 245
312 239
136 306
46 230
111 243
113 106
96 242
89 228
318 167
220 98
132 118
186 20
274 194
19 284
296 327
288 101
3 238
308 175
118 230
190 41
84 305
178 75
301 76
199 312
296 232
299 259
124 286
226 80
216 33
105 28
125 46
144 204
133 233
111 293
232 56
262 228
258 179
81 244
126 289
140 47
49 208
303 332
26 274
198 143
134 36
38 12
104 46
68 236
30 70
338 266
315 189
223 310
194 144
335 163
300 58
189 237
313 77
110 56
163 9
222 41
273 177
135 87
156 140
26 33
211 252
234 165
278 52
167 273
287 7
224 250
161 210
51 13
337 325
336 224
98 291
12 217
253 98
165 86
117 248
337 311
73 331
192 135
44 140
288 45
67 133
88 115
106 42
317 243
260 216
248 270
77 118
153 107
22 289
13 107
210 267
130 127
270 212
76 208
310 329
120 228
134 208
133 240
81 3
102 108
282 311
302 186
160 154
243 15
128 267
50 318
85 133
11 8
304 96
284 24
325 78
195 314
222 240
71 75
84 74
323 322
113 241
213 262
170 180
102 49
46 248
213 89
270 5
333 166
277 245
330 283
29 167
294 93
191 63
79 317
274 221
331 298
163 315
155 229
252 227
197 93
220 45
146 216
221 186
222 325
296 44
155 26
298 32
243 97
3 204
246 165
248 39
270 61
27 329
332 72
331 202
161 309
131 35
161 160
145 152
184 1
168 178
104 159
276 13
207 117
334 120
208 240
11 21
303 180
28 228
311 275
199 164
32 309
259 75
326 79
50 326
2 145
277 243
204 266
87 221
178 164
321 91
217 287
216 180
24 263
260 7
230 186
120 285
156 9
116 129
296 124
137 143
67 94
153 146
255 278
291 305
288 30
322 116
163 70
67 11
44 57
22 51
169 143
185 270
144 292
233 86
128 160
281 293
294 58
277 137
112 47
73 129
135 178
289 113
289 318
159 134
303 291
206 124
208 190
5 263
7 26
122 81
300 3
71 330
172 40
97 67
109 103
272 315
232 128
33 324
189 92
167 187
60 239
223 158
183 263
335 168
288 295
112 154
338 289
62 4
126 53
192 114
53 304
34 317
44 129
161 63
279 253
98 52
339 270
157 122
189 274
73 155
316 300
161 176
149 259
137 81
147 276
130 96
37 200
253 316
157 294
183 42
205 53
166 63
265 86
230 269
100 10
162 129
55 247
110 145
314 303
33 325
233 57
123 249
151 162
236 143
141 40
289 120
325 320
244 238
305 45
76 173
168 95
99 338
24 33
210 3
321 239
25 15
78 80
12 31
134 194
78 159
114 335
277 191
90 51
58 164
207 307
299 324
54 156
326 340
26 190
72 163
100 47
54 266
97 183
5 134
274 265
184 189
253 264
197 317
206 296
50 264
260 152
75 151
332 237
39 101
115 289
265 279
226 186
234 173
9 206
216 339
153 179
89 139
227 122
72 219
254 197
138 293
68 104
325 296
162 87
61 158
248 33
248 265
270 145
325 136
127 272
303 275
25 50
14 121
121 235
247 96
64 198
206 332
187 208
130 42
73 151
334 289
178 235
131 289
199 275
90 52
161 279
290 305
99 274
93 186
231 181
188 218
115 104
28 262
143 179
229 7
64 220
151 40
153 137
132 336
11 61
243 220
70 328
98 199
158 90
37 333
178 214
323 63
34 106
157 14
98 156
22 149
294 57
333 200
136 339
169 21
241 278
34 115
176 148
130 124
96 242
109 189
163 287
248 44
8 117
76 82
217 244
299 298
266 221
243 295
86 258
220 166
324 180
67 156
139 220
29 31
83 263
288 138
103 263
202 259
152 53
197 223
68 160
251 271
305 66
169 236
159 144
47 152
268 36
258 122
117 185
196 151
14 35
259 142
49 92
257 254
102 269
157 289
62 57
231 308
322 134
255 36
183 52
208 226
222 320
42 42
297 157
139 109
138 232
114 194
10 338
136 229
124 249
122 86
14 190
291 198
45 169
281 338
259 317
283 163
81 235
135 263
177 205
293 27
269 145
15 329
245 67
244 339
178 144
224 111
174 135
306 289
290 42
256 215
242 191
116 279
331 188
74 139
41 238
241 61
239 232
75 43
246 173
167 145
273 61
253 306
238 292
112 243
135 50
154 162
158 185
285 266
3 215
220 38
340 261
332 141
316 62
121 180
13 329
149 337
122 295
131 36
126 20
155 95
102 92
57 283
302 145
179 118
321 35
156 336
115 155
307 296
177 75
312 119
241 140
93 124
36 263
241 285
107 212
161 265
155 215
329 207
138 155
36 73
215 313
289 291
51 126
284 337
278 266
202 73
333 295
96 201
112 280
158 319
263 203
239 203
173 263
121 23
291 53
188 276
312 38
283 134
259 262
197 328
69 221
107 285
217 23
126 138
309 7
186 129
4 304
200 105
182 56
150 210
245 118
227 312
307 106
241 103
285 224
223 164
164 29
6 34
226 225
314 139
230 70
38 170
23 67
93 33
271 268
166 240
251 54
47 144
113 108
337 77
150 167
235 332
75 43
49 15
265 197
227 197
257 103
67 249
138 318
324 271
333 166
269 171
237 252
161 191
52 60
188 302
108 9
2 223
305 229
263 260
45 64
183 227
196 118
116 278
197 79
275 251
309 255
46 104
17 333
43 210
69 26
227 194
4 76
123 210
120 253
109 162
143 101
301 136
334 72
31 159
147 100
153 174
123 220
196 76
101 254
317 243
209 10
192 156
186 249
321 190
324 57
168 123
7 236
251 207
230 291
245 214
231 186
159 74
129 219
242 331
319 193
254 138
130 143
208 22
336 220
48 89
36 271
339 238
117 213
6 339
104 308
12 156
107 100
135 145
274 34
40 42
107 151
291 18
203 272
10 204
164 293
272 104
10 35
24 60
70 14
2 170
127 9
248 244
188 232
95 147
155 173
213 96
211 226
114 100
308 137
78 303
145 4
149 6
151 284
225 300
146 274
147 154
88 127
147 3
16 109
10 192
228 9
113 90
254 231
155 164
90 18
160 170
272 250
61 122
204 183
122 311
110 94
45 295
222 164
65 3
44 20
314 264
70 37
135 99
162 140
8 212
150 34
93 290
107 130
43 81
120 55
53 317
325 206
316 63
7 213
204 85
292 283
222 183
93 284
272 46
178 247
211 55
305 125
105 296
318 339
247 193
156 132
181 203
245 43
119 313
29 98
230 87
163 31
279 110
54 190
156 265
83 285
303 11
111 297
232 102
229 74
229 274
182 339
77 136
197 264
321 78
271 237
29 96
253 77
54 334
235 186
214 97
97 273
38 71
119 163
239 117
167 62
45 254
300 233
14 153
137 207
272 178
252 296
262 5
301 119
245 130
190 323
193 312
249 165
50 301
327 17
252 281
256 84
313 43
176 118
123 236
47 86
220 285
27 290
185 250
222 312
240 175
37 291
114 201
102 284
169 122
113 339
234 17
325 46
314 178
190 96
8 89
35 273
227 297
211 338
276 256
293 67
289 96
237 288
264 133
333 332
27 165
119 144
105 328
194 242
73 120
233 102
151 308
270 112
281 307
133 217
11 151
29 178
83 132
316 186
166 57
48 322
271 163
336 64
130 210
267 49
83 154
180 249
67 7
275 132
219 62
262 251
261 229
175 332
227 78
91 54
95 67
102 275
163 208
1 318
112 278
246 300
210 189
58 23
123 10
250 284
295 272
104 307
315 50
115 67
102 219
199 44
218 85
62 20
301 317
278 240
317 318
100 33
79 66
291 129
129 230
121 124
196 168
127 135
178 175
13 159
56 8
35 329
172 94
232 29
330 105
159 103
23 209
94 21
322 78
222 166
113 132
123 78
179 73
137 189
20 176
25 322
79 71
144 222
73 23
263 178
290 110
31 178
309 61
305 201
70 113
178 173
101 107
4 46
331 244
228 196
176 294
265 295
166 294
213 178
240 212
86 6
225 249
121 72
135 111
169 135
335 140
250 284
79 165
46 298
35 81
167 155
6 253
62 136
206 138
69 273
35 273
222 179
5 247
300 198
121 97
228 259
89 211
229 134
280 3
283 260
266 57
292 202
235 193
330 206
181 105
332 32
74 145
105 132
137 206
75 8
308 42
35 194
252 267
197 39
325 317
94 297
314 148
114 67
153 167
47 22
193 215
83 61
271 136
237 90
300 133
207 320
86 119
212 178
329 198
283 152
89 279
199 71
238 321
40 160
100 106
73 221
165 139
126 330
99 332
42 310
246 320
217 179
214 92
280 227
141 65
219 266
12 190
294 175
313 169
329 143
169 16
233 135
222 68
206 19
39 259
77 266
290 23
205 216
33 18
298 285
243 263
175 274
288 76
46 210
306 198
229 55
198 296
296 280
193 233
80 178
76 59
54 157
77 282
186 73
103 284
265 55
179 72
241 43
217 213
97 191
46 224
297 270
43 47
125 306
301 13
277 301
249 182
61 286
4 291
31 54
305 243
229 35
80 258
199 32
273 187
164 304
285 82
307 78
3 80
4 228
94 241
134 107
110 327
128 102
252 23
328 277
186 82
145 326
43 322
32 287
285 118
210 130
318 232
10 115
246 153
50 220
9 231
241 135
243 199
147 289
238 137
237 34
42 82
30 112
278 23
83 17
302 234
134 275
99 137
82 75
153 293
19 148
246 172
84 199
332 318
33 86
340 207
86 91
249 62
323 29
330 293
311 264
239 47
260 249
128 146
95 145
232 253
137 291
279 335
55 337
62 246
150 227
41 11
311 181
335 56
133 336
10 189
127 258
60 316
6 330
85 121
55 260
230 89
198 301
28 5
302 249
313 319
172 106
35 205
286 92
139 237
299 237
71 315
179 136
137 58
255 237
115 172
299 18
119 241
316 138
337 168
173 338
150 90
13 228
27 340
118 29
191 281
20 189
280 122
214 317
187 74
109 156
254 28
56 59
122 10
318 243
246 72
165 216
77 158
229 13
173 68
103 27
334 96
137 320
301 120
127 253
257 41
327 179
16 197
307 1
190 11
35 187
161 187
337 42
117 183
52 129
122 220
60 274
155 136
336 311
145 266
259 102
246 320
147 189
248 142
115 150
220 100
145 228
201 280
116 303
224 284
107 126
41 7
310 98
57 316
315 104
164 258
19 138
259 134
103 300
11 138
260 79
180 65
255 89
337 18
126 41
128 324
300 204
126 122
132 71
30 157
182 107
153 272
92 143
145 94
185 40
146 103
288 228
261 327
285 241
192 304
274 122
49 157
246 139
173 112
282 335
80 280
182 240
190 261
292 97
271 188
43 287
168 99
42 78
140 277
171 107
45 25
309 145
113 19
331 189
270 111
29 149
236 5
26 218
49 287
30 135
124 111
233 199
221 51
109 3
237 158
325 50
181 310
281 112
24 213
178 54
329 164
44 271
51 143
57 50
78 106
265 9
252 23
40 219
68 305
198 25
79 26
306 273
202 102
29 173
17 201
184 336
29 242
12 215
168 244
129 283
103 53
211 12
129 197
305 112
56 15
171 111
205 82
93 195
116 314
160 175
72 200
180 118
76 263
326 5
283 160
75 244
95 18
291 146
36 249
118 106
283 115
225 259
123 71
79 268
310 143
142 313
178 7
101 248
161 147
13 277
263 258
94 290
91 13
60 193
185 252
55 302
26 53
336 317
193 159
199 211
185 337
154 106
181 266
237 320
303 265
223 111
282 175
201 205
337 297
98 12
224 79
53 117
55 294
13 260
30 147
214 171
103 251
172 156
219 276
93 135
14 9
294 239
316 171
204 320
287 258
15 124
244 204
165 100
148 228
239 60
8 51
72 207
287 131
280 27
154 287
10 158
146 313
340 71
75 272
119 337
140 87
177 175
258 20
128 314
269 254
210 99
251 244
156 165
233 115
14 234
242 79
106 152
231 281
290 293
183 13
125 264
311 174
184 232
64 263
119 119
39 19
40 5
57 287
245 76
129 178
186 248
261 305
258 10
212 110
33 326
211 187
19 23
59 1
261 314
219 234
128 217
260 270
89 126
158 309
220 100
21 237
49 181
130 301
230 331
230 99
57 234
186 186
340 118
45 106
143 11
17 201
154 332
207 65
155 147
259 128
303 273
337 148
209 51
34 252
64 229
178 291
316 146
294 84
138 132
100 1
310 283
154 303
275 180
310 117
155 67
96 275
56 101
51 189
139 161
152 229
282 211
190 65
148 240
76 155
183 295
250 16
236 238
135 175
16 55
339 78
57 87
226 132
334 315
260 104
59 183
296 246
23 103
299 51
48 281
195 137
161 62
256 327
211 5
259 160
263 241
253 136
121 279
136 291
165 193
323 157
239 106
103 228
44 40
150 306
31 149
59 62
152 281
150 115
164 54
288 281
287 311
75 247
300 68
289 331
161 255
124 114
199 34
241 8
219 133
293 167
110 143
32 274
115 128
94 295
282 311
70 67
158 200
327 97
294 292
187 191
307 305
308 112
111 103
334 101
125 15
99 282
270 269
39 156
98 304
286 225
30 107
14 175
62 76
114 248
310 39
299 73
207 192
66 241
223 16
53 202
311 127
80 261
37 189
98 58
325 218
113 302
115 273
12 183
232 192
223 293
148 112
305 298
128 92
70 195
78 174
137 17
264 128
198 56
94 99
15 124
25 270
271 235
50 193
64 108
150 272
188 124
241 55
98 25
200 304
325 207
280 217
208 201
304 55
44 56
79 242
24 255
320 261
64 59
324 94
81 102
98 271
158 3
187 179
328 222
152 255
14 35
5 292
299 71
320 94
76 127
5 190
36 298
34 109
41 34
7 126
56 272
172 86
286 305
89 133
186 333
191 127
118 161
249 277
133 326
146 322
224 320
335 194
28 221
172 304
28 283
42 33
40 49
143 6
47 293
170 291
81 270
218 326
119 180
184 286
55 146
275 296
112 299
278 212
152 145
12 162
61 43
66 60
74 224
249 195
119 111
116 308
190 166
67 39
28 264
220 44
175 12
36 20
207 209
206 334
298 247
17 324
49 211
187 216
109 23
195 178
7 66
190 197
240 190
153 62
276 307
27 221
321 97
118 54
171 136
111 54
243 148
181 243
25 6
20 38
309 307
185 109
22 264
208 248
153 150
107 278
301 96
323 339
242 105
124 179
137 93
4 145
312 248
242 134
156 146
166 316
225 127
254 208
237 148
176 16
223 85
37 174
157 109
197 224
71 180
232 212
285 197
268 186
134 201
36 124
125 8
160 75
47 77
298 6
308 54
16 175
177 290
46 319
169 101
168 59
12 102
40 113
332 16
274 198
196 111
186 32
334 10
152 40
92 315
221 275
21 107
18 133
65 225
45 144
192 212
229 222
236 164
273 229
159 199
118 9
291 114
186 206
165 276
136 159
157 184
13 278
24 326
279 67
216 248
223 294
332 311
17 315
214 163
293 233
294 264
306 45
84 154
312 267
251 182
190 269
69 99
284 313
336 299
273 156
203 139
275 263
142 165
87 131
199 69
168 122
195 155
64 328
171 256
266 109
334 110
323 112
84 109
74 17
322 47
253 132
205 213
178 289
6 30
123 24
104 310
293 259
295 285
120 38
173 98
14 283
103 199
119 151
331 11
282 338
156 153
192 239
115 228
31 143
62 141
74 253
308 166
38 28
269 62
266 246
101 340
28 87
173 336
74 338
138 70
8 213
327 141
290 172
292 22
142 88
106 22
131 296
113 137
32 48
306 322
214 326
110 146
170 97
253 138
276 48
136 222
70 228
288 306
262 114
235 157
306 332
331 265
268 284
213 103
112 307
33 228
247 80
115 54
252 159
297 76
316 70
147 148
301 29
176 254
311 72
339 140
60 182
128 80
172 9
279 117
297 335
335 27
176 324
41 243
17 221
259 220
329 19
65 246
277 246
249 311
308 290
39 333
311 334
120 200
174 214
230 337
53 279
149 136
302 35
136 238
42 151
300 295
35 191
64 111
54 95
289 252
152 204
335 310
94 284
286 297
180 327
292 78
152 309
206 188
45 253
192 283
108 106
333 207
69 136
124 131
193 34
184 1
129 180
135 14
144 115
238 39
156 324
251 307
31 83
183 166
206 198
251 85
299 145
84 231
49 82
96 233
93 240
287 127
4 199
281 46
291 46
41 125
238 298
340 76
111 5
150 22
206 57
266 338
128 258
176 65
4 249
50 25
306 173
47 60
87 279
259 99
46 36
11 212
256 112
273 159
81 45
56 113
216 304
50 136
298 184
115 129
122 75
296 298
121 66
219 249
328 128
30 182
267 300
268 276
257 320
61 152
90 319
188 171
234 22
216 296
77 209
285 96
42 328
247 67
101 175
293 234
186 143
74 260
81 212
81 149
234 105
88 186
70 239
50 210
323 340
253 187
29 279
161 80
137 235
186 304
10 13
318 250
245 36
240 70
299 205
35 186
91 243
75 202
101 16
229 289
268 340
206 53
102 203
285 328
301 181
223 323
26 292
27 59
58 291
145 159
59 228
195 313
197 336
131 48
216 78
44 44
288 117
164 101
264 143
306 118
37 9
247 340
124 292
256 158
274 169
174 17
213 108
149 302
336 2
331 233
141 51
38 149
212 310
232 313
91 23
99 14
79 145
43 42
110 237
178 105
92 250
161 155
192 129
246 263
69 104
11 77
281 242
141 282
306 197
274 82
320 340
1 93
206 127
112 96
23 255
259 47
250 34
220 9
286 263
271 114
103 42
261 258
200 276
337 80
152 216
129 243
205 295
142 34
274 18
4 15
131 148
209 103
296 165
136 147
311 280
101 297
246 108
304 73
186 10
225 237
154 290
286 284
130 340
216 51
56 106
71 310
175 107
226 110
56 278
320 249
280 339
336 332
252 319
142 199
16 121
304 285
242 118
187 318
194 316
85 225
119 160
187 226
62 37
165 19
210 57
299 147
64 4
2 290
306 247
74 202
215 227
40 63
339 204
256 23
29 282
159 68
19 337
52 325
338 137
281 190
26 176
213 64
154 176
197 294
286 333
152 289
54 1
21 266
296 61
25 287
12 304
113 255
142 42
237 193
3 14
136 154
265 321
188 268
144 188
16 260
56 68
264 274
97 102
56 168
220 163
81 90
76 320
209 46
242 176
103 326
20 179
4 319
171 6
175 259
249 145
165 88
196 142
26 133
71 97
275 297
300 154
51 84
270 217
257 202
144 46
231 136
15 131
271 256
37 103
137 288
90 233
114 8
160 229
119 203
196 256
219 205
14 145
120 140
242 171
256 228
179 241
61 139
74 35
76 60
273 207
119 284
245 27
223 53
158 72
124 105
233 60
16 156
273 27
335 334
97 125
16 146
297 209
52 300
64 57
26 50
22 253
47 85
228 42
151 150
339 190
10 27
173 63
292 309
131 199
212 113
106 131
307 26
331 172
185 23
16 286
223 152
291 102
63 303
47 74
94 8
135 152
127 278
107 147
253 87
174 331
50 175
308 20
200 119
86 2
88 267
64 231
178 139
260 242
171 211
114 326
20 12
334 189
171 171
29 97
204 103
240 146
99 29
160 56
101 213
279 170
159 41
207 292
13 2
125 169
236 25
304 8
188 146
254 44
129 246
291 265
288 340
312 166
304 54
177 138
57 219
169 245
334 333
32 198
156 313
151 117
189 284
145 76
107 177
308 264
30 292
201 77
148 236
48 284
10 102
157 277
236 88
97 84
180 283
278 309
166 69
283 291
235 196
43 151
322 107
159 231
39 55
183 271
247 112
170 228
109 53
79 44
312 194
214 234
15 200
218 303
80 268
335 120
60 134
182 255
190 210
32 284
11 178
1 131
45 327
80 28
101 234
213 216
59 175
271 15
253 143
281 172
340 315
271 285
165 236
66 51
165 97
178 326
38 297
58 322
307 326
17 250
183 260
301 170
39 44
199 277
92 90
62 246
67 234
60 84
335 322
14 221
75 83
158 316
337 25
116 4
37 176
230 229
155 129
135 204
274 5
12 178
13 66
278 295
329 325
76 56
252 125
285 22
329 286
183 125
176 234
235 249
238 49
183 158
230 266
271 247
30 87
119 64
243 177
170 227
242 44
200 230
140 230
292 168
86 104
64 98
39 185
323 281
113 235
109 252
182 252
87 202
24 196
325 7
274 114
35 259
274 9
303 171
3 84
86 155
102 76
44 192
83 3
102 294
271 225
315 205
17 104
248 148
137 260
97 94
111 256
274 258
32 295
44 232
136 184
281 124
185 17
113 266
257 86
101 67
130 178
23 309
249 94
278 299
249 323
156 211
89 269
206 260
219 221
292 258
244 136
85 108
218 282
115 22
242 28
273 300
58 294
334 63
227 21
72 330
17 112
80 266
95 170
189 220
119 54
189 37
326 143
185 139
132 78
119 312
114 243
45 26
247 313
105 244
153 251
43 87
290 275
245 282
244 227
192 109
177 260
95 62
12 72
97 144
103 101
234 13
275 116
117 47
163 192
145 181
252 117
65 199
245 30
284 305
291 247
325 121
330 300
220 243
271 152
314 91
270 240
193 308
110 16
102 145
27 94
76 334
60 46
155 310
155 321
25 293
93 24
311 323
188 291
201 286
213 38
18 251
251 52
178 224
296 71
80 282
203 336
26 331
54 320
56 294
332 27
205 235
273 47
8 79
332 320
208 325
279 313
161 94
311 52
30 318
301 43
164 215
319 150
311 290
286 219
89 110
106 87
21 237
17 69
88 281
65 265
129 208
66 124
136 99
74 20
221 93
13 333
289 138
312 32
302 217
7 134
296 24
224 188
310 340
185 259
299 105
297 265
276 134
25 271
4 178
111 277
322 10
4 91
210 64
235 115
225 288
209 84
99 333
118 245
220 236
139 212
294 44
106 188
222 325
6 176
107 50
183 82
27 120
56 229
216 202
2 22
312 288
12 48
59 47
279 108
73 3
59 29
212 340
172 15
132 241
33 172
133 266
11 56
73 196
271 147
23 222
160 169
262 191
166 245
255 148
16 35
221 106
155 131
32 48
15 275
136 86
197 160
181 331
176 49
169 137
203 75
158 124
283 8
177 94
163 232
97 337
197 109
220 39
128 242
283 7
11 324
200 319
44 181
331 250
306 5
94 64
124 238
21 148
89 178
249 243
51 150
188 71
35 152
32 206
147 9
58 255
117 251
251 324
152 96
103 57
202 157
185 8
121 73
58 185
330 189
163 267
50 186
35 120
238 172
104 88
340 83
111 335
236 198
181 86
155 217
262 154
321 110
326 194
37 328
102 172
312 236
150 95
275 279
275 182
178 251
170 213
8 99
140 221
121 225
173 49
27 78
289 271
223 125
109 287
304 225
244 264
272 246
308 284
278 101
171 7
59 250
291 184
274 250
198 72
124 129
211 163
285 319
241 128
185 313
237 303
43 309
74 306
86 277
55 7
137 18
102 10
149 263
18 110
124 212
35 243
170 330
291 219
317 93
266 258
14 269
255 268
226 303
185 300
175 171
250 81
337 198
304 143
110 224
193 84
289 25
292 166
157 244
116 30
26 240
275 333
10 287
24 278
213 273
164 334
159 317
84 119
48 183
176 86
147 133
69 116
191 240
290 337
104 208
272 302
254 35
92 263
251 77
212 82
309 45
31 306
224 294
189 107
109 248
185 74
84 173
192 42
144 9
213 279
136 317
221 127
193 279
86 275
333 159
100 170
335 188
134 61
172 166
232 110
266 51
202 339
151 164
332 246
36 66
277 274
258 172
143 170
30 176
211 119
206 50
258 263
174 286
295 112
298 136
303 102
316 197
136 254
59 218
109 340
18 181
69 123
295 100
58 85
178 9
249 115
307 85
160 315
46 266
142 101
228 269
316 91
91 294
70 281
149 135
198 242
275 303
283 115
36 281
41 277
217 69
30 117
23 28
155 85
96 99
128 274
194 95
205 332
310 141
34 171
265 79
289 194
128 88
223 86
266 140
261 91
298 18
218 133
134 183
247 219
201 20
45 18
3 187
230 198
34 331
336 313
198 87
67 250
71 259
21 262
242 170
110 199
123 150
223 163
305 196
36 40
111 107
81 89
16 17
184 47
120 313
303 150
281 138
3 192
271 128
148 314
16 217
340 110
7 236
271 177
209 88
320 340
278 6
33 131
180 156
264 155
56 265
184 115
32 259
31 30
218 113
104 95
141 206
276 86
192 179
46 167
48 221
229 172
142 11
175 244
107 226
152 78
3 245
322 186
284 57
335 158
316 143
230 31
118 141
335 299
71 160
135 285
190 13
55 125
233 67
158 31
335 59
309 129
312 295
285 263
175 58
123 268
27 278
15 254
77 232
89 148
311 190
317 245
189 27
232 3
69 178
323 75
315 330
117 190
60 12
115 50
274 85
282 74
296 2
154 304
263 15
106 77
221 223
48 166
307 12
268 224
240 135
223 200
26 278
51 251
289 324
18 97
25 105
326 52
204 2
49 289
55 152
221 174
83 7
214 175
121 9
332 305
135 265
310 324
317 139
147 253
273 12
142 16
288 296
6 200
213 59
228 198
85 162
179 72
196 28
87 227
78 96
127 218
128 43
255 333
157 340
216 237
77 234
170 338
144 107
333 226
240 62
166 288
195 14
315 79
16 200
304 89
86 304
180 265
131 208
310 7
36 337
19 227
100 311
89 152
273 26
79 116
324 60
103 47
290 208
8 163
51 22
326 322
221 47
221 112
182 285
242 103
127 100
80 132
114 72
224 47
230 188
277 48
208 194
254 283
93 209
209 191
267 277
154 98
199 154
239 106
322 248
117 161
209 56
301 215
102 119
259 189
174 55
22 196
261 198
177 30
67 66
28 262
210 67
220 230
212 2
159 188
49 205
72 43
51 17
33 303
65 193
139 312
53 169
311 27
76 298
156 68
162 180
280 218
315 202
247 24
205 163
33 217
301 258
181 169
318 7
173 218
115 14
179 122
73 262
256 308
114 4
324 225
86 259
315 34
255 317
104 185
208 28
153 84
315 56
20 325
302 296
1 286
183 10
30 192
42 195
45 302
144 251
212 173
201 300
301 60
112 160
5 319
246 254
200 207
102 284
191 22
287 297
26 77
216 27
56 337
224 332
335 206
170 211
168 310
161 40
107 154
194 182
325 142
85 67
292 7
161 214
283 87
280 128
48 158
152 120
242 193
216 72
178 25
258 32
137 108
86 167
274 112
42 255
27 283
257 41
231 37
13 118
45 233
191 129
191 324
247 161
289 285
94 258
256 129
34 14
193 67
111 199
273 260
163 100
95 330
120 220
322 111
116 4
337 249
147 258
190 95
140 279
119 155
268 59
331 24
121 226
133 62
197 102
145 165
179 206
189 161
58 253
244 136
230 219
187 182
62 190
336 259
247 64
73 227
298 134
191 288
2 326
97 279
337 82
35 9
124 327
184 100
227 67
126 287
34 191
124 269
284 48
261 259
140 97
47 53
28 196
337 41
218 288
286 78
208 39
183 224
169 241
205 338
194 9
223 224
279 249
288 99
246 48
192 259
294 210
340 268
175 157
92 233
42 114
80 123
68 282
36 12
248 140
15 228
261 157
19 145
128 271
147 165
261 291
25 159
83 151
131 160
79 95
272 81
271 279
338 165
219 303
40 252
224 298
306 308
242 313
28 169
77 59
227 206
33 37
218 199
241 309
1 226
304 175
315 183
142 218
256 320
201 220
18 142
88 243
187 120
240 282
175 268
210 321
340 86
132 3
301 8
52 53
174 93
266 219
111 235
31 22
300 242
228 274
289 55
272 36
53 40
36 269
277 259
18 86
269 2
288 85
209 192
287 15
186 52
208 130
32 92
69 3
178 159
319 39
199 44
85 118
19 312
263 122
113 327
157 179
31 112
179 142
47 92
49 324
119 196
14 327
76 204
323 167
255 288
186 183
89 131
207 70
220 210
221 66
105 176
28 286
131 262
78 294
317 266
62 230
198 312
20 236
304 21
146 176
149 209
248 65
315 200
279 277
164 62
106 41
302 211
60 219
231 232
221 259
222 307
147 98
232 245
48 199
139 238
276 80
20 244
320 46
49 327
118 62
79 16
44 27
230 267
110 237
179 31
18 338
7 299
174 290
44 256
63 217
158 107
215 97
231 230
306 290
145 49
247 244
112 22
29 239
209 266
298 222
198 144
217 123
251 75
178 117
275 31
299 220
259 154
92 216
100 296
38 100
120 200
280 195
302 183
65 80
307 23
86 238
67 82
47 120
255 108
141 210
260 130
235 238
242 107
22 273
332 258
232 231
260 201
172 112
79 253
276 71
178 17
35 66
89 114
245 311
115 137
327 14
107 12
92 110
206 90
66 167
131 118
332 322
264 122
29 160
160 259
84 247
239 35
97 322
326 177
288 71
245 63
267 251
5 29
251 278
144 64
118 131
23 53
165 45
53 121
238 179
285 132
263 92
206 4
23 202
108 51
132 206
163 60
170 144
189 81
8 210
336 66
127 110
221 329
182 142
150 196
164 8
22 145
98 57
154 313
226 119
292 168
184 251
117 311
246 42
173 271
199 315
249 280
229 43
201 308
250 262
78 260
136 85
90 6
215 233
191 247
293 160
48 144
238 194
281 266
241 138
39 115
39 252
71 7
245 258
31 244
42 264
308 274
237 68
105 25
198 240
117 34
332 110
254 143
30 1
198 217
139 57
126 155
277 173
310 66
130 10
242 202
90 65
261 82
95 140
92 106
41 272
34 34
315 214
253 254
4 42
9 216
207 303
232 288
145 232
35 86
125 282
216 330
267 287
41 162
40 246
202 62
171 65
312 218
129 265
222 227
64 63
163 260
66 213
20 267
40 250
242 65
306 289
20 141
96 49
310 8
270 124
320 307
58 148
167 237
93 67
258 24
80 336
234 333
334 222
179 307
39 237
64 54
48 167
74 330
225 101
87 279
114 315
59 330
41 167
4 158
80 336
2 300
335 287
90 18
218 251
338 336
79 93
24 90
38 320
122 44
19 104
115 222
165 5
297 82
157 220
146 5
313 153
64 162
49 162
214 45
66 302
30 249
229 299
25 238
317 88
15 61
103 272
278 257
163 298
220 230
196 257
121 220
55 38
23 4
147 177
154 307
253 58
221 317
135 277
263 276
211 296
105 68
220 293
15 289
118 198
88 296
182 222
123 166
179 329
277 128
158 5
335 187
278 192
106 24
154 122
224 309
332 257
194 266
247 284
299 296
261 102
73 274
318 9
24 315
240 110
150 45
233 166
11 230
12 158
115 179
283 8
20 324
198 238
288 39
220 289
334 224
203 309
279 236
233 16
42 219
134 200
306 34
193 135
88 326
12 330
176 307
83 148
18 125
306 296
210 275
98 49
254 264
78 186
40 284
141 269
144 120
317 121
306 129
141 268
157 46
317 145
278 12
339 317
25 325
111 71
331 310
87 21
53 285
199 146
223 290
23 8
255 85
163 73
256 41
168 48
146 137
9 289
139 209
279 292
174 56
299 293
120 155
113 161
181 36
241 340
321 328
170 333
22 94
244 242
159 207
222 182
34 100
162 188
300 146
170 267
216 66
2 117
269 171
143 87
45 52
19 169
128 315
260 248
314 321
172 88
59 253
15 152
113 275
232 123
327 24
180 167
75 199
253 176
124 245
202 155
23 207
286 240
328 137
181 250
107 319
157 305
152 13
180 208
81 21
100 116
26 197
147 48
310 206
52 110
243 325
328 126
203 132
244 322
309 261
212 58
242 337
176 288
279 165
71 16
232 150
262 190
40 109
275 11
288 116
326 319
49 56
151 16
192 198
314 315
151 146
66 301
215 309
130 50
162 136
194 221
21 322
87 126
326 278
195 162
298 312
112 241
337 166
86 9
69 36
115 289
97 185
80 148
264 19
87 314
39 104
226 126
30 77
103 279
224 193
57 321
88 243
224 209
288 333
335 280
281 153
159 119
5 129
325 156
8 111
222 74
220 67
287 159
101 211
38 219
213 27
47 209
252 312
202 24
30 97
258 309
14 135
138 297
113 149
206 254
249 172
297 331
51 220
254 119
110 67
273 305
335 279
9 148
270 139
67 227
86 186
137 100
220 75
26 260
267 245
85 305
79 320
113 233
148 42
231 14
21 29
129 234
303 331
189 226
311 78
25 94
205 316
266 298
15 272
77 245
232 47
242 58
315 171
22 288
186 79
10 227
77 149
75 143
79 65
230 166
115 107
98 233
33 6
230 35
119 58
283 161
1 264
314 269
173 82
169 315
212 92
99 217
18 223
31 146
64 35
313 334
84 1
229 206
275 239
242 328
132 8
99 315
292 171
148 82
295 36
72 183
305 264
92 234
247 140
230 172
124 295
4 112
12 268
155 2
29 100
152 218
220 147
1 169
63 275
125 46
84 242
165 302
173 286
230 211
284 82
219 137
44 104
95 157
94 73
228 43
265 90
72 67
151 271
227 286
58 8
280 120
324 111
52 144
82 242
36 147
169 63
36 315
9 185
152 27
279 78
133 297
253 123
9 151
303 340
29 104
205 236
59 302
139 194
255 202
226 211
214 246
8 212
57 53
41 290
82 329
67 252
75 247
155 241
68 206
158 241
337 210
232 150
276 108
114 132
231 150
326 164
302 242
68 262
284 148
287 253
332 107
133 62
198 305
193 264
298 177
54 305
133 32
134 106
97 107
338 276
259 51
185 31
187 197
190 291
70 164
256 100
194 123
180 335
305 34
133 122
331 125
263 209
132 35
200 74
170 225
124 23
17 89
21 285
112 101
3 215
169 48
126 41
255 70
112 313
195 235
111 55
117 334
334 194
135 308
194 4
184 340
109 260
25 105
129 232
276 174
215 250
6 75
7 189
336 117
251 63
190 199
67 191
49 7
140 111
245 307
294 132
314 246
13 317
317 113
248 23
252 76
120 30
23 275
87 269
160 21
206 81
318 191
103 24
254 34
46 274
142 140
175 43
248 141
71 289
320 201
62 21
234 307
110 175
233 238
184 133
235 137
279 109
135 57
44 292
150 100
294 208
165 9
83 64
13 258
248 121
202 25
207 192
17 271
199 172
69 238
134 301
306 190
9 280
168 112
112 83
75 105
121 230
252 133
169 58
180 85
108 268
55 96
317 44
116 111
175 121
246 154
28 59
133 203
112 34
72 275
117 184
278 152
239 54
164 142
51 324
234 179
15 59
303 163
271 194
23 79
130 138
302 260
247 166
257 99
282 179
126 146
280 19
283 82
319 240
85 338
108 79
286 290
210 270
167 265
224 115
167 54
253 186
89 176
289 72
164 7
224 262
145 107
47 163
208 127
146 195
272 215
332 162
222 82
145 190
117 292
75 71
326 108
10 128
50 232
173 56
193 150
71 220
220 82
253 333
116 94
34 263
15 259
216 17
229 333
5 257
134 231
1 299
68 99
110 66
225 259
58 204
286 13
58 329
183 14
253 104
141 311
186 23
146 63
149 220
55 186
96 165
203 254
272 191
281 293
240 178
301 199
126 336
37 307
268 282
165 283
260 270
333 72
214 185
278 205
304 9
232 312
198 191
50 52
230 236
5 154
78 201
48 333
204 299
8 153
203 231
2 32
90 190
133 146
13 161
175 229
217 298
58 159
270 205
235 22
35 182
287 325
179 305
207 309
50 62
67 233
223 125
273 284
16 241
296 294
138 248
32 336
227 327
183 297
106 311
82 146
237 188
340 28
135 288
312 256
60 217
73 165
300 83
112 27
131 125
5 227
136 14
11 31
35 329
264 192
4 26
15 200
188 144
201 179
322 122
217 250
164 297
149 74
231 291
77 323
91 111
237 241
336 273
273 176
51 136
141 333
15 143
271 217
262 227
232 330
147 270
250 257
98 69
113 103
227 185
22 279
98 315
186 47
62 250
190 203
103 257
18 141
66 148
63 263
112 310
290 137
158 120
107 227
70 254
167 179
305 237
340 309
30 140
266 104
54 226
326 214
180 79
39 59
290 271
265 134
172 157
257 81
161 115
12 230
17 129
112 42
156 15
89 268
158 257
12 43
300 68
325 35
242 125
284 315
136 150
289 76
13 328
50 241
201 126
10 134
49 51
45 219
323 293
227 39
80 177
204 44
237 116
242 278
191 298
43 77
209 82
127 55
139 290
275 206
69 311
33 257
187 249
263 186
322 25
27 101
27 53
234 292
250 248
104 251
256 160
275 313
125 134
334 198
275 125
94 216
211 113
73 242
129 279
291 24
321 292
323 303
69 144
107 81
139 67
27 206
54 32
88 160
244 191
216 227
17 214
10 124
184 245
189 230
174 253
331 123
139 122
53 106
319 10
253 115
170 147
323 170
133 284
310 71
312 174
205 298
219 113
77 171
327 307
148 304
19 200
97 253
121 181
18 262
249 140
164 71
300 204
18 129
100 303
291 224
180 302
287 212
143 189
226 311
198 186
196 46
334 157
230 58
217 33
189 166
234 225
70 140
87 312
307 253
279 121
55 79
140 233
227 138
133 182
114 333
179 115
252 4
319 20
142 23
239 21
159 200
277 199
291 59
21 334
12 210
300 270
47 108
300 210
124 262
100 213
260 26
284 138
133 101
215 163
264 308
294 263
7 296
64 76
49 277
232 253
291 340
66 47
99 320
333 259
78 302
179 230
248 144
124 198
271 163
60 136
188 29
9 310
18 324
255 12
271 121
181 239
16 230
320 272
51 241
314 210
317 199
340 128
210 172
319 340
100 316
40 15
40 19
109 61
59 231
74 152
90 190
205 306
40 46
111 94
51 247
185 318
97 206
212 186
311 31
219 321
312 159
135 243
175 106
269 179
284 323
67 58
86 260
34 50
51 89
163 73
27 46
12 6
198 243
262 297
190 165
52 45
316 99
95 114
26 57
85 243
103 34
128 235
91 55
282 46
257 18
120 20
188 129
214 93
337 101
246 155
207 116
27 188
73 61
280 307
9 55
72 297
148 64
146 157
213 237
134 13
241 20
93 60
10 153
94 317
63 37
147 150
35 34
246 161
145 292
96 224
109 33
94 228
165 89
125 294
96 83
253 157
33 108
6 201
219 266
225 224
303 89
143 15
194 254
25 242
235 254
157 276
327 135
94 105
336 167
74 127
63 93
166 316
94 285
282 322
108 180
249 202
224 230
24 18
130 243
333 165
61 154
19 202
154 44
221 291
195 14
44 227
58 79
137 21
114 266
324 325
303 90
313 128
162 303
331 249
316 104
122 294
169 83
185 327
144 97
139 291
154 75
10 90
59 277
226 59
155 173
85 290
68 153
39 200
37 41
62 333
337 278
334 189
304 168
214 4
192 289
302 32
297 260
204 98
185 225
128 179
29 174
328 281
69 103
307 176
181 280
220 185
135 314
301 311
234 170
185 288
296 312
337 147
4 17
79 276
82 157
19 140
33 18
243 199
287 138
65 84
133 142
145 290
182 338
219 107
225 305
108 104
11 120
248 199
312 193
269 294
217 218
283 176
123 191
94 60
314 3
328 109
300 125
287 43
147 28
151 102
303 175
247 136
217 269
137 291
94 155
288 169
86 172
166 61
279 288
99 294
153 259
205 222
215 18
49 91
72 30
260 168
90 271
56 266
307 263
1 74
290 210
135 307
51 208
103 121
332 75
72 147
182 313
51 163
75 118
303 270
135 11
24 15
113 304
50 20
36 286
295 189
243 284
190 188
312 213
3 196
3 5
302 147
269 3
222 44
261 225
118 58
147 82
59 32
131 123
176 91
93 128
336 93
284 61
272 90
85 65
239 339
110 175
259 37
302 83
167 195
14 268
23 259
140 260
325 201
95 320
328 215
167 305
95 271
330 305
109 11
172 169
316 100
66 286
270 284
128 324
296 105
175 322
168 135
212 172
164 144
93 91
289 156
227 3
313 272
12 173
248 60
149 259
186 295
111 281
314 330
254 178
38 106
214 318
46 275
246 40
17 42
25 210
318 147
69 158
264 164
15 131
68 198
202 23
214 30
72 330
329 328
148 67
54 50
184 286
188 24
19 164
134 133
70 340
272 126
295 269
148 100
205 306
34 43
19 242
261 148
