340
9248
242 50
23 180
172 129
10 15
311 124
286 267
275 76
7 192
334 125
311 167
120 17
74 191
98 71
111 127
159 173
105 325
212 123
310 165
76 81
288 31
134 214
183 145
156 46
141 220
168 337
246 116
156 44
108 213
322 79
178 12
334 70
76 131
315 256
293 270
64 244
44 110
9 319
211 101
222 68
209 309
133 217
34 64
237 322
162 95
20 146
24 135
170 37
267 100
102 142
226 18
238 249
46 254
264 3
11 136
50 50
152 294
35 243
259 261
16 38
251 293
43 301
121 120
51 323
181 297
223 142
76 161
77 33
60 288
67 170
86 314
286 170
95 248
153 226
162 324
152 199
3 260
237 302
276 250
142 323
230 195
61 102
292 282
314 207
339 168
216 325
304 268
192 131
71 52
306 166
42 214
229 82
301 335
248 189
54 315
218 179
312 151
102 266
333 204
234 76
254 285
68 60
162 250
132 34
107 23
279 163
35 111
268 196
134 238
337 265
232 303
254 137
2 177
296 218
90 277
78 264
308 48
3 101
174 86
288 139
31 253
153 106
330 57
257 336
193 9
307 241
267 11
237 144
105 54
142 330
185 168
141 270
210 150
299 311
81 61
17 83
147 94
240 309
196 114
126 64
51 287
69 94
213 28
180 5
48 44
146 251
113 187
256 104
11 125
173 7
211 307
197 334
98 195
129 29
316 291
52 11
236 233
158 332
306 316
278 271
164 104
241 125
264 80
332 162
204 37
250 320
240 339
110 191
113 137
142 313
107 24
13 5
5 194
18 134
93 272
124 288
160 12
162 125
247 168
61 102
239 82
62 291
91 166
260 15
121 236
178 335
289 269
316 10
109 166
275 177
40 168
260 94
286 56
323 161
153 15
51 136
330 204
281 186
191 85
187 120
7 9
275 131
121 209
150 94
253 233
96 295
311 243
270 270
50 316
126 309
235 311
9 328
25 50
34 333
230 312
90 179
90 269
44 145
278 111
257 76
305 231
46 302
227 326
232 4
217 155
314 220
64 157
47 204
50 195
60 20
19 18
285 339
1 272
244 168
29 61
197 80
246 271
139 283
56 82
253 307
49 333
68 237
100 309
103 15
191 180
115 236
117 290
15 230
92 240
278 155
222 178
289 314
200 212
94 57
242 308
217 114
94 286
182 191
220 169
124 27
38 292
14 65
70 144
213 45
9 307
43 261
80 135
325 11
31 248
194 18
215 79
88 278
150 213
52 149
20 34
131 301
168 259
131 186
267 44
89 13
25 208
78 117
151 131
337 87
191 128
64 285
105 324
308 35
210 40
270 243
175 238
8 296
188 28
27 91
210 116
50 313
1 230
251 318
4 241
186 5
93 173
47 98
289 266
107 44
240 232
19 269
104 187
135 61
307 123
12 30
217 304
333 166
77 198
207 204
135 147
279 23
234 21
63 58
185 46
201 200
55 268
313 275
176 102
326 264
44 2
286 296
205 143
306 314
197 68
37 70
76 180
82 55
106 122
173 15
39 231
206 57
324 62
111 121
200 34
179 163
128 252
319 332
284 209
55 54
165 283
138 323
14 44
261 120
28 7
49 185
78 327
12 194
102 121
203 214
300 308
293 246
275 227
168 319
107 53
113 321
34 1
24 167
336 163
65 267
178 321
176 276
161 321
154 283
83 47
232 225
77 69
256 120
329 150
86 242
178 32
124 296
180 194
62 233
40 12
27 134
131 265
302 337
158 188
108 215
148 53
18 235
117 4
147 64
115 141
90 163
154 214
56 147
71 131
124 270
77 143
132 54
130 150
37 204
232 170
17 281
94 324
294 231
154 32
179 238
187 85
239 116
79 165
148 217
233 294
203 42
172 219
91 75
186 185
141 37
302 59
234 296
289 12
326 220
53 237
186 51
271 287
4 101
80 189
281 89
13 124
297 49
182 152
194 268
329 98
187 245
288 6
18 56
97 146
139 207
284 275
156 56
223 243
92 251
300 76
235 45
169 186
186 17
236 127
37 138
236 137
196 58
171 115
13 302
199 300
16 206
311 295
57 335
255 12
169 265
116 81
190 142
204 82
327 212
288 76
330 294
271 97
30 155
337 75
157 58
26 270
311 69
104 245
241 160
185 261
45 170
114 17
273 123
276 338
98 142
9 331
107 199
125 246
156 236
121 114
56 48
121 279
64 136
60 175
294 19
339 198
104 283
240 276
169 108
227 218
98 156
241 288
93 189
131 224
20 57
16 61
193 55
138 198
93 20
36 313
64 224
14 104
206 313
56 211
160 102
9 42
196 265
306 166
164 299
112 254
300 198
167 175
113 114
170 34
98 71
77 290
136 142
18 46
109 231
192 303
253 279
174 92
162 27
160 130
31 33
38 78
337 70
84 70
170 264
338 180
9 165
211 123
310 259
15 73
12 143
277 59
109 114
50 42
143 245
289 125
23 134
236 188
186 290
207 52
191 245
75 140
332 88
145 228
172 26
191 2
164 202
233 251
159 214
107 169
222 272
218 279
129 242
175 48
171 198
168 192
229 269
38 200
85 160
15 161
210 142
45 156
89 299
183 148
331 224
334 34
88 116
324 296
290 99
149 177
131 114
64 234
148 155
38 243
171 117
94 211
161 253
302 17
97 264
129 149
332 210
221 121
120 47
30 225
55 263
123 304
165 321
146 63
159 56
156 282
324 25
194 309
18 91
95 43
35 53
320 32
52 307
155 70
287 207
18 300
266 126
185 21
74 186
161 159
326 9
257 214
335 315
150 197
231 283
120 292
10 77
290 133
91 281
2 158
134 308
59 121
203 187
257 312
180 118
330 210
272 208
100 193
289 201
307 85
293 247
69 103
213 60
20 271
319 231
96 113
264 236
313 24
214 121
100 50
145 25
144 283
275 334
170 329
53 306
43 140
100 203
77 314
281 66
127 272
237 202
162 310
296 253
320 13
47 197
16 329
167 211
89 195
159 48
159 88
47 220
49 251
152 279
280 242
84 125
15 339
106 270
331 253
218 178
47 276
76 161
183 116
7 18
119 183
263 253
262 166
28 260
27 168
195 78
75 112
19 180
196 187
255 170
83 8
51 316
39 188
272 158
12 310
9 9
8 257
148 53
89 204
16 7
335 217
288 51
334 269
276 200
252 96
117 321
298 329
338 64
84 297
10 227
212 54
314 133
144 38
112 202
216 88
18 163
209 325
271 139
315 103
189 318
125 149
52 335
332 307
113 139
249 242
221 117
190 129
185 302
111 235
88 72
165 146
189 40
85 127
185 65
93 169
250 52
279 337
71 222
142 334
112 185
112 340
331 254
248 77
161 227
140 274
189 24
131 254
314 144
58 253
201 214
215 65
92 159
44 110
38 4
246 197
151 79
318 51
329 131
204 338
85 78
55 82
137 330
108 72
184 211
29 167
86 194
21 237
302 142
21 152
21 12
99 94
183 40
313 155
166 28
222 304
116 146
267 187
174 29
119 96
222 35
218 158
287 257
274 175
268 134
72 78
330 220
333 295
304 220
313 214
273 252
202 326
31 287
95 296
134 228
254 239
291 174
217 340
219 304
227 25
223 81
35 58
309 62
172 138
130 187
187 26
23 38
74 115
261 106
169 125
96 270
317 150
227 294
164 204
198 289
322 178
161 181
331 323
226 79
136 204
140 37
191 72
108 192
255 174
199 198
45 248
324 111
249 136
313 117
241 336
112 77
221 307
115 296
219 207
280 73
307 224
316 97
153 4
49 137
139 142
314 275
123 290
138 13
247 237
128 290
122 62
248 263
139 332
265 35
340 298
204 36
145 58
160 133
112 95
104 316
171 45
126 104
267 26
68 225
249 90
313 124
307 185
71 317
337 258
198 256
74 211
231 123
201 207
107 212
287 23
172 255
247 278
69 207
211 86
58 282
73 322
216 250
190 1
81 41
221 107
24 317
315 90
170 16
64 242
56 325
5 218
195 154
88 202
25 191
255 111
308 141
250 292
277 94
158 248
339 310
96 56
67 263
11 312
325 16
203 29
240 32
32 325
142 202
28 69
134 333
140 151
90 285
87 50
159 241
69 231
304 168
28 36
230 52
23 148
126 42
169 233
303 230
73 215
44 23
126 143
291 36
207 20
315 82
84 74
182 9
64 239
27 311
44 102
310 203
69 152
327 126
202 274
15 315
207 134
14 15
143 93
94 313
304 140
197 177
138 269
302 117
131 104
66 19
228 217
21 87
185 193
56 36
12 120
117 316
122 220
50 186
323 308
4 175
339 312
173 166
22 244
273 24
72 22
223 142
295 163
321 275
172 270
35 322
14 42
68 222
141 154
287 234
91 108
97 266
225 14
3 190
229 23
172 59
146 236
227 293
313 277
150 281
237 267
66 91
222 216
263 80
127 73
39 90
205 124
280 48
141 43
131 86
234 197
287 156
35 287
197 123
134 338
269 331
236 123
104 6
115 57
274 253
333 193
85 64
219 296
44 135
309 145
313 82
25 71
114 300
73 7
19 332
206 28
55 176
203 165
124 115
220 115
14 30
303 77
15 51
248 334
158 285
44 172
273 293
64 256
29 192
169 110
242 60
306 256
115 150
122 318
32 28
262 292
87 300
115 224
37 149
317 130
54 241
271 215
322 254
149 45
273 86
7 268
332 27
243 317
162 290
280 69
74 21
216 172
36 265
27 253
183 198
49 237
164 221
37 179
136 116
83 68
287 192
201 233
222 337
246 311
289 15
120 42
219 190
198 56
277 62
22 140
52 46
133 84
68 125
322 39
77 51
280 33
283 152
169 174
238 73
88 1
145 159
300 283
148 161
71 37
207 116
181 86
207 33
188 298
52 194
219 263
232 215
3 274
327 212
38 43
174 204
221 254
247 224
223 27
255 187
118 203
307 308
106 123
256 25
196 16
243 107
244 335
82 304
206 338
137 321
178 144
298 299
321 51
218 314
8 257
59 334
237 163
207 142
154 2
100 315
18 85
126 250
232 118
226 114
206 321
310 141
220 272
260 247
98 21
291 140
201 302
340 19
48 99
283 32
208 173
175 89
285 290
295 96
301 101
84 63
137 42
301 75
95 37
310 134
181 218
210 174
47 123
61 298
61 93
295 255
335 33
159 255
322 162
38 9
108 168
338 46
73 120
167 330
194 234
330 5
115 329
7 80
104 292
77 288
177 89
299 292
334 220
20 307
318 172
135 304
18 218
204 193
119 163
77 318
18 171
23 261
308 39
330 332
243 92
90 200
69 2
12 13
147 48
116 76
187 129
73 87
177 258
119 13
297 223
332 282
28 62
237 239
335 335
285 112
330 234
302 123
139 41
222 15
16 247
192 159
146 200
124 47
218 42
3 318
216 310
45 145
13 49
278 284
31 149
257 223
124 73
266 252
239 51
192 272
268 19
253 42
116 288
105 42
316 134
204 32
112 199
24 10
62 48
162 245
296 129
289 110
94 21
35 290
11 205
129 230
85 272
309 271
313 97
171 139
239 99
35 322
183 323
211 247
204 172
306 68
61 320
333 78
178 314
105 43
338 269
123 13
241 199
293 142
65 80
18 259
44 238
118 149
145 175
119 149
205 104
264 316
311 239
297 292
234 325
228 155
224 319
56 291
134 74
226 220
298 114
276 81
230 161
291 153
174 319
243 337
335 243
278 268
231 157
29 177
203 336
145 320
230 16
28 127
25 55
139 88
166 94
314 274
59 72
237 232
15 4
146 108
39 210
330 264
82 150
221 8
68 332
63 315
29 211
262 169
240 198
322 246
278 147
190 236
244 93
287 171
263 286
219 297
193 59
248 219
99 182
108 338
170 23
51 46
106 248
145 166
77 313
4 265
145 198
5 135
98 71
173 263
133 306
95 325
247 164
58 81
337 50
54 148
277 127
65 124
108 312
210 2
140 63
196 173
136 96
70 38
241 165
325 113
30 102
113 54
215 47
64 78
36 299
234 324
238 280
131 313
33 280
212 297
76 278
179 218
230 43
106 90
51 324
227 164
276 212
53 85
308 288
133 287
339 173
340 304
160 50
322 67
194 317
211 124
114 116
83 33
58 37
256 53
44 314
105 278
322 5
32 311
321 223
317 274
147 108
1 253
99 173
11 225
96 127
63 18
286 89
331 308
172 26
50 316
40 161
1 150
331 43
111 113
210 309
315 132
108 208
125 159
87 36
159 87
180 301
131 80
79 244
283 194
57 170
331 333
13 253
161 203
121 148
266 210
141 197
26 159
283 54
207 50
5 23
58 208
255 254
255 104
260 100
66 266
168 276
221 11
20 292
8 135
322 250
212 13
127 78
156 306
277 4
113 163
152 305
65 299
117 242
335 63
274 145
308 77
13 179
173 81
102 127
296 251
77 232
187 111
201 122
196 222
290 190
220 113
300 24
50 143
186 35
6 187
232 250
285 73
181 262
276 229
187 278
61 9
10 156
117 158
52 128
222 201
12 309
225 15
149 305
255 188
101 234
147 310
270 191
40 239
234 82
100 4
331 5
153 323
270 241
333 204
51 55
198 269
146 253
25 98
295 240
297 171
65 337
78 118
289 204
274 50
56 296
225 57
340 168
215 124
32 290
30 160
246 195
306 14
223 63
84 97
298 171
276 210
10 287
267 69
198 168
259 78
150 284
279 77
241 115
166 60
233 331
153 7
204 312
242 51
177 145
236 315
248 22
94 136
70 249
269 273
93 226
265 11
57 275
194 20
305 297
257 39
33 94
176 184
58 277
75 13
259 39
272 216
294 215
244 12
240 149
79 159
66 236
120 44
160 199
95 172
135 249
212 200
64 5
268 315
46 81
48 227
117 54
309 271
138 245
169 189
29 283
128 7
208 252
184 181
132 145
235 141
18 146
116 61
178 26
99 158
17 301
51 44
229 219
78 118
29 234
67 86
186 295
112 205
267 91
165 192
44 13
84 314
334 186
268 29
324 166
12 102
269 281
255 136
16 146
225 89
135 49
166 199
146 80
144 334
85 82
45 321
206 338
103 35
130 26
79 214
39 36
207 100
184 65
326 255
290 275
52 17
175 198
82 21
251 158
193 59
60 28
32 78
329 298
169 294
259 200
100 338
94 263
40 189
297 171
226 34
207 102
87 170
253 72
89 225
75 249
339 55
47 193
299 104
285 249
149 273
173 147
271 256
73 298
305 81
323 156
246 98
106 230
113 31
99 217
91 171
3 202
100 130
212 122
126 83
31 19
103 334
149 51
113 134
252 32
300 251
285 270
311 109
313 204
261 48
237 95
141 314
95 240
310 60
70 174
50 291
335 320
157 52
256 294
3 225
317 29
64 147
159 124
284 145
179 69
135 198
137 112
323 163
2 303
275 89
311 196
176 305
328 287
134 320
82 332
227 47
89 268
246 263
333 138
51 257
194 61
39 264
192 115
308 63
141 338
73 271
19 172
200 105
179 203
311 309
80 165
234 219
278 264
147 235
311 335
23 220
191 221
290 196
84 51
129 61
155 219
339 255
157 225
110 334
306 300
272 87
222 257
176 8
191 23
46 140
157 132
211 283
330 1
243 27
77 218
339 83
317 71
211 72
218 295
78 275
68 107
332 155
195 39
8 237
329 132
225 10
330 50
262 85
302 102
57 111
11 154
324 327
291 217
39 132
264 32
63 50
170 45
120 339
286 200
11 275
5 310
284 268
206 88
57 277
23 180
24 296
162 261
248 18
297 289
339 57
252 245
308 52
210 275
283 142
318 170
330 289
139 182
174 147
239 62
329 134
219 24
214 256
4 42
176 107
240 20
202 163
55 64
249 316
51 262
12 217
206 46
167 336
130 87
129 328
103 70
179 163
45 126
76 31
290 289
246 164
336 86
114 168
74 270
5 121
122 226
244 60
130 229
311 215
224 329
106 123
211 30
53 298
217 159
90 339
178 213
147 279
106 276
219 130
298 19
169 141
7 30
270 64
149 171
148 51
131 176
269 121
250 272
113 19
334 172
268 194
281 76
241 36
247 149
271 107
224 141
24 251
96 128
9 22
43 285
291 194
199 326
298 130
146 207
319 297
233 336
337 103
308 130
259 289
332 185
321 205
286 88
295 232
222 301
300 58
120 175
121 64
79 334
16 21
60 155
178 18
291 268
208 98
122 148
59 310
144 245
74 288
144 258
13 256
125 152
43 206
108 321
238 286
253 5
232 222
208 116
290 258
273 185
217 61
175 248
30 300
68 217
291 134
76 105
65 62
336 87
104 5
210 25
127 129
278 300
138 195
71 27
97 249
154 52
252 97
24 209
198 262
116 237
211 55
110 149
126 53
209 172
169 244
24 183
252 335
177 303
332 153
213 148
273 119
224 168
62 51
53 332
316 110
230 59
201 174
63 189
207 335
163 231
210 156
151 99
255 118
120 251
217 310
60 111
235 11
320 142
86 189
308 253
340 189
303 304
37 308
289 156
187 299
197 166
88 44
30 164
298 304
318 15
266 61
38 332
107 40
145 46
73 203
224 83
6 306
48 276
266 185
275 93
137 61
28 20
265 11
315 245
299 73
146 50
52 82
313 243
140 120
23 135
323 70
171 312
3 287
208 220
330 241
222 1
318 64
238 304
293 255
158 113
299 85
172 89
233 261
204 213
266 50
146 49
218 116
31 335
115 118
272 256
83 249
272 11
338 293
199 187
74 234
158 162
265 30
155 216
151 169
114 243
157 283
122 295
208 263
8 242
166 294
241 192
254 246
16 115
6 130
38 41
314 158
295 196
266 276
26 40
132 266
247 105
251 327
47 249
143 190
121 241
64 166
22 187
42 315
168 320
204 262
142 81
171 91
158 9
162 225
252 25
212 186
106 25
227 20
46 199
162 86
115 97
69 9
150 15
230 304
263 150
128 45
277 48
132 203
255 69
169 169
11 1
333 317
310 228
27 316
45 31
19 176
259 3
118 170
29 304
287 109
340 132
285 38
134 100
54 52
243 119
275 95
15 209
213 322
293 282
292 263
165 200
283 160
202 260
144 148
202 219
153 36
299 32
1 201
77 230
133 214
253 97
317 198
276 271
55 10
13 63
200 94
65 271
155 168
308 302
183 104
117 174
160 52
276 125
171 93
2 54
14 234
81 211
289 286
223 172
233 316
276 289
174 326
207 166
54 17
199 158
173 125
126 331
50 190
168 132
10 160
172 54
30 253
280 138
194 217
172 224
95 46
290 193
139 68
217 197
44 123
93 199
8 44
76 64
202 308
338 326
48 309
10 260
112 318
303 301
28 37
224 200
12 273
153 242
323 4
27 160
340 199
23 310
329 59
10 80
172 172
90 221
171 14
185 214
13 297
115 104
83 143
151 328
25 78
186 191
51 167
70 312
300 278
89 295
327 284
117 179
66 223
330 137
70 195
139 171
273 14
219 303
285 298
174 45
300 69
172 134
40 69
28 331
334 110
258 250
242 181
266 235
86 327
220 14
274 84
261 201
250 18
64 334
252 243
102 217
115 201
40 120
238 7
75 30
119 173
260 61
249 217
52 16
182 234
225 217
151 166
52 85
20 216
99 172
218 235
251 167
92 95
129 263
260 156
235 29
310 145
304 16
12 281
212 245
35 43
324 37
248 91
28 6
37 254
316 8
300 151
92 125
240 336
193 335
241 3
236 190
274 184
284 50
76 42
270 197
228 16
327 23
54 11
232 184
115 24
208 177
130 224
192 280
282 82
311 100
197 302
172 106
80 312
105 24
300 4
133 20
296 94
104 83
248 73
6 252
195 94
52 195
283 205
268 284
83 192
185 94
120 265
59 156
6 171
158 84
340 193
264 199
148 108
187 254
186 28
282 329
135 15
195 203
163 238
38 302
85 12
232 152
44 151
176 221
220 77
157 210
148 34
225 263
201 6
18 187
239 25
201 163
224 137
76 51
56 218
214 187
199 119
146 116
29 75
55 49
17 15
328 60
170 174
114 116
129 304
130 79
271 262
340 222
168 74
196 193
69 254
262 278
107 214
41 183
37 126
63 48
271 133
258 134
340 58
305 249
276 265
118 34
223 58
93 73
5 113
318 150
219 261
243 92
21 259
48 174
164 318
238 149
320 294
191 13
128 332
320 253
106 307
331 241
317 217
91 146
133 295
52 65
32 289
294 147
83 134
144 291
53 71
267 138
90 300
171 170
126 58
314 42
168 110
198 103
284 37
287 281
323 47
80 236
90 6
28 189
29 217
304 227
242 148
299 70
206 97
152 281
183 40
15 144
182 184
296 334
32 241
21 53
110 126
243 279
93 34
314 235
129 330
326 293
94 247
170 56
240 126
188 65
132 279
251 141
135 178
247 236
149 282
75 71
223 150
270 298
210 339
16 310
276 187
156 42
66 106
294 331
262 251
321 258
237 29
255 28
184 336
192 227
225 77
6 338
57 216
274 265
203 148
181 278
275 94
334 191
280 166
318 304
31 231
115 296
110 208
199 165
243 180
91 27
231 240
167 102
102 20
312 7
34 331
262 212
281 63
207 193
271 267
312 135
16 320
198 47
60 185
25 111
1 236
101 56
221 21
260 310
118 21
213 197
68 311
251 192
128 114
207 142
63 117
10 59
38 136
103 264
219 25
225 192
13 311
337 231
258 3
99 141
145 135
299 335
275 115
304 111
267 189
324 60
167 238
200 183
3 237
193 269
56 249
257 290
132 112
248 263
174 74
131 32
55 25
254 94
238 123
71 275
18 35
45 130
219 151
269 220
119 215
60 100
153 80
106 318
338 104
287 280
282 168
44 11
41 239
4 304
43 163
236 64
274 210
149 96
18 247
241 143
16 297
298 238
307 159
203 21
21 194
306 7
149 325
264 102
107 191
14 53
179 15
273 270
55 38
211 88
111 38
153 143
230 335
183 338
103 213
192 105
130 338
252 115
248 5
31 333
277 123
135 153
66 198
4 103
248 44
96 168
249 117
334 119
250 127
312 41
51 176
186 310
176 266
223 30
206 154
249 319
74 104
159 274
300 303
160 161
182 262
264 64
248 125
267 216
152 226
173 195
168 161
223 332
150 70
157 67
194 220
103 268
174 160
118 297
92 190
196 308
194 53
261 122
92 217
274 313
307 339
246 109
319 266
94 147
142 41
64 28
40 149
260 138
26 110
48 150
87 49
199 241
304 218
34 259
185 74
165 69
165 246
117 325
183 315
93 208
113 224
215 276
2 87
130 321
71 66
241 340
225 302
100 245
247 69
59 257
284 14
240 8
71 96
56 153
159 90
256 155
292 274
169 18
293 114
145 191
314 216
226 140
227 28
200 64
169 56
217 50
107 31
288 67
210 197
83 233
83 265
182 148
148 228
278 86
104 289
178 66
108 53
197 192
79 268
338 7
165 39
294 225
77 332
136 150
254 116
256 199
301 86
61 197
127 161
319 281
306 260
34 300
330 269
229 282
233 187
206 231
193 260
245 19
212 92
310 331
179 231
287 160
244 274
157 159
258 336
340 117
153 108
200 193
211 134
312 300
139 22
215 328
223 16
190 142
125 339
161 340
338 321
320 162
321 63
246 185
316 100
71 310
137 26
225 211
153 244
66 225
165 225
19 102
321 81
216 318
80 79
64 323
58 125
266 17
98 195
215 135
100 147
267 96
220 147
38 113
54 320
273 37
61 226
155 78
290 203
42 42
281 15
134 144
119 170
107 138
45 118
338 77
277 199
64 82
300 162
295 23
62 301
328 101
117 88
141 168
119 218
74 250
65 333
58 43
72 335
303 85
195 216
332 154
69 256
247 221
37 125
338 165
237 67
294 205
262 172
212 165
218 267
157 302
303 229
13 274
300 179
214 216
203 332
250 214
207 82
145 44
231 161
269 49
205 32
53 72
331 157
298 207
309 251
332 164
32 212
117 34
146 140
305 278
41 130
297 336
26 73
20 2
106 192
72 220
85 1
191 23
261 33
290 87
77 200
263 219
149 65
293 232
208 273
121 180
130 339
143 285
124 66
200 127
242 181
266 7
267 48
207 69
187 119
138 39
4 130
104 339
318 34
111 81
241 108
235 19
219 200
322 141
68 224
251 211
212 170
20 73
340 214
266 172
88 87
332 164
214 189
288 80
216 176
17 14
205 193
281 63
311 338
245 37
245 205
257 318
192 213
230 153
177 191
135 58
112 340
143 291
65 256
301 247
104 51
133 67
2 144
75 119
56 77
264 80
315 153
235 181
249 172
231 88
258 149
200 50
134 166
154 334
132 112
226 332
8 233
215 1
253 206
291 151
102 113
36 303
153 140
312 236
294 64
145 113
80 231
227 217
264 297
224 255
142 257
117 46
25 197
142 80
88 74
40 36
116 252
76 223
144 86
192 261
246 36
116 288
212 286
64 157
135 242
302 312
40 274
239 25
315 290
195 313
218 276
131 143
110 262
315 203
260 224
248 87
137 260
300 198
231 260
262 184
66 279
76 208
166 128
100 25
254 162
51 131
88 290
37 273
217 317
49 47
15 235
238 158
281 114
298 35
141 261
201 50
251 76
32 95
162 308
219 278
10 93
3 148
254 46
119 205
192 177
250 35
85 249
228 132
260 173
153 126
242 24
111 298
189 29
234 314
102 275
325 22
296 27
21 44
74 18
306 316
290 313
95 18
26 296
196 176
287 27
123 307
222 311
68 250
155 327
13 262
110 221
170 90
201 337
99 219
94 290
181 201
13 204
326 6
257 114
126 245
105 4
139 295
303 25
209 82
165 255
195 25
209 314
183 233
86 250
126 190
296 280
6 288
66 251
162 72
254 167
123 146
317 161
280 220
104 79
87 148
40 203
13 30
180 178
4 241
233 288
205 285
198 299
145 296
271 253
303 241
114 34
36 338
28 303
289 204
255 58
180 216
132 250
264 229
291 199
241 33
229 124
184 120
252 135
151 74
296 318
154 260
253 116
81 128
14 285
270 102
2 340
73 321
191 50
280 172
295 7
340 154
317 47
231 210
212 215
332 209
267 145
151 53
152 24
287 207
26 217
206 148
196 333
162 287
276 75
226 25
240 254
55 67
233 77
336 321
310 35
332 333
92 108
137 262
178 171
306 201
84 303
296 132
275 57
33 176
151 295
18 160
21 301
115 314
179 321
49 52
105 244
208 21
28 291
74 156
93 290
283 319
84 260
252 312
291 193
324 337
242 121
302 15
231 316
202 101
107 306
334 258
291 278
102 225
184 71
10 23
175 307
249 88
218 104
57 289
138 99
7 52
262 148
53 261
172 135
119 256
140 312
229 42
324 230
257 114
18 235
242 201
224 86
173 67
282 255
94 275
95 136
35 57
273 40
194 133
291 178
139 32
175 140
137 111
144 305
304 128
63 263
148 300
107 157
48 287
273 199
316 245
183 262
277 314
323 27
152 118
234 249
317 233
82 3
141 25
146 132
302 67
169 305
191 84
22 216
224 131
256 266
62 315
94 184
335 273
316 76
309 282
137 265
218 259
90 100
68 43
230 192
326 25
50 142
132 223
166 237
323 317
130 18
212 131
152 27
57 227
303 222
184 75
280 294
154 70
73 91
208 327
313 14
227 273
255 249
52 97
325 38
273 223
294 182
306 158
25 175
195 321
113 340
300 164
266 149
92 58
277 152
276 264
33 272
159 152
33 212
181 309
67 172
111 230
285 11
285 24
237 1
123 158
46 31
320 293
120 287
198 52
53 173
283 14
144 201
179 309
53 306
232 130
2 176
75 64
279 197
338 255
189 314
261 328
177 294
54 57
319 156
309 303
196 222
277 200
200 304
282 30
173 155
164 49
99 12
181 246
126 92
179 293
9 324
121 12
231 57
274 185
324 168
263 13
3 171
280 172
132 154
156 220
80 281
86 273
67 222
70 35
5 106
37 316
76 305
155 332
182 229
23 58
258 149
283 197
249 48
193 98
193 240
214 56
249 281
78 196
39 273
144 57
198 340
195 182
232 243
49 57
337 208
267 162
83 308
313 144
223 17
260 16
278 218
5 232
212 160
332 150
10 95
73 189
158 45
122 30
307 25
329 294
339 59
148 262
332 161
249 202
20 216
56 286
218 69
198 68
186 74
296 171
40 189
324 243
94 282
151 321
162 117
103 205
214 242
226 317
290 71
216 331
135 273
116 317
212 131
210 166
26 169
188 128
4 124
140 88
277 308
78 197
211 114
164 236
247 39
16 134
214 273
20 6
56 26
46 144
11 253
271 126
277 71
237 338
14 298
204 12
328 79
320 222
94 124
217 292
252 247
265 206
327 19
73 260
56 34
308 76
132 38
275 207
20 91
107 200
219 292
290 150
277 65
244 209
260 183
235 267
86 47
328 124
30 7
236 274
241 241
133 198
207 3
8 82
243 114
279 13
151 282
32 267
125 93
310 36
66 324
212 338
41 256
289 235
74 72
100 177
180 42
88 256
146 220
35 308
313 340
10 261
116 292
218 168
279 105
294 171
136 305
186 4
306 207
319 85
40 294
203 299
95 97
225 237
62 303
286 236
28 46
192 156
305 316
306 216
220 191
278 65
168 65
62 246
118 30
54 296
70 178
201 211
281 94
276 296
326 248
41 177
122 107
50 28
204 24
202 190
204 59
114 336
35 217
21 317
88 39
126 58
193 14
322 187
98 139
186 281
93 45
311 67
253 47
152 20
102 25
231 127
11 296
30 22
167 328
188 329
11 305
164 43
149 185
219 332
285 121
202 262
115 164
337 196
294 81
261 139
222 44
225 136
226 43
83 30
181 104
333 19
213 238
155 50
19 58
6 150
254 269
179 116
78 87
42 230
189 292
16 163
168 280
122 86
284 157
283 296
190 32
109 207
217 237
330 206
114 155
292 76
62 314
102 330
192 198
159 280
211 70
19 138
275 313
224 57
57 253
140 300
228 191
296 173
217 274
188 72
282 171
25 131
254 248
131 27
206 75
167 196
19 215
287 22
95 312
216 248
290 227
285 96
106 78
258 209
16 300
184 10
159 33
315 41
41 157
192 203
201 339
128 47
146 110
269 43
248 27
172 241
175 298
296 76
65 247
249 197
145 26
228 52
216 52
9 214
317 130
276 85
313 124
92 253
112 264
43 296
44 46
142 227
270 159
42 18
58 205
23 294
28 144
235 196
102 44
115 284
292 21
63 334
97 73
308 221
278 132
290 88
245 166
5 231
284 91
151 175
200 329
55 285
300 229
317 321
140 119
201 200
292 13
254 157
35 210
190 102
196 83
286 218
192 90
186 209
263 191
239 186
38 215
189 189
79 26
177 88
199 336
5 18
143 217
51 139
229 137
228 177
247 33
308 152
110 189
133 311
271 118
247 258
281 55
241 169
118 170
146 129
228 323
329 327
20 305
269 218
92 270
89 153
276 41
109 93
300 323
81 293
138 242
92 42
27 22
226 144
235 296
31 55
15 153
106 219
223 79
44 205
190 38
192 21
33 103
264 72
338 311
334 192
257 98
47 105
22 157
43 196
303 275
232 19
239 78
242 64
117 239
311 331
23 150
223 162
51 271
235 4
62 199
299 106
9 182
247 205
24 272
74 135
163 55
7 207
130 112
256 33
228 215
132 167
139 141
238 83
333 278
149 180
32 61
21 192
111 111
192 333
248 196
1 271
169 206
231 332
26 151
244 237
112 50
321 145
87 314
246 311
78 211
33 337
9 51
268 31
307 127
82 268
21 220
270 193
219 172
208 265
322 10
250 20
124 186
310 291
27 121
330 32
289 96
63 56
175 317
301 293
328 272
132 210
105 258
269 192
192 244
250 115
8 241
171 245
136 42
304 105
178 72
75 154
14 60
187 23
173 17
4 94
69 67
293 271
80 339
308 44
192 314
219 130
280 274
60 55
333 114
9 89
70 51
92 182
97 316
48 176
66 321
218 133
76 339
168 265
245 109
177 98
18 296
195 75
168 79
73 59
154 318
82 138
272 116
188 253
121 35
166 254
174 199
14 204
274 284
159 171
266 105
310 98
57 121
6 8
220 132
303 121
68 15
71 119
2 244
258 92
289 228
93 24
296 330
180 7
77 121
51 169
203 230
46 39
65 297
61 58
336 179
246 183
8 159
194 321
117 39
324 200
49 22
198 114
306 326
80 170
23 142
253 58
320 54
16 206
32 205
203 113
218 172
254 33
49 108
228 132
171 67
75 83
136 191
147 336
233 78
34 36
109 63
180 197
297 330
214 267
288 224
219 146
189 274
273 315
59 77
12 33
65 138
141 226
303 258
78 70
95 96
84 73
80 69
205 163
263 55
238 339
72 114
180 113
120 204
56 21
172 308
307 148
140 224
297 25
104 94
147 116
325 197
181 122
21 151
295 71
233 236
65 157
256 9
140 111
99 320
216 68
256 187
203 29
321 98
62 87
191 54
261 210
232 335
79 253
163 156
332 331
37 222
175 125
33 79
210 319
236 76
44 322
87 285
208 29
4 293
133 327
246 270
323 101
52 149
46 64
185 139
65 44
120 137
100 295
260 315
1 123
174 65
109 34
187 271
115 224
183 230
308 246
161 14
21 195
58 45
225 152
31 185
101 209
69 153
228 85
101 99
290 90
316 126
170 281
151 230
26 47
337 252
41 179
135 10
166 196
24 72
330 155
326 150
113 130
267 29
5 147
143 207
5 89
245 12
178 49
105 304
217 149
337 117
228 85
297 315
245 99
319 80
132 242
315 76
333 221
292 194
275 80
141 313
225 307
180 40
272 65
15 275
264 48
150 107
31 270
323 197
147 262
1 270
36 195
115 272
190 272
177 9
264 129
299 239
136 183
156 328
176 50
203 195
276 261
22 305
103 307
53 319
41 83
309 3
7 105
168 279
192 250
16 151
97 227
313 146
87 70
150 268
181 321
83 30
117 335
153 237
312 160
215 67
56 330
139 283
43 311
76 202
175 101
1 334
206 307
200 314
310 221
307 301
204 121
279 339
303 325
296 21
314 288
123 44
123 197
82 237
134 61
11 271
14 306
264 306
87 74
45 109
148 133
111 297
74 130
79 61
179 317
221 93
158 232
99 222
56 100
300 125
144 304
122 23
108 87
6 192
90 328
62 208
83 307
210 288
331 12
311 131
265 52
324 165
280 34
232 12
256 71
178 144
52 199
322 282
36 233
148 303
230 315
40 264
9 19
283 219
260 331
150 198
79 145
77 31
136 151
165 236
2 55
192 164
76 108
28 249
173 55
97 130
270 23
211 84
103 231
229 125
82 10
83 67
18 244
39 207
274 281
309 217
27 58
158 118
80 72
95 302
228 38
308 117
1 262
2 269
160 53
64 200
292 227
153 182
295 338
117 286
27 312
142 120
205 280
44 178
324 256
314 134
271 17
272 208
176 124
288 263
174 9
276 240
193 229
54 215
146 54
314 232
270 27
210 205
90 148
77 171
315 202
307 119
257 253
30 145
271 113
190 18
148 142
38 197
66 59
308 185
140 117
21 322
133 35
8 270
167 34
152 310
323 326
194 229
231 122
49 325
169 221
115 291
241 178
121 333
118 232
174 143
127 189
308 25
74 30
211 313
77 187
129 270
254 127
70 322
179 184
161 339
113 249
196 193
318 105
202 174
325 62
47 90
76 15
145 338
52 81
54 277
328 307
192 257
326 321
2 340
253 50
120 316
317 197
81 105
54 174
245 201
131 92
58 181
178 186
34 222
163 218
276 307
224 30
86 56
216 157
7 9
102 247
255 128
109 109
326 211
275 112
188 175
239 118
139 316
84 71
94 1
315 57
113 184
205 81
139 244
104 315
39 293
26 154
22 63
309 339
6 253
194 230
33 303
238 4
229 220
26 51
66 173
173 211
264 235
129 338
138 258
219 313
29 43
320 134
282 241
22 26
164 208
94 327
285 307
56 316
141 35
125 146
138 16
248 288
205 235
58 210
128 224
251 241
135 325
92 102
330 78
236 9
148 233
170 99
340 9
185 260
101 60
147 121
210 275
132 191
189 144
94 86
261 230
338 135
310 128
145 305
336 312
87 213
217 202
214 58
318 229
11 84
36 226
260 72
68 81
227 101
39 63
78 277
222 13
10 152
276 327
319 312
87 93
296 54
165 40
205 256
112 314
8 280
214 64
327 43
169 331
10 259
29 224
161 73
28 121
234 101
53 137
127 158
6 150
188 17
302 255
91 140
22 51
42 72
85 173
74 264
195 172
154 58
1 225
333 129
154 87
21 338
328 108
223 98
34 118
265 153
170 104
135 127
232 208
226 216
208 301
223 77
63 13
158 322
69 82
294 234
196 79
84 146
213 274
340 34
248 94
85 153
293 298
132 264
110 111
206 222
196 172
293 227
178 38
117 273
329 259
46 44
144 261
169 74
74 139
21 67
320 7
126 286
99 91
93 332
3 297
50 287
251 153
88 41
77 291
33 204
104 153
315 66
55 56
166 112
160 274
138 124
30 66
100 243
316 76
323 210
128 2
251 160
179 192
290 43
262 204
218 97
142 246
331 210
48 248
132 278
39 39
29 158
301 339
229 288
333 50
44 123
128 45
198 228
284 327
328 248
50 7
109 255
123 323
200 160
221 98
177 47
137 107
79 321
297 135
99 176
268 115
262 250
228 34
317 279
258 94
116 25
329 88
255 133
326 82
175 290
24 296
52 162
62 281
287 9
319 134
217 70
295 184
15 263
229 224
128 313
78 182
219 243
286 106
299 274
154 164
237 310
240 106
191 70
240 23
47 131
300 5
133 327
123 276
321 95
220 313
132 80
119 101
151 185
173 295
49 337
277 46
249 179
158 27
127 12
312 208
123 142
73 119
261 208
19 308
196 291
275 279
113 248
174 201
194 195
250 94
71 286
233 165
327 42
122 286
168 198
115 271
231 218
174 287
275 193
172 259
225 322
175 55
266 201
246 199
248 264
196 321
181 221
96 22
162 77
183 210
259 131
198 116
125 41
179 111
33 35
309 296
338 10
187 21
66 295
112 171
82 98
270 262
92 309
327 218
89 127
6 40
74 226
7 269
29 338
131 235
149 40
81 50
234 202
131 47
331 205
24 33
304 213
95 49
323 256
286 17
10 15
9 253
334 312
339 268
10 45
62 247
164 164
129 195
331 243
83 31
217 213
227 317
307 323
225 268
103 21
151 47
335 93
284 152
324 322
102 308
176 200
128 110
170 273
332 10
334 91
182 232
118 84
332 208
64 146
318 43
55 254
52 179
150 6
259 48
340 259
166 89
115 173
35 107
84 273
31 78
99 287
129 199
238 123
198 269
21 210
148 226
106 320
130 228
298 327
232 312
42 90
161 62
98 118
76 150
298 153
297 338
86 325
43 77
7 183
187 94
194 268
312 154
237 23
36 108
34 56
283 167
67 99
334 32
75 40
254 118
126 56
119 126
289 325
254 308
213 195
37 194
149 120
88 38
25 84
274 270
153 302
301 296
301 321
340 160
158 64
289 259
27 10
97 303
47 249
263 131
29 48
224 4
328 61
41 171
99 281
51 218
130 172
154 87
232 155
228 200
320 250
117 89
157 241
280 183
73 146
29 318
328 48
98 279
252 143
91 182
208 257
179 148
185 108
229 267
293 325
317 130
137 75
176 27
26 44
268 284
179 312
152 283
37 73
271 140
252 19
223 236
241 129
224 1
117 214
25 122
224 336
273 254
90 168
260 79
292 21
293 155
7 114
228 84
280 15
115 29
52 24
169 95
147 303
164 114
336 308
13 268
93 203
60 168
327 135
92 332
34 175
271 145
320 293
286 48
270 197
279 86
318 1
67 324
134 262
52 82
166 127
219 297
128 212
252 235
326 13
173 196
261 1
295 87
247 16
239 31
14 86
284 294
192 100
224 228
74 155
323 220
16 9
121 114
207 334
305 295
329 283
302 119
181 62
272 117
120 320
132 242
274 161
278 179
292 241
324 231
287 332
251 201
310 314
75 169
3 291
196 1
62 53
14 174
261 235
107 213
105 91
112 195
127 36
127 60
248 168
40 311
259 258
73 49
217 291
63 192
321 247
292 13
317 247
165 114
264 173
35 187
10 18
191 339
295 324
190 322
217 323
179 225
336 63
1 92
234 340
79 103
19 32
89 337
56 187
279 1
220 43
96 115
152 274
162 287
177 340
306 313
227 327
16 85
320 31
311 299
47 3
155 48
170 336
86 78
99 130
132 221
322 25
15 295
144 214
123 229
76 185
310 88
115 202
146 279
95 55
157 275
323 87
244 185
87 197
223 86
218 30
202 186
300 272
274 315
23 121
76 333
313 118
151 46
199 147
163 189
65 131
43 77
123 231
198 108
248 260
255 225
125 330
155 237
125 181
32 338
202 39
180 55
131 275
195 106
193 199
39 52
34 82
165 314
107 218
192 176
204 143
142 294
126 226
38 46
231 138
81 228
142 267
21 196
175 197
108 287
19 335
324 268
62 99
54 325
154 49
203 312
141 95
324 240
8 340
226 236
171 202
206 249
220 120
145 240
151 317
98 214
96 185
302 39
51 220
88 71
223 216
43 282
155 265
83 104
113 118
73 240
27 260
207 68
196 198
126 96
16 24
236 298
171 242
5 223
102 60
264 256
19 47
312 151
166 49
76 143
6 185
152 165
248 272
249 176
134 94
222 55
136 192
125 211
12 68
31 247
37 226
130 111
270 79
36 10
44 335
125 102
155 285
328 332
256 55
305 129
17 247
166 307
208 107
209 201
254 325
106 114
181 46
12 10
233 336
35 103
293 307
157 188
274 44
199 4
62 309
138 154
237 168
299 233
181 129
312 51
133 196
235 118
175 266
95 186
141 102
174 96
232 2
307 290
257 252
235 10
311 154
245 130
97 181
49 309
156 214
196 249
168 140
62 116
215 148
4 235
69 71
178 282
231 51
230 275
217 312
321 327
91 52
116 54
86 191
325 190
203 308
255 89
139 56
197 259
168 122
7 228
239 330
274 244
187 38
219 131
291 33
28 301
138 126
33 18
238 333
208 232
6 95
146 233
185 287
283 201
72 277
75 74
147 236
143 180
17 226
107 197
191 122
213 303
12 98
151 28
81 59
255 250
235 203
236 139
214 287
155 135
256 249
251 322
25 321
336 92
188 176
46 151
338 122
328 108
161 88
171 126
85 96
203 176
141 284
15 275
30 166
273 132
147 197
138 312
250 104
163 153
248 205
142 184
27 289
49 325
133 53
263 194
173 77
241 179
13 132
210 326
139 330
21 261
189 33
139 178
203 42
73 111
208 275
28 185
64 327
286 216
132 8
278 16
144 199
125 253
152 261
189 142
227 140
89 45
106 50
106 32
153 321
333 128
289 21
27 264
18 145
195 303
96 213
170 249
110 137
331 327
225 301
228 29
180 53
319 190
131 149
312 334
143 35
315 227
68 325
156 159
68 185
75 339
85 158
144 260
332 202
149 67
97 289
49 210
134 219
225 107
27 224
247 209
221 35
19 240
255 185
286 301
311 217
135 168
87 309
74 63
139 100
249 5
215 226
184 27
212 230
44 255
233 320
337 168
220 122
138 247
27 227
251 53
33 201
145 81
123 326
105 140
246 332
317 3
157 281
285 65
145 15
172 191
76 52
242 50
258 75
46 124
28 63
192 22
59 315
163 45
111 190
245 320
195 302
3 246
322 188
7 172
13 247
135 219
72 284
311 292
159 314
38 231
246 43
101 186
262 170
294 296
123 53
131 134
292 280
170 178
19 115
102 88
224 235
247 83
43 223
200 116
165 274
312 53
94 115
139 244
98 111
300 332
336 305
308 26
46 254
228 66
192 197
232 59
177 209
294 283
256 57
86 184
330 48
264 290
210 57
80 248
19 132
238 320
320 175
43 130
334 36
271 181
312 167
81 148
303 308
146 274
43 42
262 338
217 282
33 176
320 38
95 30
162 109
14 323
174 57
151 218
266 267
162 18
130 79
55 50
9 253
72 169
269 154
268 43
92 166
285 152
316 113
256 124
157 223
76 209
307 278
34 281
145 273
280 171
237 124
66 46
110 270
183 330
338 152
167 279
65 267
139 326
253 58
54 13
211 3
220 277
280 41
149 283
240 329
1 299
316 115
29 81
88 260
221 273
268 293
200 28
272 337
273 177
203 90
195 254
297 304
95 101
105 127
236 121
295 22
236 180
144 233
109 241
103 34
120 303
72 268
153 269
109 204
105 39
13 334
23 250
26 249
100 18
20 174
230 102
53 239
139 293
194 86
44 49
75 51
233 280
129 7
126 157
234 1
302 115
35 270
35 10
251 314
302 275
320 76
186 195
56 161
128 338
225 266
143 153
266 273
312 256
192 50
201 251
104 298
243 188
228 148
228 306
179 133
334 159
300 42
315 226
4 291
248 299
133 229
316 91
283 330
20 45
69 249
299 28
111 148
9 67
171 103
18 257
316 67
7 174
328 29
124 250
225 264
78 328
330 225
179 228
216 125
39 94
20 323
8 171
333 339
337 291
159 235
232 1
87 217
221 233
285 135
106 280
334 157
278 174
279 194
250 153
287 117
169 57
37 191
42 267
270 60
79 207
169 290
60 46
172 314
98 7
121 157
82 267
50 161
199 200
296 209
234 285
204 207
15 237
331 226
154 1
39 12
59 331
32 55
83 101
20 332
209 211
166 210
240 15
88 169
96 248
310 20
313 177
30 88
231 222
170 47
234 204
316 333
313 288
160 321
210 11
57 134
49 11
335 235
131 318
90 188
23 81
146 91
315 223
104 268
111 171
339 200
43 78
102 101
51 95
41 255
216 21
198 29
242 311
86 235
299 79
177 141
105 115
143 193
185 335
211 68
307 40
284 226
264 151
134 74
233 279
268 67
217 72
89 319
169 138
310 135
284 282
299 89
165 315
43 82
176 135
79 297
119 168
195 121
24 114
51 186
232 264
289 124
217 273
245 46
53 36
280 45
245 77
290 56
93 147
105 173
164 193
244 73
275 85
85 206
88 20
279 281
131 118
119 103
246 138
88 257
203 178
47 93
335 103
155 83
70 134
272 235
51 185
206 306
232 235
227 90
160 256
269 290
193 158
238 143
142 46
270 109
38 17
320 123
142 7
172 209
184 139
65 6
164 176
195 84
89 234
338 308
190 32
12 28
189 238
95 317
106 264
18 166
47 26
296 191
327 165
102 78
142 205
269 290
80 215
234 79
32 150
29 253
203 153
148 156
103 270
7 212
4 290
141 269
328 29
4 305
223 55
174 93
37 5
167 105
53 308
118 311
315 257
130 11
321 265
230 232
13 215
125 66
279 164
169 110
181 133
6 250
332 53
82 152
318 246
46 310
315 85
299 173
236 156
306 328
114 169
67 220
274 243
65 273
25 196
91 38
321 294
21 100
229 242
178 261
99 161
80 243
229 316
120 243
288 58
170 74
188 259
242 2
62 68
221 135
148 4
334 278
170 298
250 14
300 70
115 63
34 80
22 16
236 172
20 63
136 84
190 223
7 326
320 235
324 43
18 196
177 96
18 258
198 184
159 5
219 31
156 309
312 281
241 188
15 252
117 119
309 59
70 156
158 197
235 71
200 316
32 94
137 165
13 71
67 82
290 219
61 289
171 35
323 181
233 25
73 84
323 204
236 40
236 167
87 101
241 4
21 143
138 92
220 177
185 110
209 44
146 246
192 73
282 172
322 339
110 276
144 122
181 288
99 182
59 210
59 230
76 155
224 288
277 11
52 323
324 330
299 310
34 10
6 69
53 280
83 25
275 314
117 324
299 250
234 287
37 304
272 138
27 92
282 207
141 291
17 259
8 36
33 233
308 201
73 275
215 218
7 206
48 154
249 153
267 256
180 20
4 143
322 168
179 329
186 282
187 110
236 163
103 309
248 11
117 81
225 63
53 52
17 331
252 180
41 201
113 339
194 337
132 116
256 34
237 188
335 315
32 168
144 202
192 131
153 300
62 95
221 286
302 77
136 33
285 76
248 103
228 199
88 166
247 114
13 281
239 281
134 64
212 94
138 64
29 31
226 45
281 299
61 167
71 340
58 253
109 187
205 79
220 227
211 292
184 91
92 127
179 169
56 146
160 154
10 189
119 189
123 6
197 3
325 158
15 197
268 21
84 9
207 325
136 100
132 187
248 201
151 223
11 27
156 211
91 279
206 98
185 284
292 149
204 100
244 187
210 218
338 154
306 220
124 180
327 128
215 220
281 65
228 22
172 224
46 226
192 42
65 66
203 68
299 96
28 336
270 113
254 118
94 326
22 208
93 296
207 20
37 214
235 224
162 107
14 28
335 264
211 314
131 340
24 299
8 27
128 211
237 296
323 289
69 55
105 205
267 223
122 19
305 237
327 180
95 299
286 56
13 188
132 296
210 88
25 304
327 118
230 115
251 269
227 256
124 171
247 274
114 188
156 156
138 264
258 69
259 297
126 208
86 339
100 56
11 247
171 183
320 285
339 43
75 260
327 87
9 159
243 227
85 18
189 62
172 303
134 108
112 33
41 269
327 337
319 272
52 91
23 130
90 270
306 149
161 108
190 183
139 314
31 130
178 114
59 101
296 51
210 119
323 84
68 87
93 250
335 241
167 144
196 298
18 166
49 98
84 253
172 54
188 160
148 316
137 91
153 146
267 65
128 303
205 26
311 72
339 286
161 174
88 98
215 299
54 301
65 225
81 141
1 186
93 254
327 311
82 230
33 220
6 231
167 116
145 318
300 303
189 306
83 181
322 114
74 9
171 245
285 268
229 11
247 134
240 284
162 272
121 209
11 216
325 236
160 50
57 215
260 25
250 88
95 58
227 67
60 241
82 268
17 67
174 26
180 194
81 165
177 87
235 166
27 202
61 6
31 144
81 96
130 216
12 120
282 139
73 27
142 331
160 94
222 47
155 201
9 256
297 127
260 49
251 338
327 240
120 26
200 160
206 299
234 20
44 202
304 322
283 107
296 124
337 14
143 302
62 126
134 232
306 292
335 164
67 177
3 68
27 53
208 120
59 52
214 153
161 68
244 103
179 281
100 75
238 130
311 145
329 252
162 59
67 197
225 64
143 222
25 284
273 52
76 308
331 170
205 122
142 233
328 101
263 337
140 159
192 131
117 315
168 152
84 100
51 270
221 296
298 230
243 58
284 321
314 39
220 47
325 223
167 182
12 113
329 302
263 265
192 39
105 317
39 85
124 248
334 96
262 155
168 214
83 79
220 163
266 85
14 261
106 326
196 133
167 269
18 332
12 207
174 7
336 94
78 291
84 255
196 16
81 207
296 175
143 301
38 112
277 244
234 38
336 309
142 227
104 147
59 77
124 184
315 56
319 294
319 303
122 210
209 96
240 34
31 35
200 307
219 110
3 102
117 94
146 256
200 192
130 87
97 129
266 213
140 45
72 9
283 223
159 206
56 122
210 263
77 81
228 215
68 98
182 335
194 226
8 57
193 289
312 2
72 162
131 13
65 153
280 313
203 242
6 267
169 105
303 7
172 304
14 296
227 130
310 268
7 333
294 75
166 116
294 130
8 301
261 27
151 69
165 317
246 60
49 166
287 10
193 264
171 265
75 271
222 295
235 36
297 229
279 48
47 187
224 39
288 80
277 49
309 340
80 290
18 186
303 271
289 108
33 30
263 122
238 283
196 183
219 201
307 172
72 274
27 272
268 149
128 75
261 211
38 184
149 190
244 193
179 105
61 237
310 135
304 310
209 19
151 102
129 18
107 220
236 241
142 95
86 102
201 217
296 216
126 311
62 197
317 265
98 162
30 322
289 228
9 239
149 43
222 183
272 294
214 332
318 290
35 17
145 46
261 126
310 311
143 67
259 162
223 148
62 226
281 37
276 126
339 276
294 8
306 8
54 299
6 204
170 113
219 47
259 161
59 49
74 31
278 87
275 35
55 131
326 323
281 81
7 299
279 322
63 118
317 47
119 12
261 97
254 296
135 126
166 264
255 132
334 250
78 96
288 220
217 190
117 207
131 249
177 199
298 284
295 280
298 164
14 48
234 282
271 306
95 200
30 74
27 215
25 60
196 48
100 249
183 158
118 93
145 22
53 194
170 65
307 61
338 148
270 70
248 230
222 268
79 310
294 19
174 211
281 273
79 187
157 2
235 229
268 236
259 209
308 161
236 214
201 93
225 106
167 262
312 293
275 192
327 100
315 218
102 199
11 125
51 311
92 119
39 159
243 212
11 286
222 54
317 110
226 80
161 208
185 304
168 147
181 139
215 235
55 268
150 267
149 319
301 303
33 174
137 85
126 186
276 119
140 123
128 15
196 249
5 2
261 320
198 281
261 206
212 80
35 204
257 128
68 276
42 148
247 23
18 156
325 108
213 39
270 151
275 26
124 49
175 85
155 264
259 312
18 145
52 16
292 122
134 228
214 253
316 215
96 267
208 20
80 47
294 229
328 330
5 272
276 321
87 234
44 196
312 120
275 308
311 210
222 277
114 40
114 313
16 145
302 318
258 168
132 97
318 97
314 2
315 229
38 89
90 64
192 211
177 176
147 166
9 157
310 229
82 75
310 86
168 41
278 183
42 145
326 112
148 21
292 137
45 330
38 33
228 157
310 324
54 220
205 169
29 297
334 193
275 270
188 221
50 309
338 257
100 232
337 124
273 156
110 89
125 182
305 207
33 137
75 94
245 192
32 202
2 216
131 38
31 7
67 116
104 157
75 165
325 206
317 244
208 9
8 243
337 255
63 125
261 290
266 223
218 316
294 185
96 306
300 177
29 130
313 167
203 151
4 247
340 31
106 226
213 318
194 205
197 11
235 191
212 30
132 187
261 281
315 157
173 254
268 68
125 24
120 12
290 55
103 201
278 240
269 69
278 186
333 228
64 147
89 275
217 309
249 139
89 90
148 239
200 37
50 57
37 114
191 33
123 3
328 123
127 19
154 121
219 189
66 316
284 10
76 222
211 329
45 287
93 128
173 155
313 142
65 126
134 153
316 175
191 211
18 325
289 200
303 112
18 60
95 261
168 135
16 262
119 179
50 127
46 123
81 316
214 65
150 144
305 324
265 44
250 52
184 75
10 180
49 254
144 296
43 43
314 6
120 92
145 123
276 303
200 327
57 305
127 68
223 64
220 330
308 22
23 162
1 168
191 330
202 36
223 230
206 158
62 92
116 11
331 313
182 290
84 50
166 21
219 55
116 121
118 288
62 142
65 46
121 113
180 206
284 29
186 185
294 227
314 244
72 161
223 333
129 270
287 14
34 269
109 202
228 40
114 14
169 216
26 30
229 161
268 270
8 75
167 242
111 257
140 49
283 57
136 234
330 186
113 97
75 209
273 96
119 263
337 297
331 167
193 238
184 153
124 249
138 151
145 88
36 89
192 243
290 67
298 166
267 150
145 311
242 245
88 21
98 195
230 115
112 318
153 304
320 115
239 115
309 167
56 20
183 47
253 272
102 240
319 254
124 15
28 168
256 42
43 184
79 54
181 146
134 200
254 146
223 281
237 50
193 131
335 231
121 301
182 88
106 218
263 118
185 226
177 264
11 102
17 53
309 173
221 319
235 207
271 35
285 328
71 161
240 244
319 315
115 271
195 114
213 265
22 330
86 50
138 99
262 166
249 183
306 17
104 173
132 141
247 43
75 177
295 303
256 222
115 256
313 35
256 207
64 336
302 269
218 72
138 144
28 1
116 56
225 103
323 116
122 269
309 303
132 104
1 62
62 293
114 109
42 56
192 121
38 280
7 189
115 99
169 270
247 292
286 17
183 167
323 46
264 121
335 206
36 35
144 97
7 35
270 340
291 307
181 294
80 190
1 260
302 117
196 169
139 64
44 94
86 85
234 96
318 153
142 40
60 298
146 213
326 236
314 201
202 236
269 42
184 104
46 222
257 131
20 236
226 205
227 208
239 330
75 65
232 165
326 4
138 14
110 144
114 190
332 296
19 175
14 124
73 149
220 322
239 149
278 158
215 108
8 71
339 215
337 198
290 238
298 297
299 65
214 232
196 38
117 34
81 232
89 164
200 163
228 306
170 73
5 316
215 16
22 145
166 143
237 289
107 103
84 169
144 222
250 241
198 89
157 110
164 287
109 78
247 10
294 289
31 127
21 33
316 104
52 249
273 49
274 144
167 144
250 319
315 212
221 100
284 276
278 284
15 288
113 200
227 90
334 59
206 266
229 266
296 242
47 202
308 98
226 337
321 79
255 177
61 98
148 182
196 298
112 170
117 250
71 334
269 321
109 326
288 11
286 30
328 8
65 218
232 330
206 290
274 219
284 153
96 185
29 239
160 239
1 204
60 105
121 99
338 227
156 289
72 90
236 18
78 72
37 305
41 273
299 320
258 188
61 150
206 98
136 255
231 321
315 319
133 13
323 240
103 175
57 17
82 224
178 85
218 9
135 33
292 114
35 315
42 158
83 324
73 26
333 297
166 79
243 281
67 78
3 114
158 59
58 169
11 253
143 93
198 54
118 137
70 57
159 177
194 288
249 54
108 1
251 114
275 6
144 281
206 311
264 241
87 222
207 287
82 325
122 224
284 337
217 243
259 115
242 225
21 102
110 316
139 340
281 232
188 71
238 301
340 285
258 29
317 309
301 177
18 270
303 137
115 176
67 215
289 28
131 66
86 43
91 227
152 113
48 239
200 18
134 324
246 294
162 275
175 278
306 100
245 142
309 16
281 5
152 307
72 313
175 98
148 235
53 182
17 88
35 308
284 242
96 203
322 6
219 88
151 33
67 132
84 326
39 47
330 149
210 123
50 164
327 153
47 325
62 125
282 39
245 258
246 147
14 2
1 231
191 127
199 243
274 126
88 183
334 80
183 68
76 225
179 61
5 195
283 286
261 80
304 107
95 17
61 103
62 268
125 89
77 321
189 266
246 218
13 203
197 243
220 157
155 173
299 198
252 98
200 9
223 299
134 232
256 307
323 258
134 17
235 202
235 65
225 14
189 276
338 150
250 107
298 33
90 87
73 24
190 6
158 320
222 50
238 288
182 73
171 259
186 114
88 336
211 278
81 47
166 261
296 25
322 158
95 90
250 223
121 145
148 140
166 332
340 284
316 243
82 220
67 275
266 12
115 47
140 264
134 87
289 155
136 144
309 72
74 250
239 252
13 179
106 243
176 199
317 22
272 208
4 196
215 296
314 116
73 115
225 119
293 330
271 99
86 155
259 284
82 279
105 104
171 4
256 295
67 16
258 320
131 108
126 271
49 327
57 200
227 109
270 263
45 137
57 14
174 249
111 94
276 135
17 322
312 245
315 300
9 133
224 28
160 70
313 4
122 244
4 184
76 232
217 337
335 329
227 97
179 324
168 178
205 263
145 178
289 215
247 28
24 84
34 305
193 44
100 270
11 118
325 153
22 116
290 201
328 88
65 306
327 101
6 59
261 170
281 21
310 308
84 336
63 274
321 333
107 191
327 163
103 23
212 121
50 1
48 208
112 177
134 266
187 271
199 87
48 334
237 96
81 212
296 14
17 332
42 135
201 299
37 7
107 166
237 59
82 60
312 107
330 267
66 245
317 4
268 182
74 194
331 199
91 169
297 165
155 66
30 171
81 301
201 314
119 94
173 336
175 160
145 337
145 327
336 241
105 198
234 25
261 6
178 4
162 64
2 300
290 307
25 57
279 53
323 133
324 30
22 340
131 320
253 246
262 18
263 114
232 31
292 108
58 279
111 171
316 146
58 173
212 187
239 28
339 295
136 69
55 265
321 238
181 232
10 276
328 199
289 283
70 37
110 25
115 113
9 198
338 300
334 27
201 106
60 161
300 151
59 159
137 236
339 255
51 129
2 17
78 327
40 170
175 99
182 223
58 234
309 125
228 159
2 191
24 304
198 174
216 114
102 176
255 123
257 284
119 218
256 102
310 189
92 243
254 146
253 257
12 79
104 90
181 306
187 1
246 270
245 149
266 321
272 106
25 166
241 207
282 151
80 226
240 320
51 149
22 222
186 263
5 1
244 194
282 108
121 113
298 194
97 327
112 317
70 22
3 13
293 4
183 313
238 110
104 42
110 209
4 100
220 119
204 159
95 192
150 233
139 160
86 50
307 84
194 319
230 66
300 239
147 335
207 220
40 102
39 133
230 110
113 328
35 188
7 234
123 248
162 196
189 152
66 205
167 330
166 152
25 222
212 18
104 221
222 72
149 51
165 306
185 289
150 161
245 234
263 168
133 334
281 324
23 279
300 226
218 146
203 166
33 197
53 24
212 285
61 304
166 281
312 188
253 273
143 189
312 261
102 295
155 90
287 47
37 50
339 267
106 244
141 118
178 174
94 21
143 85
166 276
238 189
103 65
20 226
268 83
324 233
42 97
304 23
18 152
251 42
128 285
319 232
88 123
172 79
267 76
59 71
135 204
145 207
323 161
68 339
115 267
302 147
19 129
175 123
41 66
254 318
289 157
211 295
300 233
203 234
84 133
67 178
149 21
180 240
143 95
128 17
161 332
92 152
108 30
109 331
276 181
185 259
246 124
29 333
1 69
241 72
114 326
276 332
308 69
9 245
160 316
331 70
262 313
77 51
191 176
118 79
295 289
256 11
194 36
296 200
40 175
82 247
165 135
337 325
116 166
65 6
237 39
12 178
203 96
217 184
211 321
26 19
179 91
259 281
28 123
177 252
244 64
190 49
168 83
314 199
273 13
166 55
227 6
113 79
245 261
162 95
38 22
177 333
109 35
52 81
18 74
281 54
251 110
211 317
158 53
325 98
233 253
58 87
224 66
106 35
217 69
130 125
176 240
205 89
309 68
180 241
174 102
88 153
172 255
74 177
248 175
204 127
316 330
335 284
112 64
234 267
242 239
51 44
100 28
149 99
326 24
15 115
53 100
99 33
119 120
233 337
109 320
340 60
84 56
121 227
209 91
125 294
278 313
290 114
281 55
269 279
229 31
312 287
68 23
269 288
210 6
180 286
332 293
37 55
102 103
338 262
53 10
97 91
171 228
40 110
29 263
242 235
274 163
279 337
27 286
327 11
333 161
282 255
214 15
152 173
62 180
55 340
236 270
157 217
330 263
133 89
332 162
241 322
33 192
193 17
230 287
36 304
199 318
48 221
130 280
80 166
107 93
135 235
8 216
23 256
296 11
250 145
194 281
163 127
225 279
217 270
40 293
109 280
302 59
174 258
79 280
46 316
20 134
209 106
75 273
7 182
334 29
106 198
53 299
64 92
101 321
88 43
122 160
153 7
213 264
152 209
4 48
39 35
56 170
28 106
205 118
211 123
139 43
12 4
244 321
66 291
23 306
301 13
215 14
317 250
40 159
145 55
133 324
336 62
254 254
289 116
31 203
135 67
143 71
271 136
264 304
244 124
294 65
87 177
42 102
284 58
329 250
135 91
340 187
55 88
197 312
250 67
338 158
156 105
266 127
270 97
305 223
235 13
219 173
313 216
123 305
121 15
57 42
203 267
235 24
13 279
250 55
47 273
174 196
36 10
335 63
229 313
103 179
132 24
305 94
188 232
311 67
66 305
36 237
28 146
234 110
61 86
318 136
152 251
195 191
335 213
322 180
67 6
172 163
66 314
335 111
295 72
87 140
261 323
124 62
139 280
46 205
42 285
150 39
161 317
213 150
216 335
133 34
218 292
40 199
191 220
268 146
201 318
111 78
338 236
266 317
323 278
244 5
213 284
56 21
115 241
92 320
62 118
339 165
224 95
100 330
289 136
159 291
316 124
112 135
43 201
123 109
137 302
119 22
308 197
51 226
284 325
20 234
130 261
171 25
76 207
175 279
276 280
108 72
125 324
168 18
59 290
225 313
31 310
302 283
334 143
21 222
320 235
314 214
326 333
1 21
317 183
175 235
84 163
1 98
221 224
291 198
116 21
275 25
185 168
260 79
228 312
305 66
44 192
171 100
223 91
314 230
122 110
340 229
145 42
252 253
201 302
311 240
266 186
227 43
280 101
185 131
196 184
123 55
25 192
212 154
306 143
228 189
184 298
294 153
105 266
156 304
56 116
79 293
258 241
273 184
115 119
35 325
68 209
129 296
96 264
212 147
286 180
274 257
131 293
313 139
80 125
128 266
283 203
152 202
167 237
331 257
195 237
184 275
34 215
13 254
295 97
207 2
224 174
62 179
193 39
312 68
241 108
298 237
8 292
245 75
109 253
262 246
159 113
244 192
166 292
62 146
153 47
274 274
103 260
105 6
48 191
225 133
1 170
148 226
243 190
279 19
7 206
16 252
339 261
304 320
282 240
30 123
178 165
110 55
101 205
183 35
143 211
153 241
26 151
219 6
34 192
292 50
90 251
188 146
199 118
150 268
43 223
302 279
313 166
314 40
33 43
325 245
188 68
51 234
95 238
121 303
102 310
35 314
25 13
217 78
45 305
167 20
251 73
184 179
211 147
214 118
209 38
326 276
80 56
4 210
236 210
156 79
109 151
94 297
304 182
281 127
98 322
259 190
291 10
75 72
53 304
57 8
110 46
114 99
34 236
26 155
159 192
27 222
76 28
241 97
249 279
19 266
229 218
286 181
87 252
126 306
52 316
129 172
320 283
146 69
141 203
32 62
142 30
175 117
6 111
25 189
212 247
111 46
48 68
198 268
117 243
339 46
136 316
214 59
194 251
285 173
148 338
87 280
170 306
90 316
118 274
80 51
31 47
13 117
181 50
290 151
303 217
138 90
129 155
248 183
309 304
49 243
340 281
125 225
280 228
252 92
212 225
315 313
221 20
97 61
107 268
134 65
328 283
115 100
336 62
293 201
298 174
18 140
277 327
313 324
99 265
279 309
67 165
84 225
192 19
230 308
174 69
121 6
239 249
220 267
211 200
198 60
325 305
264 42
174 201
238 28
196 95
62 51
82 106
30 59
39 319
100 42
103 254
14 222
83 157
265 318
24 7
96 264
205 275
258 326
115 313
150 263
299 121
16 179
299 39
198 194
190 76
192 121
242 161
255 2
123 267
79 245
122 139
150 309
4 131
141 338
135 42
101 118
288 62
67 235
90 303
94 217
166 240
239 128
116 90
287 213
196 64
243 127
120 237
229 242
208 333
28 41
249 46
110 253
253 78
126 337
130 283
140 27
129 241
28 163
69 165
7 140
301 232
287 312
249 13
213 241
29 266
89 166
211 271
86 138
159 139
189 43
119 68
77 272
134 97
225 45
282 26
169 56
137 141
332 263
94 300
228 77
314 316
144 240
112 52
29 215
267 332
123 324
308 16
333 103
104 209
161 126
41 307
299 77
137 283
136 269
290 95
7 99
315 201
21 171
329 296
166 109
215 3
70 309
220 305
27 30
338 325
266 40
259 317
116 310
218 53
78 131
312 175
162 132
310 324
209 262
162 275
185 5
250 139
198 39
296 305
124 333
9 156
36 205
258 215
256 231
104 126
14 28
20 272
63 56
32 122
184 139
258 160
339 14
88 330
270 88
145 186
4 158
227 182
294 68
175 42
16 148
178 84
129 192
306 238
101 108
266 82
173 281
121 194
5 246
263 331
21 97
131 130
70 327
149 121
64 278
20 164
222 108
186 144
248 26
115 96
21 94
95 51
221 25
55 70
291 170
9 201
251 275
100 291
284 251
248 29
299 30
207 257
51 127
86 197
106 41
144 337
30 225
145 156
83 212
139 68
302 258
56 201
286 293
322 142
192 199
96 140
325 33
72 208
13 276
31 44
156 261
80 111
13 24
198 215
3 109
42 309
305 104
214 85
70 312
36 258
2 122
176 198
337 260
249 296
309 298
189 199
82 8
186 209
18 8
188 59
283 334
266 164
188 87
29 216
59 70
209 115
124 294
3 102
297 49
219 172
33 11
160 130
196 14
26 131
204 290
288 308
319 288
158 269
189 305
98 69
91 302
69 292
322 94
112 239
329 233
110 108
63 286
47 298
249 65
60 11
127 13
186 166
153 150
54 178
265 147
217 231
201 58
190 175
124 91
63 296
254 74
133 74
163 161
217 289
79 286
36 326
138 321
69 279
32 337
178 331
290 320
195 73
187 267
109 299
234 316
5 89
250 270
178 102
302 17
291 177
90 310
246 2
77 165
71 56
166 77
180 238
9 130
115 308
73 222
11 9
195 45
307 208
13 124
3 301
7 202
178 43
230 152
135 92
119 23
112 136
296 18
204 295
29 192
76 111
181 295
50 296
123 165
177 227
233 275
328 207
111 184
201 319
314 235
177 290
11 163
74 103
24 181
151 262
30 36
193 180
232 237
53 237
297 88
44 65
92 340
70 27
248 83
135 174
179 160
44 308
314 126
145 42
289 198
214 120
238 44
77 335
202 74
124 61
292 127
214 199
197 287
191 1
317 113
8 335
7 2
272 228
217 72
56 62
250 110
36 105
269 64
115 166
186 212
223 300
310 80
154 286
226 55
85 170
195 66
271 117
127 140
203 225
297 169
65 89
14 181
251 156
63 92
106 205
79 250
122 257
329 288
155 125
124 152
209 254
220 47
282 163
315 255
165 21
302 307
310 117
77 62
190 28
249 235
236 307
217 135
199 320
240 117
46 250
46 72
18 247
54 158
186 328
284 14
221 85
111 303
96 171
5 71
29 122
148 198
208 76
117 92
161 72
326 271
21 326
277 123
278 204
253 92
257 319
121 172
293 204
311 339
338 125
55 45
61 105
94 79
110 317
102 47
320 270
310 261
252 26
23 48
100 257
13 166
192 206
33 194
69 143
286 115
187 197
154 13
27 62
214 192
282 126
221 123
243 172
193 7
103 123
118 182
303 238
145 3
272 257
51 16
244 246
251 215
108 50
146 99
142 189
148 266
238 107
192 133
208 86
13 154
252 286
242 31
101 199
266 167
95 106
327 222
7 228
64 154
199 319
177 265
104 79
205 275
291 272
301 63
12 28
129 215
15 86
39 170
265 231
188 7
77 222
249 310
169 336
231 234
62 16
176 119
227 89
20 9
336 192
239 209
134 117
109 303
84 310
273 136
215 275
273 308
100 21
150 53
81 42
60 32
232 41
148 20
91 140
190 215
280 187
337 337
172 201
211 218
110 295
232 166
156 180
33 251
208 13
162 112
283 304
334 57
315 160
148 96
261 139
82 105
103 307
188 31
165 136
201 126
23 295
72 297
66 190
280 41
80 289
35 127
152 47
331 80
21 6
205 197
75 295
47 17
333 7
5 282
275 331
169 295
31 102
293 288
295 200
298 52
129 140
251 220
169 205
183 264
131 192
278 124
330 121
246 92
237 89
148 82
192 179
219 339
144 96
110 324
272 212
47 75
218 1
196 279
269 85
254 18
328 327
245 59
188 157
292 168
202 199
157 268
112 144
234 314
152 14
75 194
242 239
337 139
185 56
251 320
111 258
263 82
59 220
241 146
50 310
16 3
101 131
337 229
246 312
139 240
15 70
19 151
199 140
114 231
259 124
301 319
242 258
281 85
152 81
206 43
68 234
319 202
241 16
221 27
138 194
277 89
278 223
59 228
44 318
4 74
22 261
214 167
126 204
124 275
173 138
242 191
124 230
28 295
304 173
16 334
239 172
330 71
286 185
190 24
152 324
205 246
126 80
9 295
245 274
97 240
295 124
110 147
225 222
185 189
325 170
89 276
176 314
175 15
313 78
135 33
6 247
121 328
298 66
320 132
158 85
280 36
38 18
47 77
68 56
75 149
22 76
248 153
245 56
50 238
6 39
72 100
280 24
182 76
224 2
159 195
305 127
26 36
215 85
168 127
240 162
311 222
31 173
125 122
32 172
314 258
153 81
136 222
8 218
67 94
220 70
125 184
253 19
157 77
171 88
282 265
252 109
296 313
117 70
79 26
188 156
306 58
260 89
164 15
196 223
189 273
275 199
31 192
246 124
291 248
230 86
127 243
291 315
300 259
250 55
150 147
47 11
67 74
85 16
159 9
152 9
174 306
119 152
34 231
229 31
218 133
216 121
150 271
148 257
37 137
41 203
310 291
256 102
234 274
185 263
236 283
242 206
116 124
277 122
326 252
272 177
85 238
141 128
247 112
8 97
273 138
260 106
260 44
109 230
117 231
158 340
63 5
99 276
117 105
11 216
233 154
49 145
280 112
154 237
27 246
26 302
58 291
340 34
310 43
5 90
158 222
225 291
10 312
247 25
86 195
314 5
34 241
174 46
247 236
177 47
308 62
74 16
56 222
179 259
273 168
175 239
271 263
287 186
233 309
171 202
215 114
296 187
123 1
287 8
210 332
212 139
195 267
63 52
149 93
216 269
178 284
41 169
280 17
238 18
171 263
175 254
241 270
229 161
53 63
205 277
302 36
244 63
54 54
234 75
101 142
224 224
99 234
295 100
314 70
291 225
62 22
168 278
235 20
107 18
88 118
196 277
262 111
161 82
220 206
13 293
256 69
64 133
125 59
243 299
221 291
20 247
40 279
250 306
191 121
337 100
38 28
328 68
128 253
327 276
136 309
39 50
26 193
325 18
317 289
62 8
78 59
215 330
198 228
321 67
83 263
102 336
68 82
259 156
298 196
300 287
188 63
187 5
70 304
34 247
50 78
236 253
316 52
282 93
67 58
318 100
135 208
107 25
114 42
166 136
108 253
119 301
101 10
8 233
210 33
321 115
318 287
197 170
74 165
171 262
305 338
301 166
276 114
214 78
136 144
43 134
293 38
268 169
315 216
64 329
212 123
279 313
209 124
310 1
331 155
221 194
293 233
258 118
196 260
13 141
221 155
282 163
146 188
54 309
77 323
177 111
6 263
123 81
78 8
109 157
170 60
108 87
103 339
61 121
267 146
204 221
140 105
226 283
147 225
127 237
50 316
35 142
235 240
160 233
200 205
272 66
227 148
116 74
165 83
175 270
20 53
42 27
335 317
333 217
250 37
243 92
119 181
154 118
111 153
147 181
88 37
2 244
75 308
320 109
195 163
319 199
147 118
225 27
119 41
328 37
285 230
249 141
311 160
114 188
301 305
303 57
169 127
146 223
332 177
146 46
18 91
272 127
53 281
20 305
320 295
153 51
172 303
160 318
129 21
77 323
184 230
215 271
134 64
211 52
62 326
257 185
203 292
293 61
11 337
7 127
146 58
155 129
223 157
142 183
335 251
82 275
171 106
158 307
266 165
35 16
316 176
61 83
254 55
178 230
155 243
156 260
15 30
141 5
31 317
214 298
312 220
56 116
161 256
193 165
153 29
13 193
14 90
259 90
221 88
183 27
170 313
282 240
265 120
281 263
332 35
96 212
241 56
211 336
204 43
310 78
68 42
86 85
48 2
178 120
211 188
299 310
155 329
109 129
2 286
303 239
167 171
129 5
261 190
119 78
167 253
137 205
33 224
237 25
69 206
263 43
241 260
141 260
63 169
132 135
183 159
165 166
185 232
57 103
67 8
255 333
38 176
243 17
207 291
228 33
241 205
52 130
250 8
260 72
144 212
123 161
241 98
271 122
225 160
300 88
310 226
225 88
107 200
269 231
293 243
225 139
203 256
271 310
144 203
169 317
180 224
26 230
135 284
142 85
173 62
32 320
172 2
152 292
241 270
243 99
327 143
197 12
120 243
89 78
305 14
296 84
226 224
259 302
300 239
210 58
4 332
187 30
233 179
276 157
103 46
191 322
146 16
182 104
149 8
219 49
252 111
158 31
131 190
121 53
111 26
67 327
138 297
121 243
119 317
298 258
283 258
309 181
319 194
172 108
339 13
312 250
295 205
143 337
126 254
293 260
117 273
69 129
98 315
271 240
143 338
330 172
43 133
216 280
28 217
134 331
232 129
31 288
136 206
242 121
73 179
26 88
28 230
159 247
271 64
157 112
212 303
152 295
257 72
176 133
325 210
76 36
137 337
202 122
222 125
156 289
19 325
219 281
276 74
325 228
129 215
231 324
126 266
162 13
182 133
132 131
97 51
292 109
324 129
238 228
182 46
23 236
208 296
45 281
244 145
319 104
218 10
289 121
143 101
241 63
331 252
59 324
293 168
75 145
203 67
214 166
5 217
335 136
97 165
80 42
314 244
311 137
106 119
170 59
91 328
141 218
168 70
206 38
139 149
243 192
278 149
128 118
159 291
140 245
277 78
196 216
309 217
71 262
151 69
46 101
279 76
331 133
275 333
62 221
84 23
146 37
324 96
14 173
271 71
123 174
83 159
225 33
149 29
210 28
36 339
266 103
22 241
68 27
7 265
79 247
254 175
133 3
79 255
18 327
31 109
166 42
132 321
230 259
214 266
192 173
326 67
7 189
197 311
314 286
320 73
46 194
255 110
132 302
237 3
180 199
259 281
243 132
237 81
148 178
306 174
270 29
257 162
335 185
219 52
88 12
269 81
315 57
253 133
2 201
334 21
195 306
35 38
145 300
268 293
165 321
233 293
129 84
36 307
148 325
275 21
7 213
111 12
247 302
269 208
322 302
145 176
88 240
295 96
274 144
153 296
39 292
268 40
116 292
309 152
133 74
303 93
322 101
182 324
58 76
94 286
165 204
273 27
336 134
250 274
241 54
55 47
176 327
244 130
188 84
177 58
186 162
196 276
284 315
88 296
195 61
329 43
241 33
331 173
3 289
84 241
132 39
54 308
237 71
96 131
74 188
3 84
278 213
190 115
159 149
205 232
184 187
293 199
222 85
186 180
202 52
135 46
200 140
15 173
65 314
21 254
185 7
252 121
246 220
126 340
89 317
177 277
287 138
185 34
315 144
284 176
56 53
309 151
84 123
95 291
280 89
334 308
236 270
127 1
285 257
236 94
109 134
264 315
126 296
76 71
29 269
79 237
96 113
14 280
13 256
17 37
258 88
199 254
295 178
107 188
176 83
202 106
263 18
210 291
31 172
248 320
125 240
224 287
186 238
180 86
52 77
11 260
243 190
272 36
316 259
207 8
233 71
27 26
127 283
282 99
203 238
179 323
335 73
142 53
9 305
243 123
330 107
281 311
108 304
188 16
252 289
114 226
129 290
96 183
198 128
280 180
246 85
246 67
109 86
336 176
247 299
122 280
212 45
174 320
150 249
334 71
181 27
163 304
135 10
240 284
332 47
289 249
147 300
169 64
63 338
247 312
22 93
200 307
241 215
41 158
2 125
74 315
332 178
77 93
32 87
108 149
263 39
322 248
51 257
270 71
172 212
72 312
159 195
181 240
21 43
200 158
43 209
222 215
13 160
125 319
155 238
163 223
60 173
185 188
57 83
79 173
119 84
173 240
27 276
252 152
284 8
159 272
209 134
287 326
140 147
47 310
44 57
234 194
243 35
189 301
310 205
99 31
120 191
3 107
38 109
248 190
284 235
309 158
131 99
116 296
312 315
300 324
223 158
310 207
14 333
134 8
276 159
70 280
296 87
219 184
279 339
108 30
325 6
139 274
289 318
4 228
138 318
300 108
336 231
291 111
325 180
71 20
162 188
227 206
13 173
283 286
2 118
10 164
184 305
64 104
206 309
99 326
274 182
160 264
311 251
280 12
29 143
195 300
269 223
64 265
176 143
153 173
262 48
178 188
136 275
274 107
17 48
251 72
279 279
312 210
310 226
247 282
192 73
149 38
112 4
163 142
334 37
17 248
269 286
195 209
130 39
285 153
298 58
227 149
219 240
319 187
334 127
290 1
171 179
308 87
227 326
322 220
242 54
163 268
186 32
247 225
87 116
8 317
153 225
295 334
109 184
256 254
333 140
89 288
3 237
129 232
157 118
169 31
27 323
160 33
260 309
182 268
322 177
100 247
5 230
8 59
301 259
239 14
203 43
86 235
118 298
5 311
142 197
106 130
176 118
187 320
292 259
149 15
103 332
86 135
322 128
77 13
117 115
206 21
139 236
320 97
186 338
73 101
155 338
27 102
24 308
233 26
71 321
61 195
337 232
49 167
108 320
135 216
141 122
36 200
312 143
149 125
59 23
61 12
229 36
10 313
308 209
181 15
8 250
181 157
172 229
265 46
306 258
335 313
187 237
252 279
212 99
258 128
13 223
113 167
250 237
105 294
226 205
298 10
52 41
319 308
161 187
18 148
176 198
133 332
94 24
157 158
49 238
144 328
202 124
128 247
2 97
311 301
19 335
18 214
150 130
253 100
28 290
86 234
67 23
124 319
272 284
230 271
231 128
19 293
109 67
250 104
53 162
217 117
12 13
315 129
53 319
44 282
145 244
193 144
196 145
316 239
2 47
151 329
176 45
190 90
331 64
189 166
112 225
58 318
156 259
325 16
304 312
128 186
222 4
19 322
58 7
285 155
48 103
29 308
134 145
273 177
50 116
200 152
332 318
46 259
101 240
66 102
231 31
218 319
21 50
195 148
6 80
300 250
115 45
18 44
176 86
94 302
108 143
213 51
186 39
239 84
95 300
110 128
243 129
18 41
183 120
164 129
149 108
331 266
187 279
31 250
125 311
259 49
46 135
149 129
230 282
312 266
228 127
141 190
264 238
279 184
271 67
277 337
336 32
172 17
200 121
61 138
61 235
7 135
55 203
83 255
243 284
211 211
253 20
181 218
332 337
210 148
335 213
114 307
232 115
132 233
103 284
8 20
79 72
256 149
336 85
5 15
183 177
202 175
120 88
63 334
137 121
136 161
331 98
265 240
224 171
209 32
81 298
49 245
306 115
195 13
263 266
16 316
286 232
59 75
22 201
332 96
204 311
188 195
307 118
20 162
236 160
338 244
21 3
80 146
119 230
201 301
15 26
151 282
185 150
201 264
257 39
21 111
269 98
323 77
192 152
81 192
167 195
86 160
259 161
120 203
221 173
27 95
71 130
141 231
89 213
309 233
124 27
304 25
72 323
21 233
54 135
85 233
267 70
64 125
92 154
197 170
315 73
313 175
266 287
251 275
284 30
278 13
170 338
15 70
33 329
46 42
180 202
125 197
303 114
98 88
55 284
204 249
184 55
271 76
173 302
325 301
196 3
41 276
94 265
267 247
235 263
78 317
96 28
125 135
189 34
197 84
279 258
126 30
9 14
315 290
39 70
195 34
225 65
59 230
99 48
321 145
15 215
260 253
236 301
5 86
270 62
66 13
92 105
143 192
143 2
212 107
181 210
45 85
67 186
107 129
104 214
192 227
192 332
181 96
302 58
121 296
94 223
218 103
58 177
267 273
126 165
123 285
17 313
99 68
247 313
316 44
158 159
77 78
226 100
160 291
132 55
45 136
49 63
105 37
167 181
58 340
32 128
200 298
139 10
40 173
335 73
162 275
151 109
239 66
338 24
205 172
270 167
124 126
246 60
173 71
96 199
222 288
158 187
334 74
153 23
288 132
195 82
30 90
90 184
105 123
201 200
163 31
31 12
229 227
5 161
229 185
167 101
24 301
248 262
282 280
104 248
160 79
170 186
340 229
289 34
307 100
82 290
257 189
170 310
305 91
152 238
202 158
135 276
305 7
192 64
294 99
52 204
58 118
165 171
150 146
7 262
51 210
205 130
178 46
205 231
244 248
326 47
265 333
5 57
21 6
286 260
84 253
208 165
285 310
334 89
26 105
23 147
228 9
103 337
157 135
151 328
48 86
137 186
37 244
298 167
267 142
23 279
268 35
237 149
121 310
268 232
20 269
267 24
49 325
114 35
233 79
125 232
57 200
320 159
164 46
292 100
64 327
117 257
310 34
12 211
278 7
326 33
161 37
21 265
140 146
146 241
300 333
45 119
65 277
2 232
303 68
226 29
4 173
273 303
207 23
225 340
323 7
153 279
291 324
13 120
236 185
16 308
258 276
287 340
31 218
