340
8092
212 93
71 214
233 97
285 100
331 237
321 295
304 65
64 288
253 201
143 122
286 71
308 108
287 269
31 269
209 91
173 128
63 187
193 188
7 209
21 327
104 34
227 47
289 327
90 300
193 127
255 170
162 73
19 267
280 266
178 22
106 139
149 221
35 244
151 168
274 168
182 54
240 11
204 323
52 147
187 211
130 307
294 145
158 136
17 261
275 188
112 65
296 200
153 207
210 135
283 23
45 2
135 171
252 255
175 35
71 254
54 287
31 313
13 78
276 223
270 315
13 51
177 247
162 199
291 171
184 40
109 11
221 113
166 84
285 159
241 38
183 318
103 267
45 247
146 218
236 240
37 243
336 12
307 186
154 322
260 208
200 97
95 307
111 166
59 296
305 315
140 62
204 313
48 74
104 69
23 192
234 133
79 210
274 65
189 226
8 236
223 267
300 238
75 265
59 13
223 63
317 336
115 291
44 111
187 287
88 162
224 264
273 34
227 120
153 294
32 205
268 109
89 60
312 141
309 44
71 334
196 24
10 234
294 168
140 334
262 215
154 134
19 326
340 5
120 134
84 104
317 279
196 185
242 214
95 255
336 255
125 63
118 283
263 218
46 97
23 180
97 143
310 4
99 109
39 238
331 106
288 259
89 234
336 157
268 170
214 258
104 153
46 60
119 273
250 2
200 283
134 317
211 199
246 73
210 194
154 54
30 265
95 177
144 39
327 140
102 181
200 78
329 228
36 327
173 68
229 208
335 277
269 239
150 148
194 254
170 229
313 148
169 139
120 61
261 263
81 221
178 121
12 74
10 275
48 213
333 35
278 16
156 131
279 160
164 187
41 203
251 41
83 45
172 296
7 52
201 31
2 185
89 292
174 273
26 176
144 273
261 339
151 80
241 320
60 294
203 88
67 223
254 17
142 43
293 30
1 195
78 218
281 177
104 129
71 236
116 217
247 300
60 302
50 93
98 42
293 186
178 5
145 214
293 278
225 22
289 76
34 35
198 51
258 24
115 85
109 127
301 333
318 57
313 309
222 316
4 79
253 162
169 328
270 235
66 226
269 77
311 108
56 157
123 189
246 293
241 191
114 46
200 149
180 73
269 54
225 151
288 293
197 121
124 302
335 201
49 41
166 255
262 258
164 306
181 84
333 28
121 85
243 92
74 115
33 236
100 240
30 11
58 307
270 173
325 117
26 187
125 8
236 58
14 80
161 14
220 257
83 254
9 299
285 140
136 127
168 151
179 97
320 127
155 103
23 120
15 30
77 101
43 18
203 338
161 98
273 165
62 134
94 234
219 299
270 135
128 75
288 140
203 187
172 94
23 252
64 215
212 171
218 125
173 130
249 139
178 191
154 216
61 201
4 248
291 73
262 38
214 144
138 32
105 18
228 26
169 317
9 168
206 190
14 270
258 85
189 272
192 22
224 205
99 159
28 113
231 170
29 177
35 207
194 142
298 190
125 18
317 42
166 154
25 204
80 337
297 266
165 2
226 297
9 192
307 3
112 60
176 1
15 23
122 141
227 249
161 313
320 265
125 26
219 65
85 60
56 328
124 88
335 93
119 314
1 192
86 217
253 102
165 108
119 213
224 144
23 262
177 42
116 186
257 299
242 313
132 119
57 114
116 68
20 60
290 125
134 87
100 187
219 239
145 328
61 115
185 281
98 263
251 99
121 258
16 329
330 131
179 83
193 112
130 32
154 151
34 265
317 116
139 310
161 62
215 22
25 62
213 79
146 205
292 157
168 228
295 151
296 3
60 113
154 34
261 193
30 235
136 158
283 82
87 65
24 149
31 238
325 213
309 203
20 112
282 238
311 15
23 226
243 107
5 288
113 7
205 190
87 190
79 124
127 294
155 98
319 61
271 322
92 280
147 89
123 331
248 253
297 225
148 134
126 193
154 213
307 76
58 234
138 19
160 153
218 76
106 320
33 175
251 102
255 44
196 136
164 336
45 324
107 198
220 48
197 296
76 238
72 111
221 28
246 337
2 32
17 320
30 45
27 305
327 68
75 258
197 1
112 46
316 4
201 312
77 101
106 176
148 334
131 148
322 72
219 230
260 75
261 56
129 18
183 53
13 53
59 339
16 24
105 231
337 71
328 107
5 104
271 286
170 62
278 54
70 302
317 221
257 245
62 264
220 116
109 125
241 55
285 298
20 30
100 180
314 35
263 124
319 225
59 244
82 277
306 199
314 137
192 195
339 76
277 126
319 251
133 33
266 166
92 180
6 298
62 193
10 271
34 135
320 302
25 325
205 161
278 294
101 297
132 102
78 50
322 90
189 329
266 274
270 79
14 97
333 11
269 231
196 11
253 150
20 91
140 178
110 159
247 289
270 52
150 170
251 153
51 31
196 314
81 134
270 12
154 123
295 146
215 259
293 227
153 227
3 121
290 106
294 17
53 25
126 4
279 104
10 258
152 209
129 37
120 201
143 16
14 252
255 8
172 260
214 41
194 23
183 121
54 27
340 334
54 282
266 8
257 103
332 46
173 150
116 7
155 100
72 290
329 315
312 317
125 249
5 307
47 241
155 294
279 267
149 147
175 211
207 162
139 133
25 143
267 45
171 73
251 224
188 204
329 68
277 71
8 147
201 308
62 90
278 145
227 292
324 293
231 238
108 166
294 150
309 296
184 11
225 136
170 80
181 208
313 84
223 89
275 87
247 232
118 231
46 232
58 331
104 250
119 91
93 283
73 3
240 285
202 239
66 80
237 230
111 32
280 130
285 163
143 69
337 53
251 102
56 203
324 78
214 227
56 307
256 181
110 110
230 232
250 129
108 86
324 338
124 130
197 6
243 332
286 285
143 169
288 139
215 207
64 294
205 176
172 212
144 46
236 330
238 90
234 98
90 306
221 229
54 287
198 42
297 297
10 318
34 23
325 123
210 79
312 152
299 156
304 326
306 150
220 182
235 89
300 237
277 275
155 265
54 219
63 10
118 141
151 222
325 209
229 57
54 38
268 171
115 10
2 25
222 41
211 171
325 262
91 256
61 234
315 125
294 272
132 77
150 148
252 151
216 90
1 10
249 244
318 261
334 131
39 332
140 76
120 112
60 84
280 337
156 252
291 289
303 95
290 121
6 22
306 40
86 272
118 78
192 203
190 195
248 186
336 127
152 77
85 162
243 126
24 277
100 241
237 143
315 289
170 262
32 241
35 230
301 330
18 109
181 155
159 70
319 279
69 127
54 57
84 251
11 44
29 193
252 11
160 90
51 243
77 141
250 4
77 75
54 250
70 224
7 228
306 234
164 262
321 151
253 217
68 207
279 242
185 295
170 259
60 70
115 270
161 44
18 40
49 1
213 306
14 110
179 42
215 178
211 20
169 41
65 200
213 337
65 203
301 111
196 125
204 175
36 287
206 8
155 5
165 321
291 254
37 22
28 273
103 165
123 313
227 211
143 47
44 281
65 85
77 239
123 183
128 219
337 154
133 103
116 3
323 227
338 215
214 102
162 158
120 127
317 104
265 204
13 197
146 333
211 160
119 259
193 176
338 111
177 194
133 35
267 162
167 211
37 48
327 11
315 316
180 106
228 5
340 234
57 188
44 194
268 235
152 44
181 161
69 239
320 315
34 236
194 115
134 105
285 220
188 290
232 136
138 105
174 337
58 251
85 263
203 92
168 307
198 8
113 107
116 43
204 193
259 161
275 140
306 176
74 162
163 41
292 218
223 276
295 237
113 45
332 98
47 277
331 235
260 16
332 133
284 284
258 36
115 20
66 132
192 76
200 182
328 54
47 248
156 206
301 92
36 252
159 102
101 291
100 234
229 137
49 157
340 12
183 55
137 111
125 240
39 37
339 115
17 259
37 286
295 288
70 213
192 258
268 333
210 200
74 70
49 4
49 10
21 125
221 234
332 273
88 52
42 201
40 129
146 17
129 106
339 59
46 329
304 219
30 301
100 27
286 111
254 179
277 120
67 285
300 287
23 229
149 253
105 294
265 335
202 295
303 111
198 265
292 247
51 228
8 98
295 289
328 258
175 170
304 157
134 96
214 310
157 249
43 57
337 178
6 135
164 39
179 177
209 269
160 280
286 295
52 187
74 97
103 183
156 277
69 59
166 236
58 161
78 333
91 179
323 263
238 93
89 55
67 141
236 280
85 279
113 217
129 271
223 54
333 10
228 294
282 320
111 275
68 171
118 304
215 326
251 292
122 119
155 280
90 72
49 9
340 25
288 212
157 72
88 274
254 309
223 284
83 293
144 294
265 55
254 196
101 298
290 203
266 96
136 223
59 330
311 152
337 305
204 305
177 126
100 119
24 132
182 139
139 234
262 71
276 154
233 128
86 14
127 256
128 169
311 158
240 282
257 176
73 309
44 67
308 268
285 44
184 179
3 16
110 148
30 275
264 50
301 99
249 28
326 152
46 250
176 4
334 203
131 88
315 6
268 225
77 110
337 152
299 137
271 139
125 263
270 147
21 95
57 47
137 143
70 293
183 197
216 115
307 244
331 107
91 296
157 114
289 327
31 156
334 152
135 170
282 23
73 279
183 120
332 55
124 178
338 326
122 180
124 201
253 282
222 91
157 294
119 143
63 161
173 269
292 327
321 212
18 264
88 73
95 121
211 121
107 131
14 204
293 245
13 113
76 222
10 262
1 301
98 180
55 217
151 321
56 41
312 232
158 9
66 325
28 101
77 277
249 19
315 271
18 153
245 169
92 265
279 155
335 237
16 273
23 138
315 146
66 193
268 100
143 141
168 68
191 119
264 165
165 150
322 279
89 59
8 24
96 269
265 64
225 311
108 282
305 1
256 200
221 8
55 99
15 276
47 144
248 199
224 70
184 83
172 115
310 260
199 339
206 187
169 288
239 134
231 217
148 40
40 68
127 105
292 35
124 240
107 99
174 116
212 325
94 322
28 54
71 289
41 230
133 282
65 239
309 24
218 339
16 320
240 284
141 42
279 295
233 99
30 155
50 147
337 233
260 123
180 13
213 304
145 332
70 11
24 337
286 7
213 169
328 101
146 228
124 105
78 41
154 95
209 97
301 156
294 199
122 166
118 240
170 41
251 300
305 75
314 227
249 30
66 10
246 8
61 212
282 230
168 26
137 59
157 207
94 28
2 335
190 220
326 31
300 86
13 245
82 44
266 212
269 82
111 253
91 124
52 216
106 239
234 5
36 123
18 241
284 63
66 177
318 56
18 294
5 326
215 225
322 6
6 142
137 167
165 28
324 308
325 140
272 293
169 112
107 127
54 94
94 145
57 247
171 319
324 114
158 273
265 19
331 219
257 200
269 187
137 80
186 112
216 173
27 5
31 46
142 193
1 150
237 175
287 57
80 267
225 258
132 94
229 264
147 230
45 137
328 86
79 86
197 130
74 141
280 153
186 208
118 78
75 310
222 339
84 247
211 285
170 237
265 68
250 229
170 19
98 107
11 294
189 22
246 212
7 105
183 204
270 330
37 201
226 195
67 111
59 122
9 215
303 166
300 247
128 48
308 199
149 112
202 235
109 289
149 227
137 202
157 104
114 52
332 221
174 206
250 339
118 340
240 211
213 107
175 313
41 293
273 182
271 142
218 206
59 263
257 124
171 54
23 117
50 273
265 154
262 216
169 306
259 308
318 134
133 278
19 182
190 138
338 327
295 327
101 112
137 2
20 228
166 103
292 223
325 36
306 191
51 95
99 30
238 282
235 274
152 336
210 45
110 148
123 149
82 89
199 190
167 324
139 292
32 219
91 196
135 130
323 250
249 73
45 20
38 310
207 309
307 317
154 243
265 271
174 77
234 9
299 20
316 276
48 136
84 139
39 66
72 226
34 165
156 167
134 134
25 215
290 51
246 246
248 242
222 118
202 11
272 1
272 235
161 290
42 169
211 59
246 171
317 59
148 258
69 279
104 333
230 171
197 172
203 152
5 275
241 96
102 166
77 229
202 339
295 256
105 41
81 58
221 178
23 158
219 165
15 272
170 285
128 251
122 195
12 165
238 59
319 260
88 209
72 322
19 12
300 280
188 110
14 30
5 58
47 2
304 308
236 45
4 322
150 153
328 225
201 51
272 281
78 135
318 91
33 115
328 135
192 40
70 195
237 70
275 55
90 221
61 177
268 113
175 188
300 322
20 20
275 223
284 154
21 199
176 117
29 253
61 75
153 90
131 226
275 200
112 157
55 235
74 142
61 239
165 179
24 17
123 283
310 299
140 130
39 52
172 60
274 76
256 278
12 40
257 316
1 49
333 331
178 326
112 24
98 184
321 10
245 155
240 59
190 136
90 230
140 216
132 333
124 9
220 156
257 39
286 233
260 40
74 113
300 16
84 1
54 60
178 336
314 221
176 234
270 72
79 210
56 272
45 260
221 134
225 32
112 120
217 192
181 122
151 185
122 96
225 296
339 235
299 26
166 178
159 69
84 50
178 69
52 194
89 302
140 214
91 44
201 221
277 253
178 296
171 303
66 337
29 181
148 133
224 39
39 267
45 339
235 90
199 274
254 73
259 319
118 172
212 185
87 30
106 310
340 270
185 243
278 242
8 83
75 72
293 287
79 213
39 84
213 226
330 3
80 126
85 237
195 192
48 220
4 323
263 186
240 247
300 289
172 332
166 226
318 237
274 244
19 249
128 240
64 74
15 337
88 211
31 151
16 12
98 8
38 189
160 124
150 265
163 153
260 260
273 273
52 133
250 103
31 177
141 233
250 77
145 235
91 183
86 115
165 299
116 1
176 238
153 270
289 149
200 3
154 253
339 277
220 7
85 32
323 227
11 40
286 172
273 172
57 149
273 176
59 148
255 119
208 291
140 29
294 313
134 65
291 219
64 203
282 18
120 57
313 247
30 146
162 54
279 93
277 16
205 80
161 244
12 75
87 262
126 138
76 240
294 286
68 188
310 146
55 281
129 329
198 190
79 69
26 32
252 121
272 134
209 217
99 134
90 198
241 22
264 163
303 86
44 95
315 71
283 53
89 177
109 21
317 218
71 218
18 252
229 181
331 316
178 188
196 8
227 291
292 169
310 13
163 92
125 98
172 110
271 125
88 126
323 62
199 80
278 264
36 68
319 269
46 65
180 177
207 97
296 21
18 335
233 321
142 88
251 43
304 297
317 123
27 222
188 100
76 336
22 337
45 149
56 325
66 161
18 165
76 237
166 193
172 53
21 69
263 118
137 104
239 198
279 331
111 188
90 83
338 260
160 163
313 175
86 276
31 185
311 48
50 197
144 157
178 208
183 155
44 336
127 45
182 161
201 225
29 22
162 8
164 15
94 173
59 108
128 236
235 227
64 2
48 340
266 326
65 66
251 234
115 122
196 62
140 110
59 315
276 174
133 230
196 18
331 188
209 271
280 243
17 135
146 33
157 233
299 6
2 18
175 177
158 156
48 148
276 322
187 37
95 179
262 276
206 45
68 147
323 34
215 104
13 277
289 33
102 43
141 42
103 121
208 308
172 126
325 162
41 232
122 126
11 66
44 128
214 45
185 271
256 101
83 133
100 214
196 203
33 155
97 249
83 272
38 198
123 339
41 24
257 198
265 252
92 267
73 130
79 7
111 129
255 268
10 75
214 32
44 152
203 127
134 52
90 317
138 209
172 185
125 260
48 120
88 330
127 24
289 76
297 5
238 224
263 76
168 6
183 281
298 315
294 133
218 113
277 306
91 98
223 133
267 166
146 6
6 224
212 320
97 177
268 166
204 109
104 293
246 310
92 99
140 74
277 121
337 148
130 91
154 181
243 55
164 286
91 74
152 13
171 78
299 204
304 130
137 125
282 261
55 164
227 270
327 198
66 166
168 106
296 26
117 304
231 48
77 240
45 199
319 179
57 40
8 321
164 193
178 178
63 127
332 193
176 102
275 272
163 264
14 69
162 33
266 234
333 265
45 50
240 156
281 283
201 202
120 234
290 64
49 138
78 306
129 112
49 222
3 258
93 50
17 273
159 29
91 268
22 91
287 27
282 31
327 316
70 238
29 4
62 84
88 171
288 216
33 78
336 284
154 60
65 173
25 260
125 209
224 263
23 125
69 61
5 229
125 287
204 97
35 157
262 304
315 42
320 37
283 124
193 32
38 327
47 116
237 326
15 276
147 89
285 61
1 260
154 65
298 191
327 320
331 309
264 297
61 304
132 18
298 5
266 245
206 315
82 212
163 208
41 216
48 248
87 57
117 281
295 145
16 270
272 146
293 107
47 168
262 144
177 128
23 227
201 123
114 246
275 139
182 32
12 336
190 17
147 33
278 254
262 105
166 44
227 127
145 320
189 245
215 34
233 176
69 236
232 113
160 169
41 185
156 13
268 83
272 331
205 206
220 255
115 39
125 199
208 314
134 335
188 314
95 214
70 296
314 303
202 298
335 327
287 79
213 222
98 152
256 262
306 13
57 249
1 101
50 168
263 175
3 227
273 40
12 240
237 43
253 229
130 100
253 179
65 182
32 68
310 294
271 76
23 326
92 315
119 200
101 143
132 329
314 24
107 64
262 86
36 165
121 327
236 188
245 17
181 336
240 159
188 297
109 25
307 223
104 234
276 340
254 291
109 318
220 230
208 265
305 302
224 108
121 25
96 48
168 20
298 336
288 204
296 157
132 113
71 207
233 190
78 215
75 140
108 241
202 275
272 151
88 332
258 303
71 203
136 92
171 148
147 319
33 189
275 233
326 290
19 165
219 326
40 45
181 207
316 158
233 19
263 38
256 304
221 332
101 78
32 186
129 81
58 25
120 35
313 167
300 125
335 212
16 223
300 340
239 109
236 191
240 21
128 28
81 107
181 333
222 234
300 6
217 19
268 271
46 84
274 174
156 60
160 15
1 279
285 152
102 327
177 130
114 213
337 133
258 32
268 205
211 98
56 238
56 52
17 125
72 170
316 204
43 25
11 215
42 323
239 146
140 147
40 3
198 43
319 321
301 202
119 33
67 122
278 297
83 103
319 155
313 164
253 149
82 334
148 238
220 48
297 67
336 63
80 264
133 282
329 63
18 230
156 279
317 133
335 331
6 193
232 282
48 252
30 124
323 13
337 39
176 258
195 42
174 107
156 259
20 156
105 16
312 284
204 203
332 281
265 149
147 90
268 319
200 150
179 230
114 65
258 331
167 128
12 245
117 28
192 229
284 193
250 266
3 295
314 268
29 251
162 102
336 69
79 1
18 25
86 82
337 86
219 284
141 139
98 170
214 47
309 298
96 335
170 216
232 307
170 40
62 115
47 11
72 258
100 331
114 5
237 145
283 32
323 184
201 273
279 164
142 159
96 312
176 25
196 30
188 63
108 115
18 29
254 14
193 50
215 144
68 139
110 305
250 137
290 59
125 99
305 282
53 147
178 214
53 220
200 80
3 283
210 254
191 267
193 327
322 162
222 15
59 292
77 319
109 15
145 23
28 130
39 8
34 76
98 289
242 68
231 245
245 230
184 249
139 321
336 286
214 328
3 180
52 74
190 90
130 276
152 148
221 120
254 44
209 243
202 139
159 170
18 291
20 69
44 85
331 100
286 123
326 13
147 200
240 65
230 276
29 47
210 96
78 212
19 191
94 100
159 192
334 162
7 40
193 252
279 108
115 32
119 267
275 26
324 29
153 308
59 212
7 193
147 338
165 284
84 103
155 317
213 335
307 246
49 243
216 312
321 41
209 5
340 331
143 75
255 41
303 2
33 31
289 67
313 300
305 52
3 245
71 283
111 325
264 8
11 10
60 171
37 291
45 262
19 117
201 308
119 243
154 157
281 36
298 77
273 72
257 185
92 231
74 13
143 79
5 117
316 216
47 131
315 249
14 131
86 170
185 134
105 316
100 246
1 150
280 4
19 334
319 143
19 335
289 179
77 68
45 77
303 221
57 327
95 68
195 181
275 127
90 78
119 292
231 22
35 63
7 306
177 140
269 16
103 78
311 303
283 42
141 154
252 169
211 109
329 81
302 5
313 13
193 27
326 41
197 292
194 154
182 2
268 289
78 28
9 232
175 192
100 75
146 36
320 283
233 138
224 233
245 243
222 262
14 339
5 84
309 93
328 1
249 147
153 303
274 8
171 318
71 306
328 143
253 115
138 263
17 73
166 326
309 69
244 266
258 247
302 245
151 322
335 261
186 110
160 148
250 107
263 111
246 183
120 118
206 254
272 189
95 25
309 321
15 277
176 183
96 12
90 91
113 199
121 87
68 75
228 91
204 237
51 249
174 101
228 84
11 119
314 339
269 12
321 15
210 270
271 133
7 147
113 184
4 186
141 240
214 296
322 132
140 242
164 296
192 248
115 36
24 72
118 276
23 203
254 268
280 3
284 155
2 118
170 169
288 310
48 154
141 166
40 320
89 187
265 334
314 47
16 19
87 282
63 46
253 134
81 322
298 79
300 256
249 137
331 13
4 200
166 162
190 178
339 291
24 282
235 20
141 157
230 250
24 123
162 73
320 183
287 245
290 338
122 292
186 162
273 281
251 258
216 248
268 265
86 111
195 47
151 174
88 165
89 299
243 194
241 201
113 94
90 153
216 18
333 44
313 340
292 161
19 312
322 314
333 227
228 222
199 262
221 242
170 190
103 77
242 282
286 136
239 266
136 271
36 266
140 331
160 205
128 12
247 50
325 311
195 103
87 98
246 278
213 67
162 183
179 131
110 226
117 118
175 7
321 114
130 158
96 65
95 204
183 244
138 44
337 67
209 190
68 197
87 311
305 69
96 224
218 126
184 199
245 309
327 67
250 119
172 186
198 339
320 267
62 45
229 188
317 10
321 217
331 166
145 264
284 7
236 93
336 28
100 68
24 35
24 25
72 133
291 217
67 30
93 75
310 309
98 238
34 256
50 323
55 115
140 6
225 160
59 339
263 256
58 120
319 107
317 177
170 81
120 238
6 180
327 166
220 321
14 65
293 319
266 316
158 36
200 225
97 148
16 63
97 57
153 262
34 318
307 272
111 64
51 284
142 46
271 51
289 61
48 43
214 89
261 338
280 62
27 141
242 213
3 58
66 103
4 336
336 230
87 237
333 205
189 43
153 164
309 57
219 230
153 184
153 227
134 234
213 326
128 116
7 145
271 291
33 315
78 93
94 322
259 207
25 21
276 124
63 58
292 76
38 114
245 303
58 192
86 52
49 19
281 312
299 284
321 334
310 26
120 94
52 167
37 214
278 119
188 90
19 204
65 174
246 264
258 216
118 96
56 308
70 279
223 105
123 321
161 107
239 84
199 248
145 190
167 205
120 81
305 141
21 196
128 201
223 41
213 139
149 14
124 4
188 180
142 115
238 11
241 147
76 158
28 259
245 70
223 19
265 170
210 265
326 170
81 60
58 118
144 19
169 58
234 59
196 262
99 147
171 72
135 154
230 171
211 333
204 265
84 199
123 152
217 87
84 251
114 134
241 176
246 199
249 276
249 59
79 268
173 269
40 335
6 210
240 59
233 297
19 226
85 214
293 67
58 199
307 255
138 266
135 42
277 103
277 97
161 33
127 221
329 183
337 1
324 81
300 130
278 327
156 196
7 222
287 185
137 78
99 63
276 269
296 232
302 308
32 333
39 127
144 178
150 147
51 87
224 75
241 80
134 100
292 192
307 193
340 181
72 59
287 147
321 313
243 180
105 244
312 62
250 70
327 40
201 27
13 180
9 242
21 264
88 214
66 248
33 297
51 153
189 29
322 11
130 195
69 72
170 57
193 53
172 182
5 265
129 115
293 338
323 327
319 94
87 51
98 146
87 54
136 177
293 304
330 54
334 38
278 69
104 91
233 321
217 46
242 310
329 257
92 17
36 33
133 93
47 173
231 70
309 89
178 160
260 154
19 250
153 165
40 22
101 46
281 313
113 309
177 96
172 293
30 19
252 17
161 254
104 70
206 68
337 314
188 323
297 68
274 327
270 230
324 82
283 114
92 224
90 275
309 147
304 199
259 251
53 336
92 89
143 196
318 320
61 251
291 290
74 273
164 318
140 34
196 178
231 308
214 211
181 39
243 251
50 330
14 147
129 50
170 268
164 63
244 38
126 92
4 165
101 112
277 29
275 264
186 294
181 50
95 116
104 180
291 215
135 190
267 180
264 148
146 89
198 8
286 155
74 335
283 23
161 219
308 319
22 100
220 10
75 303
41 271
19 71
247 85
44 274
336 11
199 285
27 132
231 271
138 136
240 310
94 125
324 244
256 218
103 63
187 18
103 120
223 8
45 1
296 195
260 333
300 71
37 268
142 312
289 26
64 291
325 259
180 311
13 227
40 60
113 253
311 157
239 91
98 14
134 216
250 39
80 66
205 310
82 24
332 213
105 147
243 246
144 9
270 292
82 259
136 171
130 308
12 325
5 199
72 105
338 109
183 32
133 174
264 255
63 110
27 98
32 147
112 50
24 257
176 156
231 243
67 105
34 252
80 48
215 209
146 15
114 159
76 145
236 163
13 330
32 1
231 318
153 240
178 174
119 145
230 166
172 320
337 53
95 214
22 184
301 233
296 178
29 106
134 78
1 261
13 317
76 94
36 92
102 199
140 196
216 128
3 287
233 198
52 207
239 103
256 203
181 333
321 116
164 47
64 283
74 68
84 189
171 85
311 48
48 217
61 232
220 146
330 14
326 112
268 187
105 285
278 197
78 99
29 219
226 211
233 316
112 151
39 73
291 272
68 208
191 231
222 73
243 297
322 33
329 82
159 95
254 184
247 149
8 241
28 22
59 193
68 305
175 184
250 215
194 164
227 69
220 268
18 247
235 231
312 104
108 193
96 99
24 226
276 308
230 108
236 57
200 146
269 266
329 96
310 214
319 55
118 91
58 267
337 233
219 272
64 126
239 63
1 266
280 71
96 170
33 51
237 47
318 88
303 46
93 107
181 301
270 235
275 218
80 258
123 12
185 237
173 116
13 145
307 233
222 150
17 99
143 4
296 89
170 103
286 129
222 5
125 165
47 145
186 252
288 5
195 48
326 14
107 193
278 282
93 41
336 122
97 12
46 291
246 284
277 269
54 115
113 161
247 170
113 323
340 21
153 42
229 289
252 201
84 313
265 157
15 316
69 89
89 295
279 326
110 141
92 332
96 205
100 334
298 194
19 337
79 153
340 315
284 239
316 140
207 170
130 131
104 162
23 227
109 127
331 186
73 36
174 292
145 237
254 205
168 97
308 97
196 325
58 173
259 143
282 197
327 307
7 270
152 205
334 109
48 334
20 236
161 49
12 299
262 133
31 213
6 165
210 235
7 27
319 182
309 250
223 67
147 88
221 17
320 163
186 253
323 177
39 321
303 12
315 312
280 241
32 52
31 333
338 300
125 166
222 58
313 51
266 59
98 136
90 87
68 15
252 14
208 48
318 168
303 273
271 35
22 205
21 171
21 170
304 120
161 310
196 216
307 230
157 246
313 255
232 232
105 33
59 223
136 267
97 40
253 45
157 174
197 165
150 284
316 201
269 124
194 21
79 171
279 135
150 209
121 191
97 322
292 195
123 30
129 301
31 188
337 96
131 47
9 253
340 215
322 336
248 149
296 65
74 89
281 69
58 103
197 197
251 268
119 14
163 264
332 257
326 279
240 157
15 189
152 120
187 252
227 134
42 3
19 282
290 62
42 246
178 3
40 93
26 50
174 33
13 279
7 187
270 193
290 227
322 176
27 298
43 249
148 207
22 142
259 307
42 295
334 287
31 116
3 178
107 22
140 135
330 284
262 163
199 239
296 284
292 15
249 330
283 228
6 178
31 223
283 217
266 27
160 318
35 85
208 187
82 257
47 268
163 202
252 13
333 194
268 95
38 97
54 95
64 176
217 323
313 290
227 198
47 119
119 138
189 18
84 168
8 83
9 339
259 184
233 338
283 283
226 324
222 116
20 294
44 24
314 169
239 24
198 135
57 35
209 43
298 121
246 35
145 63
279 94
256 42
272 183
50 310
238 5
49 177
27 152
139 167
57 172
172 232
112 121
272 335
313 216
174 294
237 141
151 254
281 117
231 250
313 50
39 121
184 163
296 140
20 194
266 148
237 73
67 246
68 111
11 29
46 270
310 101
326 33
252 164
12 218
280 93
269 327
67 287
237 113
278 205
167 115
91 221
186 149
164 142
321 277
238 118
269 194
234 32
214 237
25 5
7 73
138 7
289 7
97 28
93 18
237 336
131 292
248 204
15 102
43 323
42 332
180 69
223 269
192 287
103 183
335 139
47 154
266 24
336 36
215 324
8 321
321 135
202 158
9 27
71 336
3 284
132 326
16 47
135 8
319 52
233 17
279 34
200 148
230 13
1 23
106 89
305 18
254 314
82 222
323 88
321 266
55 317
5 283
40 15
16 100
293 114
106 205
328 247
318 97
35 256
22 339
174 65
225 106
333 147
85 166
154 277
195 119
272 64
8 56
109 249
103 94
291 59
244 146
265 141
200 198
305 3
63 81
227 207
262 75
201 180
11 244
100 72
170 178
69 291
299 149
145 207
242 178
138 69
221 163
308 323
91 53
230 264
250 26
217 246
200 202
97 232
47 41
307 159
160 312
95 208
340 310
252 114
119 230
223 89
145 213
240 93
64 91
83 95
43 216
130 242
139 139
33 153
193 130
79 37
289 220
312 9
113 234
151 99
218 43
86 303
146 283
158 201
160 81
257 84
52 94
154 114
237 218
32 339
5 3
233 189
87 206
174 4
89 209
339 173
158 255
184 254
234 296
288 49
194 67
85 219
330 73
66 280
33 321
131 308
122 212
285 33
295 263
155 179
123 5
10 269
7 196
139 322
69 288
30 326
226 284
4 263
35 330
211 145
73 226
311 221
122 222
128 137
245 145
240 76
12 201
336 243
36 324
7 320
115 187
111 121
150 2
245 121
319 234
180 97
296 232
54 340
153 76
105 303
322 121
216 135
28 93
312 202
93 294
40 134
34 244
30 252
234 199
157 30
48 311
55 299
67 204
227 168
51 81
24 339
252 198
253 195
286 326
73 211
265 327
309 79
207 44
289 244
283 174
260 196
282 113
253 54
61 220
297 210
109 77
65 9
301 330
44 319
93 37
35 95
116 20
70 36
296 175
105 49
236 160
315 199
154 264
227 126
21 76
333 231
126 151
201 323
209 121
283 304
33 85
197 14
200 39
117 278
268 112
171 202
336 151
141 222
168 111
283 77
133 306
111 103
277 225
305 179
280 263
260 103
220 272
125 260
77 273
247 149
300 267
259 171
290 300
26 68
258 42
11 56
108 162
187 254
228 100
68 97
263 309
143 150
131 301
261 102
265 332
238 261
288 170
171 104
112 13
180 59
239 177
107 296
275 166
205 30
119 124
212 90
309 293
67 313
88 295
226 242
185 199
10 45
179 329
247 203
320 104
82 73
332 17
278 202
339 273
113 15
112 9
270 97
270 167
52 64
116 106
174 247
62 70
63 94
138 23
263 147
218 141
215 307
139 262
295 157
118 336
227 229
239 259
172 76
70 39
117 255
287 87
290 311
31 117
120 225
154 213
248 83
274 282
153 304
57 21
222 211
32 9
189 218
122 236
103 118
330 137
238 142
9 235
26 190
134 21
54 55
266 301
138 50
279 67
261 221
231 35
108 90
329 81
241 145
112 86
231 150
38 311
179 287
83 49
175 256
338 20
338 129
17 21
186 20
59 52
321 189
214 296
65 268
333 75
329 79
309 291
227 224
166 207
294 36
172 135
159 321
312 254
225 81
173 46
184 324
225 326
260 25
78 96
298 289
296 254
268 234
181 94
168 248
150 19
249 177
280 148
76 267
153 46
303 148
235 86
149 188
156 201
302 245
306 321
173 229
11 214
104 125
266 305
48 170
270 15
240 131
136 70
221 304
200 58
198 164
276 215
176 44
15 28
329 127
71 249
131 330
223 41
94 50
153 89
204 31
183 328
149 316
312 94
128 183
219 196
260 119
207 321
316 43
322 243
285 328
73 62
134 101
166 136
218 265
214 141
246 159
266 23
280 332
2 327
104 211
126 104
100 57
76 67
135 295
178 202
15 70
244 268
28 139
335 253
271 255
165 103
74 270
7 63
166 8
6 289
214 198
292 266
283 36
246 135
310 220
225 39
241 167
48 21
117 83
283 316
333 35
201 61
219 156
225 287
95 52
282 129
214 30
109 189
268 316
309 31
114 289
108 200
73 32
166 16
46 193
229 9
207 176
165 188
313 120
243 213
285 205
23 172
151 177
18 67
110 186
163 60
158 137
248 34
271 157
131 47
284 115
20 91
132 167
113 4
8 323
173 214
100 319
331 261
177 246
40 155
165 281
16 135
47 230
223 319
248 159
203 103
4 225
138 47
221 51
280 79
249 26
43 283
276 333
56 274
124 180
125 273
175 11
1 162
188 173
262 267
315 269
97 318
226 280
202 255
34 44
60 25
8 319
294 256
264 161
308 13
218 114
127 335
336 188
22 276
63 260
339 336
167 305
73 234
53 314
19 322
330 57
271 181
106 226
294 74
247 224
336 61
239 247
284 34
145 253
107 20
92 64
283 119
51 283
271 299
176 204
154 113
100 204
174 58
332 174
77 272
291 14
173 213
81 201
288 230
317 166
313 213
205 105
36 187
28 169
153 125
26 339
28 44
203 111
130 240
138 228
168 75
201 318
179 160
237 150
31 104
78 292
78 96
32 100
191 315
199 129
207 14
185 27
340 190
205 92
231 252
285 61
161 235
160 331
141 325
294 286
167 314
333 45
23 202
64 62
59 232
176 317
310 181
55 333
123 103
71 312
161 240
183 293
123 262
299 179
130 337
256 304
105 154
118 235
133 175
156 245
240 15
20 92
47 1
41 90
172 337
205 326
147 76
289 288
194 98
322 198
152 93
138 338
130 125
16 45
135 116
147 262
136 265
199 22
304 3
72 63
185 139
289 171
75 228
216 242
121 57
320 172
109 24
189 190
84 259
6 322
132 202
216 147
311 57
166 13
310 43
170 305
162 333
20 264
197 10
89 332
227 255
282 141
205 93
55 291
28 62
260 100
298 174
224 7
197 86
180 240
202 277
204 4
10 80
92 335
11 254
42 10
179 104
94 51
334 206
330 181
148 136
15 273
101 322
316 305
307 327
272 117
53 175
112 100
92 109
94 26
46 105
156 243
335 8
219 72
322 273
24 68
207 193
48 231
41 3
288 329
39 223
194 167
170 41
204 235
82 316
286 47
195 143
27 237
103 325
312 224
201 272
6 201
186 181
171 243
228 272
151 137
154 15
168 87
259 108
182 214
334 95
326 151
337 194
191 50
154 308
250 96
136 272
201 183
267 334
207 37
199 320
50 181
62 5
82 199
318 5
171 200
336 22
80 8
256 158
196 145
95 298
14 70
27 322
245 50
171 47
316 93
137 78
85 5
217 144
60 228
205 274
62 190
78 41
153 118
125 286
122 282
168 87
186 7
42 237
268 98
285 257
47 42
325 41
95 72
73 245
332 72
204 67
74 292
274 205
230 18
64 222
209 171
163 52
198 204
136 9
233 191
7 149
251 10
110 112
274 123
279 89
141 87
335 297
254 204
307 277
340 214
71 47
237 179
266 165
275 11
42 127
306 75
197 285
11 250
64 305
189 294
153 197
186 251
97 145
156 74
131 133
170 205
28 266
69 168
252 51
178 65
118 148
25 95
316 133
239 97
177 199
166 287
318 60
323 67
148 77
104 298
113 56
239 320
232 12
209 171
21 209
64 80
126 154
105 267
311 61
335 113
92 167
165 80
108 318
148 123
13 294
174 27
321 227
276 204
189 124
291 240
74 146
110 100
276 37
288 93
338 274
56 36
91 68
163 162
324 135
315 46
290 319
323 78
242 223
83 249
259 64
44 24
261 198
39 230
194 134
251 153
18 168
53 124
185 4
188 135
58 147
99 200
117 327
173 175
63 263
197 294
117 80
137 289
284 284
85 256
83 127
127 102
191 286
29 305
262 154
160 115
289 21
39 65
142 55
209 19
20 291
158 143
287 224
204 216
232 22
98 74
258 74
27 89
140 60
340 11
197 171
73 50
218 70
209 97
73 320
307 236
6 275
313 19
86 224
26 261
91 189
6 319
3 183
70 273
202 151
273 150
243 151
161 181
111 259
279 146
215 305
38 244
39 290
257 31
113 45
150 3
38 149
224 153
194 264
13 190
185 191
100 286
158 95
53 144
308 266
252 15
190 49
172 67
86 43
84 196
101 209
101 123
120 183
305 163
269 200
198 291
129 339
227 1
256 65
146 153
60 55
157 322
154 9
129 239
276 173
268 123
60 163
37 189
160 122
334 81
46 306
126 259
118 84
2 62
119 95
202 116
153 12
136 136
42 244
98 195
52 298
35 328
89 144
128 257
188 57
31 126
277 148
135 300
138 189
182 150
8 229
84 53
12 245
174 331
267 323
57 243
251 165
67 125
333 231
66 143
19 123
149 312
114 336
149 287
292 260
269 324
121 136
160 256
215 113
202 85
91 130
83 275
253 289
331 126
291 98
222 109
288 20
15 182
36 129
273 187
35 156
108 232
315 156
74 21
157 200
51 113
129 62
335 318
243 237
264 93
297 75
133 248
206 58
338 83
18 194
282 84
289 163
48 121
20 33
124 139
52 238
95 273
60 121
28 314
104 245
109 276
133 70
80 195
16 169
160 61
110 182
278 165
166 190
15 108
134 278
115 80
78 30
153 53
175 70
226 268
335 103
256 171
294 226
250 157
124 320
226 109
224 257
310 233
276 113
6 73
112 154
323 216
255 47
108 6
311 238
24 66
257 47
176 70
338 55
37 216
98 191
292 248
71 133
213 169
233 62
267 273
107 221
120 309
181 10
150 283
102 53
257 191
74 80
158 116
47 318
82 160
288 278
126 250
61 88
287 331
250 79
180 145
294 164
201 114
223 211
38 175
2 27
59 262
77 69
91 230
54 271
269 116
35 1
58 335
187 63
151 293
12 11
102 130
162 82
298 73
290 317
292 273
226 173
285 318
133 333
245 39
316 289
223 172
143 57
74 173
274 211
121 324
253 52
274 295
136 315
3 190
143 145
216 285
80 123
173 249
270 300
332 209
8 67
199 72
226 302
36 261
37 337
271 241
51 216
77 48
293 213
178 334
97 13
64 30
22 307
299 222
239 17
339 312
41 110
307 171
222 212
235 254
34 235
49 241
115 255
48 169
287 167
262 198
305 58
307 187
195 187
257 35
81 232
113 142
65 178
63 212
211 325
232 144
167 319
64 309
65 10
321 245
75 170
158 335
86 155
310 273
124 80
179 128
293 298
131 324
340 91
236 184
331 71
55 254
216 279
293 299
225 13
47 214
228 190
268 278
32 245
127 238
90 41
228 283
86 285
337 301
192 93
246 133
271 294
123 297
281 57
138 21
57 213
266 23
236 288
289 104
276 50
18 143
301 248
260 42
310 61
101 131
59 153
206 79
174 92
74 174
144 99
137 340
303 330
14 4
55 207
57 248
141 115
258 125
250 43
291 42
128 283
208 81
259 309
139 175
77 172
221 265
122 212
261 304
93 200
167 310
248 78
222 338
309 63
285 87
209 153
113 330
157 119
49 192
259 318
142 297
162 176
318 182
285 329
321 280
248 176
17 242
335 49
286 304
322 340
179 202
202 337
7 155
281 66
55 289
9 205
211 292
73 224
236 24
141 256
338 194
106 318
181 286
119 223
208 269
295 62
137 52
64 268
118 339
208 11
105 158
48 107
264 181
129 63
27 275
95 101
67 41
314 52
143 28
33 92
99 98
245 21
134 18
103 230
275 113
226 294
169 37
125 234
73 123
239 177
338 79
157 140
90 66
120 47
133 33
278 244
282 144
311 59
190 19
227 69
270 245
236 117
260 185
87 86
100 103
128 199
200 183
150 159
113 110
294 138
209 38
249 303
150 319
223 160
49 336
209 181
306 119
291 281
42 167
12 191
75 231
69 74
99 218
116 231
158 313
31 121
55 214
186 19
223 5
203 52
59 51
262 195
212 338
105 307
327 4
213 117
104 165
147 285
313 246
167 96
255 322
153 121
266 105
288 298
55 192
265 253
37 89
154 252
158 112
188 147
125 37
288 110
257 165
102 257
198 126
177 328
214 201
282 168
139 96
163 303
218 301
320 219
114 291
98 160
211 207
71 15
77 181
111 338
252 286
151 328
3 274
187 129
273 129
176 205
249 106
309 19
186 109
333 18
180 234
274 235
306 103
290 80
46 253
82 326
180 183
276 47
19 294
41 197
30 158
58 8
143 193
67 241
320 326
129 50
234 132
313 138
307 27
3 48
11 257
53 326
208 87
110 251
221 130
163 6
156 282
299 135
315 54
153 195
64 225
247 95
74 328
245 16
67 286
13 13
251 250
337 113
311 256
335 220
118 2
299 43
44 153
231 160
171 244
166 81
72 177
176 299
51 67
125 123
76 168
247 14
53 29
204 48
197 139
301 326
48 328
41 313
84 198
13 273
81 319
252 210
221 93
97 138
68 148
4 187
268 138
336 237
204 51
195 268
95 198
129 42
235 185
274 46
238 229
113 239
79 101
198 156
139 166
86 35
235 84
302 294
307 219
337 200
50 85
88 285
340 139
36 148
175 125
171 88
329 321
318 221
49 187
315 4
33 336
54 269
111 331
108 256
143 250
98 280
245 275
266 42
158 42
197 90
282 166
31 80
34 5
114 72
259 92
45 222
173 173
312 100
200 232
256 144
144 3
258 59
53 92
298 218
311 293
249 90
288 101
255 99
152 206
183 98
307 311
322 273
159 225
228 310
299 234
16 84
36 130
236 295
74 156
115 335
52 157
288 325
54 328
241 101
49 118
227 66
206 138
124 116
111 53
51 84
85 11
171 156
204 171
16 301
156 267
47 310
130 92
135 147
11 215
197 169
208 102
91 44
140 274
31 280
303 187
290 130
180 83
288 177
289 209
20 164
177 75
139 226
104 336
59 292
212 158
290 144
177 140
28 181
272 113
75 256
264 334
297 168
57 152
17 170
316 122
262 232
211 274
112 137
205 261
73 312
119 270
116 282
284 100
93 326
111 72
137 198
186 111
4 155
115 297
171 197
242 28
57 191
66 285
76 187
265 231
92 77
310 219
132 285
232 50
84 77
178 199
101 260
272 318
275 297
119 122
36 275
225 90
257 266
193 308
120 322
314 283
214 125
192 5
339 338
171 73
231 153
135 208
234 287
328 300
110 100
209 12
222 2
60 187
93 72
299 237
159 40
78 52
131 209
169 163
245 290
86 46
197 291
160 111
144 173
121 27
87 177
55 223
334 92
131 318
118 211
11 146
152 279
8 302
229 320
99 292
52 266
182 298
210 314
170 182
34 202
16 45
309 253
165 137
198 289
229 93
175 330
114 85
44 99
86 110
138 6
265 238
224 78
231 73
255 46
186 265
22 158
149 4
303 233
153 200
203 57
91 77
292 119
78 120
90 74
25 333
27 37
114 140
52 212
316 293
108 205
103 194
128 21
323 314
155 90
28 201
113 117
2 320
294 181
282 216
142 104
196 31
277 148
286 221
89 164
170 109
310 253
250 171
171 189
182 181
300 26
132 310
171 164
85 47
266 296
73 152
136 91
326 338
281 163
145 268
277 126
199 65
102 120
250 181
325 203
12 104
29 103
88 330
311 321
205 89
186 82
36 19
271 114
251 319
245 243
2 78
99 257
203 211
1 262
308 91
191 163
58 189
211 205
100 104
246 188
29 149
248 293
203 187
79 91
73 266
289 248
161 192
272 198
308 191
232 231
89 290
279 47
302 238
313 260
156 3
184 104
216 80
69 241
100 103
207 91
31 331
247 93
118 17
204 110
46 71
245 290
278 294
61 57
71 92
325 239
93 284
329 135
129 59
30 274
91 39
193 210
337 41
130 83
31 228
18 178
154 124
232 21
233 194
91 323
8 16
90 152
81 253
72 50
77 136
108 18
122 34
121 157
186 82
113 340
161 107
137 277
113 11
101 266
322 68
154 139
120 259
26 210
176 164
294 311
251 28
308 152
161 251
188 334
231 159
69 216
82 122
134 248
75 41
102 22
114 26
290 164
339 311
232 181
185 103
249 171
175 92
102 132
304 244
291 132
119 108
47 249
223 224
231 263
99 266
98 6
178 82
71 131
171 228
29 109
1 313
43 291
100 139
297 307
38 259
194 337
275 51
338 190
256 136
199 317
199 245
262 113
27 235
68 221
338 152
236 85
205 98
75 104
54 215
270 264
301 183
283 14
36 129
82 262
3 221
264 141
160 289
331 234
50 309
65 85
60 258
110 1
331 337
202 120
164 129
287 206
8 185
176 201
203 176
149 250
243 215
113 123
67 298
83 1
37 200
82 203
125 297
123 11
166 320
207 197
23 107
292 91
169 23
43 250
69 2
243 5
213 88
122 40
14 311
22 137
253 171
149 252
327 52
285 6
50 308
259 100
105 324
174 172
314 16
125 275
212 145
93 134
200 119
115 221
326 339
78 261
45 51
110 269
236 325
245 277
172 73
141 216
53 214
33 239
287 130
301 73
59 15
12 33
68 327
236 139
82 283
54 108
148 216
74 107
15 82
24 106
133 38
317 78
29 338
63 61
82 300
284 192
315 198
335 220
96 78
12 248
143 17
56 46
113 303
313 5
179 46
235 109
14 123
44 268
108 89
200 36
177 117
226 120
299 287
284 286
223 74
307 146
102 321
284 70
331 126
290 261
165 180
80 224
20 111
229 248
85 325
121 164
133 324
298 13
338 169
122 179
305 16
320 340
240 208
107 279
219 38
315 213
12 229
306 123
41 197
21 67
125 320
135 38
274 21
47 207
289 291
328 78
216 258
32 222
319 220
284 155
333 38
5 307
326 84
284 272
69 204
239 144
327 39
217 229
135 280
269 162
301 163
44 32
331 128
208 156
102 270
146 154
106 252
283 150
160 227
49 139
155 199
255 204
311 312
86 300
87 16
95 178
220 91
79 110
72 58
11 157
130 73
211 119
52 238
335 142
337 310
255 291
258 148
265 96
247 230
123 77
59 256
80 57
301 240
255 108
64 252
250 208
123 193
191 299
95 326
167 195
41 231
295 95
160 12
277 73
251 130
42 12
132 120
268 105
20 212
235 260
271 306
246 107
42 31
221 276
127 60
290 279
123 224
284 45
125 318
223 301
121 185
123 283
5 252
310 99
185 252
11 204
262 88
38 223
292 106
292 196
340 137
162 78
328 72
256 185
171 89
111 237
21 322
3 97
3 139
277 277
340 170
192 35
151 292
210 23
165 311
120 132
33 237
56 115
256 17
226 164
279 265
307 195
93 292
86 239
123 28
249 216
293 249
293 332
100 95
322 133
187 293
135 297
77 157
253 22
48 81
32 217
90 22
31 20
141 76
151 143
256 204
119 277
205 137
48 328
258 285
215 90
147 41
132 237
97 2
292 207
5 184
40 15
10 151
260 195
208 9
199 55
247 264
6 316
121 85
172 197
10 262
149 253
6 141
10 245
126 218
147 141
160 330
48 150
58 268
162 327
236 72
291 91
74 205
205 148
100 218
270 41
31 181
47 158
162 153
339 209
336 46
170 206
16 17
142 212
339 274
38 111
158 54
238 173
240 78
148 138
240 201
19 72
19 208
193 319
180 33
159 11
232 285
243 217
228 295
57 187
233 224
184 276
315 271
100 91
119 139
185 334
324 129
41 328
251 157
94 83
62 179
248 320
224 186
267 154
131 253
192 57
275 50
10 282
51 261
331 283
281 279
241 44
186 340
144 179
291 236
218 70
101 194
221 129
150 33
213 97
210 190
14 30
32 195
58 251
231 197
239 176
224 213
83 132
122 267
277 298
281 11
336 121
19 255
306 188
143 28
279 316
231 319
289 211
300 284
155 156
225 62
116 85
13 235
335 48
117 150
44 134
122 15
68 90
43 202
130 310
238 196
10 46
128 318
317 78
65 216
172 141
98 300
142 274
33 199
50 92
84 316
123 158
168 288
330 166
46 262
334 313
139 294
16 259
155 13
74 107
231 51
12 203
209 79
298 276
262 240
138 15
182 263
9 115
326 93
155 279
180 220
56 310
153 19
40 127
143 279
324 137
59 3
99 275
75 156
3 262
5 316
48 245
221 254
164 149
166 46
49 16
138 281
104 90
33 294
321 98
111 212
42 21
25 329
320 116
309 235
22 247
134 258
92 299
225 261
230 90
59 315
73 93
142 223
135 53
34 206
18 191
138 129
191 212
257 289
204 297
152 59
179 64
119 246
91 84
173 48
286 209
96 58
218 260
325 240
158 281
11 203
35 236
328 320
282 148
188 289
194 297
166 317
212 98
239 165
113 192
129 335
296 179
206 317
36 33
334 294
28 38
79 277
142 157
328 84
191 107
210 275
87 8
186 126
42 46
329 156
225 338
40 164
116 295
232 312
33 311
337 83
268 157
84 32
160 29
249 241
319 284
4 171
166 190
220 160
286 172
88 220
186 283
94 229
77 192
189 334
58 269
135 31
72 280
125 234
274 195
267 190
167 107
229 104
170 326
74 323
304 140
116 293
200 31
161 152
18 204
323 201
147 89
276 247
196 163
214 218
68 57
109 136
225 307
2 311
56 303
202 56
96 291
255 172
276 201
89 165
39 3
192 63
302 256
69 174
73 266
114 276
88 304
180 189
294 167
277 3
162 24
125 248
76 290
169 59
258 111
287 177
127 108
278 317
314 142
259 70
93 121
114 136
186 239
169 76
128 147
125 138
29 241
328 89
98 163
48 174
51 72
323 36
315 74
128 337
60 307
77 171
67 184
231 81
226 230
58 231
330 178
19 189
301 160
279 296
203 201
229 340
144 154
324 119
37 113
315 196
175 63
135 192
327 163
153 148
149 91
175 224
53 144
225 210
340 247
222 88
261 326
313 281
126 2
40 119
59 157
274 70
65 45
35 15
279 55
196 113
287 56
297 194
254 116
285 4
91 309
223 93
325 56
311 168
55 143
60 145
119 49
17 20
100 312
199 221
227 74
94 299
178 93
327 161
129 42
83 213
119 86
101 76
4 251
284 88
297 14
292 174
32 33
157 317
107 327
52 51
266 314
142 105
256 252
201 328
296 219
182 138
17 31
175 302
196 54
56 152
206 63
244 220
172 259
213 250
84 220
209 79
292 112
28 5
42 119
20 195
165 6
10 134
303 245
110 123
238 289
216 65
238 206
243 39
285 78
191 20
24 141
191 72
174 312
166 53
71 209
199 314
217 131
334 295
199 242
296 84
95 16
126 264
69 327
163 206
3 249
294 228
113 63
240 230
251 159
303 54
267 234
41 134
15 41
154 149
322 172
101 51
49 163
239 314
181 52
33 193
337 78
154 249
248 117
192 316
208 36
327 246
299 167
160 234
139 4
122 339
152 142
253 60
63 135
263 55
288 122
123 241
197 292
81 24
252 280
283 83
322 128
146 331
278 66
138 156
103 121
99 298
142 57
277 82
295 173
179 268
324 253
45 38
43 157
12 202
172 51
60 31
116 58
278 285
193 159
62 305
68 102
112 146
337 249
5 130
195 177
307 28
306 116
247 268
258 67
10 227
110 83
4 283
145 100
287 25
203 28
89 247
83 242
285 339
235 251
93 189
274 131
308 216
315 206
56 136
337 151
286 2
158 34
156 319
279 33
100 207
157 197
231 266
153 309
33 8
183 266
229 59
241 240
296 248
116 183
314 89
312 99
131 158
223 296
282 236
328 101
250 199
84 82
146 243
298 123
76 47
168 202
315 253
153 82
182 312
224 238
279 206
301 312
26 188
208 337
49 245
199 298
140 296
221 329
285 103
141 162
76 148
15 101
35 334
85 311
58 240
152 175
325 38
172 292
191 221
69 44
246 301
58 315
195 265
174 74
56 130
38 195
22 199
148 196
199 138
249 74
293 100
245 164
305 296
27 46
104 5
253 264
54 85
216 211
307 272
197 132
221 157
154 332
141 137
13 87
190 153
157 308
237 261
146 124
128 254
17 65
240 47
235 233
315 120
320 114
43 282
59 286
67 32
9 305
16 251
71 264
246 236
27 183
274 80
252 239
247 306
40 258
23 24
236 200
311 105
205 157
243 29
127 10
285 240
10 69
148 97
266 152
5 314
49 300
188 273
300 153
37 65
29 236
260 106
211 148
261 50
122 192
111 275
187 229
206 161
45 144
333 315
21 135
333 9
167 311
291 103
164 111
27 13
233 229
275 215
106 32
286 162
140 207
171 190
134 169
197 237
303 226
321 54
238 12
332 237
254 5
249 89
231 221
336 229
34 92
56 53
256 324
110 2
243 297
60 4
91 193
117 297
139 115
104 129
171 163
183 8
171 198
269 181
123 2
87 248
109 196
187 129
204 63
206 7
19 45
298 192
259 245
58 157
133 276
281 290
194 25
237 199
234 326
310 305
277 257
240 178
256 77
124 296
23 330
39 92
70 80
322 51
299 71
81 39
24 16
150 72
20 29
43 179
76 53
47 165
294 51
148 319
70 208
134 17
104 146
181 307
245 18
110 94
134 147
37 57
92 307
97 250
76 167
271 106
64 120
82 48
78 166
61 163
139 42
337 274
262 68
22 71
1 20
83 53
9 248
252 185
317 208
114 216
299 91
251 283
273 191
49 337
232 243
185 154
215 184
100 35
80 87
312 134
186 219
121 45
177 319
183 221
174 280
229 12
224 222
311 301
25 125
36 242
189 288
289 199
60 19
68 301
314 100
317 271
75 264
219 262
208 34
167 132
283 209
330 250
77 97
258 35
240 325
250 109
243 267
24 230
150 89
175 318
163 254
269 24
172 71
331 193
82 189
183 190
193 73
91 235
75 129
272 50
113 54
177 323
274 210
255 27
172 7
263 13
186 269
121 200
213 46
28 161
170 110
24 116
206 101
102 323
253 88
168 276
65 230
6 204
9 44
134 212
55 64
256 291
311 227
112 163
182 143
29 9
278 183
109 68
122 319
214 284
184 20
329 218
112 266
32 281
233 295
263 49
280 33
332 232
133 229
60 309
333 198
279 241
137 29
210 165
261 54
191 81
32 270
303 121
76 106
96 127
325 5
100 48
227 234
211 236
54 278
45 331
23 174
206 23
148 302
195 271
271 48
87 293
143 271
63 299
105 224
294 215
275 295
85 288
300 238
77 16
86 116
67 223
310 256
5 185
87 290
208 65
234 62
161 309
244 52
333 69
219 47
34 139
122 117
267 106
181 113
51 82
59 199
117 338
191 13
179 212
118 270
46 242
22 175
84 195
39 14
261 65
143 330
25 316
199 146
121 79
156 179
252 60
152 179
194 225
15 267
306 189
279 192
173 101
326 299
33 292
92 69
192 195
176 47
226 148
218 51
194 203
241 249
174 245
158 177
215 16
4 61
281 271
99 36
160 38
53 221
143 38
132 136
325 287
197 243
235 73
60 294
107 170
75 37
167 264
246 111
208 158
18 282
141 73
199 225
76 172
215 211
172 54
221 71
225 42
33 58
112 48
168 13
234 29
286 79
79 93
257 158
222 124
260 181
334 189
128 235
228 305
213 56
136 87
160 247
256 175
30 95
38 114
126 140
150 268
303 197
186 216
237 79
144 279
22 162
4 66
327 7
62 112
315 260
50 291
194 86
228 282
238 122
8 149
333 142
286 231
284 17
302 104
6 213
153 265
246 206
262 83
335 188
2 216
63 58
118 165
39 154
337 167
136 56
50 232
127 263
165 114
295 189
166 132
41 321
183 151
127 198
232 249
58 30
90 309
154 81
207 111
81 280
286 56
333 56
144 272
52 32
231 170
114 231
174 12
11 29
262 315
182 138
315 165
258 277
4 124
282 56
334 141
263 196
272 74
197 50
292 337
201 5
187 197
277 81
314 268
67 37
60 338
203 124
92 203
149 171
324 27
217 120
65 32
132 197
5 325
194 88
142 262
276 249
129 242
313 318
204 293
321 90
271 181
81 280
257 187
100 166
6 82
286 85
191 7
214 35
287 78
253 91
243 108
286 239
91 256
145 73
327 100
28 191
273 257
155 295
278 20
93 43
88 291
142 210
91 14
274 210
227 107
283 214
27 98
30 136
174 242
295 17
266 96
9 254
218 239
168 231
203 195
243 209
174 305
88 340
258 242
328 250
104 102
310 251
300 229
283 289
220 305
217 25
104 305
45 148
89 60
326 28
64 73
235 150
41 307
234 284
283 72
330 108
285 154
309 192
76 130
333 119
159 38
296 26
111 324
146 159
96 331
205 65
159 234
123 54
317 216
92 311
31 272
133 36
14 230
183 234
235 216
261 35
115 179
110 162
91 168
107 335
126 202
85 334
69 247
69 217
51 243
189 33
30 117
284 296
111 177
278 145
166 242
49 234
152 19
188 111
37 139
26 221
144 207
163 210
299 123
338 268
75 295
252 238
177 277
49 88
208 295
285 160
300 102
194 116
87 274
128 84
269 306
84 340
308 247
273 215
26 287
77 4
316 100
326 323
10 69
53 75
317 33
179 258
1 292
197 35
231 80
87 235
313 53
323 155
68 99
316 165
53 150
275 63
33 63
197 256
80 285
86 147
115 59
200 59
274 292
186 166
298 23
164 232
185 88
255 123
139 56
231 202
95 120
149 2
139 108
100 225
207 203
288 95
76 223
41 162
278 243
112 229
306 290
26 191
194 307
191 215
314 326
251 105
230 262
294 82
313 308
46 191
108 302
160 52
80 206
151 146
76 146
211 264
3 193
321 186
159 124
213 90
100 204
155 1
88 99
180 86
130 282
30 5
42 31
232 116
15 243
254 320
267 214
185 99
334 206
309 327
269 76
118 232
136 88
140 316
180 279
94 131
290 212
104 9
178 158
35 57
10 104
125 149
334 97
317 237
99 257
28 129
232 196
26 325
66 34
299 246
190 1
151 205
277 26
241 51
150 42
321 190
246 161
269 226
236 165
197 214
138 130
156 16
3 292
43 245
11 130
142 288
290 227
319 196
289 160
146 70
35 139
287 109
68 315
338 170
141 100
124 212
255 89
337 215
296 2
47 330
226 21
134 236
287 161
293 197
144 120
200 192
188 208
81 97
195 274
193 329
114 267
29 144
35 274
194 340
101 104
184 265
63 43
141 167
40 256
285 259
1 204
51 131
259 27
24 207
50 183
311 230
336 66
83 289
321 40
91 65
99 70
173 199
102 258
289 145
113 20
180 73
68 285
186 277
124 196
309 222
18 296
96 255
77 292
229 59
184 134
42 164
53 34
237 225
210 335
97 298
29 133
121 298
173 303
52 300
329 52
210 24
209 37
155 132
277 21
275 196
305 133
330 11
213 19
50 136
248 197
131 151
199 79
295 154
275 217
207 2
207 101
339 128
233 136
113 217
28 264
140 153
299 213
189 199
309 182
5 114
247 225
117 238
85 188
73 41
142 205
38 218
92 57
138 142
140 105
10 311
139 184
222 277
113 318
57 2
107 174
15 6
214 231
238 304
325 316
171 176
207 62
37 322
129 250
66 36
33 110
158 163
200 212
101 113
142 252
295 243
188 311
117 46
312 102
117 272
64 64
107 232
155 285
165 294
306 48
173 106
20 130
242 163
162 198
236 204
288 75
122 288
230 124
47 187
76 18
70 328
263 192
122 26
113 294
79 329
246 87
275 123
69 301
144 268
264 283
84 58
184 74
275 329
234 305
111 196
86 147
337 194
195 71
312 185
279 210
11 286
244 190
208 193
253 64
49 340
268 213
178 143
253 136
229 192
128 166
238 40
280 93
268 326
12 274
4 201
240 96
84 78
77 5
154 256
25 6
278 103
241 149
49 3
189 113
320 319
172 55
135 166
203 43
325 74
239 65
96 189
1 100
21 279
119 69
114 266
76 26
221 276
119 149
72 18
219 89
295 212
175 119
244 111
127 254
150 135
93 5
239 255
290 155
338 1
265 290
336 210
8 33
43 213
68 248
122 60
229 256
27 79
309 75
60 1
28 53
221 129
83 102
100 205
170 60
309 89
167 174
230 83
90 329
35 311
135 88
151 101
180 316
5 159
314 193
240 302
266 19
207 26
73 242
219 190
236 1
110 167
299 93
43 297
302 238
72 17
253 199
253 4
290 188
302 78
188 218
141 284
228 257
102 107
148 222
66 272
165 225
218 211
293 169
13 313
227 122
117 58
312 4
119 326
285 319
109 148
221 321
123 234
306 8
303 224
324 45
268 42
287 157
2 331
73 331
76 43
259 267
206 29
179 333
84 235
14 61
59 289
123 319
101 125
51 9
243 147
16 149
28 234
231 10
229 184
80 98
38 65
267 285
166 141
66 86
195 78
68 132
22 61
216 305
269 292
338 236
53 332
206 100
180 303
158 195
337 164
287 137
166 81
60 237
167 137
122 292
139 194
88 296
236 326
112 252
21 172
300 91
2 136
227 165
239 245
98 60
207 127
32 134
231 231
157 320
71 17
307 163
210 8
193 25
270 37
273 79
141 129
53 217
41 163
36 173
97 317
291 206
308 36
67 115
268 122
184 335
107 187
184 272
198 81
74 249
313 262
55 208
285 248
239 207
69 340
105 295
280 168
154 93
194 12
68 339
295 47
196 43
283 18
97 172
268 284
252 149
235 323
63 69
33 240
192 255
308 284
274 108
4 159
97 304
60 104
229 318
38 150
119 302
93 56
274 118
260 154
202 309
163 26
117 301
211 187
9 95
31 206
11 247
62 66
303 196
335 238
186 52
269 106
132 20
138 222
319 218
100 165
316 18
122 36
137 11
181 165
279 309
223 206
306 149
323 123
203 203
109 252
84 268
192 172
237 47
205 53
202 330
104 275
280 287
191 200
151 75
120 244
301 113
216 122
328 307
147 230
119 109
96 248
210 300
126 230
194 293
134 77
39 150
16 57
110 56
248 259
251 230
160 307
299 86
275 220
237 143
255 23
72 327
276 5
335 225
309 194
116 331
294 312
278 271
191 276
24 243
68 331
328 202
231 74
214 88
296 193
52 58
296 209
3 110
19 29
312 84
9 45
135 268
17 189
112 14
42 20
332 86
39 283
164 37
326 267
160 88
250 128
23 101
189 315
127 40
274 90
46 246
41 47
83 101
162 171
57 314
90 160
90 220
313 137
282 15
100 278
205 79
137 221
249 235
213 321
66 76
35 47
208 268
144 151
323 284
128 325
327 137
170 162
317 11
95 245
199 328
45 63
191 74
2 285
121 248
300 307
315 255
176 10
274 52
245 15
281 307
335 223
16 257
6 229
73 297
153 176
259 327
76 165
85 292
163 21
18 316
296 163
318 76
128 12
163 280
194 98
196 152
159 129
173 72
224 165
184 209
208 141
253 283
186 289
242 285
155 29
257 69
210 324
200 11
153 282
125 116
170 339
293 224
135 78
191 2
312 151
115 297
303 186
198 313
26 268
32 55
267 147
168 248
307 287
103 7
148 175
154 140
57 236
257 204
322 302
61 178
283 215
16 193
149 83
259 48
245 329
110 308
291 14
210 286
300 317
205 197
229 137
177 190
184 77
205 278
131 318
17 51
198 168
55 139
121 303
260 190
280 57
215 3
199 171
163 308
41 127
10 208
193 195
117 53
218 139
80 155
185 38
162 143
162 238
134 188
93 260
3 189
62 318
319 94
129 329
255 262
259 127
187 262
26 17
172 101
110 49
286 131
158 102
15 264
5 242
255 76
286 173
78 50
195 107
38 33
202 38
309 63
185 289
104 298
187 13
37 3
338 70
336 310
256 46
127 234
257 27
204 219
146 238
179 143
179 301
321 229
20 253
312 283
141 197
165 73
325 142
292 122
172 227
124 221
285 51
31 159
278 211
170 47
152 249
237 92
190 145
309 166
127 306
253 308
130 129
147 219
101 254
247 234
252 225
248 305
102 258
24 67
45 96
54 145
43 17
326 11
280 128
193 267
148 136
244 187
276 179
242 128
131 139
50 198
170 286
207 295
239 152
217 232
91 318
275 129
277 205
154 285
73 141
248 64
124 96
141 261
310 311
252 332
111 144
132 308
50 292
137 183
24 219
21 270
291 315
212 322
72 294
181 60
42 274
44 336
203 295
248 293
258 129
313 235
73 291
155 122
239 255
308 244
219 8
139 198
155 11
84 268
291 72
199 209
176 178
25 4
274 206
75 209
19 121
309 28
265 293
265 321
145 58
220 111
304 144
314 287
104 123
208 117
317 103
269 115
288 311
18 321
155 42
235 104
285 249
321 303
322 123
91 179
174 142
275 300
101 279
259 291
269 266
188 1
99 307
298 198
135 134
336 297
305 105
175 275
212 227
53 94
115 209
127 68
98 248
91 2
174 145
197 312
329 312
170 124
61 101
230 254
8 216
118 198
106 247
205 133
230 95
206 271
189 272
188 154
74 219
298 15
26 193
189 248
150 265
224 270
200 307
9 254
83 47
255 49
147 159
130 25
43 107
218 100
276 208
324 96
191 51
310 154
265 156
17 254
253 162
143 266
32 296
89 282
147 176
290 216
65 339
194 56
223 102
161 236
166 272
263 87
129 328
63 217
120 138
52 183
79 171
98 74
315 286
331 279
320 6
227 44
22 180
118 311
148 340
85 322
125 72
162 177
155 241
29 288
230 337
41 298
158 301
320 75
258 304
330 19
204 321
202 234
127 166
161 19
52 52
110 193
14 36
72 226
288 46
290 188
180 99
249 109
110 276
192 256
306 200
50 278
187 157
72 31
212 27
49 235
334 164
58 67
184 210
177 78
253 338
221 12
266 6
96 317
275 127
80 51
196 70
178 93
211 195
182 312
308 143
267 235
127 56
63 141
321 207
48 128
202 99
42 226
63 29
295 200
336 156
50 230
136 114
316 332
40 286
304 70
110 313
276 120
243 220
49 200
148 310
259 200
247 299
57 114
47 125
25 166
6 136
34 232
142 226
290 321
302 168
42 298
136 168
276 164
86 232
293 136
324 61
180 55
259 82
299 207
93 314
302 76
220 118
224 216
75 145
302 132
241 306
298 304
41 83
79 297
310 303
278 320
240 46
276 248
108 269
261 37
154 48
166 29
184 34
31 229
82 225
36 289
289 290
179 14
35 294
87 110
321 175
206 263
23 303
301 220
31 250
285 323
49 156
132 224
22 10
10 321
269 22
64 62
82 264
219 229
73 193
156 223
335 171
307 199
315 321
272 76
259 242
138 57
335 236
333 311
75 218
158 259
219 286
87 234
162 286
254 251
220 6
26 19
22 286
218 166
2 96
292 188
267 171
125 182
252 212
132 170
337 216
167 87
19 113
236 200
20 3
202 39
309 264
25 173
6 167
210 217
83 339
251 253
38 233
35 93
89 136
253 193
155 131
81 261
74 31
92 119
281 214
92 309
53 129
263 236
237 198
244 209
14 177
26 286
8 300
41 190
186 86
3 93
241 321
211 288
57 258
309 308
303 293
9 186
120 52
91 256
82 13
311 133
196 274
63 336
162 4
65 163
315 143
257 175
52 61
191 13
219 222
193 196
137 306
197 252
133 201
98 23
90 270
100 58
60 323
260 199
52 280
180 182
260 219
221 143
172 42
305 299
312 201
219 193
123 280
100 322
80 149
125 279
48 101
9 227
168 146
35 315
185 97
50 166
243 153
132 217
75 87
259 108
144 21
280 71
123 56
43 100
118 271
88 183
127 292
144 19
272 299
91 337
144 157
71 236
142 243
226 189
184 22
37 214
81 90
107 102
283 221
117 23
267 33
124 212
301 263
301 331
117 137
51 231
295 109
266 307
211 323
155 87
35 17
105 37
33 165
251 68
111 257
131 153
27 230
257 121
162 82
296 56
68 104
202 301
230 54
125 265
203 99
328 260
143 203
19 187
233 180
109 121
262 204
317 212
215 238
20 62
89 330
67 236
244 117
210 279
59 233
284 28
59 286
62 250
121 63
324 196
332 312
339 150
172 151
31 66
340 12
196 198
214 137
249 117
231 275
328 113
92 129
202 231
161 244
337 135
338 96
9 198
119 177
128 68
235 231
174 199
270 11
214 329
237 19
160 313
213 232
212 307
166 15
30 169
132 268
93 59
201 118
56 28
218 266
50 132
324 157
124 127
334 291
157 97
304 36
66 174
121 328
128 316
254 311
259 222
73 295
111 29
78 215
71 273
188 99
11 199
177 23
324 232
44 182
134 248
299 94
221 94
181 201
76 81
46 152
270 121
122 175
111 91
114 6
22 295
299 244
46 250
133 306
268 148
23 306
36 258
217 115
256 200
100 235
268 105
253 137
339 29
337 302
153 228
19 44
100 229
323 61
225 288
8 96
192 234
85 181
281 199
237 282
18 313
81 163
117 92
235 135
32 192
134 189
93 305
276 137
322 110
332 275
211 237
131 310
241 10
54 81
43 326
278 212
104 106
68 48
54 31
52 135
266 27
154 173
255 80
140 109
160 329
112 233
189 9
64 165
331 227
261 212
155 146
321 117
208 53
269 50
203 209
130 151
241 278
279 231
181 284
292 296
247 322
156 134
113 198
303 55
314 310
98 126
223 127
194 194
48 182
129 303
59 86
164 26
260 46
106 134
195 36
299 290
172 132
53 336
290 34
17 162
23 75
308 317
102 203
259 299
129 274
258 285
156 224
151 165
16 51
186 282
330 52
259 273
194 170
310 165
71 53
202 76
178 267
130 243
266 99
254 261
91 138
45 142
122 166
156 277
264 259
148 47
249 337
325 187
238 143
18 231
54 3
69 266
167 205
98 73
9 69
297 311
192 218
291 109
334 308
211 339
288 206
285 234
20 287
98 114
147 261
163 275
188 38
280 13
321 168
222 86
280 157
24 239
144 330
135 94
98 317
10 75
247 260
133 48
204 334
153 74
139 265
14 86
188 120
109 230
54 284
308 53
320 270
78 223
282 87
107 19
148 137
191 177
304 94
202 90
299 149
222 240
225 73
86 179
319 294
133 314
161 153
184 230
91 293
75 145
244 82
41 38
42 330
289 80
58 243
326 84
119 162
169 79
330 194
317 234
248 90
250 335
85 260
65 183
270 99
176 46
329 75
158 55
169 117
181 30
225 43
145 156
22 258
332 238
103 125
20 60
320 338
248 36
340 74
4 146
91 128
179 54
67 99
113 28
117 151
27 154
260 284
236 151
36 339
98 256
186 205
26 197
301 102
192 134
156 290
180 299
6 187
335 242
234 29
16 326
149 45
109 196
201 333
31 317
21 150
239 312
208 105
306 94
50 321
319 164
87 234
202 29
176 309
308 13
210 220
15 198
174 66
34 239
337 114
109 39
100 74
98 96
26 238
27 337
258 10
86 317
139 86
229 292
308 43
75 160
31 330
130 187
204 93
312 24
166 192
108 220
259 243
221 222
172 22
105 99
243 203
238 38
106 218
261 171
45 207
340 36
262 298
203 20
224 308
95 166
45 188
264 55
182 327
6 103
34 111
170 175
22 263
293 117
150 204
198 268
57 7
162 312
339 147
182 123
1 77
305 262
82 58
233 141
230 309
71 324
319 151
326 236
44 237
43 318
12 225
295 224
257 323
274 126
41 88
292 148
102 119
254 69
265 259
170 182
85 180
75 230
111 21
134 315
266 24
220 48
14 193
231 170
14 263
144 204
333 278
79 61
167 29
16 138
206 165
165 242
340 279
218 277
102 31
268 236
316 310
241 242
319 10
235 198
335 272
94 234
105 282
262 257
155 212
232 243
99 31
217 213
149 42
93 250
51 44
69 208
143 13
194 122
253 319
143 47
132 180
101 160
245 60
194 44
62 235
21 299
35 144
213 161
178 210
234 40
320 205
282 340
58 62
60 125
42 308
131 171
261 280
334 216
121 113
96 294
320 268
197 98
99 134
213 130
258 327
203 230
182 71
20 268
29 36
316 321
263 335
92 282
104 65
103 252
273 207
85 269
288 282
243 58
119 276
244 42
296 305
234 235
203 208
283 134
172 176
12 270
333 185
63 289
257 214
37 202
139 142
126 109
280 235
144 58
188 296
340 271
136 141
29 172
106 56
329 294
236 300
225 2
177 110
30 77
27 314
62 266
238 280
145 88
152 119
34 243
177 199
21 19
103 321
181 173
322 307
63 14
257 120
331 137
250 27
94 79
143 297
65 230
30 53
57 80
250 16
130 36
165 230
280 222
37 4
80 20
16 172
46 276
294 175
122 309
161 181
221 236
32 145
83 18
241 86
16 30
77 313
109 277
197 117
20 108
267 87
163 143
279 104
47 147
251 273
59 123
156 234
117 161
205 119
266 338
219 117
13 232
214 333
322 102
105 151
332 199
336 140
139 236
69 30
138 150
122 220
167 223
165 117
318 315
266 26
267 337
15 337
166 225
159 339
254 142
152 203
227 180
281 282
128 55
189 223
115 31
138 47
316 104
110 334
324 286
217 338
50 132
183 145
234 151
241 213
272 188
299 132
324 40
47 15
96 208
298 87
