360
11664
331 83
57 221
301 52
32 18
271 261
101 273
142 169
353 318
282 340
267 337
191 227
286 275
221 149
299 318
171 157
218 284
162 352
271 301
319 336
271 347
163 28
267 226
313 8
214 123
180 348
103 3
243 179
314 129
297 265
231 168
259 171
225 37
317 244
326 92
87 170
316 29
113 172
320 358
171 28
89 185
326 89
141 22
115 168
319 94
216 208
245 258
298 100
18 269
211 230
258 160
105 308
139 236
223 158
183 144
245 359
75 328
183 276
150 211
354 158
307 70
347 313
221 139
259 353
135 328
343 219
49 346
204 224
205 158
200 318
209 105
9 90
275 15
342 203
230 15
354 82
253 309
227 145
265 86
102 83
48 25
244 268
217 304
165 298
287 88
74 324
77 148
28 247
351 121
203 323
103 175
189 93
1 326
210 316
303 263
154 105
93 50
129 201
146 43
341 311
96 18
255 83
38 15
340 137
298 90
95 262
61 54
337 94
172 318
266 107
184 53
95 263
297 326
215 342
69 60
75 254
160 63
226 360
70 314
20 275
146 339
136 300
313 267
66 251
32 209
93 158
68 253
182 46
65 195
152 359
91 264
227 27
307 312
299 36
167 288
57 178
8 81
52 68
128 34
209 203
290 199
35 276
317 227
309 225
79 158
20 331
335 360
216 241
26 200
288 225
63 3
226 143
192 49
236 47
323 45
31 61
276 271
3 66
184 256
19 39
237 340
96 337
3 148
333 226
306 202
99 54
13 186
291 223
315 279
144 110
37 286
219 207
69 194
57 225
257 279
23 158
169 99
309 322
134 77
108 13
355 152
306 206
164 50
349 323
2 199
43 21
16 286
155 282
69 195
276 247
4 96
291 56
2 351
106 173
278 70
330 15
340 190
134 44
198 21
206 74
166 264
221 34
339 119
294 149
194 243
219 165
42 155
192 17
101 352
85 50
295 335
351 294
182 60
85 7
121 176
304 76
312 330
331 71
244 60
94 76
190 216
245 50
122 290
161 227
93 55
106 350
245 125
9 123
134 41
116 98
77 325
162 29
110 98
151 173
74 165
142 216
6 29
116 154
304 100
72 117
351 155
298 115
207 50
135 143
188 81
172 85
279 72
180 142
41 217
64 131
261 147
227 50
243 4
24 5
184 116
126 200
197 231
55 287
303 339
50 243
86 270
351 227
351 48
246 318
135 71
98 287
226 111
350 9
249 306
327 23
214 333
84 159
20 48
342 236
188 228
118 358
100 243
74 79
261 106
232 234
274 107
14 1
346 320
227 110
90 6
335 197
309 192
124 258
106 208
248 74
88 109
308 253
211 298
161 71
252 199
134 240
294 341
259 261
96 92
301 91
140 71
196 333
17 303
45 115
108 20
119 126
147 107
77 18
172 262
329 325
85 234
29 136
314 123
208 270
310 300
58 39
202 40
49 153
272 12
167 167
91 170
202 30
74 186
111 305
55 45
128 173
360 359
178 336
184 136
114 337
255 217
161 318
250 96
68 156
261 56
191 288
253 323
26 124
152 57
51 350
358 349
257 25
250 79
198 203
169 214
71 274
214 342
227 183
187 331
131 88
96 124
357 336
79 56
277 229
25 259
114 290
275 277
242 12
170 93
44 186
328 124
114 16
230 158
255 50
340 332
358 297
286 305
314 302
127 306
305 51
128 39
266 246
137 325
72 102
127 133
108 133
130 88
73 18
151 97
344 150
261 357
286 179
191 292
113 63
255 318
203 133
290 172
247 354
232 176
109 300
149 59
149 141
177 162
61 342
170 52
63 359
175 41
228 265
104 72
34 153
136 6
335 143
196 359
207 307
193 34
14 251
25 337
171 161
87 56
165 327
64 169
114 90
292 248
347 20
4 120
333 213
96 156
231 167
53 163
314 53
194 147
271 114
235 5
66 168
54 4
236 192
221 36
263 75
246 76
116 174
126 18
322 6
108 44
61 117
204 336
201 164
136 202
56 11
172 38
259 313
166 89
331 268
330 166
140 342
192 97
211 341
152 249
148 75
332 349
341 251
298 238
140 130
165 74
325 355
301 309
256 273
164 340
272 233
63 27
322 233
135 101
52 20
237 94
15 342
62 168
74 302
242 29
313 149
232 311
185 358
65 352
117 328
34 332
355 312
240 76
105 254
155 101
16 85
300 276
326 56
95 346
105 144
242 296
2 178
294 156
117 250
329 178
255 159
258 98
329 35
118 262
179 7
96 294
87 119
129 184
161 12
21 20
80 112
182 322
12 6
297 269
315 38
310 305
326 152
14 331
74 144
286 3
82 170
119 5
144 157
215 40
109 118
353 172
82 311
231 187
247 85
322 253
3 40
287 103
193 251
36 110
121 79
305 85
69 204
119 228
167 13
258 85
199 257
351 211
232 185
172 302
239 190
302 279
50 75
15 248
123 2
237 349
133 132
226 25
268 207
335 29
117 341
201 174
284 305
120 313
202 105
275 160
240 257
145 112
336 220
6 170
239 106
324 53
223 118
328 214
241 202
355 104
262 340
146 289
157 46
164 314
197 99
248 225
321 310
83 108
187 171
199 175
22 103
21 107
20 150
253 166
152 312
83 32
321 141
92 302
229 201
271 242
71 82
35 215
220 351
203 196
56 48
17 185
5 304
60 254
56 348
285 83
170 239
345 247
106 242
49 24
84 183
161 290
271 298
80 21
184 212
272 88
184 127
56 58
135 286
136 36
46 252
230 84
349 114
8 21
2 200
122 97
314 55
99 141
315 317
41 279
225 221
116 193
81 32
279 112
181 80
173 195
94 204
319 179
296 9
10 154
238 214
13 261
324 110
36 195
50 94
308 211
6 131
171 281
41 222
334 226
119 291
100 312
7 170
95 271
84 128
197 57
61 172
134 93
280 84
306 50
151 189
230 346
299 100
87 257
191 155
342 118
29 183
128 204
175 157
87 123
297 251
287 262
140 300
40 345
190 20
23 124
76 251
45 300
195 95
296 313
139 144
135 129
317 331
72 219
169 69
287 170
14 295
71 299
85 111
252 73
5 248
180 74
202 204
129 133
243 116
184 295
9 213
183 1
256 117
279 285
79 264
27 37
6 310
302 282
216 198
311 294
64 13
101 323
159 21
145 100
41 66
221 40
284 68
272 71
177 106
93 44
236 339
137 138
168 59
292 125
280 85
188 211
67 324
235 159
220 80
149 88
145 129
296 239
275 200
145 293
279 171
39 79
217 329
184 284
68 336
274 66
328 353
50 2
230 231
48 234
174 51
336 303
283 340
181 234
150 73
110 191
309 325
139 141
153 25
342 284
342 89
319 45
96 351
147 24
135 355
42 254
213 28
141 3
351 125
122 356
322 40
169 158
131 161
99 248
17 91
346 165
82 91
55 237
64 5
310 276
2 162
222 268
31 139
136 206
132 82
87 23
261 123
226 225
167 41
80 3
276 250
221 246
252 178
152 304
251 13
60 279
352 100
81 8
152 246
276 19
95 295
125 241
79 14
338 7
255 217
213 112
148 344
238 302
47 190
144 172
88 155
126 335
282 96
260 320
20 197
287 143
231 293
334 47
250 208
344 150
193 189
283 149
182 75
87 185
339 191
267 204
338 64
339 30
239 135
97 41
108 304
210 64
88 235
45 265
212 109
68 290
356 286
168 229
194 318
85 115
311 241
90 262
157 41
85 333
241 178
319 279
112 93
8 46
135 281
107 353
221 58
257 156
157 284
136 7
219 354
256 199
11 155
332 307
104 171
151 64
258 196
61 283
215 309
72 134
19 137
205 237
72 116
27 269
167 128
158 329
284 354
275 81
225 209
237 333
74 266
83 276
65 3
270 68
78 128
347 190
336 59
87 130
209 155
243 32
56 358
352 357
324 240
224 38
271 300
165 163
24 155
33 226
124 222
328 342
163 65
302 168
165 23
338 218
33 208
130 135
81 10
100 310
319 311
71 230
356 351
337 268
218 30
173 338
357 257
349 329
341 272
231 7
336 47
243 100
214 280
118 174
110 242
239 134
332 135
95 286
118 7
204 237
115 269
257 265
299 227
307 137
234 16
351 346
65 212
182 227
189 296
163 21
333 33
203 269
248 159
323 360
137 169
120 167
112 347
206 56
254 289
7 21
74 250
22 225
309 249
276 182
76 303
49 88
30 249
208 339
248 45
276 162
77 301
124 308
8 83
101 341
120 130
248 238
329 145
2 358
72 96
201 218
297 217
141 215
240 325
214 84
338 340
157 339
222 353
57 189
195 125
188 195
102 158
147 195
247 319
176 255
112 133
75 140
150 228
285 4
252 169
270 126
74 102
122 178
65 239
6 156
333 126
176 301
288 120
253 39
74 132
103 81
24 125
97 360
147 296
310 241
314 319
214 51
157 194
181 101
95 242
318 114
117 147
194 60
93 163
332 44
44 348
90 349
32 109
132 147
210 207
184 353
128 298
280 95
5 318
215 45
293 65
262 297
298 196
79 92
326 315
217 46
37 115
237 306
83 85
159 51
107 222
311 172
317 323
289 181
72 102
328 272
69 345
25 198
156 164
104 82
79 261
110 230
100 154
299 312
254 208
152 244
74 188
130 226
235 262
67 228
223 262
68 193
236 266
250 334
335 139
108 330
54 277
20 340
71 284
86 50
205 128
135 58
306 13
96 71
31 191
174 310
30 222
192 110
203 48
58 26
164 35
132 12
171 253
283 256
309 301
260 175
224 274
168 217
63 75
9 32
272 28
197 210
121 71
130 200
85 284
159 358
217 73
284 321
144 320
46 242
195 153
31 36
277 109
117 127
359 43
110 27
101 303
149 210
2 316
80 237
17 181
236 358
194 292
275 111
257 331
72 277
49 274
342 202
127 149
33 68
149 54
341 195
323 48
341 326
158 320
21 261
23 224
311 110
202 279
335 295
122 345
240 59
324 203
36 118
242 205
303 157
110 316
23 42
144 257
338 334
34 54
132 36
118 323
269 119
72 68
135 192
126 222
252 223
18 198
145 301
346 14
236 265
279 30
281 91
24 88
102 271
117 24
95 104
46 96
86 326
329 219
140 203
41 242
88 316
114 11
311 349
317 276
285 136
157 62
96 260
143 257
86 152
314 321
205 45
98 19
66 123
253 357
70 84
88 24
319 77
181 34
313 76
228 79
115 38
237 148
103 87
64 346
274 326
238 70
1 115
57 112
310 273
320 285
58 69
122 341
302 125
119 64
145 256
32 301
167 27
283 359
297 202
48 248
71 238
289 346
167 213
273 227
140 124
200 326
15 360
158 101
249 235
143 309
145 195
226 22
258 138
349 290
250 293
64 140
3 174
360 192
108 334
61 209
263 311
325 225
151 225
166 54
115 167
184 64
314 285
132 289
346 331
235 150
277 143
218 231
91 46
177 70
74 326
122 289
233 314
163 340
199 7
337 220
331 142
14 345
343 44
136 289
195 224
272 131
284 189
74 342
120 238
349 211
350 253
194 292
85 322
248 18
84 358
23 197
43 206
52 275
21 122
156 79
110 264
191 218
156 181
26 133
309 45
354 177
227 247
12 242
332 4
31 331
277 44
237 342
20 43
179 111
242 17
323 167
8 339
1 38
94 253
76 209
276 210
17 237
357 270
44 260
55 133
192 161
60 263
118 180
356 329
316 260
358 141
94 47
200 340
287 264
109 80
322 312
333 1
104 300
282 198
3 205
337 329
246 105
225 304
45 283
113 169
200 278
39 59
232 146
151 296
245 307
78 190
352 297
179 126
85 223
49 343
315 26
327 151
317 348
171 74
183 324
291 182
339 33
323 171
207 329
74 220
259 359
102 107
120 346
41 141
349 239
306 97
270 120
206 110
47 220
249 92
357 44
140 116
39 112
49 140
255 258
106 149
54 201
195 173
348 314
154 211
255 20
279 112
150 140
272 98
13 104
42 164
130 108
172 86
292 94
104 357
293 261
141 76
133 273
349 344
82 183
346 214
182 269
203 356
29 51
317 218
196 360
351 126
234 264
235 257
296 238
257 6
71 225
64 302
359 171
246 244
239 99
108 202
229 128
320 159
305 272
35 225
187 6
290 185
147 179
237 254
337 47
52 126
316 106
278 73
155 302
10 134
180 227
27 333
217 167
310 108
341 296
346 356
8 74
118 348
58 284
35 195
270 270
8 340
144 126
116 276
141 347
291 9
150 147
47 315
52 32
219 170
132 187
285 349
80 2
22 3
96 199
247 48
285 149
170 126
201 243
186 353
319 140
290 296
20 117
238 126
155 94
285 344
151 245
331 284
122 134
74 184
91 300
218 6
130 152
201 73
289 55
116 275
249 17
153 9
208 154
110 150
147 304
104 140
247 146
323 57
338 216
334 88
160 228
300 192
16 337
133 159
236 306
213 335
186 3
116 175
206 174
257 289
75 324
257 144
78 296
49 191
204 135
48 10
76 7
305 76
250 226
176 216
290 165
276 198
113 313
285 193
226 113
168 117
261 254
86 232
346 151
275 139
17 77
254 239
283 247
334 328
222 179
29 143
109 125
3 252
150 209
95 335
323 226
354 112
37 281
189 143
186 292
136 295
187 348
200 245
174 341
101 255
139 285
328 61
126 181
99 6
115 252
252 218
69 246
91 45
256 43
113 237
158 75
78 336
80 222
173 217
175 335
89 163
182 299
352 92
5 84
246 158
166 113
281 297
322 108
333 100
329 31
311 357
281 271
160 191
60 243
163 255
70 101
104 240
75 18
163 102
54 337
136 6
285 74
201 165
309 226
360 349
44 16
287 283
188 346
92 143
13 5
233 147
246 180
38 91
360 141
203 16
336 249
8 96
203 57
219 4
163 136
45 90
141 91
268 221
110 350
70 197
260 272
159 309
58 110
121 317
14 122
239 277
250 183
83 270
144 5
202 80
76 160
100 171
331 58
254 158
298 275
210 259
181 175
47 300
251 203
345 53
333 195
359 71
58 220
114 184
178 27
183 135
166 175
246 356
156 346
15 28
69 67
252 171
281 267
115 218
343 198
358 81
303 278
115 153
17 210
71 270
49 25
314 294
348 8
30 182
269 42
319 179
100 126
27 145
329 300
276 260
61 75
80 14
213 34
208 117
306 206
40 323
115 341
41 6
102 228
51 27
238 269
113 89
331 199
284 215
357 97
136 34
43 276
219 193
13 70
89 335
353 58
26 255
142 219
303 46
256 20
150 104
256 146
196 30
341 12
155 286
212 286
214 45
56 93
227 250
177 168
270 157
57 65
112 271
272 166
144 180
297 145
143 151
143 211
233 314
304 181
78 50
147 44
312 167
34 158
328 270
194 96
112 155
102 179
78 23
73 326
104 173
171 44
243 237
64 105
178 158
165 186
355 119
307 140
63 352
331 210
147 37
285 360
321 132
169 37
157 293
341 37
134 270
199 1
309 277
161 36
59 184
89 316
258 138
59 332
151 232
21 227
60 289
235 103
345 86
35 277
352 207
34 358
9 275
340 104
82 252
151 286
9 198
140 275
189 305
157 215
183 239
108 227
228 4
47 120
227 76
224 318
269 81
120 44
97 68
244 176
190 232
100 236
25 230
320 115
236 278
128 56
277 158
284 54
312 320
305 142
350 6
229 334
4 194
27 267
258 141
182 157
106 212
275 344
247 73
210 284
22 80
271 324
72 219
61 215
17 202
344 46
12 36
253 213
167 312
248 260
253 196
62 296
293 258
27 233
58 339
303 16
27 158
89 333
244 269
13 305
217 188
273 303
16 107
121 173
299 347
123 220
180 302
269 69
351 138
163 109
61 209
319 166
40 41
176 128
282 182
287 290
309 52
11 176
337 31
180 321
58 15
54 43
60 121
127 301
287 157
101 324
198 145
88 72
6 170
172 191
149 157
277 193
238 224
103 322
341 112
83 22
233 114
1 49
360 47
196 107
308 48
265 343
357 202
97 73
333 247
70 230
254 184
274 70
11 15
281 6
33 297
313 347
166 54
138 323
86 78
50 111
323 125
359 264
263 236
337 212
250 263
287 194
129 290
60 120
327 341
85 100
289 33
301 107
216 193
195 36
128 130
351 37
157 247
233 42
85 325
164 114
165 313
263 135
316 148
191 66
216 261
351 131
169 343
160 163
209 337
315 280
41 70
31 243
28 151
211 31
16 239
224 260
241 34
239 186
339 79
103 355
225 185
99 115
106 118
49 66
201 316
2 147
284 191
206 199
166 356
254 143
209 78
137 284
79 37
233 260
113 249
23 286
190 64
331 68
130 142
327 266
273 353
254 209
67 323
253 239
243 341
346 31
346 6
163 315
264 177
226 166
103 208
280 44
322 183
177 88
92 153
270 84
342 166
44 241
65 83
39 169
274 357
247 224
229 110
333 189
102 27
145 329
18 122
186 308
68 352
177 94
145 32
32 269
300 92
269 254
317 301
45 26
6 249
228 237
213 67
336 332
339 313
273 103
319 1
98 309
168 175
112 342
56 62
208 210
322 333
261 196
314 258
10 207
204 148
266 94
335 326
239 192
149 257
347 6
359 144
108 84
248 311
132 349
309 34
169 95
234 101
291 212
310 194
186 175
293 236
195 49
262 138
313 241
106 4
38 76
205 292
165 178
247 29
235 213
213 83
116 208
210 95
245 213
192 102
244 337
117 309
116 172
90 37
10 61
201 19
141 333
240 304
57 169
76 98
127 4
346 338
336 206
344 207
34 217
225 115
176 52
33 341
7 20
27 338
349 221
63 129
167 344
284 5
51 134
301 339
161 241
231 266
8 174
99 293
69 17
77 83
171 113
181 174
38 181
136 175
148 303
234 145
158 171
291 292
225 327
352 273
78 298
68 286
3 88
99 110
359 92
127 290
151 248
153 217
178 246
262 66
336 120
229 52
246 64
21 297
324 359
100 235
132 176
168 105
267 255
3 313
10 153
269 270
351 340
248 67
146 137
63 18
314 222
38 150
343 184
127 340
358 68
128 236
271 124
42 12
293 43
25 30
97 234
68 63
25 119
120 87
337 240
80 145
209 110
336 102
167 248
109 173
131 58
114 111
125 45
93 119
156 215
188 333
122 319
132 168
252 22
8 209
83 52
152 311
95 63
137 63
207 174
183 231
32 231
71 119
161 264
5 40
348 18
81 154
174 107
329 199
163 353
113 211
344 233
237 295
171 287
291 229
277 289
330 239
261 322
330 70
14 130
244 192
140 40
56 176
102 354
3 69
5 216
324 142
250 158
161 75
4 323
347 164
342 196
138 90
354 89
7 95
331 346
42 221
315 15
234 80
127 67
348 204
295 311
259 158
240 182
92 289
342 41
204 46
350 353
208 136
51 266
324 219
118 156
264 120
77 81
225 285
117 249
74 323
202 90
212 16
51 247
110 302
13 276
36 155
269 244
132 359
315 50
72 209
63 54
165 257
213 348
131 330
3 169
15 283
36 71
233 179
303 93
198 219
221 73
4 308
107 289
151 66
350 200
187 102
51 133
292 318
62 148
306 269
231 205
17 254
97 194
51 158
319 140
119 96
12 171
116 229
230 271
345 145
288 353
180 86
312 59
191 140
148 260
290 254
32 336
54 163
264 21
136 294
154 97
176 288
280 282
244 32
118 293
108 357
332 226
140 340
57 5
106 12
198 226
287 33
54 198
261 156
198 186
285 50
276 134
220 287
49 98
191 197
65 17
33 345
331 279
223 122
262 254
344 338
242 44
172 158
2 307
39 349
342 17
176 239
162 187
266 156
327 225
163 74
82 69
5 116
166 215
263 106
60 216
64 150
164 305
49 150
227 58
235 341
224 118
303 158
319 158
78 197
327 179
288 235
279 163
320 201
12 284
40 268
157 92
21 49
350 319
139 272
99 293
134 87
130 314
74 138
339 61
117 132
179 77
292 124
99 239
149 158
177 41
302 296
76 266
139 306
298 344
279 20
42 307
300 266
136 301
118 303
194 323
134 82
23 268
289 256
13 354
67 329
60 269
125 299
192 303
259 132
66 20
281 136
297 277
180 347
15 230
151 118
106 43
14 219
182 199
210 327
163 125
219 202
103 164
299 317
243 15
235 125
116 142
219 120
101 223
173 203
328 302
27 313
274 328
279 31
272 178
118 322
163 165
7 180
275 225
84 8
4 351
21 111
211 20
36 195
332 325
214 209
311 261
226 326
271 186
5 222
192 86
167 175
172 75
67 208
356 279
138 166
42 156
135 63
341 197
144 183
8 1
288 37
210 287
121 94
357 269
330 238
202 111
116 127
120 9
294 192
175 18
309 129
143 340
168 247
64 331
341 311
77 168
179 43
28 139
154 146
166 342
34 316
166 102
331 248
210 326
338 332
46 293
148 233
195 155
112 223
284 245
122 180
19 316
312 239
314 266
141 153
244 64
352 117
333 224
211 17
199 71
1 104
81 331
85 166
64 343
115 173
165 70
25 186
10 232
273 7
310 211
209 79
338 337
210 325
135 247
119 122
26 100
103 319
280 20
7 309
64 194
178 72
211 25
74 224
232 304
16 304
316 273
138 306
241 80
18 30
190 138
80 48
348 133
232 97
215 45
193 94
245 232
278 207
176 244
136 141
107 170
42 255
342 256
162 263
296 332
81 76
182 216
216 277
113 277
116 351
154 62
84 313
234 168
347 8
131 17
291 152
30 116
90 187
179 25
230 77
83 49
2 343
251 92
221 116
288 63
118 358
124 118
99 332
196 342
234 308
348 311
269 90
158 83
146 313
134 44
78 9
155 188
28 178
178 341
88 57
66 292
280 153
175 56
207 322
270 3
140 245
66 143
68 186
312 203
305 315
313 255
207 302
174 125
187 253
114 115
21 223
98 10
125 19
298 51
241 29
24 179
34 75
210 99
275 243
129 103
87 303
45 51
187 199
265 170
122 213
326 20
6 35
301 343
4 147
76 89
314 75
265 67
62 360
240 10
40 171
216 15
143 2
32 182
97 22
41 147
25 329
223 145
246 268
354 88
344 88
221 120
107 106
133 288
50 232
309 357
358 32
287 104
260 350
84 53
277 95
67 163
236 126
223 50
53 345
313 101
118 57
100 283
16 234
343 176
323 326
103 36
156 262
53 98
197 225
261 67
325 194
235 96
146 122
105 169
187 37
97 164
206 183
103 283
30 277
68 116
283 285
75 332
50 84
11 214
350 344
185 145
36 28
356 248
77 289
177 28
148 303
226 136
130 144
128 34
106 3
57 33
258 312
274 339
184 154
341 338
141 177
92 28
155 124
334 206
111 80
242 108
20 135
98 350
106 59
314 210
150 20
296 108
192 136
192 27
48 260
17 226
209 120
317 48
166 279
55 34
184 242
65 102
206 7
342 179
55 68
157 42
277 65
228 131
186 293
79 70
53 67
94 5
344 48
236 163
84 260
282 173
47 234
79 180
286 9
133 60
133 136
262 291
236 226
92 145
137 116
289 322
100 161
142 111
238 125
214 15
84 247
253 2
211 165
172 270
175 80
161 351
356 236
36 294
308 268
257 297
135 207
324 50
182 106
96 285
162 246
51 233
330 64
230 101
325 63
8 311
258 147
121 197
252 314
128 141
178 25
227 324
82 167
129 316
104 63
162 316
96 179
91 313
249 162
9 321
293 355
228 185
188 324
29 262
215 232
278 151
5 246
350 285
276 70
170 256
54 29
174 44
202 189
42 212
211 132
294 179
302 320
105 211
140 76
173 17
179 128
121 322
57 199
315 75
76 280
26 219
129 176
332 243
228 293
331 278
291 118
317 9
211 300
103 129
50 268
65 264
102 275
183 334
321 131
253 200
12 100
322 63
152 313
160 186
65 350
168 187
57 155
136 355
54 82
333 257
52 260
184 215
58 307
278 350
306 113
191 198
248 343
65 200
234 294
18 50
142 40
95 16
341 84
157 89
283 274
301 240
187 343
324 195
20 148
175 20
29 242
56 119
166 213
348 97
13 88
74 262
301 247
23 1
279 118
135 159
12 26
238 227
104 157
313 74
213 321
338 242
58 344
65 129
243 220
132 278
202 291
220 32
359 306
152 51
241 167
292 96
34 183
149 190
356 290
360 174
1 92
171 122
344 80
62 164
223 263
308 165
291 189
341 19
21 252
346 24
127 158
356 2
102 101
144 124
179 240
73 32
56 279
54 180
97 246
270 218
263 219
109 168
305 332
189 105
16 321
35 39
296 163
108 293
302 165
62 262
244 217
23 231
240 44
175 292
252 131
298 232
19 287
15 66
75 67
206 9
228 1
178 319
97 146
250 93
164 133
190 158
319 316
169 263
225 110
258 203
221 268
79 48
352 278
224 37
221 3
132 23
328 281
152 187
45 99
37 76
241 13
115 13
331 62
232 234
62 331
332 188
268 294
254 285
32 186
287 196
51 72
209 24
348 176
71 160
182 20
217 39
124 80
287 360
109 306
223 352
329 158
76 335
5 333
258 157
101 46
109 205
61 175
316 93
326 296
91 23
265 288
341 179
2 212
59 1
72 25
109 302
159 309
172 297
291 164
57 178
355 152
175 333
219 139
90 150
54 284
98 330
97 352
198 92
150 12
197 154
351 251
208 14
238 183
85 258
141 360
73 349
238 53
314 82
271 33
42 215
354 327
205 159
179 285
212 209
290 201
115 221
138 13
222 168
309 281
324 191
169 339
360 310
153 352
224 219
313 61
122 319
143 5
160 214
8 155
317 41
215 9
141 288
257 358
309 138
213 197
274 83
148 237
343 203
207 293
178 313
350 27
133 103
235 113
249 206
48 294
352 84
129 179
221 107
46 329
229 353
228 337
105 17
140 337
131 91
109 148
7 319
182 324
237 238
268 38
119 196
48 60
189 19
24 42
334 261
291 298
70 20
115 173
295 295
343 8
172 318
187 184
165 85
33 217
217 91
338 332
210 308
182 101
336 135
164 216
32 321
135 192
160 17
165 6
338 70
217 96
138 178
197 148
50 132
292 17
111 50
226 80
259 215
72 261
94 59
177 45
219 20
206 116
144 1
257 98
320 34
7 274
58 192
244 235
315 157
129 221
148 171
268 6
156 205
25 103
72 324
285 142
87 143
65 254
351 25
156 94
243 1
297 62
310 137
333 271
79 129
245 58
336 244
289 285
125 192
88 136
50 101
206 61
336 95
127 78
42 319
306 214
98 22
206 107
45 321
11 271
163 122
126 31
91 271
53 321
20 9
164 189
71 203
257 187
14 272
44 312
111 144
242 33
328 116
21 356
40 130
181 72
321 282
56 241
248 188
256 259
285 318
212 317
318 282
284 187
99 40
180 231
25 309
11 323
176 333
193 134
92 54
121 19
270 36
171 336
28 299
138 234
258 181
123 121
224 133
253 183
246 195
171 286
156 162
169 136
296 138
339 121
123 30
101 31
35 330
326 246
275 27
309 52
349 73
267 330
199 2
307 71
332 39
108 242
160 287
65 242
4 187
282 248
48 286
153 149
141 93
297 110
332 272
37 145
213 237
282 233
77 136
325 129
85 252
164 81
186 184
229 132
213 278
273 65
246 125
282 233
144 235
158 324
44 241
301 308
297 66
248 103
136 106
50 121
230 36
89 202
170 355
278 344
42 310
229 212
225 204
227 266
275 162
241 142
195 125
175 294
180 102
183 203
249 48
316 40
195 265
85 281
320 352
41 116
216 235
259 238
166 268
179 253
291 110
224 217
52 73
21 183
53 128
285 266
85 294
315 335
59 164
51 74
328 30
350 309
33 149
236 104
164 275
170 111
296 132
95 347
274 317
334 299
30 176
230 129
241 268
316 146
329 101
42 317
105 198
279 303
198 220
78 138
233 151
116 193
99 342
132 164
283 209
150 303
58 53
294 189
137 204
89 38
308 104
239 243
155 102
111 153
308 335
179 338
285 301
95 56
94 15
165 86
147 298
42 34
336 37
226 16
158 342
107 247
144 212
37 313
352 127
149 306
303 215
152 97
320 229
37 110
40 292
267 135
235 207
251 292
194 280
185 320
124 4
228 100
330 311
321 185
223 225
154 145
200 43
304 89
55 37
226 164
289 21
105 339
296 24
2 348
24 24
110 356
234 333
267 25
240 35
36 165
4 259
68 188
157 73
195 291
322 55
60 77
53 233
45 112
269 32
72 136
52 117
266 37
45 162
201 211
101 42
275 11
178 106
105 212
132 263
195 203
99 202
10 130
20 192
256 37
304 275
279 206
328 80
68 348
298 308
227 240
264 181
308 278
196 28
196 5
185 223
280 298
221 119
89 350
2 279
19 241
5 135
128 6
295 281
314 167
22 39
223 197
153 188
10 323
171 27
111 323
183 175
126 148
335 53
179 126
311 171
103 253
326 295
147 96
239 68
233 307
71 141
200 160
18 136
170 4
331 185
223 9
93 278
350 327
63 220
41 266
251 171
195 111
135 111
151 247
311 263
270 101
158 16
239 241
112 60
117 181
201 151
146 176
309 212
224 296
314 138
60 354
189 331
288 189
44 335
90 357
245 120
284 311
204 84
176 294
143 71
309 350
108 172
61 133
358 299
55 212
319 227
14 281
159 92
225 233
351 140
267 339
133 320
335 330
182 107
301 75
132 92
233 96
10 270
227 98
29 182
280 324
154 107
22 20
291 134
188 302
56 87
292 262
40 1
154 64
330 276
190 290
218 322
284 329
313 250
105 35
235 224
207 315
96 37
4 200
84 245
68 47
18 167
120 226
289 38
206 316
339 24
251 30
287 333
118 261
21 78
133 118
15 201
217 196
125 240
54 35
129 213
89 174
304 340
288 341
19 27
24 121
288 116
302 178
55 50
353 223
224 304
151 48
231 266
227 235
34 144
87 273
56 257
297 37
236 47
158 187
60 46
359 341
171 239
353 161
351 113
46 142
177 345
238 263
150 157
173 187
120 324
345 186
204 73
49 281
72 318
155 300
81 239
25 180
219 117
222 72
292 131
164 306
339 55
218 271
184 254
168 108
69 316
347 331
264 328
210 11
104 56
220 13
300 216
57 315
273 207
293 17
285 71
26 319
180 69
77 38
280 203
278 169
101 289
294 173
22 286
314 243
81 222
103 191
188 258
212 266
150 287
120 141
115 357
53 83
36 94
174 166
230 296
144 57
59 108
36 310
323 182
106 222
332 227
8 180
85 45
239 114
212 328
193 191
128 226
215 236
23 314
284 129
249 241
131 256
108 85
199 296
163 224
158 96
162 327
53 313
301 284
199 245
322 360
98 193
1 59
259 358
155 347
48 12
12 272
18 267
64 78
294 190
193 33
262 310
201 78
241 331
165 88
285 16
127 251
85 276
66 52
63 350
122 231
341 220
8 313
287 242
96 333
321 304
180 125
31 115
180 226
254 231
330 153
225 148
26 95
153 63
58 203
92 311
69 102
350 223
280 220
60 187
290 64
120 299
287 309
21 310
20 267
153 50
30 306
68 351
317 194
111 218
133 137
210 332
347 222
339 113
276 354
87 226
337 275
359 190
336 262
348 123
158 72
48 59
345 202
180 268
236 237
301 276
320 252
354 270
343 95
80 347
128 360
45 230
247 13
1 346
287 248
137 335
11 34
184 190
187 307
106 224
319 230
329 338
203 282
257 53
243 41
53 147
72 181
102 268
74 282
149 83
12 143
37 29
218 282
191 184
23 39
119 292
104 114
205 17
291 51
293 33
81 27
308 276
214 331
23 68
163 22
143 104
133 18
66 340
211 227
353 294
143 167
249 159
300 204
248 164
67 43
350 70
44 62
21 169
20 213
203 100
52 318
86 270
194 36
322 89
336 158
221 114
51 197
278 235
260 128
80 63
100 64
301 174
37 221
39 107
63 302
252 326
129 111
11 79
164 77
237 78
46 241
267 259
321 124
53 296
92 12
279 234
205 239
353 288
198 120
239 76
213 108
80 192
357 302
156 347
307 49
123 115
196 63
185 327
312 106
335 282
203 32
299 327
275 123
217 318
158 210
118 320
155 337
61 102
203 242
302 7
84 189
349 216
240 83
229 104
317 132
202 11
212 167
260 239
139 284
183 326
205 44
1 353
268 143
359 20
332 300
88 243
262 286
7 96
139 159
203 241
344 255
291 143
78 280
11 306
314 219
10 183
130 247
173 264
9 236
320 188
190 324
296 355
56 230
255 130
227 49
228 210
339 66
60 241
13 323
301 99
201 232
45 262
341 66
90 213
228 303
175 277
59 249
308 16
126 138
303 274
9 119
111 27
216 115
251 324
53 70
237 218
129 293
110 30
241 147
76 208
331 312
301 19
157 246
72 6
330 347
18 4
305 88
221 347
323 352
147 354
42 34
319 167
341 115
300 141
35 30
239 73
318 68
33 32
96 66
217 83
167 35
228 154
272 269
327 337
351 232
87 76
242 253
25 10
109 9
59 2
108 272
215 34
70 11
273 15
184 58
177 189
68 280
137 213
298 8
297 90
232 337
185 70
293 263
41 117
95 43
327 68
212 341
192 174
156 99
341 211
291 214
42 345
14 254
65 32
198 101
6 119
310 279
37 148
312 72
253 251
94 345
20 135
94 37
147 246
339 207
32 57
315 194
223 172
323 194
296 280
264 154
17 81
36 140
139 35
71 3
326 35
338 172
82 38
128 183
279 28
228 80
113 242
256 144
110 179
175 328
194 106
174 213
130 342
348 260
203 178
271 143
131 180
287 346
88 354
128 74
312 66
334 69
230 357
191 37
192 113
141 302
115 13
236 99
157 190
278 127
120 71
244 110
330 228
357 120
130 193
339 12
67 181
110 11
163 23
301 156
4 305
293 359
218 184
122 30
115 296
277 325
79 6
195 131
80 71
160 167
119 67
174 264
3 355
99 116
267 157
19 36
309 300
74 332
49 320
19 216
221 44
135 140
42 174
153 76
99 180
73 176
305 196
291 4
286 128
178 265
43 146
342 250
156 160
164 184
223 295
294 187
334 86
353 140
272 167
248 278
42 177
24 89
40 298
49 176
138 299
144 247
354 265
100 212
331 80
250 225
335 340
319 355
239 45
258 62
93 168
354 163
357 345
147 131
47 68
175 358
156 269
7 350
2 262
27 133
277 262
218 205
158 228
120 283
204 301
113 165
294 180
73 105
118 279
275 45
138 200
161 26
51 62
21 295
249 303
36 76
88 12
248 48
123 355
199 231
286 288
96 3
253 311
214 271
301 195
301 59
351 249
39 35
250 249
203 28
117 267
338 129
169 68
315 83
123 70
202 140
19 110
35 174
116 53
209 296
340 15
340 275
23 154
51 58
42 133
334 333
163 257
113 187
128 260
238 339
51 347
33 188
89 223
151 69
178 296
227 67
47 7
189 202
310 185
342 140
184 165
283 7
301 302
269 277
331 85
156 288
261 40
229 357
190 89
303 146
127 38
167 111
328 337
260 67
329 120
37 239
134 208
346 187
135 86
233 186
57 107
305 87
24 289
147 102
242 246
181 69
298 293
58 128
69 355
351 1
120 110
48 3
266 177
33 277
298 293
183 226
101 73
151 81
32 120
28 27
135 234
30 29
7 86
33 249
249 188
284 343
169 153
130 162
175 139
200 24
165 80
38 348
11 328
286 274
224 49
158 243
155 1
159 251
303 288
156 290
129 331
331 321
269 52
235 41
230 60
186 80
357 329
349 118
112 285
338 317
10 269
24 149
307 307
136 113
219 51
237 75
116 82
258 112
286 255
134 278
121 256
21 178
235 77
23 282
2 253
65 36
231 67
286 146
117 270
37 342
9 351
38 208
353 295
183 257
219 171
209 267
320 287
33 21
300 36
257 255
115 130
265 311
17 312
92 49
303 171
321 105
102 230
288 92
333 198
341 56
323 116
50 271
28 186
239 309
225 102
51 290
349 74
142 197
228 283
88 264
11 177
249 81
128 213
199 313
150 91
121 203
232 49
74 192
137 194
23 94
260 44
311 236
357 269
40 225
80 215
340 206
14 194
206 59
73 133
337 2
78 214
12 258
26 321
101 351
131 78
284 46
47 205
240 258
99 155
148 165
226 29
15 297
285 54
5 172
285 201
77 11
110 86
63 176
136 306
134 313
21 3
316 337
104 202
351 82
172 121
176 277
28 23
349 261
176 346
49 172
281 330
137 218
231 315
143 206
343 154
111 152
177 288
191 141
103 268
268 36
181 76
261 201
6 322
97 300
106 116
237 136
11 141
283 351
111 328
223 104
298 293
278 207
18 115
109 320
258 345
165 269
333 214
27 177
253 18
61 118
180 323
159 193
204 158
62 54
303 43
34 252
161 263
311 313
101 156
312 32
233 14
86 294
63 44
262 95
342 22
22 335
272 118
57 102
241 294
173 57
243 262
227 314
247 259
60 96
241 103
315 202
198 283
89 292
106 25
186 224
72 183
202 228
196 251
319 338
115 231
3 230
12 77
256 70
353 133
301 131
156 24
356 164
103 65
135 191
100 192
257 231
211 318
311 232
225 336
312 122
296 243
248 43
299 350
271 262
111 203
134 15
145 221
151 232
27 187
51 196
41 141
84 325
113 126
182 163
232 197
202 356
339 230
342 110
89 308
352 65
180 316
259 68
212 143
269 165
189 130
265 310
97 134
322 184
116 9
3 166
73 185
312 250
349 249
114 120
158 29
128 97
83 40
36 15
88 284
240 286
271 141
17 307
38 181
236 185
220 309
7 30
327 331
138 278
128 206
154 140
138 196
93 222
264 58
337 193
310 335
168 114
94 280
46 339
306 32
177 117
73 57
295 41
296 284
22 236
5 341
354 176
354 139
29 105
256 70
297 101
280 200
169 224
6 125
174 163
342 277
95 341
76 268
207 298
13 119
169 262
314 289
61 70
227 90
16 238
184 107
82 149
129 282
195 178
258 61
220 17
37 92
124 200
142 296
215 63
235 128
197 346
142 54
294 180
48 67
226 79
215 33
114 99
214 102
283 159
11 261
195 243
240 66
118 291
18 229
42 67
135 83
37 50
193 136
306 99
141 44
15 142
284 266
98 198
355 116
227 8
50 155
352 30
131 26
185 2
135 246
231 101
260 67
57 191
221 264
289 198
135 71
186 129
318 295
48 25
155 180
57 152
353 291
348 12
33 234
159 291
198 52
206 161
50 141
181 209
67 301
235 19
264 184
89 138
340 173
59 92
188 241
313 164
306 16
335 65
239 24
15 322
25 6
177 47
221 260
346 36
76 289
248 11
264 130
35 252
209 278
44 120
327 30
32 128
59 199
15 188
72 59
343 158
63 255
263 225
160 142
288 42
359 222
125 101
64 176
266 340
121 229
322 328
25 226
122 359
25 179
254 351
284 357
184 355
245 33
116 296
247 32
276 146
73 323
346 12
268 57
87 53
187 211
304 143
50 332
104 27
147 354
295 215
210 133
23 165
1 104
322 298
309 49
170 201
151 95
278 156
3 6
308 178
6 92
9 24
287 290
277 39
216 191
159 313
1 77
285 243
262 291
14 320
54 226
103 17
277 164
57 267
90 308
330 346
307 4
30 23
289 125
262 50
7 107
328 22
130 358
291 65
357 167
134 127
148 87
27 296
236 11
211 69
153 21
62 335
178 156
335 313
360 348
122 70
325 178
184 53
50 154
344 250
205 231
225 237
52 13
223 48
222 144
25 261
328 126
337 200
239 323
180 201
167 356
80 276
197 187
99 3
210 354
272 52
303 161
169 239
253 212
292 257
353 57
318 198
161 294
142 227
356 186
358 274
126 41
76 227
268 308
83 215
132 298
77 332
218 241
59 319
42 317
295 155
240 68
88 47
63 77
202 342
98 247
304 287
185 273
205 73
144 127
318 108
95 188
306 186
117 261
32 113
168 344
23 93
50 337
260 241
187 240
226 128
50 307
150 308
236 355
323 97
27 359
218 55
99 236
204 37
129 223
147 67
191 350
75 243
99 216
277 119
114 274
233 234
144 319
14 124
56 169
216 308
215 234
30 150
222 148
304 145
319 102
141 3
264 261
121 101
121 215
160 67
281 311
127 93
14 22
314 14
165 85
75 183
190 199
254 310
20 216
117 201
13 119
91 268
354 314
197 26
114 245
245 59
132 160
204 190
72 54
295 35
109 252
316 116
105 149
49 337
216 195
106 94
139 118
8 270
287 329
136 169
348 6
37 172
234 265
96 25
244 1
343 155
306 193
112 54
57 40
111 62
128 40
288 107
268 185
166 290
173 282
184 32
45 56
53 254
57 263
192 134
351 268
131 161
13 67
292 158
246 62
70 179
117 250
319 199
266 217
265 10
46 78
280 279
5 226
156 113
283 48
83 191
7 290
156 7
357 279
29 354
224 158
22 116
157 262
117 103
211 95
163 99
272 182
350 62
326 240
18 190
260 190
251 138
240 98
235 276
100 273
91 158
347 196
16 65
215 305
301 56
306 284
30 295
91 144
320 198
297 92
242 76
113 25
125 212
159 358
146 119
29 178
144 37
180 227
63 182
285 118
80 267
2 325
72 62
219 244
354 141
108 42
154 141
241 331
145 32
85 109
248 117
250 139
182 105
320 147
113 72
270 48
93 357
43 235
217 99
12 95
183 345
111 307
285 96
220 105
48 329
99 270
227 220
147 228
207 358
311 271
360 144
118 83
335 94
210 284
10 43
303 13
106 254
188 37
312 102
88 203
139 110
41 79
293 192
8 167
112 56
16 248
285 243
19 103
296 259
210 157
277 337
70 57
271 63
5 298
259 319
203 53
96 76
60 52
357 345
189 287
88 253
275 123
65 65
117 88
294 223
138 37
109 138
332 93
322 76
315 323
345 174
146 200
115 184
186 77
46 224
144 39
294 169
323 117
216 180
150 163
23 163
40 318
57 167
84 137
251 332
22 147
349 217
206 73
226 94
234 268
28 168
212 257
323 85
69 173
186 225
286 346
127 256
253 74
194 31
313 212
273 34
121 155
212 27
70 78
220 299
216 156
66 179
312 345
185 132
17 200
100 69
134 11
42 18
285 236
327 146
309 342
314 27
282 158
264 66
339 137
69 49
312 139
224 259
37 99
188 154
347 316
177 18
339 141
292 348
228 18
289 110
186 118
342 48
116 183
283 359
267 170
259 103
67 263
138 237
278 311
136 285
73 182
97 115
319 27
232 251
114 213
55 33
319 203
204 89
19 109
190 345
219 70
123 114
38 142
131 243
89 49
345 29
104 242
198 269
93 188
74 138
107 43
264 203
260 186
353 148
99 330
117 230
258 320
341 84
146 246
66 94
322 55
24 122
296 135
260 249
75 85
233 277
205 86
48 56
87 216
130 141
356 141
332 11
37 339
28 336
79 159
309 314
190 27
11 68
67 274
329 291
321 31
183 201
129 276
183 199
161 217
38 247
203 53
103 245
206 42
141 58
328 304
351 186
285 297
92 356
57 41
226 327
204 139
334 105
305 239
317 72
97 58
5 348
328 245
163 247
158 31
135 140
259 219
54 282
316 161
305 88
292 274
2 205
57 56
261 1
27 300
147 193
116 34
110 129
292 28
146 173
248 123
150 202
101 251
302 7
180 178
26 181
240 22
173 207
104 337
321 149
307 221
229 45
107 65
223 255
314 182
94 112
333 277
71 7
208 26
9 77
279 358
152 256
62 278
289 102
71 265
10 332
344 106
51 342
116 212
149 304
16 346
193 66
198 55
133 155
30 328
282 243
359 189
326 313
161 43
168 57
335 113
158 334
60 142
78 40
292 71
221 117
1 271
242 359
124 129
173 350
163 265
132 67
296 21
96 232
219 75
270 2
285 212
101 217
190 106
89 140
117 185
269 301
318 307
342 5
245 170
326 89
132 103
21 177
286 185
170 348
260 32
175 313
75 31
296 255
103 42
97 192
221 61
185 185
204 190
205 178
307 348
79 41
164 43
257 48
46 197
358 57
163 70
248 7
339 247
355 1
289 72
54 163
270 24
36 355
64 138
127 271
259 335
178 71
340 153
71 155
210 207
111 52
235 123
22 342
238 352
152 66
314 261
305 170
13 135
133 160
114 349
55 310
37 234
239 135
190 305
304 261
147 28
181 228
69 121
119 51
269 89
209 58
232 40
91 222
16 326
259 180
248 117
124 198
263 317
102 352
320 119
198 18
331 348
158 212
269 26
96 4
124 30
148 270
186 179
321 160
147 80
76 205
298 214
166 336
31 134
111 51
258 277
71 205
228 103
212 127
151 89
148 271
306 265
357 76
121 47
252 196
321 30
303 303
333 31
58 133
28 286
287 316
93 13
88 340
356 206
172 66
58 179
294 64
167 189
355 110
253 28
353 355
126 296
180 89
328 141
347 330
112 144
286 209
32 152
45 86
52 170
80 169
301 254
168 55
225 275
333 167
83 348
287 112
110 141
15 199
229 256
212 254
313 30
16 121
60 167
206 48
241 113
148 104
138 26
261 271
33 127
269 239
290 85
144 236
116 173
345 298
148 61
17 26
3 32
268 122
53 341
58 138
109 143
119 95
225 200
252 311
240 105
198 47
91 263
159 140
139 186
167 317
130 33
317 38
32 124
219 46
326 51
27 317
97 229
60 103
59 96
226 247
53 160
346 358
107 232
209 71
197 297
149 343
115 29
1 340
333 144
250 195
16 15
298 306
61 330
31 100
223 37
31 187
260 101
228 164
177 330
28 109
41 217
129 254
304 66
280 15
234 351
130 172
190 186
79 147
135 108
323 238
179 330
87 83
17 342
198 251
300 17
146 33
150 321
182 10
92 96
319 67
63 11
133 228
331 7
83 212
164 13
47 190
173 289
175 239
314 163
77 329
81 92
184 56
100 111
325 322
305 11
258 341
201 121
73 101
187 15
96 257
159 245
326 91
103 289
45 280
135 138
26 92
158 239
327 193
77 169
315 254
251 354
84 134
28 43
308 10
27 173
318 13
118 53
105 229
263 286
210 82
240 33
227 128
145 110
248 309
54 356
130 340
226 72
309 45
262 31
99 61
355 80
241 330
277 170
261 249
148 39
234 77
74 347
313 13
348 166
316 143
119 255
156 27
161 202
63 255
185 266
103 231
205 344
97 84
313 89
197 53
338 29
235 135
104 102
73 32
7 99
296 180
171 287
164 153
108 160
261 3
195 171
104 220
166 90
218 85
132 155
227 311
154 217
341 206
237 333
175 348
280 189
323 201
242 37
308 253
213 26
234 6
260 233
245 150
99 283
54 269
31 94
208 111
253 316
94 59
23 131
108 218
235 130
4 248
2 61
231 95
174 45
171 133
347 122
336 254
151 327
188 153
69 322
209 231
201 345
262 118
38 148
111 174
207 200
307 45
293 30
42 49
128 57
134 179
216 258
150 62
158 283
117 235
234 137
104 264
108 149
103 98
167 260
136 21
324 233
65 130
329 207
160 347
290 289
235 142
72 135
114 238
225 194
171 117
150 243
23 23
65 141
252 122
190 328
319 21
137 319
149 133
217 287
70 12
248 315
343 315
195 344
255 41
60 143
306 349
294 214
313 19
261 224
80 122
24 194
333 189
193 6
33 273
290 115
246 33
330 242
236 76
307 337
350 187
333 27
262 42
303 155
224 180
352 70
63 157
243 286
80 78
51 187
153 34
208 125
145 148
352 298
317 265
130 83
127 297
105 146
179 308
262 106
341 185
256 174
138 162
254 223
349 209
282 41
229 295
207 20
77 6
37 253
104 244
76 98
273 213
192 169
327 164
149 97
152 359
97 57
330 181
73 135
19 344
304 348
204 221
220 150
168 116
197 216
335 328
248 81
140 294
264 231
206 5
198 172
62 233
337 39
74 246
17 306
136 53
68 31
10 144
32 195
258 342
77 278
17 64
21 65
307 222
291 6
201 244
263 84
221 291
294 240
79 76
351 227
238 61
244 261
244 333
201 107
326 55
216 174
30 156
316 24
43 26
94 340
271 121
48 79
280 165
28 80
238 124
81 127
90 303
167 312
321 262
68 278
19 164
150 229
312 83
135 343
79 43
341 8
183 323
326 170
289 32
11 287
71 306
212 144
202 336
127 77
253 331
94 43
302 228
116 134
250 142
9 39
285 321
18 283
102 1
104 137
157 131
95 56
52 190
127 99
46 98
269 335
281 37
329 43
216 162
133 323
293 306
265 342
59 307
12 153
303 302
122 165
220 281
344 308
76 269
299 54
332 80
310 186
157 173
126 38
165 154
51 3
268 50
161 290
135 96
206 108
312 171
204 271
100 295
188 276
137 345
142 308
358 337
122 358
33 85
276 250
135 296
213 106
360 136
20 141
235 60
207 273
236 240
308 209
145 168
120 9
266 19
243 63
78 288
144 358
317 241
132 51
105 109
228 147
126 16
264 330
285 249
152 210
239 145
192 112
61 45
327 132
216 77
232 110
202 113
237 50
200 342
164 30
116 202
249 203
211 203
35 69
59 240
269 193
175 245
24 181
128 195
157 163
356 338
43 5
208 274
206 127
321 259
282 270
316 270
286 14
107 245
313 266
209 290
135 295
36 351
191 114
190 318
254 283
137 26
114 287
360 142
15 22
233 354
152 190
92 279
57 206
162 65
211 194
104 286
212 146
153 244
250 120
92 271
348 171
351 282
313 117
200 123
164 195
16 70
320 289
148 277
347 38
165 176
178 257
6 25
331 11
308 210
326 254
178 40
343 83
105 191
173 134
100 73
186 231
180 225
137 112
326 325
259 177
137 299
47 344
95 199
133 65
315 334
279 201
243 155
198 149
338 79
7 291
3 231
58 308
129 66
232 78
337 294
61 191
338 288
220 62
219 151
25 297
328 206
265 189
256 58
163 278
34 277
331 286
356 350
3 270
129 338
248 74
47 18
262 168
317 259
190 90
311 24
32 302
42 214
7 238
56 168
21 254
285 278
197 224
196 208
15 1
41 263
338 72
207 291
123 352
351 46
5 172
172 219
126 154
359 73
19 29
171 297
90 253
41 302
134 244
46 162
200 190
358 137
34 84
162 98
269 241
177 236
251 222
326 177
310 39
31 12
44 256
350 271
238 312
355 92
61 312
235 21
355 300
44 273
19 161
273 123
74 81
259 333
191 209
143 354
60 91
162 236
281 249
278 243
237 90
173 158
283 115
239 315
300 25
194 243
148 183
217 79
182 50
162 356
291 212
280 170
104 255
89 56
256 280
75 240
82 163
291 108
305 173
168 355
103 170
140 89
45 336
331 209
79 353
270 81
158 325
269 51
176 346
22 194
223 237
186 129
351 125
209 12
99 227
356 111
88 43
341 165
119 44
28 108
335 182
228 208
25 247
286 359
359 13
279 220
48 22
204 315
117 184
76 310
149 91
345 59
324 192
125 297
271 274
242 46
331 242
48 359
264 61
164 277
341 135
199 64
167 351
128 297
118 211
160 153
54 79
273 357
252 95
49 217
325 15
91 347
338 31
15 168
58 167
203 56
356 190
281 52
286 311
111 353
99 81
50 147
155 112
241 6
248 152
23 142
245 4
161 75
91 117
129 106
268 184
359 216
95 331
269 291
119 340
66 176
196 295
2 325
2 326
185 93
313 118
253 15
176 216
214 168
109 18
76 275
15 277
112 321
173 201
227 185
325 5
81 28
96 19
194 244
100 93
80 350
272 356
341 296
128 156
192 166
210 352
32 141
95 88
115 195
92 266
123 200
330 86
58 223
219 324
65 222
201 199
52 197
71 244
201 316
269 75
81 257
292 172
326 113
80 85
242 206
292 65
156 179
191 20
349 44
200 154
323 105
58 21
242 199
87 143
94 280
154 349
78 300
77 237
151 2
328 16
155 68
241 67
280 201
92 138
289 224
270 110
266 152
169 136
311 210
159 359
304 74
127 60
120 352
150 305
178 19
194 283
178 235
253 197
171 41
290 213
278 274
263 167
131 357
189 84
312 336
325 153
317 193
214 83
123 191
157 157
200 247
256 76
45 3
129 207
49 90
115 231
318 352
116 53
260 146
89 244
89 196
219 216
200 157
358 327
39 52
222 270
29 251
163 306
274 173
86 257
241 340
43 278
212 41
21 204
194 358
169 66
47 71
75 335
247 34
349 158
95 62
127 8
85 139
61 206
118 244
34 356
189 23
316 295
166 22
4 161
162 131
58 355
262 309
244 151
184 254
163 212
186 258
297 232
33 91
90 66
55 139
246 303
81 101
10 300
42 314
142 283
72 257
121 284
78 194
326 173
113 194
19 275
254 56
154 342
311 146
256 156
340 105
298 27
89 55
142 235
83 336
317 347
87 134
265 75
305 229
75 306
149 41
116 93
114 298
344 277
191 273
117 100
203 53
206 255
153 210
49 275
7 307
189 259
95 94
85 96
291 349
231 348
195 48
146 180
129 214
78 167
357 41
122 355
16 21
293 329
219 354
183 38
237 155
8 221
156 318
15 284
290 130
244 57
162 50
163 228
310 17
227 176
339 224
308 167
17 328
6 247
222 159
275 100
219 297
343 311
204 228
212 237
212 24
241 249
182 169
245 18
158 280
83 173
133 247
276 304
257 89
147 155
20 67
141 50
184 217
182 124
225 20
225 356
250 321
62 279
104 92
316 49
314 184
248 264
252 337
360 110
215 281
266 207
199 252
326 337
42 137
145 101
354 317
327 359
97 234
208 273
226 48
202 348
10 207
139 82
175 30
164 155
319 153
87 128
309 334
343 328
300 63
166 50
246 184
297 72
119 355
318 223
133 329
115 48
283 100
123 131
244 95
237 54
351 265
286 191
76 247
214 120
315 223
360 259
106 286
128 268
10 220
196 360
61 329
154 126
283 273
24 313
68 271
288 170
244 296
300 8
61 339
28 203
251 217
139 134
66 161
149 138
228 107
239 248
329 24
244 209
313 265
268 205
127 272
204 308
355 181
78 35
231 29
5 252
143 135
270 115
197 111
130 10
35 313
9 334
130 64
202 352
311 280
284 112
27 254
320 18
63 234
105 85
229 217
91 26
251 190
140 30
304 81
123 61
36 161
303 93
178 211
73 2
249 66
67 257
109 134
345 38
83 119
191 144
67 105
277 293
216 213
98 74
111 236
83 263
282 292
229 258
140 38
343 3
248 83
80 291
112 70
347 260
355 275
201 291
16 356
154 44
263 286
265 123
98 39
49 108
149 335
210 138
56 35
26 42
113 212
16 313
340 120
65 48
120 242
232 323
135 109
6 274
208 8
97 238
236 156
100 60
142 205
25 207
327 28
78 256
341 67
341 259
161 136
205 339
116 283
112 163
28 70
209 37
291 161
151 195
309 19
355 190
183 127
51 182
26 131
236 173
260 215
296 86
230 253
19 59
235 172
301 176
226 214
322 22
338 312
93 301
13 276
194 114
96 299
86 234
55 339
319 172
243 220
142 17
178 280
60 145
350 62
176 272
311 197
257 241
130 33
319 297
52 24
344 180
250 59
68 343
163 338
258 357
122 239
191 165
222 115
248 79
273 168
33 290
256 272
345 69
327 181
115 329
352 317
231 173
115 126
178 258
273 293
36 360
281 320
241 255
123 229
102 112
254 177
319 45
172 266
242 22
182 297
252 208
127 146
340 140
73 249
217 336
303 288
47 163
54 203
64 331
13 337
129 55
87 316
94 88
276 302
85 21
190 256
313 114
51 215
40 227
255 52
55 9
31 179
225 329
188 160
355 301
80 253
70 78
44 127
7 2
151 238
118 133
215 47
346 102
228 292
108 101
36 330
353 107
129 254
127 85
351 341
268 220
92 29
180 155
133 107
148 339
217 29
146 132
113 82
140 44
138 14
74 305
276 47
174 200
238 286
99 185
216 80
167 344
234 35
272 14
212 32
258 207
265 180
167 149
272 68
289 271
170 204
250 184
353 203
307 216
310 190
242 123
109 107
196 122
111 106
324 31
72 118
197 176
184 306
76 5
39 341
36 48
132 117
185 22
305 287
125 330
327 329
293 65
201 27
81 305
15 101
122 104
2 119
188 186
193 165
230 299
196 232
283 15
119 128
235 342
185 27
251 244
129 27
193 7
202 338
51 95
213 222
164 344
196 289
116 221
220 289
92 325
185 260
123 203
187 145
97 279
128 172
1 355
292 16
328 284
14 229
161 123
285 6
257 13
160 289
275 223
234 32
332 3
73 128
332 298
23 341
198 200
349 30
360 120
218 179
175 61
264 282
334 285
295 252
125 13
329 24
89 217
50 273
25 172
287 198
330 302
22 237
197 67
314 278
242 138
59 149
292 321
72 259
66 159
196 325
243 36
67 287
329 215
318 125
171 107
110 360
345 1
255 166
295 260
218 338
298 315
75 195
222 187
277 242
309 265
212 148
37 334
254 169
274 351
103 232
333 147
327 233
346 348
317 68
13 114
35 337
56 67
304 309
200 282
9 284
169 283
198 318
206 44
29 338
106 67
157 76
252 81
156 37
16 36
130 227
68 132
165 45
335 6
353 308
138 19
151 216
48 349
4 302
2 33
289 184
324 103
49 265
269 102
59 40
297 84
187 192
339 192
176 266
66 1
202 219
94 70
189 222
259 155
110 30
323 168
220 274
228 23
94 349
26 108
253 45
312 354
89 329
75 209
360 53
54 347
239 23
251 320
285 245
94 19
226 261
201 303
188 73
350 266
248 131
334 131
71 56
229 134
230 238
216 280
53 315
100 100
357 318
329 62
207 145
213 59
231 50
291 207
26 255
126 111
73 136
48 179
149 264
100 165
21 142
283 320
187 247
358 358
333 164
22 180
89 310
35 324
176 82
180 90
147 12
133 286
133 177
2 315
173 159
6 118
198 290
346 225
295 307
247 20
306 302
156 176
99 306
165 306
121 355
239 288
157 237
139 150
354 123
135 135
48 230
206 214
52 42
178 34
248 100
176 214
297 208
240 198
217 186
5 329
335 160
21 309
182 23
96 213
17 80
216 276
250 260
282 261
5 108
187 292
148 306
107 1
54 256
347 167
242 183
4 256
39 313
116 292
83 175
167 8
281 240
293 24
82 295
168 75
308 202
118 339
209 311
347 128
56 43
173 150
238 20
343 180
293 254
105 144
227 6
231 195
143 274
90 199
81 354
236 183
261 136
42 149
198 322
323 360
175 41
316 243
229 13
165 131
167 266
288 206
188 306
79 317
6 158
352 121
262 93
336 55
53 277
122 91
35 163
173 338
2 149
178 186
8 277
241 231
102 199
230 182
343 128
281 310
190 354
228 318
23 193
19 51
352 346
184 68
155 69
244 95
60 142
318 79
310 283
3 345
259 211
156 154
314 249
259 197
241 140
4 205
82 213
267 306
324 9
219 64
307 127
121 221
354 233
178 287
139 57
269 226
39 142
202 245
344 214
355 26
161 119
78 194
1 291
18 137
195 260
310 269
236 297
1 126
254 64
331 114
102 4
357 285
62 35
132 343
230 244
174 113
7 211
13 27
15 65
39 312
6 57
322 279
254 19
82 23
76 166
45 325
257 261
341 183
105 240
89 57
65 275
121 204
148 305
302 314
281 254
164 146
295 225
173 22
114 316
34 300
211 213
5 254
193 263
191 174
5 216
337 175
238 136
267 206
275 46
294 24
246 296
100 256
360 62
350 360
246 145
93 348
152 152
188 232
159 212
80 266
256 188
249 97
77 65
288 108
226 9
76 124
157 261
127 159
24 29
246 92
301 285
327 231
184 329
234 260
79 232
124 305
296 219
9 63
96 317
120 280
299 94
168 190
308 254
3 167
248 314
129 245
223 113
103 321
184 64
265 357
254 12
36 225
115 225
148 267
256 131
143 356
193 268
138 342
246 293
12 92
164 144
276 31
273 273
120 4
206 217
88 29
289 330
89 253
53 101
37 126
241 202
113 136
245 84
96 91
22 354
97 276
155 300
300 93
140 98
353 298
177 16
259 140
205 137
259 265
332 244
127 68
219 299
7 52
319 26
119 12
226 111
101 230
243 18
325 60
49 32
36 304
279 345
111 142
316 145
198 221
304 185
354 60
208 253
82 337
232 114
131 195
40 320
123 238
166 318
95 279
322 318
89 91
254 240
44 313
144 114
17 166
52 164
211 187
160 345
189 186
243 260
22 340
310 7
111 190
199 187
288 321
19 94
182 228
282 187
105 182
86 281
16 223
51 258
36 244
179 210
135 294
343 91
326 192
312 261
357 57
306 137
75 244
92 286
131 318
239 148
110 315
262 29
19 306
154 41
85 120
161 134
187 75
99 88
290 248
323 249
163 101
285 67
36 182
17 161
45 262
284 217
256 330
248 246
219 257
287 211
356 103
166 317
87 69
352 5
100 12
254 221
187 126
105 178
113 355
201 127
42 269
154 162
63 140
292 102
345 89
316 3
164 65
229 5
182 119
290 60
89 113
100 237
53 227
52 8
148 98
163 332
156 50
210 327
215 287
302 174
345 357
224 351
61 189
196 301
294 334
321 125
208 294
185 223
119 312
263 257
14 186
141 40
346 332
345 345
262 161
267 329
170 208
1 265
200 28
289 73
128 236
143 57
71 280
235 64
174 34
335 321
342 111
140 61
194 296
351 3
260 127
234 80
53 201
220 58
357 65
270 170
127 7
232 76
79 223
157 3
250 73
126 348
314 38
110 32
299 349
325 144
90 281
337 237
153 121
38 316
292 183
79 119
2 324
254 326
99 217
276 39
291 127
275 313
104 116
227 230
137 318
137 148
350 232
152 322
80 12
239 31
265 162
216 187
117 324
318 164
250 152
119 334
337 134
325 238
338 65
250 205
112 56
289 309
10 285
346 164
70 83
317 37
184 105
360 151
253 101
275 289
231 199
139 20
271 1
17 182
122 341
105 241
354 42
307 267
42 205
285 241
25 124
11 113
307 41
271 163
89 23
170 83
247 249
217 244
225 326
93 255
319 357
65 134
286 6
200 30
140 44
63 115
179 132
127 162
128 163
225 213
312 359
257 278
89 269
344 270
286 114
151 150
185 130
221 76
170 13
239 234
316 147
171 106
292 210
2 271
216 321
98 276
230 153
250 291
332 177
326 333
252 346
81 30
315 193
308 313
154 108
192 74
301 302
264 312
144 83
234 93
216 357
262 311
97 154
243 118
51 21
205 6
206 255
342 261
351 246
128 143
29 328
328 246
245 278
48 356
261 317
5 189
21 192
196 206
299 72
220 288
200 277
313 238
200 38
238 103
151 291
73 30
188 75
173 281
241 201
56 221
356 75
104 102
29 11
224 80
197 265
297 206
255 103
248 290
56 65
359 237
269 247
33 26
351 200
305 117
234 134
314 96
287 29
105 75
212 9
232 62
55 209
223 70
43 5
74 287
299 299
74 132
82 27
144 337
68 205
177 190
149 167
37 233
197 75
174 66
317 214
103 35
304 28
43 245
91 254
165 5
267 178
81 3
49 101
9 357
240 178
155 127
256 316
25 315
134 114
216 250
14 82
350 75
121 26
299 149
158 292
155 324
316 93
155 296
69 206
320 270
360 190
241 214
41 353
331 124
6 146
51 58
268 145
21 337
19 293
113 67
188 340
32 215
341 267
54 277
293 302
142 324
129 229
324 57
238 138
325 296
133 359
314 171
224 70
251 54
121 82
327 231
6 214
27 267
245 294
224 237
140 13
315 275
311 266
258 331
192 288
11 291
55 340
245 27
354 333
188 248
325 13
252 285
105 190
25 243
304 41
56 25
150 21
219 14
310 190
270 22
256 162
59 56
348 353
199 308
34 208
240 84
300 97
280 333
182 110
258 261
143 356
249 95
14 79
164 35
195 229
342 186
272 350
166 115
317 42
141 163
67 15
291 256
286 163
209 300
324 7
278 38
43 304
43 287
129 303
13 301
50 94
170 310
34 79
257 252
175 117
301 242
339 93
168 344
259 5
13 238
225 336
256 239
213 95
351 111
193 36
96 98
356 259
94 165
232 7
138 238
196 188
203 126
195 133
155 44
231 327
196 183
170 114
311 50
201 163
254 229
94 35
228 215
70 281
246 160
315 119
262 195
351 98
329 282
218 92
101 195
103 9
244 95
61 306
360 215
323 255
178 186
224 331
13 357
240 239
143 282
3 116
318 91
172 350
288 125
51 264
297 42
294 90
300 129
211 205
91 78
256 72
292 208
191 157
84 55
189 75
102 272
3 219
156 349
247 243
185 1
127 62
164 148
72 268
193 172
118 202
246 124
18 223
97 98
306 221
3 162
126 125
94 256
1 350
276 245
242 109
15 126
329 235
242 28
199 129
3 133
157 14
119 221
263 25
83 252
272 28
277 94
103 203
18 42
343 182
93 139
70 302
147 108
206 280
312 73
289 306
162 27
145 64
153 321
290 37
259 258
238 135
105 17
74 353
42 276
224 131
308 248
151 158
230 77
65 317
85 19
5 237
278 157
95 195
311 48
77 264
21 294
249 306
224 128
173 10
34 261
291 302
115 80
83 96
253 53
72 164
274 93
248 42
160 61
228 244
176 329
310 95
56 120
344 7
223 129
151 44
54 94
120 244
348 263
157 257
19 52
239 44
208 293
156 355
178 105
189 168
212 85
106 322
201 11
330 194
298 206
165 149
220 317
162 79
337 351
110 162
149 140
293 54
154 248
174 21
246 342
132 276
301 45
176 284
129 194
14 297
20 249
214 334
285 36
80 23
160 184
327 141
243 187
233 73
144 232
330 191
51 45
275 101
176 277
34 164
302 229
288 332
270 350
220 164
323 328
285 40
96 238
219 211
320 30
158 217
190 204
269 299
358 306
99 151
337 2
67 235
317 197
7 139
228 258
93 227
159 147
198 130
181 274
80 28
61 278
201 165
111 286
120 130
332 357
187 297
343 228
258 203
44 285
220 266
203 204
150 183
347 257
64 60
252 36
345 138
318 323
166 312
180 6
74 323
262 343
307 28
201 255
353 60
10 41
307 38
114 18
93 161
100 138
115 53
205 283
68 289
190 38
155 105
158 109
263 304
97 293
104 200
254 346
308 240
75 328
77 207
236 307
353 262
11 128
34 201
62 342
42 75
292 268
215 318
64 283
162 324
41 11
343 70
251 137
133 12
261 260
127 83
314 210
284 353
115 352
160 314
150 78
95 133
266 325
247 306
185 160
117 103
216 168
249 344
115 63
225 261
289 192
121 132
127 108
90 116
3 110
256 183
52 171
136 316
318 158
318 178
65 31
262 28
36 202
249 149
246 138
351 186
143 99
138 293
359 115
180 340
337 320
359 134
121 294
8 138
2 70
218 278
204 8
13 188
162 65
74 83
330 237
272 219
161 221
102 109
353 303
9 210
344 61
182 274
45 152
323 120
233 5
144 296
240 195
141 266
200 12
153 259
76 78
152 288
141 272
265 159
286 140
156 33
339 140
193 203
100 50
326 69
165 150
217 291
219 159
344 328
322 107
26 70
60 325
297 33
146 234
268 14
288 175
303 299
128 160
302 71
9 147
124 86
117 286
106 313
3 255
39 255
303 17
115 253
132 57
339 253
5 310
13 228
257 193
41 266
233 238
263 61
100 233
56 245
246 327
71 237
199 259
317 244
158 32
64 25
237 149
359 23
201 358
313 252
282 196
360 358
9 75
55 239
94 236
281 262
289 180
245 274
117 224
298 273
347 325
236 100
147 220
215 47
203 211
196 2
309 357
14 104
28 299
190 174
122 93
89 82
131 162
159 328
97 15
186 22
143 43
70 344
105 18
28 203
52 106
360 251
157 60
253 76
291 256
116 132
103 148
347 327
61 218
128 229
60 89
56 67
64 25
278 349
104 254
298 23
315 130
251 246
109 295
222 160
17 339
121 351
150 252
182 100
166 85
267 119
261 254
11 110
237 312
192 51
184 195
233 229
276 30
182 344
111 256
110 132
260 327
189 352
84 90
235 174
165 115
312 262
159 96
105 158
70 92
252 296
90 287
336 38
205 329
109 354
182 187
19 75
177 113
305 228
244 5
156 18
291 96
7 111
100 130
333 69
251 310
339 218
274 257
179 104
247 83
31 184
178 215
269 243
77 276
241 1
126 321
228 137
5 184
123 136
82 348
346 117
63 134
248 314
331 185
112 260
188 101
282 182
21 107
182 214
61 282
270 170
144 229
88 14
211 70
247 103
168 118
206 226
246 105
223 274
122 156
140 259
275 281
294 359
326 254
316 84
106 80
3 5
9 298
67 234
45 21
213 249
40 307
296 168
67 110
78 220
303 136
29 61
331 194
152 262
27 249
195 246
103 64
355 308
42 325
19 351
43 324
358 170
316 40
49 109
45 93
136 189
36 351
187 204
68 16
54 262
123 219
211 346
131 254
101 317
49 270
112 24
243 110
329 262
222 300
249 314
41 340
37 191
72 24
70 204
51 176
120 55
27 60
139 150
347 306
52 156
139 194
350 190
58 355
84 32
34 321
63 28
32 68
322 169
129 4
170 32
130 5
44 198
161 14
354 357
86 44
232 26
290 293
50 77
116 47
162 100
170 27
294 27
31 295
351 296
195 198
199 18
172 215
292 202
315 179
45 118
307 222
98 210
90 261
328 271
44 246
172 157
269 301
33 316
166 102
338 351
185 155
22 265
35 261
314 62
337 332
239 354
248 125
331 92
159 104
314 149
349 71
3 257
62 331
200 250
302 225
293 167
186 333
250 121
219 195
287 55
321 339
301 165
354 30
233 257
101 14
310 85
356 141
303 216
11 96
124 181
156 28
17 317
205 303
127 165
254 46
37 41
46 304
192 163
95 348
65 124
169 58
219 225
128 356
5 65
233 358
15 307
132 34
74 334
325 323
34 320
194 30
16 61
337 151
175 121
166 108
213 300
237 180
53 153
58 123
118 205
214 12
5 284
226 344
80 30
317 119
351 187
163 18
183 114
119 275
155 68
94 298
311 37
173 3
88 47
168 218
277 260
82 283
74 329
45 200
356 78
308 343
151 146
247 47
197 34
51 159
135 172
222 217
106 136
262 355
219 35
47 325
343 313
237 26
111 322
131 344
119 330
125 185
316 120
44 290
26 172
165 177
143 333
226 230
103 238
71 15
86 76
34 250
106 45
235 87
58 133
257 88
352 73
105 108
227 221
239 161
238 74
9 22
117 57
275 216
204 169
247 165
48 345
167 357
72 146
80 162
288 221
153 233
83 316
15 187
104 245
84 249
98 268
357 76
3 4
79 169
244 168
100 39
41 335
242 252
353 165
279 241
289 1
252 88
216 79
12 204
330 254
51 291
229 100
231 157
356 105
76 180
237 269
241 110
156 298
60 336
140 93
305 226
252 69
88 129
239 236
354 249
152 27
90 15
211 317
68 272
205 8
142 89
12 249
278 327
232 240
103 278
284 111
36 186
76 223
211 222
96 66
228 268
240 79
211 247
195 350
29 87
203 355
253 106
21 257
47 200
252 186
18 225
46 309
317 108
141 207
140 95
27 98
93 201
227 216
134 86
9 78
174 198
324 182
238 273
169 271
139 87
190 217
203 7
181 238
261 241
22 344
115 279
259 355
153 109
288 139
145 181
314 73
227 201
19 308
98 72
201 145
326 301
183 270
286 257
232 47
297 101
223 351
16 209
20 55
210 132
191 91
217 73
26 72
119 231
300 174
117 224
232 22
84 172
17 9
181 236
235 186
36 38
313 274
240 188
18 163
59 21
2 138
300 298
236 306
276 97
333 354
63 158
271 193
280 234
125 239
180 187
50 130
345 317
299 51
90 55
22 329
315 302
354 315
199 272
179 151
133 139
95 125
203 143
47 39
256 120
353 93
1 195
39 239
225 32
355 18
316 245
117 68
136 17
126 269
49 262
17 190
97 116
81 291
287 14
180 168
341 270
280 264
336 203
268 35
32 11
61 156
264 57
58 307
9 186
25 59
171 349
190 182
337 97
253 91
174 349
202 166
84 294
54 121
139 92
291 222
341 227
144 326
262 24
11 64
186 74
130 157
33 349
278 100
135 360
346 175
35 190
290 155
344 76
161 175
164 169
111 141
305 296
283 149
33 46
21 283
122 189
147 10
303 161
262 110
97 314
294 30
200 216
17 43
291 257
262 27
273 297
70 328
239 112
136 38
104 358
87 194
2 55
197 6
303 51
161 106
295 318
120 143
90 2
114 355
189 274
207 294
110 286
226 328
285 196
160 24
19 180
166 252
320 108
141 42
28 352
242 132
209 143
339 102
280 205
268 251
192 310
43 58
290 338
110 213
25 134
286 148
146 168
13 146
182 170
195 346
271 165
45 11
332 300
136 97
90 349
80 275
79 79
20 187
127 96
280 32
294 237
289 26
94 277
166 219
348 267
280 266
91 27
254 107
155 94
338 198
196 94
70 296
359 254
97 52
231 116
28 121
329 54
156 195
121 337
232 1
121 177
22 82
197 304
34 312
188 217
156 328
321 185
81 247
355 248
106 179
34 79
337 39
266 148
36 218
262 337
285 226
154 108
79 133
30 357
89 126
244 160
351 83
263 248
358 191
33 119
176 309
322 20
180 76
183 184
127 182
225 274
54 312
274 24
291 177
130 191
200 270
93 327
116 118
65 70
15 258
316 355
236 22
118 356
127 115
208 157
258 37
149 27
212 293
178 286
187 229
324 73
280 302
271 61
179 291
178 75
80 196
49 234
75 244
292 11
98 193
233 170
95 259
272 64
221 29
105 153
90 191
338 214
252 90
55 197
164 187
180 212
333 6
32 184
223 223
230 67
286 190
169 104
238 11
208 153
238 130
87 3
290 312
195 43
157 313
187 328
219 5
334 214
126 31
4 48
141 94
206 332
76 187
203 282
327 83
227 114
138 317
81 101
316 100
225 279
174 1
67 169
103 220
150 67
50 128
60 117
327 55
235 3
238 253
55 70
289 274
166 10
125 246
260 255
111 109
132 164
312 336
180 35
204 191
335 123
335 175
178 58
62 46
177 51
282 81
298 319
121 272
158 47
317 45
31 198
115 32
100 132
136 176
161 242
98 7
200 352
238 151
15 150
5 263
94 162
299 83
182 319
74 267
233 260
29 105
246 319
235 53
351 334
360 249
319 136
349 285
88 326
220 206
25 105
81 182
198 62
134 168
47 155
257 357
46 169
64 65
149 301
156 118
150 256
103 166
222 221
260 108
240 173
78 30
218 253
246 308
103 18
14 92
262 130
211 250
194 196
127 184
126 109
67 303
339 1
194 101
41 82
146 31
256 314
72 42
226 179
88 28
166 126
45 220
299 220
87 121
124 115
233 96
81 92
237 289
26 238
296 138
133 181
56 221
266 262
15 21
315 137
131 359
136 129
132 320
148 204
204 309
191 138
313 171
28 330
95 290
294 353
276 334
321 81
258 321
139 142
222 101
358 88
284 134
208 158
271 261
334 299
285 280
347 215
295 321
290 50
242 296
159 195
317 203
84 333
4 335
185 7
123 98
331 65
71 81
279 46
181 253
280 89
326 98
345 39
203 338
270 346
101 209
355 176
144 50
243 50
200 54
221 271
197 46
215 238
209 46
278 191
120 234
39 58
218 184
84 219
252 221
234 139
190 4
120 196
22 293
134 252
323 182
276 359
222 360
16 276
154 301
252 31
84 254
112 104
303 311
131 353
137 30
270 292
298 238
356 65
321 134
126 22
320 276
2 312
133 225
270 20
165 318
162 351
242 168
332 270
128 150
268 257
200 40
122 11
205 30
59 298
337 324
243 290
358 279
16 180
148 131
264 267
188 301
231 72
353 159
212 305
345 341
86 224
269 120
269 175
30 285
29 105
1 86
175 264
235 141
271 13
117 347
93 341
268 269
213 79
297 353
213 61
260 36
38 93
109 341
359 250
194 42
250 309
75 273
157 342
159 130
24 257
294 321
76 294
13 260
315 255
280 124
35 16
251 218
312 163
303 292
178 226
140 39
197 117
170 282
277 303
17 203
350 288
247 92
171 67
290 14
313 327
327 160
271 301
259 196
54 222
203 329
190 25
355 324
206 220
199 303
260 108
187 161
220 341
240 200
326 92
359 79
321 121
357 132
80 275
84 120
146 28
269 43
349 67
240 265
314 351
295 293
80 145
113 172
139 39
216 89
39 251
189 268
106 201
23 84
14 64
247 189
55 320
352 326
2 311
257 74
239 324
290 57
243 50
296 78
354 272
284 64
95 64
154 77
339 236
54 209
51 356
191 185
325 299
256 95
60 158
269 117
121 310
50 239
287 140
96 303
355 313
84 82
276 246
335 340
9 178
224 108
117 108
72 330
168 95
99 188
42 101
7 347
246 254
26 327
173 123
178 127
305 51
172 54
35 129
17 238
96 135
288 326
281 117
125 216
182 341
129 5
155 329
60 309
331 72
297 23
10 132
107 141
32 175
65 10
121 61
339 37
299 141
69 300
227 188
102 104
174 185
296 254
278 56
237 45
155 17
308 129
51 142
77 254
78 264
352 97
301 348
244 90
281 142
28 43
227 310
235 348
350 331
253 140
7 91
328 173
221 144
333 284
20 282
59 160
25 230
207 95
302 95
204 231
51 249
262 153
291 307
253 114
146 290
27 222
255 314
49 129
319 296
177 256
343 341
86 127
268 168
242 321
60 101
232 190
19 32
1 269
196 90
276 96
169 329
90 324
269 112
167 207
209 126
359 327
341 358
302 137
188 119
227 205
11 71
311 122
106 70
155 128
286 357
338 55
70 293
79 119
198 324
64 259
163 290
13 356
28 78
283 138
11 257
73 99
12 48
330 218
281 160
147 36
106 150
164 210
107 91
17 278
79 247
303 298
172 82
210 131
250 17
310 293
102 305
75 326
35 93
52 61
49 28
301 214
282 346
141 345
12 133
158 26
139 238
307 102
351 301
281 22
210 67
156 260
238 209
352 149
323 39
161 289
248 66
233 323
307 104
120 148
255 104
169 143
114 329
138 240
269 14
6 286
41 153
305 178
279 214
20 167
83 75
167 167
217 352
257 133
4 301
21 98
83 328
230 87
357 147
61 91
205 134
46 233
65 14
359 143
360 310
4 195
223 256
46 61
264 217
1 275
55 91
282 248
227 223
105 167
58 34
6 254
182 175
100 102
263 345
208 53
274 339
305 102
271 133
33 307
35 12
166 139
228 284
296 73
167 94
309 121
145 266
257 326
322 241
118 138
8 323
12 91
286 23
47 11
224 17
228 55
317 61
104 301
289 315
130 325
58 279
219 53
23 168
83 117
82 339
339 15
117 309
252 186
40 327
295 248
267 119
332 360
16 168
272 312
46 268
259 62
116 56
81 112
352 253
5 263
8 64
146 252
20 326
51 161
357 274
296 153
32 150
288 18
67 206
99 236
247 4
311 37
67 325
193 61
194 40
267 248
342 272
223 261
261 268
284 258
244 54
339 278
57 275
181 2
251 125
247 272
84 107
360 226
330 38
119 121
14 13
48 168
351 62
189 268
135 144
110 281
349 28
275 344
180 189
35 95
337 332
280 13
342 196
247 214
140 349
99 310
354 337
31 232
181 165
226 201
353 117
126 34
283 41
241 134
16 209
352 6
283 185
120 55
128 127
215 340
158 149
306 241
27 192
327 228
112 255
315 349
173 194
83 172
270 141
73 294
173 265
182 300
244 186
256 5
149 20
221 275
285 321
331 333
296 348
263 103
179 247
39 175
47 3
41 271
100 332
212 65
58 353
131 335
197 192
78 159
75 4
246 46
154 141
161 79
330 158
136 318
22 281
263 89
73 107
5 222
117 49
127 173
20 316
309 65
165 61
313 18
65 348
74 334
229 281
270 136
244 88
62 229
77 165
82 256
314 122
224 133
17 187
332 356
318 263
112 254
230 258
211 291
38 126
313 141
14 234
91 17
234 104
181 335
227 130
99 139
172 40
61 249
264 343
336 95
189 172
182 95
32 216
66 165
314 275
282 71
43 253
10 207
12 78
20 350
291 238
32 295
74 134
87 120
88 65
266 28
123 359
270 221
35 315
331 253
17 45
97 37
295 94
321 250
23 328
169 302
65 267
338 146
72 142
143 211
17 169
252 12
259 286
12 105
246 198
341 178
297 189
65 239
351 137
271 50
105 34
336 65
250 171
251 94
174 270
158 139
114 100
273 133
172 163
40 184
185 321
55 159
223 85
160 67
25 352
74 287
330 269
205 162
22 16
267 195
265 359
295 257
322 14
1 110
299 177
13 38
12 92
295 83
119 147
136 208
59 105
22 72
321 301
108 36
334 230
115 152
164 141
178 159
220 299
260 182
263 299
235 113
254 193
208 170
342 238
13 161
78 175
154 66
22 234
325 153
259 205
66 134
236 207
296 71
139 96
87 171
13 176
231 102
186 1
131 44
4 135
59 90
132 97
30 318
214 149
235 314
163 50
334 180
122 134
56 208
322 131
12 294
211 128
242 100
41 47
253 294
119 49
220 21
19 309
232 149
317 133
108 311
239 270
113 229
102 149
156 325
157 334
45 3
40 262
83 76
349 20
309 197
116 214
287 337
14 128
150 151
45 158
160 202
259 339
254 305
281 279
176 17
160 323
32 156
77 354
131 340
51 150
161 259
269 79
279 238
204 173
167 132
159 265
281 297
135 203
146 250
227 96
242 299
105 160
23 87
170 146
165 319
128 46
295 259
301 218
355 48
16 302
66 318
182 228
71 35
346 277
132 123
40 79
72 214
19 209
359 308
342 12
193 68
103 248
197 84
341 69
141 345
114 281
254 154
192 205
286 67
246 130
105 352
326 128
319 212
124 204
17 344
293 58
285 138
12 244
108 97
347 241
213 199
15 36
223 78
180 345
272 162
283 303
308 91
17 210
313 222
136 180
320 219
188 250
184 82
95 156
176 59
35 289
7 48
142 254
226 289
141 90
343 309
234 349
247 122
330 116
253 342
280 248
21 137
310 244
302 292
223 308
140 219
169 278
300 135
170 354
77 274
342 117
212 318
54 194
129 131
269 135
79 150
37 351
176 236
96 228
340 186
51 111
11 236
80 354
44 314
189 336
2 105
120 157
159 76
222 53
213 110
338 295
313 277
24 299
62 208
112 175
232 168
119 327
304 213
113 14
194 300
32 85
48 103
310 265
99 99
266 278
238 294
227 168
91 51
242 222
233 278
2 25
226 339
45 122
76 293
348 309
134 358
198 282
125 212
101 51
41 27
343 89
290 345
291 246
224 333
124 121
349 350
18 347
230 338
292 219
205 101
32 352
52 13
211 157
331 98
345 59
285 33
176 272
254 274
134 169
2 215
49 43
34 97
20 303
217 310
65 354
59 127
73 201
22 43
24 28
62 67
352 106
228 276
12 244
86 144
216 309
326 310
352 81
177 334
178 349
259 21
348 219
9 93
132 2
41 181
33 240
33 56
44 216
28 12
72 337
240 232
30 239
114 157
93 266
52 80
203 27
220 177
73 280
92 291
177 232
120 37
217 59
119 113
136 189
330 124
114 271
85 292
119 76
145 244
255 335
251 215
307 3
229 310
282 271
231 22
284 345
66 97
49 298
174 186
59 5
349 356
178 166
158 143
326 130
118 162
164 42
76 185
116 201
349 33
70 119
235 282
107 48
185 226
169 288
324 88
338 303
200 243
248 333
160 355
131 277
36 182
285 332
71 274
60 89
272 344
231 319
331 86
270 149
226 271
154 168
112 199
258 200
289 273
123 329
360 344
129 229
69 325
93 180
96 76
334 258
279 258
106 224
218 123
241 176
3 65
159 192
53 293
187 299
297 243
184 41
66 12
215 219
172 73
168 146
114 82
194 296
16 350
244 285
341 96
160 52
35 291
338 318
210 130
157 259
316 143
337 267
121 155
137 281
346 40
260 196
23 109
286 25
237 284
71 128
297 338
297 274
201 202
91 76
210 262
248 203
28 142
229 207
143 46
169 109
261 319
26 250
321 348
26 44
154 359
129 240
157 42
176 70
360 231
147 62
288 296
297 290
294 318
59 348
60 261
330 255
16 315
230 64
290 195
11 221
32 300
161 98
144 35
234 142
85 118
276 307
329 35
272 280
131 329
262 229
228 93
64 77
81 121
62 275
34 260
106 24
248 281
250 15
314 85
66 345
230 20
299 309
273 11
144 44
302 212
59 281
114 83
177 256
35 262
77 296
27 63
142 212
156 100
287 304
268 276
310 23
286 232
77 44
316 267
341 95
283 233
344 103
118 89
332 337
147 272
345 140
264 190
318 255
355 193
357 85
350 145
119 113
300 235
180 259
323 334
117 350
312 118
27 153
166 278
197 87
188 217
132 253
351 31
312 150
251 349
324 83
328 299
50 72
208 200
113 152
278 264
171 46
275 206
37 84
341 137
324 313
193 40
251 43
94 360
272 84
208 5
14 19
35 331
41 219
211 7
36 31
193 269
192 199
108 83
224 78
96 12
49 189
219 120
318 282
296 80
55 327
257 263
267 294
114 164
59 59
86 287
352 258
44 293
290 343
244 207
180 137
144 156
281 301
21 167
75 292
150 107
68 187
315 72
22 185
18 294
164 37
3 156
51 328
206 31
202 295
40 180
206 195
217 220
171 216
282 133
155 335
37 92
111 57
68 267
267 173
188 188
310 53
23 8
150 322
333 159
132 314
135 82
74 129
206 187
308 149
190 25
273 358
267 72
68 198
141 318
110 323
305 308
38 116
254 262
12 233
225 299
13 149
263 158
36 321
186 135
313 106
146 267
206 241
307 184
304 34
190 266
161 232
336 58
133 310
335 15
188 327
216 13
87 95
196 290
201 309
24 27
190 104
18 317
258 30
118 216
82 240
280 147
180 88
265 232
257 73
168 339
273 262
1 165
254 12
61 20
26 76
169 247
6 316
285 242
90 160
198 218
330 308
187 333
142 127
16 283
162 350
93 210
346 192
99 244
108 339
192 36
72 236
284 22
163 150
279 27
167 193
27 3
148 241
145 259
28 257
295 360
346 192
155 182
9 102
353 18
111 50
319 59
126 147
41 97
141 158
259 307
319 174
79 109
287 173
122 87
322 185
26 140
283 328
175 230
282 262
302 260
131 228
39 73
53 84
94 279
254 247
82 5
174 198
319 222
297 170
88 201
195 29
106 77
302 187
229 280
18 272
287 327
148 3
259 117
82 207
345 113
216 97
268 120
268 13
138 334
3 199
143 297
121 156
208 149
74 27
19 298
285 108
164 161
69 310
325 211
104 272
299 355
185 35
271 289
131 181
46 92
224 86
88 173
302 167
359 142
147 238
220 231
156 305
66 144
126 207
286 184
342 111
36 128
74 325
282 63
301 33
232 299
208 79
259 351
303 78
1 272
148 217
299 166
323 243
177 50
346 49
327 260
344 351
117 211
326 335
313 112
327 248
281 139
254 41
13 37
270 323
285 211
63 134
297 243
126 92
22 341
258 30
326 229
267 40
337 342
53 86
104 309
37 262
143 309
62 67
300 127
7 100
123 170
196 169
333 90
65 140
317 181
217 10
256 251
59 308
93 128
229 258
247 281
28 185
319 205
245 159
165 19
56 318
35 19
226 142
167 170
153 58
329 49
142 177
175 180
333 60
105 190
244 169
247 194
291 114
287 319
71 22
67 310
291 18
238 114
184 216
40 128
282 104
11 115
132 208
79 237
349 328
314 183
164 245
267 202
208 191
102 164
129 286
167 111
335 238
173 354
281 84
82 46
160 261
68 341
318 237
34 125
191 331
345 325
118 298
150 166
287 324
1 43
200 269
121 108
294 201
132 143
287 223
200 192
321 226
64 360
269 290
343 15
128 284
104 284
220 341
302 323
118 352
197 130
322 39
326 223
293 247
240 306
217 61
337 129
106 74
167 241
61 70
56 325
237 89
322 114
336 324
273 19
282 157
105 106
186 330
276 204
238 63
8 147
251 212
96 107
146 296
166 82
302 138
64 135
218 300
275 177
287 281
222 107
358 74
114 113
129 40
120 295
194 303
281 274
202 93
326 246
97 240
211 36
329 261
150 112
224 120
307 156
117 108
360 89
51 357
300 110
56 141
32 56
145 273
220 31
237 269
109 273
22 119
177 6
205 163
296 101
292 46
85 196
61 280
175 76
358 192
199 332
2 296
106 177
273 189
247 267
315 10
296 17
116 37
146 199
26 168
360 92
12 263
100 148
163 88
331 142
203 284
56 64
12 80
58 219
169 330
88 243
34 93
336 333
7 264
183 274
44 271
176 304
333 233
74 142
96 124
251 110
185 118
37 105
22 143
182 342
186 96
321 299
147 82
318 157
103 331
76 356
270 291
182 311
39 312
86 117
248 213
313 274
202 114
220 22
276 226
190 344
270 230
280 86
192 53
87 209
186 240
128 331
90 358
198 356
247 325
305 242
175 133
168 180
355 123
141 237
34 248
187 252
264 151
262 333
298 200
254 298
55 176
6 18
343 11
40 273
291 284
46 52
255 69
147 227
173 149
89 333
345 117
85 11
36 287
32 307
295 209
285 257
45 34
67 214
288 69
196 319
135 16
307 329
358 99
259 203
203 255
290 203
297 171
237 98
74 188
159 339
191 205
185 108
110 115
160 314
21 10
249 46
359 56
220 333
279 206
306 288
146 135
62 349
231 92
3 273
100 270
272 211
168 153
329 38
301 26
188 74
225 118
76 89
195 298
174 66
336 40
75 221
38 43
198 331
117 157
299 179
241 45
163 15
219 15
325 31
249 33
84 341
45 335
56 12
195 185
238 168
271 178
173 218
334 357
283 22
14 199
96 103
193 208
163 102
51 275
130 346
252 71
296 330
215 276
350 171
298 339
266 59
88 294
232 11
64 166
133 191
120 354
76 221
322 112
253 142
53 261
290 44
120 109
198 72
144 152
23 252
75 250
25 233
201 57
240 97
44 20
209 166
186 298
337 170
358 346
81 240
327 273
222 33
138 271
287 326
89 263
301 200
54 189
309 318
81 129
77 305
301 206
12 231
128 114
26 50
30 36
225 344
4 28
204 114
3 268
195 37
327 253
165 166
23 355
296 56
123 193
131 176
117 308
87 330
131 192
37 196
44 75
211 248
218 199
195 53
194 194
94 194
206 15
258 44
319 354
35 247
69 261
338 190
161 79
192 353
280 216
330 270
37 264
326 315
323 126
148 92
77 78
132 29
116 20
170 60
8 106
152 267
225 182
284 290
62 312
323 309
30 198
245 10
349 214
211 139
350 24
49 120
120 359
251 313
269 136
177 236
295 54
288 104
121 139
235 36
23 193
76 80
268 199
250 26
142 131
282 211
280 312
9 65
262 29
166 288
358 136
278 154
346 244
3 42
43 18
167 57
221 79
79 311
128 189
141 273
74 134
125 313
168 344
206 349
42 124
325 151
344 308
240 32
282 184
286 337
281 202
346 134
189 69
235 124
17 260
236 264
62 14
291 249
251 224
77 279
95 108
221 50
258 40
205 289
169 10
55 146
348 128
248 247
39 257
281 285
296 237
338 171
330 283
205 191
323 226
60 273
49 92
297 184
3 298
295 166
152 256
345 37
218 20
142 207
99 359
257 70
112 340
1 230
234 292
272 290
94 329
232 116
354 346
168 175
293 238
348 170
43 93
164 11
285 109
4 109
217 157
132 18
148 110
59 131
77 294
255 82
65 345
360 65
155 157
79 170
102 257
330 115
273 63
360 39
297 162
305 78
98 300
292 337
42 334
342 241
4 270
24 165
261 147
340 242
166 71
43 112
280 293
195 116
27 14
97 357
149 293
166 214
266 176
14 78
324 347
125 179
122 343
85 292
142 275
71 157
268 245
124 163
118 298
319 168
301 282
202 353
257 190
254 9
170 198
307 330
199 113
252 60
293 110
234 126
328 334
1 118
157 139
39 47
58 107
25 205
360 337
93 110
232 273
21 144
46 248
150 125
299 96
111 16
39 145
59 82
16 221
134 187
164 327
141 15
209 322
152 49
278 100
14 123
135 256
297 279
174 100
194 37
331 15
192 68
355 197
110 84
106 258
13 154
83 85
106 26
16 299
97 328
325 348
107 209
224 2
59 143
341 9
231 110
236 189
207 112
296 119
88 297
224 234
359 355
243 173
247 354
196 19
232 145
331 115
107 39
52 157
52 179
301 303
343 221
132 271
231 341
293 202
78 61
301 136
149 68
108 44
284 166
197 351
314 183
243 155
74 106
147 282
176 207
299 246
257 6
324 305
144 221
252 273
354 347
68 348
240 223
37 110
164 42
156 88
128 245
306 223
346 91
172 119
166 282
233 172
195 331
252 39
262 163
38 348
77 332
285 196
277 36
345 308
29 339
144 136
253 102
253 285
72 338
73 324
95 351
147 33
116 77
45 274
263 336
305 254
298 231
348 268
206 214
354 316
249 259
256 229
89 54
213 272
314 256
36 176
245 36
41 200
289 345
338 138
175 15
184 97
237 61
38 327
274 255
33 133
321 141
305 80
11 48
195 341
74 328
277 273
282 206
25 84
123 344
351 308
245 326
122 75
279 218
238 177
86 313
67 125
25 218
335 50
177 342
70 12
169 58
206 166
194 342
155 24
22 32
266 254
36 34
199 131
198 256
225 128
327 7
163 146
77 54
323 272
287 252
295 342
17 171
47 304
132 79
237 353
287 208
298 102
70 191
125 164
132 232
349 50
354 311
119 205
186 85
247 169
164 318
152 129
48 252
252 164
155 349
343 58
22 167
25 8
92 158
164 181
221 115
286 178
44 229
183 173
324 171
179 143
314 354
184 74
322 69
234 111
60 37
176 103
188 229
54 215
69 253
56 126
268 301
98 186
354 217
285 286
69 7
208 334
30 54
52 21
45 201
227 10
342 197
112 232
182 13
53 58
251 74
157 183
58 132
124 227
143 232
348 87
162 106
240 317
81 99
211 251
216 346
115 286
99 189
222 165
248 256
158 25
226 227
121 295
98 272
34 129
73 23
170 193
108 54
234 341
76 298
315 195
240 220
202 232
244 68
234 117
198 167
325 287
308 214
29 231
242 143
344 167
72 86
179 204
34 165
278 229
222 269
215 89
343 15
58 199
233 360
147 4
202 340
229 35
313 32
73 85
112 329
234 123
263 317
217 176
240 209
160 186
323 76
92 110
219 210
245 136
62 217
78 327
190 325
228 261
29 68
75 303
308 261
110 350
261 123
316 164
106 43
321 114
346 359
296 15
350 5
93 143
37 144
315 12
199 240
333 155
17 245
223 136
111 225
204 139
40 138
345 24
119 142
260 15
19 91
11 130
205 237
312 184
152 145
54 265
314 197
79 244
175 231
2 194
164 289
333 108
241 304
342 57
190 187
26 92
210 87
58 102
151 29
355 102
69 131
210 250
46 178
18 112
357 262
190 109
84 44
340 351
199 202
20 163
164 13
136 64
349 55
256 254
1 228
101 219
83 3
135 70
44 292
62 264
75 209
160 133
339 147
226 44
34 101
213 232
39 282
211 81
112 212
72 323
35 116
60 323
129 137
197 330
201 230
297 110
347 97
353 18
332 207
204 169
242 94
186 182
345 305
74 70
257 226
92 282
61 64
275 205
287 124
282 5
106 328
235 263
125 53
209 48
360 200
52 298
81 161
254 34
147 81
352 70
101 93
146 56
265 7
329 109
105 156
244 184
309 168
250 208
186 199
53 17
129 244
286 131
111 75
245 210
36 335
311 105
246 151
20 73
164 333
321 280
63 151
8 60
327 336
172 81
117 59
316 205
170 315
1 104
136 7
70 353
65 331
82 144
111 114
16 199
249 137
208 163
202 243
253 277
342 291
217 148
30 356
210 200
63 16
52 289
161 281
99 198
125 107
274 216
199 124
48 163
113 290
265 346
239 283
128 268
193 123
75 258
265 60
157 200
17 121
345 258
329 11
60 87
250 77
255 63
93 354
305 287
319 116
64 148
158 360
173 145
294 260
58 163
48 255
256 102
295 291
138 119
36 245
322 173
123 165
132 300
309 98
98 30
271 149
258 96
255 132
39 272
240 158
337 22
178 155
310 321
150 149
53 231
148 286
153 353
299 348
120 333
271 333
37 175
251 97
332 266
266 147
216 168
181 140
60 39
333 349
169 291
155 233
314 239
281 6
339 150
57 181
168 70
88 261
22 149
155 102
43 320
75 111
170 358
106 124
217 100
278 22
22 233
240 244
67 115
195 360
235 303
74 102
38 210
254 172
353 7
119 103
248 60
150 214
111 141
323 40
14 66
309 52
16 12
275 14
11 81
350 34
105 281
44 112
271 54
246 311
32 49
196 341
45 182
192 189
53 308
131 352
261 315
271 80
125 99
107 249
102 314
358 231
1 102
198 6
219 173
41 304
140 60
341 30
297 62
291 321
221 203
288 191
126 220
190 298
51 133
8 257
113 134
322 134
109 214
302 199
108 343
83 180
225 179
144 276
335 13
211 183
259 283
358 157
171 315
98 142
282 125
81 252
290 215
227 298
189 27
250 113
161 175
243 130
179 298
5 111
192 304
86 87
2 110
12 40
21 55
211 215
189 275
179 266
299 83
107 78
58 355
262 85
63 153
282 181
330 313
255 133
10 78
22 310
274 270
329 164
178 118
70 38
239 272
307 342
188 265
309 145
164 168
271 19
196 1
68 305
33 262
175 268
3 207
317 8
158 330
269 101
114 212
23 100
354 212
345 6
281 251
102 347
81 304
51 133
349 170
211 257
344 135
355 121
299 86
294 348
279 176
76 206
81 28
131 266
96 47
182 126
357 11
189 6
33 255
213 253
74 230
255 286
181 337
162 17
305 27
212 343
12 42
113 31
290 125
26 330
343 299
258 223
20 195
229 167
18 64
70 151
204 273
139 204
212 21
255 18
181 131
173 21
63 222
234 166
299 314
118 69
18 246
237 342
217 82
357 95
123 140
190 304
237 154
323 53
107 199
176 331
189 18
233 26
236 173
135 100
210 29
164 143
188 313
158 63
105 64
95 109
3 148
306 72
324 158
27 217
235 80
224 323
171 232
191 264
11 174
352 85
185 234
181 55
231 125
194 297
198 250
165 74
273 62
149 138
120 103
331 341
91 242
353 340
326 59
349 122
310 231
26 336
184 71
125 215
94 268
350 50
127 96
333 129
259 202
170 132
90 271
29 44
151 244
173 227
171 66
6 283
339 51
32 160
150 139
129 159
247 64
258 316
357 101
245 27
149 201
56 100
126 347
44 27
212 263
282 250
104 94
205 5
76 26
101 165
139 221
231 198
63 63
196 1
181 259
289 122
9 201
129 186
62 118
62 352
56 320
1 161
68 125
311 298
183 125
186 1
47 158
356 109
182 178
40 138
66 328
170 192
126 22
206 157
102 173
131 317
76 322
198 293
329 167
234 234
110 186
260 10
263 246
56 187
83 1
223 33
157 38
291 339
271 270
293 261
344 255
103 344
181 312
71 125
305 214
242 203
340 339
248 216
242 314
109 154
173 54
234 134
294 351
195 330
310 96
8 334
238 125
86 360
89 201
237 237
159 83
305 352
141 97
107 271
7 61
187 262
72 117
66 299
295 230
14 33
4 263
276 5
13 288
52 166
156 293
239 94
312 174
126 222
10 33
222 207
239 322
95 206
87 346
115 344
323 79
59 311
217 36
282 221
201 272
317 152
147 247
360 303
37 2
92 166
216 250
157 65
9 331
53 60
81 322
251 235
311 258
329 315
189 153
339 277
253 265
199 287
175 115
191 176
112 272
335 94
203 89
170 246
126 42
212 167
69 119
339 81
334 113
191 233
331 288
108 184
348 150
10 323
68 290
5 358
114 225
235 306
40 122
147 309
280 116
38 25
273 272
358 353
304 74
26 192
183 154
268 173
208 183
166 131
150 173
343 66
124 290
35 356
6 71
241 24
291 312
169 40
44 119
100 213
65 345
347 315
91 234
352 341
56 229
331 146
177 119
291 359
196 248
68 5
274 98
263 198
229 304
98 119
314 99
21 103
131 35
253 183
196 190
116 278
24 65
166 252
277 83
44 80
78 333
183 152
271 279
130 171
233 7
309 285
6 228
102 230
86 46
109 103
2 217
184 115
11 306
360 61
205 18
173 66
265 49
89 173
196 241
235 43
352 135
360 22
253 193
150 27
355 237
178 358
29 276
152 158
81 307
168 290
346 131
343 152
84 3
356 345
304 110
128 200
290 149
242 32
164 312
312 198
120 180
250 108
143 230
197 196
198 206
81 211
281 49
316 20
315 311
281 117
339 19
83 201
57 344
341 262
16 252
39 336
291 328
316 159
339 31
277 41
73 197
27 296
137 162
152 277
94 9
188 21
189 28
57 306
281 137
307 190
160 8
103 285
205 21
55 325
282 40
38 37
207 41
160 59
182 204
73 204
134 197
50 67
245 110
116 54
81 316
165 138
211 315
306 211
35 223
337 219
348 319
100 260
219 293
175 124
106 72
345 50
13 350
78 208
289 64
123 330
323 226
200 119
331 30
162 324
21 322
21 123
276 257
251 316
96 95
252 99
133 46
292 196
283 20
142 349
46 32
157 349
269 328
165 290
189 267
247 8
42 135
44 167
249 12
218 46
11 214
91 304
51 248
103 295
113 267
182 319
74 131
43 325
127 89
191 180
203 101
72 271
340 265
188 74
179 284
57 164
52 145
354 95
240 204
50 70
335 168
41 39
235 50
162 127
4 95
41 333
74 156
347 170
104 160
210 174
162 98
35 283
180 334
257 17
130 70
181 352
101 147
360 98
218 322
154 309
119 89
314 159
91 358
25 201
299 354
192 61
89 262
137 299
72 38
159 203
141 26
218 147
46 34
346 315
109 18
118 174
334 174
274 238
184 86
157 158
31 248
162 22
70 181
100 122
75 318
354 51
294 320
105 350
235 57
156 78
340 337
66 5
304 335
181 97
42 303
136 358
352 88
40 94
50 40
119 250
235 227
257 285
92 354
111 324
62 165
33 251
293 335
89 222
67 33
15 107
211 296
27 120
124 230
147 248
56 72
185 91
310 75
7 92
242 321
218 162
156 69
229 66
322 227
213 241
17 20
315 236
16 325
82 59
78 149
296 4
323 225
124 316
263 354
48 313
105 248
307 121
214 199
147 60
62 98
203 351
121 223
234 83
276 119
134 329
155 22
80 207
347 262
270 43
97 182
61 259
273 263
331 296
60 86
315 113
260 15
161 276
137 120
322 340
133 161
31 334
358 244
196 81
250 209
271 46
132 300
65 110
296 267
178 352
321 59
282 156
228 42
210 310
92 38
62 37
281 21
169 255
177 328
177 173
305 357
44 80
273 22
158 77
209 68
143 120
175 131
61 70
306 291
24 13
165 147
50 332
357 316
188 102
166 115
26 101
225 264
337 74
10 185
245 260
324 115
199 16
297 145
230 330
282 3
255 256
70 54
341 188
166 318
205 225
136 149
157 347
59 242
195 266
47 279
160 338
13 287
315 287
235 64
64 108
354 212
212 187
307 61
268 64
96 304
263 162
96 135
353 135
292 97
257 47
300 25
326 274
94 235
238 348
50 208
347 254
313 235
266 224
45 268
143 27
190 64
343 45
272 205
294 109
57 300
149 305
89 206
26 87
294 3
245 352
111 120
330 49
355 94
240 116
244 276
122 5
334 218
284 100
128 351
155 75
314 264
312 182
17 339
6 147
144 111
189 43
340 127
337 19
29 43
25 145
356 249
330 52
171 124
236 69
150 199
240 206
126 268
80 7
85 243
77 329
315 231
85 302
279 12
16 14
352 123
241 301
176 74
245 116
66 291
203 143
88 284
128 147
21 151
360 80
255 358
97 300
296 259
56 52
334 334
208 266
293 5
88 160
108 217
49 338
85 228
346 110
272 53
65 29
11 99
13 131
59 175
46 179
236 309
163 93
256 192
58 142
272 140
181 155
284 139
184 252
327 157
184 303
146 79
206 144
247 296
296 121
173 241
71 102
141 173
263 70
321 129
94 155
22 132
201 194
33 308
211 164
119 265
283 8
78 108
129 292
360 321
244 186
269 42
108 347
128 333
143 145
36 219
225 287
313 326
334 123
214 63
41 47
190 185
25 303
290 129
193 321
35 284
72 128
139 201
314 90
217 116
191 145
181 23
161 82
261 326
357 150
117 171
317 173
64 117
32 181
276 117
296 126
80 171
11 86
183 360
356 307
186 310
57 126
69 243
289 150
320 61
21 10
22 184
331 244
40 326
41 169
87 79
272 155
21 122
287 160
324 282
1 280
350 58
322 215
179 252
77 334
159 61
307 354
46 220
129 110
218 131
7 204
360 98
347 211
119 360
84 108
230 326
192 321
303 272
144 249
9 278
330 159
248 344
126 345
259 104
194 340
331 62
189 345
216 33
311 346
160 355
206 341
116 231
113 92
288 112
25 301
316 1
341 108
294 271
121 173
177 177
216 156
119 211
49 73
324 94
39 122
185 291
111 132
156 293
71 290
290 91
325 100
316 39
281 302
275 59
327 189
99 328
230 32
335 5
325 254
24 239
219 57
353 280
48 266
189 87
281 161
25 66
66 60
170 359
69 71
349 135
183 195
358 108
29 222
312 271
147 357
251 276
314 339
34 240
8 194
321 302
65 80
56 28
108 141
244 323
137 197
61 290
113 335
70 221
340 19
333 106
179 59
270 283
107 353
327 173
229 78
156 160
352 4
26 195
14 287
66 127
44 230
68 207
277 33
350 357
341 50
152 85
150 31
145 246
128 213
341 152
48 306
90 118
68 131
