360
9072
19 44
79 182
224 247
75 121
234 278
271 99
77 4
275 104
59 14
239 293
131 123
1 98
111 91
233 267
30 132
245 115
170 13
110 335
5 5
346 155
215 151
22 38
79 122
18 57
232 240
233 123
275 108
292 228
17 147
137 141
251 349
79 181
39 261
31 109
171 330
108 216
298 349
64 195
104 269
167 359
275 327
86 234
176 86
84 96
216 253
145 219
323 310
247 321
247 5
162 338
158 201
268 116
56 348
2 56
81 159
343 294
106 243
68 257
227 173
145 60
312 107
193 106
130 160
164 213
12 260
22 145
71 37
315 132
182 22
143 139
69 88
117 331
214 250
180 291
233 20
2 303
230 137
218 297
125 185
214 178
220 87
130 194
122 117
27 132
287 299
70 186
138 237
255 123
138 55
234 8
161 127
329 257
312 27
272 233
74 308
190 179
132 340
129 60
84 92
301 155
141 324
345 147
341 86
196 94
281 125
349 259
349 180
284 191
32 114
186 223
175 319
291 328
228 130
285 179
332 35
213 360
173 265
128 301
132 60
225 205
278 100
79 230
54 314
110 15
147 152
223 153
351 284
107 36
258 338
160 33
62 71
357 223
248 324
109 134
315 357
317 141
282 16
344 50
67 206
126 67
124 129
13 138
65 164
283 318
275 10
101 349
119 74
259 345
167 212
185 326
315 31
174 321
231 29
197 329
110 69
211 82
292 276
269 93
263 269
156 357
163 1
84 133
351 97
89 350
182 165
200 106
304 174
298 103
44 251
154 9
286 96
8 130
236 103
143 187
340 48
260 346
240 25
142 55
42 189
253 256
322 224
200 172
350 123
219 200
253 268
265 211
14 213
149 323
76 336
182 55
62 259
348 206
276 196
312 48
311 226
207 159
279 339
54 303
46 48
116 73
207 131
102 183
217 277
170 176
61 266
335 357
260 322
331 238
145 356
170 142
256 46
29 300
172 66
293 126
90 94
245 149
82 164
214 205
22 343
42 254
316 152
15 251
336 306
65 126
64 260
71 339
172 108
168 86
345 302
240 162
5 234
330 41
310 61
304 90
268 23
216 197
133 223
92 309
76 321
174 131
152 25
349 199
263 253
172 189
213 159
342 112
4 209
77 295
290 36
132 293
55 60
82 241
89 333
62 51
43 326
139 157
293 356
276 257
224 271
206 179
259 259
36 209
108 247
181 132
352 6
307 348
29 342
241 4
76 257
329 33
200 92
36 70
30 323
212 158
140 252
285 137
138 124
166 288
96 24
208 155
108 7
132 174
76 268
176 266
45 103
68 352
113 291
265 70
60 278
155 309
348 207
137 136
71 115
159 85
84 267
327 73
78 34
357 33
254 172
248 123
286 31
319 56
275 82
93 233
322 197
239 58
321 266
19 219
19 169
176 297
57 85
200 143
326 216
16 221
297 315
153 110
58 179
80 21
329 242
205 130
282 88
313 272
1 253
31 39
149 272
248 176
278 296
216 192
347 157
60 21
33 13
47 158
35 114
245 10
27 227
45 205
276 209
48 145
29 178
153 322
194 124
301 220
25 324
109 357
163 355
6 197
143 256
61 30
289 173
64 60
97 102
103 192
86 105
93 223
232 217
20 173
64 316
285 358
150 45
73 307
134 190
307 234
11 216
350 210
302 296
209 141
298 76
55 273
159 144
293 199
97 167
106 75
212 251
311 14
140 303
60 317
159 117
324 26
333 212
224 324
233 26
11 230
163 291
111 247
180 333
43 203
53 350
319 260
43 192
290 66
338 254
339 324
29 15
261 121
270 273
291 320
67 156
281 38
73 126
62 271
87 212
349 96
215 171
273 109
68 324
116 227
305 198
206 342
41 108
213 86
229 328
10 265
246 360
93 339
150 119
200 47
178 344
36 90
217 218
282 246
2 279
336 321
71 3
336 312
265 39
166 138
17 158
157 278
60 340
77 31
216 90
33 139
156 234
94 242
285 54
352 313
58 299
250 295
30 21
219 67
306 217
228 124
226 224
180 248
149 316
61 40
308 346
44 302
181 228
221 241
21 138
148 58
160 318
312 222
324 314
308 299
196 180
344 202
232 277
164 90
356 140
258 218
91 164
138 77
40 301
94 20
11 206
187 331
219 40
214 284
142 22
194 132
185 37
153 342
306 89
99 203
245 311
17 240
45 91
39 66
312 317
320 154
152 56
19 55
7 269
143 291
78 305
78 154
236 345
306 300
272 348
173 107
147 350
216 4
176 10
300 208
148 347
344 166
327 153
55 4
286 225
39 100
124 230
8 127
264 235
272 217
297 336
169 213
230 172
300 77
40 176
16 252
321 40
61 231
334 330
280 217
253 334
47 17
11 291
297 227
114 285
144 80
5 124
153 92
113 249
345 208
125 223
285 19
350 329
107 21
168 232
256 108
4 79
305 178
263 75
247 283
262 218
16 295
77 256
99 221
102 336
338 190
225 298
2 31
83 100
164 321
208 48
144 302
42 208
218 186
154 269
201 217
359 94
179 109
245 250
135 145
228 96
78 163
332 311
28 81
121 265
85 140
325 44
273 305
280 115
317 118
254 124
29 248
173 232
92 98
262 140
275 173
103 130
57 104
338 334
210 228
253 285
234 231
89 22
189 358
230 45
149 255
202 86
256 102
173 314
165 154
10 41
245 90
221 296
86 153
248 323
322 35
245 230
152 44
351 83
106 359
255 58
96 324
85 170
123 148
71 271
282 37
190 8
22 207
37 177
50 314
125 68
180 54
79 310
226 107
356 113
24 11
337 122
218 49
243 146
127 103
95 182
147 24
220 309
320 318
3 291
4 278
272 2
325 133
57 144
351 302
292 155
121 214
216 166
173 336
26 224
274 7
308 351
360 303
128 61
151 231
299 355
338 33
151 120
284 140
96 152
140 330
11 178
142 195
67 344
187 3
315 5
207 51
198 243
45 276
282 21
124 203
193 137
324 156
243 158
208 22
45 336
26 294
98 76
4 8
95 341
260 159
213 314
204 32
326 162
104 236
26 168
341 110
112 316
235 276
179 246
332 345
100 207
262 161
351 78
18 84
158 262
47 176
262 305
292 325
95 273
307 359
335 161
153 78
132 209
196 91
89 156
119 45
69 76
254 281
193 148
191 204
81 341
34 269
274 267
278 1
273 240
222 257
192 165
77 77
204 110
9 314
309 19
299 273
213 151
14 31
293 107
329 115
356 342
280 135
304 264
50 320
92 295
279 254
153 80
35 147
126 89
158 27
69 227
146 177
160 290
266 113
140 248
347 18
4 308
271 62
52 302
321 123
192 179
122 220
66 218
234 282
106 359
93 173
106 228
40 73
251 241
304 157
66 219
264 203
296 202
156 350
268 234
178 334
46 317
68 330
14 4
271 155
56 339
6 312
21 93
34 169
121 286
127 16
325 324
140 305
65 263
301 326
83 315
202 131
199 281
245 198
279 255
263 45
109 214
333 140
284 299
68 206
115 246
285 119
162 305
199 316
192 202
19 63
273 63
330 324
29 236
351 55
145 27
45 186
247 25
104 135
144 214
192 79
286 49
248 36
309 266
106 180
196 268
30 234
107 183
252 175
92 227
216 49
119 169
68 45
71 40
264 163
61 170
331 145
278 96
299 127
282 14
317 158
69 324
152 8
57 306
139 148
82 89
341 62
312 328
75 12
175 252
109 104
140 188
38 265
226 95
5 163
301 51
95 98
247 39
278 210
245 174
38 242
59 355
172 46
178 16
91 185
73 166
325 44
333 293
85 79
342 109
10 124
247 100
325 325
126 219
289 328
61 133
259 298
22 276
121 319
93 147
273 199
344 245
360 188
188 50
271 10
159 282
312 229
183 249
156 180
186 320
299 140
326 233
134 247
315 197
140 346
164 89
50 147
116 200
242 103
341 122
215 58
171 97
6 42
256 236
176 169
324 354
205 58
136 79
138 181
123 174
225 196
156 242
292 128
95 183
121 264
247 256
157 353
119 328
38 238
153 113
328 347
259 187
72 90
63 202
13 265
94 332
142 147
203 258
330 161
57 132
241 247
170 284
346 346
22 347
358 106
158 134
211 221
225 69
56 94
23 339
62 50
206 49
76 173
169 151
312 257
84 6
268 320
123 58
40 58
240 334
68 335
123 142
107 177
104 30
348 60
304 172
22 121
228 242
290 226
57 326
102 359
85 298
290 352
177 133
260 174
58 306
284 82
339 244
236 206
164 2
169 49
147 210
273 204
301 219
342 174
95 58
56 113
249 173
139 133
137 329
32 160
231 326
318 254
189 203
78 67
67 261
156 206
261 192
173 264
87 223
317 57
79 296
327 72
144 53
65 132
144 94
267 283
53 338
11 99
34 61
170 22
182 342
231 91
186 175
347 192
355 39
177 275
83 134
247 298
179 83
325 90
303 16
225 42
105 283
359 261
139 333
113 23
71 268
23 268
90 27
153 253
83 171
6 42
225 87
243 297
276 165
35 203
171 168
228 342
132 190
31 334
178 191
102 132
10 41
255 59
34 236
157 123
280 347
57 99
185 301
358 59
359 144
121 291
310 281
282 240
254 112
198 131
260 143
104 259
198 93
216 74
197 179
267 128
229 129
221 172
307 196
196 271
105 167
61 110
91 130
318 14
338 184
276 266
264 192
67 238
198 339
10 226
61 317
282 286
359 108
163 309
194 220
188 215
30 119
127 357
280 323
113 17
110 27
71 188
327 205
198 35
42 58
69 288
106 294
158 105
29 235
10 188
284 176
294 183
139 174
307 28
66 82
58 324
87 188
4 6
196 54
243 22
188 278
127 232
32 139
337 63
112 300
121 322
134 299
80 91
295 83
343 197
313 65
21 240
241 132
341 113
16 241
134 339
211 8
300 117
159 153
89 307
66 20
229 256
128 230
245 111
298 9
147 355
347 176
20 244
309 151
298 144
329 316
111 36
342 118
220 314
284 170
123 128
299 24
157 276
264 145
82 253
329 149
53 326
259 193
96 181
267 343
16 134
69 280
180 86
201 251
90 71
127 202
260 221
256 327
296 80
289 120
328 293
167 240
47 310
248 163
33 143
140 8
219 201
323 321
326 343
190 242
346 38
192 299
55 45
84 95
72 116
354 138
336 358
238 352
255 245
172 198
86 17
197 355
85 158
123 185
191 237
252 125
300 267
53 312
266 9
96 304
43 210
206 338
335 24
102 175
7 333
210 21
123 329
53 202
302 195
83 219
281 141
11 76
68 337
119 356
346 15
98 217
134 191
189 117
309 102
303 9
172 115
261 150
355 134
98 276
324 47
312 122
136 347
207 130
307 331
42 135
124 322
187 284
101 266
327 208
203 85
282 325
84 47
358 193
277 268
34 93
62 145
77 341
142 270
100 102
211 143
210 353
172 291
19 293
213 168
148 143
30 197
104 233
184 204
44 95
59 278
132 317
191 139
332 56
186 170
88 55
282 45
103 153
295 136
347 188
298 329
28 18
96 281
344 136
89 159
224 256
265 281
60 112
84 315
236 286
55 198
218 76
318 283
98 90
234 261
283 102
270 302
306 133
289 51
177 100
22 204
134 45
42 209
217 261
89 197
17 24
324 55
214 293
225 29
7 289
142 107
314 161
172 336
42 237
33 194
187 65
220 56
46 19
142 339
193 214
358 126
203 45
182 286
319 107
226 133
63 293
255 35
25 209
227 23
196 52
344 339
65 107
110 177
162 128
241 296
232 290
260 119
153 128
159 334
334 48
129 302
200 358
2 145
165 16
141 162
106 60
117 67
129 148
187 97
33 122
356 278
42 47
186 352
24 360
93 166
124 135
55 313
257 140
50 66
8 227
247 27
352 23
323 148
237 92
33 219
351 51
305 66
58 156
6 128
303 228
253 33
314 14
144 2
183 261
156 83
189 30
234 142
321 2
192 159
222 192
6 31
209 225
57 359
68 260
358 259
248 275
21 126
356 69
260 357
255 3
215 183
43 163
9 87
76 24
358 110
327 39
227 50
290 274
273 51
223 194
209 88
173 182
27 263
41 358
301 281
102 351
67 41
155 266
284 11
21 164
75 241
132 20
172 51
234 8
260 268
331 53
175 264
157 19
1 250
191 113
215 200
210 231
22 183
33 156
270 266
34 286
126 49
130 168
110 245
148 151
294 32
89 261
101 32
199 57
337 311
202 260
316 324
220 272
343 197
130 335
182 223
356 231
276 237
202 281
59 315
269 132
337 254
343 137
327 94
108 96
236 299
72 308
245 171
273 98
116 211
220 279
99 67
335 230
197 275
117 87
44 311
214 138
230 70
20 241
20 219
103 168
13 24
71 339
88 162
20 213
77 358
132 252
130 244
258 177
90 8
79 312
143 172
221 279
114 46
208 85
115 315
278 212
225 189
70 272
164 88
360 245
323 259
304 67
233 143
235 186
36 259
252 352
348 336
165 120
76 123
319 19
295 5
31 121
207 41
102 316
20 333
112 159
242 14
166 238
337 297
147 119
167 33
227 178
185 334
140 9
64 124
80 87
260 86
225 132
86 334
339 61
359 352
198 208
71 285
119 150
274 101
264 250
277 128
171 71
206 197
46 69
152 226
40 109
20 116
351 235
344 189
146 262
212 54
34 259
277 94
173 276
261 21
134 300
328 71
39 69
331 54
235 200
269 255
348 15
74 354
212 266
300 54
11 252
256 360
179 124
222 115
355 15
172 24
58 154
91 222
319 202
113 156
288 238
263 162
196 149
208 322
109 132
357 86
60 276
243 49
311 150
130 32
273 65
127 349
238 208
174 214
18 204
134 159
162 243
190 210
198 336
225 355
352 38
349 38
17 38
119 72
83 304
94 33
176 135
219 255
43 96
25 287
92 268
352 176
65 52
19 45
221 147
308 314
203 63
233 10
343 164
81 216
206 116
32 36
211 32
307 246
67 338
338 330
281 207
339 277
109 268
163 272
48 60
195 172
289 157
22 99
269 279
288 254
13 85
271 205
328 135
107 335
182 218
336 237
350 205
319 171
137 161
316 162
100 201
110 278
201 292
341 97
331 66
270 270
64 54
31 30
281 51
189 248
108 93
297 120
244 96
73 338
94 39
248 356
168 1
258 248
268 71
42 102
288 109
110 224
313 11
356 295
221 273
349 182
12 183
30 336
328 103
159 137
22 42
169 36
100 23
327 109
170 176
291 261
45 103
124 197
72 4
321 172
346 125
354 99
252 77
287 23
50 231
107 330
18 316
353 183
183 174
305 29
253 233
266 140
65 237
26 97
5 292
72 143
26 171
50 5
353 292
97 308
141 253
185 223
188 140
183 72
115 6
59 28
116 90
349 187
274 1
183 326
116 343
20 79
210 132
355 185
82 252
310 61
5 42
100 45
251 335
74 127
320 239
11 113
264 276
222 199
327 324
201 38
17 286
65 239
146 115
29 53
198 132
114 197
297 212
234 180
317 299
256 206
14 9
30 345
54 242
292 144
172 226
267 226
290 151
161 1
274 313
175 348
230 149
152 217
339 54
284 151
57 20
164 315
266 74
284 203
296 159
194 269
286 4
294 123
224 22
149 143
337 213
277 28
20 323
273 331
345 231
60 272
230 171
187 167
138 87
328 86
285 148
122 201
181 49
9 178
3 181
253 145
354 330
22 45
236 126
88 107
254 105
72 101
153 170
240 84
77 206
267 207
132 114
273 317
175 167
105 265
245 343
87 353
41 95
22 111
122 11
101 44
295 45
337 155
270 308
197 251
213 89
102 180
349 31
129 32
45 174
184 147
208 325
310 150
148 149
153 22
268 14
7 298
68 262
18 307
251 128
99 106
334 92
176 265
305 174
254 322
285 36
183 66
138 51
180 330
301 162
184 12
350 208
117 291
341 54
153 52
153 68
323 219
70 244
105 208
110 165
218 40
103 74
317 191
278 117
137 8
137 87
194 102
313 266
20 220
167 215
134 241
340 321
162 32
277 80
126 91
335 134
323 266
302 113
152 230
48 241
17 303
279 200
2 28
326 270
263 188
124 180
348 218
248 162
261 198
247 259
191 341
234 328
326 22
192 279
202 91
353 120
35 63
106 326
297 183
133 184
91 176
58 313
3 10
90 348
221 348
99 41
23 50
16 224
307 179
336 162
168 75
83 134
139 205
293 316
269 71
314 174
297 27
14 152
284 25
149 211
297 135
121 340
311 109
127 79
18 320
60 305
290 144
277 141
150 127
147 47
253 295
223 45
181 290
313 208
236 191
237 106
189 50
133 230
153 206
284 145
113 179
217 23
168 279
199 342
72 270
7 46
38 167
28 274
185 349
39 302
133 223
118 263
353 324
57 135
18 112
278 274
91 46
250 106
16 264
114 155
61 213
9 131
203 283
287 176
197 235
62 189
20 164
188 180
123 202
37 103
81 274
205 276
287 280
142 307
193 257
72 116
195 193
56 33
303 138
171 66
84 311
269 279
181 331
64 223
283 234
332 265
314 187
64 222
360 161
138 120
352 230
306 211
109 314
321 330
197 135
302 107
115 288
219 196
90 168
220 318
29 1
153 115
313 213
152 56
110 201
145 298
210 280
48 279
258 351
351 201
263 245
5 331
145 263
197 171
289 217
18 104
332 135
244 83
51 137
130 60
197 216
330 101
202 8
255 234
334 349
312 206
240 229
348 187
6 316
113 167
261 252
343 37
120 6
201 123
156 5
77 160
154 14
137 118
334 102
83 108
153 71
176 176
243 97
253 338
120 214
93 49
7 7
212 21
19 235
114 42
194 236
234 327
31 230
125 251
152 266
86 184
14 299
313 114
195 272
260 236
105 279
100 354
256 136
156 170
291 318
40 170
40 29
346 127
338 51
154 109
132 50
69 76
241 30
84 36
227 233
211 76
278 90
190 113
142 70
116 81
249 8
7 80
83 293
100 157
214 63
278 317
266 344
333 75
56 33
17 186
50 118
6 291
89 115
163 50
122 343
17 346
311 142
35 160
65 128
306 130
120 255
102 190
235 119
225 333
128 328
201 106
223 301
336 156
192 114
135 237
144 60
134 337
202 351
184 293
60 185
75 211
143 73
256 13
131 249
60 329
135 27
34 82
131 38
355 178
270 92
4 278
337 277
233 70
11 143
332 229
169 67
188 260
247 6
26 181
321 76
245 148
291 208
308 24
301 296
2 152
12 213
174 351
345 170
211 226
170 180
64 40
48 49
155 290
289 3
266 167
16 137
214 7
234 234
55 97
163 48
143 177
33 311
329 340
230 264
26 248
356 20
145 17
267 262
71 76
308 360
290 346
177 291
33 311
77 230
146 304
78 8
227 214
283 287
347 6
260 213
284 294
33 39
169 351
77 360
34 346
171 127
16 276
52 91
278 233
226 355
158 23
69 266
312 329
72 215
262 319
189 267
247 95
1 154
91 351
320 189
197 340
348 327
64 310
263 6
270 248
263 323
93 244
257 359
268 185
133 253
139 10
38 238
332 354
79 155
210 337
26 43
50 24
172 76
321 134
354 147
122 40
243 131
276 316
91 279
9 302
328 111
328 241
351 51
83 317
173 36
183 200
137 86
267 234
109 270
253 78
105 4
5 164
242 285
255 187
341 57
271 360
17 275
206 69
84 342
124 94
285 68
299 120
78 265
119 266
37 293
1 64
95 348
354 21
163 258
28 90
201 55
35 259
261 107
125 48
332 76
194 265
77 30
28 339
195 300
24 341
42 207
111 213
163 115
290 215
106 76
20 285
69 131
191 300
128 34
146 204
118 279
104 336
227 21
209 31
277 72
56 287
249 314
64 265
55 358
58 74
68 272
125 128
166 239
319 165
116 47
42 214
163 359
76 149
169 166
305 199
219 184
327 231
335 178
245 185
208 58
353 233
58 184
264 236
317 75
136 81
152 314
55 91
68 351
359 289
338 307
86 191
148 4
233 77
9 186
223 194
56 197
288 24
30 218
151 146
157 322
355 270
51 263
133 308
97 170
220 337
209 309
106 113
256 41
126 22
182 346
271 41
319 198
27 325
7 145
16 244
290 283
66 62
82 322
357 98
94 325
336 78
271 21
253 177
178 355
182 235
25 31
213 227
71 355
76 9
125 348
88 312
52 205
36 249
210 67
100 120
62 218
237 8
337 240
289 273
233 293
124 293
352 227
335 274
191 291
78 210
357 166
76 81
191 54
343 227
317 200
252 44
183 152
294 238
68 212
282 28
225 133
3 226
283 134
341 347
179 176
298 281
329 182
325 65
173 115
224 208
196 153
128 260
70 156
5 347
165 129
328 161
16 94
134 188
16 104
9 266
198 141
90 96
322 78
268 120
208 252
203 203
317 197
159 63
190 323
246 330
10 306
265 205
38 225
227 136
360 27
59 156
284 47
349 152
107 161
140 112
168 120
322 204
30 20
35 266
85 10
284 262
269 23
58 54
355 354
55 75
60 3
47 248
262 138
128 180
107 291
120 180
116 129
125 247
246 129
135 274
355 76
281 230
219 247
287 130
226 349
40 4
327 327
232 103
8 22
296 213
155 90
311 130
158 52
96 43
270 291
83 289
319 306
45 278
255 182
322 282
167 222
119 2
357 182
66 69
38 249
115 59
195 51
199 89
203 230
81 78
333 132
171 51
296 117
16 128
105 155
145 35
312 218
157 230
210 86
16 207
4 138
83 255
232 117
139 1
116 297
135 337
18 311
271 343
85 302
348 39
108 293
242 82
330 247
213 157
68 266
193 60
59 181
64 355
336 90
12 113
319 28
47 302
15 244
207 134
104 276
237 75
297 31
311 151
238 44
96 48
32 206
117 29
87 224
256 181
167 260
332 93
60 90
64 203
342 106
343 118
83 61
322 96
302 295
264 327
9 56
238 175
347 173
97 63
143 27
158 142
216 334
139 170
59 97
254 150
292 355
83 160
354 242
27 121
166 33
340 313
91 8
7 95
311 172
274 234
116 114
285 217
31 353
116 301
319 33
245 357
357 228
87 47
252 307
177 82
59 177
104 356
221 190
333 159
115 216
275 304
231 337
254 297
181 241
17 217
305 242
5 203
271 116
120 357
187 46
3 318
322 38
117 130
142 158
43 332
60 323
80 283
60 49
54 51
182 64
231 213
167 66
101 88
322 157
133 46
266 102
357 90
295 170
162 94
201 6
264 180
308 23
40 226
55 278
201 339
165 150
53 218
255 348
100 172
67 19
102 34
143 242
280 320
166 174
134 320
144 254
223 88
242 163
256 34
28 160
107 254
302 157
287 239
107 169
338 17
283 182
69 321
340 203
273 40
260 30
330 158
144 240
319 255
220 154
257 132
312 131
214 96
298 61
42 171
345 233
348 220
25 37
102 83
223 198
185 330
179 160
321 44
151 161
35 304
291 43
242 81
197 69
277 63
194 66
314 54
261 154
8 60
153 65
163 77
150 209
83 160
100 117
291 37
62 256
43 223
285 83
189 189
86 60
327 20
101 348
104 138
333 18
78 228
253 30
178 342
54 170
317 223
292 149
165 257
263 153
159 306
224 299
42 46
245 208
73 190
225 91
333 157
234 358
21 17
257 143
173 267
268 248
24 61
107 333
139 106
76 83
254 304
3 131
66 351
235 327
68 321
124 307
154 260
92 193
150 222
2 212
92 298
314 34
146 360
107 40
348 167
16 115
113 309
164 173
156 300
250 268
90 10
178 359
252 49
352 85
40 51
316 281
292 16
176 105
249 106
54 62
272 238
142 235
110 57
221 178
145 319
119 199
353 180
176 157
49 101
261 191
160 70
199 40
123 138
64 14
318 244
101 314
135 311
202 155
294 233
3 112
285 224
357 103
335 45
251 193
20 178
321 35
139 147
123 184
89 233
194 251
179 174
179 319
6 79
155 55
225 119
294 207
281 300
227 213
295 232
32 300
217 294
16 250
107 341
197 124
314 11
232 9
145 228
234 355
57 207
197 121
93 274
291 12
268 137
89 44
104 219
359 50
284 18
356 132
85 306
310 21
129 323
316 298
274 134
57 147
176 171
153 132
89 306
338 184
51 104
216 195
303 360
247 220
117 87
151 9
14 65
316 185
357 255
7 323
113 81
249 210
251 3
47 296
48 182
15 153
56 281
335 283
334 179
187 106
209 174
6 176
287 10
73 109
284 293
322 39
142 84
174 46
72 88
92 215
311 284
77 253
197 325
111 313
164 266
335 360
128 249
148 36
240 153
84 70
112 196
179 52
331 110
39 283
311 293
75 160
323 349
80 258
258 209
151 113
106 31
312 81
126 205
116 278
204 133
279 212
108 108
202 4
40 167
276 339
231 225
358 306
28 315
20 234
324 83
44 275
137 334
345 306
136 236
200 298
291 321
48 276
97 15
314 145
212 332
165 168
177 211
232 145
196 156
308 309
297 288
217 3
332 288
273 286
38 219
215 221
90 296
303 250
95 156
50 181
20 3
238 336
235 96
311 30
296 329
95 177
279 252
121 79
337 306
250 71
108 324
330 308
221 256
17 337
46 268
110 250
264 293
282 233
252 261
281 8
133 278
169 135
256 203
75 107
141 44
123 326
37 343
137 181
70 285
18 276
173 54
2 268
75 169
181 253
268 199
212 165
283 18
143 37
170 314
33 4
267 128
225 324
225 208
133 292
321 224
128 333
332 147
40 32
281 40
314 122
283 280
33 312
211 65
14 125
336 114
132 119
344 300
253 18
192 232
255 19
188 294
197 182
47 149
237 297
113 92
97 47
288 68
339 187
38 46
167 99
119 341
348 119
264 256
295 178
306 37
258 287
70 94
43 79
56 69
39 155
247 242
181 223
279 33
48 48
344 273
186 85
323 287
91 176
270 164
32 231
280 82
326 41
57 119
309 29
55 230
87 14
345 207
185 129
33 142
335 41
219 345
312 128
252 278
76 120
311 92
178 279
282 342
82 233
230 357
5 11
252 79
127 20
260 70
227 309
91 161
14 189
35 115
308 80
237 209
93 305
345 331
315 29
141 137
290 223
348 127
95 205
268 137
51 79
120 140
347 103
44 59
211 125
237 219
26 196
291 53
127 357
209 255
205 306
253 96
226 319
82 251
114 226
183 83
73 235
321 138
127 219
300 154
77 81
37 213
120 64
54 257
255 60
14 232
248 19
66 233
290 255
102 182
236 257
5 349
42 173
207 149
79 66
121 90
276 62
239 37
267 137
219 82
127 119
112 327
156 356
329 169
189 62
32 80
242 232
246 267
71 38
230 220
13 283
177 243
221 337
334 121
352 271
345 242
309 256
167 314
77 256
71 314
96 94
169 253
19 350
139 55
156 258
44 195
56 216
107 171
88 94
182 240
89 281
159 174
277 115
358 178
67 257
106 222
156 188
260 359
149 181
96 61
190 346
50 126
248 7
309 187
314 39
108 139
199 156
147 267
42 180
140 270
113 106
126 214
172 154
189 205
268 7
239 5
263 246
178 245
343 237
221 68
247 3
18 209
111 160
172 335
4 317
321 229
152 344
271 347
53 319
176 285
311 346
12 48
64 234
296 37
312 223
177 35
131 318
158 266
1 41
154 186
317 289
351 30
179 180
227 209
173 201
230 230
137 191
120 11
86 243
235 286
343 146
87 245
20 356
233 221
212 38
275 85
349 60
198 41
354 191
196 233
280 253
171 35
175 97
25 183
291 341
154 15
153 38
324 252
89 101
139 353
192 313
47 266
114 80
41 289
270 260
356 319
226 335
300 89
11 271
117 337
253 142
282 216
307 18
269 131
337 148
37 21
3 302
36 136
360 322
281 154
66 21
279 163
251 34
139 90
341 355
51 212
269 167
217 102
267 118
85 327
114 3
121 79
269 169
252 281
294 68
124 125
54 297
78 281
310 145
269 184
72 2
82 57
42 160
235 280
121 55
109 97
93 61
214 130
337 252
236 238
283 92
271 267
173 33
103 182
274 278
176 66
90 221
268 320
348 247
331 215
28 302
256 319
75 338
237 358
359 157
144 175
166 240
336 96
62 250
334 68
328 242
312 176
24 35
114 238
328 13
220 281
29 314
200 357
123 103
171 272
18 312
105 8
75 111
231 111
11 6
155 253
273 159
112 46
264 217
57 150
97 259
155 123
11 54
212 346
286 302
122 346
242 90
174 16
112 296
304 153
229 84
343 146
321 141
66 334
218 5
201 42
121 135
288 101
347 197
257 144
223 81
322 139
322 283
49 205
186 212
70 136
315 233
127 310
262 231
251 10
101 92
22 323
56 167
306 134
360 90
341 126
220 105
257 188
267 98
253 322
108 127
55 262
210 110
333 79
143 339
102 149
199 320
105 345
205 280
94 196
143 28
26 330
165 10
264 250
98 223
67 164
231 18
238 301
36 103
242 336
158 304
179 73
210 249
42 250
207 69
192 73
354 346
345 172
217 188
186 85
200 227
126 307
200 138
343 53
270 168
335 22
318 292
100 335
220 221
308 60
111 122
116 200
348 341
16 67
141 137
49 305
190 268
198 62
217 203
71 130
292 264
130 2
263 357
11 8
322 42
306 156
130 37
209 110
178 17
7 112
9 357
278 282
147 208
12 46
137 289
126 197
144 274
221 101
186 152
61 276
153 128
268 53
15 315
289 13
35 215
245 122
253 227
283 89
314 326
186 1
359 19
209 115
260 335
79 301
101 151
323 218
316 305
238 352
357 111
9 68
79 8
276 257
294 94
56 232
135 56
221 320
139 41
179 338
203 298
211 23
319 352
339 48
100 32
344 310
350 210
111 44
277 207
170 252
304 349
297 350
179 321
121 26
130 32
28 106
45 123
31 104
288 69
147 25
308 169
25 90
229 135
79 250
223 47
249 59
75 111
189 307
156 355
11 342
141 240
339 297
319 300
280 313
176 134
352 7
107 93
296 130
61 29
242 168
199 108
160 274
164 316
106 218
339 326
170 109
326 292
261 184
137 209
298 174
119 28
113 93
48 240
60 91
68 157
16 91
253 319
183 232
333 98
216 198
274 73
71 261
215 135
115 293
267 271
86 74
137 357
79 203
48 60
145 203
272 223
303 30
335 341
348 355
99 267
59 165
62 109
70 41
160 266
225 308
5 221
1 141
11 118
83 353
133 157
120 232
262 82
8 34
204 214
237 142
69 94
264 126
39 13
127 325
193 297
29 230
133 39
224 182
92 168
15 58
71 2
111 141
232 352
11 180
127 81
222 133
157 121
18 360
14 84
289 290
174 166
292 219
64 53
304 293
2 234
152 237
293 256
273 272
253 288
282 73
234 263
335 175
58 164
347 19
276 110
187 266
355 55
284 255
7 2
211 72
82 195
151 18
303 96
329 70
9 84
197 182
315 56
31 142
92 125
268 80
230 31
110 35
302 162
77 93
352 80
104 52
38 14
14 310
77 301
29 171
89 113
296 210
266 147
263 106
219 54
52 140
10 198
234 223
126 242
146 15
328 171
220 287
51 257
181 196
214 233
82 152
256 117
346 43
339 235
208 301
326 210
104 28
201 274
77 39
141 164
292 74
276 45
253 316
150 239
244 343
271 229
212 190
226 330
249 308
3 286
153 182
272 210
334 292
164 59
59 175
160 266
38 128
38 226
200 16
142 173
289 147
11 79
89 202
136 72
182 323
339 230
303 360
145 236
159 214
312 340
320 87
155 168
224 244
132 263
228 118
111 353
122 194
293 198
103 336
273 47
278 19
310 331
259 121
123 42
59 283
218 133
71 222
127 82
17 330
126 188
217 128
282 153
123 149
246 292
218 207
199 280
301 222
289 114
222 166
245 191
151 314
148 193
169 102
315 311
143 141
44 282
196 18
138 207
134 223
118 46
116 152
162 156
352 119
349 112
73 85
254 178
39 353
296 282
320 184
319 129
50 63
177 328
98 206
171 109
161 306
311 147
25 249
9 115
10 170
194 194
84 294
347 262
340 165
259 127
120 257
88 2
36 168
73 254
88 330
285 213
35 319
174 356
48 167
179 55
195 99
21 30
274 148
145 100
345 360
75 2
198 183
18 50
179 209
273 246
147 238
260 114
33 232
171 205
60 359
226 152
22 116
77 189
246 109
12 166
39 16
332 139
307 128
133 283
71 26
19 135
245 334
175 8
9 181
254 357
312 77
306 238
188 29
58 233
141 24
334 121
184 179
192 333
57 221
300 98
140 186
253 313
110 21
264 218
305 180
128 20
65 205
258 22
132 41
330 87
39 358
273 37
72 295
36 261
20 197
44 280
79 107
122 77
133 197
50 75
253 97
137 56
263 194
47 241
69 162
330 26
22 296
164 110
123 28
189 218
351 314
329 126
11 180
93 147
191 206
278 298
111 41
348 14
277 190
186 63
72 173
179 337
48 60
3 160
72 92
305 54
318 258
28 129
57 198
199 336
319 13
307 98
186 322
181 174
245 247
257 183
236 328
358 13
323 332
112 163
278 198
325 310
92 204
112 137
132 85
236 205
55 310
322 162
259 80
10 185
304 142
191 117
210 25
105 11
186 68
145 22
263 360
127 283
184 208
305 228
231 169
252 142
67 296
300 78
252 115
229 216
66 279
173 226
53 312
266 68
207 64
68 170
164 318
6 192
179 101
40 235
10 225
19 196
99 288
192 174
118 51
341 114
240 281
233 313
26 26
262 299
336 140
288 87
17 73
343 173
89 149
358 248
183 102
325 30
120 60
279 232
355 105
111 355
225 333
134 1
212 353
101 169
57 230
353 71
291 221
2 248
21 128
314 124
128 127
311 287
80 339
141 249
178 23
281 191
147 323
13 189
347 322
73 91
17 182
146 331
358 196
7 203
264 163
325 136
218 6
122 311
226 160
116 20
232 65
190 216
59 273
122 221
85 125
22 255
358 36
37 247
249 186
80 71
277 208
29 319
9 163
27 258
2 305
324 47
239 349
202 194
274 14
321 121
29 97
272 220
49 277
147 38
91 132
340 161
358 113
3 72
259 138
65 236
167 350
246 145
177 328
136 29
100 151
151 157
216 143
149 74
269 145
110 256
152 92
118 39
321 267
309 283
142 294
4 277
355 53
244 350
281 132
91 201
303 87
344 189
294 83
94 197
110 97
235 32
78 208
104 288
329 232
217 302
343 290
345 135
108 211
183 101
229 192
209 100
16 4
125 122
66 123
310 325
62 321
252 301
90 335
162 353
271 150
277 147
341 21
117 71
1 31
298 141
294 299
37 184
72 25
312 152
146 40
245 151
275 319
325 34
208 185
46 138
91 6
92 247
64 133
43 227
296 242
330 47
147 162
316 2
87 292
323 24
311 177
184 73
227 267
297 311
318 196
234 185
340 239
32 283
165 40
241 132
315 60
336 352
145 356
31 256
168 30
327 9
312 188
41 299
188 133
169 262
143 102
343 305
322 26
207 135
307 211
278 323
71 143
222 63
236 203
71 201
332 232
255 34
124 2
85 330
3 187
262 309
155 16
39 170
57 120
276 38
94 357
115 136
227 72
80 245
310 326
205 330
360 83
293 79
70 305
329 324
92 247
186 356
329 283
349 34
247 151
341 254
357 24
142 147
184 91
128 164
268 157
346 280
107 114
159 95
55 14
257 222
261 184
130 101
246 73
121 166
229 85
94 351
233 339
47 319
202 292
225 240
182 149
269 70
37 300
295 174
198 261
11 346
248 195
96 18
240 185
50 347
20 353
114 175
179 328
172 301
51 272
33 128
75 52
12 158
141 355
185 38
347 358
252 222
338 344
250 238
29 259
152 332
24 124
289 143
121 20
313 234
224 292
11 227
323 267
290 39
246 121
294 341
107 67
282 183
82 278
153 316
242 18
117 322
287 9
260 153
299 355
252 342
87 163
87 253
268 157
29 1
344 261
293 33
283 80
274 265
74 115
344 280
196 190
188 344
145 317
65 213
270 262
36 320
174 99
53 129
164 122
72 360
134 285
203 222
10 199
273 9
184 167
58 353
119 358
256 217
330 338
24 146
257 336
214 311
267 318
236 97
70 295
63 211
293 62
322 73
41 205
172 188
151 76
13 352
336 117
141 16
296 74
183 224
358 263
325 75
10 16
6 15
234 177
90 168
167 342
163 176
51 310
146 112
360 300
307 42
281 60
111 343
70 125
147 17
339 167
193 61
203 21
7 300
246 12
163 163
296 88
221 61
16 36
158 320
321 232
35 67
207 188
306 298
318 297
216 306
327 107
196 43
186 223
300 321
159 177
242 302
342 256
247 100
103 13
292 337
291 264
9 334
338 109
208 263
114 123
351 329
266 11
196 195
183 331
183 235
129 179
200 73
206 22
250 355
178 269
352 324
309 68
151 207
152 90
214 238
49 66
180 315
273 50
88 355
312 13
2 266
214 79
205 276
46 187
41 1
41 131
146 316
285 278
247 205
58 265
328 24
198 103
92 123
133 118
58 203
232 237
10 248
185 33
39 328
223 232
218 27
16 282
215 135
248 114
258 325
127 307
358 201
260 341
118 14
2 69
175 112
276 72
318 142
317 130
141 351
69 224
214 335
206 257
199 84
171 242
335 97
88 217
19 278
127 159
308 38
296 325
219 157
352 10
10 245
148 276
87 242
312 126
251 161
251 336
304 298
34 31
129 359
265 214
310 251
271 298
17 33
294 93
63 100
265 334
261 119
143 31
8 19
352 156
92 196
131 83
64 274
50 212
69 140
152 277
301 357
11 342
140 353
20 169
24 270
254 346
262 38
51 32
285 122
248 148
137 120
262 251
271 97
33 87
14 139
345 66
270 38
8 127
290 283
223 298
93 274
7 105
267 274
321 285
94 30
214 102
129 43
135 264
284 151
127 257
108 164
216 148
13 310
303 323
191 46
322 96
140 349
320 12
199 295
336 6
40 224
288 212
76 87
117 88
68 135
140 304
137 241
107 191
339 219
84 155
160 273
104 257
137 62
300 140
351 66
157 133
145 26
314 2
298 228
213 216
328 153
206 309
38 220
62 140
346 91
325 274
6 302
264 36
59 317
345 31
169 273
83 33
157 54
283 351
162 114
83 186
147 208
190 226
13 56
104 272
273 42
59 168
146 45
130 298
347 43
165 268
355 109
328 353
168 150
162 89
49 299
277 157
147 135
97 13
126 10
57 356
75 246
217 25
238 313
46 208
254 146
87 249
352 351
11 169
293 204
225 157
157 188
211 257
216 254
139 325
180 243
282 186
321 191
48 104
243 101
81 357
299 313
165 110
126 101
167 181
256 31
325 172
74 220
99 158
200 145
86 62
47 214
320 106
128 75
203 224
39 203
125 54
162 100
343 24
304 61
113 8
39 199
231 190
154 309
80 223
276 181
237 243
239 273
2 350
6 158
226 327
144 1
352 60
322 55
210 69
261 84
318 65
346 176
263 31
55 248
291 111
55 358
137 359
173 357
204 187
303 154
217 343
122 278
317 245
45 111
273 224
328 121
73 278
111 153
83 66
256 80
94 34
259 130
73 264
81 324
103 242
149 165
13 258
96 314
334 320
109 278
48 60
230 31
159 260
277 179
340 93
102 247
324 168
237 186
134 299
174 129
160 310
32 37
251 325
337 81
140 26
138 322
42 13
267 18
144 247
50 54
263 53
226 356
231 95
98 287
118 309
69 152
183 212
198 329
255 189
319 41
8 190
180 358
128 74
336 118
354 131
154 317
137 70
25 63
307 309
83 47
318 303
256 178
140 307
200 356
44 10
3 207
333 205
80 282
296 16
296 204
99 306
139 329
107 289
303 141
342 7
28 157
320 45
304 288
151 298
153 229
84 294
282 80
109 350
241 64
276 73
124 171
17 316
300 335
93 288
187 197
283 225
293 40
101 35
318 167
101 171
186 162
290 224
137 170
342 214
347 112
193 88
142 266
265 72
44 123
343 251
153 303
129 274
171 242
316 162
198 179
345 359
56 148
107 176
89 226
263 214
307 72
241 118
94 255
207 10
273 25
189 313
267 101
307 268
26 177
22 218
257 70
29 82
93 255
351 218
86 60
108 245
291 89
126 76
327 160
103 88
309 180
194 48
179 349
42 267
170 165
103 29
166 189
42 84
249 11
41 85
234 178
231 245
110 230
93 330
203 157
306 294
74 326
298 250
95 338
56 142
97 18
18 193
325 68
206 345
340 178
251 264
71 16
255 301
193 102
155 168
52 31
328 339
258 176
158 336
5 62
234 242
314 356
140 96
341 180
146 183
88 302
78 113
301 60
315 313
209 288
339 289
282 89
160 122
75 314
181 204
221 250
317 256
288 333
221 246
232 23
77 242
354 130
312 128
63 111
202 338
227 93
152 205
168 163
154 283
269 16
280 329
238 225
53 170
17 29
114 336
24 222
213 280
118 23
88 356
145 286
337 279
259 285
75 10
162 82
250 278
55 82
336 127
326 300
310 230
320 353
229 278
39 168
175 95
278 37
274 167
61 292
214 56
77 260
44 146
72 340
284 135
348 299
130 147
11 9
207 251
15 151
250 258
210 21
133 49
319 309
336 165
283 345
193 178
255 348
234 90
99 129
76 192
1 282
277 95
114 285
203 110
244 319
340 271
70 103
54 29
184 333
114 58
163 12
304 83
62 30
330 26
288 273
214 187
201 13
156 272
227 260
45 45
265 120
273 323
112 54
276 153
292 29
182 234
144 76
63 286
107 298
211 105
257 291
28 313
171 46
184 125
325 94
154 114
342 90
207 200
325 298
354 319
357 185
124 119
105 358
214 28
84 71
161 338
332 142
135 94
191 223
268 304
357 274
197 333
45 318
12 52
3 341
323 205
258 214
348 10
328 59
225 100
318 251
188 334
190 32
252 340
42 335
39 320
204 313
308 110
179 218
54 19
11 250
122 239
32 111
140 225
304 267
279 225
107 273
197 12
120 353
305 161
224 143
291 30
104 60
121 142
267 156
281 166
86 63
302 304
336 48
273 27
20 18
31 321
322 145
250 348
25 197
311 63
171 252
244 84
204 29
230 347
145 147
11 112
188 23
141 173
144 172
239 148
185 260
80 241
71 160
216 337
253 301
266 240
156 152
70 276
233 65
193 39
198 187
306 334
325 229
156 41
301 93
59 291
25 303
137 140
256 143
316 173
222 281
299 238
38 142
218 110
27 309
336 260
350 13
322 71
114 176
79 246
262 18
118 308
188 78
198 256
332 336
16 105
218 196
50 61
74 255
237 210
312 296
23 37
354 81
92 79
187 164
98 144
111 146
38 95
231 257
273 294
137 203
136 283
223 263
66 15
226 237
102 74
173 239
171 61
84 90
252 294
76 56
127 37
259 219
158 178
21 115
26 180
322 334
204 221
302 336
178 343
119 196
87 279
30 318
210 207
168 191
233 191
29 325
355 152
129 294
63 22
178 244
283 132
275 58
346 348
31 158
146 72
98 281
174 47
197 115
276 238
179 230
227 204
177 311
16 181
137 65
55 191
236 30
284 326
278 40
219 333
8 1
86 153
273 49
22 266
316 66
277 9
283 139
249 254
305 262
100 174
50 241
341 181
252 9
353 38
12 155
216 158
80 100
18 53
129 97
214 76
7 235
190 270
292 176
12 249
141 31
97 174
1 23
68 346
182 258
19 84
262 13
141 112
140 241
233 66
70 48
132 263
241 210
236 344
301 154
115 344
273 66
294 170
105 217
129 65
186 82
243 268
10 349
282 68
63 269
175 265
49 250
207 132
102 259
300 97
167 305
299 139
221 69
145 123
162 118
352 284
191 304
252 246
60 60
204 90
168 352
98 294
15 26
137 273
279 298
267 106
170 30
296 260
147 49
58 311
61 120
125 46
329 44
358 182
124 172
157 2
88 291
202 192
275 138
139 96
190 71
285 116
123 83
1 181
150 190
224 342
74 315
49 273
117 335
320 103
356 219
206 243
81 303
180 222
221 90
127 27
31 286
4 131
178 117
16 192
116 356
189 66
158 250
352 319
49 31
189 319
282 240
148 13
78 35
157 276
60 357
96 347
165 296
272 11
215 112
46 30
353 339
332 170
5 4
93 133
131 65
305 264
71 342
269 203
313 319
78 285
129 294
88 205
256 142
1 298
66 248
125 118
200 282
135 355
16 107
215 29
75 200
1 136
62 227
322 312
229 249
261 222
250 172
329 76
152 81
138 20
99 315
167 218
280 344
298 193
104 340
170 5
54 170
187 28
219 344
234 194
247 139
162 17
331 42
269 260
289 23
41 92
238 14
208 336
199 214
181 236
139 239
52 337
295 48
26 235
46 271
73 309
197 204
297 19
86 67
331 215
268 37
79 288
111 101
248 317
281 273
137 143
139 358
172 122
331 230
39 310
76 19
91 239
242 284
43 269
63 130
167 49
95 133
288 159
300 85
194 33
290 93
186 68
80 76
194 206
133 75
297 1
1 309
28 196
235 55
87 32
124 118
266 129
343 329
184 256
205 201
180 311
216 48
52 212
338 221
213 31
346 172
6 130
186 297
48 298
262 123
142 303
327 238
131 108
153 310
257 239
119 315
46 343
303 313
165 207
200 166
319 227
127 11
314 341
136 142
313 12
81 284
65 333
64 246
335 69
1 186
295 289
115 259
238 302
86 226
33 128
193 195
164 137
218 272
346 134
314 246
9 168
182 181
221 199
246 71
170 333
84 53
151 239
241 292
319 315
265 325
259 229
227 254
194 95
273 265
313 9
357 81
321 223
263 307
296 289
166 201
279 211
67 318
350 27
77 342
195 151
163 40
117 304
44 212
46 84
272 315
336 112
201 73
187 111
147 355
142 199
92 232
352 23
33 325
139 220
11 47
357 128
251 88
281 135
105 128
282 113
360 44
112 136
272 150
143 206
283 343
199 14
226 22
268 214
333 121
178 174
220 158
245 8
324 291
184 61
55 129
223 207
277 189
221 147
17 120
239 131
331 229
127 171
344 360
307 292
39 40
47 150
96 96
132 3
93 130
308 210
157 127
303 167
50 192
110 11
105 63
20 355
104 276
118 258
93 202
48 44
77 170
195 278
236 306
3 233
345 18
226 102
328 244
176 177
191 256
337 252
67 299
290 236
148 68
113 248
60 208
282 330
177 61
100 126
149 91
212 156
86 286
69 316
194 202
88 34
179 302
345 357
360 61
174 25
191 173
87 342
355 15
226 187
268 286
113 11
325 7
129 346
22 37
161 158
35 334
204 217
262 345
161 180
299 251
238 221
241 129
11 149
21 108
78 281
262 55
190 137
239 306
138 80
253 295
250 155
180 167
320 21
180 341
201 246
28 242
256 331
329 120
72 4
186 304
221 66
172 102
243 246
33 46
235 347
305 139
267 2
96 340
220 26
269 24
176 105
347 262
273 93
90 20
50 72
34 291
244 112
120 274
22 338
106 130
295 338
86 351
181 276
67 332
226 27
263 113
219 12
193 180
279 208
43 196
359 83
101 233
119 50
227 298
122 132
41 87
258 283
350 174
346 133
104 320
200 26
120 295
326 96
262 327
88 215
114 313
86 155
218 322
268 61
155 12
320 131
183 359
100 267
223 39
87 96
10 16
59 29
88 63
175 86
282 116
90 296
8 163
252 172
324 81
254 136
227 335
98 330
268 250
186 228
32 122
323 133
15 81
346 46
143 12
48 355
28 257
24 15
256 17
253 156
40 242
11 191
166 220
268 275
145 4
255 15
263 140
173 106
296 91
86 125
140 320
41 116
216 142
144 279
290 118
45 201
104 129
90 183
9 74
84 122
250 276
71 248
199 15
313 163
279 101
158 280
157 156
150 114
62 283
17 209
293 192
61 212
202 286
125 252
305 293
277 92
189 47
323 332
141 143
184 139
265 2
142 161
261 173
244 215
54 303
92 28
246 268
309 346
49 223
12 195
115 248
34 322
52 254
149 70
139 274
49 96
33 259
275 119
358 109
161 192
246 117
235 228
270 77
48 197
115 251
281 181
333 189
23 141
20 229
349 120
44 7
204 156
56 261
305 93
228 93
258 214
82 91
275 236
36 147
1 263
223 166
18 170
7 65
347 325
44 116
247 318
331 291
92 115
203 331
226 323
90 12
39 290
162 43
245 175
212 281
298 272
127 9
182 8
313 174
350 318
186 249
95 11
166 189
293 261
292 42
154 272
312 156
109 112
285 271
171 92
217 333
146 314
286 163
340 270
70 141
216 329
298 322
131 349
288 29
267 158
207 248
304 73
316 360
45 141
40 329
339 233
111 59
204 165
10 229
185 203
69 305
154 271
254 316
236 161
2 40
240 175
112 6
171 129
72 38
149 119
119 178
192 37
29 26
317 269
319 116
201 229
183 86
235 82
135 331
164 183
262 88
331 28
262 315
142 183
41 207
162 317
255 228
45 187
340 1
120 302
289 203
145 178
127 307
179 341
129 334
314 230
199 346
355 198
14 348
283 54
359 318
248 183
150 132
216 201
222 318
97 186
82 99
170 199
317 80
271 84
27 214
200 297
184 299
1 54
8 31
134 233
104 124
295 264
297 211
143 71
144 125
131 62
7 186
285 91
264 262
68 145
152 6
285 277
154 286
211 98
232 51
120 173
323 161
279 38
180 336
187 271
347 167
127 279
211 130
260 189
218 356
252 25
225 182
39 30
182 224
22 255
99 114
321 60
190 139
328 34
32 230
256 248
183 244
1 110
272 123
301 158
86 350
258 201
227 197
80 182
278 108
40 29
68 307
165 258
148 102
133 327
87 315
123 21
247 104
316 214
73 12
82 123
116 323
255 179
346 139
352 174
109 245
326 170
249 78
110 349
236 159
196 60
247 216
329 120
289 85
274 32
47 267
118 143
273 146
71 169
65 193
111 277
159 307
198 305
128 33
161 90
125 334
173 133
179 157
352 156
251 338
175 98
68 325
319 231
55 44
295 161
214 358
209 160
215 133
239 43
121 140
33 185
301 58
183 263
30 248
297 106
129 151
229 188
96 142
320 96
302 211
355 125
3 245
285 330
32 47
199 262
139 219
69 205
239 268
329 53
274 171
231 321
279 73
249 163
305 57
200 209
360 98
284 336
215 155
181 299
122 243
352 80
317 34
288 249
151 92
83 82
154 191
238 260
15 103
206 256
36 279
43 250
103 37
27 310
177 242
241 103
240 313
156 172
287 69
292 303
231 359
310 225
11 281
106 347
212 229
104 176
135 140
180 184
352 30
309 100
75 119
141 79
3 109
18 140
268 287
301 319
242 12
305 277
15 80
352 300
312 190
201 22
351 237
113 358
274 283
328 67
227 259
103 104
39 209
177 119
68 294
349 8
13 129
215 239
122 335
254 173
36 242
234 75
60 310
288 102
108 295
205 214
118 255
256 241
109 307
354 95
307 233
139 38
179 349
181 335
173 82
280 350
254 320
204 249
360 35
176 263
106 300
219 240
38 234
321 287
172 264
54 356
324 244
191 304
162 337
10 272
78 161
104 229
143 234
32 168
31 185
341 232
299 309
111 337
118 43
169 53
360 150
181 286
2 170
161 195
98 137
75 319
258 32
219 49
160 154
174 105
83 353
84 167
129 109
160 197
186 335
108 46
139 38
293 116
44 246
346 11
35 123
175 234
119 152
17 72
17 234
9 52
248 152
213 176
255 356
215 271
103 133
203 208
135 134
275 238
196 129
103 201
11 291
141 347
348 91
100 299
270 175
246 130
98 287
55 121
68 143
24 182
218 316
96 81
331 19
52 331
278 327
157 325
81 334
250 283
208 116
7 15
323 150
210 242
275 127
283 66
110 313
343 17
33 96
112 354
151 78
160 335
329 318
2 208
168 293
259 46
309 46
224 204
269 195
102 64
29 12
126 6
25 355
112 54
295 70
200 148
140 267
18 286
347 333
339 138
306 306
9 251
48 190
298 281
44 188
241 60
125 330
155 231
290 255
311 155
33 301
276 303
244 9
64 253
50 24
205 110
315 351
7 165
28 234
313 176
111 61
358 178
200 114
200 193
53 97
176 301
46 244
261 167
240 43
356 111
18 312
248 43
13 171
203 359
71 15
304 59
187 39
228 209
351 313
184 207
153 253
298 250
172 169
264 270
281 94
273 234
199 224
32 129
22 167
114 234
37 223
135 49
110 100
120 92
87 16
304 299
31 31
256 149
127 166
278 236
292 156
143 113
111 16
73 141
240 288
275 202
359 15
227 77
86 93
131 118
224 262
56 12
140 171
155 106
276 94
255 247
152 268
223 37
46 220
218 289
315 263
131 351
262 279
262 136
97 201
357 44
127 332
47 325
161 304
277 119
86 20
357 192
264 261
251 201
252 318
259 262
127 346
188 175
95 25
52 349
353 21
66 300
113 61
48 320
214 12
51 322
110 255
25 158
174 334
325 277
340 10
200 45
184 145
158 114
256 241
269 357
18 301
225 236
100 113
36 269
126 248
207 299
235 200
299 21
350 4
359 258
89 221
113 3
302 82
12 114
160 156
168 27
187 219
151 45
126 304
214 351
100 260
131 38
332 56
199 134
141 48
124 322
136 266
32 261
128 23
346 68
231 51
130 175
74 330
169 152
153 220
37 208
47 10
147 166
260 65
171 165
250 270
33 29
351 330
69 243
246 147
1 303
272 49
62 252
31 251
306 210
177 9
281 162
348 193
22 302
235 165
173 177
256 108
175 68
154 240
341 81
271 359
99 294
213 160
278 276
2 137
165 127
308 234
28 328
258 163
180 307
48 27
152 87
40 197
133 107
29 107
185 321
301 219
102 298
64 83
42 71
219 308
201 246
204 258
143 221
291 230
274 209
78 168
34 301
183 81
213 51
182 317
128 183
326 170
66 327
180 340
165 244
197 110
345 46
13 75
83 9
166 127
358 351
125 86
220 119
256 302
1 255
88 188
314 72
124 107
12 326
75 267
324 244
98 268
186 201
179 98
234 358
149 261
188 139
323 158
311 356
342 248
99 213
198 22
308 332
31 277
123 182
179 109
299 116
139 319
319 175
360 172
235 210
232 352
309 259
220 110
146 355
262 125
269 115
355 129
168 221
214 304
2 37
238 226
226 315
337 137
162 209
115 298
316 97
289 142
231 74
63 48
185 130
164 6
81 217
141 39
24 359
251 71
305 42
120 237
237 24
104 181
329 359
66 315
18 81
134 71
107 253
32 335
231 335
83 166
295 322
230 5
92 68
179 315
163 167
277 149
114 1
100 276
80 203
3 271
193 18
5 221
288 310
74 231
124 64
38 119
146 328
308 267
64 183
342 258
193 324
18 14
53 235
313 188
148 176
350 330
54 93
278 222
62 358
337 53
143 233
224 167
256 43
52 157
208 291
91 137
343 91
30 178
353 288
52 50
216 222
257 278
29 26
320 12
293 134
209 246
330 211
267 355
295 350
149 322
245 161
312 294
68 70
249 219
144 296
20 203
293 287
146 35
135 26
302 164
309 81
92 8
210 184
226 325
26 188
125 110
19 124
245 346
292 84
209 282
270 103
11 24
224 333
205 272
134 146
83 177
328 78
85 311
153 224
286 5
24 238
43 241
93 226
16 112
259 293
63 351
171 186
153 211
119 307
69 320
292 227
109 300
294 64
96 102
222 263
324 333
153 127
31 237
221 169
93 76
298 320
199 21
38 8
102 260
301 103
225 340
338 281
339 213
174 194
254 277
216 280
148 180
349 68
346 121
275 10
211 99
74 236
288 109
329 108
100 148
212 81
198 160
198 103
127 186
51 223
41 157
129 242
55 224
62 232
270 168
268 218
28 189
325 234
43 232
84 28
287 357
107 229
114 90
114 274
147 264
238 356
141 308
201 251
285 187
261 228
330 37
140 195
211 123
72 248
298 178
47 191
25 218
144 65
189 100
69 21
353 321
23 265
24 200
68 200
228 174
59 4
105 290
238 113
223 316
30 239
198 332
303 333
211 165
68 202
140 338
213 80
229 252
242 104
253 156
85 285
198 326
47 101
238 199
157 233
70 357
74 173
65 331
117 360
134 156
286 312
216 261
4 184
103 242
150 328
57 223
295 148
20 64
119 298
238 324
174 201
105 344
74 276
338 177
205 200
304 353
156 278
274 214
297 63
131 156
133 51
141 174
305 139
234 18
161 113
12 327
184 157
169 135
317 229
283 335
211 185
321 277
188 241
248 260
51 358
224 322
351 267
138 298
348 289
80 144
107 82
131 135
267 353
7 272
165 246
354 9
128 181
129 95
149 152
216 281
259 282
355 321
355 174
221 50
296 174
310 315
152 262
128 311
11 351
117 105
13 172
308 255
166 79
232 59
270 182
62 221
183 287
335 306
178 136
354 57
37 81
91 44
232 180
288 281
200 168
179 155
193 323
288 165
3 13
295 305
20 235
89 280
225 210
285 247
307 245
147 302
273 90
139 157
315 17
126 203
93 192
225 343
45 163
144 325
344 293
174 81
211 238
141 309
228 303
211 54
234 348
90 51
341 34
241 230
182 337
110 226
336 8
4 342
77 200
114 251
276 312
220 311
32 354
13 232
191 316
240 304
149 157
66 110
127 102
335 320
287 26
113 162
143 14
356 214
39 329
218 312
47 222
50 177
4 14
166 99
333 330
102 226
217 1
12 99
341 4
8 185
288 34
261 125
223 176
139 275
284 329
67 352
128 110
204 79
73 65
311 265
208 3
358 345
32 231
274 143
155 359
341 9
36 67
113 245
157 95
360 305
273 350
114 113
105 298
217 17
94 270
358 228
272 250
136 30
198 355
240 161
140 226
106 48
113 176
243 282
140 345
212 24
318 107
53 157
52 357
316 323
161 347
292 341
38 13
330 160
309 243
11 64
180 251
104 41
109 349
102 216
40 354
360 111
221 151
98 87
41 228
247 26
343 274
43 101
117 42
147 316
266 319
8 55
200 108
62 150
224 136
196 116
216 48
215 215
331 276
21 341
280 194
61 250
357 244
323 44
270 258
205 221
248 281
316 147
349 63
191 60
51 329
146 260
33 114
265 70
245 170
220 262
15 77
328 333
87 183
10 140
178 307
37 91
61 106
325 96
46 53
26 214
30 44
314 165
176 37
120 18
246 67
323 184
334 350
9 285
353 281
326 56
315 131
55 285
359 113
186 347
127 168
352 200
312 47
285 111
355 85
180 90
87 336
32 253
174 150
259 83
274 86
255 207
202 265
119 4
147 202
329 24
339 339
309 65
15 357
63 145
261 43
155 220
341 179
145 54
185 237
149 4
126 216
232 251
12 147
236 291
97 135
350 120
10 264
62 35
171 179
323 75
4 19
45 34
109 74
18 103
230 89
182 89
75 347
9 192
306 279
248 181
40 20
141 135
23 228
168 349
344 18
68 160
194 250
9 196
286 138
177 70
257 166
320 197
342 357
182 95
81 316
156 252
86 302
62 124
246 332
56 4
93 154
360 198
41 270
42 132
247 205
45 13
301 353
245 313
106 271
128 145
231 328
244 172
229 18
263 165
149 86
243 357
239 27
272 341
254 132
316 41
251 245
22 140
287 191
315 289
142 197
37 220
221 294
6 298
122 93
185 286
184 200
161 40
107 235
324 339
57 298
133 73
138 196
176 337
180 254
18 45
159 231
267 250
44 341
142 46
225 324
72 56
236 44
326 124
38 198
244 63
85 71
360 156
277 176
259 131
114 122
263 303
51 6
188 194
7 23
120 345
306 267
334 342
304 241
301 257
328 134
357 181
317 292
342 141
43 30
33 259
137 261
71 324
74 355
91 320
45 227
241 313
201 326
79 129
211 183
312 153
62 242
198 332
85 84
152 270
313 157
328 341
38 217
169 13
143 191
152 161
6 300
202 222
268 241
122 261
329 101
20 58
52 187
167 239
52 313
75 114
77 318
231 224
175 192
351 240
127 215
86 88
15 221
334 86
320 234
201 48
214 139
354 240
277 7
47 204
316 296
205 198
340 25
19 131
56 179
315 10
248 222
165 211
354 299
46 92
32 353
143 293
180 358
97 57
190 173
65 240
187 321
296 247
203 245
18 137
142 25
113 242
182 77
345 289
327 264
307 345
184 197
91 179
48 86
307 336
277 115
214 59
290 334
287 81
123 35
127 263
80 256
161 191
13 203
243 276
178 299
98 150
316 228
295 215
353 211
45 309
103 22
116 301
237 18
114 185
317 217
98 154
108 99
199 93
179 274
268 352
114 116
15 9
64 26
272 166
315 169
93 59
3 291
138 163
180 328
264 40
290 255
264 213
6 109
292 295
175 16
280 46
26 84
279 356
113 332
29 218
93 83
349 343
338 55
253 277
87 275
59 51
23 199
95 17
224 12
94 308
346 196
358 218
81 78
295 290
140 35
122 351
274 67
319 35
239 287
128 133
225 44
251 208
112 226
5 245
32 144
292 306
223 186
66 45
104 136
263 165
245 40
135 138
48 77
121 190
173 308
217 118
283 352
136 264
199 97
333 126
277 91
12 115
305 115
157 13
9 239
349 148
308 45
54 124
89 211
9 307
309 261
291 14
100 5
359 167
217 25
356 211
275 192
313 30
141 216
326 165
26 29
108 265
148 162
88 11
174 350
351 227
105 271
122 352
134 24
92 334
168 312
132 90
100 223
64 26
266 309
5 258
88 11
235 272
8 317
230 250
295 80
35 111
175 333
317 26
40 321
57 98
214 147
9 115
339 72
312 102
180 35
109 337
214 147
11 76
203 103
55 69
331 325
101 89
5 185
289 166
278 354
202 74
30 154
185 316
131 73
13 57
40 234
322 1
223 16
206 351
186 136
170 185
232 184
179 92
84 294
352 355
276 116
181 254
319 28
185 11
160 303
54 212
279 151
204 55
278 313
354 335
16 129
234 328
242 353
144 322
314 211
161 150
244 168
155 102
75 34
39 165
296 166
232 36
324 226
267 271
275 260
289 251
229 111
105 257
263 322
147 131
96 269
90 360
86 202
112 266
174 45
285 274
250 356
232 254
276 92
103 236
179 242
303 96
280 187
271 182
284 102
6 244
267 349
309 131
274 334
352 217
305 348
89 1
200 354
340 11
253 35
357 171
358 46
131 253
70 255
327 44
172 349
187 273
41 159
253 316
28 263
62 151
99 314
60 137
249 333
6 250
250 12
4 136
224 343
199 230
53 143
17 279
16 218
220 168
54 343
342 114
318 359
228 130
204 149
286 78
18 11
286 143
221 252
110 160
226 3
50 54
176 40
179 197
351 265
333 302
50 156
260 274
68 228
109 92
128 159
360 238
135 27
80 39
326 178
341 249
305 215
133 319
159 223
50 160
271 116
142 237
149 162
215 234
67 66
10 339
126 226
43 198
175 95
189 332
73 79
145 292
196 291
11 18
226 57
231 46
121 105
55 284
5 293
22 164
190 206
116 198
147 42
298 298
286 303
198 157
120 308
54 45
301 270
228 127
190 179
309 283
210 198
30 335
325 262
55 345
143 76
97 252
84 142
281 113
85 268
300 63
14 114
349 330
224 132
225 176
34 121
114 336
216 80
292 23
24 315
16 101
230 61
41 197
23 28
310 49
294 295
34 203
185 179
237 167
327 9
251 70
72 62
126 215
269 237
125 114
88 335
5 243
261 146
239 310
15 59
10 10
35 192
244 223
183 123
141 92
235 290
201 75
81 220
237 325
266 349
145 8
221 181
269 182
86 208
330 134
169 86
126 193
180 192
68 146
318 313
78 194
108 218
107 359
152 340
137 240
247 198
160 141
114 5
262 139
70 150
224 76
156 247
10 203
70 115
149 40
191 330
204 42
16 328
265 236
292 113
294 174
357 178
71 168
341 123
165 171
88 272
264 349
102 71
244 227
113 256
247 272
55 19
286 152
173 130
142 213
123 277
118 8
268 15
76 101
274 170
258 254
126 253
172 73
211 148
174 212
77 183
24 204
346 203
53 216
211 305
229 320
175 209
30 94
358 191
171 239
197 146
258 256
78 246
86 290
50 137
23 28
251 345
120 281
220 52
351 345
69 66
121 86
287 188
273 278
284 266
148 285
105 137
193 76
199 97
255 256
35 258
323 185
252 319
332 358
198 107
83 65
153 12
247 31
246 54
335 54
154 161
251 38
137 156
80 133
112 349
268 326
138 237
192 14
174 301
62 28
9 17
173 128
23 285
312 99
253 145
214 82
40 101
218 305
273 95
3 250
332 289
172 10
56 94
257 131
204 99
73 89
263 144
188 74
133 254
273 118
293 166
123 70
75 92
187 253
54 146
82 259
11 49
9 310
61 181
168 272
65 26
317 39
306 191
205 180
141 231
152 100
240 302
313 225
73 62
23 255
2 22
78 278
17 291
99 306
110 218
72 183
37 239
179 312
23 88
356 253
35 197
255 59
104 143
43 319
278 306
243 155
161 152
206 119
116 318
199 231
60 68
229 25
261 176
54 20
340 88
155 315
208 251
196 298
59 323
73 355
210 235
310 153
129 217
202 110
161 255
300 3
110 216
195 289
67 219
75 336
72 281
29 280
102 200
296 172
288 203
138 242
54 320
125 91
189 147
338 115
347 162
89 298
347 78
206 294
322 21
119 143
47 240
90 133
202 276
322 329
243 95
141 251
327 245
344 77
265 260
139 43
46 33
311 303
226 34
108 334
50 13
338 350
44 113
249 220
145 228
260 17
121 16
229 146
270 125
16 206
224 151
90 268
284 250
295 51
248 267
22 222
118 5
2 156
113 140
16 311
6 301
170 232
290 130
77 251
199 108
1 200
135 280
231 126
355 250
237 7
344 239
38 7
21 18
156 199
213 243
152 191
121 72
121 7
188 279
68 183
287 193
182 314
185 196
184 59
347 262
187 83
297 336
193 254
140 19
59 88
247 122
132 324
98 287
253 350
212 320
110 309
72 237
226 305
108 278
350 182
167 48
110 352
328 148
270 139
332 206
164 135
123 43
42 308
15 188
243 220
243 92
147 297
255 302
24 179
196 96
284 284
84 224
154 199
347 124
294 303
194 292
107 68
220 235
249 295
255 278
176 146
147 284
184 154
257 303
324 156
277 205
210 90
240 29
211 333
287 320
179 250
217 234
311 113
219 168
292 261
94 164
246 242
6 280
133 340
87 24
337 125
225 56
36 63
45 170
106 112
286 73
267 57
44 18
132 79
91 40
149 343
50 210
220 101
278 212
150 242
6 246
214 269
120 260
300 275
253 66
168 43
143 273
27 232
302 191
116 21
23 139
171 232
41 85
15 111
19 106
224 300
29 206
73 318
41 113
110 59
215 283
147 157
76 96
114 272
102 5
273 359
264 195
38 229
301 59
296 195
316 251
299 272
356 152
117 254
193 338
243 193
136 167
152 70
318 210
244 234
182 91
222 51
53 33
209 22
295 136
204 216
263 262
38 289
33 37
224 38
147 261
15 140
197 155
297 128
246 301
288 17
238 102
254 167
350 152
242 286
119 135
301 140
214 135
192 15
306 337
69 153
351 156
166 290
119 6
36 189
350 223
66 272
232 124
286 292
82 136
125 203
3 115
251 248
69 70
292 276
249 327
17 187
246 158
8 300
343 331
344 336
175 65
334 357
315 43
262 309
323 279
134 317
19 340
132 19
176 208
237 260
121 301
36 48
328 37
17 88
126 18
173 204
174 60
205 33
229 140
338 137
187 208
295 281
290 339
242 12
67 164
124 230
244 7
177 185
189 252
62 103
299 98
259 215
86 230
136 299
216 101
36 349
94 66
214 12
290 258
92 56
355 99
166 115
166 54
298 321
27 203
194 250
49 42
99 204
92 24
139 310
44 145
311 48
120 283
17 93
235 77
29 344
30 281
346 25
220 300
357 91
311 167
239 2
213 7
120 138
154 49
172 291
239 47
208 58
35 207
92 144
310 10
58 226
3 82
284 243
156 122
9 168
76 347
266 49
158 7
232 74
258 316
143 227
46 154
206 330
330 147
115 74
145 101
354 258
35 175
196 197
240 145
336 241
338 77
219 242
126 243
309 62
179 84
149 297
181 224
169 91
290 80
296 3
241 319
221 188
330 40
223 322
55 359
137 166
321 137
311 307
237 203
64 70
289 87
319 142
223 141
254 186
166 236
8 30
88 230
141 78
11 232
243 124
278 200
252 285
308 83
65 60
173 328
196 136
106 5
290 35
231 49
359 208
105 282
335 91
185 232
43 206
336 128
109 31
121 174
8 294
201 202
352 225
297 60
244 160
343 208
225 224
318 81
351 326
142 256
354 39
1 181
129 296
210 311
199 168
108 122
78 124
248 328
50 122
251 342
254 253
245 82
31 136
304 201
281 151
28 356
25 69
163 351
163 265
155 354
290 197
54 62
237 82
275 313
157 323
226 165
193 213
278 146
84 223
90 205
265 241
220 346
202 323
7 285
326 14
282 19
294 179
13 85
138 81
60 73
109 100
319 184
161 252
7 11
18 44
349 134
251 137
239 110
11 74
31 331
10 147
340 64
160 228
180 337
348 197
82 70
126 329
168 184
173 227
269 129
2 66
287 151
215 179
230 308
347 185
76 121
201 224
138 240
307 254
198 45
20 201
252 100
80 75
146 69
312 24
115 67
341 221
196 154
157 281
355 163
84 144
315 42
66 253
265 178
148 194
280 2
192 161
191 245
323 138
74 307
62 324
166 50
253 14
204 203
131 58
48 257
240 177
114 91
224 289
67 111
19 141
91 108
308 225
143 103
187 314
44 52
295 313
329 207
172 337
274 52
46 323
353 122
351 107
352 259
358 51
30 355
62 258
293 134
30 278
16 65
111 10
18 133
287 347
234 279
197 40
149 67
318 347
59 146
250 223
72 138
84 239
215 250
243 115
323 350
93 230
77 247
305 193
113 266
33 89
58 51
356 294
72 141
24 45
17 59
104 203
260 338
128 263
118 48
357 151
269 220
171 80
140 134
133 341
280 166
291 132
243 327
98 111
198 307
16 38
251 340
47 196
216 88
269 314
14 229
196 74
68 115
218 128
98 91
326 168
62 315
129 347
117 313
312 182
325 118
19 161
214 152
53 262
189 144
318 125
328 317
37 352
146 159
340 251
79 25
109 224
174 299
131 107
197 150
10 292
85 51
305 58
251 310
195 286
34 63
356 318
305 42
308 43
151 190
18 327
282 60
198 335
317 82
159 263
8 289
272 64
332 279
205 52
130 76
142 289
109 125
293 54
219 39
164 288
299 266
351 102
179 59
248 187
225 29
75 358
293 90
138 9
342 311
60 110
32 12
232 136
263 136
42 1
85 257
7 147
179 98
243 351
205 118
324 356
231 315
2 270
276 352
356 157
48 49
334 234
161 51
22 255
132 64
79 314
262 185
347 101
277 23
257 184
117 201
76 211
185 299
150 153
229 286
308 59
317 154
125 124
256 227
67 193
65 17
162 347
55 160
122 143
245 216
243 322
169 169
190 140
110 124
120 13
305 183
266 130
167 39
262 157
119 112
276 290
118 255
351 339
4 14
346 97
305 232
255 105
5 205
90 133
285 30
100 189
26 191
271 7
162 278
187 103
225 161
265 114
15 264
140 350
115 38
186 327
283 55
232 202
198 8
162 152
239 32
264 83
150 100
93 264
123 280
175 277
160 31
97 3
99 148
260 161
164 114
216 14
233 278
325 119
55 119
99 300
53 143
305 86
112 293
131 16
293 49
71 145
270 263
346 148
214 337
324 217
37 81
92 91
315 154
304 181
163 292
34 272
14 86
245 51
342 58
209 84
75 50
12 44
159 179
332 107
141 357
281 357
28 252
329 253
70 35
244 8
151 40
192 129
196 330
330 300
188 77
259 188
284 259
109 278
144 240
33 161
240 26
168 227
239 185
295 168
203 58
206 46
148 300
275 350
254 309
44 123
260 201
94 233
188 130
216 148
229 303
322 347
342 278
264 260
318 104
151 4
57 84
184 44
4 113
341 28
151 90
293 319
275 216
353 24
64 198
16 132
170 54
107 86
297 223
72 155
346 121
21 207
325 58
16 119
186 225
136 93
171 82
58 122
178 248
153 297
89 90
343 345
317 27
317 161
274 111
189 305
258 226
23 92
183 230
252 168
352 143
164 92
206 76
208 56
205 169
20 331
251 156
222 60
48 54
206 228
293 181
14 214
30 150
174 263
299 55
167 338
303 349
310 317
88 225
171 209
35 58
184 270
154 57
249 313
69 159
333 284
265 51
211 155
51 335
356 128
242 282
179 112
102 49
278 199
94 166
279 250
259 259
22 331
176 295
323 57
66 184
32 213
87 185
148 312
169 249
238 89
29 337
327 217
1 199
202 292
26 268
119 7
46 149
2 134
337 111
317 76
336 197
216 7
314 268
310 329
238 202
39 23
354 187
210 187
279 178
357 59
172 84
108 101
349 157
155 89
193 66
71 79
180 311
286 317
295 93
344 55
164 333
109 100
136 263
183 303
210 20
98 142
208 67
16 340
142 336
220 352
349 300
329 155
257 220
294 204
63 113
312 333
169 121
124 304
195 45
225 50
338 124
326 196
169 237
223 315
269 135
136 137
315 132
113 250
11 239
309 239
274 332
358 132
308 31
85 142
251 232
300 340
67 129
23 46
339 251
187 44
168 281
202 37
283 42
47 291
336 192
83 198
182 208
97 299
297 278
306 345
267 343
51 338
299 225
60 25
301 53
109 264
48 238
202 144
165 37
225 3
287 287
120 75
163 202
292 149
13 150
269 36
199 258
355 125
41 72
147 253
349 119
276 349
315 327
316 68
280 64
205 130
241 289
191 253
101 107
63 284
114 4
85 230
273 75
186 358
164 268
290 214
71 140
41 347
100 75
194 254
159 173
72 332
68 132
195 221
352 326
249 138
73 100
239 338
119 265
343 68
286 193
284 132
295 69
36 259
33 58
268 15
344 105
297 194
157 21
114 80
71 187
25 139
317 301
209 157
283 289
279 11
174 185
118 119
290 332
32 168
342 335
308 293
106 167
235 258
74 256
41 218
12 178
120 118
180 163
35 127
127 19
74 106
46 89
293 22
173 255
71 129
255 134
110 340
103 257
51 253
158 344
271 65
264 61
131 6
255 260
129 286
302 38
287 100
19 195
80 240
157 62
207 73
112 294
274 37
155 99
300 65
140 104
314 41
89 21
68 4
228 132
85 182
49 254
122 80
274 258
150 203
274 108
113 258
81 134
357 5
132 216
10 336
95 210
340 317
197 346
35 279
310 31
308 298
166 103
122 287
345 140
156 42
252 143
243 14
182 187
57 250
265 169
70 247
254 139
187 312
300 250
163 20
112 158
103 160
144 306
189 58
151 79
168 160
287 159
168 32
137 340
287 178
126 150
295 40
249 10
116 254
358 27
50 17
39 253
120 327
292 258
223 103
172 78
167 27
304 282
230 135
84 173
123 198
281 1
62 107
271 198
205 129
155 80
24 179
4 215
240 275
256 306
184 196
66 131
313 341
334 231
43 354
187 183
9 87
89 151
128 96
83 64
83 185
287 209
234 252
226 74
118 280
25 265
148 309
222 9
34 265
96 6
28 28
19 69
279 90
218 323
110 48
339 258
225 59
248 123
53 179
301 338
229 145
239 281
14 276
94 223
208 34
209 223
288 73
168 219
128 113
14 292
224 107
116 190
325 254
86 74
206 101
226 211
284 87
175 150
122 56
84 275
76 352
307 310
77 186
209 184
138 235
199 43
100 120
253 31
141 111
241 210
276 47
4 337
355 348
108 41
343 165
315 111
153 298
105 69
127 24
202 275
112 291
33 183
313 81
260 328
52 18
61 264
321 259
308 122
87 249
40 110
327 34
266 298
192 148
229 348
88 210
170 121
213 185
173 129
316 125
124 79
37 349
57 120
348 242
24 313
5 359
116 46
44 333
45 348
164 30
71 275
114 180
72 295
189 68
234 305
126 187
169 5
299 268
75 162
315 66
140 356
99 76
132 261
14 288
332 189
126 235
53 10
208 261
146 183
105 78
46 145
254 246
288 101
342 337
8 162
51 3
141 122
311 335
320 348
233 93
309 236
332 79
297 224
347 194
191 77
273 316
300 173
98 129
54 303
40 60
134 178
129 124
152 112
139 334
53 240
234 253
329 163
360 209
1 249
164 292
252 260
170 46
239 238
197 129
332 332
353 168
82 161
82 100
292 219
320 254
285 322
249 155
206 238
262 342
29 35
181 220
275 313
136 121
211 290
216 53
155 255
155 168
245 282
236 268
144 193
226 43
228 77
168 70
8 258
187 272
356 42
303 60
206 155
266 250
69 108
207 288
93 54
83 148
140 293
141 191
285 197
130 35
102 203
320 238
268 209
79 10
92 19
349 290
300 185
3 191
289 311
345 358
324 195
316 301
66 66
227 291
272 275
133 179
304 275
196 11
342 16
261 284
63 23
199 352
210 114
158 139
94 359
181 353
173 18
118 195
106 207
59 181
98 172
202 10
152 245
200 263
106 323
340 277
318 100
2 178
22 250
296 184
98 35
122 153
174 328
134 60
274 262
4 253
293 6
237 248
296 344
280 129
166 258
315 71
139 39
352 226
77 336
207 220
256 278
159 37
162 135
189 163
21 322
134 309
233 341
31 333
3 135
249 83
8 127
47 299
324 239
339 132
134 146
66 56
289 324
299 251
171 314
147 23
183 192
39 63
70 171
228 221
273 135
118 323
169 206
239 175
167 286
50 353
271 222
69 70
198 330
154 225
55 111
103 323
20 313
225 181
45 65
247 207
93 164
147 272
219 228
78 74
127 304
354 279
4 331
343 305
198 135
287 197
267 241
54 296
43 178
341 247
319 286
229 21
147 209
356 11
278 8
74 173
296 327
76 104
115 251
211 108
220 350
348 329
233 259
216 22
335 198
193 115
295 98
82 265
273 123
75 254
1 61
43 262
311 242
357 110
253 169
354 70
19 210
73 323
198 112
15 161
336 254
217 318
293 158
8 154
265 168
248 204
169 98
343 160
333 139
110 341
73 270
27 294
58 98
74 15
272 14
254 252
62 255
330 91
134 273
48 294
35 87
205 350
319 215
246 298
286 351
233 39
341 337
279 28
163 19
122 287
24 53
348 58
301 353
27 160
344 66
307 107
199 216
188 1
231 34
124 308
286 96
218 153
3 77
90 279
147 55
258 293
281 15
345 124
143 120
211 284
106 81
180 226
206 204
72 313
20 321
206 353
303 356
30 305
350 97
298 336
44 32
360 288
301 194
21 195
240 131
341 104
246 3
80 221
314 54
142 159
16 128
162 265
180 298
358 4
298 216
313 206
189 72
93 351
114 243
280 47
176 353
143 327
130 1
68 99
68 189
298 130
9 95
68 198
40 162
95 104
5 252
252 52
180 359
280 328
207 324
241 339
221 34
2 273
68 349
323 298
311 29
264 30
331 233
150 18
326 75
208 320
138 83
149 169
199 348
227 275
250 313
77 26
74 189
289 308
65 48
333 261
324 208
213 314
187 320
209 101
355 49
355 277
153 271
50 270
46 292
303 22
198 120
25 319
108 171
244 277
68 113
166 291
188 274
273 120
92 169
153 283
233 145
348 233
232 247
51 228
278 92
241 49
294 237
358 278
182 269
70 298
346 36
46 138
78 2
139 154
189 52
262 12
330 149
226 74
34 307
130 315
317 263
31 140
233 174
139 203
112 220
116 1
264 331
341 3
243 187
161 329
5 4
104 7
20 331
74 285
30 13
279 290
17 197
61 216
286 15
134 231
76 141
5 347
276 292
347 262
87 253
99 264
173 49
72 13
227 194
343 261
273 317
194 128
15 85
32 58
52 183
175 227
12 137
80 97
13 340
346 324
57 8
193 61
215 20
167 304
349 226
100 5
233 338
151 227
81 48
49 117
25 248
166 230
196 197
257 6
2 323
215 47
246 333
66 174
141 304
135 5
147 336
17 159
187 217
248 95
152 215
360 18
158 125
171 282
215 44
176 228
45 94
290 279
180 131
183 114
298 13
309 64
198 305
12 64
288 16
160 270
157 211
318 243
206 44
48 13
344 7
353 266
57 334
31 258
287 92
269 325
96 221
222 9
197 80
346 231
359 233
186 191
358 48
100 327
75 196
47 326
42 13
43 86
208 296
339 209
300 155
118 171
352 336
226 176
146 51
24 345
94 146
50 54
292 99
79 187
267 155
215 95
148 217
44 75
88 50
198 209
192 185
274 274
58 46
37 45
26 46
228 48
316 319
258 173
262 231
217 350
154 155
109 306
59 327
271 126
55 6
274 197
34 109
71 292
22 130
127 75
352 253
64 220
278 212
179 69
164 300
250 129
163 7
16 100
282 74
73 298
214 114
333 304
310 359
10 94
272 133
35 146
51 109
124 46
279 216
300 283
315 213
85 349
225 193
142 130
175 6
7 62
241 170
284 85
138 256
77 238
350 299
310 79
309 191
183 64
206 176
310 326
302 127
174 94
135 146
127 103
323 55
81 110
31 61
298 142
350 36
348 341
162 78
303 19
202 178
233 272
40 285
164 314
65 261
185 149
24 124
94 167
61 179
39 315
95 295
159 298
82 23
148 146
46 328
192 111
145 294
148 197
24 232
123 25
104 261
308 168
27 246
338 149
24 193
341 134
271 216
99 61
167 177
31 338
152 211
30 217
223 230
89 297
339 227
73 159
138 119
232 90
177 79
9 207
96 207
261 28
111 179
182 163
133 337
84 52
115 341
245 214
356 71
223 7
13 12
242 109
35 1
41 134
10 334
213 281
5 267
12 168
98 237
329 40
348 102
142 305
136 97
158 343
148 148
257 217
218 279
90 167
329 41
339 36
137 201
337 39
154 197
205 106
201 124
51 187
310 214
101 99
6 111
190 342
21 109
332 91
206 249
80 350
160 56
326 49
262 265
36 340
71 336
262 298
21 140
85 121
62 53
131 336
293 190
91 63
107 224
245 169
327 299
82 156
150 309
96 329
112 231
4 311
180 155
170 308
214 345
298 69
201 239
141 41
121 240
313 201
283 265
88 268
238 233
191 243
91 121
241 58
70 154
329 312
155 151
100 292
357 81
81 74
