360
10368
61 353
114 262
293 176
104 174
301 238
157 53
279 275
294 136
48 58
26 198
32 195
34 132
88 186
107 300
344 150
183 318
196 344
173 65
221 52
196 173
53 210
176 136
34 80
299 334
171 216
109 331
35 208
50 183
174 22
14 54
234 349
68 256
104 21
326 319
172 350
239 64
35 145
317 276
228 18
107 186
25 205
128 85
330 201
165 321
77 25
50 149
155 311
131 141
291 20
140 20
6 260
96 12
13 159
196 27
44 265
31 190
149 90
146 321
242 230
87 197
15 315
24 144
78 188
96 72
286 257
129 125
287 37
133 78
271 60
326 227
164 221
239 87
310 89
270 258
333 151
171 58
155 145
261 332
167 61
248 296
53 53
297 216
168 112
334 172
163 46
359 56
56 131
8 349
254 250
123 136
81 45
62 252
34 347
132 167
161 86
173 25
43 228
118 170
348 346
328 167
223 286
329 88
316 294
118 68
208 249
330 47
206 357
265 76
77 203
48 208
124 282
222 352
303 12
299 149
104 30
46 89
167 324
43 344
62 90
158 156
137 38
226 7
101 357
137 83
23 345
243 91
26 89
184 153
174 61
122 308
355 111
33 330
313 121
127 42
23 33
199 325
213 351
180 332
173 177
66 122
292 355
345 18
269 312
48 281
272 153
122 275
222 42
17 102
268 206
201 216
247 220
28 90
37 213
5 310
309 243
245 57
143 293
19 224
11 54
354 300
265 103
280 144
21 38
157 256
343 190
258 238
39 359
12 209
107 214
248 43
101 113
185 250
47 88
179 69
138 184
318 53
225 291
80 204
98 162
306 57
94 213
254 97
53 222
27 17
39 22
279 239
69 41
104 139
302 63
267 155
14 270
317 173
201 124
262 249
182 150
355 48
106 334
116 158
12 261
84 301
91 7
306 79
330 289
29 51
204 260
99 339
188 8
258 52
54 207
121 99
251 126
148 259
138 255
223 279
130 317
212 176
123 154
345 49
299 189
157 286
307 220
300 270
230 167
357 191
220 34
195 127
226 261
278 54
303 39
259 37
168 10
255 200
84 206
219 236
314 141
179 236
32 84
108 205
358 295
39 32
24 340
326 163
295 347
43 40
293 345
6 146
11 317
192 67
259 199
326 326
203 199
164 249
315 195
296 195
136 265
86 162
92 124
64 20
110 227
135 321
100 10
157 99
336 263
311 351
67 309
52 213
233 107
319 155
119 109
18 113
151 11
327 175
316 324
280 143
313 6
312 174
58 140
352 158
320 36
5 246
223 94
95 114
316 46
34 12
80 54
55 95
22 285
251 168
63 360
191 213
152 160
342 258
247 25
236 296
126 152
356 294
107 50
167 279
102 21
158 75
186 340
190 239
356 102
93 199
215 61
114 329
296 14
348 155
149 322
324 281
300 329
124 334
299 61
335 109
306 224
6 158
80 27
289 302
335 115
212 229
131 14
119 246
149 283
329 92
245 318
236 247
331 185
306 308
254 274
299 94
158 267
288 154
61 211
219 305
163 271
244 239
164 285
87 14
191 211
141 255
129 123
3 307
48 102
347 48
57 258
142 334
48 343
49 11
89 79
268 102
291 281
341 206
188 275
111 343
157 270
158 155
319 342
74 58
243 234
21 218
260 147
52 243
172 333
155 58
135 161
81 108
18 301
7 87
139 167
291 78
235 336
48 268
307 114
48 228
210 274
246 136
181 234
174 333
298 229
90 209
101 150
155 232
18 184
36 170
127 40
273 272
137 304
9 300
32 187
43 97
322 129
160 5
179 149
263 1
244 274
177 115
284 308
282 288
254 84
256 259
96 110
302 141
280 118
180 160
263 85
24 275
55 108
223 20
53 321
55 1
6 26
264 252
180 196
119 357
87 123
352 11
233 91
11 28
83 104
330 146
51 104
128 351
175 174
338 212
274 200
71 130
128 305
328 113
111 243
129 230
100 346
317 162
176 149
70 168
304 12
51 177
286 350
93 162
259 76
175 197
271 278
87 40
87 22
221 5
193 109
344 96
232 68
147 153
273 85
61 225
206 230
13 187
314 338
315 185
1 133
14 202
236 214
133 294
253 39
46 183
115 344
163 109
34 42
186 132
334 144
191 58
19 86
135 238
157 313
253 279
335 288
46 151
193 291
257 161
74 211
351 141
107 19
203 44
165 218
12 209
334 104
338 183
214 176
221 129
135 68
272 44
190 291
90 117
9 29
150 185
94 311
343 360
193 45
93 157
94 155
332 181
325 85
64 188
217 24
158 145
34 54
311 104
85 158
289 94
214 128
276 17
118 246
91 109
103 231
35 48
112 281
337 63
306 193
82 282
35 96
341 32
163 229
253 327
170 89
277 273
71 225
239 171
17 163
73 53
224 295
6 101
126 357
232 121
14 201
305 199
299 303
128 95
289 120
85 300
306 5
310 239
128 167
285 210
351 289
44 289
294 180
207 99
170 329
247 207
31 214
354 62
116 162
165 226
33 99
101 196
351 227
20 126
97 75
156 214
276 144
165 81
179 314
320 346
13 241
332 4
223 193
348 94
321 69
121 27
65 258
287 179
81 238
230 24
8 57
125 75
270 258
69 275
335 15
240 266
251 290
199 220
131 272
97 283
71 351
9 184
189 246
87 258
252 79
136 113
179 319
84 53
348 31
342 239
177 217
144 43
247 3
137 24
23 268
333 308
306 283
68 333
29 284
198 8
269 112
97 311
186 8
59 295
325 291
174 49
297 249
236 271
347 2
234 68
208 125
298 239
273 200
94 237
296 142
61 97
358 165
4 176
49 35
154 103
159 246
156 53
255 252
303 334
77 17
317 35
115 55
204 182
18 43
274 228
350 197
64 118
305 176
90 323
333 128
130 313
180 262
94 113
90 303
290 48
96 60
180 259
129 25
327 228
282 48
12 278
255 182
17 317
75 94
336 1
272 128
347 82
50 260
328 82
61 337
107 153
260 127
306 273
253 54
318 182
7 168
100 273
352 296
231 335
328 4
104 180
209 266
153 245
128 332
108 114
27 144
163 100
87 343
230 292
239 342
295 294
287 246
84 114
23 178
80 227
39 310
230 302
211 338
56 240
54 135
75 27
297 349
102 163
266 89
224 237
195 146
190 92
297 242
250 242
143 175
265 183
1 156
348 274
26 51
156 45
141 75
121 118
174 158
104 156
138 350
298 190
339 53
117 166
132 345
261 128
142 223
160 159
83 33
162 146
132 251
315 338
155 251
73 324
25 193
345 158
154 273
110 325
357 247
43 316
95 197
14 289
63 214
238 270
162 160
17 215
88 285
84 21
92 108
188 75
91 118
332 224
357 259
158 195
180 280
312 176
317 126
266 77
57 200
303 163
3 104
315 352
25 49
74 260
349 324
181 252
240 259
124 167
79 180
73 119
39 285
322 60
330 312
143 335
270 310
92 317
80 68
106 86
5 307
107 157
66 166
248 31
196 35
85 54
34 89
71 70
275 199
88 132
42 265
339 109
224 277
244 164
120 302
38 32
244 260
230 306
135 101
95 326
11 292
212 352
84 178
200 187
143 87
9 176
273 74
3 330
309 226
86 200
18 165
3 272
185 187
323 143
144 318
57 272
200 356
340 299
56 204
231 23
217 341
237 136
282 163
343 308
251 42
255 254
308 84
231 60
103 236
262 119
115 326
123 337
49 31
135 298
24 300
65 147
135 180
227 161
38 214
17 31
170 298
292 179
34 186
328 276
146 231
73 334
294 144
85 245
26 278
20 148
278 289
206 307
195 268
345 128
39 8
139 330
230 245
41 195
238 49
79 144
261 249
134 248
23 58
254 307
119 310
10 82
235 197
205 241
25 252
145 234
102 217
298 138
265 181
66 330
279 221
24 360
2 98
97 227
199 63
29 114
345 177
295 182
169 43
233 134
219 142
48 68
346 167
84 347
110 307
36 341
276 333
170 7
14 316
354 314
10 241
44 86
1 8
207 48
184 143
252 330
227 308
89 159
344 211
193 346
61 314
58 152
263 251
349 98
295 209
145 43
139 166
17 101
209 170
271 73
292 35
32 45
326 190
315 212
185 275
166 64
220 292
346 15
18 197
222 111
334 86
199 336
266 2
40 296
219 88
200 287
131 234
243 220
170 289
307 199
340 220
70 283
104 68
9 37
223 25
209 18
281 100
348 354
292 355
238 260
133 53
354 186
11 302
173 60
272 124
11 237
15 67
155 146
199 10
87 212
115 16
64 166
253 125
99 125
277 11
136 355
244 288
6 331
151 274
97 112
263 308
47 281
218 312
213 223
320 71
281 280
337 108
333 330
349 110
151 66
178 143
164 345
67 335
212 132
320 208
26 314
59 340
316 71
174 196
118 359
297 118
202 116
121 308
320 17
299 31
108 343
77 10
298 248
59 158
190 346
330 271
7 107
202 71
23 134
17 211
293 308
219 272
22 12
238 24
300 323
334 270
160 44
296 41
281 86
170 316
292 283
357 9
238 29
80 281
337 116
104 176
309 123
19 146
313 284
48 336
259 289
199 185
117 20
279 344
316 238
37 40
20 243
70 110
139 131
84 93
323 159
22 320
252 29
268 208
194 308
110 227
100 222
141 70
273 130
356 74
356 112
321 91
128 65
269 38
283 323
207 360
274 54
128 261
63 220
109 328
206 193
351 192
110 58
129 191
320 191
77 164
205 158
350 81
38 66
298 253
264 159
21 52
152 348
182 275
43 205
290 266
345 323
337 28
144 65
255 301
123 132
41 287
207 94
289 130
31 177
36 216
306 300
299 87
65 284
159 334
269 246
10 47
127 67
44 110
314 90
269 133
330 180
267 51
286 358
305 23
38 275
360 264
205 288
342 330
125 173
181 188
217 60
270 71
91 148
84 167
272 190
247 7
237 352
1 304
102 292
88 268
306 334
281 131
91 163
305 55
290 238
81 52
334 194
299 222
213 131
327 312
122 104
126 100
321 210
86 144
283 225
298 120
14 9
211 8
66 219
216 118
46 101
87 228
105 147
260 277
312 28
320 258
194 37
170 121
309 314
323 278
39 197
336 128
306 116
96 208
297 209
77 290
295 148
95 314
194 28
168 113
30 337
106 209
189 311
299 1
50 133
353 86
203 82
148 322
116 138
161 276
164 340
314 107
73 192
274 176
6 45
146 272
178 95
177 263
16 250
124 176
269 205
334 283
93 196
335 219
203 294
274 255
74 356
342 31
94 347
95 24
264 317
178 344
163 299
230 70
146 225
274 224
212 138
337 259
122 17
192 264
65 297
122 7
119 43
215 272
181 264
245 225
309 150
59 38
341 118
213 356
170 55
115 259
31 204
1 72
99 135
164 309
25 278
86 357
208 212
69 313
107 303
86 240
82 124
238 33
22 267
62 230
271 234
36 220
282 198
70 177
35 55
115 248
36 75
14 41
52 355
72 290
66 4
252 150
277 33
295 305
251 68
164 318
174 35
207 215
214 247
319 330
342 95
133 281
95 35
185 308
241 258
235 11
260 227
205 251
298 99
224 360
356 197
73 52
280 11
319 193
234 346
281 21
289 32
243 170
245 32
195 15
245 246
116 98
172 103
61 226
317 267
252 225
310 253
355 113
41 30
353 166
349 99
101 3
53 142
173 132
253 139
179 155
75 18
81 251
268 113
78 190
303 55
205 292
322 311
224 217
258 154
27 299
160 122
169 185
123 279
298 334
49 350
204 323
305 103
106 237
64 116
272 329
22 244
241 193
281 62
54 121
274 113
352 273
187 249
56 77
171 232
42 27
191 356
339 25
243 280
62 147
10 88
34 46
235 48
42 255
124 180
238 50
23 139
331 336
237 220
327 265
340 162
116 10
44 27
123 203
139 191
256 107
220 225
313 186
261 92
119 108
216 208
209 80
223 59
300 207
308 298
127 161
53 116
70 49
181 129
100 270
241 326
341 302
314 108
348 354
266 183
333 108
304 310
67 273
72 183
288 30
264 306
264 64
300 39
114 183
199 157
50 157
152 347
83 95
47 331
58 31
141 34
143 181
73 76
104 112
291 148
302 191
328 243
176 118
99 115
221 66
62 54
120 1
150 16
222 261
272 63
327 311
107 52
99 287
135 124
201 73
142 216
66 59
10 112
39 20
296 4
109 75
250 354
254 88
13 226
328 242
5 333
121 18
130 339
341 266
354 64
116 207
15 41
55 68
28 108
310 15
342 231
146 133
249 164
334 330
350 203
356 111
165 325
353 89
90 121
305 113
239 28
231 79
306 100
97 217
251 36
3 322
280 106
307 56
113 84
178 210
234 97
215 106
137 193
324 100
169 125
19 210
106 51
81 357
61 47
171 106
59 1
59 149
287 228
188 81
272 182
349 115
342 282
8 150
67 180
293 197
105 212
146 227
189 32
185 148
188 340
325 244
250 348
195 156
241 28
125 325
246 265
113 253
206 1
36 172
56 136
303 98
167 196
262 347
194 226
159 141
221 315
243 336
89 178
281 53
207 253
169 262
3 332
101 74
165 170
45 114
209 67
42 190
353 282
107 240
115 140
107 266
259 355
93 158
89 186
183 231
340 286
276 75
263 196
206 260
355 105
75 252
31 210
322 135
344 168
86 343
169 158
218 130
196 123
256 179
223 334
25 95
137 336
204 194
345 311
5 305
280 42
131 39
177 101
93 205
39 296
228 140
320 228
240 313
276 169
351 39
103 199
289 53
282 325
226 234
76 292
100 42
270 67
290 212
41 125
100 7
155 18
61 102
132 162
234 27
277 221
6 233
346 360
41 49
359 359
321 315
269 245
61 167
72 283
243 231
353 50
181 110
102 325
265 140
125 5
266 12
263 317
263 253
5 40
200 314
321 193
216 283
2 57
166 359
245 107
219 131
354 225
62 149
272 141
52 237
169 128
94 353
345 217
221 254
171 95
339 107
24 165
285 120
184 178
186 359
74 128
129 254
82 232
31 56
197 306
341 247
242 140
25 15
12 176
167 83
333 339
46 280
122 242
242 353
303 267
252 329
270 269
194 350
199 92
226 239
294 44
315 248
20 337
65 206
51 28
359 233
49 241
173 288
136 49
210 111
316 168
2 200
239 359
170 287
101 333
351 48
258 93
346 223
213 273
151 201
80 307
317 89
275 182
120 124
201 282
99 306
71 198
204 153
225 106
73 139
148 110
223 138
183 176
19 243
18 238
138 102
270 208
298 7
141 329
31 104
247 268
3 81
9 256
333 329
300 350
99 329
170 217
248 225
349 56
146 209
211 103
93 333
82 214
198 9
176 204
189 268
74 347
90 44
339 68
7 168
124 99
334 35
305 123
214 238
61 332
339 206
257 216
129 309
115 264
254 121
270 310
331 213
152 75
317 20
311 217
341 284
126 184
128 343
92 291
164 153
100 196
107 23
177 2
114 36
247 227
8 169
8 180
64 206
242 329
196 5
48 249
32 240
213 238
168 42
42 330
84 25
89 243
15 142
223 198
45 138
283 29
74 67
315 242
18 299
248 329
330 225
72 16
99 281
324 21
211 217
167 344
74 152
135 299
206 105
83 332
280 2
310 125
220 174
95 74
218 355
3 134
127 329
323 293
187 81
207 78
244 163
212 30
250 12
80 336
169 81
170 268
159 97
52 237
125 172
308 30
232 269
227 240
225 110
301 166
342 261
74 292
217 343
121 352
55 65
11 312
43 276
306 235
46 112
122 226
51 80
38 246
206 51
342 302
139 155
89 219
59 73
76 107
180 42
222 339
137 298
267 79
57 260
88 127
47 343
154 157
5 197
110 62
276 30
3 62
276 254
3 147
265 331
182 171
148 189
92 229
54 88
110 323
72 90
6 71
110 81
87 161
193 212
157 68
23 247
287 206
235 81
28 104
333 58
10 91
216 136
279 251
214 155
294 11
68 34
219 186
68 75
68 262
202 274
266 62
7 187
274 277
46 11
319 318
179 312
353 83
109 170
269 183
74 149
227 73
111 116
35 275
142 263
83 68
43 291
40 306
157 131
142 36
282 360
235 140
172 317
37 196
105 29
134 339
205 222
24 217
129 178
252 204
38 134
267 237
287 226
194 206
88 288
70 230
329 84
50 306
44 155
135 211
321 72
195 145
360 86
215 244
27 176
244 195
198 88
241 343
195 255
239 241
88 81
203 313
234 189
329 264
237 27
352 219
150 247
202 149
299 247
138 271
266 53
233 207
314 327
226 243
73 69
243 353
74 268
174 331
309 8
241 15
276 90
3 314
20 167
44 176
317 116
33 104
112 59
45 5
66 99
88 226
248 18
183 76
11 271
292 238
195 280
189 334
192 50
117 307
146 285
222 272
158 169
242 306
325 297
60 190
235 99
137 305
109 61
213 354
137 128
21 4
199 6
264 127
66 264
246 127
156 58
13 21
52 106
50 114
54 74
59 255
195 348
167 30
278 285
295 155
170 44
304 293
235 96
84 73
62 341
207 185
355 85
47 100
307 313
336 154
331 1
31 50
282 289
320 200
352 349
208 355
66 29
34 3
78 177
103 92
298 104
251 95
317 29
343 301
278 54
285 113
44 190
278 345
337 153
243 150
274 277
4 27
99 49
279 120
281 270
69 83
241 254
60 112
71 12
242 228
218 48
258 37
325 17
335 341
289 296
343 62
112 135
32 195
325 226
52 109
74 311
180 214
183 13
158 102
204 63
104 267
76 195
319 274
201 344
282 282
298 127
124 132
193 177
170 338
301 345
352 354
55 129
170 232
291 246
311 219
349 7
220 142
205 173
286 175
14 241
297 278
314 95
212 181
17 95
339 231
242 196
261 40
99 94
56 55
56 316
258 79
41 36
320 114
10 291
59 129
235 311
76 103
279 211
132 221
161 303
284 92
224 111
151 286
35 282
307 133
289 120
14 128
300 196
136 209
1 149
61 268
43 338
196 270
65 69
264 338
336 107
326 202
93 130
188 257
333 13
130 275
108 107
23 259
202 335
136 272
205 216
208 141
283 155
170 209
267 162
163 56
282 37
239 172
14 343
26 46
227 360
136 192
34 58
260 2
352 255
286 196
224 291
127 344
67 17
360 316
196 204
95 146
249 185
287 144
111 170
284 216
62 43
45 232
195 321
297 144
326 54
153 281
172 355
129 234
153 121
222 73
87 166
329 234
232 291
111 44
213 176
17 114
341 18
137 293
303 108
329 231
211 129
93 132
316 337
130 184
225 80
303 200
154 190
140 189
198 171
221 296
178 121
8 15
18 111
133 109
148 14
119 350
12 59
128 32
31 169
283 100
140 222
96 28
315 235
169 103
214 131
11 227
34 122
226 162
247 306
210 204
208 302
256 11
330 211
159 236
256 185
114 36
304 247
43 103
290 267
322 162
37 19
130 205
168 90
183 95
103 19
347 133
141 179
256 320
297 57
303 50
151 43
59 266
303 159
277 229
130 131
313 53
275 238
7 267
167 133
26 291
56 256
118 351
100 224
316 87
354 157
269 278
95 240
254 95
257 251
169 346
216 131
203 128
65 124
329 74
98 270
289 195
99 80
189 253
178 19
130 336
111 115
59 288
48 51
8 218
81 102
140 352
281 272
196 347
91 66
73 202
10 225
215 252
95 48
336 283
297 115
78 139
292 118
133 74
105 124
52 124
173 334
354 217
190 6
126 3
33 46
23 246
197 1
26 221
151 17
203 297
137 238
88 181
118 206
298 26
127 200
281 325
236 340
93 319
60 245
350 46
224 279
229 344
40 194
187 187
289 198
209 265
251 18
95 155
50 134
301 170
21 186
90 65
111 308
171 195
253 47
339 41
315 312
139 25
35 343
52 256
233 40
13 318
61 79
311 268
43 205
50 52
216 135
226 44
232 219
7 104
306 288
115 12
221 128
188 172
115 130
260 132
333 161
42 173
334 189
79 147
314 332
254 120
343 257
100 297
273 160
259 243
241 21
228 172
223 129
108 155
83 341
112 57
317 274
36 171
142 279
125 172
97 148
67 96
201 357
308 15
79 220
106 215
178 330
242 75
138 314
245 298
239 75
312 329
138 263
195 148
275 304
97 202
214 358
38 97
305 110
212 147
84 1
37 21
221 15
169 326
190 244
148 147
357 127
213 94
190 79
306 14
346 292
114 88
330 135
268 211
289 126
295 202
236 330
192 74
298 334
306 57
299 314
192 335
44 39
93 304
77 64
220 56
188 263
185 69
200 84
270 107
330 122
119 298
159 266
47 93
145 155
52 23
252 332
13 179
133 289
67 6
111 73
88 187
24 127
209 228
66 281
87 170
32 338
254 201
321 359
44 341
205 166
129 8
113 338
66 131
165 82
288 150
21 38
8 77
87 57
339 50
17 347
268 28
248 59
209 25
184 211
18 300
209 166
42 94
4 279
232 299
67 211
99 95
187 223
333 57
34 47
296 43
8 175
143 36
230 341
35 79
154 307
334 215
178 280
208 314
216 63
229 302
188 256
308 208
80 89
208 103
244 70
93 114
323 191
13 238
259 157
50 26
228 235
74 107
92 32
229 41
319 343
6 245
348 337
248 264
26 130
344 105
50 136
256 182
263 42
271 288
98 6
208 153
76 287
113 12
105 343
12 124
236 81
232 50
91 267
174 152
143 299
59 231
342 50
352 322
322 204
256 251
334 172
257 359
306 250
125 190
20 176
228 39
53 240
121 135
11 299
359 245
287 330
334 187
262 273
328 208
172 239
99 313
46 297
108 179
75 241
238 207
224 246
205 332
284 218
155 355
207 44
31 114
114 58
244 203
95 152
43 241
139 119
68 244
100 148
68 265
356 80
272 263
189 359
261 15
168 50
256 225
300 74
124 102
28 292
166 124
93 326
129 40
329 268
314 246
11 193
358 236
313 130
143 124
194 98
152 264
124 160
336 1
62 69
250 150
72 4
250 300
69 311
202 94
184 69
192 243
66 232
157 163
284 133
143 291
162 277
227 220
222 317
346 259
143 324
309 25
320 301
275 149
219 164
163 304
70 139
61 265
317 48
40 47
285 299
173 273
148 3
208 74
12 158
312 81
6 171
175 84
4 190
140 62
228 253
16 83
252 181
96 120
94 243
97 140
46 174
284 179
155 122
112 308
263 254
63 276
358 351
300 141
104 151
324 142
293 150
35 138
195 14
205 324
247 165
211 229
122 132
262 349
10 326
143 237
183 144
179 265
199 349
13 170
85 184
50 126
338 329
251 276
66 192
153 63
29 240
204 348
160 182
178 266
136 220
280 244
314 89
263 145
159 35
40 246
119 1
232 323
176 146
341 282
257 347
91 355
66 37
283 337
292 254
171 86
218 161
151 352
38 158
259 29
162 12
172 187
153 337
274 175
212 29
35 116
334 269
343 325
287 337
199 168
100 279
217 119
207 323
279 348
309 70
168 316
220 189
247 297
209 246
317 34
350 268
351 89
51 31
341 266
335 131
360 134
287 8
140 259
243 170
125 265
60 102
160 221
233 310
173 271
67 102
332 338
96 126
109 283
129 41
318 187
337 145
107 102
266 24
46 263
98 304
140 22
20 249
148 11
285 50
278 153
345 299
177 3
338 159
246 137
341 146
285 197
34 272
237 280
11 217
13 60
34 4
16 36
246 213
291 283
199 227
303 48
41 13
192 249
68 242
124 264
8 82
288 131
228 121
339 131
314 340
178 111
131 241
9 227
40 313
249 205
236 302
336 7
200 155
71 97
307 18
145 98
41 17
256 265
141 175
8 285
52 46
314 325
20 102
32 289
205 284
34 243
161 245
31 186
116 180
195 256
4 156
158 344
265 215
63 49
91 71
85 151
212 76
157 8
142 53
120 353
10 202
177 358
330 120
263 272
230 249
203 105
51 1
184 260
15 274
30 252
113 64
269 60
331 202
193 35
312 274
102 50
241 353
162 68
72 347
283 267
278 147
54 325
220 35
303 59
124 201
339 2
261 73
291 186
230 112
340 352
272 11
285 231
20 348
206 72
67 58
161 338
296 25
312 61
179 208
245 227
108 359
280 118
322 197
14 96
194 281
288 14
325 208
217 5
30 285
262 198
27 221
192 127
30 152
218 298
285 148
119 253
67 284
297 206
305 78
228 188
39 233
191 280
308 149
89 63
113 110
48 215
128 185
163 28
200 74
250 70
198 152
323 242
172 309
81 295
150 325
190 43
40 123
177 272
201 2
126 359
234 287
109 220
66 299
88 333
80 204
97 161
338 22
78 175
190 304
236 224
206 133
298 144
258 261
163 355
242 185
331 337
186 225
348 277
303 118
126 149
143 123
165 20
176 177
180 355
281 170
82 232
249 193
323 135
84 21
161 50
113 174
189 193
334 50
40 245
177 18
190 46
49 169
306 232
351 303
298 100
7 62
36 354
6 211
272 243
155 175
56 161
256 50
17 255
76 273
157 223
305 312
122 16
45 306
23 196
69 296
43 71
252 314
222 71
101 106
330 10
9 157
254 329
133 278
303 65
94 337
271 230
12 149
143 121
72 184
328 52
326 157
331 36
235 19
32 79
311 231
14 287
302 262
293 315
22 229
215 3
158 71
126 206
181 236
229 190
89 352
21 135
343 35
140 25
174 336
103 98
39 44
6 231
116 312
149 140
314 126
81 161
41 274
109 3
335 20
69 24
74 270
78 151
353 263
164 241
159 73
273 299
134 95
180 290
4 321
229 246
118 318
88 203
94 223
124 350
324 79
256 257
197 201
284 161
122 188
161 180
252 317
302 229
92 319
284 193
141 327
76 252
244 184
222 114
115 99
51 96
49 220
42 189
335 256
73 269
286 272
12 60
191 52
251 225
341 202
209 257
159 121
343 8
43 353
28 79
52 89
93 193
60 329
296 350
60 121
65 157
198 73
79 216
229 81
182 348
53 237
190 265
254 299
317 258
198 39
81 357
351 1
28 355
195 170
360 130
330 103
238 208
154 61
122 254
281 126
240 257
220 284
57 355
43 283
57 128
109 331
290 106
203 87
346 52
188 313
286 122
351 347
183 133
14 162
273 7
39 65
38 247
248 59
280 77
337 57
294 279
75 232
291 47
81 203
312 228
35 260
8 87
13 46
328 246
56 28
70 299
302 347
146 333
146 50
275 228
326 214
102 270
119 89
38 66
55 287
324 72
337 116
334 184
308 242
197 144
303 53
93 346
143 145
194 46
309 253
148 5
99 164
33 89
42 291
191 64
184 358
109 122
279 244
170 22
122 146
300 173
118 306
262 350
134 3
308 66
186 63
258 23
122 60
282 274
340 342
105 166
109 123
249 87
343 43
128 117
173 140
355 65
149 99
266 315
13 20
284 20
349 94
259 268
330 299
18 245
86 201
296 327
279 314
251 43
303 219
19 281
318 189
49 304
203 313
336 291
210 76
73 1
296 359
217 232
285 297
106 176
256 120
98 201
136 5
77 74
39 211
206 262
28 314
354 195
88 336
324 158
216 121
136 190
315 95
73 204
224 258
270 130
24 89
307 315
257 143
246 295
136 281
334 141
322 170
66 334
64 218
306 84
71 89
105 284
327 297
264 76
251 210
299 28
188 15
76 248
66 238
172 107
331 217
299 63
83 156
106 35
230 166
162 343
22 267
255 160
359 271
178 101
336 237
47 266
164 27
79 324
191 59
241 17
251 106
30 72
125 131
99 85
224 334
74 245
186 351
272 242
170 183
311 258
59 308
345 191
310 29
355 70
36 348
76 187
274 340
341 177
137 320
327 148
187 139
96 239
11 199
169 23
174 330
276 171
59 226
244 89
280 344
164 317
35 267
186 334
288 184
339 121
11 328
215 302
279 24
127 329
2 211
201 237
54 4
175 174
133 116
262 205
327 132
126 344
45 231
75 156
68 191
271 89
27 259
257 217
199 308
116 356
217 139
252 286
15 77
77 68
43 116
159 52
85 138
11 228
289 206
277 287
151 50
92 265
198 39
292 126
235 36
37 189
164 203
55 107
94 93
285 191
49 127
296 305
165 244
298 178
314 360
325 268
305 174
326 346
17 329
155 3
127 335
340 4
65 347
38 95
291 103
45 154
92 40
351 150
10 154
184 98
249 286
21 234
272 176
23 148
91 89
268 330
32 239
311 146
236 191
266 171
48 265
303 131
231 265
2 174
78 124
167 38
164 74
116 158
207 139
258 273
33 221
30 185
108 276
103 308
158 27
330 249
141 67
348 201
172 51
43 102
83 30
58 7
274 130
98 91
297 65
86 5
350 149
291 27
80 35
333 351
254 139
151 311
257 134
129 248
61 126
47 321
100 259
76 339
263 295
193 165
207 236
228 280
225 27
206 45
2 170
59 48
252 136
144 324
31 9
315 36
331 18
307 144
121 308
143 297
348 129
101 334
173 31
135 287
350 350
37 53
293 262
62 314
246 329
74 151
328 98
73 127
260 342
86 194
352 61
145 222
148 71
234 85
2 227
143 75
130 50
308 269
280 273
38 87
246 105
147 185
91 65
288 342
37 333
343 56
12 39
127 97
191 63
90 92
26 43
195 215
3 313
277 1
112 26
5 273
322 283
252 45
74 303
225 221
166 34
245 217
272 49
186 115
243 88
305 241
118 206
258 153
79 295
74 129
332 333
297 297
130 215
353 40
271 100
71 247
284 66
21 138
178 73
207 132
131 95
63 252
215 50
359 42
86 248
30 178
157 159
61 114
2 77
328 66
256 184
204 12
73 174
321 223
216 56
244 341
211 210
149 184
110 180
18 76
301 180
305 56
344 338
93 31
183 336
77 296
10 170
108 250
320 28
256 322
68 145
41 302
187 80
224 226
193 358
60 165
334 11
284 326
2 242
112 257
224 41
198 135
115 9
11 61
319 320
100 164
231 62
246 108
9 122
9 158
10 10
57 221
168 112
312 88
230 129
28 301
306 34
109 236
305 353
186 302
100 119
107 125
23 232
97 218
100 66
179 44
90 100
7 301
301 28
250 338
180 133
65 315
209 292
317 268
332 100
357 66
135 131
171 176
240 193
24 77
340 115
110 242
345 2
67 229
115 351
190 5
52 288
94 213
5 168
52 283
193 234
55 66
34 16
231 201
323 37
257 194
96 52
257 342
28 148
43 348
85 325
184 189
340 182
285 20
201 48
334 324
231 134
354 175
321 147
51 84
305 98
220 94
276 76
155 141
54 183
218 359
88 218
1 256
75 4
30 289
148 106
203 198
148 152
358 289
247 233
111 293
89 5
295 98
145 212
123 186
212 96
162 325
70 3
269 190
7 105
352 252
204 54
285 103
269 337
156 234
34 189
106 154
44 198
97 171
159 222
241 209
300 86
206 312
290 335
4 148
185 104
145 285
6 56
182 247
132 352
52 304
304 331
201 299
85 3
72 198
125 233
212 218
346 280
155 170
127 251
158 41
209 128
52 190
258 61
224 168
38 327
68 65
146 93
299 267
257 100
219 353
275 38
209 325
1 194
281 97
146 58
151 10
16 287
57 329
248 315
45 169
229 117
317 42
291 171
233 197
116 206
121 32
89 360
18 20
332 120
306 292
62 211
12 251
110 64
59 206
75 172
13 356
61 250
228 283
91 265
314 92
201 272
330 230
174 268
339 335
300 11
266 54
331 133
116 128
298 70
90 183
297 124
261 114
333 186
315 331
231 104
225 287
86 171
131 115
194 21
339 56
240 97
74 155
87 109
292 291
325 37
181 232
215 143
24 4
33 185
142 152
353 47
50 115
147 132
334 122
41 165
87 119
12 71
145 356
343 45
187 263
13 182
158 134
358 41
323 284
110 44
320 81
318 186
331 218
170 189
115 10
43 63
243 6
190 275
147 337
167 278
127 52
247 313
297 26
204 98
122 215
77 36
337 23
228 140
11 359
3 258
4 32
208 219
24 305
172 316
265 219
292 216
143 341
218 339
70 286
310 174
148 197
108 194
287 18
134 123
165 336
240 337
224 288
301 138
141 188
157 276
39 87
151 304
41 101
267 227
236 62
337 300
103 123
286 290
223 44
27 215
185 233
192 82
52 31
87 91
65 319
282 151
37 93
256 235
58 342
180 113
136 183
326 93
110 219
156 284
209 273
334 222
283 344
255 286
126 161
291 97
229 114
36 261
39 258
210 24
35 312
43 237
245 300
292 193
173 150
17 94
145 70
90 326
312 12
322 231
53 304
272 140
45 297
273 273
234 35
164 99
89 132
92 60
32 120
349 233
356 124
288 282
143 66
180 39
336 38
241 26
28 331
247 123
292 339
65 358
326 94
241 207
287 60
299 53
34 30
31 200
94 316
336 264
27 320
331 238
78 65
182 105
199 207
245 3
282 51
24 314
117 268
163 40
344 65
191 223
351 77
156 86
83 269
25 165
241 24
196 195
214 22
176 39
296 326
191 287
191 83
342 259
40 25
155 1
242 324
289 219
229 359
285 227
149 296
181 100
223 3
160 241
353 327
127 232
235 239
347 344
295 2
166 319
234 185
125 196
250 130
4 345
133 22
113 26
17 313
337 35
222 54
180 205
261 169
132 188
226 134
13 35
116 34
233 294
303 285
175 265
67 289
196 197
47 241
239 60
160 211
256 110
110 236
84 108
324 334
274 304
283 139
87 50
301 48
278 89
352 261
267 100
200 30
230 328
125 95
273 323
165 28
204 111
13 295
240 147
88 320
294 152
314 300
167 227
193 71
248 311
327 317
110 39
178 279
39 239
70 85
46 309
133 254
166 179
173 266
5 141
356 41
17 29
317 289
4 234
58 329
291 337
106 181
75 245
209 149
170 43
29 1
106 24
91 330
252 131
160 241
341 276
290 47
287 266
145 246
17 67
119 204
325 26
226 46
110 277
186 165
320 220
100 146
132 71
171 113
26 11
125 132
87 44
285 91
317 188
82 113
182 224
299 316
330 152
76 141
307 322
98 81
181 341
213 309
78 224
233 305
322 342
68 273
305 357
292 208
3 177
48 171
238 24
261 294
206 207
58 6
69 43
245 325
273 88
203 325
278 224
69 37
282 239
207 43
160 322
350 93
343 48
54 203
294 301
229 253
111 27
276 326
313 187
108 131
218 135
202 65
142 56
289 68
213 116
107 277
277 52
5 120
156 86
100 335
302 247
45 27
126 292
12 341
23 134
354 118
77 204
270 299
177 90
12 116
98 202
5 315
71 108
48 163
29 25
229 224
146 160
283 293
214 22
232 10
321 308
32 43
111 12
213 273
147 359
59 92
75 345
21 155
33 140
168 117
257 22
230 343
85 63
5 105
225 327
159 232
17 245
85 129
169 75
240 339
273 25
113 295
167 350
176 248
331 191
235 29
272 80
182 67
106 123
286 179
190 345
134 287
217 171
187 291
75 26
31 225
272 190
145 149
303 271
221 108
100 212
143 66
15 70
234 196
217 269
130 52
168 167
357 299
337 232
27 106
203 168
144 155
185 311
227 75
277 66
104 342
335 71
350 130
208 27
15 139
181 247
318 151
168 152
232 69
120 220
79 280
184 201
183 262
12 76
178 132
110 339
288 151
208 313
227 45
247 49
220 111
321 331
98 148
150 8
186 289
209 67
19 200
202 47
82 280
47 163
178 239
264 298
54 104
323 332
118 280
297 356
153 322
226 44
98 115
32 316
87 300
126 137
306 168
190 195
49 11
71 131
249 221
185 59
213 266
320 61
295 212
213 244
175 203
20 340
50 185
285 69
139 264
208 62
310 288
46 160
290 135
2 104
349 171
138 25
117 286
278 260
158 136
119 25
136 242
82 337
242 47
220 152
269 264
264 100
352 68
26 295
299 42
247 335
182 102
65 96
221 84
119 295
208 82
50 64
284 87
80 174
215 31
38 315
350 227
345 35
331 8
163 54
326 74
359 81
172 285
284 161
297 120
30 216
182 78
326 338
271 288
209 2
244 94
346 34
235 301
219 277
54 312
10 70
201 108
80 172
354 317
176 99
329 244
209 307
131 213
161 201
359 249
218 267
322 194
228 351
210 327
92 234
110 4
141 349
133 309
233 19
162 4
355 172
202 349
323 82
315 6
171 34
314 283
89 149
189 155
280 177
166 303
172 337
190 43
248 219
263 268
319 69
160 23
112 163
58 70
176 249
339 239
78 284
206 76
175 131
120 338
137 130
235 189
297 206
148 27
40 180
230 294
249 29
241 251
156 219
17 288
196 60
270 229
226 85
187 21
113 57
266 305
112 65
154 123
352 261
5 128
352 44
130 142
11 5
160 196
344 45
174 202
143 53
71 78
93 165
308 119
189 252
1 233
81 356
34 60
325 72
184 174
31 1
177 273
335 304
72 160
94 292
104 7
68 301
14 299
16 245
61 218
113 156
299 345
106 17
216 75
292 153
227 309
63 176
156 341
169 137
255 327
153 296
327 90
42 194
224 252
3 18
129 132
202 198
358 179
5 329
2 169
240 15
78 334
215 50
346 80
233 25
115 174
351 268
276 111
184 287
29 95
102 282
298 150
335 20
84 136
58 79
126 282
302 289
126 216
305 41
190 192
102 231
7 211
245 248
25 143
243 342
228 225
85 263
318 113
113 6
231 209
274 34
340 238
229 164
258 153
42 351
112 308
251 97
27 96
49 344
335 123
33 169
307 117
78 30
23 332
161 339
108 148
100 158
240 36
334 102
318 101
163 9
110 176
281 339
151 186
154 185
235 62
11 209
142 18
189 164
42 166
103 222
76 139
298 138
266 267
291 146
311 265
270 281
227 306
358 166
248 61
4 299
267 218
187 211
134 354
247 34
131 232
53 214
105 45
17 57
239 40
295 245
223 357
248 230
86 320
295 320
228 97
163 73
316 331
284 96
221 95
343 351
105 17
244 216
29 57
146 158
89 154
228 327
266 71
267 251
290 243
211 216
61 166
35 209
62 302
154 153
334 211
8 237
65 195
329 257
261 148
219 359
357 9
15 110
313 271
226 180
198 157
23 133
102 166
133 185
117 48
317 58
225 333
221 204
194 6
216 14
53 29
284 278
46 159
212 97
257 129
57 232
100 103
241 234
9 261
101 160
94 111
149 36
327 132
238 62
14 57
100 230
83 158
125 234
355 269
310 221
74 286
238 148
133 299
255 188
6 71
194 112
83 106
232 332
350 205
251 265
181 123
68 236
333 162
290 225
248 327
144 235
217 15
84 162
49 360
20 150
238 290
259 30
208 297
275 164
288 59
43 72
170 220
191 88
266 341
285 345
7 63
71 291
59 328
345 1
255 91
164 37
358 67
239 98
178 190
42 143
291 193
206 97
240 78
205 151
48 323
120 211
66 71
133 181
164 35
183 109
245 81
347 328
148 222
129 234
138 337
214 232
348 243
317 136
181 209
252 202
90 79
55 152
271 30
247 137
75 357
336 343
160 117
192 293
40 187
267 296
308 279
1 238
353 208
71 271
237 310
304 97
81 75
258 164
87 20
201 350
328 107
261 270
169 348
272 126
297 332
282 246
166 316
219 237
256 194
312 133
281 301
268 167
106 167
156 264
41 7
235 116
21 15
187 89
106 192
336 16
273 255
92 238
55 280
163 252
237 182
243 52
132 286
128 280
55 156
33 248
258 16
63 129
121 189
242 191
29 9
295 131
233 164
113 77
294 94
67 2
122 196
108 24
103 84
235 227
54 252
226 122
277 265
317 21
299 196
248 261
157 44
68 113
186 334
169 206
102 304
111 283
183 167
148 250
309 308
220 165
8 345
319 6
51 332
159 143
56 202
166 312
293 305
261 56
222 221
136 344
356 116
217 21
217 197
284 92
327 96
320 353
260 91
164 242
190 291
286 350
136 27
204 125
318 332
19 218
98 197
331 241
59 202
18 257
323 85
6 356
184 69
293 118
237 95
228 131
106 2
220 196
236 115
308 205
162 53
239 342
88 324
116 209
280 130
286 170
340 293
64 187
264 336
56 255
80 150
346 42
143 20
348 357
19 89
319 231
338 29
328 293
344 293
124 71
249 319
334 190
61 354
92 7
172 197
140 270
65 144
315 332
332 173
24 338
298 341
164 45
115 172
82 275
313 166
69 39
280 133
138 99
358 238
191 280
144 218
64 162
287 13
86 306
318 81
280 14
303 9
217 338
263 180
219 289
64 235
165 238
85 321
2 67
66 120
124 12
21 248
274 71
297 273
68 81
119 176
314 239
328 77
84 264
77 13
221 117
42 197
344 250
50 358
194 89
297 334
190 262
32 308
22 92
332 273
247 83
6 230
61 163
196 218
283 189
340 150
157 126
163 277
109 162
239 204
271 237
65 308
198 326
236 333
180 37
102 67
173 101
98 309
184 302
130 135
186 166
210 67
42 344
78 226
26 204
10 310
340 53
173 163
61 19
286 296
291 246
219 32
193 349
121 163
104 329
203 271
39 264
245 181
20 270
279 285
5 99
70 95
223 73
357 192
45 162
195 16
211 161
182 271
46 253
60 28
245 153
264 110
123 348
62 213
330 169
80 113
302 143
306 172
54 145
289 113
50 73
89 41
358 360
102 195
271 206
31 326
138 285
42 171
304 85
203 330
109 305
156 247
97 89
259 227
330 5
76 286
26 329
17 332
58 260
184 307
353 232
54 20
353 301
242 360
300 354
59 8
346 340
228 141
355 269
13 144
72 71
51 67
71 86
210 25
114 357
105 43
297 209
99 234
275 72
28 249
41 159
87 154
66 5
66 235
340 358
324 19
207 152
120 48
144 303
283 99
298 227
182 115
121 198
151 171
296 348
198 207
173 263
340 173
191 114
141 255
310 76
349 243
225 86
40 74
139 144
308 340
196 120
221 34
63 115
287 33
120 337
53 312
239 314
262 100
137 301
232 250
229 167
250 203
309 32
39 213
258 100
145 325
87 238
264 28
191 75
249 29
208 21
35 266
123 76
341 193
251 83
189 12
131 233
240 5
271 358
52 122
203 285
199 350
42 232
108 314
200 244
311 28
150 347
156 180
54 309
140 83
207 311
236 113
251 8
169 132
323 58
200 62
28 136
85 46
199 302
157 185
43 314
71 1
12 148
66 152
175 141
141 207
246 126
116 191
314 265
353 114
235 110
32 116
178 353
34 127
301 333
299 178
115 341
130 203
173 232
83 147
37 11
33 64
249 249
358 112
26 183
298 123
176 96
283 283
54 247
103 270
89 76
122 147
284 25
213 235
359 213
317 186
204 300
114 14
203 247
102 236
117 359
325 24
86 16
207 271
224 345
206 326
344 161
118 298
152 146
32 45
192 299
77 66
309 130
275 48
301 167
329 350
230 62
137 265
294 215
351 344
51 176
211 233
160 227
312 348
143 357
161 30
214 75
208 353
125 293
233 329
2 283
111 133
222 335
319 156
55 36
202 291
120 71
160 257
35 45
296 203
351 15
100 356
351 122
26 186
122 156
51 120
17 264
125 360
323 69
292 357
357 146
133 232
219 36
274 314
354 15
177 344
101 50
147 315
205 119
96 149
257 267
95 231
316 112
172 236
306 349
359 145
309 100
279 347
150 162
227 270
28 263
162 80
72 79
148 345
340 260
264 320
238 357
193 34
119 105
175 72
360 189
328 302
360 271
325 264
156 156
134 176
151 348
62 220
258 333
81 359
294 282
107 88
26 123
204 289
85 106
125 188
303 279
41 49
314 153
81 164
339 344
304 345
156 167
154 290
3 249
55 174
40 12
296 346
65 77
230 107
281 288
169 322
135 98
349 83
200 205
1 286
66 289
224 173
107 198
320 28
233 147
95 290
141 66
184 39
322 268
50 82
136 181
179 23
98 80
181 56
269 292
108 99
20 75
358 100
339 200
263 316
38 333
8 333
16 42
3 287
264 273
162 311
208 252
156 36
127 184
172 332
83 20
79 178
168 343
297 77
347 338
338 237
190 29
121 349
195 162
358 36
321 96
309 241
223 35
287 150
13 294
150 356
297 270
276 343
29 335
85 10
16 99
18 259
359 306
193 269
135 219
135 149
156 293
157 355
208 69
191 285
84 301
109 257
230 177
264 30
217 42
275 21
76 150
265 211
328 176
14 154
298 203
25 333
342 300
314 232
224 330
85 85
138 293
181 89
312 319
190 109
146 82
152 309
227 159
42 60
52 32
353 94
155 186
123 313
211 318
277 172
124 172
42 344
205 327
119 155
49 320
33 186
166 292
129 303
259 280
16 132
19 37
49 225
275 112
212 171
261 55
204 171
90 18
191 51
231 354
112 136
63 349
240 59
23 17
141 276
14 280
229 206
233 49
349 169
262 334
85 286
207 311
254 344
319 22
163 200
357 314
17 273
222 105
229 192
147 308
349 35
271 89
207 317
123 243
184 303
269 319
252 217
3 46
181 78
104 110
284 359
51 123
125 344
319 219
334 140
109 342
103 68
220 31
192 20
22 112
349 72
97 287
337 154
95 351
149 302
13 332
71 327
292 252
341 184
314 82
82 323
254 345
167 37
127 223
254 342
102 172
59 155
189 86
276 241
8 247
29 124
59 6
292 135
111 150
230 204
176 95
314 196
109 273
79 125
240 12
82 22
145 4
15 245
222 325
77 264
181 333
306 175
171 291
5 229
190 238
26 170
24 253
171 42
257 205
312 87
201 232
60 200
207 150
136 266
257 351
286 148
335 256
146 328
311 298
21 231
183 121
93 263
104 217
282 279
222 331
257 50
262 50
102 215
25 262
9 6
58 251
297 131
347 343
164 213
357 233
80 301
207 68
79 10
200 280
114 192
304 348
338 286
144 255
276 141
89 269
347 50
316 30
191 160
55 5
171 114
12 22
14 210
44 204
157 216
158 330
135 212
149 357
165 313
297 115
263 47
116 213
244 54
240 256
202 109
173 207
282 78
143 199
250 35
288 148
126 269
69 247
285 133
86 205
333 32
159 143
256 303
241 211
212 282
351 319
268 187
218 85
288 246
262 257
358 317
43 41
74 336
281 237
28 118
25 56
114 198
64 45
73 258
228 99
209 349
301 143
270 147
229 199
27 160
153 51
332 174
286 130
256 140
126 179
128 292
297 349
191 261
120 345
72 221
287 33
181 267
349 137
285 110
291 344
66 347
240 278
266 137
277 110
136 289
94 238
58 254
218 66
176 283
228 324
344 113
203 166
247 320
265 338
120 9
279 201
41 81
92 55
232 254
271 22
5 187
13 123
60 2
251 243
308 265
47 210
325 33
282 42
297 261
144 101
306 36
136 253
336 204
162 336
268 18
75 209
266 14
132 233
275 340
326 105
116 20
47 57
209 19
187 192
302 230
288 341
312 210
68 93
63 343
3 344
36 108
337 272
57 316
217 5
99 35
127 300
142 300
312 352
15 71
177 46
113 287
174 161
14 45
300 147
219 301
115 108
115 97
80 40
315 266
50 132
279 304
66 36
336 178
143 257
19 30
179 247
31 357
18 318
13 107
194 14
95 142
73 84
354 240
237 135
221 83
36 1
82 104
298 145
97 226
228 128
200 346
212 68
342 248
84 12
342 1
72 128
107 231
358 344
68 316
158 34
172 284
131 344
191 140
341 90
325 321
360 305
234 331
330 114
353 26
74 115
318 298
102 186
280 170
337 301
72 274
201 119
65 304
282 68
230 47
172 313
242 15
199 217
17 42
257 90
84 14
181 201
186 57
222 99
236 286
24 234
246 360
313 262
191 340
284 280
80 283
233 118
274 244
142 283
15 84
298 142
45 120
186 169
333 49
291 29
245 133
116 108
29 15
102 213
29 55
191 300
244 340
159 106
289 162
87 277
88 15
92 101
134 70
92 202
331 241
9 79
281 247
277 84
228 11
41 360
245 297
36 138
201 23
300 70
74 146
25 125
86 95
256 309
222 299
252 87
6 70
50 102
214 28
356 141
246 2
275 326
342 215
53 148
279 1
309 263
353 285
340 291
340 316
313 210
342 151
43 51
247 140
24 211
282 356
2 35
100 112
22 55
348 340
179 16
9 235
26 16
306 98
42 231
92 121
340 282
180 133
50 201
334 164
175 33
325 258
333 60
302 292
340 348
235 16
99 278
36 293
69 144
101 217
131 52
260 236
15 96
261 331
293 47
287 242
328 63
241 310
97 261
68 309
359 256
156 214
22 339
188 73
64 255
226 60
360 88
157 303
235 189
114 192
75 117
104 313
142 286
69 238
44 136
115 37
241 265
261 39
148 178
62 17
189 98
98 311
243 9
352 340
28 126
128 208
159 84
280 309
360 194
7 40
38 287
135 231
100 100
117 341
262 276
177 53
295 148
105 183
46 321
228 3
236 179
294 231
110 270
127 122
337 235
113 224
334 69
31 151
33 226
61 278
96 158
289 95
240 102
110 132
193 148
247 182
273 64
112 15
169 68
291 151
295 357
337 137
188 19
129 267
69 172
80 323
230 261
138 35
164 109
341 69
176 35
315 174
58 71
305 66
274 100
88 226
264 5
179 191
308 189
37 126
278 167
115 143
232 50
72 221
97 3
147 325
213 134
296 337
96 302
277 198
35 236
171 51
293 104
138 46
104 239
317 124
111 308
62 321
52 244
359 312
47 133
168 154
319 70
151 28
56 335
15 285
337 98
35 209
9 99
182 41
138 316
70 77
211 128
134 115
346 332
107 74
131 212
259 287
351 35
246 122
137 342
123 58
46 30
189 316
229 278
224 8
121 94
301 324
53 215
235 315
264 18
174 20
328 25
288 75
357 113
216 219
228 203
261 351
309 85
237 133
182 196
14 335
203 75
141 267
327 178
17 114
310 233
334 93
44 249
299 56
268 269
200 351
115 293
17 227
264 190
178 307
22 112
133 271
129 49
336 272
159 156
215 177
159 191
80 113
172 299
225 224
110 20
171 157
174 130
281 101
91 178
294 91
185 177
191 42
254 95
236 275
319 109
320 233
13 29
253 308
189 156
90 85
69 146
121 138
157 278
107 177
259 149
243 189
341 340
285 334
181 142
112 245
197 110
234 260
178 200
54 170
39 13
106 202
263 353
98 48
267 328
121 275
26 113
203 300
273 51
354 302
347 231
354 14
294 257
229 36
293 163
110 220
278 280
190 310
319 147
222 255
187 242
71 237
44 284
294 122
281 152
16 185
39 355
159 62
152 131
297 46
252 199
249 45
165 171
145 79
95 308
24 336
268 216
310 118
277 46
94 6
76 300
349 312
25 170
193 271
198 335
167 102
190 320
96 287
40 22
211 310
30 137
290 81
40 185
135 326
229 351
79 61
186 147
261 55
284 215
146 88
156 310
216 5
126 252
115 214
270 102
104 195
284 260
128 83
8 163
278 358
22 4
147 141
280 276
291 349
187 337
15 157
122 208
258 13
174 284
62 47
92 2
21 82
280 109
274 198
358 254
145 54
225 309
50 185
295 170
83 288
158 114
48 292
61 231
216 136
351 68
230 174
54 234
276 298
298 168
146 5
114 82
181 219
294 277
25 2
143 32
313 222
328 176
121 72
27 310
229 91
262 23
140 184
241 220
47 19
107 139
104 287
341 36
298 181
96 204
237 208
55 201
59 230
200 48
55 163
203 92
195 70
147 196
44 102
266 256
246 232
309 191
324 208
228 289
200 210
147 312
65 83
217 306
27 182
295 307
328 5
203 228
139 86
164 230
74 283
316 356
1 31
148 257
88 167
358 176
274 144
139 229
322 182
307 161
173 197
84 334
49 153
35 230
141 9
346 54
317 54
321 236
273 170
135 147
195 300
210 194
246 176
333 48
5 224
296 160
328 227
32 261
6 127
297 283
323 238
6 104
275 194
346 116
254 75
54 155
69 105
291 309
278 68
247 236
195 35
60 327
10 35
63 348
223 44
62 69
218 123
109 255
353 315
135 252
63 277
21 181
37 174
280 7
94 316
358 200
350 314
174 203
59 143
286 168
326 61
32 57
100 299
182 4
273 87
89 131
94 81
70 140
157 150
246 296
294 74
313 168
218 328
93 333
198 74
5 198
3 89
122 166
241 9
337 102
113 251
119 251
354 125
168 221
60 185
202 77
262 149
168 265
131 99
346 293
220 314
272 55
148 290
75 163
79 271
36 34
175 15
16 31
173 250
162 92
178 299
70 351
213 182
147 256
136 258
175 203
352 300
320 327
176 115
211 11
61 330
112 221
254 267
168 158
128 311
159 103
329 223
245 24
208 2
236 350
183 241
139 10
152 298
13 203
221 54
142 96
59 126
98 249
311 115
27 62
136 197
25 261
5 281
62 67
341 27
197 263
143 56
45 180
238 84
10 263
223 307
205 325
333 42
292 9
115 96
221 213
209 247
352 310
221 178
121 307
68 14
293 264
115 152
147 125
98 258
178 180
326 283
242 101
238 38
89 30
266 326
279 246
333 257
126 224
129 245
201 235
66 249
288 250
215 31
100 35
182 302
208 165
185 229
38 201
73 156
230 324
251 260
341 317
46 358
105 34
78 244
130 36
263 148
150 308
338 49
268 139
28 10
131 6
323 91
92 41
293 313
124 24
96 293
27 4
358 168
130 291
199 94
204 231
161 127
158 237
34 183
115 189
316 113
134 2
333 266
327 53
42 75
86 233
210 282
100 236
94 42
227 43
297 4
302 157
250 302
33 218
63 80
321 176
52 309
352 71
318 242
3 267
342 183
133 38
40 250
301 75
159 5
214 120
118 151
126 240
327 152
111 226
118 166
263 192
76 59
36 143
136 242
181 318
72 211
49 299
48 63
6 134
133 290
196 39
211 320
63 265
81 343
49 104
295 205
13 115
114 208
56 283
152 250
16 135
28 40
18 168
99 242
132 167
137 134
35 324
125 187
297 273
151 31
43 115
333 17
155 318
135 11
32 340
207 317
178 67
158 194
36 336
208 339
293 326
186 152
356 14
239 101
341 76
219 226
311 52
202 43
235 354
268 25
22 46
139 285
185 21
215 109
107 294
17 83
106 305
327 200
325 217
318 263
172 54
321 70
327 217
107 192
172 315
234 29
185 230
35 31
9 90
36 239
230 60
186 213
53 223
119 6
269 2
290 221
319 94
249 329
285 205
65 285
96 110
303 316
270 327
334 59
357 331
133 149
55 166
249 40
35 19
85 172
316 177
334 188
360 256
350 322
170 163
267 341
295 200
202 67
112 26
71 190
53 221
126 335
179 194
122 196
292 78
216 140
306 17
64 58
64 92
38 178
15 141
234 91
274 126
20 2
343 326
242 257
106 217
261 233
182 337
246 318
47 90
88 120
79 160
287 224
13 189
234 205
301 228
182 128
260 28
72 330
13 238
259 82
183 197
74 236
73 220
196 186
230 197
84 182
136 22
147 284
83 235
171 170
13 120
15 250
74 52
320 339
305 228
9 132
92 224
12 122
146 9
127 337
42 109
85 323
94 344
6 190
322 12
255 51
224 268
337 238
177 226
89 79
130 240
58 334
130 209
307 122
315 5
109 93
39 166
6 94
122 124
263 211
284 25
356 205
84 323
221 186
72 205
51 307
333 153
193 125
359 322
161 173
28 189
68 29
229 226
204 71
126 17
91 149
145 334
170 182
165 218
347 129
350 135
316 272
170 108
66 193
310 225
104 99
268 58
66 82
334 217
331 166
189 19
243 335
46 335
72 153
135 111
181 35
180 340
178 240
251 7
196 40
263 134
251 57
121 315
263 173
71 304
71 335
283 301
60 195
75 51
205 166
215 339
57 308
84 17
2 87
107 1
64 62
334 255
60 194
337 330
353 61
286 20
346 70
201 149
120 252
155 311
140 101
85 155
170 161
253 243
105 261
120 243
239 55
353 316
324 82
273 181
154 157
80 328
57 106
282 27
224 272
34 328
166 66
199 232
258 103
227 32
325 209
292 271
111 206
146 348
84 255
344 277
239 339
337 105
69 1
160 174
70 86
217 297
351 134
162 94
214 139
161 267
89 119
162 47
301 72
195 124
174 7
252 83
168 154
327 212
135 20
323 14
116 186
72 303
76 213
286 341
301 200
318 138
352 6
12 82
268 120
265 234
314 154
105 227
69 47
266 355
214 340
270 262
130 323
310 257
310 204
16 217
61 319
203 105
222 321
285 354
310 94
313 207
296 226
251 328
40 10
210 171
199 270
142 334
325 23
108 360
257 136
69 127
30 217
167 139
322 29
342 39
295 85
213 184
34 168
250 267
63 193
326 246
260 282
102 302
257 28
224 41
151 39
30 111
100 24
23 81
31 317
279 54
165 24
353 41
122 193
283 180
292 131
268 271
235 312
181 235
196 94
138 250
60 229
67 346
52 223
223 327
211 212
209 274
188 277
137 93
94 9
20 73
294 195
197 343
155 305
54 174
28 51
17 258
21 339
168 210
239 57
344 33
155 107
315 247
173 261
235 269
177 277
201 208
323 167
74 304
331 280
182 291
214 96
357 32
206 35
256 256
128 36
115 65
77 94
97 104
54 191
29 39
59 164
223 85
344 218
95 177
63 45
264 204
99 344
199 334
133 121
121 245
153 192
124 127
272 31
242 61
280 285
160 262
5 288
128 78
160 280
121 57
215 69
256 65
185 320
207 183
106 354
3 212
122 242
297 359
277 144
358 333
150 226
165 354
272 259
291 206
165 83
222 66
202 43
256 123
6 333
31 265
278 45
132 139
140 343
356 143
90 197
105 274
233 208
182 249
89 276
343 223
34 76
251 28
145 200
220 150
152 347
358 78
282 160
141 273
179 241
230 250
299 267
269 144
226 95
293 139
154 66
64 349
98 230
12 204
255 289
239 214
252 219
155 48
324 5
217 45
334 317
219 48
192 167
321 262
338 42
300 260
265 141
255 100
181 267
68 52
248 137
62 159
282 211
25 111
339 125
266 194
270 203
161 241
44 125
310 68
302 110
151 325
44 301
143 359
210 284
98 130
339 92
3 11
130 117
163 120
315 299
178 184
150 97
138 5
214 195
165 207
254 82
198 204
170 48
241 300
9 150
111 138
316 302
214 313
172 296
254 137
117 34
48 34
70 215
30 27
142 224
41 262
159 302
207 92
353 65
256 240
194 280
257 360
82 199
275 202
89 153
289 75
220 97
190 24
154 36
144 82
11 72
26 41
332 70
252 224
45 57
82 31
106 219
10 24
77 24
203 100
246 59
130 140
321 102
302 11
98 163
222 212
186 247
34 184
8 16
144 277
321 102
306 136
286 357
235 62
172 252
104 61
84 29
186 351
354 228
328 273
311 30
335 192
27 239
97 294
236 307
266 288
175 319
144 328
241 192
347 225
100 205
90 204
223 117
39 337
56 142
336 14
140 329
155 182
354 259
358 263
310 171
175 307
41 162
358 264
146 146
223 133
227 44
88 118
360 354
86 1
228 359
69 343
124 149
114 315
53 233
128 185
54 145
134 187
2 156
177 146
38 358
295 292
106 326
101 146
360 169
298 279
145 126
347 302
59 255
195 120
337 359
223 41
39 262
51 206
88 322
15 284
83 23
219 70
204 32
266 225
240 332
42 251
292 320
211 49
79 264
337 50
324 113
328 247
130 143
73 360
92 232
46 73
320 275
207 199
73 298
273 146
102 301
253 29
179 360
85 97
235 352
76 10
284 334
243 311
321 341
185 246
89 360
117 11
103 117
342 200
291 62
72 273
253 338
138 214
287 147
171 100
339 232
290 212
327 55
331 155
259 292
359 23
162 6
249 95
162 312
105 276
117 186
242 56
91 197
199 315
51 19
278 65
280 351
288 286
187 205
168 67
216 355
291 270
31 250
107 5
194 335
281 169
331 116
261 6
329 92
38 170
116 62
73 275
55 280
266 188
115 226
190 359
86 186
36 75
119 251
102 222
154 233
277 46
247 250
243 260
196 281
72 183
264 135
331 43
71 29
233 141
245 29
276 268
138 144
5 75
150 197
21 27
78 25
308 287
67 356
329 7
36 227
256 51
221 343
248 120
84 75
217 3
330 330
276 320
90 283
341 283
182 132
48 196
133 72
179 172
44 278
194 323
82 307
89 337
248 296
174 243
250 153
134 206
279 347
269 106
301 139
3 237
150 51
179 249
318 292
43 206
308 85
101 213
31 40
301 134
145 220
313 86
231 201
321 13
145 193
357 174
133 77
224 244
92 310
35 145
242 310
13 351
54 129
103 134
87 117
283 335
143 319
50 19
149 96
39 306
299 138
216 261
343 225
229 100
157 141
20 160
180 91
161 291
309 240
180 99
110 289
18 85
263 66
182 285
86 190
173 42
74 317
75 4
62 267
312 68
221 185
318 222
72 62
115 221
6 94
109 324
83 3
234 261
301 326
190 24
261 156
336 158
270 346
91 357
282 1
351 190
231 250
64 278
92 206
68 164
330 256
324 111
62 58
127 350
146 345
171 29
220 100
265 92
192 192
252 58
64 254
274 295
207 335
120 101
142 26
275 319
267 13
221 146
160 108
252 194
183 142
233 205
118 319
307 172
26 346
297 306
136 177
230 4
97 16
162 18
191 191
95 333
54 266
257 49
279 228
297 248
191 194
336 73
125 109
308 220
342 68
60 118
257 59
192 4
39 338
272 238
90 179
271 255
81 41
173 252
289 127
159 308
236 138
329 137
235 242
42 32
261 1
12 323
337 187
84 228
198 100
169 235
202 274
205 134
193 191
163 291
297 349
92 90
258 85
352 236
32 240
238 263
115 15
3 262
205 65
76 189
223 157
127 188
34 274
46 183
166 201
324 259
225 69
105 259
188 205
257 121
150 248
294 220
309 201
292 99
66 43
133 7
264 232
222 255
294 297
193 165
270 53
1 296
178 302
103 69
11 36
169 231
144 248
232 228
8 45
190 329
147 348
78 32
145 346
24 13
88 177
34 180
97 315
1 344
350 341
238 354
84 247
308 36
13 155
149 106
55 340
51 167
322 16
201 258
109 49
97 59
245 8
114 25
161 24
249 291
238 220
226 259
279 207
74 206
251 145
111 112
51 29
210 63
17 217
146 247
242 284
16 147
74 350
40 214
157 185
209 341
198 136
6 314
170 128
352 59
71 298
217 342
136 83
338 297
357 358
157 29
333 148
127 174
235 248
294 38
111 95
49 111
248 11
356 35
41 47
68 121
52 240
37 183
288 122
38 98
10 109
317 275
252 108
153 144
137 36
199 164
175 32
178 257
140 284
168 52
254 218
31 319
21 309
349 170
168 238
102 3
149 267
272 72
85 252
259 236
23 222
62 247
350 145
101 164
348 218
266 325
298 339
171 44
280 83
110 254
140 86
346 70
119 300
223 247
53 282
156 115
214 215
51 333
103 247
121 128
334 129
188 12
297 261
333 174
63 307
27 336
47 30
7 153
267 306
119 147
337 274
32 177
251 225
86 173
97 73
3 191
315 159
228 24
71 1
307 101
50 246
247 111
226 230
176 320
3 31
166 105
193 78
215 215
182 44
93 284
282 142
92 137
102 307
28 105
140 10
104 287
111 175
153 241
210 53
330 72
283 261
139 329
171 151
59 309
147 35
102 331
357 250
299 66
164 350
210 27
348 73
12 6
39 281
180 335
61 276
294 276
63 169
154 163
100 139
134 265
115 107
360 210
58 97
175 171
67 166
171 145
232 131
314 194
346 295
299 43
228 113
72 174
302 152
89 9
263 115
344 45
355 172
17 334
286 292
333 136
311 116
175 31
143 131
295 234
355 356
148 174
291 71
101 90
281 107
256 116
4 105
193 73
309 339
89 60
73 148
258 210
286 55
135 110
257 252
275 9
180 147
293 152
74 227
336 220
220 18
50 256
115 86
183 339
152 169
95 325
269 50
267 7
85 16
174 350
61 186
356 80
43 278
346 234
360 261
127 10
25 124
191 93
314 225
6 131
191 328
63 229
111 52
29 318
315 167
15 87
42 129
146 331
128 300
234 198
279 72
144 283
235 128
37 152
125 266
38 29
107 315
357 138
244 25
127 236
144 284
160 180
207 347
290 77
116 84
250 91
67 320
329 20
328 189
354 42
326 29
13 283
82 216
107 81
8 55
220 129
72 216
118 319
151 338
219 166
172 262
159 108
88 44
299 137
352 272
270 211
20 64
159 194
145 323
101 15
83 336
7 239
17 7
54 110
182 199
231 324
289 12
256 218
235 220
19 318
85 197
275 225
296 72
290 131
309 353
159 58
256 27
128 203
200 166
287 310
330 69
262 26
223 138
30 11
168 268
306 4
295 82
345 278
114 22
143 347
276 139
258 339
174 83
59 296
49 153
292 244
110 206
296 256
70 73
142 50
120 215
15 279
79 93
171 134
200 202
81 265
281 211
214 176
14 117
57 110
91 120
201 161
280 91
91 99
245 247
97 290
45 218
173 281
108 142
224 195
246 23
234 13
296 325
120 19
240 100
30 69
185 91
355 194
40 139
103 127
40 281
293 23
315 256
284 344
322 281
240 130
359 163
356 1
248 268
276 163
251 321
293 341
330 12
244 351
119 205
305 98
276 258
87 110
265 339
319 346
342 266
58 319
4 349
137 274
80 208
145 85
289 2
34 341
39 350
119 131
160 29
194 56
151 172
31 132
309 217
192 302
216 325
2 42
205 312
217 140
100 115
146 135
255 177
196 335
252 333
88 242
349 278
350 59
289 275
276 171
350 282
142 215
357 107
24 142
252 173
265 80
44 117
18 234
161 14
308 17
181 64
315 26
105 279
132 207
329 284
64 252
205 87
345 77
136 185
355 37
79 119
327 233
200 353
178 19
138 156
353 69
256 179
48 203
212 169
15 146
51 305
142 19
128 250
6 204
102 72
103 200
81 87
162 61
37 297
336 320
172 187
132 144
270 278
58 26
15 360
56 52
354 68
60 353
241 340
80 295
221 70
12 294
272 272
274 327
215 72
41 9
63 224
19 262
217 313
302 122
68 94
150 42
231 194
289 199
208 300
147 51
133 306
163 349
76 229
108 331
104 219
355 291
327 147
154 359
14 164
345 24
155 57
121 299
136 149
226 151
55 318
283 174
61 359
94 320
321 305
247 133
192 188
227 109
118 249
189 123
89 112
310 234
167 2
7 223
154 128
265 137
317 332
142 201
157 84
5 269
309 14
201 98
142 358
330 29
5 204
51 124
160 242
211 137
43 128
82 84
33 246
153 302
198 4
51 182
269 23
183 313
142 254
307 32
307 303
157 48
219 129
67 128
281 247
272 14
334 217
290 64
337 276
137 67
28 187
258 100
284 164
220 174
210 243
310 162
218 195
276 27
265 14
28 307
191 344
246 133
283 304
171 244
64 124
59 230
354 55
34 259
211 101
5 307
290 245
325 125
325 76
40 180
25 2
259 14
89 126
111 124
9 58
156 75
125 284
131 8
107 269
92 314
5 225
78 148
59 279
56 206
278 54
4 345
30 20
211 122
205 65
289 132
147 230
109 57
356 328
132 74
269 184
234 177
346 110
133 200
141 151
262 272
8 165
51 65
122 307
239 353
96 241
293 34
112 226
82 152
268 260
188 255
140 203
274 94
245 286
82 338
102 117
95 284
148 316
66 351
304 332
276 202
143 46
298 121
341 104
350 324
184 163
283 323
102 280
176 83
243 311
4 271
51 138
139 57
9 72
169 352
215 351
322 324
52 18
316 155
338 28
112 276
102 17
235 88
244 97
132 73
51 312
158 126
167 334
24 243
320 286
121 117
137 352
85 131
347 155
276 318
164 208
191 123
310 57
157 65
220 249
337 255
200 56
73 65
214 51
92 47
258 359
250 206
138 137
4 296
332 147
284 142
196 38
304 203
27 8
47 207
269 77
259 1
234 107
179 354
215 160
214 87
289 104
204 276
167 91
93 223
137 203
342 7
48 240
7 222
218 54
153 26
360 15
235 82
294 275
279 23
6 302
76 203
149 125
86 136
228 46
337 24
322 263
349 331
79 203
284 234
332 8
17 55
168 61
321 20
352 113
175 157
171 153
276 315
309 346
300 136
158 281
302 180
151 66
224 174
85 147
258 111
263 131
194 154
162 317
325 266
125 192
94 155
307 84
193 76
116 257
150 7
207 75
60 88
167 32
146 177
106 236
209 213
9 242
141 116
275 195
227 64
351 15
58 107
39 359
255 141
142 64
349 50
335 39
325 189
309 287
350 67
200 58
110 341
84 36
149 88
174 117
201 204
34 334
55 150
289 118
215 9
26 264
228 34
350 96
108 70
58 216
22 239
244 192
73 291
175 315
70 186
248 253
144 313
131 99
228 57
94 270
254 185
50 344
206 289
343 59
73 272
129 181
137 108
285 305
126 74
356 141
161 213
317 146
229 94
291 248
62 154
208 233
101 165
348 211
95 112
223 145
31 192
275 113
137 103
313 41
249 234
330 193
344 96
227 22
113 154
331 284
311 72
243 35
245 284
147 206
90 165
187 334
255 112
129 324
247 59
296 38
307 68
27 269
105 57
176 142
356 339
338 96
67 126
336 135
55 84
148 10
50 204
61 74
325 256
354 351
250 48
358 26
105 68
184 34
61 107
58 51
88 360
37 19
176 62
61 318
217 81
207 289
249 351
285 68
96 27
187 277
123 223
243 319
142 189
247 308
299 316
126 68
215 186
109 291
100 290
125 118
319 311
126 15
189 166
195 15
114 76
338 132
227 57
302 276
114 283
238 43
32 184
100 176
14 50
229 246
183 144
337 223
179 63
217 310
282 203
168 156
23 95
36 357
37 309
66 45
160 119
77 27
360 180
216 304
170 216
107 122
299 338
96 227
212 284
26 331
211 47
38 247
192 210
334 191
92 13
262 332
357 165
273 91
193 154
221 331
23 217
275 143
61 121
339 2
72 119
328 76
340 62
200 104
237 71
314 237
1 89
284 114
302 32
235 189
217 218
286 309
358 273
152 221
257 35
180 274
58 317
226 122
228 100
196 318
20 82
115 6
313 328
221 158
149 328
140 270
259 213
105 233
70 151
276 117
229 64
221 59
247 149
245 327
359 152
46 171
329 146
194 68
351 273
250 303
178 347
353 34
313 7
306 229
88 269
325 44
272 58
104 124
323 28
172 177
358 189
331 332
34 64
62 35
91 265
93 27
342 244
118 309
351 85
248 148
150 212
185 169
50 89
324 12
116 300
156 274
6 195
131 326
37 99
198 122
18 16
157 174
104 174
182 174
218 343
205 57
322 79
234 74
135 61
319 277
42 5
205 175
296 56
153 350
105 38
92 51
163 280
42 275
212 26
342 105
22 76
203 35
252 266
187 231
277 56
162 25
96 314
64 90
300 114
91 313
107 77
335 218
124 59
305 173
185 6
173 258
99 92
358 325
154 160
98 295
206 267
90 221
41 298
175 145
357 232
328 122
302 295
281 258
273 82
333 333
247 294
148 128
306 311
138 172
44 17
203 1
323 105
199 138
184 225
33 336
338 336
335 131
209 312
11 281
16 292
331 293
351 254
332 138
90 127
209 132
325 86
352 20
347 7
319 351
138 52
254 58
29 297
264 230
149 87
33 266
97 332
27 219
50 278
156 64
119 165
350 10
79 149
228 242
60 349
146 74
240 359
157 220
337 316
77 339
284 236
143 159
268 354
53 73
210 296
337 115
260 314
107 102
111 300
148 340
166 292
283 55
189 222
245 353
156 284
45 171
331 208
92 307
221 64
228 326
18 49
206 349
79 283
164 298
14 213
65 199
156 120
66 32
3 19
127 132
216 156
206 240
286 226
276 261
161 83
223 260
119 312
294 164
303 344
156 288
275 265
24 1
192 289
85 86
175 19
110 213
214 64
27 354
235 286
25 131
227 148
199 72
257 132
25 119
360 254
45 77
151 308
193 129
169 207
6 86
331 100
302 249
167 312
66 223
85 83
332 214
153 68
113 355
60 227
56 45
242 253
321 180
157 24
95 159
249 106
231 89
80 240
137 320
66 256
59 158
95 38
196 170
38 183
195 52
130 148
203 168
114 353
61 202
31 304
224 123
295 82
113 307
337 214
4 12
319 285
123 80
67 323
293 79
73 156
34 90
266 264
320 252
151 283
254 346
287 141
209 134
245 299
239 266
150 48
69 261
12 39
80 59
29 61
6 143
46 11
230 145
213 225
93 150
17 237
187 105
22 76
52 348
16 112
12 71
258 270
168 284
105 163
162 194
125 99
280 195
352 212
98 87
27 159
182 275
283 91
329 228
31 27
259 152
138 10
229 194
266 301
212 299
285 54
200 230
159 251
239 237
359 11
189 327
37 245
122 299
145 171
141 189
182 225
196 327
79 178
184 254
136 162
62 143
38 279
344 196
283 150
209 224
119 289
324 22
301 241
351 246
57 39
131 23
261 96
106 241
282 180
298 220
146 186
299 12
232 153
95 209
5 54
242 319
1 348
16 331
222 40
316 159
283 26
220 9
173 207
292 5
115 121
246 300
152 168
266 176
102 297
360 13
127 311
39 174
140 121
103 218
188 75
300 263
343 93
59 222
178 235
32 86
108 109
328 315
272 54
78 169
224 355
211 225
335 187
180 44
247 78
308 73
349 267
318 279
344 37
43 257
199 342
298 215
350 275
210 228
314 279
182 321
178 133
3 151
218 335
339 226
277 201
43 194
350 215
85 65
136 346
236 113
253 36
261 69
256 314
186 112
28 148
303 316
100 318
100 184
253 102
197 101
240 155
80 298
158 96
223 143
274 208
54 315
260 156
359 57
253 192
181 72
322 86
99 208
66 311
141 244
18 12
120 328
275 165
182 153
345 69
71 243
152 319
258 200
200 131
195 236
100 302
213 52
262 15
225 213
136 197
169 313
55 7
250 193
224 187
284 148
275 279
80 171
113 213
7 214
280 150
100 207
345 78
97 310
57 206
1 99
337 79
95 79
185 182
186 232
200 178
212 236
70 75
233 12
119 6
324 110
84 294
34 187
121 301
171 30
10 138
54 111
161 275
167 122
349 22
62 164
244 125
146 28
156 67
122 343
107 193
70 209
268 214
201 110
238 162
94 207
313 249
64 272
31 251
288 122
340 14
339 186
200 122
63 123
231 153
193 145
192 71
85 175
318 305
156 352
328 52
65 336
32 281
169 99
315 311
321 229
290 245
167 89
174 270
66 193
162 200
160 59
72 339
341 179
255 1
106 165
359 161
282 257
121 18
173 222
201 23
66 91
298 257
217 140
153 207
9 2
164 297
174 269
27 164
3 223
218 228
257 95
192 61
57 81
359 212
324 107
184 234
120 264
328 27
168 220
45 34
265 261
242 338
117 194
213 33
254 280
92 96
320 84
203 324
12 31
127 280
127 118
348 126
266 121
279 230
75 65
234 3
313 21
103 94
80 53
272 125
163 125
265 316
258 64
317 94
7 174
254 235
92 92
246 46
144 25
95 125
193 141
121 173
203 71
36 231
205 189
110 45
125 242
150 83
71 194
41 275
20 298
355 22
277 56
190 184
18 22
71 107
61 7
283 265
157 60
75 90
200 254
295 58
286 348
182 180
266 38
70 215
348 142
310 311
219 257
265 198
351 161
307 347
104 34
99 63
300 76
239 243
168 105
161 144
91 320
191 317
355 280
200 37
155 120
39 85
341 88
11 67
111 41
169 360
150 140
199 355
13 75
64 277
158 65
283 223
253 83
319 170
232 311
78 240
296 307
71 198
90 240
334 114
355 295
289 31
341 9
67 343
328 242
347 34
99 61
51 281
301 45
18 153
281 268
97 346
9 123
22 228
302 27
109 12
290 342
49 226
326 135
337 16
64 149
173 360
345 130
158 98
209 249
47 251
68 50
108 156
23 105
40 215
260 225
4 138
120 54
188 216
264 244
285 174
338 323
360 259
359 242
360 355
134 67
206 332
277 249
51 23
153 29
32 53
314 165
160 27
171 36
133 266
215 262
191 155
174 177
321 99
145 176
41 121
64 96
266 329
322 51
76 80
295 152
209 295
272 200
90 238
87 323
313 78
254 326
313 46
232 100
88 165
253 336
152 288
246 265
320 97
170 64
69 15
256 83
23 193
334 296
350 249
95 279
30 117
182 294
299 223
141 343
176 342
311 8
56 95
360 59
138 68
33 154
50 349
141 105
63 105
114 148
260 64
251 139
340 226
284 6
278 81
75 332
246 155
168 44
157 19
151 327
355 91
227 37
21 106
178 144
178 82
55 317
343 109
30 266
342 174
13 286
127 54
247 172
104 33
73 221
163 318
30 158
253 203
329 150
52 1
63 197
95 165
260 30
350 253
4 269
71 87
103 4
49 209
81 297
78 360
40 177
165 141
31 278
302 8
171 183
345 26
274 344
79 272
77 88
81 152
256 88
327 301
72 238
228 324
262 320
77 319
240 230
239 97
205 229
354 223
261 56
289 274
84 349
161 239
96 356
192 17
347 39
185 303
189 132
233 40
38 127
11 296
139 9
124 239
168 137
127 327
298 12
253 97
128 150
141 357
275 351
302 3
16 104
325 332
35 290
153 143
223 93
271 246
148 4
339 95
35 152
291 268
207 8
338 328
298 150
5 351
133 278
35 282
277 330
219 211
166 231
328 63
289 283
176 328
16 141
185 166
85 120
217 84
213 109
244 120
98 282
111 157
185 327
358 226
37 19
123 224
53 327
293 152
107 18
169 223
123 225
158 134
138 26
335 190
15 102
205 55
123 296
353 22
13 72
352 193
39 74
235 126
184 53
83 99
11 96
25 67
197 129
197 183
151 251
347 192
62 274
347 341
261 48
49 225
242 194
233 102
170 207
182 272
341 190
56 46
126 23
309 90
303 173
64 63
56 206
170 217
192 302
313 167
187 93
71 240
342 32
267 358
344 82
203 22
40 201
225 78
48 91
163 205
293 4
206 228
96 3
256 182
319 326
218 305
170 129
7 135
217 343
60 270
327 113
360 333
68 126
352 42
44 207
152 184
174 153
8 91
192 141
66 129
178 299
321 124
195 122
145 108
322 253
52 177
183 42
146 346
228 318
337 350
165 217
295 347
100 323
341 235
272 184
286 238
251 237
175 34
107 136
151 19
343 41
340 197
111 93
144 304
299 320
239 259
205 314
94 253
190 359
254 331
93 63
182 316
67 115
5 263
283 120
332 88
176 331
296 243
337 258
327 315
263 114
226 253
120 100
46 236
190 191
345 274
282 134
252 345
55 179
334 175
89 172
210 115
75 153
344 298
268 321
98 173
58 13
233 182
207 208
150 290
240 343
104 80
63 154
16 224
219 151
144 232
273 153
113 132
150 278
99 147
332 139
38 134
316 45
169 147
233 348
28 216
324 195
227 137
121 56
249 5
139 348
351 301
176 329
122 260
150 281
264 198
99 290
18 109
195 299
101 272
296 242
23 16
349 161
263 301
166 345
135 281
270 293
294 86
331 201
119 73
157 153
173 248
17 204
284 50
342 267
97 206
305 142
154 286
12 48
347 130
259 190
286 275
206 300
235 352
326 133
152 140
85 53
273 245
183 179
224 285
113 276
257 194
265 162
251 179
30 177
310 91
268 235
263 268
226 288
316 234
47 179
222 281
343 77
312 122
312 294
199 262
343 87
166 17
251 320
214 71
326 183
6 216
347 28
346 209
229 176
233 15
179 49
337 218
216 175
288 268
23 54
27 184
85 245
330 343
81 17
71 324
90 259
36 228
334 30
138 285
299 156
78 48
144 126
220 222
164 137
236 268
14 55
71 62
48 220
11 274
147 341
70 203
110 64
33 16
246 22
284 194
234 92
26 3
111 61
297 233
27 303
350 76
71 314
100 89
302 208
25 232
199 281
158 148
49 347
347 66
46 31
6 260
114 26
36 223
72 347
323 34
186 359
124 267
313 233
199 215
91 44
70 121
359 290
184 319
242 118
166 21
355 230
239 132
47 178
17 199
33 117
198 164
53 144
12 230
261 67
97 212
154 205
316 193
190 22
263 49
304 245
31 335
329 97
169 85
15 253
62 270
196 300
29 3
193 95
5 106
168 140
169 164
251 78
268 280
168 58
349 322
194 1
23 178
90 287
34 226
128 119
355 343
73 244
337 115
336 66
287 288
56 160
70 274
257 104
24 206
55 189
356 210
211 282
93 162
8 208
62 29
338 270
40 49
191 81
194 247
305 230
302 233
243 186
86 91
310 116
12 147
339 72
358 141
278 292
206 237
354 49
62 235
318 350
149 216
35 227
224 141
243 119
106 45
69 202
84 212
137 305
138 218
270 305
137 158
357 10
262 278
261 61
232 162
357 232
330 254
340 279
133 73
86 308
35 183
9 285
351 258
147 59
259 147
286 26
284 205
81 153
88 79
71 167
125 230
20 293
227 303
159 268
25 59
129 355
44 149
20 293
236 158
230 247
231 221
124 13
113 291
302 130
337 359
244 332
273 220
268 19
118 179
208 6
145 172
103 147
316 321
353 322
337 91
218 28
351 250
47 338
318 327
193 129
109 334
128 9
342 234
259 188
154 231
352 353
312 101
61 211
189 60
180 26
164 337
173 29
98 317
215 295
182 264
154 278
152 319
234 274
143 80
198 202
281 262
137 51
166 154
180 39
248 73
188 214
26 250
227 282
274 129
345 288
223 64
317 272
289 194
65 85
87 237
10 51
303 283
46 59
58 250
322 41
293 253
179 325
210 292
92 35
131 355
144 164
326 139
241 71
13 18
325 203
178 194
358 203
297 352
145 214
21 290
337 194
315 341
304 125
344 310
333 76
96 249
45 173
267 137
52 146
51 347
159 6
257 215
331 149
133 242
331 280
61 244
74 178
35 103
332 7
170 87
172 8
132 77
86 91
125 89
206 181
268 157
42 63
339 323
32 301
31 167
217 85
299 103
83 25
318 32
59 51
304 358
13 143
197 329
37 141
322 330
199 162
194 357
120 26
256 35
101 122
69 72
331 336
189 354
291 350
186 148
254 43
229 175
237 344
304 328
302 167
243 26
79 184
347 287
128 359
155 282
198 295
278 28
78 17
298 224
332 49
290 70
196 1
226 250
171 342
3 293
104 168
312 349
299 110
311 228
150 224
57 142
280 333
166 169
30 201
342 122
162 147
62 8
261 140
272 326
101 48
59 81
8 80
224 264
276 349
135 59
116 204
70 44
261 10
121 300
99 187
308 204
242 131
7 273
61 317
114 350
59 19
53 327
249 222
90 240
150 159
315 178
235 128
37 163
42 118
21 17
92 237
130 100
256 315
290 190
33 29
272 330
76 297
57 64
18 119
262 309
99 193
341 213
290 109
161 344
118 224
38 166
284 307
17 238
265 80
90 30
259 34
141 72
21 223
204 304
240 29
282 275
12 234
88 45
281 354
137 227
284 216
53 285
178 221
131 216
271 249
181 17
323 166
158 316
114 181
140 325
150 48
114 67
259 254
194 17
244 21
99 198
352 233
318 311
292 200
199 116
83 295
271 266
69 136
253 310
3 108
360 193
70 120
248 229
309 22
192 52
351 273
339 69
199 20
114 99
172 36
173 171
66 346
169 258
246 158
237 80
297 21
308 184
69 22
151 231
50 359
3 14
126 331
227 226
206 44
263 109
247 199
248 157
79 85
227 48
248 274
162 235
99 39
49 102
330 262
82 296
272 327
313 201
267 72
168 306
43 294
29 45
152 63
220 78
289 25
317 177
112 326
349 132
294 209
233 106
193 273
1 345
61 226
119 108
228 253
62 256
85 283
35 146
126 297
198 345
310 42
161 75
17 39
93 224
151 324
161 263
48 325
275 75
16 70
177 14
41 266
306 240
316 86
218 185
27 137
138 337
37 189
316 34
306 132
340 241
93 169
75 218
342 82
85 132
208 210
210 285
357 111
244 99
94 239
111 107
221 240
182 341
165 144
267 294
153 228
274 94
295 154
144 256
22 199
80 118
90 81
74 57
102 287
1 55
164 91
105 116
188 164
110 109
242 292
158 186
132 328
329 229
10 143
225 157
178 153
52 69
53 230
78 275
264 139
23 332
233 299
71 322
255 348
138 115
192 114
63 91
168 63
352 123
179 16
15 140
261 137
172 246
349 159
238 228
25 348
68 312
269 172
12 191
47 219
192 277
153 20
110 172
270 167
284 89
336 312
61 7
125 32
336 159
6 168
112 244
182 225
157 90
252 247
289 62
63 330
342 82
323 12
206 148
274 258
53 126
191 263
68 287
141 48
217 236
141 215
212 119
352 357
323 261
197 208
42 134
312 2
2 178
267 99
149 303
107 244
235 138
171 125
328 166
351 25
68 265
4 93
19 199
65 90
355 158
327 145
174 35
44 66
45 107
98 328
284 306
207 283
323 23
3 243
248 345
47 258
312 219
299 339
223 162
52 58
253 39
278 338
322 66
220 207
199 24
179 242
317 175
215 349
174 141
303 61
158 35
207 157
286 271
47 67
36 100
191 200
301 40
132 283
343 359
352 10
18 302
95 8
225 233
48 162
230 122
51 143
221 34
117 11
193 226
217 236
256 69
267 203
255 338
136 154
94 141
151 322
46 276
306 271
280 144
63 117
284 113
133 227
73 165
52 132
265 148
329 277
192 355
264 65
260 34
258 164
83 102
166 36
90 114
306 62
85 46
224 87
206 300
323 49
157 159
154 149
82 31
60 124
129 43
245 41
200 346
191 213
360 315
141 187
83 280
56 331
216 189
243 27
191 70
210 318
88 347
96 156
139 242
18 205
121 199
92 20
127 56
51 345
63 293
167 329
167 322
147 119
43 280
135 50
179 315
86 115
334 320
246 305
108 250
159 349
306 289
346 304
95 214
15 142
134 262
167 353
151 174
252 305
4 309
41 124
357 166
246 11
229 96
7 157
291 272
328 167
81 214
107 196
235 308
148 204
206 276
148 205
115 293
144 275
266 282
170 143
336 210
316 94
190 63
123 80
204 80
353 340
105 210
25 35
266 224
165 286
329 80
169 35
86 27
190 190
282 66
225 277
198 95
347 143
275 3
357 106
132 12
49 161
290 77
15 126
17 325
39 163
124 123
120 232
229 21
180 92
292 201
214 182
103 142
67 88
223 176
134 24
295 204
109 285
217 274
318 297
299 125
76 34
68 256
273 339
181 331
14 31
114 254
318 99
96 229
251 203
203 245
102 105
73 29
136 64
287 166
62 100
150 333
193 16
349 278
52 83
138 20
170 214
42 234
65 87
101 13
191 129
218 7
322 326
348 91
151 217
232 219
241 122
213 297
70 69
129 226
328 232
189 89
95 16
344 124
168 310
337 193
182 290
176 354
348 60
311 184
199 202
254 103
11 275
78 32
54 276
81 180
78 182
219 273
174 317
129 268
294 173
110 94
210 227
178 182
7 46
249 310
161 46
112 357
205 110
83 264
38 152
64 104
326 44
286 14
107 145
279 314
215 213
51 96
90 322
47 247
298 338
271 46
58 171
108 20
164 337
191 185
224 352
13 103
338 39
110 220
290 136
330 197
280 130
201 94
325 186
330 87
181 164
285 336
73 146
209 151
238 99
185 179
225 61
54 49
168 2
108 243
77 261
223 92
14 134
131 141
164 272
8 273
144 215
248 271
335 232
278 13
290 156
261 354
272 34
249 296
257 310
159 196
185 307
110 305
238 279
279 52
211 13
159 122
307 278
86 35
288 336
243 221
123 313
109 220
184 35
215 137
169 140
84 254
356 296
304 349
327 250
275 283
145 230
67 278
356 329
250 354
8 184
234 197
89 281
61 59
174 38
124 86
242 156
8 159
14 324
91 357
177 281
338 67
51 157
55 210
133 98
237 149
341 86
300 151
189 32
106 162
280 289
187 238
240 61
57 20
345 194
121 87
341 138
60 199
253 253
334 147
357 290
281 299
90 313
29 308
68 162
253 188
51 47
196 181
269 139
16 315
171 229
200 231
5 150
252 332
182 342
249 148
253 220
188 57
126 308
308 288
95 182
284 331
282 331
360 212
58 236
215 44
47 157
349 198
216 218
156 241
86 64
154 91
177 45
96 337
250 342
211 58
187 44
89 270
200 48
178 75
27 96
229 131
339 62
20 31
257 50
82 17
215 296
114 276
261 219
289 8
30 46
234 249
201 284
186 301
146 44
333 114
211 180
301 210
50 98
169 57
130 133
317 221
284 202
22 45
181 21
133 146
278 224
261 290
318 201
163 306
336 169
83 142
195 209
310 135
90 79
165 2
37 291
223 306
269 187
1 336
124 348
241 20
228 253
327 83
61 268
326 211
46 20
292 339
255 135
55 343
40 311
45 171
163 269
26 305
8 260
169 142
354 338
74 71
9 274
287 232
154 26
165 11
33 117
43 276
78 36
136 186
36 112
183 310
61 308
208 197
98 104
301 274
306 132
266 48
144 165
315 306
17 17
284 201
6 140
288 82
185 357
281 206
272 289
311 29
49 278
156 320
255 309
154 32
346 3
230 223
92 288
347 258
290 151
27 195
316 173
334 201
66 162
326 333
305 209
169 98
174 276
34 175
353 249
206 225
66 250
257 223
330 122
112 264
98 32
83 152
356 233
341 219
80 291
272 166
198 297
189 297
142 109
6 288
93 163
226 173
167 221
350 326
222 155
317 195
77 89
302 115
132 162
69 102
76 262
228 229
351 171
159 164
312 25
39 12
230 140
147 274
54 225
212 222
164 234
163 85
212 253
11 282
74 50
284 350
244 347
288 41
269 19
320 308
237 360
70 95
174 298
288 61
77 235
249 246
127 124
62 335
47 286
123 350
80 310
85 113
125 10
252 70
329 349
240 233
190 49
308 328
321 63
320 286
67 128
333 283
145 117
337 339
20 79
118 358
83 113
222 79
269 72
85 242
4 72
137 53
357 182
59 28
84 178
199 316
256 342
353 265
235 183
298 108
212 295
118 81
257 32
200 222
93 324
305 126
337 156
29 81
95 244
97 338
224 109
199 294
261 27
86 167
79 225
11 280
116 95
111 128
54 273
138 172
120 281
360 35
262 325
27 35
312 305
38 295
228 33
237 151
76 119
245 266
273 181
253 247
184 134
264 60
348 214
172 102
111 253
204 214
261 253
258 271
316 279
291 167
220 26
33 217
313 156
284 247
316 326
17 14
219 124
353 328
172 300
55 226
290 143
67 61
18 284
239 237
299 271
100 261
43 111
24 75
287 257
81 202
116 296
322 109
82 291
198 217
79 127
113 338
79 228
277 32
342 220
329 55
339 87
89 106
10 340
46 157
279 121
270 81
172 192
220 198
188 12
191 353
158 41
73 177
63 194
194 146
249 245
280 137
25 121
304 114
45 188
211 212
187 314
202 22
182 316
148 150
185 2
69 31
294 359
78 8
262 137
60 155
344 212
49 44
240 138
58 264
292 281
191 165
72 228
57 337
343 327
114 18
175 305
350 273
156 125
132 17
228 35
98 41
248 80
315 351
360 93
141 195
346 100
1 304
251 231
339 255
135 152
233 268
42 64
190 337
214 108
57 265
139 283
71 25
12 256
343 249
155 247
111 155
273 316
174 345
299 324
137 246
315 315
41 290
354 136
49 152
129 225
345 110
344 299
115 210
309 331
109 135
318 72
238 38
23 219
42 153
192 121
164 172
255 182
175 259
117 88
186 117
267 275
178 306
247 349
358 70
82 293
222 284
215 279
268 157
2 182
305 63
151 27
137 277
266 353
80 155
212 284
252 255
296 299
35 245
209 9
318 76
234 241
271 158
251 55
187 247
12 63
28 175
167 58
269 71
152 106
10 167
310 260
60 302
251 196
108 228
202 149
148 108
22 102
139 92
323 17
254 314
110 92
284 122
53 212
323 227
315 182
107 286
225 33
176 147
167 238
96 225
250 60
224 55
81 226
187 345
69 316
359 149
192 342
197 80
360 243
36 107
322 86
304 252
343 298
79 293
108 42
280 89
284 263
224 91
197 266
281 111
157 47
305 216
44 166
355 260
98 97
265 113
320 220
248 301
125 221
267 145
75 99
270 340
19 50
340 218
155 225
54 278
133 153
222 344
185 197
49 179
39 290
236 359
11 136
277 331
316 113
6 166
213 242
92 156
279 176
164 219
58 166
182 301
213 107
39 358
340 215
332 285
277 257
26 6
149 333
86 249
189 253
134 75
249 31
155 151
321 236
322 252
230 112
3 14
131 184
32 199
153 40
137 26
29 341
170 130
243 72
167 295
273 324
151 75
69 251
164 130
75 296
54 103
30 16
177 302
31 173
186 9
15 241
267 303
47 9
286 129
252 56
180 201
212 284
332 75
96 142
161 29
313 69
259 337
78 123
145 70
111 238
196 50
55 145
237 75
355 301
97 164
41 338
312 13
61 324
139 351
117 9
168 282
242 121
316 344
84 101
135 296
237 270
326 94
64 266
138 297
6 26
229 126
267 327
163 51
38 243
100 331
39 329
117 56
321 327
279 94
39 339
56 254
292 202
64 307
79 138
60 263
301 183
99 141
266 357
327 57
252 57
213 353
247 265
109 70
333 130
353 113
14 174
124 40
284 219
77 129
147 342
76 341
119 104
114 359
18 3
351 204
31 82
171 113
333 81
180 359
11 230
156 228
318 289
263 333
125 1
177 67
315 153
21 143
248 229
358 288
40 311
313 280
145 148
349 102
39 295
211 251
276 230
234 254
131 60
166 37
275 149
98 203
341 282
2 91
330 359
238 81
324 335
61 191
226 218
312 52
62 74
360 202
263 247
215 153
220 196
238 116
207 74
127 153
93 53
149 65
146 111
125 284
60 138
177 52
237 55
59 326
169 296
291 176
206 173
306 246
145 47
97 20
342 213
176 113
16 355
354 141
17 97
67 217
160 106
56 325
277 285
33 133
171 198
110 191
81 224
75 29
53 27
56 332
54 173
225 290
226 126
208 123
141 46
175 84
261 197
239 122
265 344
