360
7776
78 234
270 296
63 34
78 76
11 38
173 267
328 5
122 56
245 292
4 121
22 22
94 61
303 84
90 350
147 282
93 317
169 148
231 260
103 296
85 109
141 95
156 79
108 106
351 74
349 31
309 16
242 127
357 113
264 20
47 82
355 213
269 290
169 293
193 114
189 54
205 38
270 235
182 23
215 275
45 31
91 158
140 140
112 165
29 185
173 4
282 82
113 218
176 12
95 49
314 151
109 346
176 49
18 324
71 44
96 4
160 139
258 6
150 239
324 214
240 219
36 101
205 22
275 269
337 81
270 142
119 319
226 251
273 135
245 277
290 237
293 296
107 251
21 210
116 256
8 49
191 346
24 214
49 300
26 344
120 12
319 308
243 75
305 40
6 295
108 306
244 58
324 155
35 240
300 353
15 144
107 152
263 355
355 272
87 223
40 309
119 121
121 127
243 298
349 194
168 54
174 331
347 93
218 304
347 112
162 242
59 214
154 310
121 192
315 144
52 292
146 239
67 162
296 327
288 294
43 270
209 77
332 300
266 303
240 255
125 145
272 116
16 182
350 195
272 295
3 228
218 144
26 251
130 54
233 109
53 87
306 20
110 222
309 44
240 259
283 289
14 294
55 28
110 304
58 160
87 113
166 116
231 8
338 9
322 204
127 162
220 165
112 326
102 149
58 86
186 173
201 15
61 240
276 306
249 208
303 120
283 321
64 28
360 132
282 324
222 196
63 130
329 33
242 88
27 181
294 309
163 235
38 357
228 29
197 78
3 34
197 99
12 121
345 298
324 151
217 72
323 336
73 328
217 88
130 111
53 167
273 103
337 153
20 239
191 243
19 118
215 271
97 199
50 59
132 163
304 171
125 49
157 41
28 209
278 244
346 96
351 187
239 49
333 141
114 117
229 295
214 290
184 50
279 353
318 254
28 56
226 101
280 166
314 14
101 312
189 34
187 160
124 314
327 15
177 306
195 68
23 44
325 76
110 309
305 206
322 164
333 167
307 299
17 283
203 52
334 35
308 38
316 244
206 179
88 25
17 335
186 184
33 313
88 189
206 122
19 256
120 268
320 207
338 328
49 60
202 175
174 86
55 108
195 111
350 2
182 200
158 351
200 254
274 146
353 141
223 11
89 203
328 9
108 100
67 3
182 191
320 352
359 257
121 284
83 160
171 141
340 53
245 350
309 6
164 37
268 125
50 273
77 69
93 334
52 313
168 276
44 107
64 107
337 346
330 132
81 285
56 203
28 30
252 120
319 192
102 156
176 151
130 232
223 312
355 117
35 53
11 31
271 319
309 67
319 299
213 341
160 234
345 158
340 63
281 343
14 163
10 143
149 67
124 196
42 338
139 44
296 27
293 251
311 147
326 169
67 314
76 269
197 174
170 259
286 180
65 268
355 259
276 241
267 258
261 355
310 141
176 323
213 76
59 154
104 120
309 257
18 163
45 292
140 356
96 186
340 145
30 169
136 311
222 269
229 41
283 203
138 291
24 286
28 71
5 24
288 216
246 6
77 55
3 94
176 223
42 152
282 282
4 176
71 196
217 158
40 329
266 333
165 130
41 57
127 11
47 195
86 18
247 27
186 64
299 210
19 299
123 10
254 224
142 186
321 155
11 239
355 315
345 14
108 255
190 347
109 14
262 97
177 360
124 153
40 89
177 187
151 265
131 354
219 148
208 153
24 278
153 355
142 185
303 221
146 203
10 339
238 252
254 225
165 89
188 264
227 281
330 168
25 316
193 220
267 11
347 347
138 276
319 232
166 334
81 177
65 304
68 139
172 304
49 83
29 68
323 230
71 112
358 359
1 267
180 52
239 349
5 50
225 36
347 43
55 333
283 187
79 16
216 6
61 226
249 338
196 144
174 117
133 335
281 191
98 61
245 298
72 8
254 279
192 349
282 124
293 45
307 178
226 340
49 295
37 319
352 30
95 138
304 70
229 297
278 159
289 314
145 95
254 197
340 299
88 18
299 270
323 340
320 212
244 115
112 172
127 302
345 286
124 36
357 157
79 260
12 294
55 145
128 116
66 107
177 79
42 77
359 118
59 151
299 158
16 21
161 293
233 252
140 22
142 77
183 360
278 4
164 246
28 114
92 356
153 81
51 301
156 97
318 229
253 28
329 11
41 194
60 14
111 38
350 140
209 135
79 319
225 201
287 332
12 114
307 220
264 258
101 18
325 313
62 267
22 35
358 217
338 341
352 178
221 344
358 340
34 52
263 37
192 262
65 143
27 96
353 77
35 74
203 227
54 86
325 47
60 325
306 38
226 158
53 265
338 53
10 243
287 82
208 93
341 134
11 85
231 158
357 308
291 92
165 101
102 67
275 213
182 109
204 296
290 296
13 76
37 307
97 169
293 333
188 63
162 238
265 241
7 309
272 227
317 270
221 85
176 43
99 245
358 213
314 158
193 46
46 186
189 229
342 51
341 63
245 180
264 14
174 296
268 212
6 254
166 163
217 359
127 212
194 213
68 207
216 255
161 175
16 43
103 95
17 340
49 149
73 243
208 145
329 349
20 360
46 224
245 243
333 355
45 160
213 218
7 88
7 131
221 286
251 236
319 49
149 288
144 73
222 54
51 63
109 210
329 61
53 72
63 30
288 296
113 281
294 238
64 315
309 26
172 318
254 143
9 213
355 257
179 199
17 329
60 40
149 35
180 342
199 144
53 323
87 355
221 319
337 25
279 291
255 278
125 147
317 177
218 193
117 234
314 338
273 303
181 290
111 334
279 335
217 81
189 49
345 80
292 355
165 280
221 229
300 357
198 183
151 137
27 276
199 328
243 196
151 51
322 130
54 110
282 360
167 251
131 43
318 83
337 359
298 330
283 111
139 106
215 316
257 291
289 172
337 244
124 354
171 245
119 72
99 233
79 331
273 166
129 153
273 194
71 225
32 96
15 320
104 241
60 170
231 222
19 158
331 307
69 135
61 325
65 83
54 272
345 176
58 86
117 93
159 67
334 238
92 68
274 73
317 172
59 59
52 130
250 125
22 50
327 243
141 102
352 354
121 72
111 310
69 335
91 264
317 223
56 237
205 85
190 150
249 101
276 351
168 359
212 69
22 308
303 195
49 243
320 314
274 210
33 173
305 106
54 5
233 176
196 271
339 321
322 146
70 319
205 224
103 72
338 6
251 269
14 296
259 320
310 252
240 255
124 194
119 359
86 289
140 73
167 90
171 341
297 93
248 160
185 274
113 138
217 347
175 76
246 119
6 143
239 264
243 130
307 56
116 15
193 9
209 277
14 249
15 297
149 30
6 72
92 258
96 315
109 304
237 297
240 108
223 156
206 331
215 65
138 116
112 37
168 80
21 192
340 44
88 28
48 291
77 294
239 58
122 178
354 360
155 303
29 142
75 271
68 247
102 57
330 304
87 206
291 88
338 36
207 169
312 286
358 189
253 254
311 229
266 296
167 29
353 275
119 201
91 303
307 66
225 257
17 297
319 273
93 81
334 180
260 355
210 243
333 239
317 128
233 70
119 320
22 16
173 81
170 46
279 14
44 237
55 76
330 329
339 4
156 274
289 190
173 156
201 251
288 103
159 31
288 164
77 252
246 272
238 304
190 158
304 238
112 149
280 112
8 79
270 44
271 119
91 38
233 67
70 284
309 12
130 28
253 322
246 41
17 19
110 285
38 105
57 333
160 276
333 156
168 62
242 353
160 173
23 221
96 107
306 251
240 162
23 197
244 282
94 200
274 7
332 304
328 57
11 250
139 34
281 116
210 44
58 326
204 139
341 334
97 47
118 293
191 194
20 37
30 359
41 45
57 107
273 302
327 86
158 242
184 271
140 290
128 145
318 48
112 144
209 216
68 146
134 5
252 173
238 211
92 151
98 32
72 214
300 7
34 95
74 227
350 46
38 8
36 237
187 157
340 161
166 240
50 220
332 165
11 278
16 127
182 352
261 2
25 144
245 269
295 77
281 119
266 107
76 150
354 6
148 96
276 230
338 138
83 205
203 249
295 335
97 63
218 238
203 156
188 357
155 211
325 248
223 152
338 58
9 132
51 97
152 187
101 297
352 272
31 306
212 290
129 258
35 211
118 21
88 211
353 14
81 284
228 130
186 240
151 249
267 194
299 336
348 205
181 294
274 117
37 189
266 85
276 249
103 177
304 111
81 265
159 217
268 284
33 199
247 331
327 245
157 198
144 34
141 285
269 228
187 231
277 346
48 119
311 340
30 297
333 301
324 349
96 236
52 109
282 97
315 274
107 149
325 252
103 208
223 55
15 44
68 312
105 243
103 218
149 136
71 352
228 249
161 213
50 318
91 172
175 130
320 155
305 341
172 263
101 4
69 158
312 289
178 83
237 289
110 322
312 6
238 181
90 99
355 294
147 57
154 245
1 38
262 17
191 22
77 147
136 196
214 121
80 184
312 160
44 222
328 142
115 217
261 321
353 355
8 130
220 140
149 201
113 266
284 31
226 183
282 229
308 5
87 275
358 285
162 8
63 39
51 206
274 333
286 39
98 6
21 155
210 339
218 38
317 188
121 213
28 165
44 256
207 248
187 214
333 196
139 159
40 23
260 287
210 91
123 229
316 158
85 99
253 80
54 226
117 183
22 273
199 258
197 278
232 276
234 126
268 173
109 301
52 228
303 295
2 127
255 118
207 119
272 23
298 223
268 297
40 55
23 243
234 227
179 14
302 328
317 284
324 216
77 61
18 323
200 360
201 320
308 85
14 67
76 190
243 285
19 31
117 113
23 174
228 279
115 137
3 230
156 158
138 226
351 289
75 231
99 84
268 183
247 130
66 147
324 105
67 146
336 203
274 345
97 116
195 138
151 273
170 159
43 45
290 352
205 12
263 255
42 164
335 270
50 293
326 200
263 129
251 210
132 155
193 182
114 205
60 51
161 94
23 211
83 300
175 147
128 267
18 291
238 315
65 289
80 229
197 203
235 336
250 270
158 317
267 282
185 322
202 21
26 13
182 38
192 198
137 351
277 319
292 204
335 283
22 328
159 355
96 237
80 328
2 269
269 224
284 14
159 164
87 139
66 32
25 28
9 172
209 200
104 102
338 311
299 108
28 213
211 347
123 341
55 323
51 201
238 162
358 206
254 318
115 211
318 149
101 8
149 33
39 276
121 65
303 241
165 110
81 118
301 121
330 216
213 360
114 66
135 56
264 60
293 113
73 149
275 287
115 36
268 51
66 317
277 57
140 174
310 326
65 241
274 103
272 221
91 223
280 144
269 268
58 349
341 5
146 128
170 33
53 70
228 64
137 323
263 150
183 214
59 73
151 115
119 285
144 301
90 255
185 75
240 23
131 204
124 237
156 287
227 284
93 175
216 12
285 97
106 245
34 320
333 189
113 110
326 167
10 248
164 215
319 321
56 296
234 226
307 185
55 49
16 178
135 26
83 218
197 161
180 225
246 93
26 170
215 60
80 158
192 42
40 247
170 153
34 269
160 134
292 6
263 128
120 47
222 248
20 9
70 98
98 53
116 150
250 43
42 52
4 209
61 217
308 12
347 334
70 313
288 16
132 23
38 263
326 144
147 205
26 172
242 274
117 341
336 69
356 98
40 265
179 8
210 302
115 153
266 88
172 195
107 9
283 269
148 279
180 324
147 252
234 208
137 30
249 107
116 311
219 267
204 302
95 194
153 360
43 326
329 206
148 342
313 206
183 83
348 114
223 258
226 133
139 12
71 39
30 351
62 95
215 209
169 77
113 235
324 181
189 32
145 279
303 42
186 80
201 344
332 275
56 126
172 9
85 347
190 59
67 13
281 279
353 164
247 49
169 130
73 70
234 313
79 25
17 54
338 313
269 213
19 311
264 152
86 215
316 359
218 170
336 105
250 256
21 222
285 324
172 304
169 33
162 134
310 210
236 360
75 273
134 360
325 284
24 297
351 86
172 218
106 67
40 120
358 52
279 203
178 285
173 308
48 69
252 69
201 106
196 281
56 282
316 220
273 314
117 350
163 243
148 289
110 245
188 169
120 248
206 180
346 44
115 304
53 7
296 304
338 97
319 187
103 235
114 22
284 161
189 219
327 245
179 44
210 144
360 289
280 140
171 207
190 126
280 176
338 34
320 283
353 154
193 267
101 18
205 294
19 114
206 312
201 29
149 252
11 157
271 85
224 112
170 28
132 191
167 163
351 180
46 355
202 162
242 282
55 225
33 292
71 121
114 83
95 54
198 105
221 223
102 87
344 174
84 20
70 215
186 116
126 259
195 173
329 282
348 58
160 4
199 46
105 105
52 105
107 262
240 233
63 320
266 174
73 109
163 218
351 115
268 150
257 40
49 36
297 77
129 355
23 307
104 1
117 342
326 3
238 264
24 49
240 44
306 296
258 196
106 340
241 284
29 230
152 37
168 72
70 80
197 302
20 241
294 300
81 189
38 206
162 221
261 215
98 99
316 82
249 4
319 7
24 145
123 354
304 277
42 143
190 61
83 335
200 103
340 320
63 19
139 113
231 293
158 203
12 281
154 314
323 9
242 121
259 101
121 13
43 166
238 208
308 126
24 159
131 353
51 146
340 176
314 233
274 202
236 25
9 23
47 25
86 202
75 136
84 208
165 40
151 356
246 106
201 123
245 9
70 333
215 180
11 246
54 202
50 203
309 124
225 71
54 333
307 355
196 337
205 333
274 167
359 186
123 328
323 106
334 86
205 183
313 250
219 283
355 160
227 240
295 300
248 295
198 252
5 99
169 338
189 320
246 254
307 296
80 146
36 30
22 328
134 155
348 136
12 163
116 141
48 135
144 105
32 269
123 177
329 148
35 236
80 32
339 81
301 245
100 248
82 232
74 140
28 187
290 208
316 184
120 355
146 280
166 320
300 215
72 235
328 49
46 207
301 184
33 276
149 296
86 212
294 344
193 189
138 93
330 316
54 207
55 287
168 148
265 18
311 57
87 6
8 108
113 207
233 7
15 134
2 300
315 258
356 241
17 309
329 312
195 177
126 56
51 131
206 326
17 94
314 109
339 64
117 297
323 324
37 343
33 250
227 329
138 250
189 105
219 151
206 123
257 351
281 301
76 237
10 266
95 150
187 169
84 24
331 246
243 49
122 126
290 284
106 265
356 351
322 291
172 78
192 3
86 220
346 87
327 267
297 55
314 126
27 28
287 272
106 232
324 128
150 299
116 193
266 330
275 62
278 243
300 252
57 304
141 315
135 341
139 324
114 14
199 105
294 351
273 340
24 52
325 301
222 34
138 334
46 219
239 331
308 258
350 17
311 197
335 192
146 181
269 321
35 65
184 326
265 272
279 1
283 215
284 110
263 155
359 32
104 345
104 128
164 235
170 40
259 102
341 236
254 29
135 18
83 150
360 223
144 315
173 97
184 109
94 200
291 13
62 106
238 66
168 250
114 57
287 302
89 128
266 332
278 54
285 206
10 155
144 187
72 277
231 56
218 276
323 95
284 115
73 204
12 3
167 328
241 111
182 232
138 98
205 147
314 39
59 85
299 131
52 257
157 32
311 72
68 84
169 80
253 268
271 225
153 279
101 84
166 331
277 70
67 250
3 118
259 103
142 177
128 28
150 148
130 8
99 25
60 267
44 309
103 85
35 238
312 253
49 160
87 181
81 4
120 350
315 334
146 254
297 200
48 78
186 336
345 139
70 152
182 124
274 40
221 169
129 157
13 358
92 357
305 84
310 183
249 54
17 115
281 7
358 359
156 41
142 244
341 83
36 46
107 327
87 5
253 254
323 98
7 245
170 101
251 283
55 334
19 63
61 240
153 63
74 330
162 293
115 164
267 241
247 307
112 301
262 136
224 326
39 310
26 267
265 77
342 346
51 339
124 266
271 161
160 351
244 113
90 300
166 245
97 112
72 330
209 152
290 344
57 272
144 80
11 233
96 65
133 327
318 270
262 245
121 236
26 166
199 70
76 93
4 20
295 245
225 291
249 138
318 17
80 122
178 112
277 78
144 291
137 152
11 48
224 216
143 131
39 40
253 69
241 105
175 137
323 54
133 155
345 100
138 44
281 203
108 233
45 265
144 65
294 113
88 348
243 324
157 290
273 284
87 322
55 245
160 332
13 100
226 198
33 117
343 337
189 147
97 99
289 187
79 64
203 11
337 148
245 123
165 78
129 10
168 135
244 57
197 17
212 18
325 325
247 115
87 147
160 152
15 62
142 36
192 115
240 103
181 341
176 184
163 211
185 11
42 143
150 205
58 80
258 148
340 350
360 303
44 126
188 74
16 190
113 325
176 261
125 171
233 93
123 153
25 351
39 168
131 56
233 136
231 88
233 180
241 285
254 112
132 265
90 90
275 293
162 179
143 86
245 101
174 127
3 338
254 322
203 240
34 138
29 29
171 290
210 188
239 178
122 208
18 90
130 92
160 274
85 214
13 335
192 129
179 207
28 233
343 52
227 305
353 167
263 337
335 316
278 238
235 171
210 352
358 121
164 180
137 42
232 251
213 12
93 32
341 218
267 79
241 159
171 253
248 84
244 23
20 9
104 299
71 57
34 246
112 325
289 67
35 178
289 287
352 297
120 239
306 59
317 95
193 249
263 349
38 323
140 118
206 239
312 166
314 358
331 43
138 66
275 279
203 110
22 177
9 218
18 116
45 156
124 318
5 283
217 339
170 256
235 56
127 278
326 35
221 240
140 157
29 328
360 89
205 9
290 132
303 123
85 176
156 293
340 170
282 243
140 225
201 106
277 235
185 271
259 274
307 315
165 205
356 286
94 45
358 217
248 350
117 266
50 83
35 157
281 109
25 359
357 275
197 178
109 48
84 157
8 212
33 3
123 56
253 246
334 95
199 169
143 263
98 303
267 84
176 40
157 304
171 244
17 60
320 293
70 55
354 191
24 289
178 225
126 253
10 87
231 40
275 15
271 13
161 334
311 271
12 242
54 299
351 303
48 229
255 94
286 1
313 283
358 5
283 233
39 68
331 107
53 21
53 20
172 85
59 360
276 198
1 349
76 73
19 276
283 117
323 273
304 106
74 106
281 235
242 214
303 64
260 94
254 132
134 175
137 164
276 123
39 237
1 296
216 84
193 42
306 184
139 3
47 48
22 101
158 144
77 89
5 77
157 22
338 265
297 136
3 32
40 126
294 85
242 80
294 53
230 312
38 113
214 52
238 13
108 212
298 137
313 16
108 142
341 324
227 214
165 89
360 305
35 135
222 309
330 254
71 34
144 137
1 190
94 22
111 41
287 220
246 50
68 324
270 251
45 225
109 222
16 349
340 2
152 108
308 330
231 354
47 113
288 110
153 55
295 91
87 252
336 272
3 206
129 177
45 227
233 313
44 322
60 227
352 42
99 210
36 9
152 3
161 36
48 280
345 326
169 175
34 276
121 187
92 242
196 321
83 344
121 115
24 49
180 199
359 11
346 271
42 175
69 150
357 76
183 271
330 193
164 69
353 349
148 182
128 83
280 26
151 340
91 312
107 163
325 293
299 140
141 291
175 285
61 83
66 270
309 177
81 93
288 39
278 165
170 207
167 180
88 160
153 269
35 273
199 142
122 250
19 295
4 206
40 95
180 55
44 182
57 297
302 280
44 96
82 298
134 103
210 124
90 225
183 139
116 251
2 134
297 64
312 333
286 25
294 331
204 287
69 195
91 209
184 290
138 49
244 83
30 42
100 134
359 163
349 249
298 41
187 252
303 1
359 270
41 316
282 92
203 128
359 335
139 196
19 235
74 273
297 184
306 313
284 244
238 102
88 275
155 173
94 240
181 274
155 74
291 188
227 4
199 76
296 208
197 138
316 109
44 35
151 328
321 211
230 191
124 233
176 172
308 123
148 308
244 245
179 123
64 217
15 298
116 171
216 50
114 15
221 96
263 154
352 86
74 15
244 42
114 250
237 27
320 296
36 318
115 99
48 195
56 294
83 186
94 237
155 189
346 138
300 158
306 341
9 87
46 115
23 266
182 161
27 172
164 223
9 235
282 120
298 258
343 115
84 103
124 204
221 114
137 333
180 330
178 62
19 217
285 285
57 25
13 77
130 87
88 161
205 33
198 235
331 218
201 261
176 74
244 346
53 345
110 286
283 170
165 10
292 50
207 10
182 62
51 12
240 112
261 110
201 118
237 83
170 26
116 201
253 136
248 344
106 102
174 196
140 267
7 279
251 336
63 271
238 247
77 315
13 223
146 336
175 296
350 316
256 105
281 316
351 184
285 254
251 323
156 169
218 330
349 206
125 96
189 135
41 257
110 346
287 263
26 210
282 75
127 310
3 228
110 305
354 190
184 324
305 3
211 118
26 260
288 85
259 50
329 150
33 279
348 241
171 189
160 258
180 137
82 116
189 359
254 121
91 38
99 327
300 227
259 144
77 46
247 65
222 110
123 187
342 40
76 202
182 118
16 133
113 80
216 309
144 80
44 168
89 308
118 211
276 211
132 249
73 1
350 55
141 126
114 65
338 296
191 50
85 177
304 74
218 222
14 278
274 89
53 327
334 60
120 178
216 136
98 123
194 113
346 127
201 131
273 284
321 53
267 141
171 219
293 142
195 31
287 96
73 304
1 174
189 280
133 89
11 131
331 348
91 27
236 105
345 215
79 76
338 161
112 300
56 262
252 145
6 182
166 48
215 10
310 49
5 113
12 301
149 122
137 169
130 142
176 10
238 3
253 196
198 283
165 348
277 90
191 155
275 319
277 254
11 158
232 51
87 356
276 12
187 293
269 292
14 67
149 259
344 249
109 214
321 316
178 294
163 1
245 348
166 130
295 10
115 258
46 246
303 341
222 176
15 51
78 101
290 302
358 115
190 50
267 306
291 131
298 287
38 100
260 257
163 273
144 323
201 88
32 251
229 269
279 242
325 26
310 163
90 25
89 15
185 299
145 47
188 26
128 108
164 261
80 155
288 30
205 52
229 157
207 30
155 262
112 103
225 141
155 223
138 288
128 195
91 145
162 123
24 170
132 132
288 221
35 251
64 217
235 8
46 116
265 287
51 81
105 25
49 302
33 70
205 340
295 313
305 127
140 15
313 122
38 19
278 130
258 45
174 241
296 312
213 194
242 337
359 194
56 169
288 348
294 231
69 332
147 236
228 56
72 182
151 300
12 63
329 345
37 299
325 75
43 319
85 273
74 208
303 1
78 288
324 192
184 337
59 327
38 226
37 218
198 131
317 298
244 17
156 164
240 329
222 271
143 136
34 171
360 244
71 34
43 346
65 343
39 245
2 85
86 298
330 29
222 265
130 9
89 85
290 305
225 32
133 240
321 160
255 145
258 341
264 352
346 215
76 353
16 288
141 323
26 44
133 148
267 337
216 86
88 14
56 116
118 100
80 301
210 301
51 313
250 17
310 40
294 289
188 209
208 257
27 198
316 104
11 306
257 92
251 263
117 288
215 94
52 63
99 44
97 278
240 25
256 8
334 236
337 323
199 196
180 64
27 212
318 139
87 317
69 108
299 304
73 190
185 4
345 353
30 149
298 201
226 189
335 30
75 175
115 165
85 319
289 212
281 111
10 201
36 313
68 29
200 236
173 247
55 246
203 277
274 74
312 350
152 172
343 86
255 291
103 106
175 118
70 90
113 284
229 164
207 184
71 232
29 70
61 212
63 22
36 124
40 289
187 238
94 277
102 328
171 77
70 123
79 100
307 354
8 13
111 67
53 215
262 214
303 32
120 252
190 103
164 195
309 317
349 256
77 276
264 342
227 323
149 274
139 60
131 2
82 33
20 321
2 289
342 71
267 357
193 168
31 83
44 108
197 250
178 23
349 257
300 227
174 128
6 40
64 77
248 100
111 38
1 328
2 19
197 256
132 347
116 355
266 196
280 271
226 215
300 11
165 329
293 312
220 275
320 211
238 243
179 76
256 245
232 150
88 77
337 325
21 71
108 123
336 46
360 34
90 334
181 303
55 29
2 288
35 220
205 133
122 294
358 324
35 146
328 51
129 291
221 275
46 115
104 175
4 11
34 9
322 139
140 17
354 236
358 80
64 41
49 301
293 59
243 66
137 131
251 336
352 87
141 88
215 198
40 215
326 103
23 338
88 285
343 121
93 280
238 201
356 346
81 224
352 280
100 289
231 198
172 257
179 254
275 237
20 325
236 68
63 235
294 21
226 55
144 285
181 81
1 142
317 86
297 71
19 127
90 239
195 218
154 69
327 228
52 156
42 152
237 327
98 257
319 297
106 69
97 265
315 194
20 309
114 17
52 34
263 5
115 314
290 238
106 14
44 207
76 5
343 60
190 301
289 305
76 210
264 112
89 197
211 51
173 346
288 310
16 311
300 137
88 276
265 302
19 281
101 86
311 263
269 152
255 340
201 42
51 24
308 289
283 346
210 101
167 287
329 78
218 155
311 187
337 355
122 7
102 303
228 62
330 213
294 133
73 159
232 88
210 45
274 282
161 335
338 155
244 66
119 42
305 192
297 287
287 354
50 103
188 17
125 37
138 249
170 165
215 95
63 116
55 338
201 99
74 150
349 188
277 61
297 118
288 141
184 329
171 311
278 7
27 122
342 122
226 62
192 44
57 161
78 142
58 37
249 89
314 334
27 44
101 354
166 328
61 333
173 332
119 196
49 57
38 349
132 143
185 144
59 308
297 259
310 213
248 292
141 110
128 322
220 117
252 232
175 337
317 303
83 354
235 100
94 70
255 300
95 125
234 299
89 120
127 50
240 137
247 25
227 288
308 10
198 359
98 320
72 90
78 259
221 37
182 331
276 12
41 306
288 60
178 23
225 244
25 257
207 247
287 334
264 96
35 322
263 195
116 313
332 356
24 178
328 39
333 105
121 25
252 15
253 96
12 216
178 317
94 68
155 271
359 313
231 165
172 273
70 253
126 237
59 89
284 294
144 299
133 35
15 17
127 312
70 98
125 161
127 159
318 137
1 54
89 219
11 301
212 262
55 265
299 116
183 334
189 312
115 302
207 128
32 248
333 16
66 81
248 130
197 85
32 232
97 217
47 313
247 258
61 164
352 174
83 285
10 126
27 284
126 26
298 210
76 16
210 175
317 56
226 69
257 172
2 271
152 354
209 249
244 332
85 11
126 114
41 168
163 31
104 345
262 215
239 18
35 254
121 113
205 223
46 20
264 13
254 129
213 212
143 304
116 358
139 224
359 146
310 338
1 19
26 155
130 150
283 134
346 118
222 55
344 99
326 338
178 8
55 128
340 96
297 162
343 282
104 308
161 12
48 356
63 61
258 329
314 340
176 193
294 215
80 308
217 188
81 193
196 75
352 260
343 246
155 254
62 98
227 97
200 80
291 224
312 48
72 16
304 297
241 156
180 224
253 123
352 62
246 351
282 86
105 92
94 113
251 314
319 253
19 277
326 64
307 279
221 337
349 90
121 6
94 215
332 16
8 122
25 263
5 298
347 162
23 120
17 185
168 47
136 111
328 105
282 195
124 294
131 266
105 300
194 322
156 351
106 255
359 15
318 130
349 357
109 52
64 86
307 1
260 315
207 289
306 291
277 196
270 297
274 281
234 234
181 281
124 37
121 331
25 101
54 169
62 327
262 40
141 135
223 187
165 336
45 356
110 114
257 246
29 94
185 140
354 169
266 1
339 258
329 254
115 250
285 107
84 331
153 328
76 263
104 160
73 353
266 201
66 46
244 322
329 344
88 235
151 207
53 144
274 278
227 247
145 317
161 214
337 34
151 7
2 233
168 210
101 297
236 104
170 109
11 272
252 287
337 209
76 174
61 319
143 258
44 49
103 351
14 346
156 349
60 271
251 357
208 173
201 337
66 173
328 27
284 36
305 223
46 204
230 137
78 32
118 277
100 311
313 11
351 98
202 52
69 94
291 143
5 278
327 183
320 80
355 309
76 215
48 154
62 74
316 213
348 326
179 149
333 356
176 163
4 269
175 265
75 49
285 123
164 183
1 357
216 293
243 257
308 230
107 206
147 208
158 265
328 107
134 216
165 342
331 148
177 169
236 9
250 283
206 167
120 153
351 56
19 197
316 17
291 126
223 127
278 155
198 120
166 310
102 56
18 352
253 330
270 176
346 305
234 196
98 304
199 269
57 119
288 233
92 218
172 13
81 30
156 174
293 41
263 112
144 260
321 236
238 105
48 28
154 295
164 208
172 316
94 84
320 336
276 318
149 347
195 218
329 261
190 181
218 271
121 247
130 267
162 168
225 8
359 227
217 328
212 51
218 241
141 60
116 189
215 162
75 220
166 245
54 140
280 124
62 19
49 215
67 179
198 202
82 76
299 331
237 180
215 348
343 8
193 181
5 329
190 231
290 36
234 101
3 58
268 19
263 181
251 73
27 38
293 85
290 130
269 38
52 145
169 315
32 227
283 254
222 114
26 263
350 305
138 98
136 161
212 207
104 230
139 143
36 241
71 143
63 193
356 71
142 206
357 241
203 234
159 86
148 97
30 244
13 205
160 303
331 241
293 61
78 43
258 101
141 24
250 261
222 158
104 318
15 29
165 42
36 123
153 245
215 219
190 45
143 223
188 343
174 13
197 296
66 175
340 115
272 121
258 344
289 101
144 341
269 216
278 301
293 165
195 247
178 194
124 70
210 222
340 38
154 140
224 343
84 135
240 26
165 153
252 213
285 356
87 132
313 253
265 53
120 302
219 134
358 33
192 25
340 93
86 351
150 47
129 219
284 12
175 50
112 148
85 346
61 301
278 282
248 355
346 341
51 234
247 143
7 336
238 99
203 311
132 113
149 279
334 71
133 12
76 243
314 156
351 145
28 151
340 164
146 106
180 286
242 359
212 284
300 104
312 212
354 151
224 200
240 46
91 194
14 177
320 140
264 47
19 329
354 33
358 105
134 139
346 86
329 24
218 160
235 228
86 340
317 89
272 130
193 113
302 125
191 303
123 236
268 334
68 88
52 115
58 280
303 316
98 27
91 291
44 5
328 153
325 74
176 65
134 225
40 351
22 118
153 147
320 278
87 298
288 293
135 255
73 38
47 236
140 129
231 175
23 49
354 65
317 107
161 49
145 184
247 129
221 320
263 324
133 111
294 51
242 59
322 231
298 244
202 77
120 111
324 204
250 172
237 57
160 299
222 84
203 207
342 31
7 267
190 241
210 124
270 350
37 275
51 130
25 204
102 260
300 348
23 311
302 214
246 300
335 342
181 81
140 208
52 71
238 211
341 264
83 257
195 63
34 233
201 128
225 315
155 6
121 254
131 210
239 198
147 331
87 177
339 255
204 319
131 237
179 32
234 253
5 56
92 73
132 31
110 356
67 28
242 295
177 218
29 6
45 310
215 261
325 90
148 27
307 151
341 20
275 212
356 167
31 229
303 170
64 172
228 178
180 161
199 90
157 204
352 158
246 39
150 143
257 172
145 239
142 50
226 263
124 81
154 272
294 25
163 88
114 35
37 129
17 203
163 293
74 158
278 313
147 112
330 200
56 55
319 123
333 358
29 172
204 227
184 268
273 259
247 224
294 291
15 101
84 257
249 132
240 109
286 66
335 298
319 267
120 309
84 286
160 187
226 329
23 229
83 249
8 15
324 176
206 133
112 145
45 318
61 66
107 23
93 295
146 32
247 21
107 249
80 275
288 128
30 104
71 13
307 182
332 78
14 2
104 7
136 329
9 323
351 30
164 296
341 189
126 107
135 251
104 118
109 114
283 251
199 132
254 266
2 57
77 152
46 218
280 104
165 342
147 132
210 19
246 106
225 328
134 341
25 183
158 17
351 271
70 211
63 221
294 213
206 117
346 55
177 57
15 69
16 321
334 320
224 49
64 96
156 230
223 278
84 34
185 215
183 11
286 348
123 25
113 151
2 166
191 321
178 48
50 45
11 208
218 175
56 82
84 196
286 38
267 169
91 135
75 32
272 73
189 322
349 313
110 341
359 118
257 192
108 121
169 41
126 142
133 180
144 316
98 226
157 47
199 51
246 216
194 335
75 330
81 204
84 180
330 345
300 350
252 166
304 126
354 147
23 284
248 107
114 241
43 285
113 268
168 274
291 247
335 176
350 267
285 141
31 332
173 76
71 163
255 189
8 177
183 73
21 30
32 131
91 107
140 241
110 233
244 316
95 193
340 253
213 230
297 165
184 211
186 179
315 332
167 168
50 114
263 66
102 172
353 129
334 254
307 199
291 196
70 360
119 265
185 120
100 206
103 41
331 131
323 92
186 157
185 138
267 318
135 239
163 1
226 259
196 303
269 144
80 322
250 136
332 158
154 80
325 304
353 61
23 267
59 2
289 124
278 53
4 279
263 126
121 345
3 138
310 308
249 222
200 100
129 67
150 197
189 26
15 304
355 232
119 27
324 6
316 69
293 54
257 16
239 43
130 216
89 91
301 322
54 340
223 181
239 132
352 210
337 233
179 166
344 77
26 260
349 272
327 206
168 120
202 213
186 348
78 120
258 281
78 325
276 353
144 117
307 143
352 192
153 254
120 168
95 43
22 92
357 48
207 274
236 110
240 181
104 290
288 341
287 185
8 333
287 235
189 240
296 282
304 223
17 132
123 143
239 342
161 156
47 139
5 342
207 41
59 65
228 262
186 140
171 147
173 190
8 284
29 28
42 306
359 306
72 171
46 212
31 205
283 156
166 11
196 341
344 303
129 174
203 21
227 162
259 41
330 118
343 274
355 250
177 181
294 134
280 180
108 120
283 136
67 226
98 36
93 180
55 212
272 38
328 224
284 222
12 286
348 320
88 124
227 327
200 28
75 27
144 58
246 146
39 323
351 155
41 25
283 244
125 338
130 15
107 183
96 330
57 235
111 346
11 94
119 8
316 311
330 51
15 185
99 13
156 131
92 225
23 333
95 112
170 208
138 57
46 133
63 296
66 327
156 178
172 126
251 110
351 295
158 184
356 209
37 146
351 233
140 36
36 262
15 79
335 284
61 153
304 65
30 323
256 34
85 295
113 321
41 23
56 73
257 57
304 197
158 112
318 149
88 329
118 286
307 161
242 97
214 104
309 20
329 260
201 145
94 37
31 315
37 279
63 133
103 204
350 310
330 250
44 359
176 143
106 290
333 244
24 269
36 76
304 176
148 291
266 186
349 171
19 70
68 16
300 242
329 278
187 354
78 336
83 189
164 237
350 262
67 69
327 142
136 122
244 218
131 184
182 66
105 355
133 322
360 311
194 328
4 220
242 181
152 290
187 323
110 317
250 62
93 4
47 331
31 9
29 74
42 17
265 29
9 144
285 303
6 354
99 187
113 41
244 203
283 338
347 228
232 21
220 174
92 320
45 235
140 67
218 182
171 101
102 88
171 89
207 105
226 88
131 224
65 24
260 148
70 277
255 302
155 157
327 56
359 59
142 162
180 100
84 104
293 50
258 57
12 54
197 190
29 41
296 260
343 151
123 23
263 178
206 294
337 237
349 143
10 330
134 18
14 225
231 323
8 137
37 275
172 87
313 355
305 242
26 29
305 62
290 190
150 338
66 200
2 212
7 25
12 136
254 354
26 358
353 178
185 75
358 321
318 97
251 129
300 337
136 208
114 19
263 70
209 8
227 256
211 58
336 276
87 200
341 85
161 132
148 5
154 97
155 55
176 214
23 252
260 81
162 142
212 56
226 24
85 180
152 358
47 213
95 106
116 17
188 217
104 145
184 290
63 356
165 46
169 151
330 208
321 220
9 70
35 252
8 240
205 186
37 98
216 256
359 210
275 216
86 201
125 232
262 280
65 48
192 340
182 94
247 54
161 163
177 240
113 206
215 198
138 193
154 70
290 342
91 145
131 26
141 39
262 196
292 16
244 116
179 27
194 159
165 59
271 210
142 124
12 121
330 135
116 73
302 281
150 198
222 30
275 309
339 316
251 57
59 87
52 104
81 152
172 162
225 335
32 283
343 294
31 73
355 153
91 90
119 19
197 3
134 192
218 232
199 120
262 81
253 209
125 23
107 302
125 307
227 198
338 110
209 273
304 161
357 203
329 143
293 220
350 274
222 68
125 36
131 298
137 173
29 333
296 70
163 22
316 35
157 126
60 77
139 278
178 250
87 275
247 134
298 221
284 129
84 4
273 50
264 98
241 138
334 273
306 283
242 233
114 176
184 309
59 177
149 353
306 2
87 54
188 18
291 177
117 214
62 227
166 305
169 322
91 323
227 300
295 94
240 11
314 112
360 160
316 10
301 218
350 313
122 319
331 356
8 29
35 106
113 239
195 86
304 187
346 25
111 360
125 169
68 223
109 297
57 332
231 300
308 81
271 325
149 154
40 233
87 168
213 349
230 31
320 358
315 76
252 143
81 184
189 92
302 128
96 343
306 64
308 285
220 18
304 218
17 328
256 2
323 267
149 168
347 32
243 161
146 52
133 176
147 317
131 49
1 186
190 310
193 22
261 114
96 122
347 14
344 107
172 318
160 108
49 281
108 37
177 344
197 95
313 6
219 81
297 168
51 339
53 14
325 70
190 304
113 103
176 19
73 147
332 160
200 319
335 107
231 77
298 201
122 138
74 99
25 217
334 35
185 294
307 355
167 332
349 8
141 4
272 255
333 265
309 138
183 300
71 291
53 10
227 308
235 328
224 318
347 138
347 288
5 217
8 210
339 224
10 337
299 139
83 63
90 134
59 195
112 224
185 206
22 183
175 195
339 271
84 81
71 320
24 42
316 113
275 194
263 128
248 138
182 2
255 133
22 348
14 334
257 282
5 204
294 360
17 320
15 149
163 343
20 15
118 55
55 55
268 350
128 344
44 114
258 112
341 296
53 7
177 278
285 95
171 300
326 116
348 114
75 186
345 203
199 26
135 68
301 52
66 80
181 122
119 56
262 146
241 149
122 153
45 303
123 143
259 96
139 27
78 290
101 72
302 11
359 360
227 51
187 334
143 30
286 204
14 118
22 289
239 90
269 154
120 209
127 60
68 79
103 65
227 16
156 326
132 154
14 104
307 111
19 201
275 316
298 36
187 159
294 22
191 1
259 197
206 317
318 193
237 101
8 328
112 6
148 120
77 180
298 205
283 65
113 213
64 149
187 133
159 177
97 24
60 303
156 224
18 87
307 85
145 45
291 93
47 135
201 8
258 116
352 314
251 278
204 164
152 156
276 114
161 97
311 178
351 11
261 238
266 236
131 317
253 274
304 255
167 17
77 230
86 35
214 311
341 57
243 207
355 7
193 347
231 126
295 174
113 30
31 135
160 60
347 208
334 123
290 184
229 80
258 179
337 89
144 63
250 113
169 252
282 239
347 284
107 331
138 222
247 62
174 183
134 30
247 301
333 107
31 212
106 109
59 298
339 119
34 160
35 246
237 287
5 89
124 79
180 248
188 169
135 161
325 339
134 117
133 35
38 113
75 229
75 103
145 286
70 275
22 185
41 124
135 248
252 61
61 151
287 88
147 87
150 226
312 126
129 165
282 233
86 169
302 291
225 282
331 102
222 209
359 308
282 56
54 70
276 71
197 255
169 91
275 78
114 303
241 223
111 178
103 28
36 135
59 154
350 205
331 142
142 36
354 313
33 237
295 206
18 6
98 122
31 171
128 314
302 295
332 16
165 277
314 246
212 200
41 10
94 162
172 144
26 247
284 340
23 291
173 223
352 103
126 165
338 196
360 348
262 61
29 280
41 234
255 95
244 127
175 317
34 201
204 23
49 16
99 259
18 254
29 184
175 64
48 143
29 104
269 242
131 300
287 244
39 63
175 257
85 111
211 90
123 106
131 47
57 332
300 211
237 28
62 109
105 280
353 76
68 21
108 26
112 41
179 19
318 18
287 90
53 352
15 309
47 262
241 36
159 233
10 102
169 106
45 33
299 253
117 201
124 304
21 193
72 126
240 309
165 266
185 358
331 73
286 239
72 180
322 138
214 86
224 260
244 308
56 174
154 144
101 244
117 297
236 278
351 103
289 281
19 242
313 295
353 332
302 220
184 149
292 297
211 173
211 178
162 40
293 132
335 329
109 254
190 177
107 252
101 314
296 146
137 146
274 91
19 321
52 52
351 329
102 26
43 115
126 273
237 79
22 218
294 257
348 237
178 94
270 201
179 1
164 294
33 53
5 292
40 83
131 20
18 293
44 252
81 26
172 73
64 242
155 26
215 219
308 187
202 56
153 249
29 179
262 51
58 121
103 11
341 109
18 352
347 67
196 331
273 225
202 220
36 276
127 346
250 172
344 239
212 80
242 301
259 326
180 164
195 26
281 135
123 268
302 181
59 306
338 160
156 248
36 118
128 229
10 70
100 261
16 318
237 229
88 175
301 18
184 319
194 123
222 341
69 99
150 224
66 160
241 324
204 107
214 257
190 257
179 188
60 224
4 30
67 74
44 7
79 83
305 274
248 315
226 73
96 271
18 299
309 232
80 47
193 78
298 219
282 129
220 14
133 319
269 242
215 74
8 202
138 298
323 34
171 100
261 134
211 14
325 236
289 179
41 277
104 190
244 157
342 102
35 235
297 14
335 224
71 342
249 94
70 195
23 138
123 115
247 352
245 125
232 74
147 20
319 351
296 103
200 205
296 318
86 281
269 107
356 116
143 125
125 303
161 248
58 94
288 298
326 244
322 274
122 17
264 28
183 257
29 241
48 308
77 12
147 26
49 259
158 136
310 2
86 319
161 66
208 17
137 230
261 137
265 73
104 165
20 171
325 90
122 101
282 87
257 310
299 316
193 19
228 15
128 343
238 223
340 128
78 203
149 251
275 71
343 218
87 4
166 337
288 153
83 283
216 204
258 234
326 337
274 257
345 143
316 254
196 328
205 262
222 95
101 281
265 131
172 116
304 273
273 327
184 37
235 340
27 197
168 259
211 346
344 344
177 265
325 130
186 282
135 114
123 68
313 248
354 73
279 348
316 96
55 132
17 113
288 90
18 31
191 11
311 77
175 294
215 165
10 238
98 304
356 229
101 328
243 282
314 80
331 340
282 58
299 170
164 219
162 43
171 60
350 193
291 139
73 30
102 302
98 210
286 288
91 314
251 217
268 248
174 190
317 66
136 258
160 103
153 13
52 27
196 112
198 114
197 24
351 215
219 285
313 64
37 258
297 350
2 298
287 127
306 25
258 183
326 261
44 246
12 242
115 115
130 66
192 249
152 347
137 172
272 196
111 307
76 3
11 295
335 56
16 337
293 282
122 110
221 135
292 264
63 7
336 49
49 145
353 13
300 229
106 137
160 21
322 63
206 173
304 112
337 122
146 39
276 91
50 4
55 269
42 282
233 98
123 360
342 197
250 216
197 230
77 289
315 46
174 67
65 219
178 74
101 193
308 96
294 228
243 20
4 144
117 214
255 11
139 282
84 330
99 357
123 160
90 220
73 51
142 11
339 353
29 238
159 323
227 340
258 96
19 148
121 137
313 182
217 198
324 97
282 159
105 237
334 300
205 270
202 157
230 249
295 241
224 125
69 187
72 89
21 1
260 205
118 303
4 119
227 117
80 62
226 55
222 140
20 239
355 193
328 261
100 229
146 67
228 109
58 198
352 50
257 327
176 307
247 27
229 83
352 60
54 57
287 3
259 18
306 264
343 214
284 265
359 218
71 119
352 65
254 4
201 252
360 121
275 51
304 161
32 265
333 298
182 287
74 358
22 67
272 84
255 28
122 263
251 282
237 84
166 285
317 70
85 195
296 141
300 237
5 320
340 113
112 19
316 261
161 22
71 75
47 183
64 233
115 238
34 355
155 345
173 285
250 165
138 45
235 131
22 177
353 325
355 282
260 225
345 342
199 152
40 325
119 329
250 206
212 80
235 6
169 52
163 195
308 215
295 110
70 147
101 338
227 33
199 75
185 184
284 114
338 32
152 157
328 82
62 341
146 333
36 117
133 134
191 270
226 302
28 80
215 159
274 11
202 137
188 259
102 295
321 330
328 276
24 193
88 168
159 264
108 147
35 143
144 285
138 36
290 156
69 46
214 30
226 261
144 10
264 61
82 339
301 226
163 279
162 224
284 96
68 219
302 221
54 135
358 274
54 154
200 9
291 136
133 197
286 241
215 93
16 235
308 14
309 311
355 249
86 136
72 143
262 349
247 166
270 359
116 278
181 123
262 257
243 287
170 295
322 22
311 226
328 114
335 39
78 205
328 38
348 10
18 45
175 33
161 98
52 252
208 177
295 95
230 285
296 160
134 19
61 192
195 38
199 177
211 291
233 137
221 21
246 299
27 72
162 114
150 58
351 78
181 243
280 333
24 323
145 115
184 335
338 3
317 222
325 287
201 166
322 352
3 263
319 297
14 199
77 87
53 96
296 84
81 55
101 146
349 230
28 270
259 151
105 18
24 196
154 135
305 196
90 60
49 25
202 236
336 249
325 150
11 220
118 64
356 126
231 136
28 9
36 41
14 104
76 28
86 54
167 351
81 245
264 278
175 233
23 345
200 3
138 343
320 61
118 25
56 350
317 337
138 79
291 240
335 279
166 249
261 36
16 44
198 82
198 325
31 258
62 13
92 327
323 90
38 275
244 306
168 264
91 32
289 220
182 143
348 59
50 336
111 315
34 70
32 290
79 232
215 81
285 123
231 156
284 130
289 178
163 245
119 178
268 351
156 47
218 266
41 256
80 307
348 159
319 130
116 281
151 104
48 186
239 96
204 228
115 134
194 4
255 204
88 221
270 266
236 121
34 200
269 63
225 46
114 282
163 277
20 305
278 221
301 81
99 120
260 269
42 205
71 321
267 241
75 326
250 264
25 63
54 193
150 218
47 198
316 287
9 150
89 80
219 355
27 70
184 225
116 103
239 231
313 216
37 48
179 243
4 172
141 81
147 224
233 240
55 73
334 298
320 335
68 196
24 335
217 48
220 183
222 102
346 340
152 126
84 54
201 274
82 8
169 97
269 122
203 349
173 299
310 279
111 290
197 187
307 100
200 7
70 45
156 12
58 121
207 233
32 64
234 279
235 155
330 117
276 346
191 193
294 71
344 18
273 112
250 103
289 308
144 182
308 281
241 341
152 355
277 181
295 61
261 285
326 133
355 285
151 233
233 72
177 175
353 346
194 331
294 12
52 204
176 141
69 33
223 299
98 22
139 35
115 40
334 268
220 227
105 54
75 192
279 308
134 115
90 333
38 313
85 16
313 202
84 117
87 59
199 98
186 148
346 314
346 108
347 220
76 288
214 291
240 16
252 244
243 245
186 169
26 243
333 173
280 93
161 265
191 278
195 106
197 191
195 85
131 324
241 128
13 334
174 185
251 161
345 326
149 213
226 318
228 164
279 141
302 351
99 130
110 210
77 90
316 64
321 22
149 235
54 72
133 18
274 10
78 157
83 217
102 114
245 76
140 308
31 220
1 343
195 103
185 164
94 328
83 350
132 205
210 196
276 321
355 275
202 288
339 307
266 49
11 109
246 163
182 143
91 130
249 10
264 82
184 303
13 288
95 124
195 256
75 78
3 107
80 147
164 26
301 325
158 169
53 95
40 238
115 62
274 316
92 176
214 156
192 63
310 309
360 104
228 291
89 50
271 236
43 54
284 12
87 219
60 108
317 295
118 11
172 265
95 77
276 240
176 244
9 299
45 353
130 86
311 203
84 24
297 256
354 169
313 5
217 248
40 329
295 186
116 234
4 240
274 76
247 73
351 138
249 139
206 64
239 271
355 104
355 278
167 262
315 184
111 271
37 164
255 338
182 132
161 160
252 212
112 240
49 248
15 3
185 209
140 4
159 77
54 309
328 101
322 23
212 170
190 121
299 123
359 351
156 156
46 270
60 5
327 28
268 154
157 183
175 249
232 131
138 32
193 73
324 175
32 134
155 294
297 285
26 128
218 8
19 357
211 197
25 81
315 340
306 353
148 61
205 58
346 171
59 92
95 314
303 53
168 71
356 153
72 45
359 10
112 102
277 339
286 352
306 98
162 167
269 272
265 94
354 270
314 267
202 345
233 171
122 269
158 50
138 98
318 65
291 242
104 8
9 225
319 146
186 50
336 302
360 98
59 102
41 346
224 249
135 323
77 186
103 275
249 139
81 281
38 115
154 158
219 300
185 25
229 179
112 338
360 352
103 311
345 77
347 324
69 228
266 258
119 175
123 53
45 300
340 2
286 262
271 344
231 198
245 297
81 120
121 16
84 197
256 313
157 330
234 153
206 206
31 334
262 350
251 44
261 296
75 66
130 86
56 69
91 97
65 280
20 344
190 45
135 320
170 124
199 160
309 81
61 275
6 55
81 322
336 39
11 335
28 199
159 224
132 11
181 170
116 153
303 255
159 258
170 78
241 298
17 132
345 54
241 148
307 39
139 335
71 21
192 241
131 2
226 354
173 106
165 141
38 345
183 101
315 253
137 257
28 234
274 179
291 257
67 185
271 283
279 112
195 215
81 262
246 243
261 143
216 83
227 195
314 123
58 2
180 276
293 192
248 181
22 210
126 188
35 359
313 48
345 108
41 283
25 140
218 34
69 290
21 98
317 188
170 6
204 341
321 359
269 273
334 130
202 360
125 164
219 40
7 89
114 254
260 93
314 340
319 33
291 77
80 33
243 18
88 246
334 351
283 246
21 68
239 16
12 110
164 201
90 346
159 352
209 307
304 124
228 191
64 39
85 42
87 355
98 287
82 227
212 310
272 167
26 196
134 138
47 162
132 38
297 235
7 83
202 165
324 344
170 358
30 187
256 156
356 237
189 284
25 30
324 38
67 43
10 21
197 302
338 183
303 122
90 133
85 313
67 279
294 316
24 262
261 249
294 246
9 112
41 58
147 347
267 152
130 219
284 131
284 125
173 233
168 310
265 16
311 191
72 241
310 203
15 344
121 308
146 246
330 228
300 168
274 88
100 80
214 220
98 93
82 84
250 214
231 9
199 101
159 152
216 358
95 235
337 51
30 299
205 169
53 41
65 13
177 41
146 195
116 85
41 198
113 57
6 338
15 169
118 350
122 209
158 87
123 44
328 31
24 342
226 327
226 351
13 213
218 129
23 250
209 252
238 290
256 229
106 219
274 163
71 136
347 267
184 144
182 338
255 138
344 211
109 323
213 251
57 170
136 169
95 7
260 333
254 40
294 152
353 330
319 44
287 140
246 221
151 120
246 136
115 143
246 328
204 93
301 324
283 8
137 152
338 25
224 324
310 304
90 246
30 122
48 226
21 267
165 357
258 3
9 83
36 318
339 292
65 41
198 64
210 287
131 330
60 162
4 118
150 166
56 1
215 345
201 186
152 217
89 243
53 54
14 166
200 252
52 305
351 230
290 255
80 257
81 357
326 162
161 259
277 355
154 295
147 177
12 329
6 224
35 346
207 50
229 218
57 134
15 294
36 315
97 220
160 309
345 251
243 356
319 11
42 94
147 44
212 184
314 140
239 103
128 224
279 301
359 221
213 304
133 167
343 167
219 219
73 170
336 244
23 78
58 133
17 145
264 274
43 278
324 341
281 65
236 19
161 246
55 84
202 147
241 326
226 17
298 97
323 230
203 245
273 84
175 330
279 88
143 51
99 34
97 291
108 99
193 170
235 182
66 102
83 124
243 257
213 178
106 19
142 188
94 236
283 190
342 7
42 52
292 20
314 59
85 49
284 179
119 135
127 151
171 183
44 196
322 107
219 318
298 107
346 351
148 130
332 338
101 133
327 261
95 230
50 181
149 339
337 86
208 65
202 46
24 233
24 355
283 149
39 81
247 63
264 317
39 242
177 269
31 152
206 210
313 357
14 151
162 101
127 286
119 22
18 64
184 40
77 229
53 40
166 66
123 33
310 340
127 96
279 321
218 60
54 253
128 259
345 120
262 5
196 236
101 34
78 276
242 77
25 180
10 70
224 297
102 304
31 66
102 141
250 102
54 68
200 117
130 203
71 38
43 163
143 320
315 239
118 144
240 77
114 163
171 279
215 214
227 193
84 260
263 8
228 265
146 73
234 187
89 31
75 158
331 274
173 155
328 297
271 240
98 25
19 79
269 224
312 24
299 161
168 75
351 80
18 23
129 154
45 358
148 160
5 314
151 209
23 113
306 338
336 139
317 26
352 172
61 297
231 246
350 293
207 55
281 323
113 205
102 74
236 104
3 216
266 131
21 312
241 33
233 226
26 137
235 230
213 86
247 184
80 94
170 271
280 186
72 65
336 116
211 107
203 194
129 247
319 52
353 132
310 303
109 126
293 259
187 150
348 69
319 161
8 316
200 213
359 241
62 152
300 234
28 312
149 282
79 313
334 239
224 8
304 72
288 42
281 349
306 314
205 166
9 21
248 337
67 27
145 20
152 121
234 138
20 82
6 189
204 273
255 328
53 7
108 111
288 348
276 264
355 358
33 7
91 86
341 332
305 183
211 76
14 70
132 72
49 281
23 331
6 33
41 118
299 102
310 300
324 146
276 24
51 232
174 223
119 78
210 335
219 190
109 220
148 308
249 10
277 165
117 346
241 151
195 253
114 147
322 178
319 118
317 313
286 73
307 176
98 355
37 76
85 101
62 325
2 331
135 20
291 161
327 21
32 52
355 178
118 11
148 345
350 60
9 350
277 189
84 221
358 270
282 356
338 112
12 284
324 314
230 31
201 236
294 196
109 264
237 348
205 192
165 257
235 135
326 316
154 132
233 315
116 42
124 122
27 298
180 5
253 87
73 36
296 317
316 94
311 254
332 223
333 315
195 260
140 125
225 239
213 336
260 350
120 115
176 60
308 338
140 62
236 302
235 303
348 185
60 218
112 46
212 6
12 185
210 273
259 148
301 144
174 306
14 158
183 301
72 33
205 278
138 260
282 172
143 189
255 153
294 307
195 1
140 154
124 129
286 6
263 300
10 283
314 102
351 245
180 306
115 168
293 16
101 132
177 6
6 162
247 348
120 13
183 133
215 52
252 75
54 162
106 185
275 113
208 43
132 57
211 50
256 235
80 319
104 338
91 156
1 104
307 167
233 91
347 270
114 158
237 128
328 59
293 251
278 226
141 332
69 321
303 128
322 314
353 315
224 320
305 52
133 189
122 346
200 319
12 198
69 179
111 81
63 153
151 281
240 114
241 228
211 90
252 172
259 94
245 137
10 69
29 63
91 331
66 197
122 23
141 280
83 24
330 269
335 264
309 285
34 158
32 229
60 39
267 83
107 164
253 338
176 46
189 226
66 168
120 351
104 36
1 20
14 179
120 151
206 319
337 271
91 298
41 16
231 116
216 64
291 246
72 32
4 352
248 108
64 11
348 336
76 21
262 109
163 48
327 78
282 321
2 61
157 261
126 65
341 187
114 175
210 337
301 161
282 120
340 246
360 190
245 281
226 34
244 137
253 80
84 53
212 331
167 260
293 358
216 93
121 79
238 60
246 214
320 124
350 291
272 217
136 17
253 157
301 233
145 222
331 193
40 167
311 281
265 76
86 296
28 160
34 355
311 216
339 340
52 254
196 346
341 112
174 218
229 210
124 161
33 241
323 255
298 137
87 303
7 352
294 292
256 255
213 167
134 8
302 22
265 42
59 128
359 329
174 343
59 188
24 201
329 225
247 38
296 140
84 338
204 252
279 83
28 153
115 241
269 163
74 195
13 3
286 200
300 266
286 145
17 171
168 148
65 117
172 210
1 357
360 80
198 184
8 313
271 264
293 313
299 22
72 299
300 269
266 190
255 283
157 13
14 71
119 230
204 298
125 28
276 104
123 311
12 4
79 180
292 133
6 187
134 72
146 206
158 236
159 107
259 167
104 171
283 198
52 243
126 319
203 51
21 144
175 124
94 140
237 340
268 10
307 25
27 209
358 191
169 133
26 129
293 249
91 209
289 353
235 12
238 345
156 234
234 200
57 124
213 240
262 1
56 137
8 156
207 9
82 93
40 178
135 222
242 172
176 171
340 60
316 346
337 303
241 360
168 164
87 178
94 30
287 129
343 258
146 333
216 211
182 141
337 180
346 103
215 63
120 12
354 257
345 246
87 293
359 43
234 83
173 261
15 3
248 330
266 156
218 227
224 156
144 169
20 97
243 76
342 176
67 73
16 142
131 335
260 240
219 137
260 338
145 96
316 265
244 354
206 181
39 82
32 83
212 311
333 80
241 308
276 336
210 355
193 220
137 250
179 221
353 330
193 104
4 196
8 38
275 155
95 35
167 310
119 173
157 57
39 94
32 114
6 242
244 50
210 180
256 273
345 354
256 270
272 30
86 201
198 60
50 15
226 250
344 313
98 82
146 220
42 146
104 47
56 279
222 16
229 217
48 256
351 215
178 63
6 55
233 116
318 175
31 227
52 296
152 68
320 36
123 286
203 239
147 168
113 336
180 152
315 191
301 349
282 210
218 250
120 212
284 159
239 102
21 124
190 183
171 277
228 264
276 168
239 109
280 198
275 26
26 298
233 94
151 248
151 12
259 83
266 349
65 248
44 194
337 54
249 121
250 224
272 83
121 26
310 350
350 36
63 74
294 207
136 122
172 158
232 293
28 269
216 30
262 157
211 250
118 328
159 276
110 348
90 23
222 217
21 248
218 301
171 322
34 250
246 258
222 19
120 195
330 357
46 76
14 165
165 204
308 143
124 185
311 251
216 244
345 190
337 216
181 74
256 127
80 339
83 272
336 183
330 243
159 141
196 77
109 102
128 280
204 70
107 33
229 92
35 356
98 255
88 114
246 280
346 124
138 231
269 310
184 231
313 188
222 232
155 41
310 55
332 315
284 118
291 25
286 237
229 297
78 148
164 113
120 151
311 195
25 49
5 231
211 3
343 125
235 220
109 281
225 3
19 319
169 265
169 260
102 217
255 314
80 7
54 49
338 56
194 228
330 198
248 213
211 6
83 289
198 131
162 48
162 195
54 349
356 340
168 202
135 257
354 351
24 65
140 27
269 329
191 21
23 129
162 47
260 138
25 229
18 310
37 314
27 196
166 113
20 122
302 351
276 289
192 294
278 7
351 315
133 305
96 157
287 20
253 94
170 278
100 352
339 165
206 251
268 66
48 84
327 251
163 307
215 273
358 1
155 166
56 302
56 94
15 18
62 184
15 336
223 13
54 201
75 325
59 358
295 8
81 356
356 17
239 132
99 272
258 307
206 233
161 13
92 212
163 79
67 124
1 116
332 145
337 61
272 132
98 281
260 180
141 196
339 255
168 66
236 40
35 243
83 286
355 76
21 93
147 354
68 327
46 228
335 268
309 217
258 149
52 62
293 197
316 199
198 296
246 20
184 341
192 149
9 233
36 114
147 258
346 139
7 226
60 232
350 304
53 286
56 277
290 260
161 156
197 114
116 141
241 287
279 200
98 141
252 315
114 171
251 337
211 206
216 27
223 308
130 173
58 157
5 220
54 107
213 304
56 175
284 210
142 142
266 135
165 150
57 106
262 255
15 351
315 133
29 257
286 307
346 115
223 45
330 226
309 31
320 341
185 141
210 262
123 10
94 49
314 345
351 21
320 288
230 181
124 27
130 285
93 52
222 176
254 217
126 10
119 47
300 130
30 17
281 282
185 1
335 163
331 62
91 278
201 153
48 237
304 35
284 81
82 275
159 105
190 354
120 209
195 247
185 88
203 74
300 35
190 357
290 138
353 345
350 157
249 202
346 104
4 201
165 256
295 198
299 163
337 339
244 279
186 71
17 40
131 73
269 46
276 219
161 165
347 357
344 238
272 286
177 20
154 87
155 37
189 165
5 35
271 352
343 218
323 264
51 155
34 169
42 92
209 262
24 95
347 94
185 119
196 90
39 270
306 266
322 316
157 124
23 206
120 110
63 201
181 179
317 206
216 236
240 249
207 255
291 107
36 269
47 333
104 83
192 330
164 358
77 276
165 25
294 111
97 119
25 295
320 113
282 54
173 204
245 187
1 211
213 168
338 299
101 203
314 14
200 221
127 220
84 56
352 197
313 27
198 272
44 52
129 352
123 260
239 253
47 21
276 65
109 184
182 192
33 273
17 343
282 26
340 212
133 149
288 118
150 153
152 130
339 129
86 267
255 134
247 183
194 302
15 208
206 37
65 282
182 260
17 2
81 343
127 3
227 270
179 96
353 242
306 334
46 9
191 35
160 265
261 314
109 238
138 120
242 58
128 16
342 133
292 165
169 92
169 153
34 127
352 296
233 291
144 339
91 310
296 334
317 30
112 277
273 274
201 21
31 251
26 195
137 285
105 309
137 106
70 1
84 73
35 156
44 172
301 4
86 53
216 245
309 240
146 58
194 331
51 301
72 326
126 286
42 192
253 218
13 220
210 222
290 164
213 78
119 343
242 140
89 315
257 264
301 206
357 240
49 219
224 126
174 41
186 285
80 226
328 120
180 174
175 17
292 313
118 334
244 207
205 169
93 256
4 346
130 37
154 189
37 139
185 345
310 54
166 103
177 317
15 145
325 77
68 17
142 143
118 7
36 235
118 219
65 61
68 188
305 239
203 97
224 212
69 99
334 28
215 19
259 198
49 164
151 295
128 71
326 78
328 309
317 7
292 219
67 14
237 257
180 323
261 330
173 91
281 225
83 87
61 19
299 81
33 85
217 59
266 300
64 55
31 260
145 35
176 52
115 88
242 126
225 339
105 291
86 110
290 327
142 25
39 110
294 74
14 255
27 309
245 6
208 253
49 10
87 88
130 150
65 29
89 312
203 26
328 258
70 232
92 324
209 2
171 216
299 279
112 152
324 136
138 259
30 228
298 350
338 68
216 337
132 85
19 137
239 228
351 96
256 214
105 103
29 229
72 175
320 323
146 38
50 348
342 338
94 199
47 280
318 354
348 60
120 349
265 2
220 157
302 26
159 98
267 345
266 84
189 205
31 24
107 111
81 339
209 260
202 176
253 43
210 146
112 21
70 67
54 136
50 322
203 53
317 329
246 12
132 263
219 275
237 23
299 162
289 37
322 155
329 48
103 247
188 183
268 111
34 51
200 88
228 258
313 136
81 267
47 22
236 67
183 259
312 210
19 318
78 6
108 233
169 67
263 14
22 287
270 311
344 152
357 340
26 115
129 35
285 319
101 336
252 215
233 360
1 122
191 306
31 24
37 145
38 247
110 148
150 72
237 182
22 22
132 74
309 225
215 310
105 284
1 140
311 75
30 11
205 78
165 107
327 94
147 260
316 218
3 104
157 271
301 125
20 351
302 331
150 21
85 187
72 269
360 206
353 149
224 118
69 292
238 234
88 269
189 173
60 193
27 202
62 28
97 84
332 273
331 307
260 118
157 269
94 130
65 262
352 355
268 11
287 156
328 122
288 88
138 318
330 284
289 19
149 25
196 295
226 175
269 165
274 237
68 197
122 56
97 212
266 82
221 351
232 51
137 225
228 244
118 279
97 45
260 271
225 102
102 118
359 214
44 293
166 190
301 16
6 206
106 179
203 182
262 199
298 93
261 330
237 89
15 221
52 4
201 1
61 208
140 53
240 321
164 19
235 157
5 4
115 42
338 58
61 255
338 52
80 286
183 248
74 319
244 46
263 15
266 120
335 12
258 235
284 354
266 323
89 48
223 30
139 358
81 95
117 303
285 177
170 350
129 107
345 354
354 187
357 163
356 28
230 324
137 76
158 86
343 221
6 340
123 43
326 250
209 271
47 132
241 108
287 235
117 223
350 57
100 177
30 308
147 101
315 200
24 193
251 321
71 22
127 315
180 352
36 215
278 108
155 71
89 360
50 223
314 239
98 254
42 65
134 274
173 75
303 103
123 294
220 280
82 256
142 176
269 289
136 300
319 67
336 234
232 317
326 57
99 19
312 360
43 212
256 80
166 321
67 216
49 73
160 286
274 34
266 253
184 215
211 266
211 191
242 296
54 330
200 257
23 132
289 336
42 294
111 25
99 299
193 231
133 343
358 28
340 54
220 164
317 279
262 137
80 153
272 121
230 271
216 344
350 92
255 305
99 133
190 325
324 46
355 242
68 129
334 275
332 248
135 37
234 20
19 242
38 22
280 122
150 271
286 35
352 359
223 82
183 264
313 25
317 3
333 264
298 314
299 272
182 278
7 13
182 218
53 181
349 104
203 332
242 230
342 227
87 42
45 309
261 302
170 26
53 3
179 272
306 266
211 319
203 203
9 343
184 197
112 136
114 124
267 64
302 300
146 101
309 85
253 160
96 36
328 145
254 281
206 342
107 40
126 72
341 165
104 219
9 3
279 56
3 255
129 343
322 233
194 242
229 214
218 72
258 341
65 112
32 217
8 29
302 347
138 331
274 100
196 139
163 308
182 201
300 221
49 351
128 291
223 285
305 68
180 196
142 291
297 174
321 44
15 300
263 340
237 32
100 118
287 357
81 46
215 6
279 325
279 322
204 279
107 150
117 213
176 105
267 136
182 317
232 170
183 176
213 61
99 342
80 135
25 244
103 74
275 125
65 130
155 294
304 17
341 79
332 231
294 276
125 330
132 329
273 31
178 52
62 30
199 270
234 314
350 222
357 219
112 283
326 22
129 16
184 144
197 14
290 221
243 353
304 191
155 21
109 69
3 112
272 356
12 351
129 22
46 94
121 222
277 132
15 140
241 342
338 83
49 169
236 117
262 278
125 65
206 47
141 200
10 294
99 39
347 31
184 138
240 231
201 176
216 226
191 286
230 259
227 70
338 146
62 160
311 262
292 206
116 98
256 284
223 267
123 113
256 147
164 155
205 314
20 124
40 113
48 231
268 35
270 20
57 148
77 25
85 222
247 296
253 178
74 15
143 154
298 244
225 165
294 28
234 7
149 273
180 180
6 249
179 271
341 224
129 78
120 140
21 251
171 342
92 175
269 91
139 29
136 278
63 5
131 226
341 301
111 115
144 286
262 103
54 281
225 182
346 110
155 253
108 222
281 201
36 182
136 273
52 190
283 302
253 72
314 158
62 119
203 91
158 96
5 91
355 291
163 155
292 230
68 283
219 57
260 346
130 24
70 47
195 154
307 8
236 324
345 275
332 107
181 295
235 347
144 57
206 67
32 50
29 249
225 152
162 291
64 95
212 124
353 222
347 316
34 81
106 107
33 12
176 328
339 314
284 359
187 43
248 297
281 349
348 36
151 303
166 90
341 277
263 32
97 60
278 252
304 70
82 171
145 117
76 75
15 221
214 316
159 157
50 331
310 290
179 280
55 67
333 226
64 170
268 85
36 325
119 338
253 307
105 161
239 81
198 31
246 106
67 304
270 87
211 246
137 55
211 305
204 324
134 278
327 151
352 334
115 10
175 222
185 45
257 9
24 138
42 168
318 253
227 110
195 230
70 152
357 70
275 24
121 115
247 49
271 350
202 23
144 351
204 133
265 22
24 141
349 167
307 116
266 182
152 316
354 37
271 354
128 339
65 324
34 148
253 359
15 167
120 258
286 60
87 73
42 170
215 54
196 231
207 273
118 223
307 284
226 234
290 236
126 274
276 308
291 358
316 90
255 107
260 346
154 178
24 118
247 43
265 333
60 331
238 115
236 359
285 7
167 204
308 14
288 289
216 122
318 46
338 234
182 262
23 323
258 222
187 209
180 157
345 99
308 320
114 284
53 86
124 310
337 223
189 122
286 95
104 300
92 50
243 239
147 161
145 353
13 113
157 162
311 267
134 249
188 147
345 100
257 133
284 281
227 41
290 288
321 28
184 190
332 219
302 128
174 14
360 220
22 303
123 261
110 124
99 260
98 153
229 341
268 328
25 83
15 167
1 211
84 110
153 128
187 195
183 271
329 24
95 288
13 67
203 141
151 224
56 248
45 4
115 11
174 201
66 283
36 112
77 74
192 50
129 176
328 128
256 5
321 29
184 106
192 100
255 12
79 90
187 261
74 66
158 85
228 78
39 327
6 119
57 118
134 284
24 290
352 321
44 80
201 233
113 111
145 327
358 277
216 118
149 128
99 36
202 298
299 66
236 254
360 187
328 339
46 279
336 325
44 353
59 27
254 38
286 114
272 17
249 16
117 69
335 1
85 18
269 296
244 224
92 264
56 103
201 123
347 221
342 103
43 214
79 285
276 185
47 168
83 59
222 63
316 236
31 5
137 25
99 232
221 147
188 94
326 66
2 327
255 236
126 83
349 276
150 33
319 216
147 359
42 19
28 188
197 234
44 36
26 349
197 209
310 208
345 304
331 329
162 33
190 33
261 64
296 252
93 273
124 287
170 313
298 203
327 200
219 328
10 210
150 285
203 251
305 208
328 339
356 213
112 203
347 177
58 73
107 179
358 334
333 354
332 271
36 22
7 141
214 245
240 100
121 71
319 80
303 137
116 233
253 45
280 24
45 329
41 322
285 21
339 37
106 291
58 343
159 163
358 175
279 132
126 189
103 91
291 251
21 220
258 319
176 121
118 108
268 293
213 152
26 234
60 138
331 27
152 163
51 190
300 292
277 27
151 238
203 324
14 346
279 122
280 62
303 57
261 178
124 106
134 64
291 13
302 357
132 88
104 28
64 160
203 148
197 242
50 288
46 194
184 187
147 296
275 202
57 6
45 35
176 281
276 243
166 169
300 306
356 195
97 84
193 105
248 241
11 315
237 277
93 287
89 121
69 217
309 19
164 324
175 59
309 232
218 311
22 119
323 315
188 158
113 183
325 325
279 272
132 69
137 312
1 258
241 94
351 104
13 82
260 215
259 46
74 165
95 261
150 28
331 180
219 215
107 112
10 92
40 113
266 32
241 67
125 42
341 146
235 194
95 298
150 209
221 167
342 235
251 203
355 158
83 97
355 273
242 222
241 209
272 12
169 279
107 88
186 326
154 124
212 74
322 230
37 350
123 237
259 147
258 34
255 343
168 102
120 183
116 135
77 245
259 53
291 330
258 339
301 288
275 198
285 280
34 268
218 136
254 145
312 189
7 17
181 342
129 243
268 269
17 330
329 323
204 75
269 187
281 309
322 50
1 69
129 283
315 230
251 72
43 278
52 241
25 178
109 290
127 35
14 24
272 349
18 203
349 242
256 312
331 237
155 39
242 17
264 221
262 75
91 93
163 41
241 17
124 341
21 177
242 346
49 21
84 355
67 295
279 228
36 38
