360
3888
27 94
89 35
44 108
160 93
70 221
185 280
238 180
8 161
72 210
280 275
120 65
347 258
1 105
245 3
357 36
243 276
354 176
97 64
88 124
348 219
241 336
104 332
355 248
182 302
38 231
119 330
227 272
4 102
33 283
25 96
315 211
121 330
205 64
191 162
145 337
99 340
43 29
17 58
134 109
151 271
299 225
19 97
72 34
310 56
286 276
344 220
5 105
355 46
135 192
164 265
342 86
156 279
329 277
57 82
279 164
177 79
42 293
100 53
195 93
288 331
313 323
36 310
235 246
9 123
126 332
206 319
186 112
240 49
164 10
185 72
74 109
151 281
250 179
243 61
309 3
125 10
46 195
75 42
27 49
26 82
36 232
29 170
281 39
230 225
260 114
135 251
316 119
144 76
208 16
288 312
156 61
199 48
151 329
280 192
299 114
197 153
122 173
331 80
98 353
356 49
292 252
220 5
307 102
227 247
23 54
6 97
6 110
136 297
151 131
227 205
77 111
306 30
241 320
337 47
200 343
67 62
286 52
332 110
129 347
78 151
226 325
91 246
236 135
43 268
320 41
209 155
194 38
20 115
332 64
110 150
35 145
270 62
342 114
81 222
64 280
11 175
23 341
330 163
293 263
219 138
49 269
231 173
193 225
305 263
2 209
282 107
187 224
85 162
320 41
258 299
208 193
356 214
141 216
266 142
288 300
58 66
156 148
70 192
147 308
58 9
221 129
108 249
326 105
47 267
324 218
313 246
46 348
125 192
278 219
297 315
285 61
230 224
279 177
41 293
45 32
219 35
177 311
357 92
122 136
235 284
9 44
202 153
168 229
16 46
8 345
289 230
113 200
131 26
88 55
355 14
293 266
111 215
213 175
235 317
118 312
71 275
306 156
338 16
254 337
336 340
345 191
295 161
302 279
282 24
115 271
82 229
54 113
138 350
88 175
329 85
310 281
15 230
156 205
247 312
77 144
243 242
50 244
38 228
194 330
159 187
291 96
263 311
169 40
157 222
146 32
27 158
153 302
155 359
176 304
244 212
259 136
295 228
259 102
18 18
19 71
228 271
149 334
167 327
243 224
347 213
330 257
76 11
219 115
29 75
96 113
343 174
258 122
270 308
353 74
348 299
359 87
99 293
48 129
112 114
237 86
346 186
269 339
67 302
75 227
265 119
3 182
300 121
202 150
152 265
239 119
113 76
27 290
331 316
6 321
33 270
51 286
93 235
210 118
353 230
117 93
41 185
79 6
87 267
108 153
357 250
120 288
101 139
240 107
228 226
126 181
235 313
156 232
222 184
104 240
7 211
164 338
64 303
350 286
2 254
203 67
232 186
100 158
44 185
124 127
194 346
2 276
230 153
170 332
74 212
159 106
213 113
204 126
19 109
3 27
260 249
81 110
212 156
314 56
31 267
181 351
96 228
301 282
304 278
185 82
40 336
54 39
138 78
153 67
312 340
86 155
251 315
115 65
180 207
292 240
1 62
82 352
168 335
151 233
31 187
215 116
74 288
68 79
127 193
281 241
283 223
230 75
312 80
288 355
119 142
109 130
26 329
348 158
73 9
325 224
311 328
345 128
79 191
73 342
75 289
241 319
117 117
205 295
7 239
271 66
114 340
63 58
297 199
160 98
166 113
287 16
22 222
230 325
311 16
235 342
69 144
176 193
275 47
206 187
282 165
16 236
287 96
201 179
312 201
7 54
110 172
86 198
232 30
8 25
188 111
234 351
252 59
305 213
32 317
274 99
194 247
316 250
252 309
234 312
357 233
15 211
16 242
305 39
34 303
234 347
66 184
322 37
213 78
112 268
344 64
64 164
68 64
30 99
138 144
326 143
295 223
62 279
42 328
267 204
268 332
329 281
249 19
70 357
96 23
287 115
111 166
144 240
66 127
123 100
197 286
91 176
85 309
318 142
276 95
318 285
161 281
116 311
180 8
299 199
21 315
261 151
157 254
36 82
334 165
235 315
124 41
84 260
345 182
349 167
255 190
345 145
85 125
61 104
226 80
176 30
158 163
135 278
340 34
274 74
183 96
175 338
55 237
204 313
254 224
114 308
40 79
329 44
208 28
355 257
231 258
46 41
34 360
267 323
63 63
189 71
253 113
110 147
51 134
213 102
336 293
180 356
25 69
270 203
344 136
327 204
318 301
139 61
107 1
140 39
75 180
169 352
152 357
214 355
115 94
344 22
360 332
7 206
356 15
276 61
187 190
221 115
217 210
304 248
275 31
102 104
54 48
80 248
359 222
27 41
292 201
287 357
41 31
338 27
164 341
41 351
278 230
123 13
340 207
341 229
287 77
275 195
338 346
243 163
314 71
3 100
322 148
132 131
355 310
38 34
173 71
18 27
70 240
71 273
179 42
148 206
47 147
37 35
193 73
211 337
336 256
234 16
194 248
183 332
40 242
174 105
272 325
114 243
319 21
37 346
93 40
324 217
141 359
99 292
149 201
220 98
263 171
153 158
211 248
91 221
107 36
183 341
21 238
36 104
346 274
212 253
308 323
213 347
225 178
303 208
228 289
144 137
174 177
233 319
90 53
68 52
84 203
277 151
26 263
280 224
172 97
326 204
307 88
159 213
36 307
119 288
96 133
261 319
323 197
282 253
176 169
130 113
67 278
7 165
39 85
236 291
92 110
112 316
340 90
310 209
287 99
319 222
17 314
224 127
86 327
138 153
175 163
360 297
155 176
303 8
239 307
291 33
57 36
176 296
155 19
238 238
16 251
116 99
165 306
176 219
243 36
360 348
300 147
208 311
108 252
272 89
143 45
318 90
116 134
64 273
339 251
153 134
301 118
277 174
272 113
349 285
331 332
71 191
307 262
145 360
106 110
79 85
221 94
108 89
273 258
112 212
291 270
68 33
29 79
73 239
136 179
199 235
308 218
249 47
337 354
328 45
224 307
201 62
56 259
4 189
244 58
176 339
227 18
174 20
10 322
270 181
81 246
275 11
272 45
340 38
121 141
255 189
133 315
95 201
73 301
38 238
274 129
282 268
348 228
224 191
64 85
66 33
179 173
223 86
306 150
155 31
196 265
222 244
142 174
173 264
309 101
161 151
229 248
255 157
8 318
83 8
336 69
41 254
152 26
94 157
203 330
181 199
329 159
288 341
258 201
244 14
321 127
37 93
264 126
88 19
118 294
300 208
331 81
183 14
35 310
249 17
201 21
335 359
121 196
228 204
158 157
22 42
2 284
288 182
255 205
144 318
344 353
314 248
296 355
37 275
300 311
93 153
106 173
80 122
233 41
12 113
266 266
349 108
38 9
182 163
148 290
64 102
158 340
140 83
187 143
271 318
343 360
259 164
218 192
332 252
120 132
154 59
83 332
290 253
142 291
47 199
290 84
249 184
35 177
269 175
262 298
186 24
278 106
113 156
22 335
309 151
146 314
186 110
34 111
131 318
294 282
155 194
77 198
31 11
94 63
245 226
59 31
256 228
35 9
128 354
35 201
79 293
33 310
34 324
305 85
298 246
74 158
171 163
67 229
165 128
133 40
10 211
157 288
246 288
126 334
7 215
243 46
345 345
342 332
53 118
328 184
144 326
334 305
184 259
219 240
168 355
26 291
203 360
13 180
212 34
31 356
268 62
26 285
152 204
215 158
76 258
151 107
86 189
276 6
233 155
191 256
298 252
64 57
62 321
289 184
46 164
195 22
136 352
344 101
355 288
179 79
120 187
17 209
328 70
149 57
43 251
134 65
216 40
217 273
14 256
13 228
288 318
173 336
297 180
151 276
291 65
183 187
353 39
118 223
307 40
58 287
206 134
51 12
298 252
48 135
141 97
146 50
54 84
129 254
163 101
261 350
295 357
175 67
133 294
195 25
231 75
284 182
104 156
48 118
232 215
70 142
307 98
22 160
269 333
216 316
308 347
42 167
187 7
356 339
173 337
204 253
184 14
228 80
164 14
114 303
242 205
258 340
279 109
114 24
244 192
173 53
170 252
356 137
332 323
290 236
159 191
26 82
153 213
308 123
11 191
320 20
132 351
68 126
65 142
198 181
223 298
158 325
335 222
87 97
323 174
360 352
258 276
82 352
273 296
158 97
329 86
359 355
262 199
149 92
340 132
212 35
137 70
308 227
139 262
353 305
198 334
48 292
44 213
314 57
114 242
148 279
342 241
273 153
298 176
198 78
170 206
4 148
318 142
149 244
277 279
132 302
22 82
304 245
258 357
345 193
282 95
208 44
58 153
256 129
25 68
14 282
256 305
129 133
241 20
88 347
82 165
49 29
256 113
37 36
356 180
177 133
305 357
200 115
275 111
78 262
18 334
359 125
207 35
123 34
184 29
91 345
139 122
34 261
16 227
14 150
53 348
71 183
155 282
263 230
151 239
322 196
166 74
116 279
11 260
202 108
111 210
222 119
215 82
140 294
76 75
337 314
236 228
65 255
169 176
335 223
34 82
314 339
219 231
360 127
39 302
178 11
75 254
81 299
277 19
281 205
176 282
136 28
159 137
316 15
140 15
200 51
89 213
181 328
72 276
352 195
134 234
204 80
84 248
87 229
123 120
130 215
97 75
5 132
181 168
218 161
254 304
287 12
10 303
210 118
250 269
100 68
108 139
47 34
263 58
253 349
61 34
81 93
185 219
326 212
181 358
151 256
129 254
155 180
257 324
210 16
304 347
117 13
113 216
248 313
295 34
345 81
34 174
47 53
287 72
27 275
227 326
10 87
207 184
303 289
275 235
62 107
113 191
229 7
203 32
78 131
179 6
258 330
11 311
350 42
157 269
166 119
184 95
114 124
10 306
123 84
56 29
284 243
63 334
266 223
178 150
93 52
183 189
306 303
66 2
260 36
136 47
341 270
87 226
274 33
228 184
246 92
349 221
250 338
62 236
152 6
174 279
309 285
262 8
197 143
4 189
145 138
132 254
1 295
305 254
305 65
285 28
1 299
295 70
238 320
306 62
312 156
254 141
190 215
229 47
340 338
276 67
245 177
25 115
353 211
215 248
253 341
128 201
21 12
164 161
228 233
70 160
145 142
130 152
44 133
71 114
31 70
41 304
249 306
144 235
119 31
289 254
246 187
273 296
31 205
177 175
258 236
92 297
50 321
252 56
267 31
30 14
76 288
320 330
173 83
7 172
53 353
23 23
313 66
241 146
194 83
36 240
182 63
190 349
308 55
271 154
354 210
270 297
72 255
150 226
278 200
128 22
233 177
258 310
227 209
277 257
185 165
265 257
164 115
310 272
168 47
258 193
202 258
299 154
167 280
293 115
95 342
244 65
121 48
212 165
276 218
264 305
20 253
107 116
157 122
265 254
347 320
336 280
42 166
307 131
262 298
211 254
154 252
349 59
312 240
51 165
196 333
54 256
1 350
208 269
312 259
37 269
209 239
95 244
230 144
131 173
166 56
265 237
118 191
97 139
316 48
80 263
234 93
72 11
65 250
278 320
216 267
353 306
69 178
121 37
284 359
95 280
292 256
179 270
121 90
112 331
61 163
206 205
182 164
196 264
288 77
207 190
103 326
331 338
144 342
199 279
222 82
181 305
330 187
196 45
33 306
311 96
343 88
358 259
103 275
69 158
143 90
156 156
8 303
197 38
162 10
284 330
226 165
115 25
3 343
101 298
114 196
162 286
291 125
43 315
92 316
298 72
304 328
205 83
243 24
115 347
28 273
350 305
323 20
98 292
18 41
5 347
340 55
281 123
189 30
120 135
299 5
97 207
35 30
241 140
58 233
316 306
117 67
300 268
96 184
120 270
341 161
68 68
100 300
322 65
24 251
334 311
202 238
136 355
20 198
107 232
54 308
277 17
191 163
63 277
242 288
175 333
127 273
27 100
71 23
253 222
29 286
357 150
132 188
176 116
22 35
39 208
102 225
255 284
255 110
117 273
290 56
146 102
74 134
81 340
101 150
224 132
313 34
335 241
84 139
255 63
287 327
302 270
168 108
355 315
269 13
158 286
70 138
46 283
152 131
73 325
11 40
64 150
215 166
193 309
130 173
128 110
294 13
14 220
292 240
340 168
152 295
164 125
336 219
246 219
61 309
84 192
308 118
97 7
307 94
299 196
140 359
184 299
359 293
180 41
262 230
131 353
196 4
333 263
74 348
202 353
280 261
165 30
145 309
195 98
30 7
302 199
249 329
155 149
80 261
271 78
229 311
227 65
208 34
118 54
53 213
195 348
213 189
307 67
73 181
102 115
266 59
278 197
208 329
69 330
258 285
156 152
108 64
186 117
330 2
85 91
97 287
29 55
263 306
241 112
144 316
273 82
270 35
180 80
210 164
69 43
22 184
108 92
210 225
264 116
148 165
267 250
347 289
116 298
229 166
139 18
280 357
274 159
226 94
77 117
111 321
334 341
100 79
269 87
132 344
187 279
93 340
46 47
358 55
254 5
131 165
298 33
15 133
79 298
51 175
143 236
18 112
16 204
210 92
105 242
190 250
306 301
306 220
307 160
34 95
138 273
140 48
198 187
254 277
111 262
154 226
219 123
176 38
241 351
66 239
57 222
211 234
295 216
174 311
277 271
169 166
119 105
191 44
205 138
281 327
304 313
238 157
134 143
86 200
108 42
230 15
59 22
79 218
65 261
347 19
199 279
97 90
335 216
189 218
353 11
261 132
298 85
67 239
183 225
263 330
189 255
319 88
81 59
324 336
81 151
17 94
358 271
312 347
190 325
176 360
226 146
344 68
360 293
60 261
94 343
355 254
91 22
152 61
27 302
238 39
14 191
290 115
42 61
180 213
359 106
93 176
188 100
285 30
64 36
328 286
50 251
102 190
293 194
78 177
47 184
274 122
253 171
295 339
5 58
242 58
24 14
212 263
358 274
293 58
181 8
261 4
201 278
106 255
218 349
305 152
24 140
122 326
186 15
69 185
198 261
276 146
243 185
150 89
271 36
257 338
297 301
211 152
350 47
197 311
193 256
130 69
54 68
189 116
81 324
204 218
76 145
262 295
68 340
267 209
36 298
329 280
328 11
25 264
79 11
325 101
166 65
315 135
200 22
85 118
223 85
352 115
134 298
301 54
222 255
194 145
85 21
137 309
203 242
159 303
252 301
186 148
314 205
325 349
272 217
145 352
279 9
170 161
271 236
315 302
330 5
191 325
286 122
285 42
180 131
45 291
75 156
317 36
264 41
56 212
318 203
325 77
317 152
307 327
325 267
346 113
115 273
196 307
8 70
28 191
77 1
57 324
182 281
155 335
77 260
340 302
3 252
344 212
319 34
262 351
15 70
44 192
323 303
297 174
337 227
327 91
25 227
208 152
114 265
50 69
272 73
98 163
334 351
217 15
333 261
99 172
340 42
316 63
203 8
91 254
185 296
136 212
137 137
343 2
49 224
133 323
52 317
306 215
86 131
41 354
240 32
170 98
236 253
231 43
150 262
96 220
12 225
297 257
264 263
294 285
238 143
121 43
297 8
358 221
138 63
169 309
201 263
253 100
17 146
1 347
359 204
295 263
81 277
122 210
94 17
132 230
165 86
17 101
347 208
129 240
13 91
236 50
264 63
177 264
244 328
169 173
160 82
78 205
139 137
204 96
208 108
128 56
309 195
351 54
117 52
17 317
291 230
327 253
88 206
244 55
241 86
297 79
69 130
155 116
190 195
112 272
235 250
353 26
280 159
143 150
67 243
208 196
153 184
44 48
311 311
116 26
168 75
173 233
27 29
340 225
320 105
176 22
194 19
84 260
48 160
250 209
219 17
319 255
168 37
303 213
315 300
66 356
149 106
240 293
26 278
238 225
247 148
40 124
235 309
87 359
251 339
47 283
317 213
112 246
236 319
121 262
86 104
151 185
269 280
128 159
328 182
46 41
6 18
349 83
237 251
53 48
94 335
253 250
301 6
219 256
72 185
322 73
272 87
296 216
206 286
172 182
150 186
183 221
185 18
209 294
328 114
102 39
202 208
317 258
47 251
315 52
168 185
223 293
113 4
11 143
60 29
203 270
184 2
329 185
189 247
63 285
151 253
315 291
302 122
287 102
312 298
89 274
139 244
272 291
155 35
131 83
207 151
213 30
67 104
25 91
87 137
290 81
336 294
99 305
104 231
18 83
240 156
229 190
325 73
180 149
344 291
164 63
127 337
194 71
205 97
195 314
206 267
53 190
53 232
105 331
225 122
298 222
163 201
330 175
68 125
304 94
114 48
227 100
301 324
312 239
49 45
325 45
311 317
173 313
55 287
222 328
67 13
5 166
234 230
4 6
233 311
178 249
272 124
268 2
220 331
316 198
168 355
16 85
298 84
301 332
336 214
183 194
173 15
158 324
102 357
113 322
95 252
74 169
197 319
54 220
199 217
237 13
132 68
232 272
265 300
125 337
206 42
324 93
137 256
88 310
312 84
193 41
257 119
233 303
325 253
184 241
224 246
63 248
300 270
214 335
247 297
246 37
234 302
353 110
64 138
246 217
292 291
218 305
96 17
257 240
318 71
262 208
61 200
212 289
333 182
232 175
197 249
255 117
39 229
58 319
158 354
118 172
93 147
26 329
83 226
67 349
180 212
52 214
282 45
258 1
17 213
257 131
320 350
7 331
185 248
184 290
272 124
338 116
49 338
244 222
253 47
223 57
38 233
357 78
38 84
233 102
87 119
222 81
264 99
170 78
105 55
28 122
200 248
118 102
6 6
8 137
272 103
154 222
122 19
139 140
154 15
120 180
79 320
354 161
183 21
294 39
136 28
325 238
147 109
331 152
66 126
120 104
77 329
222 121
81 45
212 183
56 180
360 328
161 325
288 23
229 174
149 81
201 88
338 218
68 135
266 333
225 319
106 172
164 269
333 85
173 63
248 161
93 188
33 78
261 90
84 260
80 52
249 46
346 337
322 40
315 184
303 230
262 333
16 113
340 273
303 49
349 345
4 149
238 180
319 320
77 76
270 4
303 81
72 176
178 122
46 275
286 119
303 138
354 190
197 262
180 69
301 293
143 315
114 263
141 319
86 344
197 339
4 17
282 281
325 337
176 316
164 98
84 82
192 164
254 212
116 287
15 87
213 205
157 273
235 157
183 232
9 275
49 2
40 210
116 331
352 298
98 141
329 71
296 2
35 8
176 232
310 95
166 37
29 287
321 189
358 171
317 173
320 282
148 262
239 205
285 71
282 313
342 327
114 295
239 2
49 187
69 171
185 117
356 8
305 150
200 89
135 254
326 270
72 225
264 79
40 316
189 88
88 61
186 223
271 127
90 351
306 93
236 355
51 355
281 226
69 304
170 356
49 156
345 323
121 70
13 153
350 86
204 122
328 194
251 61
185 315
277 324
158 198
178 83
296 80
258 256
146 162
189 253
165 165
140 74
236 111
77 63
328 162
184 334
118 243
336 281
133 91
98 315
11 311
48 269
184 68
123 190
149 78
264 201
315 253
281 202
345 154
126 218
250 174
123 196
333 60
257 94
7 260
128 182
298 61
302 92
207 311
20 263
283 145
69 359
116 182
18 84
186 133
260 284
28 275
316 212
166 24
33 219
350 286
172 347
248 279
57 289
110 65
291 212
171 307
324 213
170 76
172 165
314 161
234 27
73 189
86 222
78 4
31 208
288 234
338 119
350 153
305 213
341 227
207 101
37 36
47 282
4 263
164 20
217 11
82 83
83 139
168 209
117 191
186 79
87 132
58 60
151 141
79 266
266 214
94 281
250 291
42 139
280 328
64 158
168 82
51 42
224 82
23 190
188 214
167 70
60 257
153 256
201 30
92 30
218 22
337 341
81 96
247 204
112 161
143 238
216 81
339 86
330 78
58 360
297 57
312 290
100 164
160 255
33 232
22 51
104 169
328 253
59 189
45 92
135 331
164 256
300 163
91 255
280 337
342 265
64 216
3 319
133 164
24 29
204 233
340 326
254 49
91 186
244 109
21 239
269 225
351 128
94 65
274 101
145 97
120 166
247 327
64 309
4 78
72 10
337 337
315 321
289 58
351 360
31 281
191 36
203 288
121 220
141 323
203 345
311 226
144 130
223 11
299 251
318 343
23 312
351 154
202 243
314 282
290 295
259 114
313 351
262 135
37 6
138 133
272 185
215 123
343 136
348 15
197 192
302 205
265 45
173 140
20 172
159 87
91 200
124 59
285 184
47 239
80 15
238 15
337 305
300 179
53 229
65 45
214 236
285 14
286 226
243 322
228 145
2 12
190 226
89 221
317 79
310 317
180 261
191 285
266 165
303 45
113 196
210 87
67 213
359 287
27 77
217 317
241 215
248 242
102 191
171 360
206 313
263 294
80 132
222 64
24 118
163 337
339 228
51 104
218 253
242 39
270 87
36 103
92 286
255 96
165 164
163 349
94 254
238 253
148 233
244 282
141 58
321 284
350 205
219 251
235 184
339 140
36 290
236 188
302 155
242 219
329 116
5 348
79 314
242 317
246 289
96 113
192 61
150 306
216 143
124 182
105 158
208 129
303 225
112 332
222 241
101 92
29 66
104 49
325 116
342 132
2 170
349 52
88 196
309 273
79 223
158 238
347 355
326 271
308 186
324 332
178 17
345 302
9 10
329 7
325 43
2 331
323 156
317 188
178 120
202 139
227 239
138 256
293 133
144 125
208 188
359 330
198 174
119 32
230 184
66 357
203 42
305 282
150 214
62 169
231 162
291 352
168 178
243 40
34 30
14 324
180 223
277 169
116 59
165 225
14 35
277 334
31 179
108 226
37 333
223 137
235 262
247 255
254 283
64 79
50 118
32 54
26 109
343 188
8 216
279 244
169 277
123 30
90 278
287 24
160 311
199 80
313 269
205 345
1 273
178 171
163 78
271 278
143 5
228 146
136 170
86 265
328 278
330 335
62 173
360 41
285 321
116 316
172 270
98 108
110 28
285 351
320 252
354 20
11 22
97 65
82 199
162 131
217 51
287 28
40 180
359 266
60 341
186 348
172 37
236 175
70 78
270 203
227 227
240 45
333 207
227 159
342 48
21 87
14 274
124 5
233 113
108 61
186 121
322 322
298 76
336 66
96 10
67 310
84 154
157 110
126 161
230 20
111 75
286 265
358 114
254 281
158 265
115 331
20 326
83 41
162 87
239 80
360 308
95 195
8 332
359 210
242 237
65 322
61 94
151 170
83 353
156 46
198 299
48 68
27 302
333 316
298 201
245 251
319 174
245 261
270 245
206 266
18 181
49 10
354 156
283 98
253 95
145 94
105 93
10 349
12 210
140 329
53 150
165 209
167 310
360 52
236 189
239 153
265 232
192 359
307 17
240 137
289 58
14 346
93 114
287 308
145 278
278 237
202 115
72 333
317 2
101 52
94 20
323 118
325 18
122 39
255 343
317 328
67 330
115 238
110 352
313 89
20 85
122 281
329 65
13 176
343 73
153 272
139 140
81 232
14 318
250 118
349 303
5 186
256 339
270 333
359 179
222 278
10 275
290 102
164 114
81 105
83 300
50 55
121 241
294 93
308 137
35 146
239 351
147 33
190 293
138 79
217 128
186 134
17 358
15 249
235 149
206 269
123 73
6 229
163 320
265 174
184 68
336 8
268 270
359 229
207 67
76 297
218 284
152 308
235 254
218 188
329 121
328 239
333 34
125 309
284 347
273 127
17 271
90 122
289 165
316 194
326 303
232 252
344 37
240 346
307 7
322 211
102 48
132 98
9 162
306 51
28 212
113 64
51 15
2 255
337 168
56 14
133 141
229 316
189 338
231 306
51 199
272 297
348 328
298 139
223 360
111 96
82 61
322 277
272 135
305 356
27 87
119 111
129 344
206 333
214 276
344 254
123 56
305 336
234 238
327 293
70 108
269 20
339 37
119 340
1 278
353 227
275 356
2 137
299 106
117 37
26 326
343 88
19 65
71 164
199 140
312 167
204 211
134 323
235 269
276 11
115 55
281 160
99 97
278 77
83 84
39 47
197 248
67 117
299 311
287 74
90 16
28 178
178 58
198 258
293 290
33 155
135 322
161 251
309 95
259 39
51 110
61 127
61 319
54 117
158 66
75 292
258 352
22 20
245 298
27 143
97 217
59 272
324 95
33 293
23 230
245 290
55 242
155 251
303 324
154 282
250 356
132 345
259 213
150 275
246 183
50 320
177 178
271 67
219 82
24 349
337 130
28 92
274 107
33 202
48 70
43 95
206 351
237 212
216 269
103 10
157 351
15 99
234 243
55 69
162 166
282 307
169 338
1 297
252 306
122 53
160 25
317 212
224 45
127 349
156 242
11 154
18 53
6 56
172 307
144 259
39 93
119 300
250 123
4 121
163 41
231 283
175 52
117 18
308 25
338 290
255 1
74 180
38 47
281 177
58 357
1 143
232 123
36 295
288 184
25 264
10 78
101 230
152 187
3 338
35 263
300 235
353 49
42 332
181 90
273 285
168 246
279 99
56 292
116 213
53 73
72 9
168 282
112 35
343 42
90 111
172 115
269 223
225 312
133 162
308 264
231 176
2 149
292 19
329 284
38 90
38 41
41 318
260 281
9 217
314 140
345 102
5 123
206 227
285 334
113 339
280 99
130 344
196 256
225 153
13 41
135 251
1 278
158 325
212 357
246 21
179 42
223 19
95 254
174 217
175 70
307 164
226 95
42 279
64 192
342 159
287 93
55 176
247 67
131 30
269 1
166 138
224 342
96 280
228 11
216 162
113 265
350 102
228 175
58 319
76 136
125 125
6 137
276 300
71 283
348 265
89 328
333 114
267 6
209 141
287 159
61 322
2 97
178 55
275 140
112 316
6 19
262 109
40 242
249 356
135 326
17 165
317 313
202 262
150 195
111 232
212 282
194 22
262 44
293 192
89 204
73 196
252 275
136 84
254 182
49 151
84 7
170 136
52 19
184 219
340 207
313 303
54 340
274 44
293 83
204 232
283 293
6 65
23 84
213 231
248 109
349 328
216 208
324 75
279 164
297 265
148 133
166 199
64 308
248 62
209 147
257 252
40 334
145 49
232 278
208 94
319 309
38 284
38 201
113 131
154 212
216 317
250 119
257 142
65 66
352 321
235 87
154 234
273 182
308 192
288 351
194 105
183 322
87 89
158 343
153 282
103 211
358 133
173 340
171 94
163 10
303 81
137 207
308 115
24 309
41 315
211 184
291 170
124 281
31 183
16 8
265 209
32 67
107 26
264 290
201 7
315 261
252 53
6 11
288 89
271 191
211 49
289 157
81 225
347 255
358 246
354 66
156 247
144 16
155 83
9 187
204 289
255 353
206 165
8 40
34 291
96 160
284 97
4 319
284 250
265 18
29 131
283 35
110 63
186 102
64 32
88 278
189 303
159 211
191 232
289 198
174 112
147 175
41 11
181 76
295 356
302 327
155 270
120 205
312 53
290 194
77 261
124 217
227 148
283 145
162 267
135 277
233 129
28 165
360 42
327 131
213 350
130 28
33 352
150 250
219 74
323 76
85 140
268 183
217 106
311 16
260 228
353 68
175 347
87 12
194 226
31 43
160 265
188 99
23 38
164 318
299 182
145 312
257 174
360 171
249 54
285 281
21 280
291 258
299 294
202 287
68 132
134 305
345 96
282 223
209 166
236 9
99 166
297 199
218 8
180 257
49 142
146 253
237 301
258 356
202 35
191 279
207 200
336 134
237 80
221 196
173 4
284 279
228 208
242 268
343 136
160 55
260 289
116 28
360 146
231 40
301 357
338 47
217 332
146 58
117 304
207 208
109 5
102 47
254 8
316 50
6 250
96 127
202 5
23 186
360 14
244 297
112 52
222 158
277 122
209 242
215 70
183 240
308 137
21 295
285 52
326 64
274 7
322 133
215 182
45 249
215 26
49 207
22 285
87 99
113 241
292 95
357 205
253 356
30 300
174 34
28 333
211 15
208 24
259 316
242 54
227 65
10 155
286 66
118 235
256 16
293 264
1 195
157 169
95 113
215 292
13 25
10 256
32 278
282 223
49 256
262 60
217 195
268 90
210 201
201 228
323 134
144 103
141 180
315 222
177 31
47 302
39 112
28 283
312 207
233 251
43 46
236 44
295 196
147 238
347 196
249 116
148 293
201 316
339 350
142 215
102 88
171 334
275 158
9 9
225 176
15 253
357 341
314 60
55 8
102 226
28 225
184 303
31 330
213 317
130 170
148 257
57 45
278 191
218 349
129 247
349 95
287 220
119 291
332 315
308 93
59 185
36 330
176 40
332 70
185 55
275 14
271 333
246 159
216 66
37 283
143 204
256 174
110 62
186 207
199 73
32 335
233 356
241 209
268 86
209 308
266 288
340 360
111 246
95 93
32 76
1 287
96 9
220 174
127 331
142 155
360 325
246 3
224 171
231 17
23 282
303 200
98 323
311 250
22 283
226 342
206 287
225 231
169 43
81 103
236 71
312 121
359 8
108 352
78 155
11 294
206 290
137 228
257 63
306 147
33 341
50 201
155 168
70 284
35 208
334 136
277 247
353 265
256 16
5 3
287 176
257 233
254 13
239 113
140 295
276 13
79 10
73 172
284 248
282 70
108 236
145 106
220 196
183 308
251 355
238 117
271 219
193 191
336 251
124 89
50 332
85 346
175 163
325 83
270 101
336 346
356 31
226 336
235 46
204 296
119 181
67 260
68 17
345 287
336 328
358 79
48 217
131 76
327 258
233 357
221 254
233 46
262 192
126 161
183 94
304 117
344 9
5 297
67 169
22 191
9 260
55 66
154 100
32 222
112 147
177 85
120 289
188 256
129 196
86 352
216 222
340 53
157 184
199 68
138 184
86 143
189 100
322 249
349 328
8 201
137 29
225 194
93 218
147 198
275 280
214 320
358 201
358 212
106 74
3 190
23 122
105 9
3 159
102 210
196 263
227 219
180 158
98 319
264 262
182 152
298 213
115 282
46 170
98 116
141 5
44 280
333 92
210 303
349 146
215 66
100 304
268 230
252 128
239 10
52 292
74 107
337 153
71 225
219 338
113 318
291 263
100 44
123 148
20 160
279 62
343 350
14 236
209 186
356 249
275 183
223 1
46 181
37 138
137 140
240 25
300 336
136 155
341 99
64 73
239 90
267 1
188 129
186 107
161 314
170 94
207 235
14 153
328 341
198 96
337 136
351 120
277 318
196 71
162 300
153 153
247 276
192 228
290 229
289 297
155 166
227 214
130 351
241 191
54 248
274 305
64 193
232 231
255 46
298 301
202 40
185 159
350 335
100 108
20 149
183 322
172 225
150 14
60 82
167 236
21 89
87 60
180 56
330 194
343 24
103 302
76 204
87 181
291 280
177 189
230 203
306 241
58 165
57 255
146 183
41 240
200 142
53 124
116 58
120 337
137 75
269 273
234 239
167 242
206 271
105 64
192 277
222 316
244 32
97 94
165 282
103 345
176 342
310 274
225 164
39 331
155 169
203 174
230 117
211 278
112 59
37 214
261 206
183 167
20 81
31 4
192 210
61 219
83 232
58 131
310 357
241 21
338 58
15 134
242 195
113 190
280 261
229 301
64 110
349 203
188 195
58 333
6 73
192 332
273 186
85 79
312 207
241 257
15 216
88 134
316 111
77 231
250 332
36 344
208 44
185 61
155 63
286 174
110 127
356 354
275 200
353 195
109 329
213 185
88 339
118 40
144 345
279 66
348 240
51 112
60 355
171 287
277 304
186 2
66 186
304 305
104 211
173 12
200 12
214 10
192 323
185 69
147 173
6 45
264 39
49 344
103 289
122 128
66 143
276 341
167 343
194 293
355 127
181 41
215 182
55 48
61 152
114 268
96 246
323 270
241 239
110 141
270 131
296 232
138 299
323 178
139 340
191 53
273 316
260 261
175 9
76 143
118 196
136 170
29 177
29 215
242 345
264 31
247 197
182 20
162 104
210 141
204 333
224 236
16 43
28 351
32 244
151 174
17 276
49 168
25 58
266 242
47 3
237 226
346 114
338 273
259 95
250 252
123 55
311 327
54 327
140 22
54 79
26 213
146 316
312 42
348 38
158 35
283 242
36 350
49 323
330 307
19 293
333 26
358 316
306 351
154 204
318 96
288 25
96 305
246 4
51 254
225 86
19 272
244 132
5 135
67 297
242 182
145 340
188 47
169 127
259 82
266 317
228 113
245 59
358 84
175 71
5 137
142 287
74 141
16 167
9 33
198 56
39 245
131 64
304 206
250 327
353 26
205 259
17 184
25 320
99 28
257 149
121 49
85 132
187 177
348 243
323 200
172 199
174 38
93 208
104 46
255 126
233 106
222 80
107 214
204 106
211 272
218 43
245 54
356 205
185 303
176 213
188 2
156 284
174 267
105 285
310 15
315 319
126 232
44 123
260 337
48 105
293 168
75 75
183 66
33 143
307 146
10 156
27 328
204 218
134 212
83 191
237 234
212 57
231 59
226 245
120 304
336 323
45 162
156 196
352 358
142 52
175 106
232 5
47 234
11 92
341 53
118 297
303 73
17 345
230 188
319 101
122 23
325 43
69 316
89 272
105 248
238 108
286 226
215 9
131 327
68 130
20 213
267 235
185 181
195 254
96 116
268 18
242 188
230 228
237 148
46 182
302 32
329 22
324 264
304 206
254 100
325 233
224 243
207 152
307 113
119 8
286 360
106 261
313 122
86 49
142 183
40 342
273 28
148 300
113 150
198 33
306 325
247 244
183 7
27 18
67 340
153 50
179 7
336 300
187 306
120 140
24 75
332 2
238 40
154 286
115 193
80 168
244 337
224 349
256 25
11 25
110 135
229 79
259 221
229 283
243 87
225 63
71 342
191 285
176 80
258 118
300 167
318 250
27 182
42 130
185 241
271 18
188 61
103 6
22 191
41 171
281 155
331 49
280 10
322 30
245 294
345 171
231 247
180 253
114 153
351 308
311 349
243 200
136 137
75 276
260 306
320 349
171 146
47 55
111 160
42 76
83 108
228 212
228 123
205 106
254 270
198 169
153 203
360 242
258 29
317 127
107 119
299 29
101 20
277 260
273 153
300 117
272 49
279 25
281 258
47 60
137 357
136 315
275 245
39 61
107 318
260 79
205 220
115 111
103 344
115 287
14 30
358 217
360 192
73 112
242 3
32 76
50 224
323 156
69 9
125 252
121 138
267 27
139 301
4 110
345 186
120 187
290 241
57 88
343 161
267 233
282 259
116 192
263 222
10 203
194 184
355 223
132 218
11 184
144 82
82 173
237 118
180 332
86 117
357 172
59 41
257 340
161 235
81 132
313 58
24 57
360 41
334 132
210 274
187 222
347 244
49 279
146 201
171 31
31 337
299 261
156 65
342 353
259 24
173 298
197 105
86 12
11 333
85 112
315 271
79 189
343 151
356 282
249 333
132 268
210 189
209 252
141 217
14 264
112 156
251 210
45 345
73 337
351 209
259 142
39 23
288 32
162 261
345 201
140 261
174 30
286 154
276 350
121 27
299 201
108 67
176 56
30 26
326 242
90 100
19 353
255 99
323 200
248 175
106 221
252 176
358 338
318 95
280 275
206 134
