360
12960
102 143
33 274
166 183
3 15
302 165
153 21
209 46
94 158
52 203
229 262
104 164
337 171
97 157
40 29
285 360
94 282
183 65
233 318
53 243
285 338
51 316
212 97
25 227
97 239
71 124
69 263
120 239
216 89
53 32
215 228
114 218
291 204
313 192
262 281
225 314
347 323
47 217
235 332
118 188
160 261
265 261
96 313
329 68
231 12
105 214
207 349
106 264
115 143
50 164
43 215
251 255
295 326
128 115
210 56
189 184
164 146
360 336
99 351
273 1
338 157
76 37
133 143
6 38
328 265
343 83
279 103
121 124
168 319
53 98
242 20
181 306
20 49
57 189
258 309
8 325
231 69
319 249
279 205
26 323
274 7
181 32
164 240
152 336
270 168
183 248
208 22
184 90
335 320
51 329
12 194
317 17
102 109
244 182
43 276
153 201
67 124
9 2
113 330
175 130
345 274
250 236
253 269
33 285
205 195
186 248
78 334
45 247
198 265
340 88
57 268
118 258
128 132
164 323
203 285
61 303
274 188
203 212
148 10
288 145
134 122
108 235
350 28
139 277
357 304
360 86
42 326
177 314
54 192
126 77
211 114
216 191
113 146
55 118
360 306
252 171
199 46
182 287
207 52
240 181
134 84
278 177
244 251
132 13
308 348
51 175
294 132
158 33
345 200
319 298
360 334
31 73
33 62
138 211
94 265
45 264
58 299
147 185
332 16
344 188
290 30
52 331
29 53
29 55
151 172
151 243
21 239
282 152
75 123
22 175
28 292
202 159
11 263
227 210
129 60
43 167
143 330
328 346
310 243
210 52
282 155
61 213
82 329
238 276
235 44
75 110
53 239
319 315
329 327
75 44
69 191
306 241
292 291
117 339
64 229
236 60
216 187
125 96
85 83
49 126
171 8
30 126
62 30
22 224
275 53
321 153
261 324
249 15
179 66
310 64
158 90
325 123
277 29
21 158
78 340
50 208
186 174
85 290
190 303
211 332
104 187
265 276
77 178
352 242
303 296
272 254
45 55
219 274
198 206
141 26
82 245
171 232
166 45
17 164
47 341
127 190
343 128
123 86
83 148
6 165
214 25
226 355
7 52
9 38
349 13
179 276
30 245
161 191
128 232
189 226
117 311
210 346
211 283
258 45
125 347
79 243
241 198
249 273
313 163
114 168
295 37
196 316
252 146
325 194
56 26
45 27
204 237
23 164
321 253
180 1
46 172
320 256
201 109
19 56
77 104
284 23
288 84
158 192
356 202
155 114
176 19
291 180
186 191
290 31
301 235
199 67
288 96
278 83
41 235
165 222
130 82
212 52
357 22
261 16
273 181
34 159
23 70
142 86
26 116
159 298
77 350
193 285
217 171
67 156
193 202
304 180
174 35
48 273
171 319
341 335
288 168
339 16
178 190
133 182
238 204
288 92
179 268
278 346
327 251
25 297
232 269
210 214
39 292
67 21
156 4
102 334
241 308
259 37
125 236
324 5
5 100
109 259
49 196
260 242
191 87
335 147
319 103
135 63
37 249
196 317
40 80
124 217
178 199
161 78
27 211
232 211
245 301
107 172
132 248
33 196
11 230
215 12
265 93
3 288
29 271
74 118
343 236
106 105
154 142
243 291
30 133
20 15
256 232
166 53
39 262
133 160
120 75
266 48
285 321
37 278
287 19
90 136
223 232
131 233
196 7
136 326
41 230
306 23
260 34
163 18
200 141
309 316
18 289
219 220
167 15
15 32
40 274
244 168
206 135
125 276
204 226
6 315
36 284
211 94
287 249
234 132
125 12
33 293
277 339
338 183
180 304
152 157
248 346
286 157
89 209
55 224
156 156
124 170
205 131
129 101
74 337
179 352
3 158
90 333
45 21
87 65
319 273
325 169
140 268
185 91
249 189
252 38
89 270
237 220
336 176
6 232
359 210
164 46
288 29
82 147
108 280
221 333
224 181
63 124
18 317
186 67
146 174
20 20
207 133
60 292
179 239
51 125
138 53
234 169
105 208
124 149
132 166
124 177
124 94
36 102
237 83
218 355
316 297
271 310
287 293
253 299
224 250
332 157
162 81
169 300
202 324
315 45
55 46
229 250
93 80
281 92
83 351
64 60
282 259
164 246
55 190
293 270
102 299
158 135
266 294
189 228
186 311
30 274
346 253
22 326
248 175
223 65
133 289
66 130
304 353
213 82
344 109
180 142
241 338
272 314
203 259
130 159
74 176
126 275
188 348
82 222
91 46
76 197
127 3
40 202
30 309
346 78
98 344
329 51
246 175
234 78
69 108
230 349
250 219
313 176
267 352
298 356
205 311
251 9
280 170
316 355
330 9
209 138
206 312
96 4
302 273
261 119
309 245
42 165
154 58
208 50
164 90
273 327
17 273
349 88
107 142
237 343
140 24
318 229
287 352
35 27
107 196
167 302
295 234
25 198
121 49
237 305
231 358
167 119
37 360
48 301
262 187
174 104
21 265
156 255
311 109
214 119
298 202
157 265
126 81
307 191
175 60
246 236
273 1
118 323
105 245
31 278
134 65
160 12
61 340
349 45
141 50
75 255
53 113
101 303
314 331
177 227
241 132
144 208
129 345
33 270
155 163
298 291
287 169
148 167
316 256
270 11
146 33
340 220
197 321
229 134
108 111
181 1
204 207
144 123
17 12
114 287
34 316
203 217
256 193
213 254
106 2
318 223
295 63
97 341
49 44
69 10
140 199
126 141
149 216
326 112
74 347
84 252
181 14
179 147
132 150
221 134
158 267
34 111
207 87
228 327
120 321
277 229
348 262
290 265
25 253
294 217
359 205
275 230
125 200
319 97
356 195
221 37
71 291
25 204
201 198
51 82
10 103
87 200
225 174
22 83
19 231
152 65
140 221
314 205
227 278
324 22
360 308
327 86
182 90
195 326
130 199
143 175
290 235
232 179
243 217
7 234
289 84
221 240
342 297
131 22
91 262
262 215
70 73
73 72
126 325
233 99
121 1
173 49
42 65
297 348
104 289
68 330
26 255
263 7
272 170
35 262
279 190
123 21
195 111
267 5
87 171
128 273
126 84
108 262
142 50
342 138
79 27
315 101
70 338
171 131
351 31
57 291
53 357
63 111
167 4
244 255
137 50
165 15
202 13
119 178
322 76
315 184
248 292
324 10
352 283
181 310
105 302
289 126
280 102
16 336
96 22
96 279
3 168
48 208
142 36
256 94
309 75
215 282
335 66
319 227
200 245
273 223
103 171
186 283
351 269
296 98
48 131
147 250
314 360
83 237
297 224
56 91
358 174
98 288
34 319
146 22
221 263
308 303
301 126
136 190
29 197
356 256
218 87
202 15
127 336
326 356
3 171
219 183
277 160
144 69
160 252
250 252
346 184
160 265
289 150
91 190
120 11
107 108
29 52
159 8
221 317
351 302
155 3
303 17
16 75
208 178
245 280
9 118
96 216
167 125
114 30
191 187
318 5
17 28
162 160
197 44
81 91
207 21
155 67
83 198
71 322
127 190
75 232
270 346
210 349
289 302
120 184
40 27
201 50
43 10
138 12
350 346
338 236
356 316
87 61
324 195
291 151
252 217
124 359
35 150
17 183
316 118
232 331
141 330
178 38
7 7
59 85
269 191
346 10
354 8
75 178
186 80
74 229
51 171
276 206
316 166
163 88
288 292
256 55
129 121
343 194
247 6
67 60
214 156
219 246
260 181
90 24
356 6
29 6
272 114
250 107
32 279
95 72
290 93
167 150
352 356
194 354
116 306
63 70
107 273
38 325
264 154
178 26
352 239
280 15
37 188
136 72
146 214
222 95
124 36
48 254
85 179
97 64
357 241
111 78
243 342
300 112
300 282
88 261
346 97
140 323
186 275
169 133
155 94
197 60
339 348
241 204
15 269
258 252
62 96
251 57
89 210
154 336
100 70
67 20
144 277
331 71
230 19
51 41
178 28
80 295
329 17
113 148
313 222
193 150
241 86
338 319
235 190
239 81
266 299
325 10
75 46
337 76
18 104
94 189
303 129
342 58
211 246
58 234
165 101
129 70
148 336
66 46
124 210
7 243
82 82
210 344
23 87
352 287
46 349
159 348
186 93
336 81
100 116
71 107
161 8
77 341
284 239
48 119
147 246
267 68
53 234
225 99
78 167
260 59
101 223
230 112
282 41
166 120
211 150
73 6
313 127
334 134
256 29
87 161
336 13
56 104
66 88
248 89
279 232
233 276
282 136
144 248
291 185
267 1
273 55
53 49
44 299
109 294
237 116
153 49
42 171
111 17
286 173
198 101
56 81
179 193
277 313
161 325
136 270
41 309
296 282
338 69
126 160
259 121
89 270
339 157
154 280
81 133
184 15
100 140
32 225
109 50
335 235
147 188
233 318
307 208
38 115
139 307
352 161
227 237
191 108
202 288
135 68
217 74
352 1
150 334
5 224
87 201
292 165
299 251
345 240
237 331
297 339
185 241
211 98
61 187
344 285
253 43
193 145
259 80
347 315
96 345
234 245
172 166
118 180
169 145
58 264
255 306
82 34
78 201
32 198
194 283
166 253
103 239
331 353
289 352
277 218
313 275
106 194
281 349
23 54
221 44
107 245
287 9
213 296
244 176
182 358
358 8
262 103
12 314
242 28
130 333
328 15
313 19
159 13
16 274
92 191
338 23
28 238
60 317
283 47
1 319
305 157
93 209
164 145
65 275
354 57
207 307
191 79
228 207
249 208
226 88
164 12
66 110
80 357
273 153
107 211
190 92
106 204
141 222
71 97
224 153
347 232
320 256
100 105
188 191
179 8
330 37
321 153
273 242
346 257
84 117
330 184
217 36
161 91
313 319
126 293
56 279
88 46
225 337
248 302
280 330
287 265
242 263
214 270
210 277
93 271
330 332
118 121
272 70
203 108
260 354
44 204
165 32
248 206
302 348
248 351
344 203
51 316
17 222
95 338
259 116
52 145
56 322
181 68
82 52
140 172
263 200
72 90
313 30
71 210
276 113
197 227
294 257
303 144
254 240
47 208
305 73
70 335
52 18
326 287
331 1
241 269
123 32
262 16
267 157
231 53
323 252
249 257
270 345
50 80
262 324
112 281
186 263
206 281
251 159
315 313
295 118
358 358
356 107
265 312
334 206
309 206
1 356
269 198
79 344
93 42
107 121
287 167
275 196
322 52
134 183
266 103
85 207
81 271
143 216
325 209
185 310
107 206
262 188
268 86
160 320
282 185
35 204
112 244
350 240
55 188
344 17
103 272
111 239
178 334
126 53
276 308
307 235
3 164
127 15
322 342
125 99
143 347
355 88
125 199
357 349
250 152
132 358
237 293
69 239
234 202
11 231
26 41
339 149
331 302
22 87
64 249
156 83
345 348
215 271
352 56
154 104
9 111
121 19
141 249
291 32
29 113
176 108
48 25
87 308
319 253
297 350
50 250
160 158
137 221
311 64
332 292
212 115
351 145
357 38
106 59
42 245
159 221
205 133
147 238
35 80
84 177
127 115
300 247
305 256
189 266
89 292
244 260
254 46
79 315
159 274
42 159
95 285
86 253
179 52
29 194
236 228
163 307
224 90
140 306
279 322
65 92
35 312
85 317
268 18
337 27
333 52
241 116
325 69
342 266
80 170
101 6
271 63
13 352
58 137
253 245
324 94
248 47
204 296
245 124
324 146
8 193
279 253
241 32
248 41
67 288
175 268
225 14
152 45
200 279
264 278
252 126
290 241
139 254
243 215
280 176
254 187
124 72
129 164
301 284
349 27
76 70
69 189
190 331
239 329
164 151
296 5
193 203
319 261
183 314
90 98
226 303
259 286
192 253
355 16
196 180
54 182
59 125
81 161
273 232
15 85
29 323
226 277
54 15
301 100
44 168
231 341
153 194
209 83
15 194
177 194
136 159
83 12
248 269
141 107
198 75
28 37
357 209
186 125
360 70
220 113
234 197
173 267
107 84
70 280
134 137
32 135
16 119
218 248
244 319
105 54
231 200
288 333
238 326
310 90
353 42
125 74
301 26
254 253
287 115
235 345
79 359
269 190
138 338
292 41
96 120
77 334
207 262
232 152
76 1
164 338
192 266
32 270
240 255
22 40
322 226
273 221
210 93
315 69
92 310
217 207
217 128
277 338
299 4
41 226
26 345
241 51
319 163
325 14
126 249
20 156
137 270
278 150
288 323
215 285
76 90
97 161
205 291
210 264
330 153
358 1
65 195
302 192
160 195
65 123
89 144
103 261
50 231
334 57
15 7
267 213
176 90
58 129
60 203
46 346
95 243
23 52
23 142
42 40
88 172
311 91
11 150
203 353
124 298
330 309
149 197
162 9
169 31
184 121
216 131
55 79
5 37
16 137
273 12
151 80
350 273
79 325
304 244
245 188
244 294
94 246
190 261
193 26
203 270
180 38
304 153
165 159
24 231
151 112
50 256
345 50
326 94
13 229
80 228
59 237
208 32
193 156
18 213
15 216
21 276
245 138
64 348
192 261
178 145
59 222
335 298
152 144
63 154
235 243
15 181
127 110
244 228
1 111
338 91
93 280
327 138
360 140
112 147
293 180
274 113
310 72
31 129
129 128
13 359
260 130
59 111
346 47
87 225
87 273
137 79
150 179
294 40
127 261
57 70
303 82
25 93
303 278
50 117
95 77
281 66
115 243
52 347
20 198
5 152
230 32
192 47
91 95
160 259
291 253
263 242
137 338
114 120
234 305
79 159
178 265
43 251
87 41
186 1
285 107
71 352
67 10
272 81
110 205
149 271
5 355
235 109
113 24
291 17
268 174
73 254
358 72
202 182
360 238
91 39
256 306
130 191
163 237
325 160
9 237
350 303
116 224
157 150
220 15
75 205
260 315
222 168
308 243
360 199
139 316
97 220
205 176
157 348
335 236
59 13
189 75
240 123
103 205
18 186
324 235
159 82
236 126
9 52
223 173
40 327
45 59
348 308
9 195
49 20
197 184
77 283
6 54
192 203
193 250
138 157
3 315
360 36
63 230
118 73
233 95
183 70
226 116
154 231
8 154
323 299
147 170
240 254
263 286
52 351
300 319
221 300
209 245
354 211
294 235
20 124
270 216
346 261
251 6
190 146
312 359
11 185
37 334
124 308
3 7
329 15
302 30
54 227
133 111
191 298
220 25
197 195
98 265
341 326
4 301
351 179
303 251
66 229
61 308
309 305
136 41
201 331
142 229
352 315
241 340
169 278
272 312
337 77
261 51
12 319
306 307
200 116
139 37
57 82
190 61
13 149
100 291
212 246
249 193
247 311
231 182
110 333
146 213
72 63
127 57
356 148
281 264
111 90
344 277
354 242
319 97
143 249
259 318
187 155
74 59
62 252
272 29
132 210
358 353
184 213
7 329
84 317
149 285
340 14
253 175
307 353
274 137
299 161
217 121
338 331
59 239
351 177
124 201
72 10
291 161
67 297
169 278
273 328
60 21
326 39
16 91
200 137
15 188
55 26
187 268
56 168
34 74
223 88
28 142
335 241
320 176
281 290
314 170
258 323
244 222
307 68
227 242
134 130
272 310
160 1
65 154
262 352
61 72
274 326
300 301
257 45
106 326
100 247
214 192
189 194
333 110
350 4
47 258
79 83
287 212
287 325
18 112
147 114
220 105
20 138
294 264
56 107
327 115
307 58
156 322
45 295
288 221
267 20
243 132
291 169
321 44
64 129
58 8
285 265
353 30
184 162
239 26
34 168
226 309
34 148
97 161
124 312
13 105
301 111
168 329
61 145
330 245
119 286
142 176
216 170
14 185
185 324
89 146
73 4
255 230
51 179
137 4
217 263
35 275
297 225
88 360
191 301
287 145
91 13
122 246
229 152
120 56
233 73
34 348
164 262
126 2
204 167
119 103
147 309
95 179
102 251
319 241
200 328
299 143
204 219
77 189
6 322
179 315
114 238
200 304
347 99
259 97
336 331
78 189
302 18
135 255
293 277
248 165
130 252
217 249
121 284
360 157
65 275
96 50
32 153
115 243
97 112
284 319
251 219
94 271
265 151
345 65
253 82
230 247
52 64
223 84
145 194
304 251
342 303
190 146
331 90
138 257
107 59
204 167
94 92
312 161
45 44
9 53
205 312
73 197
239 213
67 145
3 179
210 293
136 311
197 306
317 247
91 131
178 94
50 228
328 236
334 168
5 90
294 327
202 322
266 23
44 198
124 352
288 212
329 295
352 14
88 286
300 304
193 219
321 346
238 256
58 92
315 2
27 247
37 127
305 71
112 259
360 185
285 56
130 75
325 75
236 122
161 64
324 146
201 289
231 226
171 4
31 24
194 149
57 173
145 74
124 74
207 275
219 40
213 4
56 100
135 30
94 47
235 197
358 254
305 335
284 5
77 319
185 125
322 64
278 257
201 236
29 198
145 142
59 39
130 58
323 118
241 236
119 297
297 62
169 72
24 246
131 147
279 32
173 343
105 302
350 53
243 12
130 257
105 306
282 313
4 208
79 238
35 267
266 261
151 255
17 267
285 245
301 360
281 300
298 87
107 83
325 234
25 126
295 5
226 77
157 234
352 279
97 111
321 6
217 120
249 58
109 211
300 68
236 352
1 195
2 198
82 9
107 341
270 267
265 270
357 1
217 231
105 316
226 86
70 360
176 325
254 73
306 352
302 42
18 201
150 105
65 219
17 292
209 311
82 120
337 138
15 133
26 327
99 339
31 130
192 47
228 205
91 263
319 305
248 78
136 122
144 317
147 69
335 340
194 103
263 345
27 26
29 70
143 1
341 107
148 82
254 66
182 6
52 317
146 62
337 184
200 135
170 185
258 108
321 222
307 78
278 85
66 110
306 318
73 53
87 203
298 240
172 281
50 188
226 64
28 50
93 65
27 88
320 58
105 294
78 80
352 209
130 39
344 257
198 226
121 265
188 90
223 195
91 195
126 328
277 247
143 317
109 20
140 94
163 321
337 99
212 290
1 186
255 182
123 237
156 333
273 93
158 161
59 252
237 4
169 101
75 322
340 351
107 336
27 74
281 33
146 226
269 207
254 162
130 234
220 284
71 104
206 161
306 324
105 219
9 124
157 338
115 314
37 192
305 239
313 247
98 331
91 67
37 102
34 347
254 325
287 85
260 217
255 33
238 273
219 299
167 147
226 316
299 160
317 280
147 187
129 197
289 282
201 328
193 49
89 219
70 294
39 335
275 66
131 113
70 355
60 118
355 13
272 192
142 223
277 142
153 337
121 266
153 83
100 191
269 46
224 353
60 240
96 285
132 350
277 241
283 138
154 172
297 117
324 356
14 77
98 78
343 296
118 229
310 131
270 213
158 332
177 229
151 329
83 90
359 11
208 198
16 193
330 296
329 252
55 45
39 338
209 178
290 6
35 151
350 154
55 87
100 40
216 120
30 138
262 307
119 174
201 212
225 253
210 233
336 13
200 172
44 18
239 251
354 324
159 56
156 253
162 14
304 75
231 90
302 242
261 34
255 22
114 191
16 21
4 229
6 172
324 133
8 289
216 195
200 312
74 186
170 330
193 12
322 221
144 6
171 30
315 170
40 19
107 129
58 262
7 63
213 148
47 308
234 44
253 31
39 315
240 202
56 58
246 333
232 87
204 131
230 191
29 219
227 239
278 167
116 35
36 344
112 294
127 294
206 254
156 116
171 161
158 212
339 65
311 250
98 121
319 47
45 15
357 182
12 56
297 149
293 256
84 179
231 181
237 26
213 268
313 267
170 337
310 328
131 45
356 294
159 342
30 180
211 241
350 74
61 185
199 114
144 233
342 168
69 198
158 122
295 313
41 51
245 261
172 61
360 39
158 288
102 176
294 345
318 332
343 90
230 328
288 220
273 49
153 111
300 58
343 359
323 294
312 316
242 155
278 136
104 206
286 252
220 132
344 145
353 281
117 146
127 243
153 3
107 225
156 198
188 78
77 311
126 7
30 114
207 107
117 118
220 192
38 166
284 78
181 186
45 170
283 206
224 219
235 252
338 186
108 90
146 271
27 309
340 187
332 213
203 7
1 251
264 109
339 3
152 157
152 359
32 271
188 334
26 114
77 319
8 287
202 337
221 178
92 345
44 111
221 343
112 5
60 87
53 238
108 335
328 1
58 160
267 144
295 196
281 90
193 95
188 331
136 21
307 157
261 156
12 46
131 199
91 166
55 287
55 105
105 31
223 24
212 122
57 195
304 61
218 349
255 51
195 253
355 301
253 218
238 193
263 277
163 351
124 123
286 185
298 328
52 155
330 346
259 26
62 245
23 67
86 15
190 70
62 205
287 302
148 235
256 114
62 121
225 54
325 289
166 139
259 243
247 278
358 176
74 8
83 334
63 94
162 239
78 171
168 319
65 61
343 356
317 5
293 127
155 186
322 159
71 178
76 187
78 42
228 191
84 175
209 242
185 355
6 97
106 93
41 100
289 121
306 112
18 271
183 76
284 62
298 326
301 155
130 65
187 241
336 105
52 54
108 164
19 297
352 107
294 187
20 122
115 321
89 203
37 49
165 298
50 35
58 318
344 244
180 280
225 104
14 240
99 103
16 298
178 99
111 231
162 184
283 290
106 291
65 18
169 129
78 35
248 16
343 22
163 106
127 9
140 139
345 345
327 7
284 46
24 9
68 291
267 30
38 268
20 185
33 269
346 354
98 226
105 213
23 93
328 144
280 27
257 355
126 223
335 286
283 102
107 323
201 242
191 102
314 148
319 213
88 38
193 297
108 235
172 177
150 217
35 305
321 20
152 46
165 22
76 10
200 32
17 156
195 313
173 255
258 354
251 91
127 115
211 97
29 357
269 3
180 307
39 135
264 330
86 238
209 338
15 263
234 209
349 64
337 134
74 328
62 203
97 35
243 315
31 152
35 155
167 311
37 102
17 197
196 345
269 153
27 188
290 352
186 264
320 144
127 276
83 302
205 284
37 46
275 53
291 23
318 251
188 245
48 26
63 89
48 47
139 61
230 272
167 25
299 340
281 328
19 213
77 92
64 336
131 159
46 226
21 33
254 350
120 236
36 199
58 83
79 299
238 126
114 182
16 130
67 111
240 71
104 112
113 204
250 328
73 168
270 90
231 322
270 200
340 333
63 205
8 131
42 301
360 245
246 71
238 249
17 239
227 163
55 348
301 276
242 174
92 194
254 83
324 2
124 128
36 304
324 270
301 353
180 33
204 354
142 43
134 60
267 296
289 313
341 352
220 35
184 238
264 291
84 67
139 37
297 345
74 106
251 352
284 60
178 258
220 252
230 10
188 187
140 356
276 356
280 355
44 59
278 167
68 111
41 8
90 299
210 81
282 285
136 319
184 51
282 109
227 300
252 175
54 39
214 147
181 135
76 102
9 329
331 240
270 17
212 127
162 3
98 337
33 328
255 351
269 235
189 248
78 58
346 21
267 24
278 132
174 108
137 216
197 115
72 292
153 34
280 197
129 261
234 79
49 245
228 120
329 106
335 99
242 25
187 255
48 57
18 173
320 240
168 354
63 214
157 352
180 276
57 178
245 304
42 313
358 90
96 267
283 74
244 147
235 294
51 77
223 46
321 224
307 23
192 277
242 1
291 68
158 175
287 271
8 320
254 63
92 212
275 109
140 36
63 217
259 229
290 345
82 315
200 221
139 295
254 346
358 206
171 357
107 183
125 15
263 94
312 106
34 254
132 2
310 349
64 320
50 60
286 209
137 161
23 85
137 229
203 3
274 237
342 57
98 276
330 240
91 167
170 9
326 85
337 140
247 210
37 217
330 244
226 178
252 306
216 333
248 1
18 179
14 124
133 339
336 76
315 218
333 47
51 19
238 166
100 357
174 354
287 15
140 192
346 38
204 160
327 25
180 325
208 336
130 309
192 312
267 29
150 187
49 140
15 323
20 181
30 161
98 345
316 139
256 206
150 190
149 57
336 44
329 248
339 178
110 32
15 6
2 10
151 164
213 99
270 345
181 183
151 251
214 119
170 227
294 338
82 133
2 235
195 40
3 224
310 25
255 311
86 77
328 7
255 89
58 96
121 339
146 276
228 276
25 146
79 75
73 208
257 44
301 17
232 191
333 316
82 5
339 100
189 283
287 319
316 204
24 232
70 214
133 267
345 279
337 221
350 196
278 342
261 169
162 69
355 130
122 20
360 338
198 69
276 275
311 186
311 246
69 96
268 51
271 321
124 265
243 222
262 105
50 114
204 208
197 226
38 198
115 343
263 262
305 23
50 232
109 84
26 268
141 149
24 74
206 308
202 300
199 258
54 92
360 29
232 15
245 228
348 296
342 86
28 5
55 323
299 74
131 42
1 237
18 319
302 201
225 169
275 92
86 103
268 269
287 69
264 354
134 26
192 264
88 119
113 118
260 142
123 91
144 169
232 59
356 137
137 321
72 87
198 152
321 229
245 100
15 262
97 39
261 216
278 81
153 216
352 78
212 308
118 186
230 297
86 197
211 202
340 202
110 324
313 124
194 294
260 160
158 83
325 109
47 208
319 348
326 21
276 145
333 162
265 13
295 294
214 327
190 210
107 27
24 126
53 16
276 256
35 248
354 332
67 265
193 354
350 237
82 194
245 308
165 343
36 162
168 170
324 233
51 251
288 139
340 203
112 158
99 342
341 188
38 336
195 138
218 34
315 59
129 225
31 7
97 170
335 234
181 192
161 30
339 233
146 264
53 231
286 68
305 183
176 67
114 249
313 237
132 166
162 241
323 255
215 145
123 289
212 298
358 213
205 33
27 232
131 263
266 86
11 270
97 2
288 7
28 205
305 309
299 174
214 190
177 62
10 171
13 142
276 154
102 184
65 66
321 93
121 293
249 113
86 326
13 345
87 174
106 270
231 129
19 137
29 186
153 172
338 181
235 209
288 76
66 299
24 189
265 69
133 190
198 335
1 349
292 192
116 151
210 199
320 332
57 94
353 352
12 292
222 178
55 180
58 23
44 7
105 302
339 248
180 126
255 157
301 302
84 200
306 215
197 130
326 158
311 88
337 360
116 1
56 357
191 138
173 156
102 209
228 84
69 242
243 132
160 199
296 26
296 51
209 153
332 348
211 62
59 110
114 85
84 327
32 89
265 113
69 149
170 260
63 165
159 140
203 291
347 96
175 103
221 295
215 196
27 150
329 290
140 67
75 116
254 13
46 161
349 308
255 162
156 241
330 333
4 194
145 3
49 73
292 35
118 108
280 74
94 8
135 317
129 208
188 181
249 114
164 223
166 332
279 294
241 155
342 283
355 146
119 26
214 64
324 78
46 195
65 106
71 294
153 165
5 41
259 151
279 24
16 4
98 26
220 172
276 313
269 49
4 235
56 276
89 147
157 294
357 182
125 271
338 288
336 90
18 166
107 67
73 333
259 258
348 155
243 176
95 318
29 36
305 285
160 23
189 314
284 182
155 62
347 273
328 111
127 14
270 322
334 52
193 132
52 6
112 107
360 303
151 276
227 318
294 301
278 358
147 344
166 145
83 145
87 56
88 13
239 165
214 228
319 238
331 241
353 350
113 182
229 349
60 46
318 206
233 247
230 105
308 268
231 3
91 37
197 225
206 82
322 56
346 106
144 185
153 181
19 277
110 10
207 272
199 215
37 14
146 104
244 99
67 312
30 335
136 249
164 70
206 76
360 214
7 4
314 293
73 53
273 85
160 156
119 109
210 275
109 261
19 15
114 31
309 32
75 300
189 49
9 27
240 205
138 96
16 175
165 6
251 195
74 178
41 141
328 189
36 116
218 62
32 333
247 99
356 319
135 282
297 70
109 271
74 59
260 300
327 321
359 121
286 143
220 13
285 53
128 126
358 104
236 54
109 290
162 251
354 164
34 353
39 139
218 210
45 295
186 70
353 36
170 23
224 97
118 29
348 321
41 120
86 91
21 293
212 258
184 31
180 358
164 326
192 69
295 175
292 343
206 116
312 349
133 149
323 32
182 76
215 360
207 25
125 252
332 52
230 284
150 3
198 160
151 356
210 74
254 22
219 217
148 316
24 165
172 244
88 83
287 169
108 316
7 278
248 150
146 347
11 155
277 115
241 137
52 273
139 330
106 259
291 166
63 222
276 256
217 212
350 118
37 218
69 230
97 348
331 67
151 160
322 172
30 128
216 139
346 63
249 106
305 307
45 253
73 159
350 49
63 105
259 22
242 46
228 330
262 10
170 231
180 194
335 14
87 86
313 26
17 245
64 146
280 321
181 272
127 182
85 192
51 219
223 299
185 313
318 249
206 257
58 150
325 152
360 149
312 336
326 321
268 196
314 214
239 182
121 208
245 168
313 127
142 99
235 355
233 257
143 271
345 242
143 307
6 26
204 204
294 227
57 251
147 307
175 200
136 293
299 315
112 49
16 158
154 354
313 143
311 336
15 261
7 244
278 306
5 98
45 85
319 90
6 157
271 247
69 82
146 157
132 210
208 277
344 12
196 262
292 154
283 93
57 285
299 160
320 15
326 7
14 206
201 351
143 114
125 250
178 93
357 40
315 158
171 157
163 284
242 291
97 299
118 142
302 313
260 238
154 117
41 290
248 195
231 114
301 92
276 18
74 341
157 214
29 8
68 109
70 78
15 197
103 192
126 58
317 318
166 203
158 337
280 83
303 306
105 65
297 73
264 60
301 210
142 31
22 119
91 285
4 206
140 172
229 68
231 121
223 99
128 178
113 282
73 189
235 171
357 286
80 204
18 332
1 47
297 18
75 123
326 260
323 319
128 146
182 73
213 121
35 9
222 42
325 41
166 91
169 124
321 260
67 15
69 84
176 241
239 92
279 231
92 33
282 320
99 97
311 290
34 206
110 299
270 340
351 191
239 310
81 32
15 47
98 354
276 332
357 323
302 85
244 58
250 352
293 265
243 62
56 126
75 332
86 193
202 31
247 204
56 254
335 273
167 177
8 236
87 151
186 298
102 193
294 207
45 313
320 165
63 79
133 335
54 270
329 39
17 176
357 3
144 13
134 195
158 236
50 93
103 246
29 70
278 269
56 359
118 332
336 50
264 165
327 242
16 331
289 241
173 78
318 146
303 22
53 250
3 310
106 11
155 226
202 293
67 50
6 284
204 244
104 147
254 281
219 340
155 234
161 273
166 306
194 148
119 255
236 196
100 208
273 191
32 71
113 82
163 256
293 14
75 110
128 187
105 319
173 94
282 254
138 81
276 102
24 208
289 318
338 12
22 5
77 304
303 127
344 189
54 269
47 144
94 306
133 180
136 31
20 41
258 214
282 170
266 292
70 345
136 191
347 268
89 28
86 87
8 74
19 248
35 241
200 55
253 300
130 208
219 57
60 265
131 160
4 359
101 128
86 252
106 358
171 317
78 197
270 51
293 128
104 271
269 83
262 130
213 220
34 93
255 173
242 319
276 223
325 276
21 24
230 156
121 42
89 33
253 41
71 354
51 160
308 308
347 146
82 5
82 238
67 218
268 113
92 226
20 271
227 92
243 199
242 20
166 18
112 327
311 47
185 108
254 88
93 329
20 331
147 187
299 213
139 145
53 290
124 72
77 284
18 92
217 127
276 161
33 331
42 91
79 241
151 200
250 24
248 122
53 86
316 357
87 234
157 230
94 353
215 71
3 300
213 131
155 281
163 122
307 114
207 35
197 100
199 313
74 154
243 145
79 264
146 2
249 213
191 336
108 187
175 109
25 329
39 197
299 212
357 199
234 220
256 307
40 33
81 7
304 105
176 222
8 268
35 302
29 5
206 26
50 195
86 1
229 175
357 36
259 327
26 304
292 222
45 148
111 34
31 332
178 72
286 341
222 73
276 45
91 36
209 99
77 24
223 278
115 101
252 262
69 289
260 75
157 332
327 205
237 94
123 322
165 44
152 277
121 60
352 9
149 278
163 48
120 106
251 241
104 37
152 159
119 224
248 274
141 115
224 14
231 54
260 184
58 232
238 192
237 193
56 357
7 119
239 80
277 339
277 93
100 290
174 164
11 151
171 216
207 266
228 96
26 100
176 55
3 59
296 311
177 8
47 216
23 352
230 57
70 295
104 71
229 185
47 106
51 22
326 230
209 249
93 177
188 31
295 96
286 7
356 258
94 124
115 201
81 322
63 192
264 343
224 349
198 352
141 123
125 19
199 113
192 217
76 343
337 150
256 134
123 81
359 306
1 308
96 284
184 326
271 133
324 326
105 167
357 263
182 303
178 342
238 283
93 54
240 202
111 276
97 172
194 225
277 119
190 190
186 27
260 13
358 280
31 255
292 262
76 143
149 116
76 339
217 196
299 271
255 192
277 229
159 336
269 201
121 95
219 120
215 38
255 214
43 297
121 116
232 157
321 233
255 78
231 345
341 91
288 235
338 269
43 124
171 50
225 26
170 210
168 25
22 75
14 145
292 137
283 229
13 120
240 317
288 235
327 66
83 63
119 68
88 17
187 18
319 66
345 256
97 164
14 292
130 27
174 181
183 223
78 216
56 321
238 273
121 25
155 176
170 118
254 174
344 215
218 341
130 196
251 153
84 159
159 355
339 123
26 64
136 308
318 278
58 277
232 21
78 228
160 30
256 334
281 151
155 18
66 273
220 185
63 43
317 86
204 185
143 140
98 251
152 268
264 347
175 274
68 183
324 215
272 359
274 299
290 199
214 354
331 228
11 78
295 75
38 3
77 19
15 345
217 109
69 47
178 289
358 50
289 169
256 358
143 84
212 11
17 77
6 194
270 128
28 48
343 257
140 100
83 92
19 127
241 63
275 52
99 321
84 124
134 353
151 288
78 209
59 156
299 267
145 13
289 315
35 118
62 77
153 159
319 106
257 258
50 308
82 126
314 87
215 150
295 30
299 178
269 124
186 195
248 260
136 345
201 194
63 307
171 65
110 193
192 111
280 193
179 2
126 300
323 212
348 28
286 32
167 197
39 75
203 325
324 95
176 196
303 244
140 198
248 75
208 146
62 166
349 235
173 94
149 35
353 161
328 351
244 44
178 257
351 246
141 358
118 161
90 297
294 239
237 194
209 269
154 289
351 186
305 94
108 157
224 352
4 66
239 323
157 330
93 75
117 87
351 35
146 143
289 237
61 277
302 298
110 336
336 158
182 82
127 53
213 1
205 344
7 349
1 83
109 118
119 110
172 292
200 293
251 202
219 295
51 1
204 123
152 328
41 30
308 147
185 22
152 167
144 63
178 88
350 305
267 20
176 22
119 125
139 212
299 284
226 272
143 115
229 138
261 244
302 23
98 248
302 34
209 28
34 294
321 57
120 211
167 301
33 188
218 346
175 17
139 334
287 19
261 35
155 195
317 319
131 251
98 209
288 262
259 203
182 41
298 120
213 302
330 125
265 143
26 261
224 357
327 174
24 331
145 241
313 123
6 32
35 39
148 292
228 3
322 144
153 4
328 59
317 20
173 322
329 57
159 351
146 119
6 343
308 322
86 274
292 308
73 161
32 80
274 52
222 270
110 347
351 81
140 190
274 158
308 323
92 44
156 167
282 185
181 14
333 215
92 132
243 265
73 160
177 346
224 77
345 122
316 293
219 270
299 343
281 15
327 221
13 330
150 143
295 294
175 255
237 63
61 13
45 171
287 123
96 95
173 175
275 126
34 284
290 294
140 56
110 9
203 12
323 73
313 11
39 320
322 18
33 93
125 343
115 124
89 221
32 242
153 76
110 191
185 91
49 50
213 80
225 281
152 134
143 56
104 357
30 124
170 28
204 86
194 315
96 28
225 246
17 87
171 132
85 18
313 31
13 279
60 303
137 83
49 228
40 194
55 135
192 299
253 192
28 285
246 304
129 184
129 169
115 99
316 91
259 262
359 213
166 236
207 323
329 128
296 163
14 331
289 180
142 73
334 82
286 265
170 93
320 100
166 140
189 91
265 326
232 242
281 333
16 125
35 285
202 149
168 76
19 176
93 22
174 343
25 292
116 84
281 104
268 151
279 326
259 327
141 183
46 10
161 70
62 198
197 194
283 159
62 325
274 85
95 119
93 323
90 161
167 12
246 332
356 164
175 104
73 225
296 327
129 19
219 318
124 73
223 14
291 29
124 254
336 188
185 159
96 6
295 255
4 144
31 291
239 54
170 95
351 316
227 193
327 44
68 201
224 112
182 178
320 5
90 13
290 262
58 255
242 23
115 332
45 9
51 265
81 307
144 19
173 158
261 111
107 329
200 133
63 324
149 14
232 231
148 120
116 163
261 85
120 349
128 140
224 332
342 104
251 336
139 321
359 354
105 71
304 52
81 248
40 324
96 241
102 213
30 107
86 227
355 49
52 107
119 265
308 241
223 177
340 7
310 293
53 341
302 105
103 234
55 89
87 292
331 234
14 296
347 40
249 281
80 145
296 205
237 209
154 241
180 172
152 133
165 249
20 48
357 131
159 185
21 252
29 176
32 179
171 197
83 282
191 87
10 351
40 318
58 317
318 200
51 74
187 260
196 357
235 327
306 287
226 71
89 104
318 150
148 195
259 256
192 256
46 228
151 99
277 120
241 176
25 14
320 314
32 271
72 299
69 5
137 128
42 333
152 155
134 227
248 315
101 164
131 345
65 74
163 89
46 8
290 142
164 130
92 152
250 183
91 157
335 236
29 37
130 82
75 128
87 15
138 294
111 94
71 109
302 352
86 11
39 79
253 128
137 194
321 74
244 59
264 191
100 191
260 120
275 129
43 345
145 130
247 158
139 27
29 312
176 1
173 82
4 195
40 44
350 140
49 214
214 243
148 72
41 280
86 303
273 201
359 146
140 356
227 161
112 10
98 283
45 300
147 96
159 358
294 71
22 213
129 285
254 245
257 332
137 221
335 255
238 225
257 102
275 263
16 160
301 309
69 169
178 207
242 172
102 104
278 266
36 247
21 118
215 296
283 106
199 239
59 71
145 167
93 116
348 115
264 357
6 191
131 198
310 270
268 83
25 50
18 77
25 342
360 175
257 175
34 14
336 206
101 5
240 284
250 274
28 353
168 265
174 63
329 21
289 68
285 241
307 118
326 205
104 273
195 262
338 252
294 29
88 91
55 166
79 240
291 292
332 203
191 182
324 217
122 254
242 53
132 34
289 183
354 137
125 47
244 142
224 266
95 300
209 318
196 65
210 180
200 281
156 119
346 346
194 238
235 336
194 176
227 307
278 225
86 48
157 5
214 270
144 119
203 151
64 339
168 227
72 73
31 23
232 259
182 126
332 188
171 166
243 228
36 344
34 345
327 140
225 42
25 177
34 173
277 33
178 181
99 7
109 301
122 133
62 265
74 278
148 182
128 169
175 173
289 286
86 23
106 256
202 284
333 45
339 68
14 322
125 285
8 136
312 310
58 345
1 225
91 138
299 199
349 337
302 264
345 6
330 36
306 263
71 15
30 245
338 325
290 129
214 137
231 308
339 240
264 288
21 305
41 246
211 167
352 113
171 155
214 290
86 325
292 143
358 317
326 268
127 99
117 52
188 163
208 41
198 193
284 269
254 63
253 128
307 274
21 307
260 97
3 337
80 30
261 117
319 159
260 37
125 199
44 281
114 78
125 86
191 257
6 69
192 111
190 242
343 127
27 328
39 67
181 328
126 253
322 24
190 199
307 279
251 146
146 242
344 330
171 216
319 338
186 194
284 67
15 295
120 172
135 245
294 146
85 147
152 261
142 61
48 226
10 186
334 144
300 219
253 56
237 84
233 325
67 302
189 189
149 194
325 14
341 302
211 338
30 50
218 119
99 12
52 14
82 94
236 314
281 201
234 124
260 211
153 118
149 55
318 124
261 157
352 245
134 97
43 36
239 341
269 201
350 156
313 48
218 176
177 353
19 242
35 174
28 156
47 262
115 298
201 149
241 155
319 172
275 330
353 256
360 67
352 206
83 91
317 8
137 252
61 9
112 15
198 284
130 243
309 224
95 153
287 34
355 21
257 216
92 321
270 88
35 285
250 1
322 28
252 222
319 294
275 192
300 42
120 35
168 225
106 216
56 85
202 219
180 159
256 235
313 360
81 326
316 26
38 122
304 164
181 95
6 107
326 89
170 62
154 120
93 71
127 221
293 253
345 50
208 132
154 210
211 89
77 274
265 347
71 233
7 182
275 94
49 21
16 44
358 42
197 305
256 49
58 227
116 284
317 340
279 10
31 176
62 307
95 234
26 220
353 6
224 281
42 223
112 265
221 98
265 146
84 53
253 269
181 320
152 124
44 1
222 340
240 110
154 173
351 233
298 297
225 263
77 209
294 204
103 353
139 323
296 251
355 228
265 177
339 287
341 336
281 268
157 332
249 173
80 193
216 235
260 249
244 141
279 83
106 114
353 39
217 67
317 21
232 86
13 296
85 315
164 105
211 301
353 120
292 27
355 318
286 266
173 246
234 286
74 141
137 154
175 15
112 297
170 11
50 20
39 293
129 331
88 289
62 281
328 348
206 99
102 163
213 95
248 127
207 317
29 280
181 1
16 260
255 352
137 227
338 318
347 112
334 292
4 290
1 298
259 233
275 11
162 343
49 310
77 234
117 144
43 142
315 289
322 56
203 94
208 28
328 89
96 182
167 172
12 42
84 10
144 122
257 138
10 9
290 265
50 298
295 281
276 325
202 189
239 164
322 155
98 272
214 115
223 360
221 63
271 192
156 230
252 345
114 245
46 97
2 185
83 130
297 295
114 202
249 52
309 166
314 268
261 304
171 174
214 134
305 340
254 244
215 303
224 105
360 162
346 220
50 151
249 180
119 114
17 58
98 1
181 185
285 132
203 292
23 234
359 309
238 146
232 228
111 79
75 178
234 100
6 191
275 285
111 131
322 315
190 66
66 303
236 136
41 222
127 225
24 341
316 335
114 131
254 303
5 249
257 48
236 21
140 64
102 40
103 305
118 236
64 360
84 312
23 303
306 216
35 235
234 318
295 47
209 321
94 4
301 250
38 55
163 248
12 357
243 79
268 244
245 177
312 217
95 46
168 323
245 151
169 86
93 197
142 213
190 31
204 12
6 330
218 31
130 264
291 131
156 339
185 69
105 228
228 287
301 202
64 288
67 232
13 154
98 300
360 252
180 14
162 93
302 213
327 354
21 250
135 326
98 60
286 15
170 186
104 80
123 360
64 275
359 36
206 103
197 107
358 81
14 120
300 116
353 6
329 262
276 283
320 176
110 297
232 153
109 163
27 103
336 218
294 152
53 240
108 134
166 165
297 287
111 92
254 30
37 180
107 87
5 192
296 80
86 359
323 148
127 288
278 165
141 277
141 228
298 244
176 176
321 351
185 270
25 298
106 350
346 342
73 166
89 15
249 14
162 355
15 56
219 277
154 35
172 130
312 56
213 107
17 15
221 31
69 241
6 225
57 98
264 151
51 218
288 98
97 210
247 335
261 302
62 86
191 204
89 18
227 135
116 214
60 37
171 318
151 8
291 144
176 221
108 335
297 174
144 191
24 85
217 289
324 360
144 152
247 188
137 123
74 114
292 327
306 82
257 10
14 103
270 37
350 187
312 238
106 168
90 70
108 112
296 152
214 296
80 87
346 258
77 73
255 254
23 201
104 360
94 186
3 241
169 102
136 344
184 179
20 330
11 24
31 133
338 28
323 227
218 82
103 19
275 354
133 313
115 311
102 161
285 200
73 13
241 28
273 92
63 76
26 300
23 115
226 237
169 100
176 157
208 276
242 166
196 317
307 162
110 288
90 321
10 236
160 119
133 325
48 265
309 105
115 151
107 354
250 172
16 285
309 76
240 92
51 270
104 259
201 171
103 186
103 236
353 129
79 16
322 148
140 162
256 156
271 255
330 262
183 256
333 83
86 2
293 276
304 18
297 188
279 98
8 17
253 167
323 21
218 146
121 132
131 347
288 13
279 174
164 281
327 314
68 203
208 312
13 250
190 138
210 8
13 68
66 120
298 168
166 278
31 299
359 255
326 201
79 253
132 350
63 157
43 127
208 92
25 315
63 309
38 37
276 109
136 18
113 289
2 163
112 309
26 214
247 133
148 154
27 212
312 321
225 30
103 16
117 206
257 148
145 323
151 160
100 85
317 324
171 314
126 294
57 220
53 147
51 102
174 193
120 203
39 266
159 117
86 116
273 356
261 9
172 128
132 301
176 126
313 31
219 173
10 124
316 126
91 138
310 318
144 276
296 288
240 6
137 133
275 126
355 237
115 263
277 6
86 30
297 89
328 193
357 247
83 63
209 100
265 54
320 137
261 4
162 18
218 108
334 308
224 93
120 225
162 15
43 74
125 261
215 302
52 349
96 219
92 267
220 205
306 24
14 122
182 255
74 341
302 253
44 212
41 214
259 114
92 11
56 157
320 156
25 178
164 121
255 213
73 43
239 260
31 128
19 336
97 216
206 283
149 156
252 345
285 318
287 144
51 112
146 145
117 322
218 124
131 25
199 185
288 262
64 311
15 251
118 108
215 359
65 9
109 238
88 140
277 49
233 269
250 40
199 283
54 275
44 303
275 335
312 11
154 197
135 80
312 209
76 50
97 33
90 137
169 30
321 326
197 19
198 279
343 270
247 192
140 65
133 89
122 218
191 80
329 66
108 306
182 348
197 203
222 171
151 22
166 83
18 212
57 332
327 118
229 325
169 173
212 293
228 183
235 291
10 247
61 167
222 60
311 196
252 216
331 26
212 41
160 18
149 36
266 221
107 347
242 32
53 318
260 229
173 246
76 197
229 189
279 11
54 324
257 335
136 285
216 297
192 87
77 101
340 135
40 336
251 58
87 15
350 323
232 150
206 232
135 31
116 296
159 13
327 326
81 63
310 49
304 279
164 131
257 104
229 15
136 284
242 301
271 47
353 74
204 219
283 359
157 181
227 264
262 85
13 100
155 280
360 267
180 312
331 57
109 17
331 1
182 304
213 282
178 225
356 304
10 268
3 191
2 42
354 349
336 71
282 52
236 70
5 145
304 212
81 166
336 300
28 256
255 197
164 80
52 245
188 203
103 101
221 260
258 47
343 54
240 155
349 17
349 176
258 170
127 270
61 164
310 218
5 157
76 27
150 132
110 272
84 117
36 117
218 215
173 216
199 268
40 137
276 216
181 303
69 259
132 222
161 205
256 135
58 10
258 195
62 301
239 340
24 206
31 88
205 185
135 276
134 286
185 83
277 249
229 174
314 344
326 269
284 22
148 360
19 309
211 137
139 301
41 124
344 72
206 22
236 80
256 249
221 322
35 211
215 27
90 214
283 269
301 37
173 134
221 277
257 61
301 317
52 125
71 75
193 307
128 17
173 339
78 146
20 104
61 245
257 207
142 64
229 142
72 342
150 130
248 68
202 316
104 270
282 15
10 185
133 5
201 183
118 318
264 312
216 352
343 349
332 55
166 337
191 333
286 169
202 255
315 198
231 196
3 246
351 253
221 308
176 317
307 183
98 299
342 199
88 142
86 151
224 352
163 94
149 1
13 237
103 239
135 94
306 161
245 197
141 6
323 153
202 233
287 336
59 289
29 352
63 40
38 18
290 171
49 11
171 242
40 153
35 79
64 288
125 40
324 138
165 68
204 326
44 1
241 324
26 142
141 216
300 234
54 211
158 251
152 327
250 144
182 254
311 65
185 33
34 227
186 5
75 121
277 84
21 234
181 19
222 79
98 10
347 209
193 227
222 250
268 232
42 45
159 73
243 212
111 85
134 191
309 202
142 333
308 360
261 339
101 61
136 136
262 14
39 94
82 132
64 37
320 18
140 210
322 23
10 254
268 92
9 286
100 216
228 191
159 29
119 115
214 71
173 204
55 348
1 33
65 136
278 312
91 348
306 66
25 262
175 213
218 14
257 137
266 303
141 209
183 351
220 134
111 352
210 25
47 333
72 148
175 186
280 228
5 230
148 87
125 278
27 319
114 108
148 203
133 122
303 111
57 254
280 190
341 242
260 161
9 265
99 339
151 202
285 261
355 46
68 127
315 58
351 276
149 285
156 63
121 253
298 131
116 303
126 6
277 217
15 269
196 158
70 253
155 59
60 13
192 121
24 95
199 229
332 4
142 218
77 194
60 160
254 189
142 124
188 299
228 228
149 92
6 120
357 160
127 189
207 198
162 195
302 159
239 206
216 212
283 300
77 250
216 141
204 260
350 292
102 318
129 156
50 245
29 185
25 198
270 206
222 277
219 132
53 268
64 290
5 65
12 119
107 281
256 71
252 297
157 17
267 8
86 62
145 66
42 142
206 232
328 264
117 178
198 251
182 171
319 187
8 23
139 197
3 3
15 33
7 288
183 89
69 155
135 313
320 260
231 302
51 165
216 248
175 328
167 308
82 74
288 352
209 77
217 231
137 245
75 139
230 180
20 68
338 200
334 302
94 48
228 337
180 74
103 115
271 348
83 304
128 204
183 62
244 125
288 190
358 197
133 239
146 56
299 174
194 71
342 338
36 291
177 24
168 193
67 209
339 41
99 268
193 99
11 102
324 171
92 179
152 1
177 333
204 63
26 81
348 70
230 347
208 338
232 225
178 218
178 50
185 2
104 54
191 354
159 150
232 60
127 172
138 235
106 29
261 171
284 243
183 222
164 244
235 178
279 67
281 243
356 324
29 86
199 137
356 138
170 24
178 116
228 135
327 85
6 213
130 12
73 332
289 3
339 18
114 136
10 47
272 201
236 194
202 235
117 7
212 144
352 235
299 239
312 284
345 227
249 250
263 342
359 112
59 139
254 118
148 21
84 129
328 326
244 200
90 349
346 299
235 346
242 346
37 134
142 92
11 280
2 172
275 71
237 206
309 208
301 113
358 81
79 291
185 57
162 313
321 134
25 46
289 155
75 340
138 51
67 210
161 29
97 307
217 15
70 178
353 45
62 204
12 94
117 330
207 159
132 227
101 264
252 65
129 336
157 279
27 69
96 300
261 109
66 14
35 230
142 98
161 33
105 342
287 60
251 320
199 298
232 4
209 216
122 30
247 359
98 303
330 287
61 175
101 342
109 51
42 214
238 148
120 102
329 84
78 322
302 164
39 309
187 333
247 50
204 343
22 144
68 298
188 348
268 213
4 187
266 206
281 318
19 104
88 28
250 194
147 237
253 258
84 204
190 214
275 282
103 123
183 328
10 329
1 234
225 37
86 165
10 246
36 48
82 239
71 227
293 47
47 240
110 291
209 210
331 290
150 358
347 56
26 202
357 7
321 269
274 202
248 13
206 31
113 304
237 47
173 347
295 307
150 228
83 258
60 97
261 74
166 121
203 212
81 170
206 293
178 25
321 304
192 6
5 245
149 100
311 349
105 356
30 298
307 283
255 15
43 139
81 181
19 218
185 230
154 162
57 286
285 316
11 21
26 7
172 230
342 171
247 327
261 38
321 56
106 140
94 232
259 28
257 178
249 322
59 152
250 317
90 149
131 244
329 68
215 104
160 259
328 22
236 167
2 167
6 84
37 73
71 198
79 194
217 202
117 214
347 51
73 231
265 114
80 207
128 293
113 134
31 62
130 341
38 284
109 177
294 358
326 250
158 282
126 63
173 15
187 69
86 47
66 159
209 245
200 36
115 34
117 4
204 183
230 296
171 279
44 36
171 57
100 141
239 82
89 322
34 210
93 79
326 161
171 180
352 284
135 100
294 13
222 285
191 306
300 61
265 147
256 159
262 329
90 76
65 131
298 207
206 161
26 151
171 129
297 206
337 182
49 153
331 139
3 330
295 242
83 41
275 252
74 23
292 80
269 195
41 204
84 182
172 224
228 226
165 143
355 250
262 183
152 236
47 14
190 160
77 157
248 88
297 242
8 87
51 270
192 341
35 209
207 16
237 131
319 297
121 194
266 286
263 234
270 55
42 7
267 315
77 213
198 82
88 315
159 144
29 358
319 336
172 121
309 205
90 39
28 226
267 145
140 354
101 104
47 70
7 299
219 85
81 204
322 265
169 123
322 135
350 88
62 101
243 349
280 88
295 74
128 162
107 336
251 53
205 267
246 40
262 11
360 108
36 173
277 338
77 156
18 299
20 238
65 108
253 130
358 276
199 20
175 117
167 232
78 200
348 323
316 2
125 238
312 55
233 50
115 191
41 212
291 306
225 243
52 336
249 279
27 158
64 150
98 14
285 200
37 144
340 235
232 159
257 261
10 287
206 33
207 259
242 130
359 277
53 111
63 235
149 235
292 297
358 7
208 144
298 302
57 232
161 204
310 337
4 272
255 220
96 287
137 227
6 227
69 83
351 69
313 194
254 145
23 152
154 118
234 294
130 223
161 200
17 165
177 146
132 285
270 216
178 326
200 119
125 227
14 264
262 352
144 115
209 295
82 126
72 71
356 326
309 120
66 220
148 153
240 194
129 67
227 75
172 359
306 283
273 238
353 263
294 256
271 353
145 344
5 112
5 206
6 213
248 67
121 80
350 91
358 301
116 24
355 153
80 17
60 336
204 310
97 348
348 99
264 154
112 170
121 284
348 275
190 269
158 347
244 78
170 245
323 160
125 272
165 187
99 126
290 164
175 280
31 165
69 115
177 87
119 192
289 328
24 110
234 15
221 308
139 143
258 47
35 289
234 84
203 17
198 345
127 359
233 272
45 276
109 265
151 302
92 101
222 102
28 234
95 9
111 305
204 187
174 120
227 278
218 90
173 287
91 295
161 161
278 135
251 101
221 69
48 245
325 66
149 272
308 80
279 94
133 314
254 30
306 23
301 45
15 108
132 297
293 350
246 141
18 286
133 281
185 239
176 110
298 161
218 290
108 47
183 15
31 32
344 73
37 5
358 99
74 46
216 35
84 50
132 147
119 233
69 357
178 70
217 30
265 321
77 46
278 359
313 44
276 185
116 31
299 266
163 268
73 279
308 237
13 196
178 50
217 312
230 63
73 100
28 84
141 30
225 256
46 45
217 214
74 24
110 26
35 199
295 70
35 349
324 272
23 203
33 43
278 165
183 284
266 282
77 269
211 270
308 140
214 331
72 307
220 31
140 81
49 328
260 11
152 337
75 93
319 240
308 178
42 53
243 321
234 265
285 194
95 229
276 100
214 204
152 206
137 327
108 68
115 141
78 353
327 33
273 96
83 339
226 353
4 276
24 275
28 23
72 113
255 323
107 13
268 187
244 166
358 9
126 44
180 313
159 310
36 320
7 112
266 2
259 240
29 297
123 30
215 78
150 351
211 337
338 341
24 80
305 238
250 229
183 89
163 96
287 211
31 232
49 235
349 174
115 25
317 103
104 307
345 176
260 257
307 57
260 206
213 245
240 190
144 109
175 151
178 165
175 203
253 308
264 173
194 106
41 174
233 207
330 306
128 50
162 292
346 312
111 289
15 6
148 229
265 24
321 317
70 77
8 65
282 48
268 162
96 96
163 213
331 94
88 187
344 153
267 38
193 98
303 233
97 80
356 269
126 288
236 272
216 111
193 346
28 33
221 189
89 32
158 61
357 123
287 154
299 3
157 138
179 130
311 30
6 28
344 163
162 226
198 84
201 146
37 30
38 235
253 54
334 140
238 83
118 149
6 9
22 229
193 266
251 315
188 225
246 57
268 355
181 42
27 255
86 275
125 156
314 198
88 192
4 118
251 206
3 304
170 76
296 351
288 59
246 41
9 159
118 141
155 133
54 120
139 68
115 234
303 187
42 203
1 63
327 316
45 290
263 231
182 328
33 236
184 62
153 294
20 296
346 47
19 274
239 117
214 340
199 109
243 342
142 16
249 301
327 286
42 64
160 114
64 286
116 317
303 323
124 200
170 36
244 63
246 214
341 80
357 36
244 60
81 91
311 117
245 142
268 175
105 213
334 264
334 335
84 126
90 332
74 323
197 41
273 166
156 218
127 244
184 271
130 122
286 334
142 156
268 339
58 45
136 117
43 29
127 298
38 275
314 251
253 54
124 113
226 111
350 96
97 137
346 219
163 346
247 353
360 50
266 124
27 45
149 98
155 258
16 33
166 154
40 289
173 71
305 309
290 249
241 291
247 209
333 9
246 45
137 351
55 77
182 277
116 282
350 18
94 8
330 319
74 282
318 292
37 124
269 321
147 9
181 200
180 96
136 195
193 187
93 325
229 305
275 357
16 278
155 103
279 301
195 209
67 301
350 238
175 96
272 20
13 227
144 90
188 74
245 250
358 358
92 163
62 192
6 264
216 256
245 340
311 194
344 137
289 189
326 253
236 175
308 211
119 48
4 342
92 28
267 160
36 335
335 297
299 333
352 147
149 131
84 51
315 341
188 281
26 136
295 241
326 122
58 350
147 123
8 356
143 330
267 235
253 299
200 272
20 348
239 80
24 330
232 198
38 12
254 285
138 354
48 309
272 309
176 312
333 290
240 281
26 64
354 161
13 198
152 306
167 4
169 319
280 132
302 304
353 6
97 353
336 181
171 106
350 110
325 209
114 179
189 233
273 23
253 53
233 76
225 79
22 162
81 102
299 359
105 281
308 263
52 86
313 280
227 87
217 135
72 193
171 30
77 58
206 272
231 219
4 228
350 105
147 105
166 60
272 317
229 237
265 133
133 338
290 144
208 292
304 166
64 356
266 88
348 291
317 7
345 346
316 73
235 214
212 180
90 51
195 126
353 37
140 147
347 184
249 93
60 287
150 51
34 236
268 139
19 110
131 170
159 224
188 336
236 320
193 38
106 347
358 220
280 201
275 23
274 149
131 87
100 289
296 307
149 26
54 218
194 6
139 138
225 143
287 310
159 252
208 311
159 252
52 248
42 22
332 186
177 301
67 241
241 183
126 99
344 210
42 100
135 233
290 294
168 119
311 67
79 71
112 306
138 18
265 111
283 279
112 104
258 317
282 162
352 184
297 111
314 229
6 142
32 8
248 236
334 244
347 198
306 346
251 225
296 244
288 61
261 136
251 254
133 95
109 260
134 83
2 30
295 298
334 306
309 105
110 5
319 74
26 47
320 200
98 90
160 40
209 121
196 325
247 71
17 340
325 99
213 288
121 349
294 36
136 221
155 243
4 12
79 239
244 34
87 285
1 251
55 27
229 304
253 182
159 348
143 166
337 245
127 305
7 51
200 212
78 314
50 53
187 245
241 152
315 17
227 109
25 49
317 190
318 336
12 350
92 297
347 166
259 238
310 142
272 226
180 124
233 14
26 338
22 74
262 126
308 328
224 184
77 108
181 346
282 268
250 178
253 165
247 173
325 107
158 329
205 244
116 288
62 283
36 139
37 38
200 312
38 300
1 163
357 30
197 236
225 127
172 346
23 157
327 248
282 304
125 257
194 212
310 335
331 119
55 221
281 329
286 159
23 89
287 40
33 265
300 53
221 188
71 256
109 133
309 319
107 191
243 264
260 264
81 200
109 76
210 31
256 1
342 81
299 287
47 97
24 305
29 323
283 141
79 239
324 99
45 331
248 223
23 215
126 341
211 24
158 44
191 171
49 139
157 316
150 52
319 347
301 102
317 282
318 204
348 109
257 54
172 296
350 169
83 285
326 36
141 133
156 207
297 358
335 223
72 258
329 277
20 268
207 271
140 135
354 37
350 280
93 171
263 134
201 62
292 111
271 260
185 259
16 113
188 88
125 3
251 159
328 140
15 311
56 280
201 264
297 191
177 316
261 27
170 347
259 148
280 260
280 325
28 292
205 118
212 119
246 302
359 88
76 121
55 234
359 4
67 346
128 340
146 143
128 120
108 146
300 271
12 241
132 102
116 33
209 118
44 56
301 288
108 311
105 52
105 65
295 189
358 174
4 184
295 243
150 214
166 95
111 357
30 40
226 285
93 14
263 54
60 5
42 347
63 81
33 50
325 31
211 339
93 199
82 207
54 254
235 142
237 155
190 357
133 134
139 154
1 200
125 117
53 301
251 23
265 287
264 223
64 275
309 306
115 130
316 356
117 52
14 276
86 55
301 168
59 275
223 194
136 224
102 46
70 31
211 87
77 106
177 93
261 189
347 221
256 146
202 254
290 211
189 8
231 348
191 48
35 34
23 320
132 100
252 211
337 358
296 117
200 215
216 108
309 167
33 298
243 218
48 357
343 58
332 3
143 326
240 312
290 182
258 165
80 242
18 343
301 17
330 134
325 218
190 301
224 43
207 131
156 122
155 23
299 149
285 323
328 338
276 299
163 108
104 80
298 309
34 351
80 174
152 116
256 83
304 353
34 78
90 111
39 164
303 90
205 146
354 285
229 181
112 97
190 239
273 255
124 275
277 38
37 245
358 126
110 221
3 92
249 281
332 311
291 327
97 58
100 255
33 96
357 192
254 267
313 311
291 149
93 354
78 228
303 194
247 146
250 216
88 306
212 305
271 192
327 22
338 229
313 307
240 290
353 107
64 94
160 136
105 314
13 338
87 61
349 64
239 176
288 182
3 128
308 189
111 253
227 252
16 150
80 190
99 211
286 43
15 134
180 126
3 129
169 112
247 39
163 172
151 35
58 36
118 338
171 115
34 81
17 58
267 139
17 269
138 138
239 176
270 176
164 271
74 185
131 170
301 292
211 341
119 331
89 203
90 328
172 305
231 21
74 40
202 271
199 300
12 201
188 325
59 200
104 301
324 207
310 335
177 356
174 151
295 250
33 49
359 78
244 198
94 242
50 68
206 208
232 360
113 315
73 279
265 300
23 6
342 75
50 110
257 223
84 16
104 105
197 347
285 54
94 124
233 130
61 128
294 209
268 210
24 84
163 336
120 59
285 5
31 289
69 95
33 326
181 128
134 134
31 232
135 200
153 236
322 72
187 300
237 324
46 146
194 345
92 342
298 121
147 209
230 309
148 135
359 300
166 29
138 255
31 192
298 13
55 43
346 333
172 286
313 170
154 128
243 176
325 307
80 158
162 216
239 38
243 76
19 186
142 212
49 4
174 183
3 228
272 283
86 251
46 13
240 258
6 201
221 89
222 118
153 181
52 228
167 95
287 93
212 231
192 303
177 208
333 312
283 65
20 89
344 272
301 61
162 244
234 25
173 48
141 5
120 186
336 219
336 332
11 194
54 50
160 190
152 252
161 285
161 52
171 133
122 301
257 112
159 116
333 336
155 151
155 100
196 242
328 37
228 97
27 51
129 272
92 199
335 236
293 246
203 35
69 320
166 194
135 342
35 330
22 277
294 102
237 57
116 1
215 231
202 350
104 354
95 354
177 136
357 224
296 150
166 267
41 303
145 75
178 140
55 53
149 268
1 72
296 86
109 36
132 48
205 304
143 162
137 236
356 29
72 82
183 74
216 182
216 230
94 52
353 148
100 160
234 15
136 249
179 348
196 98
314 22
132 295
149 326
90 325
76 317
176 61
117 264
244 143
198 163
16 8
348 221
221 334
204 161
236 55
310 146
29 300
340 179
211 53
164 342
276 219
265 349
73 155
346 43
93 120
1 296
116 58
181 193
272 231
314 232
163 153
256 305
155 320
170 325
64 328
268 155
16 322
54 45
78 58
74 329
139 156
355 355
111 309
317 351
32 37
290 130
48 209
65 193
83 181
359 103
88 290
179 350
236 336
148 329
143 268
334 80
227 168
125 105
5 336
164 212
33 249
193 126
68 50
261 152
347 229
298 140
186 271
53 179
202 24
287 302
277 102
227 303
356 292
147 147
131 5
73 63
359 351
357 202
20 179
110 222
67 203
341 275
46 39
59 326
106 312
261 283
216 105
354 254
250 165
150 306
38 327
135 108
134 307
157 226
56 124
107 226
333 99
259 116
158 260
354 65
120 37
89 275
170 164
50 329
223 270
61 65
87 204
61 297
67 105
247 72
66 303
92 360
291 106
153 28
79 352
263 257
260 40
134 94
194 173
295 111
345 239
42 287
82 340
211 117
141 138
260 359
180 294
324 9
344 186
118 112
298 208
35 143
111 301
302 280
209 205
48 75
213 261
264 270
61 108
81 31
72 360
276 49
80 22
2 198
324 272
340 236
253 138
229 332
247 126
341 23
260 188
343 51
299 71
131 316
355 12
4 106
193 91
20 76
3 70
337 228
154 166
319 71
161 49
113 248
84 216
109 93
224 12
150 143
317 141
296 196
299 181
198 134
18 313
10 52
190 308
136 229
190 305
2 18
147 50
352 349
238 110
212 134
300 121
203 139
198 112
129 162
250 269
96 67
2 191
243 167
206 38
2 160
311 32
360 123
276 68
200 267
119 4
68 169
39 248
86 216
149 21
183 256
107 174
267 101
194 79
5 230
209 210
16 258
167 107
18 101
327 196
67 57
28 14
64 240
72 218
225 71
63 2
209 224
240 355
67 317
10 32
144 299
266 156
241 21
18 201
77 106
187 196
109 152
159 283
262 255
213 134
121 18
110 313
17 64
319 130
45 81
293 306
86 285
145 189
191 19
49 79
270 212
292 304
125 116
153 36
38 269
166 103
259 155
337 52
128 247
204 225
58 350
39 90
298 244
36 286
214 72
309 183
315 238
222 296
84 306
281 179
175 91
48 279
347 189
102 359
100 166
133 154
237 263
269 210
41 126
22 27
102 4
44 25
319 137
110 172
354 206
267 84
317 333
177 318
121 261
318 82
196 340
90 6
129 153
117 38
225 257
337 94
117 103
189 31
359 160
259 109
313 163
146 65
110 72
99 323
41 273
64 300
146 57
215 118
315 224
49 261
81 219
12 95
24 253
51 217
316 234
260 309
38 261
321 28
70 189
109 298
84 177
22 152
360 76
212 282
198 186
195 138
3 52
58 283
354 61
355 322
349 85
188 335
331 190
353 52
44 76
177 312
179 89
13 255
49 184
41 178
125 53
231 327
52 91
123 268
35 11
276 214
130 223
303 140
161 203
306 120
45 295
133 42
186 287
347 103
211 158
111 206
62 118
181 204
318 42
54 51
42 131
349 272
153 168
213 313
299 222
6 228
284 193
220 306
131 121
320 271
20 222
265 120
77 205
161 71
78 317
181 89
255 261
128 252
189 100
141 56
71 55
35 197
82 70
323 310
338 327
315 226
47 38
330 176
22 182
98 18
133 292
287 106
6 144
105 69
47 94
10 62
287 247
345 356
78 198
109 313
236 162
31 228
178 344
57 200
45 318
266 134
32 315
60 182
88 227
286 190
284 303
197 29
3 129
58 116
89 114
319 70
287 112
28 21
137 152
355 71
252 5
239 162
101 91
208 68
228 98
174 219
316 219
50 187
313 2
186 79
8 180
300 220
40 1
156 69
240 242
167 255
153 248
69 185
58 116
264 57
279 130
86 355
259 306
38 52
63 210
351 300
96 250
205 119
145 195
325 153
231 213
149 269
170 136
120 130
69 181
189 7
181 147
33 90
248 3
282 179
130 145
205 198
20 289
300 42
175 280
277 245
352 191
346 103
327 81
108 304
142 65
323 306
155 242
284 72
241 329
260 182
101 123
173 264
300 36
285 94
192 317
324 336
132 100
124 259
313 105
197 130
289 304
46 135
201 243
87 66
267 88
267 293
74 120
48 328
133 51
160 164
208 22
317 49
290 132
208 311
37 77
165 263
159 140
27 355
232 197
2 240
306 192
39 270
278 249
344 177
255 80
333 190
111 89
5 318
94 76
353 268
318 266
266 54
209 296
238 42
67 116
30 257
300 281
283 174
335 14
8 343
255 325
254 358
71 247
178 117
184 321
44 132
25 210
348 320
183 44
40 325
78 9
203 145
45 308
357 165
172 357
223 144
331 130
280 269
114 114
232 92
215 164
351 10
6 8
77 346
335 300
141 261
316 112
113 186
238 182
110 251
199 308
32 324
49 32
126 149
140 115
226 227
6 276
93 150
52 332
312 235
251 177
316 348
355 113
254 360
76 239
6 142
50 211
235 78
12 227
318 131
37 289
112 293
8 317
143 271
187 327
287 120
143 156
268 251
160 335
324 51
59 113
86 223
18 30
76 78
234 196
116 128
259 285
355 134
239 37
54 299
120 136
356 115
166 325
165 309
235 161
87 321
326 50
94 311
241 317
345 137
164 72
138 114
345 323
132 207
334 186
323 23
176 198
133 286
309 63
165 15
34 191
133 34
310 125
274 185
101 214
261 340
291 266
89 49
279 86
79 245
242 129
91 77
214 160
308 214
325 9
237 291
171 324
318 315
138 210
77 318
9 134
190 48
26 250
71 181
319 154
144 131
72 10
252 328
318 42
114 135
81 317
296 66
237 243
244 75
294 159
52 1
157 155
106 120
278 2
332 11
166 105
295 344
204 189
53 328
109 246
14 352
219 221
255 184
348 48
338 122
37 188
289 233
324 295
17 254
356 306
4 230
287 210
170 201
340 2
233 331
176 349
153 77
197 140
43 36
171 46
92 166
239 274
326 222
270 157
230 350
207 269
142 110
128 43
286 222
247 137
229 211
173 257
16 246
280 305
172 348
289 194
52 196
262 77
261 7
254 358
349 100
151 111
295 112
358 281
211 105
73 34
248 50
358 115
257 262
171 62
221 4
54 141
98 125
148 357
77 302
10 260
355 18
144 92
4 50
344 199
285 150
320 330
243 73
4 25
89 143
131 358
92 324
303 130
168 271
85 207
154 134
108 38
218 360
205 32
294 257
282 209
332 26
56 338
103 192
91 142
188 68
207 227
218 50
200 148
97 253
119 345
349 247
76 6
332 54
134 259
37 332
114 341
321 7
124 1
65 322
104 113
275 8
231 69
233 269
245 272
312 270
45 237
136 195
318 197
65 175
235 24
303 318
68 145
99 108
155 102
172 216
260 279
238 337
186 80
209 338
117 106
174 39
182 2
72 36
122 32
163 232
359 196
324 287
134 350
5 360
3 264
37 217
99 144
101 25
262 243
122 31
202 358
109 118
219 215
199 49
269 155
216 349
245 143
71 220
127 353
164 241
308 261
309 317
147 83
155 125
204 37
226 122
127 26
346 94
79 9
287 210
134 17
242 255
72 207
70 77
239 215
41 314
250 10
90 324
295 282
255 39
106 148
120 133
66 257
282 248
338 358
79 317
32 166
81 74
98 142
351 229
162 168
167 264
139 175
13 127
360 312
183 346
161 43
160 283
336 121
280 6
108 274
77 145
109 120
292 36
208 116
20 221
298 30
28 320
232 195
192 109
223 68
333 296
6 310
202 96
239 166
19 63
38 345
212 17
320 225
110 267
236 141
213 184
249 141
187 300
33 329
105 279
167 10
334 106
172 105
269 165
9 27
42 93
164 264
219 9
204 138
71 54
74 105
74 74
69 76
138 34
20 180
320 115
330 86
262 332
65 230
323 59
330 131
360 349
280 183
104 268
134 66
170 312
252 325
286 79
254 223
240 30
304 19
200 261
27 11
183 113
235 333
31 177
291 171
232 311
18 282
358 50
359 223
327 172
230 228
143 309
44 334
319 332
172 147
133 117
200 10
297 118
126 208
201 250
72 214
164 227
24 310
296 167
280 265
95 81
36 103
80 198
76 358
58 217
258 192
276 316
282 341
91 270
166 61
70 132
51 230
63 72
71 32
94 296
49 218
112 53
107 10
236 338
205 274
54 221
242 279
141 148
26 210
75 225
125 155
171 116
246 82
347 53
90 267
84 220
305 99
256 193
270 44
225 47
7 54
301 77
319 266
198 263
292 295
110 230
25 350
296 170
85 115
349 52
178 253
318 229
53 215
243 74
63 233
327 110
327 35
63 140
88 39
202 206
88 18
350 306
41 54
223 130
229 320
139 185
275 59
251 193
130 109
130 73
51 131
323 14
126 202
306 278
358 326
348 225
338 199
121 200
261 236
297 231
248 213
274 136
272 337
210 222
50 68
4 73
187 259
255 157
219 75
259 157
267 91
286 276
155 176
196 254
204 335
167 123
170 165
257 268
347 352
137 188
342 145
11 326
95 52
167 209
170 34
199 356
102 310
137 238
134 26
190 111
341 68
191 270
314 117
27 137
148 23
266 85
167 111
330 173
246 284
220 27
257 96
53 48
214 70
206 132
79 139
101 102
265 306
223 98
208 271
260 153
112 345
238 273
225 213
236 29
287 28
172 14
353 146
145 17
212 353
97 336
123 61
58 172
85 58
115 210
234 84
197 194
348 192
157 334
38 271
236 26
335 134
119 311
124 342
60 86
311 277
104 209
338 297
195 264
336 37
289 231
297 208
8 139
247 51
327 4
263 63
23 202
49 230
80 64
295 183
335 75
251 63
199 315
39 233
52 23
350 303
171 228
262 76
259 230
8 314
340 76
3 15
203 164
186 51
171 349
89 303
336 279
95 196
61 144
132 247
43 291
173 64
124 202
122 315
311 242
8 291
101 171
162 322
321 69
277 102
172 184
346 313
200 128
52 254
182 258
45 21
98 358
336 313
263 184
335 21
260 310
15 224
285 242
266 157
159 167
342 278
244 177
68 170
21 49
6 238
99 226
92 142
70 255
358 323
50 21
136 102
93 278
148 327
72 120
332 110
40 166
100 35
214 208
119 302
125 185
36 346
105 57
98 170
133 279
169 170
99 354
52 198
48 336
53 11
2 348
28 340
28 14
149 187
251 310
202 204
9 161
322 259
36 207
162 351
91 94
188 132
50 270
297 343
350 49
232 96
341 291
127 186
108 169
76 233
237 294
268 331
288 98
54 271
313 185
192 353
330 280
142 256
60 69
276 185
360 202
190 335
233 213
103 168
316 202
283 350
308 316
78 133
62 225
8 311
158 34
146 4
294 335
295 209
268 110
336 93
265 129
7 133
57 231
217 93
92 149
22 147
52 78
2 236
249 294
21 148
39 58
44 308
244 291
13 196
168 51
244 106
104 219
279 135
172 5
269 112
265 207
31 100
204 206
93 250
173 94
201 273
253 58
157 30
244 37
10 97
353 48
129 143
246 332
273 188
354 229
17 203
7 72
11 77
345 120
347 197
241 337
297 76
204 174
190 335
62 281
231 328
313 171
274 58
248 249
39 73
350 107
237 24
296 309
260 68
226 246
70 297
281 31
64 62
234 324
51 325
310 27
84 287
124 247
266 333
170 317
7 119
143 216
343 328
136 140
142 171
166 210
95 245
343 179
175 210
340 260
293 67
38 179
353 149
142 58
340 342
116 108
241 293
119 357
295 168
126 273
245 93
167 162
39 187
316 123
238 284
338 317
184 34
316 142
110 275
110 60
135 165
1 292
84 8
80 278
22 249
156 77
185 294
193 86
275 255
99 198
19 337
40 269
314 236
52 38
254 57
342 236
160 147
138 111
353 102
171 221
288 170
130 26
191 240
135 258
285 267
202 207
170 15
315 35
118 87
22 258
276 343
109 142
86 158
258 8
16 288
29 203
20 316
130 283
278 321
319 168
80 267
158 117
45 91
291 321
299 76
309 121
112 123
31 106
316 80
147 254
305 132
119 179
279 221
272 208
185 237
347 11
130 56
97 10
74 292
252 209
175 181
336 218
101 259
116 240
311 310
27 299
73 294
24 145
89 4
101 359
46 251
242 88
270 190
61 15
73 222
241 236
149 198
185 254
156 242
324 337
337 77
14 29
256 207
95 204
346 196
142 330
161 281
297 333
60 72
352 66
143 152
190 215
166 318
151 153
174 17
258 148
69 358
210 61
201 277
350 155
242 213
354 327
290 148
104 247
326 349
252 7
213 296
248 124
156 220
267 274
51 173
283 8
339 309
159 252
240 222
235 161
43 124
310 44
269 347
32 164
70 359
144 241
204 228
316 66
349 325
172 121
231 244
28 202
103 291
302 251
117 28
187 96
46 216
123 311
192 151
215 288
3 358
51 151
247 126
347 149
97 57
66 144
195 92
90 253
212 37
150 171
109 360
261 84
229 99
256 276
352 14
149 84
199 163
235 237
78 7
252 294
298 209
1 241
200 278
63 42
292 59
191 294
288 158
337 151
263 35
344 218
91 118
27 144
141 336
109 328
103 89
249 243
283 225
232 207
200 234
323 163
204 232
92 334
129 211
165 260
267 254
20 111
150 182
349 213
223 284
341 280
239 159
264 84
140 217
277 171
311 8
134 286
290 255
111 192
201 152
114 145
333 107
320 321
18 46
172 277
124 184
131 58
219 348
307 314
336 158
293 145
256 65
203 4
228 56
170 264
124 181
292 170
29 183
152 217
204 126
161 49
222 202
202 83
38 90
263 67
185 339
338 282
85 121
273 214
233 114
155 136
5 225
230 28
130 55
40 26
173 290
197 321
282 356
167 36
262 176
129 346
265 23
355 156
307 55
154 33
41 345
265 162
101 339
56 123
183 307
297 174
336 83
274 339
83 273
136 209
199 151
140 129
97 128
24 176
77 353
102 260
109 226
205 80
31 82
96 130
22 306
352 181
241 104
243 190
81 347
321 192
301 141
192 194
337 353
138 111
356 13
274 96
110 68
37 65
359 98
121 273
121 90
318 63
251 357
103 116
268 130
233 267
282 301
110 64
317 107
86 149
25 145
339 148
213 165
131 18
127 345
255 253
167 112
263 252
25 135
312 16
115 285
102 235
191 135
72 76
285 190
214 272
101 100
342 344
295 241
41 15
186 78
144 50
266 312
23 335
130 355
160 232
73 250
100 15
230 22
307 242
223 357
28 43
306 167
281 128
338 89
162 295
21 213
26 319
352 190
295 94
111 151
16 360
193 18
220 199
119 350
153 146
194 318
150 266
293 33
33 144
194 218
10 258
214 356
79 113
319 14
118 336
115 21
160 249
155 183
273 245
355 182
188 305
118 184
219 60
157 246
139 254
15 198
195 64
266 356
120 71
171 158
328 22
182 343
329 239
152 205
304 119
145 79
252 263
49 82
6 338
151 16
154 27
38 193
167 251
221 320
75 283
196 250
250 317
49 216
93 243
17 78
301 129
289 268
189 133
25 219
182 245
57 335
323 155
86 325
267 35
55 248
246 150
335 37
266 288
98 273
195 171
129 162
148 294
218 280
102 278
297 301
166 125
25 131
156 196
294 360
202 12
4 352
326 137
227 252
114 178
8 136
281 233
278 150
230 253
226 339
153 14
279 52
222 329
5 195
199 174
6 345
229 106
264 50
266 198
50 49
65 177
260 267
85 195
224 16
80 16
4 71
185 206
38 169
12 32
359 199
184 280
91 207
213 30
83 349
171 107
139 55
209 156
340 110
52 28
96 107
257 128
344 186
256 306
65 341
268 118
33 286
243 160
252 190
118 353
131 188
23 352
292 226
198 241
1 260
118 42
59 317
250 181
62 67
316 264
106 301
352 107
315 275
101 86
331 194
31 332
284 90
13 3
11 159
335 254
269 211
87 204
166 194
105 271
258 333
251 122
183 130
164 27
305 212
294 300
239 166
47 139
67 354
101 33
3 75
216 153
17 20
81 197
348 193
242 238
235 305
160 222
232 359
203 319
35 60
222 187
76 174
4 76
25 231
88 146
91 83
67 321
243 277
199 62
326 190
186 290
233 295
22 65
5 108
142 38
171 314
333 210
35 166
268 71
221 271
315 202
206 202
12 350
263 294
168 171
19 219
155 226
248 42
335 286
294 174
346 71
311 280
218 73
143 16
170 245
99 347
304 51
147 25
339 290
190 52
347 245
66 235
313 111
296 288
143 269
162 246
124 214
266 344
219 23
246 307
155 350
278 338
95 311
179 130
74 61
118 160
2 80
140 354
267 147
267 185
206 282
109 152
12 195
148 347
151 62
212 121
279 177
178 280
203 241
39 316
121 352
6 275
276 190
116 250
194 111
163 205
318 325
292 125
191 279
282 241
330 345
102 56
247 356
57 97
360 95
239 60
88 313
193 17
95 111
79 265
334 339
195 191
23 307
201 115
159 341
160 11
105 161
225 285
206 355
37 304
198 346
305 236
73 189
42 182
99 237
156 41
226 200
350 207
278 194
90 284
353 195
305 353
164 272
101 204
206 204
16 150
204 117
31 251
208 185
247 289
303 338
221 85
82 185
150 339
165 37
51 346
163 89
319 209
198 102
241 188
292 212
264 39
163 285
77 328
31 320
311 99
132 28
149 46
341 319
358 159
56 333
290 143
124 271
357 141
238 322
155 73
62 354
303 226
173 339
216 206
106 305
5 184
263 288
277 110
116 167
204 242
354 311
115 285
85 119
239 65
276 281
68 350
108 291
194 138
107 15
191 125
69 251
188 99
145 245
189 238
276 174
187 276
117 345
256 28
86 325
246 28
359 9
287 23
51 338
281 337
206 137
302 55
248 78
128 245
265 2
197 122
255 35
254 199
203 139
39 13
36 1
40 340
140 258
114 168
150 65
131 55
170 245
312 235
6 121
182 138
42 347
168 41
103 334
84 358
235 57
98 136
66 345
50 40
220 258
257 309
241 106
339 183
262 148
90 186
165 120
227 205
50 237
39 259
17 132
213 152
286 59
252 197
244 86
177 7
187 224
85 299
257 313
186 125
86 219
86 90
13 126
57 35
84 280
306 222
89 233
247 16
165 230
245 5
322 154
11 148
315 310
67 223
259 138
223 124
109 144
130 217
175 198
316 263
124 16
245 141
275 354
220 260
188 68
116 149
255 101
307 28
240 341
295 203
206 1
47 285
153 12
22 24
348 82
53 217
277 224
216 5
206 33
179 34
155 144
302 290
113 173
335 199
192 175
183 275
242 259
217 176
246 100
244 27
183 113
206 143
48 282
359 206
170 199
92 99
177 11
226 253
67 284
136 357
94 157
11 220
113 141
154 329
254 284
147 20
358 160
144 132
61 262
291 48
156 322
323 37
249 5
301 135
283 275
159 170
309 154
1 52
360 117
55 254
292 161
11 232
65 125
354 289
348 239
185 173
38 126
177 149
139 321
224 9
42 197
37 209
348 124
62 59
99 142
185 48
140 302
242 200
66 233
299 240
81 30
194 138
147 277
331 196
156 66
262 69
309 74
116 110
107 92
98 183
318 312
92 198
62 142
143 213
87 102
162 127
57 252
261 317
311 269
320 145
28 52
132 296
327 131
158 32
294 348
323 49
140 325
61 197
56 245
214 96
161 73
242 87
184 74
87 101
35 31
67 82
357 1
53 350
243 278
169 302
224 289
66 135
250 83
175 41
205 16
315 247
292 304
42 146
134 166
132 192
36 103
218 333
356 41
47 304
298 117
355 179
186 27
2 175
159 212
260 42
212 201
13 176
263 119
116 88
65 131
121 53
359 224
242 166
163 230
281 136
130 59
107 102
357 175
293 250
15 21
304 225
50 61
314 232
178 108
277 46
133 89
71 83
195 296
199 132
28 30
85 145
327 176
254 224
137 131
307 282
74 91
51 232
313 313
78 337
98 155
356 48
188 6
286 247
290 250
239 18
178 128
94 195
262 253
310 342
208 191
193 328
202 29
235 46
317 260
142 47
252 181
35 343
128 156
308 66
354 337
267 249
221 89
337 156
155 231
15 69
203 298
85 262
52 8
330 270
234 183
23 304
348 200
252 135
346 256
302 131
312 125
95 289
99 140
186 270
349 94
327 116
271 135
70 347
102 337
321 332
77 294
94 13
276 19
80 198
254 349
81 327
152 348
87 225
149 171
285 299
235 310
226 49
335 98
344 84
93 79
308 74
168 71
321 249
183 147
35 194
27 34
147 86
96 254
351 123
225 117
195 233
272 86
59 42
198 294
339 30
285 330
168 310
289 355
199 311
100 94
164 22
15 41
254 186
277 16
114 117
37 207
78 277
305 105
317 267
15 313
297 165
235 193
39 40
111 108
330 264
203 335
36 112
16 158
193 64
189 208
38 219
229 312
177 117
40 16
359 75
119 106
3 291
258 271
240 119
318 328
17 333
37 64
356 156
32 2
358 32
91 300
203 171
184 38
92 232
162 166
111 316
242 129
317 50
239 303
322 188
178 302
291 177
288 347
216 71
144 52
149 228
159 100
79 163
50 53
153 281
313 250
97 139
355 49
45 139
4 198
87 116
141 353
216 193
37 111
114 348
71 332
327 340
71 132
183 213
93 104
148 333
87 52
225 306
94 150
105 97
202 22
211 60
274 97
249 126
70 51
142 200
41 212
138 318
241 49
328 285
350 313
8 120
281 196
165 7
6 261
136 305
163 190
196 107
44 28
191 103
153 273
64 248
171 59
131 102
127 1
184 320
52 96
120 117
301 75
181 344
112 1
34 141
110 134
225 96
181 197
244 117
197 283
74 89
278 275
252 97
310 157
317 18
267 32
343 72
206 123
142 63
125 168
257 110
253 202
257 326
290 337
293 278
134 68
151 305
24 68
255 244
143 149
45 144
129 240
193 134
113 360
299 147
284 249
219 16
25 128
12 62
129 89
29 229
79 251
172 37
61 110
86 43
111 146
137 255
290 346
295 297
317 108
3 278
125 152
221 204
281 237
189 215
288 188
72 163
58 209
21 123
121 245
59 220
1 296
268 237
69 97
63 300
47 231
246 4
312 327
189 101
270 81
273 249
280 88
178 242
302 68
37 26
34 205
348 153
115 31
159 163
208 156
296 352
243 207
256 352
123 41
191 168
70 33
282 304
254 228
41 296
187 101
66 258
311 320
205 198
154 38
213 258
348 272
341 320
132 93
137 353
347 92
79 21
240 72
331 104
35 129
352 245
294 148
303 12
312 287
91 345
128 268
324 118
325 265
93 125
125 146
123 210
353 148
231 274
153 349
6 166
142 265
351 183
142 124
90 107
276 241
160 243
158 27
134 289
121 120
315 56
255 15
354 207
195 131
196 76
340 203
116 152
64 313
360 112
70 160
211 333
4 19
224 113
262 277
275 253
303 115
39 126
341 208
13 197
307 265
167 153
144 212
124 354
52 87
312 263
174 291
133 155
167 253
295 40
284 338
225 52
109 54
164 39
300 168
17 184
234 9
137 99
163 80
313 275
20 72
174 273
187 145
12 312
58 175
215 166
345 125
250 36
32 108
338 310
344 354
176 180
187 330
167 336
221 213
42 157
308 261
245 202
23 150
298 246
148 202
72 37
70 203
79 351
15 269
336 197
283 47
145 49
62 168
207 338
181 165
114 231
5 164
92 324
236 202
233 256
13 270
95 317
262 114
52 30
195 272
273 49
61 331
316 116
127 42
185 163
130 278
78 202
102 39
7 1
211 38
132 167
25 260
339 161
159 127
185 242
151 274
279 297
236 110
272 357
300 78
228 321
249 339
77 57
259 360
24 252
57 30
153 157
141 49
206 243
320 293
29 287
294 313
246 266
222 235
170 75
32 94
68 155
293 180
36 308
200 328
58 166
105 106
86 335
354 105
100 4
252 301
27 220
111 70
57 92
244 307
156 103
126 166
236 154
335 88
237 344
321 78
223 188
346 340
213 224
201 35
328 51
150 295
206 270
2 312
256 72
231 209
5 183
61 145
77 191
130 261
252 65
153 123
246 34
278 307
281 279
117 141
161 304
292 159
144 63
43 330
303 309
300 263
98 66
123 3
291 29
285 20
244 281
10 356
153 341
222 344
111 329
267 294
177 271
52 92
51 207
318 5
132 126
317 22
294 68
51 218
18 44
90 144
358 48
91 187
124 342
252 225
175 193
347 224
157 66
23 316
186 53
31 193
35 352
308 21
112 73
107 255
340 109
96 93
196 332
230 280
268 299
360 85
142 243
53 102
53 65
50 289
206 294
196 205
54 218
360 19
28 231
146 334
314 52
339 283
177 323
257 86
23 272
272 341
29 9
215 161
222 268
252 330
68 18
308 205
298 69
205 54
340 296
138 130
109 13
118 128
8 234
114 264
246 299
289 194
338 317
243 2
8 288
18 341
239 319
58 6
339 205
49 344
112 188
136 219
10 6
326 353
266 250
282 219
314 96
168 105
351 92
278 74
37 224
189 155
141 133
24 2
180 151
104 189
101 336
308 175
37 51
16 170
290 152
100 215
159 243
106 357
305 136
289 64
79 198
152 118
150 199
155 93
182 347
323 279
115 337
128 228
99 188
91 51
190 215
4 78
344 261
61 190
303 333
8 268
257 321
103 244
144 317
142 319
247 268
155 175
36 348
151 360
38 224
112 83
183 294
335 202
1 214
112 119
199 65
59 236
195 197
87 145
106 228
72 166
40 250
302 212
317 281
335 93
120 128
197 79
279 235
102 121
149 353
231 275
270 135
8 112
128 234
183 97
278 215
91 272
109 100
224 25
237 217
25 172
116 141
158 261
359 194
186 306
165 172
325 339
74 360
224 281
252 140
102 13
232 96
112 256
329 168
335 18
336 216
23 37
298 58
244 296
348 312
121 78
150 310
306 288
209 175
83 106
15 233
324 111
36 257
212 318
143 137
93 162
331 89
222 206
107 330
269 336
244 198
281 241
205 137
207 74
207 206
234 239
211 13
339 134
219 257
289 168
286 104
25 357
221 155
315 63
129 10
320 243
40 56
166 77
210 239
46 300
128 185
123 145
25 146
337 22
251 325
4 6
358 219
153 132
214 312
225 102
114 40
167 326
239 167
341 166
247 1
107 34
16 193
222 11
293 3
232 39
264 108
138 175
39 169
219 154
342 113
79 135
261 310
82 251
173 239
102 281
171 110
46 34
235 325
233 119
232 37
3 342
107 57
254 241
285 357
70 229
204 336
181 323
208 171
264 179
203 175
24 320
326 219
114 294
176 31
305 60
230 61
288 112
272 338
91 68
39 33
315 158
67 2
199 348
75 1
225 5
311 235
296 30
75 161
265 292
240 357
309 44
21 25
6 180
303 253
203 65
315 178
191 326
171 346
42 355
115 341
257 184
108 224
348 125
163 121
256 228
86 44
10 91
159 263
27 241
106 230
195 6
206 95
325 80
241 210
241 126
97 216
339 347
4 125
350 73
25 302
104 28
226 231
24 254
52 192
27 249
233 218
240 86
316 125
41 360
140 165
114 234
11 212
256 134
343 197
145 55
216 32
190 15
32 218
158 328
144 182
279 209
19 242
116 24
126 203
93 124
103 170
220 278
271 88
202 181
104 107
220 129
68 28
103 201
252 252
311 16
274 258
348 105
231 26
56 322
308 324
18 305
341 327
62 58
13 202
131 289
77 18
70 82
61 187
91 281
285 151
315 182
77 43
347 56
25 177
212 348
125 298
254 179
193 44
144 154
133 225
97 263
92 360
145 173
8 286
47 102
346 169
99 266
190 311
25 76
211 63
213 266
358 168
32 24
119 139
232 112
263 335
57 262
21 121
28 336
340 198
172 50
197 67
71 164
67 222
319 285
257 106
296 212
304 109
355 112
124 157
298 258
288 248
280 223
326 235
138 46
322 147
152 31
154 289
143 15
132 278
299 109
294 179
207 230
358 55
195 260
282 256
321 105
161 176
299 337
278 109
50 285
328 352
266 243
147 54
57 105
189 83
170 337
40 46
184 273
103 116
113 342
204 49
75 78
285 288
165 226
81 176
295 134
85 111
132 51
197 318
95 341
290 348
114 222
218 320
185 322
237 86
260 185
306 30
251 188
96 177
21 318
360 338
157 215
116 339
358 278
62 155
42 140
282 79
72 209
191 70
104 193
241 80
283 8
230 358
298 184
242 66
360 262
230 259
323 163
264 322
282 263
1 32
325 278
270 217
274 107
333 237
61 154
313 223
226 237
212 296
306 98
38 289
198 59
188 272
86 231
101 128
283 44
320 224
279 57
301 220
159 214
137 3
270 184
184 145
85 95
133 40
138 23
232 347
118 6
140 316
86 303
305 282
4 297
189 301
42 206
157 98
106 8
168 266
336 158
135 141
69 3
295 27
178 308
222 34
233 137
36 34
141 342
22 320
346 138
276 300
129 36
179 163
170 202
96 35
249 142
358 167
64 323
7 291
302 308
74 175
211 14
160 130
58 199
231 171
155 75
73 106
148 339
132 108
272 155
287 120
11 141
289 187
261 225
235 296
168 242
198 66
333 16
230 101
184 327
119 9
337 114
44 37
240 31
184 159
191 296
360 168
258 124
236 314
273 334
36 316
91 39
170 53
272 236
97 173
296 235
264 148
219 60
207 90
174 8
262 128
128 135
312 192
270 280
234 185
360 9
208 297
75 354
357 326
161 329
142 71
90 315
347 190
154 153
155 334
71 26
16 286
194 299
16 334
67 255
270 164
150 119
191 331
237 201
352 157
345 324
313 342
123 35
355 65
342 47
35 9
4 281
322 131
240 67
38 104
300 185
114 16
230 241
304 48
156 255
68 40
207 358
320 33
183 331
131 310
209 130
285 244
357 347
232 313
261 296
293 25
35 183
288 308
256 42
132 326
28 328
259 207
169 33
323 220
351 326
298 71
297 315
202 264
74 192
47 227
95 103
45 172
298 95
70 96
82 20
255 224
38 281
93 253
35 276
254 206
329 317
176 173
271 305
301 83
18 56
122 21
289 209
149 153
140 170
43 132
217 97
354 142
341 61
88 171
261 55
165 191
186 358
60 231
185 345
212 357
28 83
296 24
27 303
274 36
80 321
184 150
88 291
267 28
150 178
222 118
305 155
344 25
30 105
106 147
342 95
56 16
340 279
293 308
226 156
244 344
46 175
282 327
8 161
233 5
32 6
77 129
34 234
281 210
27 50
229 293
306 54
59 93
282 16
234 352
101 238
102 2
48 137
48 114
311 230
316 198
208 224
49 61
145 44
345 89
254 277
275 166
33 169
307 72
159 194
353 355
266 284
147 350
291 183
202 80
75 137
9 72
173 277
254 141
25 43
43 59
46 131
338 320
334 3
146 82
144 306
151 181
274 271
163 222
51 219
52 356
155 130
343 246
102 258
253 329
82 226
247 26
140 205
91 185
250 141
272 98
116 38
288 95
61 192
218 116
232 156
194 59
224 209
86 302
155 244
262 350
355 319
204 301
186 139
170 292
70 249
142 105
226 186
239 136
344 160
175 95
118 151
45 101
9 213
241 26
149 173
83 26
210 44
340 298
226 316
237 132
101 213
30 76
197 302
222 111
64 63
143 211
176 217
45 356
151 239
130 85
160 1
334 215
259 309
50 103
49 163
108 176
38 283
19 262
270 335
48 22
281 311
22 240
153 77
164 173
165 178
110 339
189 196
6 139
105 281
53 48
3 82
336 92
107 261
226 111
322 318
131 40
272 164
126 139
99 179
85 47
207 219
83 275
60 304
111 296
225 127
49 345
280 11
273 215
96 18
348 201
56 118
85 316
96 247
72 141
146 175
179 161
201 54
19 301
84 328
206 259
285 193
333 360
152 271
65 144
77 26
199 85
329 24
302 189
278 129
249 261
231 16
219 84
23 22
138 251
251 28
333 129
68 197
227 180
52 298
248 145
206 249
15 167
309 9
16 260
122 33
122 180
144 106
89 254
192 227
237 184
344 222
142 134
77 109
12 190
243 73
92 201
202 322
128 50
304 19
337 219
248 98
255 113
159 316
269 27
304 333
226 187
251 153
244 219
38 165
349 54
128 64
121 240
187 157
13 21
182 196
187 292
260 333
301 3
179 220
184 27
30 66
65 209
173 34
207 287
35 315
229 267
149 35
285 12
300 156
201 235
108 276
192 96
215 89
111 231
271 226
11 116
218 59
27 54
132 344
213 22
323 191
79 248
305 54
252 35
95 328
310 314
208 230
161 190
27 39
333 96
318 205
81 5
311 209
182 355
92 282
76 177
194 198
209 73
351 251
113 176
265 236
34 10
221 161
32 114
8 242
211 32
187 230
79 200
19 343
7 16
126 24
268 273
315 186
314 68
333 63
306 269
241 94
257 255
18 78
315 263
205 344
307 234
217 123
232 81
309 43
88 10
321 270
29 291
55 115
203 59
326 31
345 45
283 198
21 2
61 336
305 8
120 13
149 117
237 297
290 44
242 185
314 215
150 347
290 341
301 133
245 158
252 29
299 339
89 6
116 19
116 216
47 159
354 67
184 27
142 270
288 1
142 349
160 342
269 106
45 130
21 160
318 28
22 212
223 108
345 86
116 248
15 153
114 29
200 77
51 188
63 190
89 22
277 180
293 281
86 164
283 335
58 8
213 91
215 124
41 236
98 104
205 48
351 308
93 183
48 344
95 317
159 24
292 320
64 181
215 335
114 337
245 40
7 266
136 165
259 329
94 251
193 231
280 38
198 123
226 202
187 68
279 201
23 32
38 185
116 232
174 352
16 101
228 55
319 91
300 128
34 170
1 107
325 167
188 180
199 275
87 251
351 187
347 165
157 278
170 340
59 347
169 293
74 6
35 140
288 253
69 141
192 236
314 54
157 334
347 290
212 349
186 161
280 256
34 215
256 318
316 159
180 340
250 61
325 315
65 158
86 322
310 255
32 297
96 225
151 35
170 144
238 26
337 321
103 191
53 343
35 247
153 35
8 159
270 208
131 93
259 194
102 315
153 253
25 159
30 69
242 140
40 11
296 337
217 10
276 177
22 218
139 69
297 36
293 250
241 288
117 155
174 95
332 81
230 264
322 10
91 229
270 56
62 329
345 309
64 159
334 89
209 326
186 3
5 11
179 127
332 308
32 242
351 314
149 124
231 133
225 308
57 102
56 273
153 166
141 196
181 359
95 352
19 25
299 127
314 47
202 198
276 126
296 63
80 116
98 124
289 184
112 358
189 304
118 296
286 150
8 138
112 135
304 115
9 58
249 28
15 290
44 305
350 43
254 47
172 123
20 249
99 261
312 86
137 158
127 107
323 201
209 246
243 186
131 305
235 160
203 11
196 3
334 269
64 46
15 187
66 211
313 180
306 209
349 5
332 102
240 178
249 103
235 288
121 203
263 238
166 23
26 228
250 173
210 237
36 285
31 68
85 317
93 186
184 225
336 194
36 314
110 320
317 141
223 189
102 146
299 246
20 165
215 230
345 162
98 279
278 310
158 200
201 108
286 267
241 137
297 67
88 139
31 188
115 181
59 142
227 282
123 237
39 29
74 200
248 22
64 193
168 77
222 185
146 200
22 263
168 272
120 22
79 4
182 295
337 72
203 253
183 94
356 61
175 268
134 333
121 110
286 224
40 211
107 42
235 226
17 256
214 247
231 162
41 173
59 352
142 140
25 256
74 41
60 293
220 147
141 25
74 312
314 199
270 65
32 260
134 337
7 248
220 289
88 238
149 109
92 129
96 241
62 125
351 127
64 197
236 67
205 334
159 147
152 117
73 126
14 169
62 196
103 222
30 138
239 141
206 148
155 350
339 312
48 48
291 334
82 310
359 243
133 75
279 31
11 352
285 233
321 76
211 4
51 320
263 183
343 289
105 235
155 155
7 78
39 257
297 108
315 286
133 222
26 113
300 130
14 27
308 233
12 20
151 249
170 34
207 358
118 82
110 260
344 146
45 153
173 128
41 215
100 323
102 286
33 178
264 282
246 263
351 300
155 24
326 203
285 178
101 251
194 21
124 173
295 290
347 138
278 182
1 59
88 116
258 207
20 42
336 212
232 218
61 54
162 239
108 36
291 133
105 336
353 249
345 316
351 342
225 356
321 174
15 49
96 179
300 60
260 349
67 43
358 79
103 8
281 311
348 236
173 182
34 130
116 334
306 26
188 308
281 76
296 354
314 267
126 140
304 359
96 219
297 343
111 180
295 291
225 13
196 99
14 151
115 241
105 92
286 141
90 8
260 130
5 268
194 206
320 211
309 343
265 95
192 172
360 360
145 302
209 306
342 293
259 336
353 288
6 171
166 95
258 186
81 263
17 186
304 241
342 103
318 128
305 246
132 249
99 121
69 120
237 154
191 94
204 275
115 182
248 12
177 213
267 46
356 107
343 317
18 25
271 165
214 304
320 337
21 142
218 342
56 302
275 132
52 22
170 150
150 203
298 265
300 327
261 296
315 81
220 286
342 264
177 286
157 257
122 301
100 62
214 84
182 297
284 33
155 90
170 131
273 88
245 158
334 201
79 65
134 212
16 128
185 197
248 39
333 122
283 234
220 266
358 323
15 309
105 125
20 129
71 84
142 312
340 328
200 106
326 230
23 186
22 247
210 261
240 76
78 356
130 55
98 47
339 174
307 253
189 314
171 195
291 141
145 273
105 132
309 351
114 169
353 152
46 156
349 341
214 291
355 324
331 328
221 334
229 29
305 352
267 103
282 232
202 326
274 171
239 278
128 47
109 62
210 235
316 41
81 175
173 250
69 359
227 196
58 308
55 237
222 306
104 218
189 53
278 234
217 27
95 104
344 10
88 180
25 347
84 270
287 59
213 212
111 58
145 39
156 44
60 204
160 46
203 24
107 186
233 336
92 184
147 151
151 164
156 264
54 358
64 255
193 259
287 206
187 93
300 279
46 306
357 37
213 2
242 272
359 77
233 16
247 78
258 321
180 35
247 136
25 341
304 60
267 115
348 255
53 290
45 82
54 71
193 277
293 250
153 132
160 20
298 265
270 285
160 294
50 241
22 328
83 137
84 314
18 303
167 347
201 148
60 132
268 56
266 142
213 67
303 279
185 88
341 57
341 252
20 350
125 131
330 37
219 219
209 332
256 215
164 345
2 51
351 55
58 196
338 231
163 78
60 78
162 125
85 249
284 39
6 357
336 161
319 7
113 52
55 11
296 108
219 175
306 213
336 317
36 107
299 212
4 262
207 155
312 124
45 138
40 224
66 336
66 237
268 90
257 94
154 176
273 350
211 16
166 275
58 292
35 294
258 353
16 77
248 37
329 249
133 161
6 199
127 251
94 326
5 46
86 184
52 238
334 192
325 75
294 84
132 260
82 325
106 274
75 156
151 61
244 249
96 201
342 32
177 221
356 120
112 78
220 359
336 158
77 200
186 23
41 172
161 46
281 201
119 148
189 49
222 16
14 103
226 47
88 171
273 326
109 253
169 177
221 181
235 189
22 69
7 279
289 281
298 52
83 43
227 216
102 204
103 228
59 56
237 347
187 196
346 172
114 172
141 74
333 237
19 61
66 212
264 140
217 206
95 35
20 192
90 49
44 54
37 197
173 21
35 317
52 131
35 290
12 172
4 73
185 117
271 119
201 36
271 210
137 197
122 146
305 164
347 101
100 282
223 341
237 164
17 182
133 246
52 324
195 175
223 97
231 31
52 262
173 350
46 173
308 333
161 351
47 333
133 278
86 56
156 350
226 354
40 214
19 156
323 273
125 353
181 85
343 261
60 248
125 92
124 56
160 78
185 221
303 327
161 117
237 9
9 243
328 177
240 306
156 95
331 335
162 270
219 78
344 207
280 148
77 342
28 56
354 199
45 283
224 27
138 163
4 64
244 195
94 319
179 27
339 338
91 232
228 152
289 350
298 359
229 44
248 243
182 140
156 165
21 108
46 38
232 359
341 44
276 165
66 229
155 354
275 357
237 315
195 125
291 222
284 139
137 236
179 107
343 278
351 201
79 318
250 266
231 110
14 201
165 271
206 216
114 282
126 164
227 348
68 89
12 343
165 26
127 95
60 45
53 132
238 277
186 267
232 333
186 137
197 288
162 79
175 143
231 331
248 234
197 197
128 61
31 183
271 134
112 212
260 298
2 277
193 343
210 15
270 118
290 188
243 267
99 276
117 181
83 106
260 124
28 35
8 309
121 39
204 95
90 143
37 40
341 31
172 19
302 69
359 201
323 266
290 287
328 253
179 73
305 4
349 238
36 236
252 157
244 199
90 161
273 167
226 15
246 99
118 41
29 327
358 163
197 350
237 177
71 61
163 191
209 202
109 229
53 137
248 261
50 20
217 240
103 266
100 344
133 241
164 96
30 214
224 339
64 258
77 225
27 349
226 58
264 155
190 247
313 295
227 178
50 315
207 198
201 282
269 261
208 314
283 188
20 274
75 181
288 322
282 245
109 65
330 70
122 285
283 216
6 4
1 345
298 164
77 29
44 22
234 38
22 163
137 116
119 82
355 202
60 282
154 34
178 319
157 282
242 346
155 346
360 144
90 259
82 3
342 213
147 327
75 141
184 92
329 91
66 89
187 98
140 47
7 108
155 297
175 134
81 105
64 125
319 8
27 164
70 292
35 245
238 296
270 120
261 84
53 109
315 139
209 177
356 202
33 89
193 171
352 147
77 84
113 72
291 31
41 38
330 332
104 142
195 212
174 120
43 214
177 301
349 117
241 157
138 209
76 242
257 353
110 127
99 149
195 185
64 31
112 358
218 150
92 155
74 97
68 205
155 31
256 260
60 328
234 40
355 18
318 114
152 191
205 81
84 57
336 223
300 259
138 70
255 117
100 7
332 326
330 48
245 255
21 274
324 222
349 76
180 157
275 50
261 265
5 316
334 73
202 226
336 195
49 120
176 327
344 50
148 236
168 68
347 216
188 210
29 308
157 330
34 12
97 288
264 61
131 91
31 5
252 285
14 168
284 45
93 113
159 130
6 217
46 47
35 184
87 187
192 297
234 352
330 84
17 287
306 356
52 66
190 66
317 111
171 72
14 335
251 101
344 156
259 92
27 125
277 122
98 317
228 204
120 32
275 147
252 291
99 234
292 25
350 69
166 303
2 27
352 80
237 256
317 219
171 243
255 52
215 190
339 152
136 184
26 27
198 235
66 247
34 100
238 100
295 43
252 37
4 145
341 79
248 25
284 46
203 310
32 359
206 231
329 359
282 152
318 311
95 170
229 340
270 189
329 82
330 58
350 213
304 318
53 266
132 272
86 128
206 63
315 292
122 341
313 109
66 256
49 199
288 265
198 254
226 49
251 103
323 330
351 118
304 146
359 185
121 15
257 42
273 329
8 220
264 325
344 69
201 312
161 329
101 275
182 218
119 152
306 278
38 191
347 55
190 269
81 153
336 76
25 252
144 76
221 130
26 93
311 111
328 181
273 65
114 110
350 176
358 146
276 166
226 137
79 113
31 157
117 129
297 27
55 82
19 149
336 44
27 263
52 135
4 153
311 175
79 284
57 108
283 16
104 256
29 150
165 129
40 148
72 105
210 146
80 309
282 218
337 269
283 51
22 164
9 180
219 24
110 216
100 131
249 21
288 149
359 279
159 246
184 184
23 163
133 243
295 337
66 137
199 31
17 23
284 3
108 4
205 359
286 318
258 329
258 324
108 230
125 314
256 197
14 50
166 55
57 6
226 301
171 262
149 352
322 84
159 6
129 239
41 96
262 88
223 323
194 243
178 319
43 175
337 300
28 32
140 15
213 358
260 249
42 101
85 204
83 105
86 319
293 116
201 232
331 282
175 62
143 64
310 294
236 25
145 357
133 262
97 113
251 274
335 32
306 224
133 32
60 171
86 77
184 209
146 129
298 179
80 59
205 356
275 133
347 286
86 298
10 56
57 332
211 1
6 304
15 58
341 210
353 330
50 282
278 187
93 143
65 243
328 203
13 140
45 346
106 90
179 68
207 27
358 294
204 217
24 262
168 137
334 223
358 298
110 155
15 213
110 168
218 39
46 35
246 213
208 320
265 166
61 124
293 68
66 89
290 28
87 299
123 157
224 153
322 154
102 240
31 162
226 352
46 325
31 143
99 349
173 258
73 249
107 8
270 172
101 324
270 351
57 209
9 26
140 49
84 218
228 307
13 276
298 58
329 291
322 147
118 135
33 288
199 319
277 226
347 261
325 163
201 150
23 102
186 171
125 358
296 93
203 122
28 302
246 147
338 67
69 260
25 74
62 178
269 185
275 15
156 219
70 65
266 23
19 313
237 133
306 247
245 64
94 46
279 41
184 81
247 83
129 169
32 204
305 131
207 276
257 49
79 294
217 217
331 37
360 261
263 25
165 92
285 165
254 317
12 40
350 244
186 238
98 133
186 334
301 173
246 30
166 6
307 134
51 195
55 212
285 310
251 211
233 174
101 24
199 121
143 75
292 84
67 127
255 321
358 316
181 76
281 351
339 38
191 223
95 85
99 359
106 141
304 232
184 273
249 307
28 253
83 318
63 315
266 240
175 319
242 224
298 202
235 108
266 171
291 245
63 102
52 311
313 234
212 353
341 329
45 69
38 38
18 20
156 189
243 214
231 199
354 83
216 99
216 281
215 130
277 337
324 333
129 30
118 314
205 125
301 66
67 317
78 65
251 224
134 28
184 179
284 96
150 107
38 41
185 123
40 155
106 141
315 113
157 177
257 224
290 229
191 307
8 257
19 356
35 9
120 58
174 358
1 235
257 192
231 313
239 281
99 346
220 89
211 205
138 79
356 126
133 249
19 268
39 275
257 261
81 124
78 170
161 306
133 44
70 35
114 320
6 246
40 129
127 140
353 315
311 26
80 90
183 305
324 350
82 260
301 322
344 122
261 190
253 254
37 52
314 210
90 85
210 62
37 153
69 326
40 181
34 100
173 314
296 174
333 198
263 201
77 177
95 276
277 30
327 21
81 202
261 330
69 302
256 125
31 287
191 223
212 221
16 261
160 43
152 14
278 34
208 92
250 27
283 119
42 276
12 269
193 26
202 222
321 57
56 92
133 71
106 194
70 209
122 315
349 292
318 128
226 342
81 340
312 279
146 217
112 166
354 301
356 238
257 355
310 286
350 67
27 46
68 146
178 75
63 332
88 162
284 347
130 105
135 288
228 125
178 51
15 99
134 270
145 238
323 206
117 355
103 83
75 333
323 221
285 299
101 254
316 103
223 161
126 114
317 330
334 87
193 148
339 330
170 3
76 11
110 351
160 343
254 350
168 352
359 306
302 263
167 196
270 190
153 310
95 230
140 191
283 20
25 1
59 166
221 25
172 124
277 271
339 190
240 67
227 107
156 176
139 360
319 157
288 9
107 269
48 350
337 305
235 338
6 286
194 181
59 338
74 18
349 85
340 187
127 55
313 114
127 224
162 299
247 291
278 278
329 192
22 118
146 65
218 140
188 330
273 154
124 18
201 235
25 208
285 137
278 11
12 175
18 99
108 218
283 182
39 158
226 243
143 138
49 25
343 22
137 12
271 48
305 210
193 300
143 138
267 335
283 265
93 156
51 161
201 334
113 335
53 67
5 41
334 106
96 60
237 170
89 277
355 318
334 137
338 350
186 100
233 134
247 271
131 259
43 215
315 122
129 1
53 154
85 290
305 91
324 357
121 232
302 82
347 208
62 73
30 225
151 104
188 99
144 220
314 296
28 341
164 29
63 207
357 360
93 50
255 142
17 168
9 46
51 326
277 221
129 60
302 335
94 343
269 175
177 114
307 127
14 39
323 315
237 4
100 310
298 149
35 200
194 271
323 116
122 171
180 213
12 124
290 124
241 149
295 280
22 296
67 92
153 85
198 114
20 96
169 313
344 126
6 108
242 79
262 249
90 297
304 290
199 254
27 168
268 239
262 225
109 231
61 66
223 241
334 326
106 17
310 47
125 232
152 290
66 292
8 115
348 247
94 11
154 344
269 86
243 276
275 42
357 286
259 326
9 298
76 253
134 264
166 112
347 297
155 116
74 357
180 185
126 210
138 80
268 107
141 348
240 336
175 2
24 271
230 49
77 57
37 223
129 242
250 337
331 76
137 295
217 85
327 134
44 27
297 124
226 316
307 153
176 26
341 40
299 252
173 197
192 145
282 154
33 74
154 13
76 30
251 135
185 19
316 198
135 9
263 17
204 207
74 106
291 66
121 298
73 15
129 357
262 254
252 193
313 23
76 303
209 15
289 28
249 2
311 202
29 187
333 345
221 351
21 352
39 23
109 59
200 254
114 257
219 278
34 336
22 9
240 200
149 12
338 354
121 222
324 122
162 261
16 304
185 173
166 19
214 352
93 358
347 273
108 136
58 332
241 319
57 320
105 211
10 267
143 143
327 296
146 318
66 130
270 18
350 15
44 57
113 80
227 31
278 335
340 139
239 255
311 216
319 237
143 130
78 205
320 120
1 95
331 335
325 280
179 229
314 81
349 28
123 153
186 13
172 298
144 53
258 203
63 267
42 249
276 63
86 6
268 335
90 357
41 15
93 123
236 58
149 167
347 6
335 120
168 340
259 43
171 17
33 75
341 182
186 80
309 229
149 287
175 161
88 333
121 149
66 96
227 311
68 342
321 129
292 136
11 62
281 35
116 148
26 340
188 337
145 35
40 191
270 118
250 303
29 240
294 314
237 205
178 93
116 175
240 162
293 336
132 59
209 97
215 262
100 38
209 332
96 4
126 323
98 167
91 72
158 117
216 8
292 38
263 198
24 248
205 81
23 178
199 288
71 16
106 84
293 351
137 341
42 293
251 138
305 198
266 109
276 119
43 227
291 171
15 345
56 300
282 231
286 163
143 1
355 188
268 320
58 140
302 64
111 263
193 78
50 79
207 345
35 209
237 291
331 199
44 356
69 210
58 251
117 163
262 50
36 309
48 144
36 187
309 354
178 9
1 273
248 131
190 340
87 109
184 295
202 130
158 328
291 165
270 35
234 24
21 245
342 218
150 104
9 213
204 19
21 98
264 102
134 358
171 281
77 133
189 13
265 62
304 230
251 298
356 316
60 72
261 238
190 183
177 69
169 69
13 310
288 236
276 202
18 326
310 360
336 121
93 161
345 70
290 314
52 32
148 207
59 168
98 346
242 36
328 329
199 154
2 241
126 244
31 84
264 94
272 221
345 345
48 304
179 64
151 340
45 24
54 275
232 54
71 47
286 151
352 240
344 340
3 253
309 323
164 23
16 232
9 62
210 212
270 61
46 318
101 58
277 2
301 298
352 13
348 273
86 99
302 115
142 165
125 235
357 23
244 94
359 46
172 215
269 92
199 53
144 286
51 97
318 307
93 350
37 283
302 173
66 4
151 291
50 272
292 7
40 50
179 248
258 28
341 138
226 338
100 104
156 96
34 89
270 176
241 78
137 3
328 107
167 114
220 79
330 39
335 168
355 3
310 80
83 126
190 91
134 189
142 275
281 58
185 273
173 75
339 90
135 223
342 198
13 48
61 199
89 97
181 273
202 328
209 105
314 225
270 304
308 297
106 316
239 103
309 224
204 328
208 309
26 10
2 256
309 312
16 19
68 188
192 217
291 56
229 242
290 126
86 220
95 183
301 264
277 17
71 261
258 70
307 344
243 20
13 292
238 117
121 125
286 304
16 353
198 296
144 275
314 66
121 165
48 99
217 166
214 239
136 19
143 217
202 104
55 48
87 14
236 303
2 157
313 351
96 266
58 102
258 204
323 22
320 292
207 137
182 105
142 213
130 70
134 111
25 136
147 10
72 263
240 224
169 69
282 14
344 192
197 48
316 43
272 116
222 28
258 360
328 337
17 250
261 303
125 139
112 267
296 145
168 36
354 314
352 187
153 259
278 193
5 62
216 307
197 227
295 322
341 198
266 253
167 104
337 205
254 297
148 341
65 318
148 2
57 335
176 298
3 147
355 194
11 45
67 228
187 346
102 62
23 349
17 59
269 323
326 229
154 234
142 35
19 31
71 137
159 91
231 215
230 68
126 142
325 26
190 231
135 298
293 225
26 338
349 275
44 130
216 265
106 3
261 327
333 186
242 341
117 349
178 93
54 110
358 128
274 68
266 48
182 316
243 105
253 187
63 279
110 293
207 57
176 109
80 177
166 245
215 204
172 302
267 38
236 337
174 14
264 15
131 101
72 179
172 201
328 295
62 187
162 81
266 102
256 182
348 288
186 216
275 204
268 95
289 337
138 358
353 239
347 66
336 109
325 140
10 132
52 353
72 182
132 177
98 130
170 188
259 39
173 232
88 247
279 339
230 292
324 332
215 145
330 137
147 64
306 343
121 272
149 177
173 92
143 52
172 126
52 224
212 6
299 13
206 331
252 328
175 270
156 33
276 58
76 61
256 287
120 340
346 41
154 96
216 162
94 190
263 19
174 229
353 17
149 184
30 125
255 244
164 350
258 28
50 59
187 184
203 320
355 275
67 335
260 345
91 306
328 230
357 79
25 317
91 235
103 239
298 288
140 72
319 200
172 14
322 305
128 182
26 327
309 258
263 8
221 20
72 284
243 355
89 130
233 284
268 248
245 157
302 321
301 97
18 81
116 148
194 105
267 223
20 241
247 153
36 239
356 343
98 67
73 98
175 16
349 172
85 21
125 185
96 212
4 252
220 212
202 68
149 54
155 295
281 98
274 106
119 151
349 237
360 145
338 356
71 175
321 181
206 56
289 199
84 9
119 38
165 244
199 201
309 178
177 18
247 132
10 49
172 183
177 38
38 311
345 240
124 204
289 323
360 240
318 150
150 104
191 182
2 139
274 338
258 207
170 74
27 251
122 75
47 274
16 153
263 150
331 31
188 143
32 241
187 11
10 50
290 127
46 265
230 246
251 252
153 159
66 38
91 115
68 278
90 173
87 35
184 215
327 76
44 119
330 108
251 166
175 109
17 45
342 315
15 314
321 116
8 250
49 132
182 201
247 254
299 50
360 218
91 71
4 289
218 270
94 310
295 172
309 319
94 269
62 338
7 343
232 158
258 274
2 11
41 318
340 137
232 113
309 149
262 239
337 120
272 4
72 332
87 263
214 84
127 153
188 330
161 17
85 34
305 6
247 3
