380
11552
308 50
290 287
257 324
290 197
328 117
98 194
30 373
106 311
315 152
14 34
60 51
142 246
249 204
34 132
205 18
60 349
362 341
131 371
89 257
264 334
109 326
188 180
175 128
95 211
283 267
180 247
145 153
293 11
218 327
199 195
128 357
204 263
172 269
125 45
261 377
295 302
367 287
130 110
222 97
26 71
59 251
198 6
286 12
271 61
196 379
354 129
15 79
128 91
59 179
187 99
195 260
122 368
131 125
218 143
23 101
316 63
235 123
47 200
221 213
247 90
46 71
265 302
82 234
25 14
21 163
275 10
157 367
62 18
150 364
201 356
290 263
180 63
143 201
131 203
141 251
184 81
197 160
129 294
245 131
48 133
111 316
253 41
312 52
334 223
83 263
306 155
96 203
287 64
370 158
239 66
118 177
379 189
281 127
15 7
169 318
139 47
153 94
359 202
12 321
353 15
180 143
112 34
95 167
322 30
372 25
225 163
77 252
60 37
320 167
16 329
239 304
11 298
120 326
306 320
258 238
373 126
90 290
225 2
109 38
245 264
327 105
146 109
101 48
317 8
182 333
108 14
215 254
92 246
320 155
3 213
177 84
66 191
267 344
345 181
68 45
345 159
143 80
172 2
57 242
65 246
14 285
39 12
142 203
358 258
79 341
283 194
18 164
109 324
275 370
86 15
141 33
2 282
106 78
284 338
234 143
352 10
303 53
256 181
99 233
37 363
319 65
2 335
144 99
367 264
347 141
29 263
4 69
229 289
312 89
320 296
93 346
19 175
349 114
124 369
102 378
331 320
27 231
233 184
341 366
247 30
367 2
50 277
131 334
346 9
20 91
215 80
210 122
129 266
269 333
347 111
316 372
223 53
323 94
75 45
196 39
273 98
365 120
285 226
327 371
93 105
282 60
214 121
203 97
300 248
233 105
119 331
40 113
288 165
289 359
271 329
245 55
238 109
208 42
359 355
336 70
153 95
87 260
163 244
300 239
235 379
122 55
37 76
361 220
178 76
182 280
145 351
139 183
356 136
348 117
353 352
90 326
157 315
129 296
4 314
239 281
90 94
298 161
72 341
129 352
136 197
267 65
20 60
15 379
91 281
198 374
53 188
202 222
304 64
321 322
119 154
155 186
19 340
149 312
195 342
56 220
166 278
32 235
210 89
341 232
269 271
84 80
153 52
62 236
196 285
172 241
346 31
24 20
367 183
243 367
155 310
56 29
112 8
59 28
19 338
164 37
107 206
330 303
366 253
215 1
61 314
319 357
141 86
210 188
2 167
296 185
16 197
134 87
277 271
349 364
374 70
365 100
319 305
233 100
36 85
324 61
171 114
331 181
135 232
43 189
258 236
68 108
152 124
188 40
2 126
180 180
88 162
58 74
287 201
275 215
363 317
25 135
199 24
38 205
127 230
225 31
67 54
332 283
103 305
232 106
93 143
81 380
274 247
306 179
283 197
371 124
52 244
184 8
146 123
286 146
132 171
232 208
174 64
138 364
57 64
27 352
221 185
160 360
8 372
39 55
100 230
192 122
24 65
132 260
266 203
122 228
131 108
342 59
172 192
123 348
249 139
136 53
239 361
34 96
374 64
303 303
49 217
39 316
4 237
368 5
145 175
353 33
268 53
266 263
267 360
109 231
124 176
332 306
267 130
93 304
348 38
152 214
278 193
234 304
66 301
192 291
165 280
133 372
315 75
3 253
114 33
280 99
273 358
88 79
129 96
276 310
41 122
313 253
248 294
18 169
197 277
71 55
155 379
214 18
335 284
36 314
157 249
161 291
9 154
203 305
226 206
342 239
316 149
299 42
250 9
8 112
244 217
341 263
222 18
65 77
255 114
65 125
128 316
352 339
82 304
216 318
260 271
319 132
188 246
123 132
260 296
212 218
120 345
131 4
184 324
208 221
121 231
51 50
316 168
307 267
241 281
296 251
140 129
252 159
194 137
216 358
290 243
87 337
50 240
13 258
79 188
12 218
125 233
120 373
100 38
337 8
268 351
106 153
340 357
48 248
289 40
306 174
108 153
42 233
93 168
352 140
317 156
212 362
209 52
92 215
289 102
38 62
337 224
198 364
147 57
273 351
25 174
31 319
297 167
26 156
83 312
251 96
246 375
143 281
331 69
317 283
67 324
354 189
152 231
351 41
361 2
85 376
162 340
354 252
375 281
231 312
40 301
68 319
302 3
20 368
239 339
212 210
64 233
203 128
378 346
133 164
338 91
98 376
61 32
84 90
240 198
51 356
329 379
357 367
336 96
149 196
185 247
354 130
49 82
144 269
22 304
229 118
28 8
33 96
123 167
7 117
254 374
22 373
114 137
19 60
352 62
102 74
185 65
66 59
241 377
239 102
133 288
365 322
257 77
13 14
182 51
273 135
122 171
361 356
251 314
366 265
103 200
341 62
269 117
374 195
306 340
143 61
277 350
87 22
86 343
162 188
221 368
92 378
271 88
226 111
120 81
86 211
14 98
80 256
307 312
331 137
161 174
52 293
78 171
234 126
257 372
60 315
81 367
60 122
76 203
172 191
121 104
355 43
255 286
360 190
142 278
198 320
14 12
51 323
213 146
49 121
297 54
177 64
103 65
109 85
149 157
88 180
296 246
35 256
345 125
68 265
191 211
333 315
330 234
347 129
276 99
259 33
336 104
84 301
287 8
376 145
278 264
70 65
56 208
44 140
308 327
274 310
375 29
1 293
104 30
283 246
281 273
306 109
209 310
141 175
300 172
164 139
91 321
3 215
82 219
63 35
233 70
176 267
142 59
10 274
57 321
40 191
337 349
111 242
317 11
325 57
36 184
69 91
248 34
58 101
52 42
126 146
273 353
305 11
176 366
13 293
78 100
298 43
309 362
118 207
163 71
54 78
89 278
161 353
335 9
210 159
291 316
247 215
50 189
62 22
116 220
130 41
302 39
353 164
131 213
32 287
49 291
210 100
135 185
109 309
326 192
131 304
310 333
161 256
330 66
165 301
213 262
88 57
379 330
25 96
251 296
115 284
304 52
53 1
196 353
10 352
117 346
60 315
7 198
325 119
210 208
114 191
325 254
313 239
23 253
245 135
2 327
85 210
136 113
85 65
279 259
199 177
353 351
128 196
154 221
256 92
212 53
378 136
291 124
119 16
359 16
113 1
264 224
228 243
88 171
222 247
145 296
61 291
43 2
194 115
103 260
94 247
374 212
50 321
240 249
32 149
228 22
176 379
135 192
228 250
339 191
108 292
97 311
93 136
355 354
23 135
226 159
345 122
206 92
293 43
284 307
240 376
182 117
39 165
97 355
153 217
145 260
209 267
275 175
292 75
110 123
272 146
368 56
341 17
260 303
40 18
130 347
2 129
73 127
250 308
337 304
22 335
180 87
293 74
344 337
203 70
100 20
65 345
121 196
40 263
277 50
96 155
282 266
289 343
104 110
358 65
347 59
187 105
82 369
254 113
37 130
174 28
346 373
111 249
126 232
221 48
247 141
30 342
25 369
194 303
293 261
168 331
286 157
8 259
42 112
342 352
235 302
164 268
63 67
69 376
42 254
285 147
103 4
240 248
331 34
111 95
102 148
73 22
84 27
238 249
358 114
158 321
320 180
147 131
34 68
37 1
159 204
17 310
347 22
311 77
261 41
6 46
147 264
179 113
226 365
337 91
306 221
19 293
122 116
190 59
369 224
361 363
247 174
378 198
118 151
228 304
191 140
370 145
169 109
91 55
216 71
278 9
371 355
375 71
208 201
115 120
122 332
140 77
302 339
223 193
105 12
150 43
209 53
133 292
111 129
72 197
342 118
171 121
310 260
72 38
35 321
43 209
285 341
337 330
145 38
247 10
306 219
233 64
29 135
70 24
218 123
165 33
211 249
50 171
244 166
252 275
197 251
335 201
187 357
50 52
86 89
242 65
360 140
246 332
256 31
377 338
378 13
255 69
337 101
120 46
201 223
321 336
300 23
296 365
207 48
378 219
121 109
285 40
191 361
374 279
287 229
91 161
210 268
361 184
1 80
199 84
132 3
180 155
143 177
373 283
361 301
106 177
41 237
124 172
278 8
233 28
274 17
333 335
28 32
118 16
101 60
186 59
256 255
293 189
184 87
353 91
185 300
209 278
198 191
119 378
298 357
297 25
200 167
28 374
283 345
368 216
91 257
204 226
29 36
365 77
129 123
26 6
63 81
332 12
232 307
30 341
351 72
30 87
324 5
203 69
233 256
5 18
307 137
97 147
200 97
237 277
355 306
95 107
200 356
140 266
216 254
181 161
233 79
193 97
239 97
233 65
269 119
355 249
87 184
71 81
104 232
151 200
63 218
218 255
29 211
47 162
349 29
163 13
235 31
349 295
323 1
181 25
299 310
340 254
354 319
35 283
142 5
84 76
314 149
311 17
179 175
71 46
208 304
192 199
294 185
156 369
69 112
319 268
44 244
376 189
146 249
283 62
111 363
227 100
376 161
147 192
226 365
238 20
47 170
185 28
108 4
152 223
354 19
155 114
295 47
114 218
310 289
135 90
52 239
42 73
347 161
88 146
259 260
248 192
305 151
212 4
326 347
278 210
126 160
2 88
340 116
311 52
290 40
254 10
343 130
275 308
45 222
36 121
113 351
55 349
318 18
170 308
113 253
36 217
137 43
112 22
368 95
139 289
252 261
10 71
210 294
239 215
149 39
333 86
68 77
338 88
372 336
18 204
288 14
140 123
195 65
254 197
194 364
25 365
342 10
295 149
27 344
263 117
198 44
314 353
348 186
258 46
379 362
327 22
206 205
97 260
231 227
370 81
61 304
49 131
348 95
191 122
345 259
342 358
136 362
58 142
242 156
195 154
116 153
244 267
180 155
183 299
191 120
302 262
294 343
37 337
272 131
193 226
333 133
209 256
357 246
152 266
265 244
51 272
313 11
89 150
43 43
260 31
101 40
221 77
371 211
76 102
373 289
206 107
242 259
275 350
262 266
218 254
325 264
196 109
338 363
46 221
61 80
2 201
280 330
101 104
203 267
364 49
252 122
133 130
199 336
3 162
202 124
111 281
263 226
16 65
314 104
312 8
314 299
63 270
2 176
199 175
42 28
205 117
162 176
3 193
289 319
182 297
313 242
177 342
374 269
371 329
136 348
94 295
5 52
319 97
328 244
91 33
104 22
214 198
333 41
209 139
281 147
86 325
371 207
149 111
273 22
303 25
166 27
258 114
239 212
11 289
295 54
327 277
222 323
268 205
170 171
330 213
322 78
220 107
65 80
138 346
319 317
376 86
169 142
31 163
60 134
3 321
354 33
243 82
218 132
139 69
283 347
49 305
116 108
21 303
11 338
248 297
323 377
32 319
263 334
246 304
359 111
207 81
199 317
313 337
139 216
177 341
130 29
104 369
51 197
33 179
223 317
173 112
149 279
145 214
15 246
131 304
301 226
26 345
125 160
15 83
362 276
149 240
288 69
342 103
188 232
218 246
19 14
367 233
233 350
233 19
326 302
49 153
251 286
200 110
54 96
117 281
343 373
14 178
257 181
286 232
24 68
170 208
168 323
233 112
306 102
202 65
377 79
124 162
34 46
256 16
96 278
263 308
191 128
32 259
90 142
293 135
136 129
337 165
261 217
36 14
330 88
4 79
269 42
231 71
175 33
291 15
157 202
240 168
149 99
140 105
174 213
339 193
160 46
39 25
225 298
173 138
54 311
260 233
302 301
182 124
321 165
171 118
226 310
107 272
311 64
328 52
183 328
83 150
80 83
206 289
248 15
96 109
151 44
110 255
213 125
150 54
39 240
351 162
68 259
336 229
352 164
349 296
168 187
280 249
96 129
95 152
159 135
311 231
236 282
19 50
161 131
8 26
62 311
301 133
357 32
174 105
81 76
225 100
347 31
340 268
118 356
321 23
191 170
229 330
195 287
262 184
225 315
168 225
225 60
109 159
242 45
120 32
240 53
316 172
298 24
295 312
23 122
150 85
118 41
110 148
251 215
372 215
374 184
64 113
74 360
163 26
136 351
300 287
350 159
53 227
370 312
213 349
54 7
8 278
279 367
308 210
12 16
237 290
205 295
302 211
336 183
339 296
3 307
314 84
137 218
14 6
224 216
169 323
183 111
337 212
250 80
52 39
270 122
196 332
274 259
13 81
377 183
270 156
214 320
360 238
164 91
317 119
220 25
214 321
30 192
88 294
192 1
251 181
303 195
334 300
351 255
102 335
187 253
138 66
99 50
320 60
248 332
164 137
214 231
185 209
297 200
86 147
217 156
63 19
28 204
374 328
277 167
26 334
274 104
156 292
298 350
44 109
256 177
204 316
153 347
67 199
247 251
20 235
308 318
13 171
303 35
129 146
208 276
361 66
341 56
216 224
101 69
347 129
79 53
109 21
27 144
151 22
217 19
283 215
139 275
156 15
39 328
377 337
133 308
241 293
194 322
78 173
9 73
86 243
275 250
304 326
94 77
213 296
142 341
193 267
43 92
33 73
189 265
116 104
368 297
70 63
333 308
230 294
115 58
346 216
130 287
43 378
80 108
208 186
38 18
355 162
185 238
228 80
365 97
380 104
30 302
106 372
326 86
141 226
225 1
279 15
13 118
311 252
126 14
255 326
328 276
323 288
171 212
231 371
70 225
76 117
126 242
32 312
245 296
259 162
131 257
143 242
324 358
133 350
242 30
106 58
155 122
34 314
75 279
269 12
276 356
205 181
265 259
112 56
351 346
166 359
21 255
203 160
334 197
143 150
282 134
121 172
308 21
283 260
76 101
259 49
134 371
93 22
162 26
141 174
5 232
219 276
146 9
365 65
239 317
324 154
55 131
140 305
182 359
362 112
190 322
338 190
41 235
273 167
72 332
146 166
147 315
323 285
1 179
178 171
110 318
254 62
3 369
123 277
46 171
272 322
374 215
279 150
169 144
352 15
239 29
69 72
358 257
318 163
234 103
240 101
285 340
332 167
212 17
96 173
57 218
244 272
191 15
166 262
63 116
206 91
265 339
89 272
100 235
189 380
7 79
263 345
273 368
247 16
137 179
60 194
359 134
186 89
72 189
94 300
35 379
259 161
50 379
29 292
290 13
44 327
127 147
157 252
7 77
319 99
318 326
241 202
283 248
108 293
201 203
86 111
132 140
38 69
288 122
179 293
344 180
172 23
33 104
108 146
304 21
71 319
329 275
329 114
211 120
264 131
12 261
303 289
326 90
27 152
156 226
323 149
247 175
120 277
338 78
19 57
94 126
225 292
50 208
37 64
343 51
280 296
266 12
145 215
7 12
335 233
372 315
372 183
254 142
365 96
45 226
145 3
230 323
74 186
193 180
224 103
179 11
206 312
237 308
187 74
69 71
23 56
223 187
104 372
265 203
242 112
284 201
94 217
369 303
156 231
378 13
94 369
97 13
87 82
190 155
124 348
173 322
348 374
281 147
157 272
191 357
199 143
10 72
300 234
371 53
200 34
241 167
374 238
177 27
311 95
339 77
200 290
194 262
203 183
378 265
93 132
114 359
193 266
314 136
371 296
358 15
197 208
220 146
252 122
127 284
83 154
251 211
25 164
305 341
9 198
162 42
227 195
79 225
140 11
30 299
8 154
251 331
328 67
334 82
292 68
200 130
60 374
183 35
253 19
39 145
252 62
164 286
349 352
287 349
17 260
2 71
243 49
12 341
218 219
186 85
35 275
196 9
187 222
196 251
307 357
360 131
331 344
115 150
118 302
209 303
110 75
152 102
172 295
223 61
201 199
236 310
143 370
272 318
206 46
148 311
215 120
224 14
201 320
174 196
370 298
146 272
215 202
187 140
359 78
335 21
21 227
353 48
72 189
288 212
234 90
170 136
102 367
290 286
82 273
8 226
241 203
222 186
267 271
313 236
93 309
244 186
212 222
171 179
203 135
317 1
217 171
73 146
253 225
270 145
176 153
48 24
96 173
324 288
53 222
270 155
132 11
30 34
145 86
318 238
34 142
297 119
212 324
347 103
47 23
248 89
96 152
158 325
269 20
65 125
161 47
31 83
332 228
172 213
331 97
215 163
281 124
43 181
94 318
134 203
249 234
337 307
90 129
342 320
178 222
317 371
175 301
5 84
18 256
42 46
358 126
210 340
132 67
106 326
135 24
81 376
375 186
236 111
43 79
134 112
164 376
190 188
16 17
100 53
137 379
92 48
109 263
285 266
298 317
191 232
204 105
163 111
348 212
214 251
177 117
174 184
243 98
128 263
289 362
222 70
243 321
269 259
84 13
90 109
174 241
127 112
145 135
330 178
192 259
316 231
58 79
153 53
316 114
327 380
148 55
298 278
189 88
8 323
307 292
263 92
25 5
264 365
277 270
158 70
61 284
109 196
112 263
169 99
266 215
9 235
280 250
65 282
99 310
132 235
37 276
184 241
125 39
368 365
247 16
1 50
181 329
250 236
135 379
365 95
371 97
208 373
110 156
377 242
143 203
41 302
157 321
161 158
128 326
365 310
211 181
271 26
237 334
321 187
310 321
97 2
359 370
49 204
333 18
199 134
180 10
287 127
164 142
193 314
48 19
359 352
55 88
1 293
322 336
167 361
181 361
62 127
231 29
325 79
6 152
105 193
309 257
331 128
144 1
222 31
22 42
14 140
111 357
176 29
129 277
119 95
221 51
18 143
54 244
318 146
44 12
196 177
14 192
163 29
375 97
341 14
272 229
299 36
40 316
346 167
100 339
344 74
357 126
85 364
334 231
83 83
11 188
329 263
323 256
42 308
64 23
225 109
146 289
348 217
69 211
140 364
45 319
14 317
295 207
98 93
195 295
269 277
247 105
356 362
82 123
39 146
111 38
357 129
218 268
225 13
379 125
327 90
219 267
111 190
355 138
75 234
127 226
24 120
359 56
191 376
219 6
13 110
227 8
80 238
51 264
370 333
121 294
59 85
239 49
22 2
75 166
53 173
300 272
366 202
22 228
368 114
303 187
24 68
62 367
104 108
255 371
275 135
92 116
125 210
15 38
73 64
46 255
118 62
369 45
48 196
179 199
183 189
106 373
27 149
79 231
188 287
353 373
362 113
223 165
126 42
124 191
50 66
61 307
8 8
376 99
32 99
82 216
60 104
346 179
283 290
202 312
8 336
361 333
23 361
126 77
255 95
344 312
348 237
69 35
355 263
185 33
215 215
64 78
141 240
343 359
170 44
39 238
20 294
115 14
367 119
147 55
100 333
356 83
348 153
331 158
198 336
122 344
171 186
144 171
84 156
265 79
105 62
138 9
238 8
196 71
219 71
270 136
288 262
221 325
186 192
285 307
192 313
258 257
22 68
334 174
28 295
374 95
99 323
24 19
336 148
225 250
247 267
197 377
114 176
262 196
84 110
268 369
273 171
202 274
153 268
13 193
297 195
37 192
122 263
53 350
101 246
346 184
128 64
64 32
262 331
118 333
267 211
237 244
159 358
42 286
288 165
160 71
102 75
73 235
181 328
209 263
211 349
213 184
253 3
199 327
237 25
295 283
122 342
12 33
247 65
47 193
245 371
217 149
15 197
379 47
280 159
379 140
330 6
309 241
47 282
153 325
331 54
251 2
327 361
156 40
316 32
91 182
173 337
196 149
28 33
63 72
82 162
319 345
314 201
275 257
181 320
4 48
209 60
242 343
222 118
307 313
166 270
342 100
171 73
209 324
54 223
336 93
233 54
311 43
124 277
66 81
121 358
97 326
292 221
379 346
136 30
294 174
347 37
280 376
266 252
264 122
323 194
121 97
268 121
281 11
31 143
154 157
173 309
127 376
136 149
128 331
53 171
47 194
188 104
97 280
75 96
298 53
321 51
27 332
62 330
226 289
203 292
112 122
210 69
185 235
336 18
217 96
111 197
200 229
188 256
82 262
314 362
279 2
202 370
103 285
41 247
349 117
110 25
66 242
291 259
246 204
256 350
138 296
322 316
209 85
365 209
294 58
132 292
376 30
200 272
30 24
144 203
173 240
212 177
94 52
98 119
316 26
117 158
127 31
92 338
371 146
211 37
227 126
144 338
350 104
94 25
277 137
95 33
368 169
24 32
216 287
341 2
58 218
116 321
99 282
58 57
304 111
357 12
169 185
278 371
55 203
235 28
62 351
303 63
157 62
148 172
204 308
118 309
288 343
339 56
141 72
246 158
298 190
345 163
41 360
73 78
129 255
156 72
75 377
41 108
195 2
356 11
323 311
370 253
144 311
303 28
151 348
242 127
116 115
335 272
273 89
245 87
74 268
122 132
289 198
124 73
372 259
2 278
220 71
48 100
96 90
300 335
116 111
114 269
137 257
334 313
349 140
139 255
271 67
11 110
17 103
201 204
73 235
231 298
151 303
235 63
133 153
362 115
227 212
380 289
178 298
224 36
142 357
331 14
336 319
311 314
284 272
348 187
29 364
168 291
287 42
175 167
266 82
217 10
271 28
306 21
236 292
313 73
265 291
147 257
3 299
64 163
236 252
45 55
145 343
363 51
132 228
375 184
77 359
75 323
253 19
352 355
168 267
63 83
22 226
204 102
130 136
306 43
179 311
230 350
150 162
47 167
268 327
36 226
84 271
145 76
36 50
217 379
82 200
177 380
216 346
205 139
39 28
1 278
309 100
278 347
8 247
304 62
39 216
103 193
206 214
170 95
63 228
73 132
190 380
171 136
108 167
192 284
292 288
291 72
36 344
370 201
365 14
370 121
360 135
243 57
10 15
65 219
176 30
161 363
368 325
59 160
151 346
131 333
254 115
97 259
187 181
312 97
231 277
242 254
74 105
139 234
87 120
47 317
102 51
240 197
212 17
75 154
128 366
377 253
241 291
50 44
241 260
79 130
275 177
21 337
335 357
321 151
374 62
323 197
86 56
235 120
136 235
121 229
224 170
202 103
369 123
292 107
207 245
240 333
234 374
3 349
41 273
104 3
274 187
20 356
262 161
122 61
341 199
100 127
269 229
216 214
267 349
232 368
37 23
191 137
146 261
183 252
45 119
198 213
99 269
266 85
296 170
165 6
180 170
214 203
257 368
185 70
158 56
243 184
242 48
376 89
93 32
344 58
8 319
134 183
283 371
266 46
4 172
96 171
207 266
120 309
87 207
268 15
338 2
119 30
167 112
103 255
224 120
198 365
61 311
339 137
50 374
237 257
306 135
181 59
7 313
185 235
39 161
242 143
101 358
336 258
338 82
216 24
336 379
94 376
348 126
120 211
350 157
36 202
170 119
147 183
169 102
283 28
277 45
93 313
122 61
251 45
371 326
21 239
239 8
83 245
253 172
257 111
260 11
306 86
187 296
297 315
244 368
352 153
215 72
32 71
165 266
256 20
62 328
364 354
56 153
198 297
354 252
87 361
353 60
273 111
185 313
2 286
371 170
253 90
61 9
377 174
110 247
276 42
200 197
345 301
249 299
48 352
129 336
160 58
81 234
246 240
246 73
301 139
297 274
253 350
251 118
7 139
9 297
269 121
209 338
196 13
177 283
105 294
127 366
29 216
337 344
225 375
55 74
50 167
186 375
109 60
205 125
343 50
2 11
293 364
13 379
243 304
139 262
254 35
244 113
241 14
72 232
326 305
294 74
151 336
271 336
320 52
1 162
15 231
241 272
352 207
372 7
325 359
372 228
139 235
374 329
110 180
72 91
54 275
199 297
307 43
164 285
125 243
155 138
27 22
292 357
128 175
303 106
86 303
108 51
353 238
100 293
377 375
291 276
82 201
240 359
296 108
348 347
60 318
256 155
226 168
56 259
348 280
185 183
241 207
163 50
89 332
326 63
10 157
287 169
287 191
84 271
247 338
190 17
215 355
109 175
8 100
103 291
224 81
2 242
111 146
22 223
158 318
126 6
362 267
351 141
193 347
300 69
291 155
218 13
225 285
118 129
141 329
160 81
73 303
358 146
378 339
77 83
276 140
78 361
304 19
11 50
6 277
40 93
282 208
358 358
45 290
221 124
65 209
12 201
244 72
147 49
322 346
40 172
35 340
152 181
371 88
193 344
166 153
309 244
284 128
226 47
290 353
44 276
368 109
20 344
133 105
184 60
266 23
298 342
161 229
273 176
265 289
80 296
270 335
276 181
147 140
37 145
57 81
247 111
302 211
328 214
34 334
152 14
62 47
247 344
158 173
73 70
264 279
132 136
298 172
371 245
289 15
354 171
294 82
53 137
334 187
356 23
194 261
13 38
218 242
37 256
158 354
49 249
72 23
33 330
126 330
119 221
66 186
209 179
227 265
146 120
256 254
130 221
240 91
47 129
316 368
261 254
223 177
312 356
350 316
189 134
151 304
343 236
188 48
30 159
310 160
186 61
227 251
103 83
375 359
301 210
132 2
76 325
109 366
64 280
287 219
330 349
177 326
349 91
101 99
339 316
73 376
343 232
211 181
137 191
132 338
43 29
95 65
201 19
252 21
88 228
341 293
262 329
92 348
369 112
246 373
159 89
77 255
333 33
13 210
159 183
131 284
121 132
109 309
272 322
327 375
52 246
212 3
248 155
172 299
255 219
299 226
366 287
125 275
314 135
313 172
12 46
25 303
248 109
298 355
57 374
289 101
296 126
113 358
235 120
221 333
63 35
132 300
376 118
23 128
200 311
335 138
207 13
220 63
322 260
197 249
274 97
353 115
322 312
143 247
49 269
324 110
9 305
139 350
21 42
34 315
206 268
368 152
209 109
286 249
3 102
378 257
123 332
93 114
12 62
306 109
190 263
142 353
126 198
168 12
213 224
209 30
112 59
322 288
137 219
200 367
206 329
284 184
77 253
287 188
134 94
22 371
191 346
128 270
287 346
67 107
35 257
169 68
162 27
90 328
261 286
321 330
116 84
57 263
119 315
39 188
337 12
279 357
2 371
294 18
256 148
333 209
102 67
318 152
212 220
256 193
124 95
170 85
56 253
158 140
81 32
247 81
145 139
285 103
199 355
204 235
232 53
78 128
356 159
351 108
98 356
48 31
160 119
225 276
250 108
340 238
298 36
160 138
20 237
172 211
206 66
308 272
35 224
22 193
219 129
289 169
133 336
254 200
195 209
8 110
4 96
147 318
358 323
354 169
61 4
135 98
81 67
283 380
305 203
164 325
320 135
54 262
209 317
90 356
320 60
193 95
104 306
301 196
56 154
220 248
270 338
345 337
321 245
354 127
91 146
29 309
1 191
161 43
14 146
271 125
232 377
251 334
188 249
302 293
88 230
332 29
377 34
34 158
67 109
300 131
128 178
18 51
307 39
334 322
172 135
319 96
177 86
57 241
295 260
127 357
113 193
102 267
257 215
214 282
155 184
151 133
206 225
30 131
202 320
194 375
93 248
212 74
236 247
161 368
207 258
38 182
49 238
210 190
104 363
4 77
191 128
259 97
218 38
355 194
346 145
369 379
313 276
248 375
298 123
236 151
327 307
180 11
170 28
322 11
230 299
224 216
297 29
348 314
213 209
348 372
309 332
90 111
29 120
136 87
309 282
347 44
236 311
228 5
140 145
82 208
154 363
219 70
17 137
115 252
111 108
222 89
226 242
336 202
244 339
227 204
150 219
69 255
208 170
286 361
138 268
223 303
89 371
167 287
344 101
98 112
218 122
165 109
31 280
21 191
23 309
42 116
268 266
17 40
377 148
359 170
26 41
176 8
180 328
14 336
294 188
369 15
248 226
246 312
33 174
331 282
284 187
152 365
60 49
195 5
298 212
59 185
38 230
337 37
261 328
355 177
270 25
361 336
370 169
34 306
236 367
70 204
133 107
55 95
224 162
374 339
236 34
45 167
16 191
237 319
88 287
272 314
98 21
9 145
203 225
346 175
208 345
162 114
377 317
248 279
137 324
31 19
293 277
23 351
342 278
43 213
2 159
331 313
99 349
194 185
282 105
373 130
109 232
29 52
218 274
186 365
292 260
43 19
313 103
264 278
186 353
308 186
354 203
84 275
298 310
168 108
70 117
271 67
361 231
273 130
262 225
100 67
232 245
313 325
171 283
295 224
74 332
117 353
263 291
71 344
27 283
131 350
223 256
69 124
160 354
378 72
344 124
299 316
182 310
139 269
42 190
303 367
261 251
237 356
255 297
301 301
300 10
101 134
193 166
222 366
234 345
101 246
30 12
297 287
319 187
47 121
228 180
161 39
152 180
151 141
238 288
126 257
369 289
306 225
282 168
81 291
122 337
313 71
230 237
361 130
61 98
37 347
139 162
267 103
207 183
370 84
163 119
136 143
161 363
224 49
106 12
121 193
34 100
44 46
187 57
353 307
248 74
320 335
74 221
368 272
85 373
52 186
11 7
87 45
51 117
3 266
354 174
39 89
356 268
370 163
366 337
150 287
85 332
251 341
154 29
361 27
360 115
138 306
171 321
57 369
20 84
315 259
258 311
10 48
336 153
155 264
34 165
136 56
166 85
286 360
279 298
145 170
2 296
273 321
213 67
48 222
286 104
271 132
133 165
31 109
335 97
338 84
54 36
274 121
90 111
253 69
260 167
361 256
70 89
18 292
254 62
358 232
99 377
302 370
319 23
22 157
50 376
190 263
327 24
316 128
294 320
274 190
367 377
133 91
345 339
84 138
354 273
7 152
114 328
11 257
88 306
282 126
149 299
333 291
287 29
55 318
135 42
180 282
134 275
90 214
149 226
131 19
377 62
63 273
225 217
206 370
48 230
241 5
329 316
132 106
117 255
339 250
154 8
306 288
200 273
131 63
235 46
171 355
32 114
230 255
298 226
326 323
96 379
281 7
294 358
90 333
16 117
182 143
292 73
36 341
50 7
283 263
111 124
365 52
168 316
318 181
366 9
379 18
350 23
78 30
120 69
175 235
28 21
84 26
316 134
356 133
314 173
246 304
79 181
283 262
150 281
347 98
146 38
9 135
213 43
322 122
75 328
1 313
280 102
101 342
268 286
291 347
29 304
302 236
357 368
102 101
325 116
176 140
122 221
195 258
53 290
64 291
188 297
235 328
200 62
56 100
319 108
157 48
345 196
97 131
373 255
11 74
15 379
248 259
229 215
353 198
61 317
99 95
333 338
380 57
121 84
122 9
362 117
147 155
62 164
66 153
179 92
42 273
207 130
378 327
356 59
360 279
275 19
194 49
33 118
219 7
177 305
237 255
66 308
112 273
169 57
257 261
16 177
357 359
266 136
181 38
29 235
94 351
333 235
207 83
367 33
151 128
215 311
294 243
287 196
84 232
44 173
357 75
17 42
304 151
344 226
256 239
376 174
199 219
1 134
19 190
205 190
98 155
78 94
210 371
48 109
26 285
157 88
285 261
23 346
122 154
376 310
255 240
177 169
82 97
161 285
357 234
126 91
17 189
169 369
367 66
221 354
279 336
63 109
333 38
44 98
134 218
174 80
27 371
205 349
295 151
39 255
71 110
278 195
329 247
325 369
372 371
201 170
159 318
56 144
380 376
159 141
354 47
10 289
322 347
168 37
2 90
21 160
150 268
42 267
126 40
343 309
174 319
17 165
89 339
257 30
327 76
251 237
233 196
135 148
198 69
164 15
110 206
269 361
380 168
331 174
86 187
147 81
78 11
104 70
230 131
250 230
372 20
28 144
128 76
326 64
323 159
8 21
16 56
180 55
313 145
120 215
167 305
88 148
146 331
108 338
78 374
102 262
316 124
304 152
130 50
213 203
117 172
232 327
15 219
24 379
53 313
295 269
317 139
127 321
378 266
5 44
298 216
168 9
365 326
9 188
39 287
304 277
372 352
124 292
247 281
233 312
197 240
57 75
128 183
337 224
81 220
235 32
378 275
103 95
91 302
39 68
71 269
293 45
68 335
330 366
239 283
374 99
61 347
212 346
253 122
356 109
5 38
224 83
191 272
112 177
97 290
201 333
323 42
155 356
11 263
40 113
230 102
329 77
203 239
15 380
136 213
50 236
145 90
261 344
318 234
328 308
328 88
149 202
90 308
71 155
288 269
161 149
361 296
72 40
218 322
351 162
160 107
124 335
108 378
144 80
68 334
289 169
154 343
336 230
115 129
109 22
210 257
79 190
82 367
41 311
345 313
109 347
365 327
82 268
83 279
306 57
344 273
281 41
341 162
125 192
114 192
68 341
253 307
42 257
93 72
362 376
223 164
75 79
5 246
239 308
117 276
73 105
372 72
213 291
220 34
316 354
318 231
353 131
179 186
249 58
227 380
305 236
340 258
117 140
144 205
183 61
76 329
239 259
210 276
199 348
50 35
303 272
304 320
91 114
108 356
376 297
22 148
171 213
342 312
222 74
334 123
164 222
136 328
289 308
334 239
90 357
152 149
245 300
276 212
115 297
55 70
250 150
137 78
76 312
180 181
345 13
368 357
135 157
75 358
43 347
286 294
274 53
160 97
247 21
376 180
193 197
350 170
287 240
157 199
334 190
112 162
225 35
338 145
305 260
255 95
294 333
42 53
248 269
345 18
15 194
276 148
286 50
116 58
25 71
334 57
362 254
57 117
48 26
72 103
20 132
108 92
268 109
241 75
354 126
312 234
349 115
338 316
253 117
212 158
249 265
226 369
126 350
218 279
58 29
365 269
92 131
170 158
231 12
94 168
121 153
378 1
50 71
285 247
235 156
292 342
251 115
49 185
204 235
104 195
324 260
364 1
302 54
207 351
370 111
309 125
345 233
356 181
176 268
40 17
322 378
129 91
196 188
97 341
310 33
318 72
137 226
97 115
167 34
129 319
43 90
25 378
270 342
41 101
229 70
214 300
304 135
281 38
311 290
95 194
241 12
56 76
53 139
249 115
274 292
250 324
227 153
179 354
311 32
379 155
358 275
343 114
374 360
345 371
147 261
213 302
65 293
194 315
331 54
157 308
191 14
196 96
40 310
313 298
240 253
258 157
201 253
3 199
371 263
230 207
16 209
69 216
99 367
183 289
128 203
306 251
337 222
324 266
370 5
289 378
293 26
378 307
131 187
110 138
69 363
321 135
293 195
205 154
305 188
157 273
15 79
134 282
321 215
46 212
234 313
64 139
162 184
59 144
156 6
339 317
341 318
355 68
142 239
85 86
177 135
346 357
370 11
93 247
258 28
93 22
57 217
162 165
86 68
12 201
367 155
133 169
152 16
79 104
322 249
373 19
71 358
232 15
378 36
242 102
228 32
28 24
269 50
153 75
222 208
226 366
267 274
125 224
373 266
159 176
255 365
140 96
130 251
190 225
347 98
57 92
3 353
239 56
224 168
312 239
288 325
366 176
106 294
313 313
304 5
158 45
322 184
108 79
246 267
347 163
128 372
9 183
118 10
159 380
206 339
289 310
358 212
245 190
265 120
361 108
79 295
233 378
267 306
310 15
186 321
233 96
344 225
149 247
58 5
182 175
260 32
252 220
366 317
195 131
309 215
310 266
81 59
88 283
268 114
200 307
361 130
261 220
179 25
46 316
99 60
21 200
241 229
201 175
29 96
175 133
65 50
185 143
361 252
121 328
107 274
212 246
322 369
8 16
25 85
250 79
162 345
91 321
302 83
80 23
176 226
64 195
194 215
266 93
340 332
8 119
1 299
164 215
287 344
163 95
355 147
196 103
352 17
228 300
308 166
53 338
324 233
98 35
100 342
194 299
183 95
82 311
363 165
14 196
28 222
211 77
280 220
17 297
76 143
231 101
262 336
338 5
150 140
20 235
328 204
347 63
125 189
197 263
204 120
94 184
171 183
57 272
92 77
174 18
3 9
103 82
161 93
3 119
20 345
11 122
233 204
225 201
30 373
20 311
169 27
88 140
330 140
299 253
370 282
296 39
115 350
251 79
199 262
341 158
330 128
360 356
289 274
225 242
35 233
39 249
169 148
298 372
102 173
370 91
267 197
261 102
294 345
107 123
55 215
20 75
143 192
105 348
55 38
229 376
115 107
48 216
155 282
287 26
47 124
168 333
300 178
1 38
304 277
212 40
150 210
376 368
89 212
106 139
322 90
279 153
200 312
235 372
312 27
357 201
133 140
128 115
45 40
354 122
37 11
249 321
243 203
202 293
202 237
94 109
338 202
114 350
358 115
52 318
356 163
268 286
183 77
6 291
193 249
185 144
104 101
70 338
311 363
194 181
375 255
285 221
355 275
250 208
304 193
355 126
297 241
19 346
307 116
326 290
220 152
54 178
345 123
131 127
33 305
257 98
301 289
148 322
165 200
229 347
38 157
200 332
272 189
288 12
253 16
187 60
361 237
210 171
193 117
103 351
225 224
376 101
129 153
296 293
217 128
73 124
180 110
277 60
290 300
287 195
189 250
77 369
216 199
2 89
117 342
314 297
217 290
141 368
294 152
4 288
109 108
131 6
31 343
272 213
289 274
213 298
357 176
369 372
256 103
210 134
36 194
66 307
153 208
37 76
348 263
79 315
199 93
26 202
90 74
55 359
70 260
371 94
137 333
12 199
188 34
255 370
172 130
347 222
182 213
379 162
20 260
170 295
224 284
371 304
222 324
230 208
241 351
100 134
194 99
363 238
250 107
94 100
95 136
333 128
94 213
94 370
307 45
352 316
95 6
307 139
53 155
179 173
70 198
360 355
221 270
304 238
16 236
207 197
18 270
226 44
133 118
3 287
172 322
32 205
171 344
303 115
361 40
209 303
279 221
16 309
182 217
172 295
176 264
250 55
341 323
222 40
368 270
42 292
332 50
201 171
367 181
152 137
346 333
218 131
114 242
47 326
249 356
154 372
347 108
259 204
334 370
258 183
80 197
341 254
270 153
375 3
162 375
31 279
133 373
117 296
132 345
350 272
38 163
138 328
378 338
131 326
59 89
81 20
299 166
356 112
80 310
363 163
158 107
346 49
126 272
58 165
13 6
323 166
140 201
254 79
215 191
212 168
17 135
74 265
154 321
263 325
65 170
155 287
337 48
58 295
188 198
225 123
337 214
16 360
225 39
242 158
252 239
68 220
273 194
92 264
160 215
265 11
256 352
79 168
310 296
86 287
312 4
279 278
362 53
297 290
56 354
144 236
25 113
233 116
336 64
338 211
170 17
199 371
50 285
126 115
88 147
372 253
300 267
220 75
2 352
192 348
73 86
94 20
90 32
94 132
125 84
362 170
158 187
15 284
44 74
326 371
215 42
372 203
203 79
197 20
220 59
165 336
95 248
65 17
185 19
128 325
233 25
58 360
71 116
107 298
312 81
368 272
82 235
224 147
116 359
376 339
292 89
57 313
144 81
108 230
249 177
168 191
324 36
38 141
284 164
5 13
123 227
5 250
290 159
318 98
84 57
240 211
39 228
188 51
245 293
40 236
225 297
221 94
343 308
158 240
228 376
303 22
317 188
176 51
5 224
289 377
50 176
362 8
202 206
1 245
78 241
201 260
278 175
173 293
371 68
317 264
279 287
44 78
336 167
216 359
110 81
207 25
261 136
247 257
103 60
320 114
175 296
236 313
17 225
242 53
351 130
144 134
128 319
373 290
335 141
21 302
176 104
123 135
38 27
81 45
238 155
215 245
94 277
49 272
344 88
328 94
198 370
227 88
168 302
206 50
85 364
111 205
167 111
37 300
209 102
357 194
157 158
160 372
364 357
293 201
3 190
140 171
315 110
90 186
21 370
235 40
287 160
193 104
330 237
344 42
205 357
123 266
239 71
322 144
195 50
147 223
183 64
172 189
366 176
186 185
153 277
233 126
268 367
214 168
184 4
217 294
259 319
298 167
30 147
69 126
290 316
283 26
271 364
376 345
150 147
215 14
252 222
328 352
25 278
221 366
180 35
291 18
346 351
110 215
309 373
88 162
246 67
117 135
108 375
118 138
222 234
81 268
92 112
161 79
241 318
291 61
171 110
111 41
308 333
224 304
96 197
228 276
53 130
225 31
373 110
293 190
281 68
88 82
257 364
292 77
255 313
319 378
348 148
6 166
29 90
331 67
111 63
330 83
307 299
144 242
202 188
251 54
226 266
66 171
65 251
40 238
378 195
310 222
328 82
362 273
79 337
35 292
183 312
302 338
174 290
133 67
63 363
171 111
50 337
133 98
342 336
277 174
238 101
65 201
244 80
315 212
129 271
257 24
299 360
95 46
27 253
205 159
146 105
37 328
122 182
81 179
299 258
119 301
59 298
285 212
377 260
338 372
83 141
176 22
189 205
122 127
291 335
68 223
160 71
94 358
379 137
301 214
307 231
291 167
258 29
326 86
220 352
334 365
282 307
295 139
294 30
50 335
203 250
205 126
231 191
311 310
281 363
38 100
51 123
369 9
107 236
361 371
88 289
220 175
293 211
174 13
135 236
244 171
251 146
125 29
29 58
183 323
194 353
348 213
226 137
112 164
101 173
364 126
303 63
280 89
239 255
256 199
349 147
289 22
284 140
341 157
122 364
306 228
199 99
47 61
54 45
315 9
290 21
83 147
89 67
198 119
345 203
96 306
6 184
233 294
195 374
52 135
336 245
174 89
274 328
264 15
165 361
186 52
162 247
92 93
187 348
49 178
333 42
22 219
100 185
126 2
66 266
145 206
286 89
351 347
153 284
273 357
307 14
79 182
196 110
125 370
117 203
345 149
52 281
306 242
3 111
203 242
259 130
290 274
259 279
349 371
261 167
282 12
206 37
91 285
171 224
50 309
269 239
106 294
315 333
9 234
121 327
73 287
313 223
39 186
240 262
45 252
128 322
80 77
81 299
287 261
259 18
195 280
286 173
128 229
223 39
111 369
98 281
8 41
55 157
73 280
26 11
253 50
324 324
224 159
323 283
238 334
264 211
293 379
92 317
80 305
33 170
33 124
268 270
178 37
40 166
13 348
230 350
238 367
138 123
357 374
38 2
23 218
332 329
220 346
330 231
114 208
375 173
309 230
182 167
5 262
143 293
376 105
288 287
226 359
126 277
122 295
335 139
123 250
308 168
156 324
179 160
212 212
369 138
257 177
113 113
202 163
202 156
33 333
171 303
59 154
363 378
94 303
256 242
151 175
175 105
376 355
120 317
196 107
119 28
216 122
226 5
130 252
161 15
31 3
9 370
179 245
312 64
127 182
112 5
122 361
188 298
12 258
235 320
204 236
331 160
56 343
305 233
122 114
367 377
369 363
209 214
310 258
224 276
62 98
35 361
10 2
328 215
86 32
98 157
346 53
76 259
322 128
184 324
343 35
274 362
18 353
48 112
378 159
350 320
224 30
181 122
285 337
130 225
90 95
266 322
2 307
338 301
269 368
253 230
109 216
192 361
79 26
254 216
162 220
364 60
336 183
350 6
239 46
189 291
130 363
24 72
147 340
251 182
371 165
107 7
118 37
361 196
2 364
237 82
24 8
373 287
204 183
218 375
319 36
50 263
172 44
203 214
296 304
78 187
193 164
352 354
106 372
108 357
42 259
244 209
7 25
247 207
28 371
62 253
89 342
300 3
318 288
97 123
85 189
279 105
61 102
249 257
119 265
188 193
294 235
245 139
171 162
1 128
5 338
224 350
295 40
78 305
65 242
246 1
211 145
12 50
99 142
276 144
218 11
96 311
368 290
257 72
126 244
152 311
149 28
330 28
312 131
42 279
350 230
317 43
290 70
260 68
274 270
21 294
349 247
125 102
223 293
119 219
103 149
105 40
257 103
63 246
353 46
126 95
306 201
70 251
171 69
194 42
352 357
226 127
114 320
191 343
342 103
6 128
333 60
341 232
41 148
248 5
54 306
1 191
236 312
56 204
217 107
137 231
28 311
265 222
68 226
19 91
337 224
361 214
254 269
3 303
53 272
42 198
363 355
239 315
120 146
302 247
194 240
168 320
378 58
342 272
85 308
35 75
217 146
149 140
343 41
372 38
221 78
243 5
179 307
339 221
343 149
177 213
69 159
141 369
188 227
63 48
71 362
58 141
11 315
174 77
285 283
225 140
195 349
135 185
320 248
219 261
30 214
8 97
26 139
375 359
349 375
27 127
319 293
218 281
134 273
151 42
256 370
22 351
3 37
60 148
239 160
293 339
354 285
292 340
370 168
7 23
226 33
256 374
25 14
307 120
271 169
371 210
78 71
261 44
239 180
248 274
210 229
181 147
154 58
326 286
232 142
54 349
108 161
289 91
55 285
14 351
247 131
48 65
66 29
45 281
149 21
99 356
179 4
277 259
325 172
18 45
67 217
126 173
308 207
150 177
272 62
140 48
164 345
270 326
239 293
147 374
3 60
209 71
77 31
312 247
359 117
164 81
333 105
136 120
91 128
19 38
356 376
250 49
258 295
132 116
222 283
321 76
258 274
92 144
196 137
40 20
283 315
336 59
27 82
193 63
218 43
69 294
163 271
311 323
213 366
58 75
208 312
217 79
160 197
268 118
297 106
212 327
34 353
246 62
250 305
361 339
62 63
79 228
188 331
257 314
229 57
100 95
79 149
138 377
173 2
361 59
102 29
367 79
185 312
352 303
378 120
221 296
136 2
266 284
376 120
123 215
87 49
254 133
273 185
166 335
220 110
296 280
178 314
201 77
127 376
133 186
29 45
325 184
117 164
89 203
266 165
288 117
179 201
303 181
284 135
209 176
68 182
67 259
184 292
197 311
66 267
145 205
346 79
166 120
82 192
255 347
64 189
100 215
379 105
197 136
318 201
134 130
301 137
347 202
272 243
211 171
317 61
81 370
86 345
229 286
92 143
7 262
235 194
363 326
178 54
31 259
74 154
63 351
206 212
23 73
143 209
377 324
256 370
224 105
114 227
134 230
173 30
56 101
261 188
285 158
136 187
281 204
100 133
200 277
350 75
220 365
321 122
30 216
203 284
214 77
2 137
364 53
51 101
373 97
66 368
16 340
375 93
211 164
245 138
21 115
310 34
211 47
117 90
193 356
301 123
207 219
120 251
302 92
2 171
94 70
136 306
241 224
319 43
55 311
15 351
261 379
320 62
8 340
18 155
263 15
52 328
12 218
79 342
151 34
81 69
218 222
191 139
226 120
168 372
47 271
276 21
146 66
272 354
49 316
228 299
199 63
225 168
92 373
290 116
376 287
163 263
107 92
290 253
247 31
23 197
257 257
62 217
135 2
41 117
32 233
33 275
282 230
232 126
340 347
150 299
66 299
41 97
82 69
252 82
57 3
195 354
130 287
363 43
363 181
348 114
226 240
65 108
299 317
60 157
317 148
27 207
255 208
336 82
14 92
355 121
100 370
334 64
5 266
257 226
266 191
358 316
369 360
250 14
9 167
299 22
287 219
186 134
255 128
223 99
125 360
31 13
151 166
248 238
252 221
17 230
142 162
197 8
349 112
351 200
295 222
216 101
169 202
214 303
137 146
204 4
16 256
80 183
300 303
46 170
7 158
32 193
113 117
320 268
184 107
270 51
76 97
378 155
204 91
17 291
92 184
62 319
29 341
364 362
120 127
122 145
55 271
163 223
136 363
262 35
24 272
378 28
237 59
280 11
138 159
307 168
45 279
40 301
98 78
10 290
6 16
238 49
366 126
55 297
281 114
12 292
316 365
93 137
72 338
309 302
296 174
104 265
331 184
277 115
279 195
19 90
196 40
318 373
64 260
298 36
82 185
376 276
124 338
1 187
259 25
137 44
301 71
294 162
41 302
69 101
130 305
119 208
82 205
3 250
294 127
150 310
11 378
345 241
61 173
222 49
28 258
151 232
76 187
299 37
334 132
296 334
250 357
330 45
38 333
93 135
142 280
354 63
214 353
286 17
75 157
139 145
280 355
176 58
279 128
238 171
295 207
303 334
188 52
359 127
91 159
295 244
218 195
357 58
210 283
5 367
26 170
47 235
356 332
238 38
122 295
121 198
13 369
100 319
8 85
358 340
82 152
190 24
198 144
244 229
164 232
122 204
298 197
44 26
199 116
340 7
70 47
283 206
119 175
119 294
204 300
95 200
9 281
145 363
49 372
134 258
68 165
314 312
65 346
109 285
4 35
365 326
68 354
18 265
230 283
217 336
124 229
57 27
239 176
87 153
91 105
331 167
369 16
281 269
35 200
248 285
98 145
345 3
86 192
21 32
106 339
255 62
71 253
185 311
18 347
161 215
291 315
103 295
284 244
167 224
356 166
194 308
199 193
174 295
133 132
340 308
6 53
202 245
56 2
86 362
146 9
310 136
117 171
240 44
167 94
74 102
7 92
319 353
28 85
291 27
73 275
79 322
288 167
143 379
163 380
235 253
200 248
142 121
145 367
76 124
196 213
31 89
216 17
57 264
233 367
273 110
266 380
268 280
189 349
321 254
8 169
24 254
135 128
342 43
268 265
77 45
256 6
20 73
136 141
342 168
309 45
102 310
98 171
326 175
335 223
201 265
262 182
350 16
319 107
17 222
116 8
69 149
278 26
229 82
260 316
92 128
27 377
78 47
371 112
292 345
207 349
51 119
375 128
370 255
96 293
352 44
124 31
364 24
349 323
244 82
63 327
295 85
351 219
372 278
149 2
284 255
2 223
333 286
188 292
93 319
30 208
294 58
110 175
363 354
91 365
342 78
278 355
119 26
202 373
38 3
131 41
34 243
127 113
218 204
82 246
107 166
227 167
329 71
169 331
319 285
154 31
169 15
341 86
108 106
330 88
231 251
52 21
16 6
379 248
231 331
271 187
260 142
246 222
181 139
329 211
195 144
309 303
67 370
250 106
313 147
157 274
183 243
336 371
231 249
134 287
207 368
8 244
233 122
71 306
330 330
121 234
298 114
249 205
149 26
48 253
312 146
136 149
183 46
238 138
133 71
320 371
47 181
323 59
101 238
181 192
23 100
363 17
368 15
165 111
372 352
345 245
343 334
187 129
18 179
299 190
368 358
48 216
254 348
257 275
102 310
44 228
155 32
352 206
28 202
100 160
97 234
249 375
257 68
340 146
349 336
274 39
17 374
334 279
98 299
31 155
130 225
212 303
314 266
229 195
380 247
100 341
255 348
271 43
281 76
212 15
165 273
309 141
104 220
270 54
288 283
169 321
217 27
217 267
6 292
194 164
219 355
269 315
176 209
139 354
162 39
29 102
54 182
365 94
26 159
205 222
197 73
379 18
346 191
38 114
28 2
113 271
3 186
267 363
326 294
51 121
330 374
118 90
270 137
326 167
51 245
351 84
33 44
49 273
47 9
323 337
292 11
40 58
149 81
314 310
237 290
338 322
129 209
205 187
328 74
331 143
95 342
70 283
224 38
56 363
304 154
156 354
229 28
323 367
161 147
250 53
320 298
131 253
291 119
284 241
297 108
75 56
302 222
175 218
96 303
71 21
279 335
319 251
334 294
102 248
315 117
92 328
304 238
28 292
276 143
300 117
232 272
244 48
318 89
224 11
72 237
242 280
142 200
142 85
14 101
151 7
142 37
53 51
261 48
270 362
260 260
252 334
149 3
271 18
40 311
370 89
276 305
184 138
369 328
279 191
125 16
320 211
134 234
212 24
59 134
32 61
181 289
19 102
330 103
60 63
110 169
132 303
365 355
148 5
326 267
113 380
50 256
229 155
147 211
82 80
65 371
239 369
357 255
37 348
155 29
129 45
191 134
105 241
64 40
374 295
238 358
14 186
182 57
135 338
99 53
334 302
307 308
266 363
375 333
313 152
326 118
109 191
352 318
239 324
136 218
315 133
168 88
147 223
72 318
14 305
146 151
336 120
182 374
151 310
306 15
328 189
41 189
106 249
44 267
306 94
248 145
328 104
88 99
205 42
106 12
15 153
152 219
71 331
257 158
170 258
374 182
166 371
269 183
319 378
95 113
48 242
343 117
297 348
38 174
183 42
248 101
283 314
300 84
57 367
155 125
56 128
107 242
264 249
136 290
196 133
310 322
332 173
353 37
193 144
39 339
8 56
35 62
363 247
79 358
136 114
249 59
269 241
220 112
21 53
18 112
58 159
127 201
201 258
155 98
95 97
281 295
16 271
121 97
206 326
161 341
217 139
275 71
242 366
201 325
283 161
87 72
349 112
203 364
380 311
120 327
372 150
96 198
311 353
109 300
333 28
168 221
210 160
14 161
243 249
150 238
2 270
147 327
139 211
62 213
32 67
71 113
105 44
39 112
34 257
294 42
193 233
275 99
167 64
215 25
127 320
139 104
329 272
7 298
150 374
89 367
325 49
98 265
51 56
351 63
125 105
17 190
87 274
353 334
266 265
92 252
86 146
24 126
308 77
41 28
88 116
302 124
307 189
65 215
337 271
292 155
79 21
318 352
24 127
56 358
211 171
99 298
189 201
74 143
358 242
122 247
173 342
300 298
262 251
58 335
68 24
332 235
319 272
224 182
191 275
358 136
76 319
304 293
341 313
361 294
82 11
233 119
267 155
86 29
245 100
101 158
142 280
279 112
212 62
16 47
298 190
158 28
159 362
138 220
145 92
70 207
319 323
50 354
79 70
35 103
236 249
166 172
272 134
76 228
258 111
50 140
169 366
169 81
227 193
182 363
348 159
208 150
109 213
55 95
235 302
222 133
150 91
316 86
379 82
44 81
59 269
153 67
328 298
202 347
128 307
71 24
156 178
376 179
375 145
109 302
103 159
350 104
223 113
217 362
257 157
241 293
94 283
146 359
380 313
77 191
98 147
178 81
73 164
220 55
35 116
146 319
300 291
23 168
89 359
277 16
227 221
180 220
310 149
274 108
159 9
158 345
305 206
77 282
47 195
307 130
336 289
239 153
176 154
23 51
360 152
72 274
201 57
336 350
300 104
58 3
340 97
89 23
191 259
238 9
12 361
177 249
347 10
148 249
324 286
370 143
141 219
276 189
167 205
342 211
27 83
112 59
141 89
220 267
93 297
115 150
366 302
5 347
259 291
106 70
85 131
282 148
357 343
369 113
144 285
80 44
187 5
107 356
257 229
355 200
252 77
18 246
308 352
304 87
68 282
72 19
367 348
196 267
160 368
44 1
268 163
10 255
362 133
270 340
134 92
251 368
51 85
325 206
218 104
113 176
298 377
62 256
282 137
108 13
129 93
54 249
246 372
141 27
100 346
85 359
295 81
239 245
28 179
263 32
239 185
248 288
226 83
270 302
360 157
380 323
117 248
128 8
347 374
126 230
266 184
269 151
241 171
273 372
335 145
233 281
142 247
70 58
74 280
366 144
30 28
190 318
67 103
174 200
232 154
16 10
96 197
379 8
266 90
129 234
163 23
282 265
237 196
269 26
141 307
155 29
111 370
191 216
296 217
298 115
328 298
200 32
36 335
125 259
8 141
85 224
179 224
10 130
72 155
218 61
287 148
52 312
325 25
18 49
319 139
366 103
46 123
196 312
299 330
255 258
375 13
258 250
46 137
190 373
108 240
48 86
11 379
244 190
341 190
202 269
273 266
114 237
262 28
276 251
112 201
205 249
205 335
17 296
138 18
3 254
251 294
308 321
218 64
323 200
2 189
222 171
173 199
181 72
195 240
259 217
35 83
295 277
367 365
284 280
202 34
180 247
199 145
192 193
51 116
332 180
279 329
190 264
125 99
262 61
50 61
244 257
241 147
68 234
364 316
81 178
375 135
115 275
380 143
78 55
170 330
251 101
362 61
279 360
11 86
292 267
299 144
269 70
96 81
339 154
183 184
106 34
146 258
207 306
282 2
217 161
264 365
2 279
143 196
117 95
272 54
95 319
130 294
303 277
183 99
65 175
314 205
150 102
54 92
52 96
173 291
171 31
35 13
140 263
172 22
80 125
45 207
270 102
277 47
219 213
139 146
231 120
119 297
188 315
51 285
315 12
176 134
120 321
271 375
111 227
318 122
341 121
61 329
10 287
9 293
261 267
203 283
82 166
29 126
261 121
12 329
374 213
233 375
322 15
371 181
7 338
240 281
302 185
259 310
45 52
358 265
358 342
178 115
26 329
127 278
128 319
371 79
215 54
257 200
351 226
161 44
47 228
369 147
46 159
303 378
321 160
29 49
132 281
197 256
48 357
68 129
140 302
57 99
41 136
229 164
73 82
345 23
44 151
10 182
253 32
21 150
169 354
8 63
225 122
16 287
247 3
276 158
102 85
171 213
370 229
29 151
41 380
145 22
104 367
291 66
17 213
259 269
216 36
295 138
19 272
327 371
336 339
138 48
182 268
137 378
224 373
95 234
223 41
36 284
129 119
69 53
16 324
179 246
115 322
167 90
352 252
374 10
122 238
228 339
183 214
222 268
119 123
125 354
20 126
289 79
198 129
224 95
96 40
126 358
49 254
298 147
333 28
380 279
120 82
145 312
221 254
195 115
67 262
61 47
189 57
348 214
307 76
121 151
36 279
229 325
291 318
149 9
285 93
296 223
209 71
328 135
73 29
346 349
143 348
151 119
281 56
337 378
14 299
364 230
215 112
195 309
293 265
104 370
357 246
307 169
344 351
197 6
287 57
377 348
47 30
247 298
250 173
28 25
286 144
17 361
276 231
300 223
192 39
111 132
173 335
161 195
315 136
18 327
21 71
277 62
55 156
175 366
155 17
152 181
302 341
171 307
81 110
293 207
51 25
2 363
1 24
56 172
371 235
9 29
187 268
155 284
58 203
124 262
337 258
262 244
354 44
150 221
45 153
303 264
283 156
268 333
69 338
76 250
90 226
182 94
362 315
179 338
39 135
181 10
159 265
378 152
7 312
154 321
42 267
320 306
65 49
222 202
311 212
141 361
359 50
322 294
91 65
174 99
372 175
337 131
366 367
196 212
157 255
201 99
222 363
310 134
85 333
110 189
279 50
335 335
40 146
123 4
316 57
355 120
161 77
150 64
87 232
23 154
93 113
19 155
215 169
142 86
251 175
60 95
357 350
101 67
303 196
213 37
229 8
118 205
238 225
315 49
142 131
117 345
357 223
87 226
366 296
46 229
97 61
189 120
295 132
119 3
68 227
313 194
119 338
257 349
225 112
36 380
33 207
281 124
250 246
309 90
189 222
345 380
324 29
301 246
101 216
160 369
321 63
216 213
219 347
162 313
321 258
196 19
302 281
255 280
48 125
324 61
146 212
200 93
293 191
370 249
26 205
88 193
238 264
310 14
354 72
37 346
215 40
60 262
98 300
295 334
128 46
191 298
356 15
282 48
178 73
175 11
7 252
195 123
16 228
175 324
143 58
119 162
263 133
7 216
106 31
348 298
21 225
133 328
43 125
313 249
245 229
304 139
239 102
187 16
237 341
308 152
7 141
112 73
119 365
20 119
186 260
9 144
125 143
350 336
20 359
216 102
288 243
255 46
92 154
353 100
109 341
297 258
354 145
312 4
212 10
217 267
175 191
361 245
343 371
173 145
262 367
195 134
147 260
238 15
373 125
154 99
140 261
148 238
40 21
227 230
119 93
22 212
71 47
331 281
26 95
370 343
223 104
335 34
69 325
131 82
368 155
285 249
145 230
74 12
76 80
239 14
235 65
113 100
61 73
190 334
251 50
173 65
244 22
282 209
289 331
295 152
139 121
315 57
149 186
32 247
338 273
208 249
124 373
164 3
272 8
229 319
130 330
114 229
48 59
77 96
320 248
261 350
312 110
88 240
282 173
258 2
67 155
196 342
332 113
155 215
187 62
152 323
360 85
379 261
36 13
208 265
139 77
337 243
206 296
163 71
113 304
254 159
173 188
328 269
133 246
23 218
313 198
348 50
108 320
106 309
370 135
157 131
101 112
74 96
26 324
73 207
120 80
17 259
53 174
91 173
42 13
244 291
380 192
240 3
246 141
340 41
72 62
241 196
333 14
145 43
269 58
253 29
13 208
24 267
282 135
302 120
311 246
42 228
173 263
66 122
157 2
288 210
259 244
116 356
294 74
277 180
171 224
67 254
295 289
315 48
211 228
215 142
283 311
164 58
341 362
274 83
203 325
245 170
101 286
124 364
323 370
98 353
105 286
131 216
375 365
315 263
231 296
75 262
271 124
278 25
29 226
142 91
71 20
33 53
248 271
113 352
148 342
1 269
120 210
184 227
211 301
355 93
270 213
181 100
179 304
182 117
287 250
341 123
192 316
311 182
319 180
177 244
324 125
126 371
176 165
26 174
291 86
320 358
276 221
293 345
348 289
262 150
24 136
195 251
80 262
67 80
350 24
124 50
361 240
233 117
345 287
250 307
40 109
212 54
276 199
292 156
280 265
22 82
277 161
118 286
198 176
313 249
281 85
147 34
22 127
363 212
363 303
327 174
186 299
16 56
181 325
206 307
325 350
74 4
213 314
330 154
64 51
112 253
176 205
81 125
273 141
18 90
205 43
45 113
285 332
87 205
225 354
161 317
123 77
244 140
23 182
230 155
83 280
162 68
329 150
238 33
58 341
193 259
131 145
369 147
9 189
125 44
200 308
31 52
311 104
300 21
295 72
339 286
358 125
164 158
107 21
227 250
294 230
28 14
14 176
23 39
350 244
316 106
226 20
106 94
367 238
297 296
271 353
343 84
194 246
79 75
353 94
191 339
274 249
351 321
170 293
63 214
37 235
5 18
67 197
180 18
377 212
241 182
98 335
337 81
48 331
108 264
327 297
116 276
188 236
327 119
327 84
125 152
118 363
314 312
96 18
324 328
2 124
128 134
53 100
197 261
236 57
136 24
194 249
104 74
185 369
151 325
378 250
87 248
169 77
354 286
138 120
301 308
23 262
333 131
151 213
171 19
65 361
127 188
218 206
118 335
315 167
311 191
267 137
140 266
303 88
341 58
371 229
83 307
62 213
9 155
110 169
293 53
303 326
291 182
225 232
133 90
30 90
189 297
374 225
272 86
84 161
191 260
262 352
138 282
221 80
289 327
144 236
58 43
270 293
6 170
274 126
220 321
122 193
369 352
91 269
324 351
207 370
269 18
266 274
252 283
167 150
93 165
191 145
324 51
150 141
330 332
260 71
308 228
99 71
88 300
173 97
42 114
99 359
313 306
167 380
20 269
290 205
51 354
150 347
203 190
344 316
321 78
166 195
79 262
5 107
262 159
291 119
262 26
157 274
235 209
281 255
18 92
141 148
106 174
293 372
250 336
63 379
206 137
39 196
115 185
273 203
246 305
156 290
286 135
209 237
355 38
234 163
142 64
145 250
11 107
266 48
66 91
333 138
109 340
164 226
87 166
135 152
58 273
99 300
340 20
314 260
124 252
319 84
175 73
50 225
139 99
130 5
77 87
281 134
292 39
97 71
247 352
55 18
317 317
98 266
183 265
311 70
139 169
267 258
373 215
122 92
12 255
80 115
157 49
115 65
52 279
191 152
174 20
78 114
168 192
23 63
187 320
299 312
289 156
61 310
240 223
256 276
178 9
237 279
104 324
214 169
43 358
63 39
326 234
189 238
376 314
334 361
301 99
335 195
316 364
56 100
78 19
67 287
376 38
251 49
134 83
48 84
235 173
211 377
304 59
347 248
241 136
305 140
41 84
264 377
288 117
90 45
219 207
155 259
148 264
228 73
262 63
205 45
11 193
373 126
91 199
356 49
301 238
186 327
226 6
24 39
23 49
178 163
128 16
42 343
378 252
327 356
165 131
306 222
317 333
206 5
131 291
89 194
73 355
112 178
303 360
122 198
255 205
209 323
212 137
372 349
207 151
91 143
350 27
70 333
273 112
78 355
146 264
351 14
200 282
302 104
265 157
252 355
34 246
234 325
377 283
336 105
350 190
249 318
72 330
248 330
207 154
34 331
25 94
179 375
267 376
235 168
261 325
85 368
42 15
59 55
215 196
3 130
140 6
180 252
314 50
34 75
320 79
330 95
218 298
320 8
311 71
264 331
125 183
164 236
353 358
380 338
294 275
99 148
294 293
142 60
359 255
151 105
33 322
187 352
271 55
287 318
346 339
149 276
248 29
100 163
213 225
249 345
61 78
81 175
210 315
366 356
48 370
205 264
242 164
22 224
260 57
114 161
136 1
16 179
226 268
88 260
330 256
309 64
70 36
242 236
247 249
216 165
119 45
336 106
316 179
220 24
140 263
5 183
139 263
191 83
221 43
173 167
296 14
325 333
156 52
68 302
92 83
261 360
291 236
129 11
33 261
94 253
140 2
326 249
365 334
212 322
161 142
318 41
223 173
82 150
103 242
263 60
369 85
57 332
121 291
98 351
243 165
348 236
105 372
367 190
3 2
70 29
310 18
229 55
228 247
7 270
353 367
145 99
256 242
372 287
370 374
292 43
168 346
375 256
66 111
285 125
45 169
17 56
37 159
86 184
158 303
309 202
168 2
18 357
153 166
197 307
151 6
122 240
101 11
311 205
372 164
107 171
221 116
98 149
281 287
104 40
330 363
136 100
237 121
203 212
80 251
300 313
327 156
257 304
361 221
215 271
217 224
290 318
107 54
263 18
73 262
244 321
89 124
34 56
279 222
316 37
219 119
48 89
3 219
360 162
290 183
235 315
233 309
311 306
209 2
64 351
57 62
122 176
195 305
346 261
233 181
321 350
220 263
182 52
275 71
322 316
304 94
320 33
83 153
229 92
362 184
198 234
244 236
61 21
208 217
277 116
100 274
267 81
73 144
113 33
343 196
359 262
294 244
352 149
174 182
336 346
272 284
330 108
80 122
256 334
95 82
358 146
133 374
140 29
70 240
310 370
356 39
147 268
230 307
119 99
237 243
221 303
53 223
129 134
49 308
45 91
117 161
195 68
244 266
135 32
92 33
41 121
362 186
148 131
263 83
343 174
77 121
324 244
22 265
353 270
19 374
11 205
270 243
42 75
330 19
249 261
151 294
321 29
39 4
110 111
174 259
257 209
161 378
107 218
218 80
107 128
40 222
367 322
54 248
56 26
83 136
212 359
109 25
185 211
163 15
100 105
245 42
45 28
29 334
207 272
373 37
334 52
60 276
175 336
31 289
10 5
209 263
197 233
94 211
214 198
380 133
24 188
133 98
330 74
354 73
47 63
118 157
20 110
5 182
229 187
198 46
37 99
47 249
112 181
331 162
18 106
238 149
176 277
376 278
37 183
235 118
111 244
79 87
69 276
106 183
251 253
371 26
52 374
218 235
74 76
222 281
130 222
310 171
175 72
227 203
239 255
7 278
286 361
179 185
57 88
124 257
139 151
179 310
2 73
218 246
29 287
188 148
237 195
170 259
376 289
214 271
11 353
37 10
27 49
361 47
126 186
243 140
5 238
186 24
141 133
306 118
198 25
43 25
161 195
79 257
260 227
325 119
258 84
268 94
369 49
223 154
222 229
299 97
187 116
251 331
220 3
270 296
379 132
196 186
356 43
153 379
151 365
96 369
54 292
305 3
282 26
288 43
49 180
155 240
220 358
148 56
247 111
164 179
111 294
166 250
175 335
129 294
130 209
299 309
243 243
5 210
250 104
172 146
92 211
302 354
377 68
131 348
32 343
35 164
44 178
192 127
271 139
252 217
216 119
174 188
179 273
106 280
189 374
211 53
40 376
137 84
256 5
30 209
235 195
363 335
267 111
184 344
254 8
281 168
33 71
274 195
319 150
175 253
187 9
215 374
195 198
273 331
273 270
374 39
35 72
115 185
31 149
154 334
326 157
305 75
324 56
30 42
200 95
371 147
380 98
47 331
160 15
276 148
261 315
210 68
83 128
222 69
269 17
8 364
284 166
116 27
144 281
160 346
46 190
163 119
319 242
40 125
153 368
171 48
116 284
263 113
272 131
228 155
374 129
59 370
99 122
47 89
49 365
194 189
45 44
312 137
128 139
57 158
360 245
116 150
342 268
154 6
23 348
229 132
56 243
91 70
12 71
261 58
159 268
292 80
148 365
364 315
37 360
52 301
340 227
205 346
110 66
254 80
41 317
94 120
16 236
287 64
145 300
313 10
334 27
138 140
93 165
324 67
87 206
107 335
308 8
275 116
347 162
298 66
156 104
237 251
352 150
117 74
205 374
2 294
259 195
244 375
217 187
258 276
212 375
10 170
351 274
370 134
125 289
54 74
275 250
63 271
39 120
102 91
199 13
156 132
370 101
351 96
204 70
350 145
162 181
32 308
257 361
14 329
362 50
345 192
67 331
358 362
198 176
371 292
288 348
64 78
287 360
58 1
165 338
360 209
215 299
373 229
15 66
372 163
219 313
249 173
293 151
184 266
310 15
111 60
146 377
267 198
380 165
207 214
97 310
55 157
161 257
171 86
213 18
158 337
118 182
299 180
41 102
246 237
250 377
41 179
331 235
245 118
14 250
9 40
215 18
143 315
216 196
69 63
30 340
329 297
26 169
141 366
321 271
370 19
21 62
89 235
139 131
205 284
40 155
111 367
300 257
174 361
343 58
292 292
271 314
348 8
56 213
284 158
129 199
153 102
154 76
207 53
213 151
85 150
211 75
359 210
105 354
92 31
82 173
11 318
296 287
279 244
282 144
20 275
324 41
126 372
65 172
292 272
228 166
278 70
271 72
100 37
150 93
288 36
308 182
380 223
341 33
208 138
80 276
243 60
193 185
116 315
203 258
214 121
32 17
365 293
193 100
150 184
59 352
70 354
118 139
269 354
197 343
335 95
24 205
2 278
122 256
252 51
14 372
259 291
288 1
269 136
247 347
63 215
145 173
42 125
343 323
300 298
360 2
344 304
75 250
380 74
108 380
348 366
278 171
84 122
254 158
163 196
85 182
52 54
180 284
326 215
222 238
306 281
289 37
114 142
20 4
320 200
127 23
273 40
56 62
259 116
11 379
1 175
251 365
248 52
77 157
170 178
291 149
188 95
76 333
345 144
239 230
229 343
205 115
37 178
229 324
122 72
275 316
350 2
254 257
101 369
5 331
93 310
379 85
87 318
57 9
105 212
70 24
53 352
133 59
359 246
40 152
225 375
140 226
199 130
275 15
24 129
378 77
66 299
91 280
299 72
147 293
368 92
288 239
186 195
292 29
157 12
259 231
63 344
357 134
239 348
288 54
230 315
261 149
360 170
36 367
98 198
335 263
320 219
286 117
32 107
134 374
18 188
302 240
265 6
22 158
236 313
220 264
222 285
10 120
263 151
379 284
108 152
305 274
183 43
299 73
339 311
377 288
222 16
278 102
17 47
80 287
9 192
270 351
235 15
378 380
82 283
336 339
151 57
376 359
162 165
22 11
121 160
139 332
67 273
341 242
156 64
215 306
196 338
157 156
126 33
273 346
331 24
363 368
257 293
59 69
18 164
367 93
358 169
321 62
212 219
179 229
76 380
268 168
184 101
93 233
15 138
269 305
362 284
69 256
278 354
339 89
267 90
318 39
78 81
119 209
41 123
179 183
97 40
40 5
30 320
104 167
327 6
100 95
357 372
36 9
204 251
158 271
15 70
45 357
332 24
32 55
76 4
89 371
180 359
218 280
291 112
283 156
265 136
27 157
356 297
36 54
366 259
244 234
263 135
114 273
177 250
38 320
218 346
256 76
139 295
98 321
344 276
316 222
271 181
304 17
353 364
344 305
182 233
139 124
187 66
126 229
287 139
83 310
21 250
83 229
330 136
4 42
12 232
326 91
76 115
258 146
207 297
356 214
98 297
33 152
186 290
363 165
37 204
342 91
290 56
137 348
38 264
298 204
171 61
50 280
142 56
70 114
97 202
187 166
323 118
18 192
149 292
343 28
199 78
294 367
114 224
319 82
38 253
225 237
85 328
289 156
208 365
104 33
340 305
34 33
119 182
13 24
198 289
232 258
359 262
210 145
362 191
351 275
245 105
53 259
244 236
269 291
338 308
75 170
338 256
357 367
139 24
75 344
229 242
45 256
25 120
193 296
64 261
316 109
37 361
138 23
63 117
239 205
378 302
158 297
144 110
270 244
22 171
207 379
214 125
333 90
110 157
103 38
356 11
331 1
333 268
324 114
242 307
199 334
324 299
190 59
2 344
43 136
237 169
353 111
166 277
215 212
266 302
365 35
9 220
143 230
49 320
248 310
330 258
13 171
193 9
147 196
163 185
57 260
149 35
160 342
36 132
128 46
31 277
158 238
309 214
69 62
88 87
264 83
305 101
74 133
222 142
375 330
89 48
357 204
34 12
232 317
146 212
203 375
239 146
1 5
88 252
341 318
247 145
19 201
286 336
373 348
209 96
77 15
192 116
223 214
299 164
250 339
225 307
211 275
123 137
292 372
318 212
267 208
284 29
89 127
84 321
273 107
196 171
230 14
260 345
280 303
368 368
39 178
80 332
218 122
76 254
280 94
371 134
352 360
379 60
178 175
378 302
138 357
1 52
318 301
366 121
58 315
71 187
52 210
335 187
367 289
17 72
60 8
220 61
12 330
82 80
360 338
182 46
39 172
222 150
350 174
213 30
354 207
12 207
132 379
283 231
95 143
338 115
33 133
218 144
341 116
163 268
340 165
200 233
269 2
36 257
108 337
250 301
188 80
259 115
261 248
114 355
257 225
197 352
198 100
271 322
36 178
75 246
63 134
57 192
136 324
331 90
164 215
241 46
172 159
240 224
110 145
204 237
100 355
236 258
166 254
171 254
144 297
32 186
67 161
53 226
112 273
347 62
169 309
126 187
1 220
48 292
211 162
190 57
328 124
60 48
230 319
139 212
31 238
239 355
314 175
40 250
200 254
47 71
55 105
373 2
168 49
285 301
14 1
226 212
245 181
6 296
66 143
121 105
76 246
81 77
48 50
228 335
338 46
375 41
15 142
357 274
232 147
168 277
221 215
221 146
127 346
85 322
257 34
109 156
114 169
116 234
298 152
174 121
57 64
2 80
343 155
93 375
153 241
93 281
366 211
20 134
36 170
237 233
228 7
376 343
322 331
278 12
102 48
14 289
84 329
97 339
107 76
69 217
66 80
236 375
138 221
184 177
217 26
140 254
82 329
209 27
51 132
4 264
155 209
212 357
50 52
188 327
245 95
46 354
245 56
352 198
283 235
235 330
354 9
310 277
50 204
317 30
247 97
269 173
159 129
8 254
313 202
179 198
162 200
242 169
300 283
294 166
248 58
343 145
2 9
325 125
98 8
333 214
106 360
136 1
342 264
137 39
309 339
91 156
335 178
259 343
175 312
85 117
174 201
192 206
212 278
255 20
177 90
202 352
145 41
201 79
54 95
99 14
354 201
80 7
338 358
169 92
43 35
366 40
51 181
90 23
298 134
205 34
222 47
350 129
184 33
161 113
141 326
90 144
88 29
378 51
274 168
322 58
263 133
13 100
88 236
214 286
380 374
91 341
171 263
31 347
239 272
376 56
218 245
231 21
138 85
97 141
354 7
361 186
236 299
124 8
228 165
256 12
355 276
47 347
44 235
239 103
343 279
214 152
308 332
74 34
138 291
327 308
210 71
361 14
219 161
314 333
174 101
206 26
297 83
51 137
76 304
121 266
342 127
52 233
201 375
301 284
43 255
328 354
326 111
337 3
346 278
114 374
218 87
102 137
23 287
154 115
38 358
235 345
62 14
343 36
323 159
216 23
144 317
334 247
53 229
237 271
151 305
147 249
65 141
336 135
214 103
256 295
130 195
281 368
345 28
318 11
39 338
282 339
128 94
347 268
315 120
49 37
82 260
87 310
118 221
269 145
95 105
255 318
59 324
328 302
237 303
326 199
28 3
65 374
191 31
271 124
348 50
158 33
340 32
376 183
272 141
25 33
238 98
236 121
101 261
267 26
247 204
379 145
376 309
25 339
133 83
149 143
309 157
299 238
372 327
127 154
367 202
157 373
294 106
18 261
22 210
134 120
7 355
116 211
148 39
333 36
37 71
286 301
343 267
374 30
72 3
24 263
46 214
209 128
94 94
302 47
169 276
325 364
263 273
330 12
176 205
282 284
88 251
298 183
62 43
57 263
96 371
189 183
128 309
176 319
105 239
8 3
229 91
62 37
264 132
285 368
340 216
148 221
183 171
210 222
255 192
263 341
64 96
146 316
121 119
324 172
199 156
367 347
174 200
230 47
362 59
275 73
310 130
218 313
349 174
19 65
13 167
296 256
47 205
143 86
262 231
63 66
331 80
378 123
203 290
41 180
155 120
28 134
33 360
324 4
80 22
288 193
78 205
199 279
326 332
94 111
294 154
337 130
219 35
298 332
175 3
316 373
191 118
313 142
344 190
316 335
319 183
21 243
156 327
296 225
64 330
112 100
350 328
37 132
48 115
190 75
171 174
103 241
22 182
171 180
266 278
77 304
371 305
286 298
321 315
51 71
179 55
35 131
287 151
261 108
26 127
215 281
81 105
223 109
314 15
170 286
53 185
11 61
93 349
29 77
60 16
277 252
126 12
355 187
300 347
340 223
198 14
18 116
261 86
162 146
203 34
82 5
114 340
154 260
49 256
131 164
107 84
66 89
52 337
269 79
358 1
186 53
236 301
144 11
349 358
262 295
179 26
41 375
15 71
151 62
375 184
99 203
219 68
374 273
231 27
226 269
85 361
130 57
309 136
304 101
362 109
304 83
285 342
78 224
264 243
250 280
101 79
321 296
183 163
308 92
369 123
206 356
85 165
332 180
103 155
76 237
256 5
330 204
30 17
115 242
156 376
254 228
244 253
208 255
128 347
145 137
327 361
347 217
11 137
258 328
9 30
164 89
336 328
232 255
347 302
32 51
181 80
151 252
212 206
260 4
9 90
35 174
46 110
369 277
52 227
288 281
123 75
199 109
35 249
171 83
240 378
79 250
301 297
102 236
363 356
101 373
17 270
269 30
295 103
262 69
342 180
301 346
369 43
89 149
281 282
377 228
377 247
103 99
115 321
87 263
210 109
351 333
32 133
81 150
167 18
62 108
3 190
3 267
46 377
137 8
195 156
126 204
236 337
273 314
272 13
288 56
17 289
331 209
101 379
116 266
354 27
329 310
73 208
207 211
189 134
141 261
118 214
6 39
195 283
162 285
300 362
360 130
181 187
354 308
60 7
17 287
90 283
160 349
69 380
211 152
277 96
311 16
116 133
58 245
53 327
19 17
24 254
187 238
101 102
127 363
239 273
248 292
261 293
106 75
244 272
26 138
16 92
15 160
156 259
248 25
353 263
213 364
249 328
299 290
239 336
252 60
349 187
66 239
219 53
187 57
276 355
74 62
67 362
13 87
100 197
18 176
173 238
290 113
241 129
172 328
127 49
35 10
127 258
368 331
232 237
117 364
339 336
25 132
131 369
30 173
88 271
275 379
102 53
42 308
105 206
70 104
130 96
191 154
94 211
50 232
314 20
380 206
31 218
228 8
317 274
75 231
142 225
165 266
345 234
67 257
294 301
238 340
123 142
218 242
132 40
46 282
133 166
290 98
139 343
45 117
319 352
75 133
200 287
44 355
373 56
55 183
230 348
326 13
228 150
47 304
188 16
138 170
31 142
64 99
183 226
72 9
272 189
348 24
115 372
378 359
168 194
86 260
235 314
272 4
139 86
103 170
260 185
203 83
204 18
128 291
177 163
214 22
161 317
62 183
364 61
165 203
200 347
161 32
96 359
332 286
229 219
282 329
327 273
174 268
331 26
200 296
6 198
72 284
149 298
146 220
97 16
104 254
26 313
297 337
345 86
317 88
63 129
172 284
279 235
379 159
71 345
318 228
255 43
202 78
135 191
196 123
64 15
165 342
373 251
370 264
319 324
53 142
87 355
368 378
51 305
74 358
182 24
266 126
12 242
114 208
333 325
147 115
121 375
37 168
205 307
206 99
89 239
87 351
149 330
87 180
34 361
330 96
376 258
56 150
68 93
6 357
245 162
106 170
114 367
45 299
357 21
282 72
325 271
144 335
43 365
294 218
303 106
250 137
56 281
84 28
184 9
147 297
321 27
1 354
174 102
190 300
319 132
73 307
38 189
43 363
194 150
248 206
134 30
119 45
124 267
356 186
189 52
211 4
61 32
16 89
128 262
168 126
84 23
34 206
39 182
184 343
140 338
84 167
13 140
353 58
296 243
303 268
315 59
314 214
343 377
273 97
35 131
364 299
99 207
256 43
81 200
70 166
322 80
4 235
373 253
180 19
215 115
112 152
45 2
60 52
94 28
303 282
74 170
208 159
167 189
350 49
239 39
24 23
136 373
87 55
83 190
219 314
257 379
121 247
344 232
172 380
46 141
97 352
173 147
292 164
220 244
145 172
80 151
342 259
9 22
38 77
244 211
131 357
234 92
328 190
320 125
121 243
13 352
329 317
312 293
270 316
145 11
81 5
113 206
34 335
268 179
201 31
293 263
185 106
297 356
24 204
252 64
361 338
193 134
349 4
44 323
5 127
167 108
377 325
46 167
57 180
255 13
134 51
43 50
53 64
226 91
279 17
285 344
24 116
345 84
332 238
147 207
58 134
141 36
86 218
245 185
299 34
200 130
222 280
4 266
18 211
86 232
104 50
6 285
127 156
173 103
91 211
214 310
346 33
213 279
202 32
195 237
121 329
34 24
236 243
95 241
39 76
346 162
351 242
321 31
191 51
299 353
46 257
269 298
263 221
319 344
7 368
16 188
267 75
121 110
109 264
357 21
297 318
77 182
138 29
56 170
230 318
336 179
102 291
76 204
309 376
242 104
349 223
127 260
15 113
101 35
337 6
327 5
379 299
105 99
294 139
15 97
252 179
133 231
329 200
273 88
87 196
77 181
78 290
298 43
18 217
157 26
269 300
62 120
90 292
345 43
58 41
79 223
256 21
128 278
185 85
340 10
224 42
368 188
114 306
263 247
352 249
300 264
281 299
309 211
255 196
83 153
338 98
369 162
206 352
347 369
330 140
120 65
247 306
51 212
134 312
299 258
344 140
11 155
247 299
114 20
161 121
53 52
7 38
11 22
105 357
213 31
149 305
339 365
132 214
170 260
294 99
140 250
254 239
83 119
325 165
8 129
26 348
1 252
339 4
295 26
320 92
112 6
90 282
175 190
282 54
56 196
285 288
310 267
201 68
356 67
129 195
278 121
112 176
354 136
163 159
67 216
200 241
225 278
340 168
3 154
3 80
340 71
265 219
128 65
148 261
48 300
241 13
203 36
6 62
28 344
26 211
203 108
143 324
256 33
259 353
191 173
356 165
235 314
307 361
340 271
205 88
376 62
147 104
325 308
177 313
368 132
271 207
90 360
90 74
157 35
256 16
205 75
289 26
98 266
164 80
303 215
71 320
233 357
259 310
378 319
348 379
375 172
190 294
197 130
312 352
72 259
96 297
317 284
323 273
20 33
130 294
109 224
113 233
151 16
112 139
267 129
210 245
269 368
45 157
250 308
161 17
211 310
134 248
259 158
65 79
279 29
340 338
238 30
53 145
30 188
260 353
88 153
44 75
315 317
310 366
232 349
305 324
68 186
304 6
81 114
365 277
206 4
129 347
194 316
177 52
333 113
295 292
109 197
265 247
123 108
131 316
328 298
208 236
316 243
199 300
252 215
338 97
333 204
184 327
51 94
216 108
250 323
83 204
45 278
223 304
276 87
19 101
129 67
205 204
42 9
160 226
12 241
204 9
253 357
125 315
247 150
307 222
68 120
248 142
204 260
30 17
313 365
67 283
47 151
265 239
79 311
213 286
176 27
170 177
13 117
50 18
50 73
378 34
233 318
300 360
273 80
110 177
216 241
47 191
54 83
54 249
172 131
143 9
254 179
332 40
74 154
240 226
245 34
293 277
202 185
178 68
332 199
370 123
153 260
342 123
233 105
326 8
1 110
258 153
114 312
63 220
216 330
213 313
103 347
133 22
3 370
306 366
268 93
284 187
298 24
374 196
87 62
342 166
378 33
377 176
54 319
334 305
190 164
174 228
72 88
227 378
335 194
200 4
215 103
267 181
184 78
88 104
60 148
317 338
292 355
329 18
335 265
166 163
269 291
226 271
258 199
70 218
239 222
7 95
119 364
310 202
5 358
148 347
29 60
81 71
36 270
343 57
306 304
189 172
169 232
231 33
5 69
247 146
197 200
103 275
245 272
223 80
83 4
135 112
340 14
30 134
130 221
341 60
188 81
68 285
169 55
254 98
300 310
17 266
238 108
74 248
261 1
70 263
354 106
307 119
297 299
320 280
117 217
87 322
360 92
11 206
6 70
143 25
73 2
328 41
298 23
108 20
79 87
206 159
43 129
222 283
23 189
182 199
318 309
136 170
11 125
183 293
97 9
197 87
372 351
93 86
234 84
279 99
32 223
326 313
207 360
245 212
61 271
102 145
312 263
105 258
246 13
149 7
336 308
260 188
243 40
279 53
330 215
101 147
361 114
151 109
290 169
236 92
338 1
1 309
368 342
205 282
290 191
149 139
192 53
104 300
96 246
145 376
357 348
185 338
50 100
114 84
310 280
354 58
354 200
240 318
321 28
128 58
121 243
355 308
232 21
221 300
31 53
8 278
196 83
217 365
206 89
28 87
176 191
262 74
377 198
31 195
145 139
343 362
203 263
179 316
35 174
280 40
94 315
318 356
33 203
203 159
185 307
176 258
249 243
171 358
82 253
139 126
354 140
242 378
32 84
225 352
321 71
39 330
335 366
196 287
272 338
373 378
352 357
166 151
257 197
297 211
153 121
197 261
346 243
291 110
95 353
91 124
320 251
26 98
197 89
333 289
317 253
256 309
171 302
94 254
366 100
302 154
46 11
102 207
14 188
284 176
234 286
289 152
262 294
358 370
225 340
234 154
305 52
73 123
29 338
145 108
206 43
211 332
315 173
84 53
64 337
67 59
32 353
370 111
76 377
113 73
260 84
211 272
207 94
360 24
106 88
184 211
50 234
100 134
14 49
330 48
61 102
221 220
4 86
352 22
61 135
165 21
343 152
271 17
150 288
316 123
193 226
118 179
114 133
231 155
278 110
322 167
70 205
263 125
6 268
317 64
225 119
119 124
183 288
114 331
319 135
335 230
159 286
361 294
355 301
362 33
126 139
228 261
99 138
24 44
11 362
205 151
282 306
248 243
180 107
32 114
338 266
345 51
322 175
176 302
362 269
125 22
97 362
37 186
304 159
274 290
308 159
362 267
83 342
221 296
105 21
347 194
25 139
228 67
141 2
336 245
330 160
132 307
233 380
317 114
180 153
290 239
353 228
352 147
260 173
113 169
11 94
37 358
326 159
15 135
79 84
116 21
365 160
347 247
341 60
280 195
348 6
182 256
189 376
318 74
110 233
189 139
138 313
136 20
245 304
53 92
247 168
245 366
234 277
310 287
328 217
172 335
185 157
61 51
154 278
336 219
190 286
107 287
193 186
182 21
344 95
62 199
155 327
351 347
81 197
10 97
80 144
176 356
245 326
354 101
226 140
236 378
165 167
374 201
144 367
327 82
30 299
117 110
102 241
228 61
267 269
176 34
261 240
338 380
20 14
268 36
134 175
209 263
204 319
379 175
280 245
36 62
327 324
275 10
73 178
302 279
239 120
335 224
323 153
57 24
318 194
87 350
280 307
188 44
288 90
167 81
27 15
55 102
25 82
103 210
166 81
68 24
103 214
58 166
255 295
26 170
276 253
15 83
354 329
74 281
323 40
120 349
363 370
273 73
131 198
1 317
254 378
107 149
209 301
1 346
89 20
284 365
230 202
16 156
356 174
89 316
378 228
270 12
70 42
110 223
336 249
145 236
370 326
94 167
376 184
41 255
301 8
296 204
226 329
200 372
226 338
236 238
377 255
327 121
151 182
303 315
119 108
121 298
186 333
224 28
91 354
189 42
278 136
359 239
254 321
325 12
94 112
43 268
27 346
234 106
11 77
207 176
142 250
234 205
3 46
333 79
188 18
133 257
239 252
264 103
271 376
374 63
321 34
35 33
71 237
26 268
136 346
84 316
206 230
86 358
171 132
25 60
157 267
356 297
242 290
185 178
364 315
257 24
268 21
192 67
353 6
275 191
111 81
61 349
148 304
304 146
250 166
275 229
369 121
68 353
47 15
224 260
231 12
368 212
251 122
301 102
110 200
274 107
221 378
341 46
159 28
262 295
48 129
272 15
144 82
7 8
256 332
351 320
279 269
280 102
130 115
78 209
190 201
19 229
317 107
194 47
282 372
75 147
152 276
302 83
188 113
237 288
56 264
113 288
319 363
94 176
319 232
102 348
368 150
206 117
260 359
108 278
43 80
204 262
333 250
6 68
364 225
220 71
342 358
229 296
236 370
37 205
45 224
105 64
89 251
23 158
25 46
350 251
104 180
1 98
332 293
148 221
356 172
267 205
366 361
114 43
121 115
351 7
40 374
118 250
149 296
153 46
217 49
5 14
84 373
113 70
132 63
105 265
69 349
329 223
276 172
345 335
74 149
108 73
90 74
98 261
319 163
153 10
46 238
218 158
47 238
119 346
167 163
376 44
32 96
292 39
23 83
7 315
340 314
316 283
363 114
190 184
271 87
123 249
327 24
151 98
374 300
27 4
261 359
306 274
282 220
306 304
5 222
276 3
293 31
351 58
293 96
203 17
264 173
187 131
309 372
112 194
119 153
283 152
281 338
96 275
305 371
113 298
104 367
3 364
35 237
116 77
371 144
300 358
274 41
234 284
304 154
265 344
300 272
321 86
266 6
254 9
275 194
374 158
76 161
324 133
144 317
176 63
312 276
259 186
211 259
201 28
119 177
69 241
80 311
38 36
88 22
19 359
179 236
333 258
121 370
5 54
201 131
119 56
136 86
60 274
252 241
270 363
265 350
350 169
289 38
187 294
111 99
296 59
160 235
150 370
6 34
182 370
222 47
128 100
14 52
373 173
42 101
55 101
377 207
323 125
329 29
51 303
175 265
104 15
70 359
280 237
83 247
34 271
218 214
171 173
205 318
59 177
143 284
147 174
221 140
62 353
102 65
15 56
29 273
348 237
167 191
114 318
352 323
149 121
283 199
27 165
35 124
74 54
324 254
153 297
149 229
70 55
108 168
324 36
58 230
225 11
121 324
205 24
267 106
370 56
146 226
198 190
30 312
33 316
301 358
46 288
71 159
101 221
361 365
51 227
364 236
108 15
242 36
266 38
99 219
338 208
149 301
163 45
1 256
224 246
269 270
105 206
293 351
79 374
195 19
28 37
172 12
87 20
339 288
50 20
301 145
346 115
65 290
306 311
195 328
80 102
145 377
283 32
226 274
136 55
266 220
13 233
359 34
154 374
370 128
92 205
280 344
270 48
294 236
12 353
51 188
55 71
256 152
58 312
9 116
174 131
303 182
11 240
62 31
345 314
4 50
59 299
71 214
39 272
359 119
338 317
350 240
64 109
152 4
247 183
32 18
353 160
368 240
276 20
317 130
38 317
284 91
140 60
177 351
158 378
365 56
352 335
369 117
39 348
349 209
127 76
33 304
87 78
135 146
157 374
92 292
354 330
201 44
370 268
211 239
150 199
159 181
123 342
317 371
129 123
331 63
58 161
94 347
211 137
372 155
159 158
246 337
254 376
347 39
214 248
138 188
256 115
283 1
156 342
163 148
329 296
231 272
314 40
181 207
328 296
71 278
72 32
172 83
13 198
239 132
37 47
83 324
52 218
354 69
252 213
342 372
341 316
111 277
214 114
198 162
153 338
323 350
274 328
175 156
160 146
30 194
339 69
363 259
301 193
106 213
148 86
48 162
349 26
43 254
110 311
28 111
154 278
184 256
174 323
45 305
18 92
35 200
332 93
51 180
107 205
275 219
16 278
190 248
156 156
368 96
318 226
273 120
286 211
45 340
138 2
261 298
307 64
355 174
58 2
117 18
12 169
149 217
256 103
341 359
266 244
317 62
274 275
116 253
171 247
177 12
166 206
188 164
370 16
88 183
148 78
251 275
99 354
344 49
235 2
129 351
355 232
101 250
245 29
95 18
89 63
183 74
371 33
219 314
124 349
191 80
151 5
169 181
20 26
175 206
75 41
258 367
165 362
300 255
267 297
129 100
266 233
85 247
46 47
141 292
84 9
275 254
155 22
285 88
155 189
136 196
291 232
159 304
246 218
360 281
147 3
33 118
116 244
291 313
221 360
367 313
372 193
54 313
331 64
143 66
324 332
103 373
361 367
200 289
364 327
150 176
199 298
285 214
3 75
113 42
67 33
300 206
122 223
309 323
270 240
353 378
357 5
148 125
23 234
121 310
358 71
217 8
201 17
211 186
375 302
190 154
210 303
192 249
112 164
65 323
159 34
156 100
303 300
32 17
144 300
196 352
250 311
59 225
144 140
232 351
204 344
351 206
336 325
324 220
130 345
350 335
17 177
240 5
301 211
165 9
59 233
247 143
336 348
137 130
138 253
69 88
152 309
163 235
213 204
148 315
84 46
242 377
232 256
370 151
255 144
284 272
9 191
231 262
161 170
42 357
159 217
175 130
23 107
128 102
215 23
172 1
88 30
195 309
345 52
180 170
188 65
246 105
228 286
150 258
112 344
118 24
365 285
360 380
157 281
345 348
76 167
268 254
154 141
261 328
67 40
35 20
330 145
211 255
153 371
154 351
54 290
68 12
55 222
336 287
298 199
134 316
14 294
300 98
221 296
230 15
248 283
223 147
327 81
139 372
68 115
57 211
24 309
35 135
332 67
271 308
169 236
292 125
233 157
57 339
9 309
278 206
292 127
288 288
253 151
374 236
101 50
176 32
79 94
130 19
91 193
278 93
260 178
253 266
102 308
371 330
203 349
170 256
359 209
264 242
53 376
57 343
252 156
59 333
298 105
162 42
51 96
353 93
70 32
204 235
213 162
272 68
214 327
171 92
68 134
258 304
275 104
349 92
113 182
175 236
223 32
271 302
66 203
15 25
182 196
240 91
115 240
201 7
45 12
242 255
173 246
371 239
38 58
277 45
372 146
12 370
378 114
351 91
143 81
200 104
2 205
376 261
60 82
178 372
253 255
226 251
281 356
306 151
134 42
106 211
206 309
182 273
87 81
227 190
272 316
186 116
215 40
371 52
116 282
116 346
338 222
304 215
247 96
27 128
170 312
281 95
246 371
42 355
248 180
205 337
211 151
15 111
352 125
118 85
376 341
306 1
242 154
370 3
192 365
304 42
345 116
48 64
143 135
287 137
337 359
123 192
190 52
27 78
11 191
26 360
371 190
122 138
124 198
54 80
226 334
44 150
202 151
89 137
163 325
302 74
178 12
79 99
93 255
114 289
156 192
206 76
166 346
344 91
118 229
96 200
51 208
327 183
361 66
51 358
294 93
189 152
199 200
324 42
309 353
108 23
322 172
285 34
256 68
162 314
206 75
157 378
348 290
155 233
172 317
372 27
150 294
2 208
204 168
200 338
238 117
344 258
82 358
291 288
17 23
158 378
159 77
181 232
219 180
224 341
154 70
236 227
272 157
367 363
198 149
351 68
227 15
39 92
311 357
108 279
37 105
283 141
179 318
205 38
137 253
16 111
35 367
3 88
107 77
322 50
361 45
163 35
327 102
267 153
174 245
163 86
211 92
223 76
354 124
343 167
15 117
301 60
52 356
277 69
356 31
88 301
295 324
17 125
44 206
55 325
112 10
341 183
330 173
42 77
205 119
110 194
268 189
268 264
129 302
360 134
273 161
211 153
200 298
256 111
195 83
117 350
281 313
270 337
45 183
60 256
180 47
172 349
192 372
223 346
263 371
63 321
213 1
342 52
308 167
206 249
141 179
180 35
264 347
187 19
152 108
169 49
350 351
44 216
299 315
255 200
323 242
294 348
181 285
153 277
95 18
281 141
345 89
340 18
328 5
286 120
47 139
376 59
48 223
200 257
247 185
194 228
145 214
197 185
271 367
351 343
178 205
171 347
27 73
25 219
146 39
301 126
43 143
6 101
262 80
252 177
315 41
150 152
309 364
67 141
58 206
183 178
20 379
149 217
225 354
202 312
223 67
305 103
260 43
151 301
228 169
334 79
271 341
314 214
291 71
131 72
115 268
80 251
247 180
31 64
278 335
106 176
43 291
205 217
93 157
366 13
75 117
229 5
365 335
49 71
130 6
248 315
242 159
340 29
204 166
215 91
167 94
215 378
206 11
156 17
110 61
296 127
196 126
86 67
196 112
330 359
341 137
210 301
59 86
144 114
255 85
183 65
215 203
192 324
104 372
30 104
41 257
128 336
239 238
11 306
44 19
14 201
248 204
234 145
275 154
107 155
213 202
217 37
88 313
160 368
322 48
113 251
155 130
379 71
194 316
51 268
215 60
98 191
330 124
371 299
186 332
149 146
190 321
205 147
380 156
322 353
277 370
186 296
166 268
351 12
21 276
330 160
293 168
348 5
328 342
148 33
93 279
5 67
311 43
63 325
222 349
252 50
195 323
174 355
337 33
124 379
319 8
155 193
209 289
65 129
234 300
241 16
281 362
101 159
116 196
180 360
76 315
91 34
103 244
121 142
154 160
34 74
298 98
150 52
255 314
17 127
298 98
228 195
39 99
206 86
368 346
122 117
310 194
182 262
44 321
343 144
137 236
304 111
107 231
174 349
12 252
169 192
31 230
354 17
19 46
286 13
292 15
236 122
67 302
361 77
348 61
143 352
351 350
183 265
273 361
75 94
84 228
118 268
240 60
317 225
153 179
334 356
179 258
112 171
68 93
15 279
180 249
95 337
337 72
339 365
139 269
124 59
246 220
9 289
263 223
380 328
220 23
286 40
298 20
346 164
210 19
204 373
158 23
148 312
101 109
281 179
323 345
295 211
229 98
214 345
212 85
320 126
2 315
31 162
97 11
227 93
199 113
146 76
338 296
191 140
116 372
244 135
129 173
247 284
18 367
19 155
46 360
73 44
104 273
49 19
13 137
53 178
33 14
260 244
6 186
341 15
316 174
185 228
259 281
334 34
29 234
315 42
367 157
378 229
361 302
8 129
276 26
276 338
373 266
362 360
13 91
199 252
207 276
196 44
166 375
2 68
52 23
251 210
165 104
92 181
80 135
36 144
188 207
380 356
38 168
203 94
170 211
347 344
8 318
208 182
237 239
1 1
272 184
297 301
366 155
49 377
353 321
28 90
10 287
50 162
217 347
180 192
198 249
260 205
102 281
316 306
240 35
370 146
6 289
76 265
187 337
175 213
340 28
219 258
90 239
148 208
330 335
139 258
268 241
131 4
359 286
96 137
39 225
365 58
131 97
106 40
170 155
328 153
360 57
241 343
204 79
141 260
242 311
309 299
285 131
334 330
305 367
372 264
110 357
146 247
217 75
32 79
211 135
292 213
17 197
346 251
360 69
154 292
259 254
138 236
163 124
6 141
105 198
314 45
328 323
7 274
193 158
145 195
122 180
79 30
231 339
29 166
336 84
214 1
27 168
163 242
78 177
17 303
4 327
38 137
25 163
360 203
322 46
191 248
325 211
95 217
16 18
172 299
78 165
262 314
196 260
96 86
127 277
212 328
345 289
307 303
112 264
93 285
198 315
86 256
204 298
116 17
104 74
128 101
153 165
138 283
120 302
151 278
201 335
126 296
291 331
232 100
38 102
82 201
5 2
21 217
244 257
108 259
184 320
185 145
179 121
221 12
7 3
298 56
366 72
10 227
170 164
84 62
159 290
198 136
100 248
103 181
289 319
171 333
117 263
207 329
342 172
196 86
292 55
207 243
218 287
297 350
283 32
89 15
160 136
95 363
337 240
103 252
113 348
250 374
173 101
162 287
193 195
343 357
91 55
86 313
325 103
88 180
355 40
204 170
175 295
89 273
317 87
168 120
20 309
194 2
270 379
131 245
203 374
23 347
137 110
327 292
31 81
237 83
277 270
55 300
289 140
343 18
280 275
45 245
148 69
178 249
291 63
16 32
223 104
372 83
184 171
186 312
272 294
104 105
6 30
312 343
58 106
33 55
65 310
239 84
180 55
100 190
223 275
109 363
209 59
290 368
35 152
58 333
5 15
289 276
75 6
229 204
245 341
376 44
17 99
298 36
55 292
276 310
353 175
216 345
306 236
362 352
249 193
53 201
324 13
240 209
181 159
353 133
76 168
360 252
183 178
35 5
225 366
96 190
34 217
266 287
327 159
269 311
12 39
342 56
210 291
197 315
237 50
43 6
288 83
262 185
84 368
185 298
111 310
31 373
24 53
319 160
202 357
175 126
72 233
94 99
99 22
365 273
172 292
73 46
161 374
264 325
169 72
86 215
57 141
125 75
300 214
140 189
177 248
278 283
49 93
243 325
38 149
72 92
78 36
44 223
89 207
1 246
199 163
54 45
235 340
13 54
5 123
229 142
194 37
64 196
358 233
239 329
305 334
171 29
293 318
10 379
316 329
142 242
85 277
46 44
321 353
105 46
184 281
317 29
280 258
135 230
308 235
283 34
199 107
225 338
193 243
61 208
326 56
326 254
111 16
232 280
24 124
359 348
48 262
372 371
1 264
13 141
83 301
376 290
204 54
213 133
329 43
370 43
215 377
263 370
360 111
252 124
282 303
222 204
215 88
13 282
343 161
206 89
240 44
149 334
289 60
98 223
328 117
223 94
314 34
55 11
205 380
2 308
81 260
359 345
87 19
332 117
310 269
100 55
204 259
260 336
220 43
27 268
194 150
194 102
308 320
281 272
244 329
199 353
349 67
114 44
139 281
224 229
115 149
345 326
257 316
299 242
52 175
1 100
353 129
40 117
30 2
138 143
212 295
46 105
377 316
105 378
270 225
222 377
91 225
341 305
255 296
62 245
295 178
308 341
106 318
191 345
160 5
266 142
175 325
364 248
215 358
81 186
31 272
302 229
249 73
235 289
55 51
3 352
65 64
171 40
326 170
14 49
320 178
239 105
361 283
262 194
20 357
121 133
217 195
82 364
130 57
9 364
66 333
134 123
374 338
322 325
47 138
5 105
108 56
127 258
10 172
131 342
136 303
106 340
15 131
335 318
215 37
84 111
74 33
178 215
8 198
1 162
350 21
47 332
369 172
105 5
351 112
48 170
61 206
300 239
294 314
15 186
327 246
161 185
144 290
183 157
322 26
172 282
241 300
190 46
291 216
143 214
197 221
141 30
208 21
303 280
50 120
375 43
41 116
65 334
187 148
80 130
280 23
274 347
345 299
322 348
212 218
147 292
254 33
329 215
209 31
217 42
348 82
267 371
149 206
177 281
182 245
214 258
281 11
339 73
304 151
334 178
369 233
259 334
359 190
114 191
13 309
276 230
107 68
140 180
238 264
233 267
351 86
343 17
218 182
223 203
131 183
163 371
354 51
208 159
120 64
243 334
312 319
373 252
71 364
185 64
211 231
280 53
355 239
216 300
72 105
157 221
13 28
286 339
50 225
67 44
269 67
219 367
337 182
270 333
82 338
350 36
348 233
223 318
148 268
163 248
359 274
233 71
303 245
190 378
315 148
293 341
55 311
234 339
362 36
9 89
245 117
1 212
234 24
58 237
184 40
5 209
84 267
162 71
334 49
14 163
347 171
318 170
350 253
203 48
225 334
94 130
232 93
295 38
64 373
196 257
211 282
39 345
191 345
101 79
266 125
353 176
145 22
273 80
185 85
83 124
94 182
190 297
106 309
327 86
352 116
21 193
343 248
154 55
142 149
19 201
60 10
80 165
21 357
377 114
48 255
21 333
167 293
290 207
160 358
328 202
216 356
29 71
122 162
93 180
307 244
246 186
30 171
73 10
350 102
63 200
322 256
191 28
257 192
300 104
354 52
230 7
279 246
52 245
6 151
90 302
232 207
158 1
296 17
57 14
181 54
118 181
354 315
14 74
109 208
75 357
162 354
175 256
258 125
304 139
165 48
308 226
230 10
355 140
80 330
265 69
198 139
363 291
95 287
259 332
332 312
379 285
329 65
335 111
83 357
150 54
180 193
40 47
113 376
181 39
243 81
184 74
326 143
35 100
48 224
160 272
281 170
332 358
336 215
45 118
308 123
211 322
118 182
270 309
10 43
208 280
75 231
117 14
121 67
150 88
27 136
5 51
332 357
226 371
16 269
321 124
207 236
167 101
131 197
181 212
140 233
134 139
315 261
161 210
31 54
334 296
51 244
185 65
287 327
349 347
275 380
342 208
131 321
89 227
228 28
109 257
154 120
119 318
185 101
202 193
108 59
278 365
