380
1444
49 359
267 211
34 293
364 52
344 25
66 359
38 22
279 281
227 199
152 72
341 215
201 275
175 217
29 34
196 372
210 223
270 96
43 228
18 359
92 137
69 169
299 110
288 365
308 203
172 128
254 130
122 193
331 260
220 194
339 35
92 311
6 114
333 173
55 253
202 303
60 31
321 244
107 312
145 312
217 12
62 266
36 24
107 72
3 247
207 287
7 361
285 331
325 148
105 86
351 232
38 333
269 204
173 68
277 345
105 38
216 177
328 121
335 365
65 333
87 136
49 152
282 268
267 213
251 315
8 7
147 75
46 234
99 319
129 142
348 158
360 347
31 319
23 286
131 84
264 231
80 236
189 231
235 339
286 295
233 189
282 308
283 81
14 286
256 320
13 236
170 150
357 97
198 63
45 247
20 145
280 365
358 380
363 379
244 54
298 170
334 340
193 45
219 191
17 173
162 187
14 211
102 210
196 72
227 7
72 47
28 187
363 320
89 310
61 334
372 152
191 150
1 64
55 242
226 272
302 7
157 103
317 214
289 302
277 29
266 276
287 111
328 135
39 248
342 87
107 112
335 312
297 181
331 28
61 7
46 370
127 339
156 4
234 83
167 45
374 329
376 243
76 358
323 204
355 112
198 365
2 181
131 305
139 259
45 181
195 256
110 174
190 313
290 144
21 244
112 153
357 87
336 63
366 224
268 10
344 116
216 360
114 73
147 225
42 134
199 153
101 235
225 78
322 346
254 377
251 326
57 338
204 115
18 276
168 9
231 345
312 162
204 203
275 140
129 68
270 156
156 125
275 258
179 198
308 65
144 289
117 36
112 65
189 351
315 238
41 103
365 102
225 291
18 356
32 275
281 72
205 184
192 252
237 220
113 273
101 190
198 152
307 137
100 148
253 76
111 338
196 254
151 359
133 298
364 379
15 208
32 305
98 259
192 154
286 256
83 123
337 326
376 79
7 106
140 14
49 7
352 295
257 358
243 341
15 65
107 95
56 88
334 38
215 260
232 223
134 6
202 218
330 49
283 303
13 318
143 227
27 342
336 198
218 145
13 190
320 309
226 148
221 135
355 187
114 122
52 16
210 348
30 211
88 299
329 304
106 298
190 158
286 340
170 301
68 79
141 36
277 346
262 29
40 230
188 243
362 321
347 159
312 241
33 23
349 220
19 263
32 30
25 24
116 307
79 160
31 360
79 251
292 127
201 261
41 27
302 332
88 175
137 378
355 347
364 178
268 151
16 303
28 24
205 4
16 179
263 218
323 61
64 164
193 187
247 137
379 145
206 203
90 68
335 162
127 309
286 40
206 152
371 286
309 251
44 170
376 357
65 375
38 285
6 43
57 162
6 145
21 15
281 223
327 138
147 378
15 102
274 116
135 209
225 337
114 207
349 255
186 115
360 25
153 195
208 75
328 340
29 333
66 331
179 128
111 232
95 22
192 61
154 300
10 23
202 233
332 27
42 316
35 259
86 343
136 9
305 284
145 220
84 85
213 52
98 295
29 333
78 40
4 105
128 273
251 182
223 82
158 124
23 351
105 63
193 129
184 371
213 210
26 51
294 366
252 103
75 332
237 105
341 204
203 33
189 132
209 358
90 21
229 3
315 191
309 64
73 121
152 368
321 334
69 356
342 42
131 11
175 335
316 44
266 168
75 120
183 156
141 345
75 330
251 267
183 293
169 255
112 364
68 17
162 66
29 5
265 204
352 215
279 45
114 182
277 289
290 93
167 279
179 177
171 127
65 368
76 39
261 112
30 224
271 302
101 180
72 275
203 230
202 160
162 158
94 59
309 234
251 6
241 73
44 327
118 8
301 53
259 314
334 230
206 102
297 278
234 44
158 125
6 87
214 349
217 315
180 75
71 230
228 138
237 237
127 165
75 82
288 250
262 18
58 348
37 68
315 295
254 347
32 96
253 329
207 271
322 88
207 182
77 60
312 267
97 134
306 16
35 108
331 160
173 118
72 331
207 327
115 73
136 59
280 231
223 36
22 42
319 207
272 178
317 373
234 100
168 208
244 295
242 135
271 248
207 338
331 28
317 353
356 42
274 186
111 322
155 375
255 245
243 154
301 350
148 47
281 133
117 82
44 123
283 330
49 189
61 51
272 288
300 48
106 361
353 227
278 142
11 300
343 229
66 370
368 297
226 135
152 183
330 225
152 161
220 91
140 336
243 79
103 122
316 237
145 345
314 298
215 251
14 261
60 272
139 165
163 100
204 379
349 45
371 346
271 325
144 28
176 379
50 153
44 11
359 211
163 311
82 78
24 224
348 204
42 65
253 45
227 302
68 80
75 301
276 357
39 318
141 300
30 148
175 128
73 263
63 222
321 111
181 350
164 316
275 55
380 142
311 7
302 188
75 355
50 6
4 134
80 92
183 262
318 283
55 274
105 68
4 36
16 260
250 164
325 215
170 94
318 338
264 91
19 228
264 324
26 267
311 279
294 7
133 115
297 87
293 214
360 231
257 182
170 345
112 357
48 187
169 77
57 292
78 276
276 40
114 163
296 232
38 36
8 98
255 213
245 5
305 167
130 377
379 317
92 112
238 78
162 16
151 354
147 267
55 233
67 217
134 8
115 160
318 212
371 356
271 192
74 169
304 238
259 42
232 274
347 78
66 344
377 36
343 171
75 113
34 270
195 187
248 150
333 264
75 278
328 308
371 224
268 219
205 11
335 91
313 18
66 62
100 63
160 377
157 270
366 294
294 83
59 78
328 316
197 273
243 80
241 232
107 284
126 151
316 356
264 356
305 167
16 197
316 1
171 195
358 240
51 94
3 156
89 200
227 91
336 138
370 268
32 338
35 21
62 43
43 66
216 120
20 43
363 356
160 204
233 294
378 313
7 241
17 116
115 290
258 12
75 89
133 207
25 1
239 373
89 93
48 154
100 368
290 126
210 336
303 157
323 163
296 289
164 157
65 171
32 107
44 176
282 233
24 80
235 210
7 258
367 312
365 152
274 138
182 338
116 278
206 243
220 223
3 261
98 240
174 217
152 354
284 265
85 202
191 127
42 173
167 95
343 81
287 331
244 289
308 165
318 22
220 219
109 270
354 193
34 150
87 69
80 144
330 7
14 48
280 64
13 167
165 20
318 33
18 122
320 367
21 78
306 53
312 160
371 137
242 36
103 140
45 222
71 125
55 157
132 109
208 172
85 81
30 279
166 249
182 213
354 24
134 241
308 262
96 93
287 309
112 325
338 167
373 224
285 253
342 240
54 156
124 217
286 319
5 215
81 362
173 127
33 175
21 232
174 128
217 60
57 325
350 133
218 68
250 61
298 332
28 319
177 375
152 31
328 142
297 164
274 271
32 315
172 265
76 297
7 165
7 85
14 83
319 231
20 34
80 171
3 249
275 274
68 286
277 249
96 348
83 263
204 369
120 278
250 114
272 277
166 357
179 370
263 151
146 236
238 190
51 272
351 80
288 371
169 265
333 3
119 62
10 203
150 93
80 324
236 61
188 30
169 163
49 54
265 96
192 366
54 109
167 42
64 263
30 133
115 131
230 373
246 34
215 160
4 245
201 227
66 84
216 217
240 326
62 374
5 336
309 197
368 154
117 108
377 296
347 88
273 300
322 349
118 173
224 228
299 18
87 358
5 88
61 262
362 163
280 228
298 251
30 271
42 328
180 96
85 336
44 325
372 370
282 334
189 63
117 28
17 363
80 126
220 191
7 187
20 5
32 272
207 304
301 33
121 67
171 354
371 270
175 49
215 1
378 145
236 224
203 145
149 372
297 101
186 109
361 238
147 330
95 352
267 15
104 110
62 247
101 92
219 254
7 132
154 297
327 244
289 106
171 263
186 95
16 64
46 126
198 6
312 71
304 272
215 10
120 86
187 161
226 377
122 34
50 145
175 54
64 91
377 263
310 332
30 130
274 48
193 187
19 219
97 281
298 89
212 149
379 153
11 279
299 66
378 286
4 306
73 85
68 208
370 188
358 70
279 194
112 267
77 142
94 347
141 263
337 147
180 231
316 192
347 148
291 284
22 289
225 94
21 8
84 215
64 175
261 252
22 322
31 57
261 343
283 142
15 214
273 337
337 287
320 286
98 211
245 220
258 100
331 374
207 64
140 194
378 71
181 359
377 354
201 195
316 310
132 180
315 292
357 164
107 82
270 164
262 210
248 172
140 135
315 191
368 301
65 313
262 125
359 319
169 357
231 226
60 200
339 26
259 283
127 68
261 143
337 317
246 181
259 355
266 104
145 345
84 55
278 172
380 283
129 321
285 184
165 55
76 248
357 228
151 181
63 18
177 103
325 6
380 108
113 316
295 288
24 101
182 39
86 101
319 20
310 265
65 81
256 190
23 286
20 288
165 87
132 372
372 334
139 50
348 275
145 349
173 219
243 236
123 3
44 327
225 169
113 376
172 87
147 14
57 185
24 207
54 45
18 353
68 58
174 6
254 139
241 379
12 300
282 228
6 358
12 80
58 220
187 29
313 30
321 34
122 36
36 205
18 6
13 310
346 324
20 51
55 66
253 173
326 114
96 296
301 266
117 316
138 206
346 236
150 108
251 145
216 87
259 335
15 104
194 105
42 253
167 224
201 350
14 50
195 98
231 159
353 314
107 204
175 33
90 293
349 233
312 78
233 371
342 127
354 67
234 106
229 367
89 339
326 171
122 367
15 243
222 30
207 301
55 205
231 211
138 172
255 318
164 183
372 243
212 113
15 51
175 242
90 219
362 340
200 194
175 284
153 316
114 193
39 307
301 345
164 55
123 275
33 64
4 307
260 257
40 191
54 290
171 199
299 193
198 327
209 245
326 137
125 9
230 327
342 323
136 61
59 334
315 332
130 94
142 263
180 196
89 360
201 161
297 93
15 207
224 325
109 347
191 27
295 350
225 106
289 17
307 364
132 78
316 57
54 262
149 91
249 365
18 280
130 97
5 88
20 174
77 86
58 135
368 154
224 225
50 215
268 314
149 273
138 92
297 11
256 271
257 352
118 190
100 17
250 313
162 227
141 212
74 229
227 181
319 101
373 209
203 369
206 256
307 350
230 117
188 320
58 60
354 121
307 109
44 240
260 69
142 215
301 258
321 269
74 149
166 8
213 166
46 267
235 290
375 203
334 213
124 294
20 136
104 24
296 265
205 282
4 145
71 171
236 185
177 101
348 72
345 11
107 320
272 338
98 161
344 45
25 340
229 279
301 147
312 237
372 310
291 139
242 280
181 7
368 276
151 88
225 152
86 284
53 155
276 209
317 372
134 373
135 30
185 167
354 354
357 141
345 292
246 25
119 133
52 15
27 335
129 227
122 250
345 172
321 133
340 257
224 372
130 245
102 64
182 290
99 351
58 347
319 203
347 352
129 92
141 126
97 252
371 12
330 50
217 103
16 23
79 283
222 158
365 70
320 123
357 48
378 267
329 375
121 298
96 169
258 83
362 127
286 226
105 43
16 111
315 304
82 57
159 275
288 307
114 300
304 27
299 83
201 197
245 115
137 212
321 239
145 312
216 45
256 346
281 226
338 305
63 26
360 108
201 299
365 203
173 290
182 216
219 350
292 228
155 55
123 189
271 118
156 191
313 29
251 241
99 205
172 54
300 335
181 215
297 169
337 157
145 10
201 266
215 5
221 336
24 242
97 246
134 187
324 107
307 237
333 97
269 334
281 106
210 371
310 362
254 65
204 211
362 167
99 137
360 243
12 176
225 185
57 34
16 3
166 52
296 378
46 314
3 243
292 333
58 254
339 41
58 231
114 233
191 204
225 186
356 239
61 42
241 274
57 158
44 119
379 19
95 304
8 297
68 23
244 43
340 312
61 375
198 376
145 141
379 323
317 243
50 61
229 306
313 350
280 134
90 232
209 87
355 137
92 124
261 339
78 205
36 54
132 123
48 53
192 39
376 59
326 331
377 339
196 136
58 235
175 261
159 298
371 100
280 91
205 184
309 288
223 163
364 121
122 133
78 124
95 339
31 346
292 229
119 93
238 294
97 142
172 175
169 198
4 29
157 375
270 82
125 26
19 198
75 349
26 65
334 71
93 372
180 42
322 34
38 48
267 218
214 110
57 203
326 195
182 62
299 305
168 159
40 194
359 31
349 70
141 1
373 12
292 125
234 173
54 115
364 1
361 13
11 51
250 212
253 286
318 378
160 25
256 375
60 232
302 68
334 146
194 43
10 105
58 41
23 127
376 244
302 197
267 53
11 13
18 76
367 290
125 315
67 371
244 36
23 321
242 277
372 241
344 283
216 208
85 225
334 2
341 347
40 188
288 235
21 347
326 61
33 20
81 160
313 144
289 341
257 53
147 329
300 228
101 30
258 100
352 378
52 164
223 108
180 70
300 313
322 119
370 270
362 297
268 206
358 57
31 354
111 299
31 219
3 86
129 138
143 249
27 341
353 170
262 332
90 250
259 15
206 53
207 284
175 80
113 292
186 44
312 201
229 363
109 132
161 187
235 291
94 360
28 77
311 114
46 174
122 313
