380
5776
109 196
314 375
4 141
33 375
48 273
357 355
14 102
291 345
9 265
82 98
79 227
163 162
344 251
29 276
197 227
340 203
346 162
104 91
314 195
94 105
307 248
72 128
119 21
170 70
299 44
153 76
209 33
167 42
195 28
225 260
76 248
170 221
378 235
369 285
252 38
307 89
12 293
318 248
264 334
217 183
20 272
291 308
306 212
101 96
201 140
176 250
324 244
104 299
25 340
49 171
3 205
177 33
240 54
240 194
248 8
119 235
108 86
65 238
128 310
246 130
355 52
26 50
28 55
125 197
130 15
191 351
248 322
219 134
334 35
98 52
154 34
23 209
311 295
8 168
166 46
250 375
350 81
213 237
221 357
54 307
121 189
4 327
25 375
74 130
125 93
154 214
123 330
326 219
331 186
352 124
373 181
152 54
209 68
177 198
185 50
75 87
109 27
145 376
141 379
362 309
174 4
81 326
292 338
14 100
236 208
313 36
155 342
80 153
196 130
325 189
110 309
92 324
105 29
264 307
146 100
254 40
215 59
336 162
360 203
212 80
72 362
277 45
75 223
80 27
70 158
244 352
139 143
269 352
276 343
353 54
365 208
181 214
250 7
72 311
131 313
375 47
97 346
215 301
14 79
183 233
218 253
17 297
13 349
157 65
347 370
251 92
359 349
94 163
131 166
263 126
144 190
300 60
215 338
262 87
276 183
96 107
297 327
185 53
359 300
76 345
290 64
90 225
28 11
347 228
323 148
318 313
100 121
91 215
141 239
146 123
365 114
5 186
304 150
352 193
70 245
365 38
163 27
197 127
99 351
321 379
113 110
230 161
164 307
213 280
1 260
70 42
110 369
176 291
111 115
154 326
120 353
365 147
246 349
287 191
237 249
223 31
328 146
213 60
37 219
46 186
142 84
161 76
223 120
8 89
16 257
255 5
72 166
93 26
291 156
243 216
135 283
245 202
224 270
364 203
245 344
287 170
185 327
68 376
96 33
35 296
305 35
170 70
108 353
284 373
57 84
126 59
244 107
326 146
324 293
43 342
352 352
160 38
250 171
208 196
45 333
237 28
175 378
331 312
215 358
202 250
54 41
268 236
316 204
215 152
224 189
197 215
312 185
206 162
169 365
51 75
264 372
171 116
377 69
318 30
281 162
91 351
222 377
220 82
137 162
29 23
207 50
134 272
319 93
357 281
286 304
20 159
269 162
168 349
357 25
55 85
331 350
91 64
87 339
71 352
124 134
237 372
336 194
18 27
332 39
73 187
37 344
183 41
75 162
190 155
148 254
217 144
227 54
27 344
90 27
355 5
355 240
192 236
178 31
126 99
322 32
269 201
345 168
346 77
341 212
315 87
76 110
234 118
240 251
212 274
107 233
299 287
15 50
154 288
121 15
174 293
324 163
65 217
201 97
132 146
317 177
86 375
39 118
338 23
95 213
28 299
254 344
95 294
156 220
256 135
268 191
74 92
348 52
198 170
132 357
327 32
375 180
205 335
341 312
92 351
64 261
258 215
355 200
38 113
290 47
9 19
89 17
236 260
379 310
66 254
269 5
303 135
303 13
57 216
89 283
344 97
167 313
233 279
240 209
41 218
117 299
40 63
367 69
150 329
353 245
368 164
134 8
190 284
27 73
267 132
244 279
194 220
115 337
65 275
328 106
166 215
331 56
31 373
184 88
125 195
172 73
142 245
301 378
313 342
347 294
344 223
111 152
72 144
113 352
344 297
18 365
363 254
208 317
359 25
324 59
146 80
140 206
86 90
166 57
186 5
85 200
140 22
211 295
237 139
357 257
107 306
340 192
61 126
380 325
261 1
228 84
55 237
169 155
309 219
242 283
167 12
165 83
84 185
1 48
265 151
178 353
233 152
325 158
79 361
356 135
373 279
214 38
270 114
330 253
128 211
120 109
90 172
241 159
92 305
81 84
207 299
25 319
205 275
378 25
39 44
63 13
373 133
147 179
187 27
270 94
60 232
318 304
364 214
174 372
178 22
291 49
201 174
174 12
238 53
291 92
124 203
193 191
6 248
348 241
171 377
275 40
184 344
23 65
115 291
122 54
96 215
4 154
358 58
261 149
358 109
254 259
200 22
255 306
103 280
351 249
162 370
304 68
97 274
64 61
44 8
122 369
290 124
145 317
106 324
51 174
254 353
185 243
203 296
89 367
93 234
318 38
53 251
304 54
214 8
160 337
96 152
28 128
191 161
83 101
39 278
197 227
210 96
178 330
21 123
189 144
223 189
244 295
22 210
74 303
124 204
49 295
354 147
224 293
86 297
125 226
103 241
32 112
197 226
339 19
290 121
261 90
357 354
143 118
144 197
346 322
141 340
3 142
263 353
56 236
379 111
330 237
80 325
135 233
108 274
365 95
336 196
337 233
98 99
179 97
340 111
369 109
53 230
253 207
313 299
245 5
88 218
154 222
178 127
24 96
257 224
298 65
353 258
268 358
180 205
133 320
46 25
143 117
374 217
109 87
284 273
265 16
119 356
12 92
371 274
63 351
235 173
41 335
272 317
316 340
119 277
40 147
39 153
172 98
369 73
162 27
71 174
68 333
69 14
167 160
341 254
189 86
278 85
265 153
167 82
80 303
171 153
179 247
137 194
48 189
196 187
360 135
345 308
162 211
73 223
162 220
288 237
292 246
161 229
134 58
54 270
202 315
24 39
151 80
71 234
10 254
378 17
196 8
192 223
19 173
69 285
247 185
225 97
35 9
201 317
293 322
69 242
43 166
339 373
84 286
196 54
8 202
226 43
263 298
165 174
192 315
55 219
234 100
280 104
305 218
118 335
62 249
72 324
141 27
69 49
284 210
144 347
189 297
198 261
255 20
215 11
106 158
100 28
75 314
53 300
51 265
334 30
362 142
301 370
27 214
312 146
283 111
36 266
125 183
153 99
206 234
339 175
316 201
110 16
219 380
173 84
57 106
155 329
183 216
24 91
320 264
357 5
176 50
137 211
184 333
320 204
125 34
113 328
153 326
30 117
374 125
380 235
77 83
363 144
9 184
126 228
235 49
312 287
24 213
18 335
125 246
175 228
144 88
207 5
358 231
144 197
95 354
34 175
264 158
286 91
149 275
343 92
214 224
211 178
57 16
141 321
340 194
171 316
149 222
173 116
255 60
186 164
79 155
263 285
209 83
261 363
210 372
168 329
63 287
260 264
113 59
341 78
365 230
28 2
304 14
359 107
221 121
269 48
170 342
290 309
271 219
46 24
338 45
157 336
118 340
192 64
24 354
87 169
240 102
242 258
93 370
378 114
82 70
185 152
234 82
219 154
157 206
132 339
344 299
65 253
106 308
213 263
265 334
155 90
253 122
33 12
178 286
55 173
126 237
226 369
256 32
6 171
289 322
327 162
24 15
141 318
104 310
235 286
136 375
241 214
236 380
153 12
140 50
348 322
360 348
97 295
99 85
234 188
56 127
345 316
242 60
307 335
269 68
254 79
189 75
130 199
5 361
26 227
311 237
129 367
16 309
259 263
37 252
42 214
375 53
339 33
310 221
155 242
193 72
39 209
28 54
314 116
182 333
132 104
65 60
330 118
48 29
306 274
309 306
374 166
261 355
192 192
81 270
253 10
49 178
209 117
59 211
218 289
165 95
262 276
290 113
82 289
117 203
164 364
181 191
222 100
191 10
155 130
97 76
325 150
313 75
362 57
343 99
161 377
254 98
328 141
114 22
48 50
102 111
305 114
259 13
296 115
132 300
370 109
321 268
73 263
57 190
230 310
132 281
1 333
26 323
108 203
303 166
30 329
121 174
100 179
121 138
13 93
260 373
18 281
85 116
31 94
91 158
135 182
237 122
305 289
21 169
365 152
158 326
266 122
29 119
75 53
78 65
55 92
268 209
138 268
261 57
315 356
136 227
274 358
310 13
42 61
58 82
368 368
225 351
166 69
116 376
190 250
198 215
164 121
27 283
89 136
325 177
345 223
110 49
158 196
23 176
369 228
191 248
68 9
33 112
104 207
130 151
267 330
101 370
271 173
236 171
144 125
295 22
239 264
176 304
292 312
186 35
169 35
249 350
37 93
328 195
198 278
310 349
367 298
29 307
267 276
141 261
375 282
35 354
280 33
123 360
194 175
250 173
108 317
344 92
112 179
371 221
195 186
362 107
61 86
96 232
361 82
202 51
301 260
114 283
54 300
28 220
252 77
267 27
166 299
347 277
104 72
329 133
42 236
324 113
329 27
88 158
301 315
139 27
178 6
8 207
299 208
66 133
248 43
363 13
348 144
303 75
380 223
252 372
329 201
308 337
34 102
88 288
230 4
168 79
125 202
304 195
223 321
48 343
48 55
334 278
251 38
284 93
357 283
77 349
344 299
308 311
342 43
327 155
43 19
35 329
272 360
78 333
320 354
172 116
81 83
369 74
138 313
302 246
252 2
218 131
55 102
60 323
138 101
359 47
79 32
349 164
104 76
271 70
133 55
186 45
2 324
212 87
56 97
155 61
351 364
355 328
66 297
369 148
374 376
28 26
68 220
250 267
360 112
288 113
77 271
375 225
365 347
204 265
124 47
80 129
214 52
271 130
46 68
230 105
95 258
28 213
81 140
189 276
355 3
219 308
197 59
303 151
61 155
35 204
355 215
270 134
33 286
9 302
100 190
367 187
44 351
224 20
181 287
370 201
225 40
366 259
371 362
57 216
228 339
287 69
346 321
355 379
77 46
139 297
158 235
119 287
131 260
117 308
168 28
214 340
217 367
62 328
345 77
321 243
210 201
112 281
310 23
361 243
271 208
53 317
101 71
144 69
194 136
135 207
242 94
221 346
371 311
215 345
313 171
254 264
76 231
180 111
368 48
233 183
180 188
122 72
167 354
299 167
85 115
83 289
146 222
240 361
6 353
64 341
43 282
243 70
183 310
51 133
59 366
352 51
86 61
261 220
173 122
306 303
72 15
373 334
149 197
311 241
264 257
146 281
220 247
62 208
360 305
34 255
1 149
72 230
363 320
243 92
338 318
322 343
88 374
130 354
6 133
70 179
250 264
166 171
333 312
161 280
72 285
365 15
271 117
345 4
82 251
171 106
166 36
56 3
13 134
2 63
142 231
283 30
286 317
13 71
182 360
292 106
330 16
2 350
293 263
22 47
50 76
252 358
124 355
55 158
111 262
237 16
15 70
290 33
204 232
211 331
213 23
154 327
18 302
143 309
10 148
314 6
7 55
153 358
103 77
174 114
316 335
361 324
198 282
292 259
286 206
359 121
287 328
300 47
341 110
32 142
30 362
172 180
354 360
337 193
230 194
325 278
25 210
207 58
30 141
84 101
223 13
86 238
67 355
234 150
326 165
25 16
366 71
340 146
234 131
287 83
339 364
349 44
238 318
255 24
57 22
247 357
377 222
249 351
200 55
198 71
230 259
283 226
373 29
65 169
287 296
224 52
92 109
6 261
156 149
122 65
209 21
322 277
158 96
46 52
31 239
17 327
325 193
66 262
345 71
131 302
96 162
32 62
8 236
213 296
23 122
191 263
246 112
113 170
201 105
208 225
24 292
337 68
30 111
354 347
165 339
312 358
244 171
174 108
25 272
167 90
344 369
45 180
324 287
221 291
331 287
326 103
379 38
318 104
87 242
83 67
54 179
324 341
258 72
89 223
179 91
237 22
292 37
379 248
276 299
253 292
31 365
131 225
2 118
166 40
121 316
380 19
109 70
280 200
300 196
307 274
291 240
87 334
239 210
48 121
272 274
203 319
187 298
139 321
380 271
108 372
138 305
281 164
84 132
35 107
248 98
191 37
267 76
74 67
334 78
99 6
4 116
37 320
380 228
183 164
74 348
130 105
286 271
155 41
154 281
350 345
52 64
224 173
331 107
160 342
124 37
171 125
319 146
337 95
143 342
94 346
275 310
18 128
289 168
348 221
197 82
357 258
208 186
372 275
219 122
355 306
1 44
352 102
73 348
14 343
36 360
15 262
117 153
171 68
16 136
191 212
290 234
59 28
212 162
84 206
130 295
167 360
279 315
22 174
291 360
344 375
311 343
226 80
111 250
348 354
277 293
342 348
250 363
132 44
122 359
273 55
86 314
284 217
140 37
228 317
109 64
186 330
30 22
90 305
27 145
354 341
361 94
53 140
67 15
212 343
23 173
54 125
330 265
156 281
164 322
26 167
283 249
255 14
123 274
126 10
272 347
303 202
26 33
287 379
119 178
16 137
339 123
351 201
170 47
262 286
183 111
164 377
36 56
354 1
311 375
122 201
179 139
105 65
352 10
170 241
106 186
183 102
240 317
378 233
24 6
64 173
285 360
243 275
68 244
354 129
33 299
237 125
238 73
50 91
190 9
371 209
242 291
156 170
304 329
143 218
145 341
146 3
98 16
188 379
345 337
92 190
190 204
225 53
156 306
308 290
14 301
357 206
361 3
67 244
329 235
271 185
126 8
344 379
145 152
85 73
317 228
363 307
108 223
230 135
354 105
255 286
246 340
144 195
311 21
314 343
141 268
62 1
292 273
233 192
58 279
206 39
376 368
215 133
173 75
341 9
377 364
327 49
222 335
222 250
58 112
351 302
325 132
368 278
157 181
230 370
123 322
312 100
287 77
215 231
227 51
61 333
324 166
168 323
175 197
302 174
315 14
265 153
203 356
76 230
285 301
91 347
231 136
380 338
360 74
38 39
70 229
74 304
135 129
189 335
236 246
168 100
274 213
331 19
336 72
124 320
209 178
184 347
203 341
155 48
230 53
247 44
42 51
118 324
50 121
88 80
120 251
175 304
123 316
119 270
152 84
221 243
174 210
90 108
238 171
180 166
95 34
163 171
163 241
106 207
267 206
112 119
169 292
299 246
296 343
46 260
263 34
210 123
151 294
106 258
17 65
321 80
250 378
197 43
153 18
89 120
285 109
336 361
75 181
82 261
273 85
91 219
191 267
324 340
237 139
247 118
319 99
5 346
173 189
314 376
288 56
268 290
44 288
322 51
319 242
75 143
250 165
206 79
251 102
295 335
254 361
378 272
147 294
57 275
96 309
257 196
287 26
170 38
82 195
288 105
360 77
168 199
321 193
281 210
171 20
22 329
317 187
283 240
145 72
351 194
23 63
254 63
17 183
367 196
353 358
4 31
182 183
228 90
176 306
209 109
358 24
333 379
324 270
186 15
218 346
293 236
335 212
249 131
46 189
140 215
138 260
271 347
145 349
52 8
84 150
363 109
165 173
178 101
176 116
352 280
59 284
69 229
196 347
44 20
69 318
288 283
132 304
4 345
287 153
166 121
212 329
106 331
125 179
315 17
150 331
97 328
268 100
351 217
98 138
353 290
173 246
135 32
167 314
303 280
38 221
358 7
236 167
6 285
346 329
192 72
31 221
110 178
88 72
180 372
26 37
330 170
5 345
11 319
276 378
160 195
274 140
350 244
327 196
256 107
58 263
202 24
204 344
289 184
86 164
304 3
168 13
129 49
290 304
248 232
341 266
378 307
126 41
307 125
269 164
179 293
85 376
361 273
307 281
47 241
67 297
104 233
307 265
134 215
1 181
333 172
215 93
99 306
254 205
354 82
42 96
106 68
194 351
363 357
181 268
70 42
33 11
351 362
310 196
219 8
311 200
220 344
245 14
73 208
103 135
270 356
281 236
45 255
196 338
345 111
328 341
267 85
374 121
372 100
328 191
255 304
269 78
225 294
32 268
127 83
26 319
250 195
76 8
132 187
68 108
244 344
371 371
49 127
49 370
90 155
324 200
81 322
346 17
156 248
41 26
94 147
207 108
267 64
12 14
174 204
198 105
202 226
133 181
222 62
358 362
279 331
222 144
19 283
37 115
294 218
243 28
380 150
94 262
169 123
361 217
323 170
335 205
222 74
258 297
245 237
46 113
65 99
358 145
217 47
172 303
262 363
211 280
131 293
143 130
101 134
250 94
177 216
8 80
54 286
126 181
146 238
189 155
372 179
217 13
348 25
208 5
59 159
13 165
199 162
200 101
130 284
231 158
293 152
125 135
198 125
59 205
16 285
331 139
38 81
101 41
179 149
158 315
274 304
99 67
106 362
115 182
335 336
97 9
203 49
60 293
278 295
212 311
89 364
220 304
361 122
47 294
338 13
235 133
131 217
289 5
74 74
217 265
201 253
306 44
123 142
251 197
320 372
126 4
71 67
307 171
292 72
279 266
2 348
176 202
117 358
65 316
210 276
288 130
220 238
356 28
265 361
323 104
162 196
357 266
72 115
47 326
299 226
378 23
285 133
55 308
370 350
367 121
61 122
76 161
356 180
166 145
14 118
39 169
2 13
12 64
70 201
101 244
49 232
181 379
101 308
279 356
379 367
116 216
320 25
296 72
25 10
333 352
244 17
360 36
120 11
59 266
243 279
84 183
142 187
284 372
348 35
268 189
89 355
43 346
93 370
12 308
340 213
103 86
70 303
265 305
151 212
110 346
64 54
365 322
21 44
219 66
350 12
132 49
122 225
311 66
167 84
203 341
143 237
141 349
65 55
376 60
139 66
13 8
118 100
35 233
103 348
211 3
292 142
349 17
134 100
14 115
358 73
263 124
2 116
65 81
222 135
219 38
321 95
52 281
302 191
40 96
244 168
168 261
171 88
280 362
314 24
238 284
105 242
180 299
266 277
185 226
98 121
131 129
25 205
324 3
210 144
135 364
352 19
95 106
165 327
316 230
17 68
30 185
324 204
122 1
286 180
200 300
125 77
252 160
227 363
77 280
233 70
360 53
335 168
238 216
16 279
166 39
192 192
379 150
329 145
100 209
312 125
168 25
127 322
259 77
206 20
147 291
298 158
241 365
47 159
221 153
291 203
222 380
80 297
272 173
184 159
8 205
89 332
180 240
366 103
164 55
40 19
197 157
38 13
277 223
230 292
247 18
59 6
337 255
289 345
104 250
127 273
265 52
215 20
328 319
249 132
252 317
189 23
64 379
32 279
228 57
123 91
272 31
187 11
251 323
12 81
273 248
219 140
120 186
107 17
196 86
235 84
313 44
290 280
330 259
221 314
232 312
150 169
141 86
307 27
99 108
135 280
324 273
325 132
182 276
77 224
42 182
162 119
202 96
74 15
378 334
55 256
288 199
352 96
89 350
55 106
226 282
200 118
14 313
54 319
252 264
65 354
298 352
314 372
322 39
280 186
362 124
68 320
308 8
157 339
114 336
197 318
361 377
359 273
327 339
133 171
83 13
37 214
27 80
31 264
92 279
112 359
45 217
176 257
208 5
208 174
30 116
341 226
363 106
104 72
7 306
22 305
79 178
211 338
130 296
175 188
297 143
164 333
353 252
323 175
99 118
20 304
357 266
334 128
364 126
305 300
10 303
241 322
145 225
118 11
165 375
319 54
98 9
18 291
84 188
134 282
24 373
244 317
188 10
87 232
214 101
238 166
342 52
66 143
278 295
199 34
362 258
185 243
295 12
339 234
185 276
53 207
36 89
379 207
64 347
184 212
2 36
233 284
211 141
293 30
216 306
238 238
175 281
354 371
350 96
269 153
79 313
51 359
254 128
355 192
39 264
225 192
85 84
139 367
301 130
46 75
337 347
141 101
89 362
316 344
271 212
283 133
112 369
260 103
45 259
5 117
167 173
73 116
94 302
246 86
217 185
330 316
296 377
73 244
256 373
5 215
157 213
190 256
44 160
292 15
124 183
366 6
316 285
39 275
27 128
221 374
51 261
238 25
317 319
338 289
334 312
55 350
265 219
84 58
157 80
121 228
361 57
112 251
360 254
305 291
274 107
168 271
17 250
132 5
257 374
207 274
165 75
18 336
335 339
380 169
52 168
19 203
74 33
281 144
148 372
96 310
108 94
52 128
147 45
109 354
290 48
379 335
219 95
372 111
259 131
336 183
312 112
65 37
371 82
78 279
144 208
352 267
280 51
5 271
360 239
281 357
298 31
304 138
270 106
19 137
273 41
121 315
10 113
246 361
76 150
285 153
100 362
216 349
336 186
219 268
137 103
71 295
215 77
243 262
166 203
23 374
83 270
145 21
106 126
309 211
322 152
350 88
6 75
183 28
109 103
370 184
322 157
192 183
148 130
19 140
157 250
169 150
353 268
124 247
355 71
89 34
157 321
77 44
64 52
370 276
361 213
379 125
117 20
157 246
281 252
279 243
357 115
74 271
56 25
158 373
33 204
39 178
231 233
131 56
119 322
287 29
353 362
86 377
255 124
38 243
160 133
242 110
124 242
137 34
124 73
238 115
23 226
150 215
71 258
320 337
114 205
86 319
282 334
179 342
125 117
166 88
150 279
69 10
375 112
216 226
267 29
99 301
294 118
372 102
146 120
131 242
307 158
139 160
203 165
159 96
110 367
373 221
305 93
367 117
368 196
204 378
66 372
73 262
115 325
94 298
235 73
25 343
194 358
228 127
28 344
214 210
254 212
238 125
345 122
96 33
282 12
5 303
342 148
95 33
236 291
169 187
116 354
16 24
181 312
302 42
190 4
368 180
319 50
59 68
46 248
291 49
148 139
368 164
71 135
31 159
178 230
7 65
213 55
327 56
257 302
168 109
38 308
27 58
125 351
62 270
23 129
157 26
204 291
222 158
109 7
105 287
188 60
238 83
269 131
371 52
117 231
25 42
351 147
222 330
361 37
138 113
97 231
199 375
58 361
269 32
232 23
265 72
31 133
227 222
224 379
246 375
293 185
345 312
165 67
266 338
379 155
255 71
191 12
209 108
69 133
230 327
240 262
35 8
312 106
244 243
168 255
278 87
154 306
281 81
354 282
122 315
327 63
200 346
248 65
237 98
272 343
57 323
127 89
365 35
197 133
279 146
112 156
208 210
103 63
70 265
193 4
188 242
302 270
249 263
289 128
239 295
123 241
122 158
316 161
247 177
100 355
342 71
99 182
121 25
225 89
51 293
147 271
137 177
209 122
334 335
154 159
216 235
214 16
236 374
309 26
213 105
132 147
191 297
130 277
230 91
73 207
349 314
259 366
27 13
208 210
196 142
70 108
330 209
356 40
163 374
361 178
337 334
111 375
102 149
154 371
261 205
137 71
102 55
258 80
158 117
362 274
304 38
352 121
115 219
116 233
195 88
116 196
5 77
243 167
299 206
311 143
159 342
240 111
72 335
259 273
152 4
305 16
109 37
345 264
142 124
93 22
47 176
205 127
281 380
231 114
293 170
271 66
238 87
255 380
352 72
158 122
139 184
32 109
81 292
282 82
305 303
69 44
233 289
192 55
182 272
219 190
183 341
169 306
97 188
321 154
358 376
280 257
264 315
300 294
14 72
125 133
198 196
377 278
212 26
375 304
204 113
250 272
119 217
81 14
186 104
61 133
84 274
261 339
291 176
313 257
193 175
7 191
252 23
330 144
196 60
94 148
245 238
93 180
361 221
337 143
247 348
197 304
6 7
92 86
327 326
153 284
78 331
252 274
143 19
296 258
194 359
334 371
145 129
258 316
125 30
372 21
220 33
81 271
332 152
213 370
23 287
262 362
355 132
47 61
8 30
119 108
380 190
304 209
149 308
161 91
198 144
236 33
169 8
146 367
108 109
326 298
242 147
203 15
3 138
120 240
262 121
106 107
52 288
162 312
332 240
232 144
184 345
213 11
170 281
236 106
318 89
368 373
165 380
359 237
266 20
160 212
278 262
289 19
313 115
76 200
379 234
61 339
45 121
18 170
163 49
7 248
96 91
63 142
292 216
252 92
10 208
192 139
77 96
359 37
44 207
265 164
112 306
296 124
213 263
177 124
2 215
243 43
66 85
184 280
214 5
114 357
216 300
274 304
58 206
205 360
153 120
262 11
141 101
259 63
161 37
199 21
236 291
339 215
10 318
207 243
317 220
80 126
344 67
89 324
243 346
97 180
294 116
97 183
247 5
144 252
167 66
66 235
359 44
21 68
287 95
41 77
310 329
270 112
160 358
243 56
63 363
347 168
125 322
32 307
137 127
257 39
86 99
294 33
254 38
231 96
137 346
32 312
28 346
66 48
243 216
62 96
19 219
18 295
264 248
69 153
307 148
109 34
120 79
358 244
324 24
228 190
344 124
312 284
119 258
320 117
155 70
35 98
226 317
347 244
172 270
222 332
11 228
271 93
185 60
337 299
23 146
299 2
98 345
360 168
201 349
316 77
222 170
58 193
184 128
211 107
69 164
360 359
21 163
101 202
119 317
95 110
87 331
297 101
124 97
309 82
184 25
61 46
44 189
182 319
335 55
273 168
128 258
35 129
138 207
193 328
87 110
146 196
216 7
221 41
334 163
290 275
84 129
271 231
241 232
190 155
294 150
191 227
297 209
294 76
300 25
93 281
14 238
357 208
234 69
222 320
197 327
323 123
98 47
273 16
376 297
356 267
348 87
84 128
345 15
253 372
34 264
13 28
177 166
49 22
111 226
191 141
297 293
157 18
291 145
222 224
177 234
241 331
135 322
254 141
254 45
362 29
221 369
251 97
45 359
271 67
360 263
323 285
336 301
212 356
201 205
217 158
157 280
288 224
355 58
5 163
23 22
361 330
145 375
36 13
313 319
99 276
156 230
244 236
324 360
185 378
30 165
135 346
197 369
266 264
220 138
9 284
143 158
24 43
136 199
9 42
151 187
199 146
232 333
159 377
285 246
341 217
96 39
135 35
211 14
221 316
158 226
83 149
58 105
68 78
345 298
253 107
171 377
229 269
277 253
312 303
287 368
117 144
44 241
126 120
76 127
116 262
130 117
3 274
336 290
164 228
67 23
42 318
95 49
362 292
83 103
111 49
26 27
41 41
358 195
327 165
244 246
136 125
127 279
110 84
73 362
272 281
28 217
102 42
130 286
331 220
237 343
254 200
61 331
10 349
111 101
132 166
297 366
358 190
248 34
102 21
126 372
352 104
22 168
301 133
145 350
260 341
335 204
242 102
56 292
149 214
91 120
302 32
117 259
245 310
304 318
93 131
3 156
35 14
149 75
283 282
188 354
87 353
191 7
360 69
364 143
306 231
15 147
328 49
102 70
213 219
15 5
196 202
8 32
160 208
258 313
68 182
133 58
361 30
88 215
203 337
122 310
327 106
227 162
218 378
14 270
57 111
368 159
279 11
77 323
341 47
168 264
304 225
244 23
238 274
38 201
229 269
21 144
352 93
358 346
344 106
214 277
353 341
276 187
293 335
82 341
246 292
374 100
3 88
35 329
188 309
305 17
367 372
312 358
166 101
374 325
317 52
347 29
116 285
253 289
348 311
78 289
186 46
20 252
290 191
319 192
30 130
349 208
174 171
270 287
289 216
62 356
262 122
285 133
89 34
156 347
262 177
27 280
302 293
324 294
9 199
26 106
249 375
349 175
108 124
113 84
64 137
179 157
241 34
196 79
111 196
46 318
92 333
216 217
27 183
178 194
42 65
8 47
90 75
88 209
340 61
350 218
145 179
255 155
319 327
221 52
129 191
281 341
344 160
353 137
41 30
28 111
94 71
47 51
301 316
14 147
113 51
271 45
120 189
171 45
200 223
101 146
33 50
290 328
28 83
205 26
360 135
225 262
73 356
303 366
333 73
326 86
62 239
156 83
131 35
77 43
186 23
110 4
33 9
103 212
112 378
63 178
369 233
339 115
285 343
135 67
138 123
182 261
182 8
355 7
7 220
266 225
260 249
154 232
22 108
45 63
142 95
319 118
275 146
18 168
80 318
293 192
4 298
134 98
99 211
191 81
233 260
346 135
263 378
41 233
82 72
139 87
317 317
63 27
160 236
224 283
356 11
123 216
243 114
380 244
216 153
213 193
280 51
166 37
174 241
51 245
143 329
261 256
229 250
54 51
198 274
197 108
322 163
135 15
83 129
41 337
23 61
93 360
253 342
67 328
52 250
60 338
9 354
362 359
137 240
284 207
90 92
88 126
43 29
78 133
110 325
132 263
221 59
180 268
68 305
3 210
265 161
166 169
168 220
6 343
377 198
370 321
138 275
193 335
217 98
198 156
233 354
166 69
48 210
373 139
133 203
233 331
285 111
367 347
224 257
125 273
30 189
212 137
40 363
51 123
319 192
51 271
63 48
303 371
181 165
83 87
270 223
128 323
352 256
30 223
177 157
123 335
321 244
339 234
96 338
231 371
292 144
340 267
174 363
362 36
248 319
285 68
102 83
8 323
124 71
173 346
20 119
109 380
143 140
240 139
93 168
258 48
355 18
40 367
45 13
227 241
320 145
333 42
214 246
265 361
71 124
269 341
225 107
38 332
217 77
203 352
247 175
109 342
51 137
163 224
177 331
272 196
371 93
299 198
17 292
56 355
176 71
26 345
265 291
234 228
159 51
6 198
251 379
370 276
66 147
180 100
246 137
241 101
219 266
207 193
3 119
354 250
130 206
225 38
178 62
338 174
186 279
343 146
148 370
264 272
267 290
28 278
266 318
305 300
183 38
239 126
330 282
112 41
113 316
87 321
54 271
101 89
360 265
217 73
193 157
198 27
183 207
248 72
373 205
288 174
23 120
265 257
157 289
325 126
2 242
231 142
28 27
309 262
359 150
74 110
207 69
196 208
50 200
365 189
280 313
190 71
70 348
41 266
294 201
94 174
36 53
118 1
12 8
315 361
80 100
312 295
104 113
341 59
379 320
127 252
70 332
128 19
190 19
125 176
12 220
275 113
156 169
168 308
47 158
178 331
146 126
294 263
283 26
132 319
30 148
376 241
211 240
71 14
222 239
175 308
165 305
164 46
38 249
365 318
273 6
164 60
267 199
283 247
308 128
297 20
38 256
73 142
12 111
283 97
187 280
82 73
234 293
47 148
128 265
39 44
52 312
95 375
276 214
171 64
119 370
201 147
125 83
137 17
346 164
136 97
48 40
157 184
285 198
172 100
140 278
101 123
250 51
15 185
20 285
160 326
13 203
366 270
345 195
31 277
370 53
246 134
369 45
350 120
261 247
328 88
270 29
188 3
310 361
20 74
74 104
85 31
190 122
13 236
164 130
257 264
145 180
338 297
172 194
9 263
248 163
162 242
318 75
54 269
235 41
300 361
271 106
244 199
80 169
67 241
201 361
259 315
224 201
230 177
268 100
194 211
240 164
72 80
324 238
335 41
82 8
164 146
312 32
116 373
304 224
180 30
3 282
272 161
311 139
377 252
154 71
218 264
230 258
199 186
28 67
46 353
142 134
255 295
327 356
235 165
76 12
315 331
354 358
368 272
228 150
268 177
299 4
112 204
181 303
217 374
164 342
314 293
376 358
238 186
106 53
129 60
45 3
221 294
240 269
137 193
121 161
189 272
233 371
88 37
346 70
86 82
316 268
273 151
285 72
71 81
34 26
156 332
223 289
190 76
13 324
158 8
338 114
183 47
233 269
155 68
36 161
158 52
302 71
107 170
348 316
209 350
170 350
151 67
92 40
192 247
334 41
75 46
322 235
240 285
174 11
237 75
91 157
38 17
276 146
164 343
196 339
298 327
287 263
6 213
154 310
192 87
349 270
327 174
231 74
86 228
299 66
9 108
32 260
275 139
102 305
337 357
28 365
54 294
325 244
124 87
28 138
257 370
130 182
154 186
380 125
90 250
346 225
280 49
125 269
220 44
201 117
257 372
322 67
131 199
366 327
117 375
123 159
136 291
161 311
244 31
371 77
124 213
375 279
339 15
180 326
173 143
71 200
231 345
258 232
128 282
267 112
55 321
136 165
279 14
40 293
19 373
348 190
320 100
354 2
23 278
99 273
168 345
32 299
253 26
380 52
290 156
147 211
99 65
312 256
131 245
334 48
287 24
331 319
290 335
98 129
303 196
307 141
56 110
349 214
365 380
45 74
201 69
167 53
206 35
24 138
122 325
261 371
356 187
77 374
356 195
284 138
353 115
246 151
145 254
270 141
18 129
291 254
153 141
253 45
283 246
267 184
40 375
284 315
55 287
194 357
197 236
328 10
335 289
223 118
100 293
130 42
286 204
153 32
164 357
15 211
39 323
122 146
159 24
37 6
289 73
232 45
63 133
168 152
348 44
320 340
109 356
203 17
41 203
54 296
361 220
32 322
247 58
60 361
341 221
105 294
293 47
118 171
324 299
144 333
105 97
195 29
247 278
377 52
366 312
181 145
254 364
214 310
258 166
143 298
380 3
163 173
275 226
197 114
139 21
20 252
202 339
210 344
219 56
126 172
303 315
370 158
25 36
146 96
158 292
18 212
48 171
227 117
80 88
316 65
183 289
252 23
206 249
25 247
62 49
377 284
20 219
124 132
220 334
341 219
366 169
168 162
168 305
264 191
177 134
296 171
80 43
329 345
73 365
365 40
323 345
98 155
61 314
120 113
205 86
7 235
136 101
67 354
297 274
240 79
339 87
204 96
343 344
170 167
345 137
265 270
82 261
10 236
343 372
52 340
156 353
360 262
263 97
184 353
146 80
309 186
361 261
339 340
158 279
24 241
376 85
359 49
91 23
39 312
329 374
342 56
224 52
337 89
378 255
193 103
35 222
356 63
281 109
339 20
53 7
207 114
32 88
55 7
190 295
152 35
159 46
323 228
253 250
86 228
29 95
275 334
311 244
186 158
310 122
197 378
102 152
201 2
225 279
220 30
175 208
266 159
220 49
327 364
253 191
322 199
3 104
184 177
90 55
214 304
120 116
220 129
118 106
86 358
184 254
98 366
356 248
57 273
133 156
195 212
194 183
39 363
50 279
60 373
180 310
10 378
343 327
79 201
355 53
47 98
371 163
296 44
72 156
142 372
87 193
179 118
200 58
63 32
300 276
74 65
104 267
178 227
338 168
106 233
140 25
107 235
53 82
132 320
137 350
262 374
347 75
240 37
173 329
358 290
344 59
84 219
338 65
220 302
282 266
374 235
153 288
72 115
142 174
316 228
204 111
287 66
201 238
295 200
237 82
208 251
211 17
18 322
73 170
10 292
104 139
299 104
372 114
96 324
341 12
286 291
50 44
30 273
277 376
205 226
326 82
3 87
157 300
229 249
84 98
324 93
116 67
26 154
296 13
276 23
158 46
159 253
62 355
276 271
150 11
35 119
140 265
192 4
192 213
291 239
348 338
128 368
33 168
223 177
274 27
336 76
94 231
254 294
225 133
349 347
122 132
270 266
30 250
354 239
350 237
59 235
17 267
111 226
242 167
30 317
357 380
269 80
272 226
58 78
188 58
331 17
310 76
292 282
26 201
18 327
306 16
366 359
256 38
245 208
70 119
138 26
367 236
274 191
360 93
185 165
90 70
97 77
184 333
191 357
237 196
308 115
3 18
343 239
300 296
268 15
265 183
255 253
181 248
227 205
19 6
209 229
233 178
37 355
52 157
337 108
330 118
243 284
177 237
209 108
217 24
69 282
127 121
303 50
21 192
106 58
223 231
321 161
225 3
28 139
126 14
84 192
154 367
287 241
216 4
332 326
223 12
185 337
311 302
266 164
327 160
210 79
74 25
66 20
365 293
15 241
293 221
241 13
194 9
82 195
112 184
333 369
5 54
37 44
94 63
101 335
28 74
6 150
80 82
325 330
95 253
273 103
63 264
91 181
133 120
236 15
358 263
277 105
241 155
287 375
207 155
259 167
324 24
46 117
263 185
136 162
314 288
332 104
353 313
106 253
326 302
26 138
54 298
59 194
124 342
115 305
370 298
355 289
78 126
367 274
51 49
99 8
201 96
91 99
45 74
147 333
104 263
272 160
144 330
164 184
323 113
290 275
84 7
318 180
132 71
249 174
149 33
102 306
138 220
352 97
64 331
114 47
34 292
2 285
201 178
108 240
153 319
219 233
110 65
161 167
235 301
136 163
188 278
349 131
121 60
170 237
251 90
32 339
345 318
184 37
174 302
101 320
365 165
335 214
371 187
239 14
65 28
56 263
161 82
287 26
257 319
353 310
84 112
161 82
371 18
230 121
290 64
33 66
284 55
230 213
181 221
185 35
28 159
200 180
357 65
54 268
98 24
150 323
36 30
176 300
143 104
151 159
277 357
351 338
183 34
149 17
253 74
195 265
90 76
238 378
4 262
219 272
75 210
312 196
304 178
307 141
88 256
125 39
213 319
201 8
161 14
139 194
2 302
36 91
358 165
235 225
316 165
341 36
350 357
339 286
166 252
144 221
250 100
172 158
369 375
331 313
160 308
287 315
185 99
86 46
142 209
73 175
255 250
217 300
357 101
128 363
354 207
47 12
326 48
262 371
219 157
90 76
215 37
315 148
61 185
47 3
59 6
167 226
228 267
356 360
169 218
66 135
227 74
204 56
344 360
269 208
77 324
135 111
215 11
288 335
62 296
156 5
118 212
158 98
97 218
178 246
57 141
254 142
275 275
32 6
41 336
281 163
126 179
245 99
102 199
129 326
161 338
57 317
232 47
338 183
373 54
4 295
289 267
363 96
13 268
141 207
375 67
66 89
284 156
16 208
227 67
218 354
257 283
85 342
193 122
322 106
259 166
249 251
333 88
219 182
358 61
281 342
152 305
25 7
50 357
254 87
59 152
326 110
197 37
252 152
225 84
240 181
187 233
89 33
156 270
366 359
206 316
48 272
140 203
349 206
333 21
245 129
272 88
75 365
226 144
257 60
76 293
247 116
153 262
26 121
82 206
170 361
333 326
307 126
115 279
283 330
101 327
124 1
318 79
62 158
328 167
124 184
219 197
281 260
206 102
332 318
368 362
122 130
269 220
160 184
10 81
259 368
95 41
210 101
56 200
196 252
315 8
335 102
153 29
308 200
153 264
155 270
265 379
27 202
79 163
27 243
243 289
353 114
232 316
314 57
369 136
172 148
290 317
241 215
359 87
244 148
189 26
283 338
72 290
109 187
247 231
195 129
31 52
273 294
365 255
92 53
234 329
375 162
42 166
6 278
281 237
22 318
342 182
301 358
259 217
12 46
40 265
164 260
109 172
307 323
11 40
254 70
90 28
11 193
127 246
17 374
199 225
243 59
258 342
22 287
230 35
176 139
73 217
204 187
77 327
290 164
254 42
325 266
216 330
359 281
7 326
47 245
252 99
305 47
325 216
216 316
49 149
254 351
8 33
93 289
286 72
374 121
263 354
46 226
330 197
113 192
348 314
197 357
379 17
240 207
244 332
131 94
256 325
9 296
12 187
215 95
219 142
241 258
361 274
192 11
29 78
196 147
112 12
182 337
197 147
33 319
341 337
252 280
139 115
167 356
241 279
11 162
78 193
369 242
143 77
192 180
105 376
82 280
253 126
365 98
112 282
184 308
238 4
306 318
234 265
319 59
368 145
221 192
113 96
364 36
207 257
170 307
119 145
82 138
58 30
45 190
61 113
222 371
78 125
221 221
53 182
192 121
47 318
9 124
315 26
344 207
192 211
140 265
74 80
270 289
271 168
42 186
90 49
351 104
311 272
71 236
81 185
192 277
246 233
264 236
13 107
50 35
365 67
75 314
39 358
308 82
57 39
93 206
377 288
371 117
188 316
15 301
380 4
326 326
311 338
125 153
188 14
304 287
371 93
314 2
73 57
84 50
33 238
127 109
87 14
265 80
358 79
158 343
342 262
250 297
263 333
44 226
218 233
358 315
124 38
84 124
93 255
72 83
224 163
227 154
225 338
362 340
261 355
27 72
233 200
39 185
249 366
225 276
376 349
137 78
312 111
289 223
282 132
153 260
134 50
44 34
346 170
145 100
136 64
236 270
97 72
39 329
135 288
339 334
174 184
49 219
165 177
244 300
122 362
96 13
262 173
9 24
1 33
138 4
32 75
297 297
248 246
21 126
308 92
349 166
359 322
263 283
306 70
208 330
198 204
57 13
347 157
203 189
172 346
254 322
166 155
356 159
326 29
109 54
354 74
52 94
320 145
94 192
256 151
139 2
257 12
368 110
197 34
209 186
147 333
165 64
234 257
44 100
86 315
209 158
26 245
72 19
99 85
271 308
168 250
130 240
146 349
178 53
196 143
140 132
80 148
255 260
290 91
94 328
73 353
300 87
212 373
99 241
260 147
202 199
373 288
17 72
250 162
288 112
98 240
17 137
42 76
216 357
141 71
253 298
140 135
90 367
116 334
93 124
203 212
95 259
153 320
52 359
183 179
44 365
87 32
272 372
318 354
368 259
21 246
354 259
123 46
252 128
131 225
349 154
170 89
311 330
373 107
23 69
281 137
367 380
102 344
208 172
216 214
380 277
233 344
15 262
239 336
337 158
103 141
55 288
215 165
46 344
316 186
154 197
289 156
330 203
154 286
344 19
14 356
78 98
253 125
148 218
176 48
109 271
296 79
147 24
176 57
209 66
61 332
232 50
289 379
190 77
125 305
286 174
10 159
166 244
242 7
287 137
297 364
345 154
126 343
318 35
131 378
342 355
13 239
123 345
312 221
286 70
168 30
36 357
208 270
31 364
54 290
50 240
307 86
155 199
4 1
107 166
285 45
39 87
40 143
37 322
98 118
180 134
376 60
57 357
31 317
295 339
146 174
163 12
26 130
3 68
141 73
241 375
270 95
306 195
234 106
172 333
268 175
373 172
158 223
283 375
220 188
355 376
188 337
168 265
340 265
197 220
120 184
373 53
204 172
327 257
65 290
41 28
216 290
328 124
66 306
12 144
46 76
306 250
48 83
40 297
10 67
283 183
294 53
38 211
149 16
194 300
252 2
361 240
163 109
317 180
65 291
165 32
183 193
358 363
65 359
228 178
183 253
167 222
4 43
34 161
132 226
348 104
97 28
83 317
35 60
259 88
165 269
64 316
242 246
12 22
294 231
326 191
67 71
238 88
38 191
88 273
342 294
296 133
258 360
354 292
102 70
291 353
217 217
183 51
297 27
41 200
266 222
6 366
173 350
155 98
227 311
340 112
155 103
338 318
306 26
366 47
76 258
343 40
62 93
189 118
52 187
5 360
76 366
55 356
369 361
297 167
359 244
160 113
201 113
234 266
38 182
377 276
340 293
36 313
2 68
59 245
173 204
2 127
106 119
193 143
363 8
85 270
103 253
23 226
341 223
234 288
203 293
273 112
308 379
224 112
14 295
149 325
123 166
140 48
178 314
96 340
312 374
245 313
145 152
194 154
109 18
367 336
141 338
312 61
337 286
371 171
227 209
188 275
179 198
86 320
337 1
15 353
130 206
279 355
109 179
82 303
79 135
281 222
182 102
68 148
328 319
221 293
259 131
26 238
62 262
176 32
186 312
54 18
219 13
360 371
138 229
111 374
12 132
378 169
185 65
243 255
340 122
198 127
1 245
310 226
96 326
271 117
269 302
65 313
50 263
329 322
277 298
333 321
113 290
15 58
157 277
317 185
174 133
225 360
134 262
242 173
300 225
117 281
133 335
184 149
67 299
23 361
139 216
248 356
365 23
336 114
204 118
217 218
115 64
153 351
129 172
100 174
192 229
57 98
35 11
42 291
231 19
123 379
125 252
310 19
140 4
39 33
147 299
214 172
8 146
360 244
50 104
207 225
166 64
124 363
57 10
164 340
162 262
255 281
309 241
1 196
215 203
358 338
37 309
3 248
374 111
147 235
197 372
36 125
124 152
343 73
223 341
293 212
87 291
158 68
274 281
350 234
213 50
192 291
203 299
179 95
273 298
326 220
223 113
103 277
211 349
68 300
74 358
191 232
140 126
321 104
365 62
284 335
334 295
374 289
89 56
19 70
369 10
284 238
190 361
110 16
322 286
250 276
331 263
208 315
353 187
125 308
248 275
100 252
292 36
38 193
344 235
285 124
374 183
149 157
290 110
256 292
346 315
34 323
222 41
209 199
191 74
128 120
311 61
304 125
372 267
260 43
43 115
178 346
281 162
71 271
154 255
256 298
145 79
259 304
247 351
183 99
10 159
243 363
289 83
105 294
97 62
185 282
39 225
220 374
283 205
242 246
67 188
63 44
96 247
127 55
296 363
354 242
380 58
238 74
196 11
259 378
122 1
232 380
262 308
306 143
313 22
171 2
354 145
182 146
284 212
87 316
157 188
126 279
148 66
215 274
91 116
198 191
374 261
266 210
42 267
120 158
217 148
185 180
257 321
126 6
216 15
370 26
347 71
189 52
281 327
267 119
189 91
296 11
380 288
58 265
214 98
187 303
311 108
83 74
314 108
13 183
127 50
191 42
313 296
248 173
287 210
109 224
154 108
131 249
370 157
363 264
229 324
358 150
283 201
363 333
151 37
277 119
262 221
312 360
191 96
258 60
234 360
13 76
79 246
131 279
27 136
119 117
64 229
201 342
53 289
121 278
202 180
304 14
164 210
167 94
32 125
139 58
233 104
230 117
7 264
115 249
287 257
221 129
175 219
135 63
117 211
347 375
163 40
297 323
34 207
182 287
117 335
185 203
26 341
158 360
172 121
258 118
70 268
373 269
349 335
100 212
70 137
183 152
112 167
24 108
281 121
243 91
133 211
11 336
302 181
238 182
115 250
144 73
94 247
30 353
182 284
194 147
173 240
221 15
86 290
82 174
96 119
68 86
344 81
112 133
201 308
282 334
62 155
148 195
337 227
258 193
339 53
130 318
128 309
51 109
44 364
95 290
197 315
311 65
287 4
180 358
260 124
351 208
289 244
94 143
60 208
66 227
285 290
343 378
343 147
15 208
226 300
27 138
280 69
52 9
128 65
35 306
288 268
142 341
225 265
276 328
302 262
108 165
196 314
198 359
126 365
29 236
183 173
288 89
218 70
224 360
64 261
295 180
36 289
101 279
80 100
335 354
279 43
34 312
166 283
213 228
304 170
212 295
276 340
348 299
333 372
224 19
127 210
140 259
79 152
275 64
246 286
13 94
73 240
118 16
56 369
190 295
80 233
327 6
187 291
349 326
179 150
44 216
246 105
230 100
267 235
221 36
174 368
150 43
34 204
263 47
57 322
91 230
153 362
143 24
313 143
56 25
36 224
62 183
319 150
373 13
298 161
127 42
138 22
119 263
122 75
285 51
45 197
345 48
367 318
50 335
138 108
36 82
120 332
211 231
201 150
134 80
143 64
88 187
109 305
8 168
336 358
8 332
153 186
363 318
55 282
32 38
13 92
176 323
157 261
225 282
46 257
259 334
95 5
211 175
153 73
22 174
337 53
14 103
232 256
349 131
14 181
307 67
181 85
23 202
122 240
168 65
128 264
292 223
83 83
294 305
213 263
201 258
65 366
113 267
233 306
144 196
164 327
257 266
69 268
243 110
99 165
218 190
54 237
94 287
146 285
71 120
209 193
137 247
32 211
144 8
87 209
141 147
119 20
335 38
265 78
302 193
304 333
99 167
61 197
319 337
375 288
17 44
174 224
311 110
118 235
344 93
246 47
264 81
170 309
380 304
317 103
83 90
132 338
60 146
266 329
298 93
91 167
283 204
255 49
276 64
111 162
160 272
5 122
173 376
92 68
198 75
342 365
241 363
155 17
284 96
164 77
257 134
364 46
167 331
254 22
248 249
156 379
240 276
106 41
293 23
316 264
339 279
96 375
221 342
369 43
90 303
55 66
139 363
93 121
257 137
268 324
28 268
175 34
258 16
259 31
89 9
318 24
2 365
136 218
202 362
100 291
88 119
27 188
237 145
322 96
288 67
344 116
126 250
275 249
60 351
250 296
376 142
233 176
367 36
326 153
318 290
282 17
130 103
291 99
125 29
135 194
287 326
177 189
111 151
337 317
9 347
204 167
146 227
194 374
215 209
153 282
133 58
235 350
164 46
236 295
286 1
168 129
259 14
62 273
379 47
313 10
150 155
376 368
148 283
143 39
255 185
190 198
21 190
166 259
60 209
152 10
159 224
34 258
374 372
301 166
252 183
180 75
159 129
34 200
57 217
58 23
142 119
12 272
182 76
349 67
374 295
341 264
29 225
328 79
376 347
137 321
330 353
188 121
177 339
271 42
263 228
64 74
341 219
187 15
83 377
289 20
49 177
59 197
222 152
16 284
140 235
364 334
238 17
303 76
266 160
333 236
95 141
212 295
255 197
130 298
284 282
81 7
222 371
176 209
114 283
377 364
144 191
301 207
198 177
142 9
117 11
28 117
255 21
56 102
139 273
260 307
374 26
231 139
205 33
348 304
111 307
27 274
10 316
317 11
33 52
147 199
106 339
27 170
162 40
271 344
147 197
34 56
321 313
152 113
48 207
143 306
19 10
34 270
191 201
128 25
105 290
44 140
12 45
19 109
47 160
146 25
116 109
20 327
260 291
200 207
107 142
14 378
355 123
105 373
165 176
123 185
34 334
280 289
135 301
337 77
327 143
328 179
18 302
233 211
24 104
71 46
79 150
107 198
297 261
25 346
192 340
254 336
45 275
364 283
262 204
153 89
320 293
200 224
236 65
286 68
266 84
150 240
88 21
151 146
259 287
69 217
379 122
60 223
185 281
40 211
216 353
350 206
23 200
32 153
362 32
269 251
199 89
205 378
262 339
145 241
140 156
45 37
203 33
124 98
151 348
51 5
275 213
281 289
200 68
119 64
112 255
304 164
181 157
170 17
69 210
342 193
20 87
279 349
61 74
297 172
347 143
63 259
90 293
77 33
136 259
60 34
72 368
351 325
314 133
105 98
168 61
82 214
242 236
17 218
25 170
5 166
375 58
199 245
223 27
115 90
226 58
218 246
298 208
261 351
112 256
320 9
122 169
63 220
219 192
208 349
69 308
191 212
369 105
101 315
203 215
30 252
166 379
267 15
176 324
67 350
216 212
266 332
275 31
363 266
154 361
265 277
103 11
182 222
170 329
313 161
62 97
229 38
36 162
320 269
284 85
166 362
380 184
207 312
129 261
78 191
90 69
173 87
373 319
357 358
155 334
169 194
225 119
199 75
14 269
129 214
188 78
10 67
361 164
256 308
132 57
32 203
225 326
119 117
181 36
294 272
336 301
85 55
30 120
331 256
21 257
372 181
51 45
110 146
292 195
71 96
131 335
38 269
157 4
63 306
140 163
250 55
286 10
220 130
68 31
83 346
103 168
208 310
141 324
268 183
113 376
5 142
131 80
144 326
81 263
5 244
271 62
13 106
318 375
262 80
58 323
191 27
299 268
49 159
248 190
379 41
380 115
117 360
175 2
266 157
369 96
272 109
330 175
3 172
40 278
66 243
272 277
83 284
324 40
369 98
348 3
66 93
326 150
189 83
107 6
91 126
292 21
375 215
196 30
129 169
218 135
75 105
376 281
274 261
364 364
211 58
58 268
73 347
172 185
296 235
148 296
344 69
137 193
298 181
70 270
221 171
183 100
292 229
300 139
165 191
208 117
306 365
264 77
159 21
264 298
108 31
144 89
11 138
204 108
356 3
298 97
50 271
376 133
166 97
270 41
294 154
334 326
325 315
105 232
205 160
159 277
199 338
33 231
235 376
249 257
370 2
312 37
229 142
107 311
230 323
158 78
26 167
65 222
282 25
326 325
2 81
205 320
226 34
209 174
331 302
122 244
361 380
219 216
237 304
201 76
299 120
329 341
120 321
249 168
50 212
83 193
106 251
161 307
134 45
180 198
212 243
276 179
380 158
120 214
267 123
168 17
241 339
324 339
271 267
330 346
76 332
79 378
352 94
22 158
66 43
147 38
204 163
268 301
292 241
54 258
376 326
263 22
128 47
39 58
106 33
318 234
296 354
124 75
373 46
63 271
14 56
67 27
81 320
44 111
33 185
227 68
242 247
118 1
193 124
113 378
138 315
200 21
234 306
183 122
53 368
102 366
113 212
239 232
62 50
337 160
53 271
16 112
372 361
92 54
36 11
346 159
350 270
12 140
56 288
355 238
270 92
34 205
167 52
72 354
213 14
51 147
369 21
124 2
176 88
92 52
129 267
105 117
334 149
337 68
354 285
62 209
107 48
313 147
371 61
158 88
149 344
327 206
73 79
105 61
50 8
254 151
45 202
230 283
283 25
87 32
280 81
257 135
199 226
292 107
287 42
212 253
12 139
7 16
