380
4332
93 152
22 359
42 7
289 31
196 308
2 34
358 252
181 144
167 79
311 125
220 375
187 196
215 173
97 215
41 95
55 224
8 14
180 187
173 315
167 1
50 242
380 153
319 290
361 255
367 216
219 190
139 3
254 234
121 96
96 227
167 283
192 72
59 132
356 327
147 320
180 14
7 22
329 181
282 160
201 11
12 156
39 253
286 309
179 78
197 172
13 202
113 97
182 268
358 239
92 182
207 149
214 53
295 91
22 97
18 136
141 304
303 333
207 283
348 379
120 330
307 206
5 129
306 68
73 115
70 225
209 256
370 236
95 132
331 368
303 164
118 305
180 210
278 226
243 357
337 100
174 240
126 313
24 73
292 272
375 42
163 138
240 101
116 301
13 349
353 311
69 107
176 36
130 68
305 176
373 54
170 64
220 180
156 206
258 218
75 214
110 15
107 180
190 322
328 119
174 176
160 131
263 344
329 273
361 193
54 170
225 323
61 368
123 226
176 185
146 280
339 330
143 111
187 149
206 12
33 147
149 262
131 253
180 70
174 351
166 20
370 368
343 9
31 73
226 213
334 306
264 152
339 160
207 360
247 154
358 77
229 328
233 87
335 14
60 345
109 321
25 233
310 167
97 242
102 22
374 161
377 27
55 217
242 307
323 161
23 340
172 51
152 113
345 295
268 246
233 15
315 313
299 77
374 23
356 39
181 181
291 196
157 361
37 6
346 62
96 34
141 181
310 155
104 59
6 172
253 344
49 71
118 258
22 201
268 143
349 116
289 346
260 345
94 299
321 70
120 285
125 225
67 46
49 355
33 306
58 13
342 183
87 299
133 107
254 54
239 377
202 8
154 339
302 170
307 125
173 6
365 295
166 282
350 182
156 34
53 138
26 68
304 90
67 170
29 36
55 351
167 5
245 251
31 187
48 164
79 275
267 7
30 213
327 82
217 78
376 263
295 324
280 371
111 103
298 67
121 173
22 169
48 85
4 152
367 190
102 10
367 21
187 321
225 339
179 149
142 231
346 96
294 264
268 33
263 142
111 9
162 44
316 86
310 109
357 171
18 154
6 28
164 128
229 280
192 103
211 369
249 330
10 233
249 313
78 353
353 363
309 53
215 301
197 375
350 188
142 64
64 95
241 245
246 180
47 260
207 37
177 185
44 294
306 175
57 55
116 239
75 123
63 224
242 304
268 250
297 103
248 202
379 147
287 339
81 185
259 281
84 5
256 57
24 292
159 167
251 224
317 334
349 261
156 211
283 97
376 234
363 95
213 357
354 125
91 49
86 302
370 348
97 33
47 2
263 113
380 20
319 222
281 334
168 132
58 160
207 17
348 39
233 230
152 52
70 264
324 103
337 35
98 343
327 92
74 287
126 317
316 363
302 315
77 116
21 92
80 309
249 164
46 196
168 93
297 308
341 222
105 232
136 151
357 308
2 234
348 20
154 220
357 61
318 62
144 157
24 364
123 376
313 355
336 223
360 290
58 364
215 243
121 60
192 212
377 235
59 26
75 65
201 367
4 339
90 60
332 285
328 75
315 230
90 205
112 156
3 20
95 148
349 212
91 198
162 271
171 200
120 56
146 116
165 77
11 336
244 354
7 103
193 146
350 214
199 278
333 237
365 311
335 149
19 66
118 266
207 25
102 137
135 161
15 66
238 35
201 343
142 178
6 324
141 168
83 138
355 236
97 140
348 88
17 103
112 12
141 68
348 289
252 335
310 29
143 64
12 84
31 80
280 367
220 152
307 325
21 252
269 313
48 378
276 85
253 156
62 365
138 186
343 313
157 106
134 118
168 265
251 327
380 283
21 223
352 298
99 254
118 58
24 97
10 230
8 34
80 15
111 143
349 178
4 42
128 79
61 238
60 358
298 367
341 55
291 197
118 247
23 358
117 246
146 232
207 162
75 8
294 102
75 35
379 194
328 261
252 172
107 340
95 205
359 247
187 52
52 135
207 279
2 28
157 380
153 21
60 117
369 202
73 314
124 278
220 171
271 20
106 285
49 340
241 222
17 45
368 13
60 117
206 216
270 109
102 34
48 43
90 61
244 45
155 255
358 123
346 191
331 311
161 358
176 99
145 363
314 194
200 131
281 337
84 292
212 196
336 333
82 216
116 298
15 222
253 29
182 175
10 73
142 213
320 70
58 377
232 126
72 151
76 239
145 377
300 303
319 34
246 209
29 362
44 267
196 191
229 194
124 19
99 148
376 315
308 220
67 123
203 371
283 230
174 298
357 184
175 268
282 210
367 34
98 179
300 184
313 333
46 6
226 134
121 26
142 33
212 297
340 299
371 23
206 249
79 247
276 124
22 111
321 164
4 112
76 291
293 353
92 81
100 134
48 361
228 1
263 367
154 222
171 112
371 16
118 373
379 271
67 174
81 141
277 203
265 107
51 3
151 323
76 66
71 263
174 90
151 133
253 8
22 374
352 9
70 97
113 36
67 353
293 142
312 151
294 186
41 291
106 327
67 84
360 330
144 375
95 162
379 360
363 204
222 203
208 262
209 267
342 361
198 125
68 157
171 288
12 304
227 125
333 196
176 263
202 157
148 266
185 318
371 150
186 169
30 63
87 66
106 107
152 270
240 339
238 296
287 336
261 158
178 96
200 256
60 202
359 277
217 366
330 130
327 282
122 17
332 261
357 362
25 144
372 204
290 69
73 287
296 27
355 55
210 289
296 321
321 26
142 249
109 174
101 238
208 355
187 309
45 185
50 201
38 164
115 106
47 362
371 310
328 218
263 205
87 130
232 86
163 237
249 246
303 214
205 18
117 289
48 233
180 321
315 34
35 235
58 267
331 238
49 57
82 57
220 204
249 138
24 351
205 318
5 74
218 272
138 285
332 200
154 222
342 83
307 156
348 165
132 94
96 306
192 214
25 167
208 62
370 378
354 302
229 202
347 34
174 197
122 309
227 151
206 65
268 137
96 273
17 259
205 154
44 361
338 366
149 357
62 147
329 211
230 227
100 112
210 287
274 222
187 16
3 268
59 34
194 186
152 196
84 368
293 216
309 269
364 133
74 362
275 161
224 224
205 205
234 167
214 276
268 314
127 279
27 113
257 151
285 117
6 45
294 52
18 358
179 48
273 235
187 202
65 330
150 29
217 329
41 69
95 285
375 206
56 313
124 213
162 160
26 289
346 178
70 51
223 34
276 129
224 138
187 289
376 19
305 99
278 36
67 20
103 107
168 155
247 98
233 34
192 158
231 366
345 253
12 230
11 194
347 103
195 230
32 362
7 62
266 349
197 3
49 81
287 78
166 87
53 334
352 355
25 225
275 249
261 150
30 76
9 35
126 124
107 112
303 242
379 191
4 20
371 316
247 305
295 86
185 228
257 158
78 50
47 340
351 226
219 25
286 290
14 143
45 86
11 214
99 137
66 124
234 32
64 182
212 213
70 344
100 232
136 128
226 99
375 348
171 191
291 256
275 178
262 164
12 320
135 295
82 287
248 149
198 341
289 88
26 62
176 2
239 343
313 129
126 144
117 204
316 132
56 64
111 200
154 282
265 361
363 46
222 223
280 55
345 340
369 379
30 11
209 177
252 315
212 61
148 223
308 132
84 236
324 326
44 206
368 184
253 251
275 144
196 160
367 316
304 121
230 272
324 201
211 127
52 260
120 206
276 259
66 178
320 223
334 6
105 267
327 271
56 321
287 264
134 134
186 165
294 337
189 72
129 272
246 307
351 373
248 3
27 24
84 277
231 98
327 37
155 160
270 270
74 317
111 246
206 79
221 27
74 37
284 266
35 15
35 87
205 224
186 355
302 255
373 113
33 323
279 243
304 94
289 176
96 89
235 290
262 368
20 348
240 293
57 157
122 63
300 61
9 90
2 303
225 232
77 134
10 167
57 345
176 275
116 5
309 77
23 353
260 312
264 352
256 89
44 359
46 43
173 38
91 183
340 370
141 221
363 61
307 245
274 209
8 376
375 208
300 222
202 207
371 254
240 98
172 7
233 359
204 37
273 301
81 369
48 60
262 137
51 306
187 161
227 327
209 11
126 54
15 162
40 158
261 256
63 153
144 75
227 137
346 37
358 171
14 197
3 355
139 1
184 134
60 91
166 274
79 40
128 328
346 138
347 250
210 155
333 208
60 349
362 92
287 9
243 178
358 324
8 216
148 299
18 96
316 373
38 73
6 146
80 380
180 282
70 181
275 271
326 163
22 56
185 123
143 30
264 210
336 81
68 314
167 18
143 75
215 332
286 346
230 130
243 293
104 296
256 97
94 3
189 66
176 154
342 166
41 333
165 132
53 83
95 172
261 173
85 231
206 73
23 2
151 271
360 67
325 50
7 311
35 351
43 260
4 125
228 302
292 143
26 111
303 20
227 349
218 366
142 8
255 111
173 108
92 313
148 252
257 46
364 170
29 56
69 166
162 82
320 342
4 110
79 79
257 219
204 369
215 277
241 117
73 107
189 215
338 106
215 87
321 6
62 97
260 350
303 276
75 305
110 289
6 65
73 70
182 283
369 8
351 128
271 70
181 108
177 127
282 226
182 160
88 361
100 32
285 203
196 172
82 346
190 37
227 99
183 272
348 216
342 82
259 264
217 221
258 231
251 90
32 161
274 239
227 115
142 10
41 173
240 357
242 237
102 3
251 208
362 137
65 221
223 105
154 154
207 355
63 196
279 307
183 54
311 273
43 311
109 177
243 311
306 216
172 284
94 19
59 285
359 301
113 373
242 360
161 324
367 330
329 224
92 117
46 304
59 224
190 138
146 318
357 254
251 43
252 21
194 54
234 167
307 219
262 311
333 304
213 223
211 164
32 26
374 140
160 204
122 205
283 376
347 208
83 356
90 79
229 372
56 224
254 201
2 74
365 253
104 83
290 284
309 31
321 362
96 189
260 60
147 284
291 141
145 153
247 20
285 21
360 50
250 122
226 195
180 152
19 6
192 380
126 96
37 349
56 102
241 15
46 147
136 284
184 247
346 260
343 188
72 341
284 263
20 221
340 114
237 344
132 15
74 95
58 136
128 282
343 239
267 291
295 206
46 144
31 276
56 112
89 163
12 234
189 244
41 375
284 72
193 130
3 41
223 220
220 107
353 60
54 49
263 350
219 263
190 84
292 228
190 1
95 24
378 257
213 15
107 208
148 67
326 36
301 344
50 95
39 327
314 61
380 83
34 298
221 343
363 285
116 347
215 77
205 316
285 306
107 50
38 10
357 151
35 371
47 243
339 24
311 111
141 210
332 378
91 330
277 218
25 94
56 343
285 50
111 106
334 78
300 227
154 318
318 242
273 346
154 53
188 53
365 52
348 115
85 177
244 272
177 281
20 247
124 74
21 245
239 359
209 70
348 313
114 377
288 276
67 55
129 92
227 93
340 46
178 241
306 217
320 93
342 259
105 21
210 246
303 56
45 379
282 56
245 107
198 79
98 258
120 368
256 34
291 15
162 267
61 335
110 146
76 44
8 230
3 189
134 190
27 266
184 196
138 146
102 342
347 3
100 9
290 222
115 305
378 211
309 351
225 29
17 227
154 120
144 205
115 357
60 111
134 166
368 59
35 117
207 234
210 269
240 19
120 72
274 247
171 3
343 269
182 11
329 326
361 346
380 303
191 157
303 122
251 239
159 279
312 279
208 260
108 243
193 278
155 251
132 189
63 162
39 91
77 355
77 106
92 295
371 63
42 308
79 14
13 290
79 245
303 360
349 173
294 243
357 332
204 318
155 176
208 240
95 308
81 244
118 19
303 65
369 359
55 104
194 284
266 119
335 232
135 233
216 115
230 231
31 201
32 202
179 143
57 9
71 187
189 298
230 43
280 291
13 303
361 323
32 326
36 162
301 47
243 219
11 245
41 230
30 81
377 267
245 316
144 158
73 51
379 170
75 283
60 245
181 171
279 18
184 137
275 14
371 190
227 379
293 343
92 348
276 155
31 96
290 191
41 77
213 336
17 7
235 66
110 58
372 1
239 197
149 122
380 151
107 187
83 341
49 195
48 165
170 229
210 301
378 140
328 166
364 284
67 16
192 377
108 177
302 12
103 78
313 6
183 5
94 180
365 27
42 213
87 188
143 209
312 6
168 256
287 164
10 364
355 45
353 270
363 45
21 152
326 257
266 129
289 138
117 4
122 117
299 301
291 214
147 298
280 251
95 319
289 238
42 49
174 274
105 90
148 157
277 195
95 72
102 98
245 341
171 101
154 209
177 380
266 134
63 20
259 333
112 140
292 297
79 30
242 272
264 188
320 250
105 7
124 211
251 326
174 17
134 242
341 93
150 72
115 124
161 210
379 267
221 43
130 315
136 216
248 303
29 358
363 266
178 215
335 304
51 208
101 123
145 283
126 92
149 294
254 219
107 167
223 240
236 18
248 184
364 69
197 329
349 133
54 342
14 195
374 268
343 9
380 345
122 291
261 209
106 341
237 178
120 347
335 356
196 19
177 157
156 103
143 63
158 191
150 93
89 69
311 260
269 230
348 166
205 22
315 257
84 16
83 81
87 175
355 260
15 204
330 365
248 316
38 120
81 177
84 217
192 132
104 252
296 34
267 362
93 287
13 356
14 169
156 39
16 335
262 41
121 115
43 348
328 363
367 233
273 245
160 110
302 204
200 144
318 240
256 345
216 85
192 197
259 159
222 92
74 269
103 117
186 208
126 299
164 226
54 275
239 46
217 62
114 376
374 115
3 96
60 327
205 129
313 93
284 378
130 159
312 57
315 310
335 145
371 224
138 147
131 83
35 103
272 368
377 344
50 176
190 99
14 368
298 334
229 45
359 250
199 144
356 289
59 12
224 212
302 47
98 137
74 51
208 338
286 356
333 308
286 75
171 339
342 354
258 354
114 217
288 178
65 7
46 234
174 260
305 6
335 18
307 82
254 99
26 361
77 269
343 244
6 122
13 190
261 71
199 97
106 349
316 32
205 264
75 131
115 147
76 307
251 98
171 364
149 247
118 268
133 149
210 278
360 372
79 314
376 377
372 189
235 115
292 332
45 342
350 167
280 83
47 324
127 182
129 234
378 76
346 249
248 131
168 12
333 246
337 202
280 91
73 312
155 271
258 70
236 273
131 82
81 201
120 217
147 253
18 202
73 66
274 201
291 30
74 358
239 286
323 64
15 43
110 66
256 126
344 160
62 118
224 157
288 84
313 16
7 87
320 128
268 190
64 354
137 319
67 299
278 71
227 175
111 90
116 325
222 152
256 248
59 258
156 365
56 362
53 67
226 196
289 376
64 260
186 294
252 331
371 166
215 273
184 347
91 326
120 349
323 274
9 8
304 282
194 113
327 285
40 188
185 84
282 273
372 360
308 332
327 45
160 164
376 113
132 302
254 217
29 45
117 358
154 235
155 70
135 224
205 187
5 311
315 176
125 136
297 171
243 182
115 169
105 168
378 71
50 228
87 199
274 347
67 80
251 207
84 9
220 141
344 189
165 111
335 242
105 232
372 145
144 57
315 61
79 79
40 363
247 232
318 62
63 240
114 333
358 113
196 379
297 135
152 192
166 122
165 73
126 13
309 117
209 158
79 319
134 158
108 99
18 16
131 377
42 229
191 123
163 364
319 318
177 363
166 360
332 85
190 251
238 282
320 300
165 154
121 276
374 249
244 3
371 268
3 59
226 81
63 341
8 166
272 342
50 110
157 373
222 35
357 103
68 41
181 48
34 214
177 111
18 280
23 301
328 303
315 296
340 77
198 250
145 85
234 355
114 282
246 159
41 58
55 58
63 86
7 49
267 188
17 218
267 224
350 28
355 251
130 378
132 154
176 11
10 245
149 166
295 202
285 183
11 263
367 64
325 220
375 150
292 217
130 312
243 83
320 40
237 150
59 214
239 344
164 222
339 320
349 251
100 133
286 186
223 214
106 304
167 56
126 284
293 2
21 227
121 284
67 313
274 9
110 314
308 193
346 346
254 361
327 84
92 286
106 19
180 359
251 242
279 175
11 124
339 33
39 183
209 97
188 44
204 285
55 193
280 56
74 87
17 131
194 91
156 218
266 55
82 160
17 95
142 16
319 291
115 179
198 64
153 131
284 236
308 221
123 380
359 70
148 81
345 290
203 247
205 224
332 380
357 34
88 218
20 376
160 1
366 75
198 301
310 303
246 277
21 259
101 188
256 8
282 192
195 31
224 28
239 121
189 262
20 216
243 30
252 369
165 207
170 266
52 367
294 287
322 177
208 357
177 305
64 311
280 132
39 169
377 146
189 93
51 22
162 261
302 344
19 233
15 262
307 215
322 311
238 11
22 273
345 245
245 261
338 219
218 264
371 296
169 198
1 327
40 103
331 332
242 180
93 316
128 28
42 84
269 173
167 300
322 249
57 51
6 298
300 90
42 368
22 306
195 6
324 162
364 268
128 304
48 122
9 197
156 302
157 19
246 343
81 57
177 68
28 339
331 280
204 77
281 213
319 53
14 241
84 178
296 134
30 347
37 359
298 272
20 253
86 321
176 52
227 362
352 360
60 279
59 21
23 223
260 93
229 362
257 47
179 38
213 82
116 130
126 144
264 252
82 360
97 174
176 192
268 218
250 295
350 330
323 244
233 261
273 107
272 108
105 120
367 266
105 334
13 294
164 277
306 291
297 55
21 281
234 70
305 115
171 96
324 171
181 115
233 212
138 285
229 259
362 347
270 208
186 17
242 380
140 207
278 164
296 313
358 42
125 63
25 299
154 60
299 73
314 77
192 328
262 259
2 113
314 338
323 132
306 8
187 178
313 227
68 119
244 291
372 264
328 207
148 54
76 268
147 237
36 333
221 43
129 128
78 316
109 86
85 325
363 367
10 273
160 246
1 52
365 65
239 217
111 318
297 29
369 47
66 287
72 186
208 197
125 286
273 102
95 188
362 292
107 273
89 158
60 254
326 45
159 331
366 374
58 229
195 328
98 335
145 292
336 16
351 114
89 265
200 151
112 151
369 350
48 18
156 323
351 350
161 208
22 323
40 206
199 281
6 65
185 171
287 43
10 250
307 341
245 20
2 248
255 190
85 265
198 343
263 97
337 109
311 291
104 277
260 151
348 195
333 216
302 102
282 183
62 307
92 87
114 109
75 154
344 155
69 190
324 159
107 275
363 365
61 292
317 191
282 212
266 91
115 27
52 374
61 157
257 367
290 173
45 254
78 130
97 203
89 315
100 294
259 367
360 286
288 246
276 165
130 52
29 69
293 156
371 143
113 29
173 340
171 115
242 194
194 183
36 242
197 15
196 363
225 39
259 368
129 214
43 149
223 105
47 134
63 98
288 274
364 48
289 250
305 310
110 202
217 45
197 73
327 272
82 183
247 288
111 144
320 319
15 73
365 292
345 112
241 275
283 162
160 180
60 166
327 119
151 81
21 268
189 112
151 79
364 356
324 222
121 348
127 367
13 3
215 285
76 138
148 185
150 4
115 260
105 117
47 359
91 227
336 268
322 185
352 142
371 235
180 19
153 144
374 118
200 332
365 129
294 105
277 105
7 228
140 156
235 162
283 199
108 225
315 88
12 348
157 167
37 335
36 352
127 282
155 47
369 242
374 312
179 115
62 56
311 103
329 140
341 273
36 90
96 315
302 353
265 87
346 282
376 73
7 55
13 145
203 120
272 10
122 76
217 223
7 139
262 249
19 112
211 193
168 282
40 154
20 61
209 159
81 4
141 29
306 214
315 246
289 202
147 123
193 221
332 347
270 303
218 314
171 375
97 31
88 356
209 175
170 378
73 205
315 29
103 17
194 7
378 138
275 82
293 97
66 21
209 172
344 27
265 358
28 75
212 327
159 265
300 87
307 145
327 76
302 371
200 284
66 363
350 3
154 147
71 175
232 7
343 66
329 241
186 359
123 114
256 247
325 235
209 119
246 377
180 232
311 266
59 111
308 186
107 184
369 17
244 125
95 146
315 171
140 11
241 185
132 241
46 297
164 256
276 288
38 15
286 145
216 240
254 138
376 268
154 211
113 28
153 80
339 295
340 270
247 363
305 265
36 162
377 153
51 3
240 233
360 9
216 306
74 365
372 333
188 220
140 44
232 151
78 216
96 272
57 98
44 279
310 314
287 304
337 177
26 342
69 224
80 286
230 337
77 209
289 80
162 71
15 292
44 367
13 52
74 79
302 110
375 57
360 22
125 58
208 68
104 253
94 219
133 357
275 25
376 267
238 106
34 195
228 371
296 270
374 151
326 140
197 21
315 374
170 224
106 269
41 22
118 143
3 276
157 68
96 222
186 115
213 109
36 213
44 210
288 281
248 372
271 168
60 205
343 218
246 284
348 50
237 349
2 72
301 169
32 30
57 344
71 103
332 232
203 149
39 88
218 116
223 138
126 127
353 110
102 113
331 160
143 303
240 189
26 287
82 254
242 150
231 297
336 309
316 287
338 4
66 334
41 132
213 207
199 246
280 118
349 338
188 272
156 285
47 218
76 187
101 13
61 83
138 63
322 204
7 311
52 237
91 141
213 224
98 62
93 52
47 176
260 197
188 166
310 45
178 132
253 197
61 93
57 369
159 33
132 294
279 339
202 81
330 1
172 58
104 123
282 200
294 192
232 353
185 312
223 58
34 303
21 327
168 357
178 214
133 56
104 234
47 377
192 134
298 360
122 151
13 208
12 38
315 303
179 131
253 102
302 321
133 26
32 364
10 175
70 366
127 349
313 108
37 239
92 248
373 263
151 124
98 377
19 179
213 16
109 229
166 307
246 93
119 225
219 338
269 82
214 164
354 90
128 262
2 336
29 366
166 40
261 132
79 107
152 327
319 244
227 299
167 77
276 299
350 323
245 125
360 148
319 256
37 324
183 110
41 353
334 44
262 340
258 242
147 366
285 328
250 197
281 171
225 276
306 234
156 39
103 194
166 106
115 104
283 362
293 26
362 119
255 88
252 250
100 345
261 244
209 280
340 327
178 38
84 283
241 342
95 4
305 320
91 1
52 162
235 116
41 1
230 366
350 138
201 356
108 327
277 117
380 59
340 323
311 277
357 2
341 225
60 70
154 362
126 223
81 359
254 8
104 41
313 69
161 191
290 379
341 317
280 124
177 223
373 73
186 216
165 30
329 115
71 346
270 83
142 133
368 123
210 98
313 364
136 5
341 292
219 150
210 371
360 7
350 187
78 169
362 232
347 129
53 54
336 289
303 91
379 148
379 264
285 154
290 86
293 32
204 7
374 331
323 356
211 247
332 8
11 219
21 113
254 85
185 319
162 319
251 358
146 72
267 214
280 264
88 269
68 29
350 204
216 40
124 207
122 167
10 295
328 266
180 233
226 74
357 374
86 165
119 317
202 222
269 292
164 48
136 89
101 359
342 70
316 151
358 78
216 85
89 220
70 175
147 361
224 119
65 225
258 40
41 200
56 340
12 50
13 358
289 352
145 380
281 267
103 145
275 380
133 145
335 41
19 355
38 165
34 248
77 270
130 79
264 351
133 192
100 288
133 297
12 129
176 314
35 295
338 309
372 253
236 34
210 368
260 100
267 286
125 215
129 339
179 93
354 105
31 162
348 7
331 248
275 198
126 134
100 171
108 52
296 152
26 323
59 123
170 200
344 17
65 214
9 155
192 34
269 55
275 291
200 36
192 351
11 236
370 338
112 17
25 43
199 195
356 312
25 57
341 125
276 301
157 272
306 121
310 228
55 328
374 340
354 230
347 76
343 374
235 279
118 7
55 269
82 88
172 320
380 43
30 112
124 269
48 29
277 374
136 364
106 5
119 328
222 43
255 281
199 138
72 327
240 94
315 114
169 275
360 315
197 127
127 291
139 237
235 16
277 173
210 331
355 343
169 350
357 132
280 13
325 124
155 366
336 274
187 239
95 116
261 216
209 329
337 353
166 63
7 137
63 75
146 312
210 326
336 53
213 129
35 254
355 319
163 165
50 155
65 328
25 105
97 161
153 76
78 172
162 180
341 22
302 281
198 350
184 269
89 121
287 5
114 194
32 89
178 89
239 234
274 241
28 293
240 87
212 339
42 222
250 14
156 100
162 219
273 134
117 261
219 363
27 138
221 2
180 3
316 144
212 342
90 122
305 163
347 260
169 159
379 380
195 135
93 134
281 36
83 299
330 231
63 129
171 96
331 141
163 128
196 336
334 171
222 331
33 380
380 288
163 309
79 88
364 53
338 179
55 136
238 378
256 259
55 79
206 177
374 323
269 351
71 324
132 49
103 46
77 130
173 349
188 75
190 359
85 314
375 57
354 164
302 363
371 370
1 35
297 15
76 189
205 180
377 87
129 7
309 347
74 373
311 243
112 135
359 373
69 343
158 248
120 72
123 241
147 119
90 130
357 358
107 182
104 356
325 101
225 273
126 348
310 173
360 184
377 312
48 299
148 216
275 97
327 64
298 158
190 287
160 274
182 299
333 340
144 14
32 118
27 152
147 366
68 179
117 67
273 151
365 361
16 235
25 377
303 122
253 83
106 112
111 74
173 238
154 155
189 87
310 154
230 133
213 283
294 175
49 348
185 337
268 69
107 175
174 305
346 245
231 14
283 40
340 120
359 355
243 263
70 48
375 156
245 13
288 267
48 16
145 100
7 116
157 36
25 363
105 265
187 206
38 306
84 203
10 191
357 200
251 223
54 103
134 325
362 81
223 371
347 80
211 361
37 341
308 15
119 28
299 196
93 85
230 274
323 260
247 32
193 26
194 252
265 7
374 124
27 39
25 37
104 50
1 208
80 361
130 39
25 22
311 51
198 219
57 151
372 91
358 340
315 96
308 135
278 143
227 150
9 372
156 249
218 136
145 231
61 295
351 75
373 235
157 280
117 245
199 187
80 215
328 249
163 129
93 266
246 375
35 380
263 313
235 182
239 243
349 376
218 182
144 81
43 267
80 319
111 219
94 326
262 372
272 1
380 375
55 345
283 257
307 84
293 206
66 197
140 6
245 236
318 25
274 110
270 149
376 83
342 110
95 202
145 73
24 8
94 163
350 159
373 140
57 364
100 177
264 99
197 373
36 321
74 75
27 247
316 308
196 211
298 330
300 178
364 228
374 287
153 89
221 302
137 185
69 164
232 92
199 22
345 131
300 369
110 115
314 103
340 167
314 178
51 127
231 279
359 8
282 179
107 7
62 329
180 227
367 168
323 46
188 369
238 101
250 228
5 4
293 94
372 112
287 124
118 52
351 77
249 33
372 117
302 34
210 191
167 25
184 95
303 362
4 140
170 253
281 116
124 54
89 53
234 319
151 163
37 212
341 302
85 226
34 192
242 228
226 74
154 263
100 262
255 197
327 378
307 86
210 43
378 27
324 297
233 120
269 155
53 247
141 246
41 33
296 84
190 76
25 216
194 42
2 256
208 43
113 216
320 365
183 361
333 170
58 7
58 347
293 371
334 48
10 88
140 73
255 91
373 330
366 230
213 117
75 327
95 23
257 116
137 45
194 361
294 207
210 292
48 280
379 159
305 65
309 346
364 158
63 94
21 143
181 335
190 229
74 93
77 325
82 140
197 187
36 354
86 4
260 135
362 339
148 10
246 31
104 243
45 280
133 202
110 307
258 284
144 87
170 196
170 183
192 69
200 380
138 133
27 279
81 334
52 234
22 187
322 291
373 321
194 142
108 243
108 216
217 213
108 176
336 56
95 64
340 166
342 323
36 136
83 221
57 171
30 26
202 152
285 376
237 262
155 234
67 51
66 132
93 198
119 90
6 239
59 306
251 201
202 303
116 305
13 151
351 186
326 185
175 170
320 374
2 147
13 254
199 323
207 309
182 163
165 299
152 318
330 15
65 316
43 80
22 4
68 309
124 210
316 303
167 183
141 257
319 165
304 280
366 313
125 248
235 341
182 122
154 210
118 151
96 101
124 279
73 97
121 315
43 58
379 194
264 166
172 326
256 22
153 118
259 107
47 170
167 245
22 100
218 261
77 222
144 285
239 74
214 209
27 372
173 8
313 181
171 6
378 349
378 236
217 106
143 62
313 264
284 288
224 46
236 181
216 121
299 197
216 207
115 232
355 55
214 34
236 210
112 30
187 184
262 141
15 160
227 192
93 180
87 20
130 203
230 363
318 241
72 127
17 254
333 132
100 27
133 6
173 13
371 171
180 181
44 223
304 316
1 296
374 286
76 92
12 113
366 184
100 366
178 274
79 375
95 215
373 129
343 107
26 125
71 111
103 255
135 260
151 63
356 97
14 31
349 168
100 295
261 234
305 329
90 267
293 93
188 161
128 221
233 15
276 344
245 280
129 36
197 292
307 210
143 360
295 275
112 377
162 302
210 21
131 339
200 255
212 338
201 360
310 127
361 122
168 110
234 72
72 25
24 287
169 157
156 355
277 205
87 15
115 97
109 230
231 175
143 375
362 216
149 30
375 91
119 302
306 201
172 108
166 353
84 264
228 213
136 87
95 224
290 359
262 324
165 153
265 369
375 340
262 104
359 49
122 41
137 30
324 148
158 15
145 244
81 111
63 300
359 28
185 306
255 148
71 368
36 258
48 202
349 344
107 123
243 66
342 109
288 213
379 60
153 148
280 135
292 231
275 263
331 177
218 144
326 84
129 290
349 57
320 63
293 103
260 362
205 335
236 111
366 15
86 46
370 31
241 267
163 299
240 322
207 81
111 58
342 339
92 328
278 376
45 64
329 251
6 183
8 284
330 181
275 120
333 291
38 359
358 148
86 162
338 92
132 77
259 164
186 333
352 345
89 141
15 76
203 368
249 239
130 251
256 225
364 72
177 96
124 61
247 166
172 380
379 225
235 227
327 45
290 302
182 64
55 337
97 187
59 19
53 105
58 320
162 171
327 18
307 124
211 46
324 67
324 217
32 63
110 110
136 20
144 303
353 323
254 357
194 185
316 172
7 319
26 20
345 15
295 12
356 348
43 265
379 304
308 21
79 167
106 57
127 40
15 277
350 276
105 203
2 43
219 146
52 138
11 66
282 131
26 201
297 368
266 150
284 319
150 355
325 370
298 321
21 59
172 85
110 227
4 257
173 308
266 178
250 140
147 206
60 152
70 132
328 193
279 5
188 104
107 209
333 260
364 284
163 251
317 86
239 33
250 212
248 277
193 332
303 210
11 132
334 266
225 248
370 45
79 331
282 228
259 50
81 215
196 82
133 44
62 80
320 297
244 27
258 113
296 211
377 191
278 252
234 254
220 321
154 35
175 309
174 351
286 97
279 36
61 177
5 32
177 6
229 139
63 343
317 9
249 210
296 106
242 25
237 33
45 135
136 48
148 79
50 90
249 255
269 358
249 25
251 224
93 205
212 352
29 197
201 29
341 178
224 33
327 350
215 215
317 215
321 269
204 158
22 339
244 120
230 77
268 268
294 215
113 159
111 52
219 327
110 292
190 273
242 3
192 132
372 48
362 245
23 201
88 249
346 58
82 234
175 82
308 326
113 229
303 5
194 161
186 238
97 364
351 317
377 51
186 127
309 349
198 101
309 103
378 128
88 166
124 305
301 194
239 187
374 179
155 134
375 73
149 32
171 61
299 341
78 224
27 264
226 14
138 221
71 63
258 22
20 92
343 182
145 153
101 156
215 146
343 163
201 311
57 84
141 140
92 218
367 11
248 322
241 53
204 371
252 343
69 80
301 179
95 276
191 196
364 210
120 34
235 349
139 221
112 70
101 327
77 363
211 96
126 159
194 179
264 41
28 147
185 300
127 333
340 254
46 358
37 265
88 68
263 94
81 364
236 71
70 321
22 129
311 371
246 30
352 198
279 183
317 42
276 344
120 205
317 275
199 145
217 165
43 373
321 196
241 188
163 183
214 36
89 226
349 298
23 216
237 112
74 261
34 313
137 357
31 210
368 360
97 242
11 305
122 373
251 10
246 229
361 165
249 350
301 368
137 154
317 136
24 85
6 215
338 305
305 136
152 71
380 371
314 12
16 322
197 307
306 120
332 169
357 332
198 294
131 248
283 326
245 35
109 100
159 90
11 108
87 214
6 205
28 330
378 129
192 283
141 71
1 302
130 31
333 299
335 308
136 270
212 107
380 9
243 327
210 328
99 345
138 378
340 241
217 85
99 24
41 22
123 344
270 262
312 207
342 196
118 15
342 162
72 127
73 140
308 90
348 280
129 256
29 131
108 79
33 361
374 304
109 224
78 344
86 20
34 101
75 175
92 369
32 260
232 23
353 126
134 9
118 316
338 90
312 295
164 257
125 185
162 332
189 172
339 280
175 163
51 233
197 291
149 264
11 163
169 248
62 45
223 234
76 169
4 331
223 190
197 253
238 90
173 311
366 100
293 322
82 233
176 280
216 256
69 250
326 161
294 357
215 21
12 325
336 82
202 39
37 219
257 327
189 146
244 211
156 131
121 111
145 269
138 153
90 36
109 59
129 183
221 208
111 208
162 272
41 114
71 168
32 296
367 4
259 74
201 192
159 352
39 50
205 158
59 250
368 125
355 187
98 219
185 126
352 228
37 160
111 204
180 91
262 117
104 189
103 135
54 235
10 122
280 22
339 34
230 100
110 78
161 63
364 369
222 37
355 189
188 372
307 138
41 196
359 205
322 373
1 303
364 96
210 30
23 72
180 361
185 17
349 14
37 365
52 282
326 258
26 86
39 368
149 62
173 306
51 172
306 287
171 99
91 113
146 310
191 352
136 34
99 22
27 348
305 240
32 250
218 292
160 140
166 99
148 76
99 60
224 111
339 13
88 314
116 219
241 231
1 365
46 363
179 289
255 93
293 153
98 206
237 269
231 338
332 126
361 339
77 112
356 191
161 92
366 192
260 103
148 255
183 241
354 60
380 24
21 255
322 250
159 156
361 96
127 147
230 278
325 103
277 374
339 136
109 283
294 152
315 142
327 199
336 261
91 51
41 273
172 66
221 319
262 49
114 356
6 86
13 68
283 20
293 271
194 72
90 306
235 156
328 321
72 100
215 15
312 240
159 155
282 254
238 169
346 101
19 54
85 38
258 173
162 216
244 15
118 247
23 282
301 121
20 314
46 10
9 97
112 114
276 144
105 8
110 330
92 227
357 312
189 127
202 244
331 10
41 11
39 367
204 173
24 378
307 277
157 163
335 312
242 259
178 360
234 62
122 378
254 33
297 175
11 319
79 189
204 322
359 95
123 218
321 255
325 8
160 116
131 86
191 315
159 293
31 214
355 147
8 121
328 93
117 337
15 348
287 90
199 375
284 237
154 282
92 380
247 231
246 228
267 228
356 337
184 137
71 337
36 276
64 370
268 349
314 232
316 36
95 213
262 43
133 85
292 87
365 277
378 168
11 271
177 367
141 335
270 4
193 294
90 295
171 110
170 94
189 5
195 243
375 35
248 155
121 119
265 203
313 306
243 355
166 273
207 166
355 149
124 249
153 340
16 284
126 243
126 181
181 96
94 155
51 16
145 96
289 303
101 238
270 270
67 323
118 78
305 106
343 13
354 175
248 19
99 96
173 226
259 8
193 322
266 198
69 93
204 170
273 22
286 280
218 302
331 170
253 47
237 10
311 290
187 258
365 356
375 63
254 204
225 1
353 281
203 191
337 233
237 195
96 210
325 110
32 261
214 291
74 357
109 244
353 97
104 291
77 359
276 87
31 355
81 103
83 95
281 43
155 168
4 199
342 339
233 163
188 11
350 64
214 312
51 44
199 15
156 187
16 209
309 262
196 249
365 138
101 50
67 135
108 45
5 380
108 367
41 320
314 351
221 83
304 331
212 227
152 168
122 100
84 255
57 191
334 166
113 352
50 356
160 249
122 55
164 96
197 321
223 208
35 241
243 201
222 328
267 59
43 348
16 39
337 30
56 364
239 265
268 59
35 201
100 245
240 258
262 375
371 92
158 277
33 99
266 270
214 359
25 128
111 65
14 318
138 3
100 165
75 85
376 70
369 116
169 195
248 208
342 192
48 251
4 224
171 222
326 256
303 86
160 246
354 162
238 33
92 27
9 360
17 246
340 181
284 344
368 232
306 192
211 347
65 156
363 189
33 31
253 76
53 358
363 24
25 158
31 30
325 146
92 146
130 327
200 23
27 240
194 283
93 58
84 4
250 131
66 219
231 196
271 176
15 190
252 8
10 374
165 245
8 291
272 59
107 70
88 90
176 196
252 371
182 241
207 294
26 190
363 306
286 327
281 276
134 349
183 255
258 123
140 239
179 33
251 24
200 95
134 68
168 293
253 305
227 267
331 7
252 172
317 41
71 304
60 159
260 67
32 93
373 168
350 290
205 170
64 155
154 222
195 276
86 140
311 343
326 25
261 211
267 218
168 46
99 184
78 270
334 76
364 297
65 84
373 161
192 168
138 372
279 98
42 174
255 126
214 145
338 57
83 90
62 361
25 98
366 188
298 219
253 359
195 47
103 196
63 270
184 254
356 71
336 91
258 145
160 261
247 373
380 240
297 144
300 279
40 309
5 55
240 279
176 144
84 47
209 2
160 62
254 58
204 350
90 247
216 103
349 134
155 136
286 360
63 75
20 195
298 217
65 167
63 115
114 77
161 19
321 250
40 215
144 208
235 265
355 111
42 216
273 61
210 202
367 370
226 258
33 224
234 338
284 137
160 177
93 308
176 30
39 338
12 337
252 36
126 203
34 271
269 250
248 280
42 92
114 131
178 38
218 342
233 41
193 313
16 338
149 283
95 208
28 380
208 35
143 57
139 143
371 278
59 297
61 281
164 239
115 242
357 123
7 293
22 75
314 304
53 25
194 329
252 57
319 152
357 106
372 166
164 289
3 19
79 302
182 281
320 14
325 68
230 200
246 21
46 30
351 272
212 281
155 278
162 107
139 74
342 116
146 29
289 141
84 315
32 111
93 172
252 96
326 283
1 23
299 69
10 251
113 336
228 178
101 272
240 66
154 113
43 87
4 244
106 352
182 127
35 221
8 103
362 130
157 111
231 351
228 340
312 87
212 34
321 241
330 267
87 254
249 291
313 18
9 241
126 278
154 379
98 171
42 322
370 78
169 134
36 33
118 331
49 17
124 290
109 278
302 119
268 28
63 261
318 206
247 374
69 100
140 313
140 279
111 264
212 247
280 264
76 318
266 177
324 293
103 122
194 307
83 73
181 296
25 273
181 254
181 276
343 14
198 85
19 55
323 221
285 92
93 279
104 344
116 349
102 166
202 359
173 336
358 313
31 275
35 95
174 267
135 326
203 45
297 68
129 46
290 101
11 98
226 143
327 285
136 319
65 321
151 192
332 284
378 346
375 83
297 63
130 57
208 99
356 364
214 26
224 183
80 228
317 51
26 137
60 96
365 287
30 87
58 247
95 270
323 336
188 346
237 148
216 292
220 159
153 213
254 370
331 251
168 90
341 170
39 2
367 350
363 165
326 259
311 201
239 358
123 210
95 181
197 85
118 32
134 152
109 207
46 135
212 39
152 306
185 174
224 151
291 370
334 30
267 4
194 197
9 167
100 8
164 320
362 284
252 261
70 165
222 94
370 116
12 268
296 83
