380
10108
197 248
310 170
171 174
148 285
102 208
316 222
6 141
26 358
49 114
145 378
368 272
39 335
119 250
48 329
23 239
338 167
277 337
173 80
72 63
324 240
185 216
241 141
317 309
176 48
102 314
23 339
364 35
92 253
139 107
352 139
256 345
37 353
104 92
286 206
282 205
14 317
217 294
199 363
141 141
336 75
245 81
59 162
156 247
189 209
146 320
104 342
22 190
301 202
264 324
134 229
185 291
271 260
380 249
215 350
25 152
50 63
143 155
265 79
263 288
247 162
236 202
239 190
250 182
227 371
373 105
260 318
112 106
13 296
18 253
295 157
74 158
103 18
47 212
2 52
148 356
287 209
93 100
20 51
376 276
252 191
154 215
353 314
12 158
283 288
237 110
96 248
47 175
145 303
26 292
199 342
29 91
56 329
226 212
324 207
187 352
48 157
24 138
191 22
110 127
290 290
191 245
147 189
291 251
358 254
175 303
319 183
214 155
231 305
83 312
169 263
228 104
128 322
308 290
360 312
371 238
221 60
225 318
362 103
210 163
246 81
376 205
33 373
182 350
268 326
292 234
42 140
52 111
182 20
67 244
63 87
370 144
360 29
131 199
71 372
30 297
220 77
41 196
338 14
137 28
152 77
73 349
272 229
26 159
225 96
247 231
276 65
208 63
355 15
229 363
122 208
29 333
17 164
119 205
219 348
185 76
209 67
232 242
59 314
6 157
195 333
187 378
140 214
115 52
31 118
132 161
74 289
245 269
193 256
265 184
214 168
237 201
214 225
313 157
355 68
115 189
176 332
2 214
95 148
356 368
323 261
21 348
268 120
207 193
355 271
224 186
340 256
154 176
199 297
182 160
319 160
27 16
241 226
92 224
200 134
268 244
246 345
361 103
280 306
335 51
158 353
140 214
9 274
255 299
330 255
177 49
79 242
175 293
223 191
86 1
235 280
5 45
204 282
42 203
248 150
127 62
250 375
375 138
324 170
343 188
134 171
188 220
222 249
152 208
380 318
255 264
221 191
256 269
75 372
328 301
339 286
359 25
131 341
69 231
351 334
39 290
111 203
242 22
140 78
310 175
59 352
84 245
177 113
243 256
302 76
295 74
124 118
74 285
213 252
38 154
110 107
200 157
315 125
184 6
197 192
189 140
280 100
280 154
372 152
4 298
328 222
137 231
175 167
128 121
253 340
265 114
98 63
101 330
360 88
303 82
117 73
105 153
56 189
305 289
195 256
173 21
225 351
64 158
271 342
41 252
375 183
375 325
155 163
85 89
172 195
127 252
114 105
380 60
91 205
28 9
83 43
298 239
360 223
165 165
338 84
58 35
330 66
59 28
303 55
208 278
268 153
245 74
247 312
132 79
231 203
279 28
112 288
183 269
317 126
329 251
75 27
191 233
25 215
64 263
49 264
41 67
210 362
257 176
230 199
380 218
369 355
208 25
102 256
328 175
271 166
152 86
303 4
273 28
22 26
165 346
57 326
299 232
345 202
32 167
299 86
238 148
314 22
213 300
36 10
355 210
289 221
373 246
353 346
187 27
257 75
170 221
191 71
102 16
124 203
72 189
248 9
293 20
82 122
8 266
346 110
254 27
190 302
378 69
330 218
354 159
203 146
103 284
219 21
151 72
50 317
291 337
114 73
187 243
95 220
92 112
171 129
211 293
185 280
319 177
29 377
310 55
256 161
27 326
246 126
379 231
232 371
88 54
9 357
280 23
226 214
151 364
255 353
93 345
83 39
153 357
291 216
313 261
18 261
198 296
282 360
105 36
270 145
178 43
154 141
253 52
28 182
125 90
208 83
155 126
221 27
105 183
268 30
64 356
339 229
270 102
103 119
6 55
288 274
92 237
365 277
135 225
195 92
224 361
18 207
329 76
263 320
133 304
173 230
174 80
142 229
204 158
26 22
146 106
91 110
231 250
314 76
232 221
66 314
37 70
50 105
61 148
263 118
352 228
238 130
228 16
68 185
360 82
121 258
255 134
340 92
224 254
369 105
316 73
157 79
7 74
89 265
146 342
159 370
70 324
323 37
288 78
144 74
350 62
134 189
340 202
229 63
221 243
69 37
164 30
301 214
355 322
377 71
11 122
222 18
72 130
223 272
370 324
341 285
220 269
284 148
153 202
302 338
372 112
269 177
201 210
1 151
249 251
275 322
117 379
101 139
7 49
344 221
124 129
232 335
68 200
88 76
125 125
163 370
69 101
218 340
16 138
103 131
263 146
152 128
305 67
346 49
51 91
326 128
146 95
15 304
378 175
39 253
51 209
197 114
327 323
71 287
368 62
53 204
64 69
195 108
58 281
87 235
207 177
234 185
94 144
169 168
311 274
362 251
368 169
319 373
85 343
95 224
208 288
142 272
101 149
61 137
284 255
199 204
98 126
27 218
98 251
53 323
208 312
20 78
101 183
378 349
8 33
1 255
110 90
324 2
2 214
92 72
334 208
54 308
364 101
242 351
127 261
54 120
167 111
53 45
278 207
127 339
41 220
283 105
200 81
156 351
340 321
55 111
238 120
317 172
109 249
246 337
277 324
263 104
332 26
271 295
102 192
261 140
22 107
47 214
365 293
215 338
13 245
315 61
76 310
40 1
231 220
70 370
169 281
126 59
297 138
33 90
185 67
51 294
9 222
180 40
91 72
221 233
145 344
83 171
11 314
250 344
76 260
45 59
77 128
380 253
338 146
187 202
111 16
64 376
259 325
338 337
9 290
269 338
169 100
138 158
273 360
261 191
218 39
81 100
337 281
92 291
289 197
131 255
44 247
42 34
220 279
240 226
181 193
295 215
294 57
360 101
154 293
48 215
300 220
275 4
263 143
294 333
357 120
100 1
370 44
13 181
107 289
243 187
126 229
72 177
176 261
148 151
164 314
334 258
377 216
343 274
351 248
275 19
34 32
265 105
294 104
280 194
268 120
257 376
339 193
215 374
70 284
267 131
204 345
74 186
105 99
93 311
102 27
16 133
55 327
72 113
261 162
362 257
365 238
346 43
374 196
78 183
191 371
295 257
167 72
154 210
71 91
257 271
242 128
65 178
323 112
249 113
259 305
113 292
312 243
10 238
120 98
248 210
165 328
291 192
308 142
329 102
206 70
19 232
267 344
75 142
176 28
372 317
377 246
224 180
379 60
378 271
209 325
376 327
236 299
45 242
351 277
359 76
302 246
45 379
102 314
5 271
222 199
2 362
247 327
205 47
220 47
356 296
282 162
297 169
234 292
28 232
166 334
100 337
236 82
318 168
33 364
14 360
199 14
185 345
80 8
168 31
269 176
15 161
44 222
233 192
184 65
290 311
147 15
277 258
314 232
70 354
209 371
380 166
9 246
182 79
238 30
380 264
42 86
254 101
56 185
86 127
213 211
212 306
361 246
175 332
260 77
195 318
218 144
366 379
109 108
198 299
130 16
198 134
207 63
88 11
249 147
50 148
17 360
110 318
86 362
267 303
171 259
79 195
52 221
357 46
133 121
134 146
238 250
134 328
125 52
325 259
321 154
59 209
72 192
76 153
286 52
177 211
281 47
296 327
195 204
285 229
231 94
4 240
66 267
295 145
140 201
24 283
46 45
243 150
280 254
67 4
326 200
30 182
85 131
76 317
163 295
187 316
62 277
128 59
227 300
3 106
309 176
228 122
344 301
345 133
324 184
153 34
136 214
376 27
94 1
340 210
380 203
287 140
18 117
18 84
165 95
48 244
195 136
187 143
45 61
60 77
69 352
163 78
359 300
17 300
31 78
178 124
231 89
120 323
223 347
142 350
23 22
91 152
76 31
250 5
81 352
90 167
233 168
139 358
30 203
281 25
355 4
198 45
365 336
7 45
315 264
287 241
146 171
360 315
4 135
132 320
74 74
255 269
236 254
86 355
242 154
271 90
277 222
44 268
380 130
361 249
260 347
145 50
267 121
347 215
225 42
101 193
204 26
47 346
284 72
126 145
372 349
319 4
334 299
103 183
194 345
123 237
195 87
236 111
190 301
258 95
329 262
345 349
3 335
343 54
358 333
90 299
174 226
177 360
346 183
29 18
330 292
17 132
254 289
135 153
325 221
331 372
195 259
76 303
122 333
275 133
210 247
20 13
355 226
231 327
97 235
7 278
329 334
74 82
24 329
20 249
183 88
143 219
210 218
314 210
349 170
172 123
368 145
6 94
270 143
284 291
237 89
91 96
11 151
154 181
277 142
311 359
186 363
22 259
142 331
288 269
72 41
150 347
44 218
344 369
361 47
164 45
178 168
315 3
355 94
138 270
270 135
145 148
89 343
199 74
165 129
189 321
342 287
331 306
231 157
94 324
69 64
363 297
45 204
222 125
105 342
277 374
358 34
221 310
351 101
257 43
206 331
85 180
119 274
87 364
129 305
187 236
3 153
111 266
169 94
170 139
318 299
339 222
212 345
103 162
75 60
166 141
172 172
376 319
46 197
302 150
2 30
190 224
20 366
369 212
233 92
142 106
125 143
372 248
282 315
51 276
334 49
271 233
75 339
12 239
251 11
30 54
199 192
150 357
182 333
243 49
376 378
83 238
260 186
299 343
244 163
341 73
285 100
173 31
180 173
21 22
82 238
250 160
108 283
238 268
65 201
66 7
343 99
7 322
101 309
157 310
243 207
249 11
130 98
202 322
12 322
71 9
262 12
254 200
102 180
232 70
327 288
155 109
40 188
359 298
363 85
328 217
42 337
368 212
227 128
78 328
357 303
345 72
269 298
83 300
101 155
322 219
115 332
321 188
52 6
197 195
137 19
101 113
278 267
374 161
350 132
172 286
275 230
309 305
76 238
2 58
306 131
92 354
255 248
285 21
292 92
324 147
350 296
98 57
277 107
181 214
286 343
325 283
19 274
20 7
109 113
12 199
356 79
40 126
294 107
322 171
23 133
333 217
336 290
329 151
339 7
323 334
18 137
322 238
168 271
358 232
326 248
261 60
66 182
188 32
234 117
315 154
242 155
101 80
201 20
258 14
337 263
161 257
188 90
121 9
60 115
172 254
180 37
186 342
155 272
29 301
56 359
120 162
286 350
114 258
188 121
365 113
72 70
149 3
126 194
339 116
40 362
206 254
72 35
167 231
15 285
9 215
44 336
368 192
14 3
266 187
355 221
379 180
314 182
224 23
68 257
28 89
225 240
51 48
192 162
209 266
317 349
335 207
35 119
322 343
56 245
165 89
329 153
190 195
122 213
341 130
195 279
279 104
114 41
76 9
181 87
66 292
127 27
208 126
118 3
45 312
285 278
46 31
20 114
355 261
21 262
249 144
25 359
116 251
230 328
343 202
170 126
210 74
306 280
9 179
306 239
167 93
305 194
343 31
294 356
304 26
197 31
247 107
143 265
125 328
132 73
318 192
261 165
158 148
348 93
18 196
78 42
191 309
365 242
98 228
248 182
317 346
188 245
180 121
132 356
68 66
118 36
327 225
279 102
314 76
197 88
196 108
138 357
259 324
240 124
137 113
131 184
222 210
193 108
227 324
222 107
49 355
196 329
359 134
195 218
52 295
322 154
369 121
31 355
9 87
106 105
239 208
282 278
376 283
245 105
81 25
307 314
114 288
77 189
107 185
12 111
241 377
284 373
188 340
94 149
142 133
2 5
150 335
96 200
136 125
194 344
302 57
289 295
301 340
82 148
43 18
123 355
154 1
132 36
156 180
70 330
233 219
109 235
304 79
52 341
270 65
305 340
380 6
377 333
269 25
125 42
42 112
11 322
252 321
41 358
351 316
259 121
206 27
163 231
304 189
76 360
340 29
24 201
52 87
345 216
215 350
187 318
65 302
59 336
206 334
157 113
289 1
86 238
58 119
115 45
227 209
141 342
77 129
301 134
310 361
88 332
311 152
69 261
102 188
165 273
141 135
288 102
235 219
135 58
67 18
104 73
52 65
143 155
15 67
251 174
69 110
241 216
339 37
333 72
199 67
284 189
303 155
135 239
353 300
309 51
108 121
120 69
148 179
313 25
373 131
152 292
194 194
300 92
320 257
231 101
233 364
314 99
175 233
338 144
24 79
323 172
153 197
147 137
210 32
242 225
51 298
55 62
232 333
231 301
53 71
180 45
210 270
212 209
2 155
58 201
94 235
286 359
295 351
373 290
59 298
358 166
287 270
67 101
268 169
94 94
309 119
234 287
35 143
227 289
211 345
324 246
154 201
146 221
113 280
315 173
216 246
55 150
52 257
154 186
102 360
248 48
11 225
298 16
11 22
356 369
366 13
12 142
98 114
2 364
369 9
323 324
335 227
252 88
22 312
368 334
44 13
92 213
164 114
18 64
48 34
307 47
169 267
107 89
80 233
95 85
301 216
268 181
68 342
285 120
203 139
251 167
108 96
140 292
40 22
168 92
92 158
178 5
106 182
323 246
357 8
314 247
108 365
109 49
280 157
286 341
71 262
259 217
9 236
212 12
189 226
209 93
75 45
283 22
236 122
181 354
236 127
285 274
71 52
69 211
73 74
325 304
298 250
3 116
201 20
353 27
202 313
218 214
370 199
351 197
105 217
93 228
190 279
133 179
330 360
157 322
380 123
114 66
370 112
220 32
29 58
39 335
138 236
239 24
228 253
360 207
19 373
135 78
114 37
295 72
55 19
296 272
260 210
66 263
351 181
206 293
174 48
287 252
35 102
312 377
282 22
86 40
104 164
214 125
245 40
204 162
236 378
235 158
322 339
116 5
190 296
329 117
305 137
146 159
277 21
345 302
201 183
42 173
191 141
137 163
380 14
176 84
66 180
300 355
325 347
191 33
308 202
102 143
322 207
288 146
250 320
234 284
40 104
199 146
141 271
4 244
205 114
22 53
376 53
156 87
196 374
124 245
305 133
62 280
357 269
226 374
202 114
76 102
320 125
285 122
196 220
291 274
51 331
236 37
43 332
149 207
3 258
329 248
19 40
23 56
235 247
123 321
161 53
106 67
119 42
145 281
8 34
275 150
143 87
312 358
294 166
339 289
3 107
140 372
54 330
24 378
377 198
31 242
21 19
25 309
343 103
355 191
122 235
111 285
87 71
4 305
210 111
40 334
55 175
77 38
261 253
216 192
49 283
237 329
52 201
327 71
180 116
217 59
290 345
276 6
330 156
200 176
67 224
126 380
232 120
114 45
145 294
72 282
249 9
169 1
322 80
110 214
102 62
296 98
375 176
369 296
203 379
41 71
51 336
41 8
208 56
31 52
34 103
24 22
35 149
356 249
306 150
295 107
324 68
141 163
297 196
321 165
374 105
54 123
258 58
124 246
183 9
233 224
238 305
66 198
370 279
165 29
64 111
212 328
120 198
55 77
318 67
170 286
286 218
188 61
166 98
264 247
83 232
49 173
296 293
191 346
366 156
73 2
289 306
2 11
158 368
84 340
286 28
78 91
93 329
20 188
139 322
113 80
111 359
247 345
244 263
275 86
156 93
151 131
372 40
242 376
278 203
22 169
195 126
7 343
366 8
378 99
75 204
160 204
322 373
214 310
19 296
86 109
173 252
9 97
206 110
316 275
288 338
282 88
11 44
89 129
247 302
90 256
242 352
222 181
168 231
294 178
223 18
267 36
140 155
346 58
56 140
106 258
93 223
98 94
209 49
34 138
272 360
376 184
47 200
226 205
255 364
153 93
134 155
151 275
319 360
77 216
360 327
268 77
64 236
14 75
303 106
288 206
192 262
326 271
186 255
350 374
95 33
301 127
258 239
9 91
234 60
31 261
198 161
224 21
244 87
294 364
8 81
149 357
352 207
255 119
259 188
252 331
160 22
361 199
1 172
375 320
130 244
113 296
171 74
175 62
242 373
115 352
241 245
174 105
37 139
233 235
186 220
365 319
292 262
131 219
213 319
349 348
305 249
146 35
309 258
36 321
108 247
100 132
350 295
99 27
245 229
51 285
69 76
174 232
123 113
63 18
208 189
371 134
184 195
5 16
334 52
246 178
305 195
378 232
145 286
173 226
308 373
140 148
74 234
12 352
37 360
91 239
336 190
37 13
340 251
168 12
267 318
310 242
97 68
4 281
237 195
93 167
158 174
80 370
192 177
104 95
67 375
129 3
376 275
65 173
213 379
217 375
149 171
144 164
66 18
33 26
262 72
363 3
19 361
98 86
336 110
4 35
32 347
257 285
250 242
218 202
157 23
60 54
246 222
28 370
191 119
273 134
83 102
219 171
288 251
60 155
196 103
154 48
220 108
300 24
200 283
95 55
161 345
87 194
327 216
100 117
224 10
34 359
325 374
75 340
57 379
358 9
356 110
180 289
209 15
292 245
108 46
47 350
92 191
230 289
370 262
377 234
49 106
100 60
202 263
328 313
375 340
227 91
228 117
64 346
204 98
175 169
37 374
325 264
307 152
295 244
64 259
41 262
35 105
330 185
1 197
44 86
217 267
82 196
260 27
22 318
240 216
223 278
208 96
346 183
10 155
193 31
70 54
330 175
134 103
290 191
32 94
33 192
251 116
110 188
6 26
33 46
269 297
367 315
297 23
192 340
67 200
171 360
269 132
286 182
189 24
24 66
124 200
12 321
302 253
369 278
99 237
96 259
223 291
164 127
92 275
83 260
305 60
106 66
170 157
105 48
153 40
53 226
243 36
22 130
216 370
356 82
228 163
162 83
37 63
287 239
256 236
213 32
184 150
231 19
149 45
150 166
124 271
42 15
97 185
64 143
133 188
318 8
291 203
42 367
311 64
207 156
146 226
258 313
147 195
138 347
250 335
188 304
187 220
276 174
144 15
275 163
31 159
289 89
162 143
318 92
265 354
318 204
259 21
203 5
192 358
186 209
24 91
141 66
70 126
319 328
234 327
122 155
276 189
373 330
78 89
329 213
37 370
278 291
189 184
172 352
177 348
191 61
30 2
196 339
76 83
240 244
182 100
148 205
92 51
109 343
44 360
208 239
104 378
15 145
281 52
254 147
369 319
251 255
152 201
354 196
353 7
353 115
142 236
88 334
210 282
215 230
273 274
27 34
72 313
187 169
161 16
243 90
232 354
175 283
34 20
314 130
106 153
294 112
15 195
365 235
207 60
236 181
213 207
33 50
7 346
239 3
345 128
335 55
41 104
132 85
160 346
115 338
257 175
64 152
281 171
144 121
315 372
20 270
368 327
177 208
12 101
283 33
19 319
90 231
376 155
140 267
80 244
366 173
268 247
64 80
275 294
341 41
305 379
167 364
101 243
257 222
2 316
268 338
345 162
82 72
71 137
96 140
55 79
373 30
170 39
151 178
48 118
130 38
152 179
309 152
17 71
337 265
66 219
110 297
334 19
78 1
157 251
232 262
94 220
208 223
320 31
83 106
254 132
199 56
203 349
294 329
19 321
254 260
364 29
186 38
67 355
274 228
80 331
96 251
223 230
378 153
96 359
171 267
83 366
82 111
226 210
274 339
34 38
46 327
327 191
231 63
117 197
143 188
168 259
365 236
95 245
277 38
166 77
204 53
216 301
144 46
231 250
349 106
31 134
62 140
75 145
374 240
229 266
136 261
320 64
264 141
35 186
172 2
181 263
145 300
16 57
82 133
279 6
24 295
49 282
129 66
311 55
186 121
220 261
201 131
7 166
365 59
71 48
370 102
192 58
199 4
243 119
82 125
152 4
20 322
130 4
137 157
285 93
291 232
215 32
260 278
349 325
64 159
144 120
278 81
284 256
320 365
143 44
174 49
335 1
284 361
195 58
249 282
149 360
280 96
263 90
117 194
218 291
301 97
320 193
124 218
5 160
41 86
266 19
118 358
194 109
133 160
258 136
378 98
255 211
48 290
316 49
219 56
210 57
56 343
267 123
30 154
25 289
98 71
91 363
185 300
56 16
73 44
138 197
314 280
94 42
222 340
297 316
362 117
7 346
300 173
259 274
155 28
203 242
231 343
195 256
344 10
142 160
95 9
334 324
120 30
88 224
282 254
142 371
54 128
355 116
227 364
29 336
9 66
204 15
285 78
225 51
121 285
247 214
219 93
99 248
283 326
275 48
107 139
62 83
214 13
115 189
222 51
209 224
1 311
357 108
95 236
50 100
157 83
281 102
351 341
196 208
225 255
175 115
180 137
303 305
86 143
192 40
206 165
165 283
5 362
328 107
41 168
302 15
242 229
311 9
65 3
138 357
319 301
82 32
6 148
364 267
34 13
266 70
35 221
154 83
179 294
103 78
266 348
229 182
99 113
23 216
7 198
238 100
106 260
148 327
325 8
327 190
195 338
28 86
312 187
177 286
202 173
36 137
230 351
63 252
229 319
302 64
211 198
237 70
295 249
134 317
345 53
149 11
159 288
336 312
244 142
246 357
219 260
300 370
270 256
168 296
345 370
164 210
177 239
185 138
209 27
305 134
186 114
306 312
263 334
375 26
8 134
46 143
90 93
125 270
27 182
355 219
193 343
166 85
243 332
67 278
275 205
222 264
245 367
322 28
306 252
1 100
362 219
33 90
149 308
25 250
308 316
351 209
248 314
310 178
48 245
314 217
12 25
199 8
246 177
7 373
10 297
338 108
337 242
235 113
110 306
210 15
350 248
352 226
215 30
150 63
212 211
297 287
123 350
190 23
129 281
4 37
166 113
328 59
99 18
114 377
346 337
93 379
263 110
261 149
47 260
229 83
119 249
192 281
326 364
2 21
125 157
334 195
97 120
206 73
20 258
78 163
276 148
132 233
25 12
363 280
317 172
67 329
99 348
49 187
296 85
95 335
299 82
286 56
17 325
123 270
359 139
302 146
297 31
95 53
363 335
221 351
216 339
38 240
310 369
363 253
285 367
216 291
284 336
337 365
35 368
78 316
4 103
225 145
61 309
66 188
166 184
113 88
250 295
204 60
224 359
216 246
220 13
190 115
69 21
126 197
243 311
105 145
364 114
136 199
79 230
345 107
184 246
289 150
189 178
333 293
47 52
187 351
332 326
220 239
122 372
275 278
184 360
216 302
373 337
47 254
149 259
88 97
201 34
327 239
332 121
269 6
328 302
375 73
221 105
42 14
250 209
117 334
52 216
130 352
131 371
249 15
333 124
158 234
119 221
282 280
377 166
127 201
257 224
284 125
60 82
97 85
366 60
338 87
181 167
255 332
278 285
161 365
127 287
336 176
124 7
73 145
143 357
327 256
356 221
355 344
373 170
19 207
230 132
257 89
212 202
291 262
232 197
116 261
285 317
219 15
146 165
131 202
81 249
233 217
161 34
137 299
327 184
343 232
10 63
69 301
18 51
48 273
255 278
178 3
371 227
129 337
379 335
325 287
377 46
4 356
226 272
317 127
129 185
140 362
72 31
125 7
159 94
373 289
344 111
215 265
10 175
239 60
285 231
63 123
245 346
119 365
282 220
44 107
208 13
183 123
230 238
155 355
358 166
128 380
178 114
234 158
149 208
190 242
132 127
133 72
10 239
180 178
105 277
65 356
210 363
282 344
340 329
16 296
295 190
326 227
228 56
221 49
333 295
214 307
159 67
185 282
336 162
107 24
41 139
305 163
352 113
178 216
43 5
272 110
7 172
288 24
19 6
114 297
146 39
268 300
115 155
225 274
120 367
186 255
99 124
372 110
190 353
282 76
355 33
229 26
286 352
166 137
337 115
317 239
323 212
122 4
368 89
66 192
4 25
203 170
327 310
191 304
354 245
307 94
44 188
183 134
42 66
82 377
220 201
328 154
206 102
373 179
315 154
263 223
301 307
77 95
55 299
200 145
40 365
331 317
354 172
186 270
234 182
210 163
113 277
250 211
259 329
217 263
233 169
330 67
43 14
359 318
100 143
117 221
292 197
126 221
329 54
3 98
303 228
11 134
190 137
274 275
191 102
216 195
253 82
302 338
61 306
373 354
280 55
205 54
347 18
15 22
339 94
136 229
185 326
97 276
131 303
243 33
68 380
298 90
354 114
198 122
78 361
48 140
234 124
303 243
217 39
187 107
71 198
362 119
135 222
183 110
26 16
120 247
312 34
347 43
196 130
162 349
347 204
86 94
336 338
122 168
13 377
124 367
90 163
188 224
81 85
148 43
315 349
120 6
97 125
301 121
31 324
328 168
257 109
137 227
115 132
37 220
41 224
206 23
117 200
181 74
227 74
174 163
47 248
101 248
83 56
194 333
155 83
59 119
39 188
52 192
126 203
27 222
335 194
365 190
329 347
102 61
197 347
235 55
109 218
57 4
354 292
237 333
78 3
336 377
171 371
36 83
53 23
354 152
46 147
341 15
341 166
228 261
159 204
224 278
256 76
31 164
156 201
101 229
38 342
152 335
178 279
67 226
9 238
114 271
298 314
292 53
66 16
46 353
320 3
82 98
337 168
376 228
264 229
271 140
165 59
331 142
112 102
224 236
329 61
276 173
53 50
180 17
49 94
191 102
277 122
373 99
279 362
43 345
281 274
205 127
294 52
280 16
250 129
71 202
92 310
160 125
2 279
78 347
98 161
147 214
68 122
107 197
99 114
262 78
264 261
207 82
177 280
13 126
215 338
314 8
304 170
270 350
375 241
253 130
83 187
261 266
153 354
139 110
243 291
202 13
21 288
373 98
5 308
322 89
370 146
224 331
7 165
28 158
276 115
40 379
47 187
18 103
242 369
215 140
230 317
15 71
368 19
210 307
285 83
45 359
319 36
1 274
117 223
87 7
313 276
380 214
211 105
104 157
229 207
263 303
156 148
148 204
107 73
289 310
311 283
278 18
167 367
167 151
324 79
46 380
254 54
18 51
125 192
210 339
35 218
237 310
142 231
233 122
47 365
138 210
77 246
75 159
29 259
337 120
41 237
100 312
307 304
162 51
30 88
311 283
35 355
293 39
188 293
285 320
37 258
307 353
63 255
35 21
117 137
193 352
93 197
177 260
184 258
2 39
279 280
64 82
309 91
236 16
253 6
90 61
331 112
1 303
124 278
189 289
145 139
152 345
4 55
31 349
337 321
376 276
89 117
182 32
13 57
364 77
117 215
342 337
13 46
144 74
239 71
268 8
114 227
85 295
238 154
185 299
30 235
74 150
291 153
144 34
123 292
94 211
29 229
34 72
155 81
323 200
178 322
220 145
141 80
327 206
44 109
288 73
274 16
133 231
63 362
112 104
161 108
199 200
36 200
287 364
347 80
175 150
202 204
41 314
206 268
274 366
95 79
334 23
102 300
122 210
297 185
174 275
21 73
71 258
128 76
63 7
145 197
369 234
14 198
357 61
169 368
294 8
309 121
321 68
120 340
294 274
195 20
344 5
270 357
23 201
8 164
149 250
216 313
145 279
60 50
51 55
163 275
191 248
47 123
9 281
172 309
152 36
129 200
199 214
49 131
246 150
195 25
366 100
157 70
330 254
203 76
96 181
114 347
197 164
350 149
343 341
41 136
148 250
92 66
156 219
251 163
355 60
155 213
93 358
242 76
193 73
67 234
294 377
290 166
337 128
7 138
298 325
40 335
282 66
10 80
233 308
190 251
337 318
64 29
21 75
65 198
254 212
24 66
186 171
232 2
60 199
270 136
345 355
67 218
208 337
24 119
179 293
60 242
102 308
341 72
39 378
256 354
368 201
207 363
186 185
305 23
374 93
14 73
116 10
308 299
270 197
349 241
263 310
342 275
297 328
51 339
152 70
289 42
161 154
231 172
257 355
18 349
167 227
360 313
253 99
116 304
266 47
282 199
343 235
179 71
129 86
327 104
87 56
147 308
233 350
181 96
173 245
288 107
10 105
333 72
18 288
301 165
253 104
48 168
77 259
236 129
127 15
117 7
143 130
275 177
245 15
68 286
68 175
140 257
45 333
196 170
353 63
296 168
108 249
188 223
267 33
27 352
72 38
134 194
41 174
210 43
186 344
334 273
171 205
137 109
357 215
21 363
25 153
274 189
58 148
224 76
201 7
7 288
339 202
135 230
11 281
61 18
108 249
249 221
7 7
282 361
126 194
222 184
72 340
43 149
179 303
69 269
361 323
211 234
301 9
221 214
103 113
313 277
83 341
372 131
176 333
280 140
185 322
303 36
117 208
91 91
148 16
259 103
185 219
300 179
162 123
177 91
29 358
50 161
244 62
7 184
290 178
166 320
96 52
160 56
162 31
29 19
227 372
250 33
149 153
282 117
215 372
175 366
140 163
157 169
340 179
147 346
178 153
95 280
364 237
310 103
241 88
272 211
10 315
211 301
57 179
40 115
19 357
214 69
335 242
185 14
176 242
147 101
355 77
194 327
120 135
44 29
331 77
325 223
210 202
92 342
130 55
189 280
13 243
26 135
240 21
53 4
150 302
309 92
347 328
326 144
180 64
122 40
81 276
308 271
319 219
342 242
112 131
219 63
348 218
91 105
269 110
121 145
144 354
179 239
350 148
70 244
350 208
380 182
183 49
155 267
292 172
380 154
325 319
165 357
243 6
63 205
61 85
117 114
141 37
142 290
374 26
28 352
24 337
40 314
245 247
300 155
17 255
39 311
169 63
37 15
127 222
153 140
173 16
140 368
42 113
184 172
32 316
339 100
88 251
164 125
353 365
325 122
83 250
56 274
320 261
191 217
4 202
95 140
11 154
285 1
264 279
303 294
359 250
227 263
250 176
69 225
88 26
348 150
184 60
143 190
156 100
379 207
188 90
309 109
16 251
40 299
30 246
333 244
301 15
335 140
276 233
343 45
7 328
152 7
342 91
79 36
159 320
2 15
99 367
82 17
349 210
129 152
106 373
338 240
25 295
273 191
25 181
105 318
111 356
8 132
132 293
183 154
72 117
127 33
348 98
136 84
334 227
50 357
73 48
54 311
339 219
273 239
272 338
172 39
379 370
231 118
291 20
108 117
23 360
195 219
80 27
273 42
346 145
39 200
93 375
129 186
317 75
320 144
64 163
48 171
128 205
250 23
63 299
284 24
28 89
210 105
10 362
174 7
24 253
141 260
113 248
267 373
217 246
265 12
9 343
234 179
142 323
44 67
278 132
187 289
70 343
217 313
218 141
324 185
319 91
256 54
321 11
243 13
291 257
267 375
352 25
105 185
88 311
347 71
320 292
57 350
212 138
29 171
310 21
137 46
133 247
286 56
249 62
315 378
198 268
161 166
17 297
193 212
335 53
231 300
125 196
208 22
61 51
153 62
23 26
346 241
348 93
228 305
158 52
104 368
158 138
375 275
221 202
243 58
355 315
59 182
118 127
203 191
375 279
192 229
98 310
199 180
208 38
186 214
131 109
256 57
109 254
111 1
268 364
333 359
23 54
73 124
55 147
342 35
238 244
11 58
268 129
114 61
366 362
156 87
211 345
167 215
350 193
302 320
106 224
74 242
134 190
178 370
33 252
211 35
372 178
144 228
225 300
358 379
217 15
124 259
314 75
296 85
362 20
95 44
218 367
55 12
192 230
178 113
187 122
172 180
34 99
135 367
130 317
59 136
341 74
184 336
47 209
40 246
18 211
121 33
220 297
210 210
188 112
230 324
226 7
240 37
33 376
205 6
37 374
4 174
377 79
350 167
265 25
217 300
198 363
134 76
280 91
70 51
204 184
184 287
105 361
4 140
127 343
174 355
374 347
164 92
337 238
192 105
159 278
355 41
242 333
101 80
37 1
229 242
366 210
350 182
64 158
207 39
344 333
357 372
91 223
118 29
357 145
117 238
365 365
152 222
292 233
86 329
144 71
200 235
28 41
298 125
241 370
35 7
371 339
361 75
279 17
159 346
223 101
278 136
174 23
253 205
29 28
85 187
86 76
160 241
169 128
37 69
133 188
121 335
165 63
200 279
305 350
106 27
46 367
325 255
93 241
24 239
224 347
375 113
207 352
268 202
129 112
68 149
177 22
300 345
229 292
338 192
178 229
284 288
287 231
160 22
150 368
22 253
130 255
43 334
26 123
345 124
207 258
334 5
366 167
204 95
7 66
232 293
322 62
334 21
18 299
77 370
237 199
121 376
183 367
223 234
369 312
168 182
356 209
180 52
113 4
307 29
264 311
93 217
154 72
347 328
331 13
45 71
168 84
117 7
140 102
101 105
307 190
126 12
15 69
364 213
55 284
84 111
137 230
337 11
183 115
33 33
61 59
118 136
82 11
17 39
137 168
372 241
356 18
232 150
283 216
173 296
230 336
331 64
311 30
65 271
375 339
326 256
200 48
355 327
336 36
300 343
110 319
256 175
202 122
55 81
317 338
129 357
233 202
306 280
329 36
56 342
361 202
59 282
208 62
337 115
343 251
38 23
368 160
17 223
19 369
192 171
107 276
148 52
325 254
77 57
314 260
90 4
21 63
261 78
50 4
215 215
64 15
4 320
197 305
307 186
69 216
309 259
22 334
311 215
349 298
165 327
319 88
215 380
308 57
146 51
30 349
288 281
102 14
142 58
358 144
193 371
315 287
34 137
362 187
326 348
363 203
85 212
78 249
47 294
238 168
312 300
84 197
377 215
377 198
376 331
290 183
6 374
5 71
106 138
296 135
25 133
221 184
58 340
88 14
253 60
8 244
210 47
81 326
133 56
356 200
190 332
294 144
14 206
29 340
44 253
252 194
304 184
172 337
354 234
344 247
336 226
269 10
40 205
208 203
10 376
164 309
1 340
79 323
376 315
46 171
379 95
371 49
72 214
13 56
301 296
312 307
380 171
39 366
40 176
163 235
215 73
166 44
17 88
93 233
275 159
151 74
172 33
165 190
120 281
159 241
66 252
233 353
325 62
56 199
55 317
295 287
150 216
228 205
349 267
79 177
145 307
330 158
211 217
100 297
28 199
112 322
261 178
380 74
368 47
326 135
135 340
366 312
58 182
307 41
349 93
248 308
196 90
214 164
28 363
228 162
263 86
305 377
25 109
65 380
366 250
168 184
116 225
369 169
76 339
214 32
238 338
178 217
267 107
316 206
78 81
225 338
124 55
14 365
149 49
279 325
82 194
76 357
127 114
224 117
253 228
55 171
56 179
274 155
213 92
120 117
264 312
320 301
44 297
94 286
259 359
331 322
307 156
243 153
233 305
150 248
211 76
157 83
174 22
188 290
16 242
358 255
50 144
211 206
209 354
287 332
27 300
139 138
178 167
111 356
357 139
41 281
69 377
263 362
163 286
27 313
249 130
326 128
209 163
193 260
297 106
361 185
365 73
133 70
312 209
190 50
284 46
274 139
200 178
296 53
379 319
280 201
160 234
72 333
376 46
172 36
24 249
333 116
52 95
159 61
196 229
289 218
142 235
165 302
89 338
303 88
54 224
102 47
208 298
369 243
199 264
214 162
150 268
338 270
217 74
264 49
220 76
223 164
370 63
331 337
324 337
109 258
153 73
211 304
104 29
296 299
344 31
178 39
147 180
159 350
365 97
230 111
380 340
330 295
214 83
255 95
119 32
43 111
42 7
247 338
332 92
224 189
298 153
89 79
21 96
79 254
56 278
216 179
54 295
8 33
307 374
55 368
5 349
369 380
232 196
359 271
338 35
32 80
271 10
290 245
136 37
34 166
265 218
163 34
302 173
126 286
281 132
306 225
129 319
157 376
356 376
240 12
29 29
303 105
60 322
223 372
129 120
304 82
183 147
161 191
177 279
135 362
130 15
183 240
307 338
43 141
195 367
321 105
71 29
326 254
84 69
92 141
143 94
224 87
289 321
10 218
304 364
26 176
90 222
267 351
338 310
218 379
205 304
74 81
54 187
345 348
222 245
272 117
211 112
341 260
218 194
198 173
108 323
5 329
157 272
190 363
344 290
239 348
31 248
147 51
193 299
32 295
195 353
110 348
314 213
253 263
38 175
352 96
161 133
153 18
207 48
51 2
121 316
22 44
229 69
239 210
331 153
236 152
55 289
140 130
209 279
77 157
286 72
270 310
311 196
63 41
366 59
233 158
56 340
256 223
158 248
220 299
96 10
16 291
248 297
287 347
193 142
110 57
84 181
63 231
93 284
34 67
174 168
375 56
271 15
110 318
270 315
119 256
324 36
313 190
16 308
78 255
216 374
306 68
70 109
94 278
147 31
208 130
223 11
167 264
52 228
137 105
296 379
219 304
121 95
326 95
103 249
151 251
57 31
258 152
305 134
175 142
182 200
39 335
280 209
110 278
177 168
288 143
335 356
206 293
368 17
76 77
256 341
211 369
262 233
30 254
230 88
122 130
219 344
170 143
188 225
346 368
255 202
337 104
368 35
246 22
83 1
119 107
142 325
97 32
290 257
355 160
321 351
119 364
125 379
178 366
340 59
332 80
322 301
364 165
112 22
380 61
171 366
333 130
278 244
327 267
162 311
24 373
331 351
145 252
172 271
42 44
31 28
39 166
42 87
226 192
68 249
345 204
99 287
300 125
168 351
106 143
144 216
286 60
249 206
196 257
86 300
21 377
377 38
95 158
201 72
112 58
140 314
230 66
327 148
19 340
331 226
374 337
152 378
83 311
356 325
9 108
246 150
360 204
20 176
190 138
294 158
363 246
268 148
33 49
181 182
335 175
3 74
161 264
18 54
203 228
44 141
183 228
212 218
43 214
157 84
243 12
87 334
3 8
299 148
119 317
239 29
314 293
197 320
93 38
17 18
377 171
261 84
284 202
41 162
111 76
209 180
233 347
315 82
23 301
302 80
2 316
329 10
260 52
354 105
93 264
175 327
100 256
240 142
354 65
121 36
60 56
184 241
239 103
359 278
332 364
340 159
327 205
90 275
324 53
153 206
303 331
74 104
330 94
24 15
56 170
274 56
286 64
18 38
55 187
208 310
254 73
155 359
121 215
337 281
371 5
130 66
356 113
276 351
90 9
205 257
166 300
179 105
51 270
246 380
194 65
83 32
257 346
55 1
294 343
131 282
168 19
54 4
364 14
286 175
258 360
215 10
344 205
227 98
370 244
376 369
10 278
248 145
374 101
7 211
71 156
22 356
240 89
345 247
142 74
363 287
8 131
65 361
363 287
128 120
197 250
349 228
75 1
13 303
328 226
37 167
27 350
150 111
7 260
257 272
363 353
342 167
369 323
258 15
217 374
142 361
186 350
91 372
346 106
125 107
319 337
170 39
359 209
276 239
118 118
86 260
362 90
275 336
336 236
366 227
286 87
163 122
206 134
50 363
306 340
353 230
273 313
300 57
191 73
310 211
118 299
215 17
301 84
189 237
76 53
18 60
61 179
214 151
346 120
85 147
350 108
210 116
185 65
365 15
168 194
254 172
135 62
227 354
159 364
93 305
169 149
135 224
166 244
99 294
259 103
223 362
19 379
356 371
58 369
151 293
197 85
323 267
309 42
27 259
210 168
224 360
127 258
16 240
293 329
225 357
1 89
103 102
365 143
262 147
115 10
30 72
119 126
248 348
109 74
234 118
286 58
317 7
172 244
150 122
143 11
242 187
348 170
99 239
170 217
329 139
190 123
332 190
237 248
359 203
12 245
89 182
362 264
379 191
324 86
339 310
315 312
225 114
366 69
257 30
119 363
210 37
34 84
43 225
216 368
288 6
143 305
294 216
140 195
145 206
236 236
213 85
354 44
82 349
324 323
281 197
32 286
154 74
72 74
167 285
237 356
255 137
37 135
67 87
109 102
66 49
356 31
337 82
219 257
229 240
251 29
200 191
38 86
267 369
178 239
108 283
90 59
65 379
18 101
79 247
218 78
356 341
317 329
197 176
348 258
245 357
101 44
309 267
202 286
376 203
245 6
321 127
50 331
251 53
36 66
151 303
253 20
123 23
113 92
116 157
319 211
379 226
36 297
161 120
235 61
249 153
147 243
33 58
170 352
259 194
251 302
242 22
362 34
335 167
301 51
308 115
312 78
31 308
68 232
7 141
39 238
293 363
322 356
157 365
55 377
372 313
220 172
232 110
53 92
37 192
243 134
140 264
96 276
320 357
189 227
23 321
23 367
280 376
199 192
225 219
100 206
333 178
160 5
224 197
127 209
8 29
89 301
30 94
62 23
152 189
8 82
204 220
350 172
90 113
10 339
6 164
227 245
79 252
148 255
100 353
367 245
333 166
191 208
69 357
161 266
216 71
175 298
179 190
31 135
86 352
28 85
98 144
365 365
2 126
175 243
273 34
8 240
64 332
338 41
178 216
371 329
272 362
51 27
321 63
148 85
340 74
126 40
19 107
17 349
7 260
101 81
375 151
78 26
131 21
113 167
115 72
199 66
341 234
316 184
276 62
357 166
318 294
131 144
72 120
23 346
129 2
236 344
326 328
144 202
235 77
93 198
156 118
116 175
363 370
234 97
107 176
261 212
227 147
114 153
117 307
374 370
254 237
255 284
300 76
45 36
213 247
178 253
75 24
306 55
260 70
293 46
85 164
56 372
328 322
347 7
264 216
247 147
226 102
75 223
183 248
366 230
16 43
71 339
282 73
302 309
326 20
79 13
22 205
278 3
65 378
73 257
179 376
311 356
283 307
212 186
141 12
362 277
238 373
196 166
299 361
80 89
344 377
167 86
314 94
255 284
290 222
301 59
325 321
276 46
26 244
115 144
203 150
145 349
157 234
73 200
345 173
285 2
220 296
326 11
281 28
372 345
226 281
224 331
172 16
49 106
142 265
295 30
323 244
338 172
297 330
246 371
102 140
294 95
230 345
133 319
148 35
108 56
332 264
27 36
182 247
55 140
344 217
373 65
340 184
199 365
9 120
236 213
361 126
106 163
309 57
106 224
219 204
158 159
366 150
251 353
325 289
7 349
59 20
23 268
200 280
236 35
340 264
270 290
59 191
245 309
279 193
309 47
270 162
21 344
181 144
94 166
22 76
15 22
233 152
319 73
326 187
17 372
8 315
48 149
372 17
1 71
223 341
69 118
244 251
132 133
289 84
216 70
15 180
251 51
254 13
219 185
171 52
301 102
255 99
160 275
12 335
322 248
323 260
237 156
203 207
77 291
12 176
188 268
374 132
378 175
166 165
197 297
212 364
170 168
146 351
51 16
96 122
314 367
8 292
61 33
75 224
21 296
267 185
69 319
204 173
366 197
330 304
33 278
349 267
90 206
237 257
302 177
43 364
251 200
54 301
180 205
364 295
31 346
156 198
88 309
380 85
113 326
13 39
176 332
247 119
150 150
298 224
144 16
329 355
227 9
154 271
309 268
170 231
127 24
289 240
250 7
128 162
85 324
176 287
28 161
198 38
217 8
129 248
128 154
297 379
356 55
117 249
283 39
101 282
47 42
6 361
76 227
42 30
275 224
238 316
370 94
16 314
210 186
283 327
160 263
29 257
301 287
35 52
214 157
318 339
372 379
118 285
243 121
336 162
166 309
379 27
254 298
88 119
120 50
206 41
5 344
179 193
225 289
171 170
169 18
41 352
338 320
142 282
137 65
171 252
365 241
146 335
380 336
119 280
321 102
164 192
338 149
371 379
38 94
15 294
195 82
299 137
13 13
376 245
361 296
174 204
66 27
335 124
104 243
65 119
242 334
345 341
307 19
377 96
252 85
183 136
363 210
185 4
111 227
377 157
233 281
227 110
360 112
219 111
33 252
338 44
117 178
255 69
49 328
260 288
149 256
131 111
355 319
196 224
251 295
339 118
182 20
248 150
265 256
180 309
215 134
376 198
25 201
199 191
11 202
160 229
176 328
12 87
209 328
145 376
350 91
220 216
64 93
28 32
16 162
157 193
118 168
364 75
313 90
319 199
142 209
13 338
32 106
69 48
363 37
269 369
318 176
82 364
255 113
105 81
180 209
271 147
136 132
149 346
172 155
119 360
291 330
207 113
87 235
278 109
185 199
301 74
22 278
172 104
47 123
288 252
298 144
112 353
206 164
237 89
141 189
69 83
52 297
16 151
233 347
181 223
104 4
228 181
57 255
310 368
199 63
126 335
345 257
205 218
355 18
78 281
104 281
41 222
195 275
104 350
247 12
360 124
208 199
88 109
359 222
292 279
296 356
79 159
64 190
143 107
245 219
255 63
228 219
255 315
153 16
233 155
240 159
175 281
310 50
18 111
301 14
304 255
163 296
85 52
31 219
145 47
40 8
61 254
230 194
336 215
252 75
8 281
222 95
352 161
303 292
1 48
271 204
39 343
139 348
219 319
41 121
370 51
362 37
45 290
341 119
116 248
205 276
113 359
167 66
340 173
63 59
140 101
32 248
30 369
26 178
279 90
288 17
121 243
126 57
142 340
162 241
310 263
138 378
313 262
137 197
265 263
346 287
53 290
200 353
284 215
367 319
47 290
369 26
142 208
173 161
149 147
138 27
82 111
239 193
178 363
380 59
293 330
97 287
350 336
244 221
167 348
122 378
140 228
136 360
264 260
182 201
207 24
358 253
231 90
207 365
249 51
213 225
230 281
226 118
332 300
67 318
195 141
196 377
194 299
49 61
154 231
321 173
95 168
222 184
60 305
43 21
161 174
193 267
33 160
252 254
350 266
113 282
377 88
260 68
278 136
172 378
379 259
54 268
89 285
12 94
273 373
99 60
314 294
348 26
108 357
41 159
298 203
65 24
153 113
35 375
315 64
89 297
195 372
349 331
75 133
369 205
227 175
178 30
220 175
188 199
300 267
178 216
356 265
143 160
11 87
129 226
136 222
42 335
332 326
60 54
88 285
370 272
197 6
75 142
173 303
3 271
282 206
59 75
210 167
8 142
155 84
200 144
134 263
109 257
5 107
238 167
341 264
249 25
106 356
176 2
104 27
302 136
55 67
341 240
170 48
308 357
301 297
150 245
369 343
21 114
9 213
139 272
1 318
305 344
185 216
303 6
115 227
282 23
175 258
328 272
285 115
378 79
311 85
368 186
347 21
343 81
128 222
375 71
47 89
51 91
9 143
147 332
178 333
293 325
174 375
9 334
76 26
101 121
144 77
75 90
298 373
229 355
261 162
45 134
47 304
84 260
192 79
353 24
282 116
9 231
270 207
87 295
349 254
302 132
363 151
362 77
355 62
25 274
105 219
254 150
121 350
305 192
235 363
287 132
45 285
269 371
117 160
2 76
91 361
1 63
180 83
274 345
299 210
58 240
208 77
165 146
355 340
72 274
114 244
334 163
286 99
345 169
121 130
79 24
228 346
307 273
237 279
339 35
250 17
85 289
64 314
53 296
36 282
269 380
125 303
105 244
64 329
143 95
338 275
370 211
70 347
147 280
359 163
320 173
37 304
1 133
249 155
38 51
178 271
73 380
174 40
191 211
200 40
89 91
41 180
364 112
41 27
25 236
71 234
12 318
261 230
284 324
279 56
8 272
226 217
31 83
179 137
88 8
228 372
71 276
362 139
111 163
99 241
31 48
104 217
228 66
45 39
143 6
29 336
229 282
115 323
306 322
195 261
146 373
160 333
323 130
100 298
95 96
50 102
157 192
24 316
104 80
353 192
41 195
15 7
260 13
214 364
144 144
221 8
238 80
158 35
275 100
53 70
124 300
312 68
89 298
122 137
12 287
27 198
174 54
380 80
116 265
17 308
64 86
61 359
214 232
305 177
252 230
197 207
305 100
81 236
33 10
313 86
211 327
339 319
348 157
191 102
150 65
376 232
328 134
208 7
292 216
92 195
19 211
95 168
349 177
138 283
43 145
58 72
53 99
338 325
97 135
352 172
211 204
63 345
16 131
265 354
87 77
222 32
209 243
250 342
234 93
182 320
120 75
91 248
179 139
286 229
249 357
314 264
220 163
7 128
40 198
47 283
322 55
22 106
159 325
90 130
67 186
161 75
202 133
98 277
302 315
375 303
360 327
97 81
179 318
125 197
186 216
157 95
327 281
314 113
259 64
51 174
315 49
206 135
331 294
97 324
163 203
164 194
280 374
202 92
346 209
271 375
277 55
14 247
189 270
257 117
137 261
316 176
80 179
178 232
27 101
314 263
57 320
95 109
311 47
225 21
351 339
234 245
115 229
205 213
322 22
346 18
117 39
138 61
120 282
82 275
302 83
357 203
327 332
27 127
194 112
63 287
242 372
337 244
314 202
276 275
263 35
43 298
292 72
284 99
276 379
342 327
71 343
30 203
98 240
282 330
319 311
369 17
65 27
187 54
179 24
264 144
71 23
332 40
205 108
59 100
109 195
284 315
351 307
129 317
72 4
71 218
55 119
195 180
12 66
43 176
164 250
125 138
95 359
253 359
69 191
358 180
278 174
39 273
31 225
26 290
87 360
67 279
154 44
291 283
77 129
215 145
306 245
184 264
358 119
231 367
314 110
317 99
230 252
325 60
192 336
84 295
279 157
104 371
350 323
73 369
46 53
237 43
242 11
250 257
271 270
14 125
245 52
243 21
370 162
141 193
258 337
121 247
249 355
273 326
313 275
82 361
113 20
72 336
112 352
138 250
242 345
259 171
267 302
219 193
308 112
285 224
340 86
80 269
131 64
123 279
309 264
12 315
318 135
260 101
105 5
229 91
69 377
117 135
53 114
73 202
101 41
3 152
322 135
94 83
122 98
82 270
19 79
256 221
181 309
110 36
64 101
41 227
23 164
184 215
285 236
47 135
336 179
47 14
180 181
92 318
186 142
5 138
354 2
380 122
73 96
196 372
40 333
39 149
13 176
261 74
219 275
312 371
231 122
93 222
222 187
56 377
227 87
78 136
182 164
230 219
27 196
81 236
49 345
329 62
229 197
93 268
370 47
140 94
366 251
79 70
308 75
123 73
91 371
202 185
310 81
189 137
51 261
380 97
250 184
280 351
250 97
48 73
250 53
329 223
250 187
123 293
141 228
187 165
285 41
300 242
325 240
190 190
231 83
134 317
114 109
219 177
119 19
333 220
211 108
17 31
65 371
256 5
174 221
147 200
148 373
330 215
353 10
77 251
170 317
68 301
298 45
122 282
116 354
358 44
270 113
33 310
348 50
24 13
333 205
213 311
181 119
202 343
377 273
185 274
291 185
31 339
264 309
246 86
56 376
75 199
26 377
344 88
124 145
262 296
229 129
133 245
100 112
373 123
111 173
287 235
94 144
227 59
116 287
136 85
8 158
13 231
120 117
56 124
263 280
132 176
338 257
316 95
52 311
205 288
295 307
258 62
330 323
241 124
239 80
117 272
11 200
263 325
204 353
166 10
16 312
26 344
329 201
1 173
267 342
260 329
40 227
85 262
183 362
37 60
214 348
24 31
181 252
293 202
15 146
371 86
346 56
90 204
165 59
308 134
266 330
245 180
353 380
284 241
236 198
87 285
297 121
341 137
53 264
285 244
132 322
155 78
240 325
8 176
238 191
78 57
302 29
304 338
76 44
40 336
329 308
268 317
75 351
136 316
239 35
320 157
144 107
342 363
21 123
354 260
156 78
120 257
190 221
215 261
160 28
128 117
226 312
254 351
268 264
105 199
371 246
346 125
335 240
268 129
323 305
133 213
344 264
4 54
140 43
118 286
72 306
220 297
331 52
102 144
240 76
267 227
59 72
180 96
273 108
140 53
111 188
242 173
2 83
5 181
212 161
158 147
54 219
160 357
176 211
278 113
188 364
82 308
63 260
93 95
187 19
269 5
268 158
332 369
272 2
240 182
245 34
172 128
348 7
238 287
354 290
271 165
220 123
287 181
332 235
65 111
312 28
91 277
234 361
58 127
369 105
36 352
263 145
110 284
93 64
148 160
373 84
359 284
348 52
80 310
165 43
280 353
174 293
162 303
185 332
43 38
115 14
158 226
372 87
313 378
229 80
134 282
264 329
343 46
243 263
160 184
341 15
336 193
378 354
322 160
78 38
12 226
25 88
324 361
278 297
344 79
350 184
280 167
94 363
15 7
250 104
99 145
170 161
135 90
43 276
338 176
123 166
337 276
300 21
229 264
226 352
181 304
24 279
324 219
156 305
10 250
360 128
213 323
361 169
87 186
354 209
45 316
364 44
315 39
213 91
301 198
378 117
282 16
110 242
270 89
214 51
163 327
198 159
55 90
25 156
220 294
306 176
72 219
52 132
201 296
176 49
236 271
87 182
330 137
16 258
241 56
271 269
97 101
25 296
108 159
204 144
212 237
358 185
225 203
353 179
62 160
24 75
98 129
98 180
275 129
262 340
165 357
275 91
66 200
189 289
146 12
271 299
215 136
118 321
109 310
158 97
88 17
60 128
329 293
21 22
194 229
319 68
344 111
339 282
81 55
233 29
170 225
41 203
366 19
75 163
313 183
53 116
338 30
118 345
302 257
86 341
303 9
330 358
156 278
218 190
67 126
158 74
308 286
142 200
277 379
240 33
263 316
305 82
221 14
108 183
111 245
3 157
171 59
34 252
222 378
87 270
198 45
157 4
252 14
29 80
237 272
55 346
193 250
269 267
370 57
293 153
335 368
27 126
347 84
202 40
106 121
156 295
354 6
327 184
43 18
107 205
110 125
156 320
27 2
82 241
132 1
214 257
118 322
208 290
146 20
363 332
183 267
373 359
219 135
191 363
186 51
201 26
155 279
241 358
98 187
98 197
249 11
289 290
47 274
314 91
254 113
58 327
82 47
217 26
349 223
321 322
47 238
306 218
342 32
22 374
350 110
107 184
296 181
159 10
4 136
123 210
288 209
29 157
50 213
346 169
35 109
239 62
237 280
103 151
151 314
111 265
22 350
322 141
264 252
285 118
141 236
251 135
315 369
290 341
164 76
316 14
26 99
218 198
255 274
147 250
232 91
229 126
290 232
201 346
285 33
3 66
316 64
159 236
331 177
139 6
94 304
97 375
286 180
73 288
285 255
301 259
315 359
45 204
315 219
323 219
26 91
299 129
337 28
164 91
353 87
375 67
295 2
187 242
24 180
234 11
37 168
186 230
140 156
188 41
196 283
262 210
127 344
247 190
325 184
290 354
132 365
150 295
200 288
330 53
68 310
200 379
164 5
281 158
286 191
335 23
345 230
235 244
156 67
65 184
70 167
33 189
200 248
233 378
24 366
249 191
19 92
334 208
161 22
207 160
331 174
317 372
339 49
360 108
356 155
150 289
52 209
79 270
101 206
332 128
108 357
90 82
121 47
2 301
135 356
85 283
30 289
214 22
353 29
42 265
368 311
216 95
332 364
248 329
225 64
296 217
147 63
106 72
277 112
158 80
189 129
7 171
270 122
360 213
209 272
150 53
162 326
11 289
272 45
285 75
349 145
320 300
228 107
248 157
199 299
82 217
38 61
10 358
355 343
169 310
287 284
46 155
287 271
15 261
368 166
135 315
216 111
265 189
126 44
5 90
251 146
149 195
107 315
258 182
18 203
256 230
173 22
33 53
308 366
354 103
373 325
116 286
313 209
221 125
270 223
96 182
231 136
37 78
362 187
154 208
363 124
230 129
64 13
307 280
234 160
127 63
219 170
356 58
170 106
266 256
371 138
99 39
348 225
283 75
248 146
112 235
79 282
229 288
43 250
31 102
56 137
67 376
179 33
107 46
272 218
188 2
264 241
172 103
23 153
38 240
30 108
294 222
222 349
257 215
198 226
266 291
312 174
88 346
142 59
10 15
63 121
202 211
271 368
229 58
42 24
66 280
13 165
257 98
172 129
336 288
1 287
205 123
165 356
316 140
267 211
133 125
319 23
158 34
171 174
103 322
117 87
302 259
221 131
22 338
90 159
228 321
99 86
276 79
313 305
323 370
62 289
160 253
308 181
207 68
214 124
162 12
306 229
263 328
276 121
357 301
25 64
323 348
36 307
20 231
318 285
335 211
229 102
348 320
317 360
40 60
215 340
98 342
56 378
66 29
217 267
9 202
158 184
72 214
208 127
317 250
4 369
339 163
360 298
375 291
8 245
215 208
41 362
205 16
10 261
363 291
375 202
64 237
186 304
186 310
164 206
326 374
227 99
196 34
146 10
108 123
193 364
223 50
60 354
24 209
128 167
109 156
205 157
259 103
34 68
80 204
294 77
198 133
83 88
227 11
90 304
244 173
120 328
184 299
248 274
307 43
82 200
174 300
213 359
136 347
106 220
162 114
287 155
49 222
280 146
40 307
65 209
128 92
351 13
68 236
304 263
226 155
358 378
31 55
4 284
61 35
259 374
137 292
331 62
89 17
78 232
181 93
291 97
151 334
292 15
38 365
120 25
18 282
178 343
319 190
163 109
206 242
234 194
260 49
68 207
38 162
197 184
377 103
348 186
123 285
242 313
109 83
234 268
92 22
284 165
318 327
313 344
234 317
97 114
99 150
160 132
327 72
373 58
291 50
237 158
17 251
119 20
143 320
154 105
213 246
243 255
71 64
2 82
366 46
62 359
270 239
107 175
374 121
183 348
249 69
164 47
106 6
292 131
45 137
355 54
255 5
157 77
181 182
134 145
263 314
136 128
39 128
334 237
226 177
290 80
326 346
139 186
105 268
355 158
366 367
194 209
82 158
289 118
349 114
60 180
286 324
152 206
374 376
243 104
337 77
71 75
84 134
163 184
206 219
46 134
189 17
84 270
37 366
47 104
190 325
296 217
252 235
119 360
370 169
305 250
232 50
52 46
296 374
376 300
196 98
346 85
89 110
292 189
126 107
24 295
166 305
10 73
18 355
174 151
219 277
289 109
9 247
362 15
168 303
145 151
374 350
23 287
360 329
155 63
55 324
299 335
291 37
19 312
299 203
12 196
306 41
206 79
140 213
183 65
163 99
191 205
36 293
59 40
139 375
91 27
161 332
65 232
253 299
223 39
329 239
231 124
222 358
246 374
162 368
183 354
274 285
15 57
187 162
324 341
116 213
118 283
55 230
191 206
309 372
285 306
372 231
254 243
55 325
240 308
137 109
240 358
262 326
239 225
339 35
291 242
152 261
113 43
62 181
146 18
143 317
187 226
305 327
64 300
271 230
335 56
266 276
316 357
208 73
339 68
218 211
220 53
65 303
205 187
77 161
13 173
375 208
245 18
171 283
274 291
274 236
372 270
83 71
128 363
314 43
299 307
215 143
59 167
93 32
354 246
82 372
379 141
26 163
211 13
322 288
375 182
47 26
357 42
345 213
321 93
128 355
350 341
176 298
216 86
124 49
233 308
370 39
284 348
228 160
109 70
240 172
379 217
180 48
274 91
257 187
188 322
357 21
156 58
263 34
42 174
271 240
377 297
69 203
212 315
4 170
235 380
224 6
178 118
162 325
321 13
111 365
331 88
265 26
174 34
369 155
111 239
33 57
364 102
316 249
364 295
176 124
238 305
323 149
276 23
165 20
63 155
280 88
79 341
1 73
290 237
32 118
3 58
73 42
73 226
44 287
315 180
154 337
133 336
23 61
221 311
254 250
222 338
355 70
231 339
314 207
333 79
303 103
316 190
41 257
327 366
48 328
212 162
310 357
138 229
15 83
177 184
267 291
144 203
247 142
361 247
183 72
289 310
113 88
107 168
129 180
61 297
372 240
21 252
208 124
42 18
30 243
50 83
102 76
317 231
294 245
149 302
231 231
369 34
304 157
88 301
172 172
51 94
107 61
225 159
328 263
357 318
58 35
269 376
339 255
74 127
38 336
94 162
78 237
218 359
309 266
353 11
298 252
318 291
230 13
374 81
297 44
377 79
20 320
380 249
224 279
101 323
306 31
150 304
14 261
380 247
184 126
271 215
54 293
376 63
266 208
311 84
147 262
250 164
341 331
201 329
292 92
99 167
81 165
243 8
362 262
55 26
152 149
239 48
197 94
226 111
185 336
64 255
127 311
153 12
25 243
188 4
378 28
90 91
356 176
223 115
369 187
83 67
35 290
321 130
62 112
101 254
51 68
253 298
126 184
161 370
46 44
143 212
58 277
368 374
26 339
303 87
232 217
136 31
147 360
32 230
244 253
144 133
355 200
316 223
216 26
219 340
111 247
192 208
13 127
109 350
87 52
357 337
75 379
75 206
106 344
5 29
292 82
172 32
364 251
122 144
50 367
173 318
54 214
309 245
262 143
152 342
110 247
140 184
40 186
48 313
31 73
139 290
111 263
187 96
143 152
376 363
122 379
48 281
115 236
277 225
149 184
69 345
14 331
264 375
365 257
264 249
98 216
16 41
331 107
144 241
313 328
49 241
75 191
156 355
201 42
79 101
364 196
86 168
333 10
260 196
101 111
196 238
77 290
213 163
366 265
12 367
149 29
127 247
288 115
55 5
104 319
290 109
41 160
313 249
186 173
40 58
124 296
318 56
354 376
124 246
208 194
137 27
236 344
31 22
1 210
263 78
264 62
201 351
51 288
96 160
256 125
145 332
169 18
171 288
113 261
378 263
285 90
140 28
91 15
109 287
238 274
302 293
310 69
58 375
227 161
361 273
145 369
187 101
132 257
143 33
247 240
233 15
92 24
39 87
47 256
126 302
220 359
285 260
25 241
84 338
74 148
202 185
225 379
192 19
136 90
199 281
264 21
15 154
379 158
157 259
68 252
167 29
11 206
319 177
329 188
347 187
8 105
159 155
289 5
250 203
205 237
345 347
296 70
44 303
349 321
161 87
244 131
366 199
259 137
359 171
266 234
328 71
373 371
133 70
151 211
178 173
274 136
379 306
360 260
371 130
188 285
262 345
238 193
280 216
315 218
363 125
100 266
361 345
96 261
62 304
208 72
331 34
1 307
274 203
250 125
117 14
162 211
26 105
94 351
379 93
271 142
318 224
208 71
243 322
271 8
258 44
216 331
68 2
1 198
290 147
107 298
258 193
296 286
125 60
375 11
188 218
177 92
377 369
25 109
355 250
97 344
8 270
345 5
240 237
14 41
123 241
173 196
167 7
39 229
82 312
221 192
182 163
335 11
322 1
335 363
55 284
291 168
140 322
3 340
88 96
306 148
79 74
186 102
338 306
203 165
162 302
24 352
368 369
25 186
100 23
34 26
116 31
14 309
226 240
4 263
210 93
50 152
380 146
349 146
345 188
218 162
163 324
72 330
98 65
269 317
201 111
274 230
173 125
214 1
23 220
102 356
118 312
45 134
335 62
380 73
212 79
176 252
198 189
97 356
156 236
12 263
198 143
173 231
276 178
31 35
249 365
13 83
159 7
153 331
202 244
54 6
296 253
31 224
2 316
7 50
101 300
37 132
306 183
164 56
364 345
316 278
210 6
237 72
322 71
326 76
273 35
293 109
174 275
115 146
163 84
271 343
73 150
283 58
327 320
308 7
154 336
115 116
150 153
136 168
318 319
277 178
135 330
102 264
184 233
177 244
344 15
261 372
159 323
144 56
131 373
155 181
195 344
285 252
137 50
160 158
212 48
259 24
146 375
131 333
102 219
361 90
149 256
101 261
118 70
10 71
6 80
157 150
92 99
71 82
231 264
12 371
200 127
58 284
343 144
260 95
247 182
268 260
255 59
67 246
345 51
59 165
182 64
330 84
90 163
363 173
379 247
338 181
114 295
251 213
280 166
328 375
347 89
207 231
158 198
75 179
138 316
308 294
203 309
332 277
270 8
14 336
115 336
288 256
285 31
106 6
2 330
282 223
362 236
348 169
328 348
273 133
345 243
188 159
98 208
123 109
208 203
260 31
354 67
226 251
34 238
196 342
303 201
344 366
164 292
329 86
214 25
177 55
214 338
108 81
159 373
367 380
99 138
255 142
360 323
240 130
168 79
7 216
22 367
17 16
301 133
326 296
205 232
292 109
373 354
360 14
204 203
257 2
3 86
316 211
301 110
353 323
376 371
342 221
370 46
261 129
46 109
96 157
339 339
180 26
64 23
304 21
253 356
175 120
90 109
333 22
62 84
158 16
295 83
110 356
108 103
124 225
188 104
52 133
226 9
1 296
59 62
118 86
342 148
209 20
347 190
347 158
154 45
346 80
311 340
33 169
1 109
302 4
221 163
377 286
295 243
289 150
117 169
322 164
167 151
181 197
245 27
233 52
40 57
68 183
195 277
39 278
204 36
194 40
155 60
23 92
332 283
242 331
361 254
48 251
222 81
329 95
284 275
93 218
152 232
277 362
124 147
264 36
176 70
341 135
302 156
160 261
227 186
206 149
32 175
93 130
80 319
50 348
312 150
160 278
80 269
23 350
57 19
73 291
119 303
172 81
380 346
135 58
345 161
306 31
317 358
222 280
124 203
41 197
337 156
259 67
32 356
279 223
203 261
110 264
150 340
225 141
275 355
73 237
214 167
214 160
31 199
1 119
288 359
10 11
241 353
232 13
318 363
327 64
213 110
239 283
91 341
156 52
55 356
288 365
199 330
99 15
274 271
185 317
257 199
278 102
291 305
163 124
122 223
43 245
184 249
152 110
52 157
109 261
178 365
54 127
337 349
251 346
199 63
119 305
115 170
253 292
349 324
267 367
29 331
202 45
239 307
278 75
327 66
311 1
259 236
248 136
42 75
375 5
263 128
66 128
53 85
148 28
80 198
29 143
74 344
111 15
99 126
375 314
268 296
307 191
138 93
246 345
99 94
104 127
43 343
117 27
252 260
42 273
306 212
273 317
251 182
380 166
83 205
224 5
15 148
5 273
2 132
274 298
227 90
174 24
126 191
199 318
1 256
96 252
100 255
117 345
45 107
204 172
296 132
13 32
50 150
350 2
362 210
49 249
250 46
272 116
184 213
213 220
264 76
172 97
177 186
37 365
35 189
82 130
106 74
254 309
288 296
326 292
330 197
32 376
204 368
369 48
72 17
356 95
343 243
158 370
142 297
10 324
317 11
89 376
273 299
346 24
267 114
278 252
128 137
81 29
214 54
254 124
266 216
134 107
123 160
251 52
39 266
89 72
92 96
252 133
223 159
104 338
324 323
271 116
323 307
326 138
339 350
157 197
184 193
219 22
297 37
200 201
174 53
219 158
353 218
53 7
98 220
375 350
230 372
27 338
195 210
204 140
81 9
123 67
186 179
275 127
215 235
130 64
237 265
148 279
89 126
291 268
232 208
29 270
329 270
28 234
18 87
283 173
103 198
56 225
143 37
304 354
148 351
108 341
367 250
323 70
270 218
97 42
292 291
330 230
101 25
371 161
215 288
334 198
53 276
299 284
20 233
194 130
22 35
87 105
127 152
70 272
44 142
163 138
163 229
3 14
245 58
376 134
90 370
151 110
256 137
324 90
183 247
359 88
156 335
314 319
315 371
23 351
73 70
307 220
151 17
226 375
43 188
329 356
289 94
59 50
12 25
90 193
370 209
154 54
355 207
163 309
276 229
31 244
336 50
339 336
103 67
182 126
12 293
116 30
1 341
27 372
120 353
93 148
103 132
101 378
73 293
26 5
151 108
5 253
281 318
151 219
288 31
333 181
184 252
111 17
82 11
194 191
158 207
34 45
193 334
36 181
125 76
66 49
150 324
267 193
345 194
306 368
167 21
298 346
126 101
305 248
166 272
179 209
163 194
296 143
9 41
241 375
192 29
303 215
52 208
248 321
152 154
22 226
212 130
37 212
366 296
257 32
290 188
126 127
294 347
208 220
344 345
302 255
327 314
57 215
68 172
61 115
148 223
243 190
286 191
239 149
375 104
122 207
196 358
144 126
290 106
79 92
20 328
340 300
313 374
330 277
64 339
266 181
156 221
317 206
313 158
216 323
149 55
14 189
179 43
273 373
254 360
76 293
58 317
229 148
354 31
83 292
115 133
79 33
77 358
215 73
191 114
359 145
349 206
156 251
62 195
93 127
280 237
65 71
262 356
50 288
219 141
286 92
372 57
263 19
43 313
112 3
353 277
120 186
335 76
125 32
160 158
256 23
213 312
270 366
358 153
83 127
10 195
59 105
289 71
327 133
208 85
330 192
51 114
307 74
64 163
66 102
117 43
320 37
239 243
48 90
89 185
96 96
122 86
231 290
10 282
210 139
274 38
217 290
374 91
365 138
84 222
333 16
142 272
49 40
93 102
45 176
372 257
301 197
73 304
280 320
126 260
174 248
185 374
366 379
37 162
320 247
139 247
22 41
198 90
266 81
352 287
3 40
164 87
162 127
332 71
48 109
213 191
143 280
137 359
88 162
157 309
64 58
259 113
331 203
350 84
108 167
182 93
378 350
87 194
186 257
164 287
84 188
192 32
255 329
234 6
82 254
37 321
185 120
162 58
110 307
51 219
209 85
179 362
366 226
145 374
59 182
138 44
145 202
346 331
153 152
297 336
295 267
215 186
379 254
358 335
153 189
106 302
21 173
160 290
167 10
124 333
7 71
313 114
340 125
100 290
146 370
122 213
380 59
360 315
7 136
224 278
235 44
37 339
302 161
220 127
335 370
98 58
153 72
362 328
33 273
86 188
328 94
368 225
73 18
55 3
46 246
195 154
300 190
255 183
119 191
131 267
6 60
144 137
99 231
202 238
287 198
151 310
63 240
159 59
86 41
324 128
221 250
266 9
128 123
296 361
59 110
232 122
153 309
313 291
20 348
87 119
103 287
301 292
161 176
210 348
111 70
374 147
190 276
47 124
228 128
56 376
260 350
245 246
288 152
38 375
312 7
220 42
142 165
308 303
280 9
13 233
217 7
269 376
157 299
150 165
350 342
335 56
187 380
292 124
320 168
239 269
251 223
200 269
142 353
294 70
199 235
81 341
337 321
27 289
374 84
197 319
73 142
73 218
70 205
91 156
225 219
41 259
167 311
302 224
225 147
51 110
144 229
242 113
158 257
150 109
11 281
111 1
260 133
377 252
327 373
10 221
332 330
43 244
129 92
135 85
337 338
202 53
346 364
32 344
319 230
329 176
134 237
294 322
53 301
105 288
356 194
271 21
76 36
322 89
234 310
93 275
364 91
28 196
20 103
364 195
82 95
302 223
344 355
207 250
160 119
3 262
164 187
25 150
189 248
114 333
78 330
238 77
102 45
128 364
134 200
357 207
339 281
14 166
211 317
259 10
10 306
96 54
153 137
18 346
63 171
298 330
299 299
26 211
227 148
317 86
326 53
359 361
27 237
277 81
354 169
253 264
256 23
336 247
236 240
49 225
277 295
61 289
174 302
262 209
299 218
216 161
176 111
99 311
77 175
206 305
80 26
366 121
264 53
272 88
347 272
154 277
374 133
295 27
9 43
14 15
26 344
187 250
176 136
361 245
87 93
197 280
183 371
368 274
63 239
152 5
311 241
233 352
148 357
295 173
8 83
227 45
109 203
61 149
280 261
168 335
174 32
137 267
181 339
120 326
49 129
15 96
172 37
88 257
189 76
142 310
147 64
332 95
204 282
4 133
183 258
338 39
164 43
53 143
272 254
290 260
85 276
327 273
103 254
267 193
176 85
326 253
111 201
23 103
376 105
124 326
74 28
327 84
339 90
227 188
312 249
79 246
178 339
264 285
270 211
52 291
340 188
31 380
52 2
151 216
26 28
22 145
102 307
143 32
295 318
48 220
240 313
186 284
225 77
22 202
377 37
263 126
70 6
197 365
89 12
365 189
170 178
48 361
203 356
217 368
283 7
254 242
116 321
343 152
78 292
87 279
97 229
368 196
328 132
156 78
55 369
182 44
239 126
162 168
333 129
351 126
13 271
174 317
364 197
290 357
239 163
334 354
247 346
227 251
198 239
300 272
380 206
113 137
60 21
331 331
281 305
174 152
151 184
93 341
104 78
252 146
266 129
40 310
57 21
44 260
75 194
49 372
6 231
358 362
278 41
186 94
26 312
114 10
210 211
64 85
257 279
319 59
115 58
194 65
99 72
227 360
96 135
177 281
273 17
207 309
160 26
68 132
11 335
139 317
159 242
120 285
92 281
45 131
279 254
271 72
125 79
37 309
229 143
300 207
81 92
250 334
300 345
338 116
41 263
81 241
205 245
101 329
316 26
23 368
327 76
215 127
243 45
98 262
331 308
255 224
43 221
277 361
42 140
36 30
319 42
319 186
54 193
236 370
313 318
287 197
257 181
87 4
36 119
127 216
314 94
227 362
288 335
335 246
374 276
199 289
371 180
125 44
346 248
78 121
320 111
93 170
110 310
212 6
143 218
358 232
21 33
224 50
267 111
299 151
313 10
221 313
254 169
289 217
318 106
186 105
292 285
328 371
27 167
119 103
185 216
289 15
93 370
280 71
141 35
96 108
118 36
281 88
48 2
11 100
174 176
358 120
113 68
107 280
216 344
220 352
180 117
125 95
343 304
367 75
63 120
245 98
292 1
51 91
145 163
9 235
228 170
103 239
271 251
380 164
289 250
341 273
126 126
316 340
225 74
260 168
87 122
309 43
244 355
380 250
245 53
120 127
151 121
300 320
260 76
276 361
132 2
357 270
335 314
74 214
119 362
324 241
337 123
216 209
88 80
281 122
275 325
279 329
299 369
292 270
297 202
156 157
144 251
88 46
90 59
131 220
35 224
19 137
66 352
188 211
310 51
286 252
59 211
323 256
154 54
147 254
271 179
319 72
305 281
113 61
55 107
235 167
364 203
352 119
196 215
10 90
164 208
144 89
290 91
28 213
153 269
86 203
157 290
158 219
302 373
147 352
361 143
226 223
65 49
268 163
96 72
264 7
312 149
168 47
29 12
324 168
20 237
118 10
73 153
326 355
295 364
124 236
164 150
212 270
29 44
198 37
205 123
259 169
240 333
102 155
263 337
231 211
246 288
108 9
103 11
11 337
272 207
10 317
196 368
275 67
83 75
183 266
159 345
109 98
89 176
80 373
116 312
120 72
49 59
31 136
104 55
183 71
128 72
87 20
339 26
208 152
268 300
46 151
357 304
61 159
93 200
8 344
179 188
35 137
63 285
69 334
378 40
99 343
150 255
75 249
251 101
170 60
80 132
322 289
289 336
40 372
214 33
331 88
178 269
88 49
68 195
20 90
279 8
165 31
197 354
57 324
299 352
334 320
150 263
338 188
289 334
235 125
311 352
192 12
126 202
110 9
67 370
17 118
196 201
176 197
207 319
338 326
256 114
9 369
113 165
102 38
261 135
28 206
183 95
147 349
133 171
114 20
179 51
224 30
82 63
344 293
243 323
260 366
347 308
86 160
315 273
111 361
197 215
148 174
230 42
364 271
97 45
152 316
318 50
261 248
50 35
185 163
85 82
33 360
291 209
180 297
342 118
279 83
321 304
298 251
192 223
194 40
287 83
375 379
31 12
373 62
82 342
94 343
241 47
272 165
48 198
274 49
167 224
311 266
107 227
187 124
133 237
44 175
176 59
62 27
60 24
263 58
28 112
264 335
98 102
90 329
189 181
312 144
233 276
22 234
265 65
40 37
310 301
192 180
36 21
305 11
258 274
361 105
175 270
42 103
332 155
182 272
261 48
339 12
5 107
271 51
257 260
299 23
100 117
87 173
183 188
263 215
255 7
39 218
184 373
318 27
131 116
340 257
276 36
95 83
116 252
379 181
369 329
300 59
196 244
9 270
357 299
218 326
166 334
155 204
380 222
355 184
302 373
58 86
222 86
341 221
363 16
40 152
314 234
135 95
288 187
168 326
3 246
262 29
283 83
53 129
343 278
6 143
359 274
185 8
326 145
46 167
46 121
199 353
41 93
194 249
299 128
125 41
157 141
74 377
294 156
189 30
180 192
323 349
169 23
352 101
314 251
377 235
262 30
10 53
9 354
139 1
332 47
217 248
159 200
241 380
340 85
76 333
308 169
279 359
316 323
13 49
124 354
4 190
199 115
350 64
7 252
284 127
69 183
229 252
61 183
208 89
197 67
47 262
120 356
241 271
140 232
331 324
4 363
299 39
88 18
102 188
344 307
205 365
134 77
222 110
377 238
26 75
265 360
78 190
225 204
54 205
182 41
44 292
62 175
356 278
258 106
317 188
107 141
170 348
373 191
38 30
178 264
122 85
318 216
230 190
4 332
101 257
281 270
315 286
218 30
268 6
36 70
185 277
47 108
183 344
364 106
177 357
110 289
312 208
344 279
287 33
231 8
53 7
217 75
160 377
75 166
92 42
242 337
175 52
145 325
73 66
333 206
43 49
177 222
290 332
320 224
241 205
19 343
217 24
191 241
79 327
96 11
194 93
9 292
13 338
242 120
183 72
286 72
158 47
256 221
165 350
56 51
124 208
288 205
228 53
181 6
165 309
24 375
98 337
345 153
154 301
169 331
69 224
156 115
107 162
304 71
263 6
2 19
13 330
68 114
15 24
17 181
324 378
133 314
368 56
243 58
16 68
242 143
271 2
71 102
163 304
161 306
190 231
72 16
97 157
281 213
162 153
9 59
241 1
94 232
60 140
168 270
103 167
301 52
198 69
145 377
376 334
130 231
73 171
189 241
92 199
253 254
50 353
368 249
278 268
86 237
86 346
361 131
186 256
40 347
101 75
261 197
203 315
244 123
14 278
358 358
183 44
350 316
208 263
53 345
279 113
68 212
38 219
258 340
29 73
106 325
20 314
326 368
157 222
159 118
125 295
26 337
158 9
316 176
257 326
159 235
153 194
54 211
277 247
347 350
91 274
156 367
224 320
356 206
208 308
146 356
54 165
246 100
362 107
158 162
131 3
317 311
22 36
2 177
184 106
125 272
69 205
157 179
366 127
292 3
287 70
212 73
85 211
327 362
3 207
39 34
10 98
125 330
91 373
189 154
156 226
171 59
45 193
318 128
78 233
214 154
312 107
248 192
6 341
311 302
32 105
154 270
258 313
285 170
199 164
150 297
279 140
114 151
124 159
133 151
375 224
58 23
262 36
292 18
199 152
287 243
215 313
278 205
362 173
320 369
77 372
95 343
308 309
200 334
71 131
253 378
45 81
61 362
103 333
173 365
354 98
51 350
321 290
301 210
79 334
53 214
63 103
183 186
186 122
161 69
121 181
112 251
308 119
15 101
144 22
294 37
2 117
56 139
326 362
237 2
373 343
95 137
344 112
180 359
147 279
337 199
197 295
371 230
109 178
59 323
169 49
365 202
26 142
111 149
262 200
12 241
140 8
201 136
96 111
217 93
36 154
203 200
250 198
331 283
199 177
161 310
344 376
279 212
125 220
298 232
130 227
193 187
206 233
239 222
143 168
363 350
175 203
61 45
245 5
158 183
161 289
145 344
48 175
144 281
208 120
31 307
277 238
213 190
347 102
358 202
234 45
242 139
303 290
349 210
286 157
311 333
166 30
104 102
251 212
200 115
359 326
2 162
77 213
27 21
51 327
216 330
317 83
184 131
27 336
14 62
378 18
88 97
54 4
284 280
115 228
171 372
106 357
10 262
102 260
111 139
187 378
237 234
364 178
88 20
29 60
129 162
98 122
205 322
102 134
368 57
374 140
36 332
46 73
197 284
44 179
54 231
317 260
71 373
221 324
308 21
136 297
145 76
69 277
52 279
128 255
117 228
57 40
228 62
266 184
308 75
60 216
362 242
23 108
11 305
342 167
95 87
10 313
167 211
147 139
288 377
369 71
229 186
269 58
163 170
76 276
373 78
268 324
135 169
248 300
129 49
364 328
310 168
249 100
17 262
6 150
146 131
252 129
279 316
307 291
50 64
279 333
346 177
150 227
292 38
278 184
127 108
117 173
343 257
200 267
289 293
243 167
13 96
280 94
262 328
363 114
241 177
203 65
19 88
14 184
28 195
38 327
182 122
359 129
261 162
329 142
216 185
358 233
367 145
157 57
143 85
121 53
346 111
205 131
373 194
130 247
72 167
42 216
23 317
147 62
351 265
60 223
38 214
104 199
91 64
297 7
82 105
279 41
231 105
178 86
169 306
332 77
375 332
139 289
232 377
274 266
218 314
345 141
292 128
78 57
338 202
152 21
187 41
213 276
366 291
275 275
205 54
212 325
174 129
247 335
247 76
342 177
27 123
308 207
131 269
160 44
119 199
182 283
313 200
143 171
285 241
113 236
239 108
316 340
93 36
344 120
200 204
224 127
169 61
17 366
354 108
194 189
61 142
35 21
2 324
16 173
53 234
203 200
99 140
373 93
247 77
54 145
279 351
233 52
340 189
262 124
37 239
126 366
73 343
339 368
4 127
39 352
314 246
29 269
350 310
21 139
307 85
10 298
151 43
47 175
183 173
2 280
50 65
172 196
362 185
5 349
369 55
150 53
360 151
192 62
11 145
88 90
329 87
276 266
238 317
226 10
100 82
215 7
185 13
188 15
48 100
285 124
327 72
205 302
317 297
115 149
163 9
157 338
374 220
129 189
93 63
46 169
355 122
64 352
141 232
147 186
351 162
61 311
364 141
301 334
338 311
318 101
263 27
38 3
39 237
187 308
259 176
242 106
51 2
191 359
13 117
143 99
290 305
164 9
268 286
330 34
337 313
316 228
95 349
82 13
365 376
342 158
298 327
197 77
143 160
45 316
339 15
22 247
217 341
357 73
170 46
317 72
170 211
379 92
326 136
204 152
125 170
247 141
243 380
72 82
328 83
268 353
289 214
184 11
378 235
245 355
67 167
260 137
51 96
128 160
284 184
152 254
186 225
76 300
280 124
189 31
183 186
65 368
258 313
67 126
46 212
341 66
158 188
260 128
317 53
17 334
361 42
93 379
55 7
345 260
177 81
86 56
185 222
59 176
114 180
143 111
38 365
344 201
190 47
124 354
59 120
28 134
176 225
249 23
203 274
218 297
176 218
252 341
332 106
200 203
163 45
5 288
311 147
246 205
363 260
27 303
82 378
297 245
128 144
298 282
322 312
63 79
278 133
83 181
172 6
372 147
197 305
154 168
281 335
53 72
255 150
59 36
371 221
306 244
197 139
99 256
229 253
232 213
193 77
351 286
71 195
302 142
345 205
110 247
163 84
280 254
187 341
33 172
92 158
83 31
58 225
355 190
267 8
283 325
101 345
72 93
222 43
71 10
243 7
346 366
61 243
331 206
319 328
28 355
79 18
281 332
307 87
80 50
242 135
320 211
47 370
86 359
235 120
326 105
137 211
320 100
301 139
76 36
85 184
180 43
145 128
3 302
333 338
8 139
134 313
286 368
255 62
338 93
88 351
322 83
200 142
260 54
138 331
93 28
40 338
64 93
54 222
184 8
290 197
380 4
242 101
293 117
30 362
357 209
180 375
166 293
33 8
278 361
196 329
195 315
164 158
93 224
121 178
21 360
136 190
328 235
368 48
322 346
339 30
95 78
99 306
297 166
10 310
203 16
71 235
30 70
50 191
155 176
204 55
138 323
23 371
206 172
66 351
234 57
361 129
216 318
21 87
226 134
41 170
305 296
31 132
73 244
39 153
252 147
202 98
203 170
58 13
148 335
129 211
178 13
274 284
71 45
269 294
322 334
271 181
313 83
154 7
176 262
79 237
41 25
20 137
134 40
291 377
349 189
88 348
106 239
161 215
326 148
158 247
376 88
227 325
55 150
113 378
294 258
85 233
85 323
122 90
271 356
187 158
285 320
61 134
145 140
88 285
67 235
339 31
184 23
91 59
322 89
238 106
223 272
357 50
374 97
110 378
200 312
90 143
274 63
84 261
120 89
11 290
26 192
322 337
240 166
96 97
352 300
51 50
91 214
71 237
335 192
376 140
73 164
338 274
133 349
298 206
90 335
318 62
311 1
181 233
192 76
163 213
2 373
118 232
256 162
52 195
373 290
132 380
139 140
324 219
77 35
4 46
267 285
140 90
100 325
227 90
158 160
35 307
12 20
67 207
336 112
110 129
240 65
334 252
59 163
29 6
111 72
2 110
239 269
247 1
144 235
65 63
225 183
163 267
46 129
205 2
20 320
118 374
215 60
269 123
308 283
75 156
44 246
219 54
199 43
348 205
229 378
6 116
114 239
304 135
203 213
260 336
223 176
365 296
310 284
168 208
301 83
160 130
9 288
327 282
30 354
262 231
168 16
266 180
60 302
173 229
321 263
309 296
321 268
118 314
123 13
108 119
321 232
323 149
284 287
335 289
358 356
212 145
287 195
194 354
203 196
181 59
363 76
11 97
99 269
269 260
125 203
348 326
238 81
197 336
45 54
266 213
38 45
374 159
155 207
44 331
301 23
268 250
325 267
217 371
324 188
251 141
257 62
12 90
4 261
90 185
287 39
105 50
294 209
144 167
258 97
217 331
214 223
304 159
354 71
207 26
105 39
228 83
43 365
333 110
112 44
169 187
165 366
85 353
41 224
255 243
201 262
295 348
182 206
96 300
115 377
208 12
308 20
49 305
102 253
275 219
131 240
114 318
307 241
311 39
110 70
253 99
108 84
69 21
35 166
22 339
115 128
285 141
256 102
61 86
87 22
300 193
269 1
159 301
292 92
122 315
38 107
8 128
29 93
289 244
367 67
160 316
79 347
56 95
373 133
228 279
46 10
225 191
234 177
306 104
226 37
136 99
41 163
176 280
42 109
109 167
33 244
79 339
226 125
180 126
204 102
165 87
188 37
212 209
91 31
315 80
50 258
84 277
286 184
115 331
323 337
295 114
105 341
177 308
340 73
242 196
18 319
41 139
254 71
159 332
143 116
47 108
217 313
34 363
259 232
360 16
71 40
159 246
227 75
188 316
196 230
166 199
231 254
301 311
176 247
355 23
343 364
140 90
14 208
292 333
75 343
145 362
140 339
72 69
192 84
202 374
43 36
39 367
316 25
143 316
115 135
209 104
60 109
57 219
236 285
218 43
177 126
242 319
164 344
167 152
262 104
357 3
88 34
165 158
245 232
190 230
90 16
76 22
277 110
69 48
376 214
369 184
268 83
176 90
165 272
55 148
132 159
170 44
233 333
230 247
338 204
111 100
296 344
121 254
311 33
245 337
376 232
271 42
198 29
292 320
294 30
321 283
13 313
338 160
213 286
24 87
157 219
70 53
356 170
187 308
366 139
68 322
303 306
231 158
66 197
363 202
272 151
56 241
137 295
24 366
52 165
19 204
213 219
63 367
145 171
165 89
27 378
24 234
77 156
358 132
348 63
116 182
71 177
358 259
113 302
308 246
103 38
77 46
331 364
361 114
146 46
91 6
49 189
347 18
331 178
222 312
94 373
129 327
96 224
104 151
128 225
73 228
322 334
149 253
304 258
289 138
174 186
254 355
321 190
46 94
30 153
363 267
29 111
274 100
109 165
250 56
32 154
12 293
345 362
136 244
105 47
298 8
339 310
340 82
104 20
80 378
92 297
196 221
273 73
288 148
121 157
372 343
366 206
171 299
335 313
276 285
266 258
247 300
183 82
34 1
200 140
72 5
315 285
364 353
308 314
3 6
233 300
345 365
256 117
333 336
324 58
237 91
199 88
234 176
219 107
225 30
178 360
16 126
379 162
100 134
176 351
167 40
157 214
92 107
117 65
155 159
295 57
131 302
28 124
189 107
357 58
144 131
46 29
351 17
228 303
144 31
110 41
147 81
111 339
168 124
335 63
358 99
199 48
360 215
279 317
179 130
263 59
131 187
130 15
10 129
136 54
264 321
266 80
346 117
49 228
15 373
348 127
135 305
19 89
186 66
200 203
104 334
346 143
86 268
199 329
234 363
300 58
226 380
84 178
283 297
113 205
131 366
125 106
31 119
213 171
21 179
279 138
104 270
190 90
84 231
192 116
299 37
79 302
307 142
185 198
307 96
104 230
193 87
17 31
17 186
173 255
314 162
225 338
258 352
50 359
280 184
208 370
363 373
94 207
76 378
282 285
344 51
372 71
232 240
352 150
242 265
373 114
268 115
173 18
49 75
55 373
367 262
128 231
269 326
67 153
306 144
6 346
218 237
170 32
332 255
172 78
157 188
54 76
78 166
104 87
316 5
224 249
128 171
140 287
191 235
159 187
193 114
358 93
73 218
41 191
338 4
241 360
370 68
78 285
256 219
185 218
137 50
161 120
266 379
93 187
24 83
124 140
315 236
328 69
183 250
270 155
376 91
178 107
277 254
3 120
10 228
19 77
270 137
216 223
71 163
50 113
218 375
301 16
254 231
142 267
192 356
256 369
126 55
275 235
19 86
268 114
255 121
244 236
53 56
100 275
308 258
313 156
315 287
138 26
1 181
206 215
223 163
126 188
305 51
82 291
193 165
117 159
224 171
187 109
63 152
136 117
342 189
332 325
120 297
341 172
342 22
288 41
149 377
349 53
197 358
337 27
81 123
351 194
369 59
200 299
260 76
78 153
154 12
353 368
119 301
223 162
363 218
280 54
357 96
39 1
326 360
365 62
348 164
269 89
310 247
124 315
148 21
332 367
194 242
104 209
250 42
199 29
270 106
279 148
51 114
284 112
172 63
143 348
140 102
65 293
283 233
11 38
305 364
6 358
279 303
137 380
12 145
227 132
54 154
158 71
201 217
86 199
60 167
62 46
362 72
263 357
260 13
118 319
191 378
82 322
253 245
320 328
237 113
287 150
42 299
85 152
353 175
59 359
321 309
203 138
285 328
9 50
86 349
125 274
363 233
317 207
11 305
249 94
76 16
54 5
153 135
89 361
357 187
255 230
18 227
49 91
361 30
335 53
138 220
259 351
63 286
323 297
72 347
15 328
9 318
140 72
85 171
59 267
5 140
85 102
204 270
239 326
63 224
30 109
246 233
202 328
205 257
239 200
297 110
152 227
83 326
161 166
204 62
246 221
205 104
198 283
340 279
50 89
219 5
185 319
286 357
88 70
315 115
154 290
367 221
220 358
160 239
100 262
3 380
67 138
127 327
26 154
329 218
346 121
5 327
111 280
295 11
325 304
274 370
342 223
144 136
279 311
83 290
312 303
95 113
177 201
314 47
369 181
212 5
326 216
21 331
315 56
71 53
132 154
126 85
39 72
228 196
173 4
283 125
260 89
125 108
104 75
37 313
247 36
115 283
209 135
112 150
60 57
98 217
269 39
160 332
249 113
311 126
112 153
356 117
263 308
123 156
84 72
259 96
172 104
137 214
11 30
233 18
217 377
76 75
371 265
86 366
188 251
141 184
190 89
123 226
342 170
366 307
339 253
188 21
215 30
111 362
67 45
252 198
4 311
50 66
166 96
130 320
50 7
108 325
44 35
340 144
224 159
8 134
7 338
23 319
282 146
108 341
155 166
109 113
243 262
177 70
138 240
109 55
287 60
180 115
149 353
210 92
311 334
164 174
269 234
203 11
29 160
128 73
212 263
13 187
109 248
201 135
233 207
139 375
303 134
184 115
106 370
110 217
109 48
283 262
176 70
243 155
259 182
166 16
314 31
150 164
152 300
106 296
334 54
45 258
329 85
175 150
233 39
235 259
337 260
374 90
164 85
281 342
52 147
236 255
13 295
326 158
174 87
16 375
14 267
362 225
42 303
133 171
99 204
133 285
346 62
376 173
27 341
366 339
212 86
364 290
161 44
304 64
185 143
189 129
191 63
112 219
49 257
237 58
356 95
318 150
368 153
238 111
108 286
41 265
333 57
27 370
35 318
101 220
350 222
360 183
201 85
261 251
80 153
270 299
238 307
140 98
285 217
126 19
330 303
131 82
5 83
169 32
101 347
38 37
241 74
33 338
115 53
319 377
290 104
97 6
27 152
12 123
157 196
99 260
92 308
216 106
36 190
98 119
18 326
170 364
107 186
138 155
243 233
216 88
294 358
142 335
284 143
227 30
156 86
231 38
