380
12996
71 10
273 188
374 355
171 130
204 307
45 368
127 127
121 367
206 372
103 279
188 242
41 299
61 133
194 50
311 332
307 348
222 306
45 375
284 315
190 156
226 377
239 344
119 276
47 217
136 363
218 66
247 317
88 216
259 186
364 200
359 340
255 378
375 347
328 376
364 213
69 226
135 117
8 51
299 110
328 112
63 280
336 134
269 142
97 171
103 278
214 134
2 150
288 142
293 346
7 380
241 162
233 330
236 342
102 126
343 130
5 282
373 249
127 90
14 239
262 194
32 353
60 3
351 125
84 213
87 152
169 352
63 351
20 56
47 306
223 155
119 234
9 333
353 212
360 24
290 164
43 139
64 288
70 319
165 15
138 63
70 86
281 261
282 24
207 321
27 19
235 307
114 167
213 329
284 63
334 177
361 83
108 367
1 138
329 212
43 319
320 311
223 69
150 223
208 119
80 260
336 162
46 1
5 369
73 104
252 165
69 169
135 334
135 259
191 373
190 238
205 196
100 305
270 231
295 123
368 343
207 343
184 188
25 158
308 95
362 91
177 122
187 44
144 291
298 313
314 379
164 216
369 218
112 112
213 357
248 184
81 369
208 272
2 45
301 51
354 98
161 378
319 2
196 116
286 355
133 333
169 144
52 205
113 325
172 277
363 207
147 260
62 90
92 380
351 7
126 98
135 350
81 258
303 356
294 370
17 376
30 258
246 179
91 223
182 86
301 19
271 138
101 220
158 114
41 175
107 315
37 63
178 200
1 189
24 241
342 33
255 135
332 261
351 279
102 181
366 356
297 192
129 38
163 110
362 121
142 280
302 244
75 99
122 327
336 93
221 296
132 21
366 165
314 217
259 268
332 285
351 90
174 57
309 259
61 339
366 357
150 266
108 105
89 96
342 259
213 244
286 208
95 69
155 16
347 373
22 26
379 366
277 148
359 2
61 184
69 123
330 123
185 323
165 103
358 48
41 349
209 146
61 377
251 96
92 136
92 38
4 130
148 294
195 283
165 317
297 292
361 254
346 45
24 31
254 81
289 213
319 175
272 45
351 207
311 132
362 240
73 274
239 70
126 41
254 194
107 141
157 108
136 88
279 357
179 201
263 356
187 32
123 366
251 33
52 142
124 116
203 151
187 22
147 254
161 232
258 292
94 32
131 323
208 241
5 277
360 290
74 56
199 371
221 270
139 10
364 360
352 146
95 133
105 36
280 145
358 177
283 280
216 376
321 118
378 43
278 283
161 198
214 201
122 376
310 322
246 18
375 331
256 152
94 256
275 342
23 289
34 83
316 240
269 333
224 180
131 367
205 106
99 332
330 299
256 189
20 348
110 33
260 211
30 375
5 137
340 139
49 285
175 26
281 10
330 59
312 185
334 308
217 222
374 184
209 347
379 142
336 223
128 121
297 177
60 358
346 279
160 118
52 145
164 110
174 208
51 69
162 153
89 119
315 306
120 274
218 244
133 262
152 333
359 72
112 347
74 223
116 20
118 22
284 41
189 3
376 375
352 87
17 348
211 289
85 363
203 190
165 77
259 35
228 92
350 58
71 84
117 337
213 70
104 210
344 274
27 209
85 309
30 31
313 142
156 371
166 277
340 93
92 116
186 366
254 330
297 198
243 217
262 323
365 44
136 90
349 203
105 89
24 51
309 73
179 35
371 164
2 78
323 306
11 189
114 221
114 105
364 50
168 272
161 344
291 204
227 92
53 136
220 104
150 157
88 257
362 299
126 339
322 312
2 63
65 331
173 82
84 337
226 194
12 292
210 126
19 244
103 340
109 265
8 302
32 320
66 354
244 39
154 122
51 197
371 347
26 117
256 122
43 176
80 333
379 168
341 3
275 213
166 194
108 212
26 356
33 343
290 212
303 358
308 197
169 56
379 258
53 144
207 236
174 90
80 155
136 74
201 212
274 114
328 284
298 139
178 144
315 294
88 242
114 268
52 351
223 330
313 242
82 172
241 14
78 365
302 229
177 332
274 212
81 114
334 323
357 353
115 240
346 29
256 159
165 26
282 173
283 192
108 168
9 281
117 289
172 223
88 365
360 169
187 369
324 223
261 197
155 166
31 184
41 181
288 11
40 273
236 30
204 374
146 353
374 282
376 115
28 26
6 180
362 345
199 17
10 167
264 248
146 127
6 253
233 96
14 251
70 312
136 372
295 87
72 26
155 17
122 379
255 115
81 209
96 48
25 154
58 243
194 363
218 45
160 50
285 235
166 76
134 330
134 264
292 327
115 256
191 248
344 171
280 165
209 270
105 15
169 32
366 284
222 169
351 280
272 352
100 253
248 108
126 289
141 134
189 187
334 257
311 376
343 175
85 17
335 282
283 164
36 245
199 229
82 43
29 111
341 145
341 65
206 326
75 102
335 110
242 121
80 266
75 94
232 140
355 35
3 117
120 149
237 127
107 82
328 81
370 362
324 233
250 70
9 111
175 346
14 202
128 229
299 141
146 305
352 283
159 192
325 205
354 53
256 328
274 49
266 38
373 380
333 309
252 208
234 110
94 266
89 97
151 128
311 230
130 334
21 217
70 132
64 303
100 344
93 38
327 168
241 206
325 248
136 91
6 310
281 187
360 1
149 170
16 193
368 99
126 99
111 5
98 132
27 112
226 351
124 66
16 176
131 187
143 61
41 345
229 91
271 131
26 327
82 163
217 81
368 163
354 40
134 211
365 287
157 284
343 344
321 256
116 7
301 139
6 240
75 14
41 200
297 277
35 75
166 49
11 303
274 120
228 243
306 30
196 215
373 333
73 128
65 221
80 294
51 275
271 221
333 45
246 53
53 66
93 198
181 89
296 134
96 96
236 346
146 292
190 168
329 237
173 143
345 194
128 132
237 218
88 47
122 93
15 230
82 233
2 365
329 61
315 245
311 68
134 295
60 301
182 299
294 157
302 3
43 176
272 148
327 19
37 97
353 78
319 256
136 303
53 283
218 72
39 218
165 301
189 350
300 324
163 58
275 248
1 38
65 373
39 370
196 53
124 329
21 331
178 352
29 177
213 211
230 255
298 169
336 28
85 130
244 262
329 105
240 375
162 266
342 296
4 322
129 353
221 372
243 108
269 211
95 278
234 94
308 138
291 231
343 5
158 212
191 152
234 94
98 22
20 321
65 236
200 6
376 225
128 193
111 333
321 183
23 159
129 272
357 25
20 321
376 192
305 318
211 302
263 298
114 169
367 182
250 358
185 29
329 8
329 250
113 66
27 274
52 132
152 49
176 306
191 132
229 351
141 339
248 36
210 90
28 307
308 26
237 235
269 2
306 89
103 242
354 271
300 150
141 217
107 60
138 27
42 104
345 136
279 348
309 266
176 227
182 104
346 377
262 47
351 359
227 115
150 299
88 67
373 55
24 277
219 234
162 225
137 52
73 252
306 257
73 51
86 153
172 322
300 88
66 54
56 34
144 330
273 246
68 38
339 338
206 292
69 352
209 192
217 190
90 48
84 280
307 108
95 75
325 271
171 186
110 55
194 60
169 251
267 111
173 82
82 286
269 13
309 281
154 241
10 83
357 374
214 321
19 57
147 7
185 162
181 239
9 153
6 245
19 61
23 153
249 150
305 167
74 39
50 196
371 118
295 47
279 113
130 353
66 202
345 260
299 323
335 234
101 189
346 216
363 170
229 338
107 285
22 311
73 312
263 162
283 245
188 315
98 165
293 179
251 343
205 1
207 348
85 64
121 243
281 76
345 193
323 50
74 254
378 217
312 242
7 273
323 261
5 58
149 13
322 10
25 5
101 215
162 279
120 170
256 254
336 38
123 100
290 301
14 218
55 239
188 266
86 58
350 135
166 55
66 235
83 265
59 318
70 111
273 133
194 318
277 120
338 150
329 7
245 159
240 228
143 137
195 325
119 32
44 261
199 152
80 197
108 45
15 311
96 54
67 321
301 270
182 282
101 203
140 327
189 362
109 135
130 275
265 314
130 247
227 328
371 301
244 250
365 154
217 210
319 105
216 111
214 305
299 193
174 274
320 87
293 253
244 346
41 213
191 333
215 52
45 115
181 308
317 74
107 219
220 49
292 1
138 42
261 347
54 352
319 21
61 6
249 220
61 334
277 13
213 352
346 206
114 206
223 96
84 54
333 301
205 329
236 320
332 196
173 297
288 148
243 61
135 165
158 287
320 7
326 375
324 138
69 273
364 274
247 19
224 347
317 310
112 156
12 188
236 233
267 116
202 264
230 334
160 224
182 191
165 328
105 68
138 332
364 245
370 258
35 363
306 74
153 360
149 68
115 87
320 147
213 122
174 309
104 344
84 103
280 319
172 345
238 42
231 349
188 294
69 127
334 140
119 120
286 16
247 304
216 34
372 140
299 357
261 357
306 238
28 16
61 33
134 315
371 58
250 24
306 256
81 190
259 164
46 226
290 5
122 32
65 158
313 97
83 201
301 374
113 182
168 309
192 316
306 110
159 30
380 268
121 307
159 205
184 90
107 374
201 10
347 65
34 231
120 25
346 157
189 136
372 247
58 358
198 365
321 25
3 299
133 360
59 13
352 108
283 150
228 285
323 135
372 313
321 37
237 339
290 92
95 16
294 250
125 342
338 33
287 216
56 208
316 344
363 54
296 362
150 278
113 74
250 165
167 34
221 147
348 5
218 226
106 252
25 166
253 186
97 350
61 27
271 315
301 222
61 111
64 234
117 91
152 225
293 188
122 195
120 203
71 1
151 358
376 373
39 355
57 121
57 338
231 315
36 338
44 322
342 233
183 231
322 262
118 233
260 342
326 194
164 114
242 155
264 367
132 356
231 143
96 303
349 248
288 190
66 202
291 318
58 86
296 149
164 368
7 82
84 150
293 323
328 353
297 301
53 123
157 186
271 69
16 19
115 261
168 271
184 13
4 181
45 305
116 178
288 327
214 224
295 19
249 346
48 165
106 271
43 310
52 113
14 238
72 237
77 98
45 282
81 252
71 235
201 155
311 76
247 229
46 341
133 145
204 144
228 306
182 194
7 67
66 30
148 249
2 88
182 276
300 314
28 242
139 248
320 147
337 356
266 154
310 32
16 213
366 63
16 81
243 277
63 155
310 138
259 103
252 163
293 167
95 123
167 322
221 163
65 196
314 322
7 272
269 313
8 46
179 323
154 72
320 228
44 324
6 6
44 67
149 133
165 108
214 49
182 103
26 166
40 287
223 75
271 34
185 250
356 177
111 137
194 189
204 154
87 319
372 245
104 51
260 286
286 347
324 353
302 319
313 216
269 68
125 166
143 124
46 271
317 215
26 200
345 179
341 58
167 308
206 236
264 327
11 45
335 97
52 111
220 210
130 62
123 369
176 183
354 31
176 80
10 326
289 126
327 5
231 236
300 10
290 373
320 195
89 297
95 338
98 279
189 357
189 55
285 61
375 219
32 77
132 309
202 144
110 378
255 328
153 47
300 222
29 151
73 291
161 241
53 181
106 193
296 33
5 101
377 128
136 84
135 74
107 274
246 319
93 264
358 294
310 273
355 25
53 175
243 277
94 17
173 46
293 337
16 39
109 306
294 40
365 266
268 25
121 236
335 222
336 298
225 87
63 111
379 60
136 162
183 338
310 107
309 128
194 231
54 4
277 216
9 334
131 248
55 302
108 102
43 204
80 73
1 310
239 252
227 178
42 105
13 91
331 33
376 60
350 209
213 139
39 344
61 242
27 25
33 173
158 250
96 72
289 163
7 158
70 31
219 125
297 260
87 154
376 66
24 176
258 207
152 378
291 48
143 23
137 191
321 259
275 24
101 270
327 132
70 303
155 228
157 50
176 262
180 48
206 171
343 208
261 5
159 302
249 26
121 366
41 281
184 271
170 147
202 80
274 50
311 137
259 106
238 199
178 330
273 126
371 11
41 229
86 321
179 327
4 169
142 249
367 318
216 17
330 189
14 229
81 112
324 375
279 290
24 149
121 277
293 199
27 320
217 87
160 9
265 62
314 163
358 153
327 344
247 310
123 87
150 121
232 70
357 9
294 14
161 80
224 109
298 357
161 206
341 187
315 230
164 200
227 275
25 178
296 203
55 248
238 335
241 179
357 78
92 160
340 65
44 358
356 26
274 182
118 14
78 168
240 269
197 380
270 95
26 265
243 266
176 325
252 25
78 99
264 365
108 352
204 33
372 9
282 279
117 228
72 208
175 76
317 70
247 54
122 204
187 272
264 298
178 153
21 142
147 286
277 6
76 299
99 250
63 268
67 340
35 309
378 138
99 268
147 143
239 224
208 77
61 360
370 156
347 291
209 325
273 369
63 286
118 29
123 303
211 336
23 98
294 51
307 186
317 143
350 225
144 348
249 156
214 189
304 266
70 309
184 168
315 139
249 69
322 249
42 142
338 83
98 82
183 118
299 293
264 226
64 31
310 345
88 191
367 303
101 105
87 18
40 163
200 128
348 5
317 227
334 374
82 75
106 2
59 193
65 173
155 261
133 121
314 135
162 356
275 149
366 322
318 346
143 9
245 221
254 144
227 258
15 92
302 45
170 60
278 189
121 350
218 204
220 332
72 6
237 210
174 213
240 281
219 298
170 125
333 301
356 238
89 33
162 336
372 191
116 235
10 50
184 97
12 351
259 48
329 189
217 108
122 37
255 265
224 46
309 249
359 182
207 165
112 346
47 154
36 82
13 334
245 239
41 149
27 258
304 199
316 343
177 259
221 174
299 40
275 128
3 98
276 107
128 142
270 164
75 267
133 213
206 104
320 223
217 197
238 247
11 90
165 37
338 54
326 166
362 97
138 321
288 212
27 162
8 324
55 162
68 224
345 241
185 205
360 247
284 246
293 76
295 90
10 176
46 90
370 271
130 244
65 168
276 202
266 35
354 345
230 155
19 244
370 222
200 345
175 300
4 25
138 42
124 89
323 111
37 358
203 34
88 219
130 141
139 107
245 56
12 122
159 281
46 5
236 2
125 1
53 309
351 180
258 34
296 114
239 101
193 301
369 68
214 37
220 159
55 269
296 338
141 260
359 240
11 276
246 294
346 123
258 125
46 184
7 276
283 86
293 225
172 241
375 59
282 20
338 247
143 222
25 16
379 126
203 216
28 140
238 237
353 241
56 18
96 65
78 106
12 78
343 26
123 308
105 11
165 306
206 17
29 273
236 180
71 185
81 143
154 319
98 264
8 92
322 232
130 219
175 24
258 239
203 295
283 95
6 255
101 354
249 276
236 141
31 190
63 133
371 315
69 105
355 258
218 172
166 253
55 355
219 120
183 34
252 333
125 326
115 228
267 273
264 347
316 189
43 35
124 104
205 148
170 111
5 274
260 92
343 350
13 282
349 146
290 301
12 279
172 49
363 42
312 120
116 62
74 31
195 263
236 175
278 123
81 81
308 158
260 62
130 254
298 189
58 14
377 64
28 376
196 320
40 169
79 195
326 56
179 84
174 101
49 65
136 13
364 331
1 127
54 126
73 332
332 235
163 190
54 88
112 333
61 352
223 344
358 293
152 92
122 45
84 190
198 104
268 180
159 338
135 249
311 2
339 64
317 10
278 305
376 197
147 245
369 379
159 354
227 278
39 272
138 345
186 142
361 144
76 280
195 155
8 149
69 150
80 28
225 377
339 43
134 89
75 337
189 88
170 78
81 161
42 287
192 47
63 195
213 252
269 350
33 175
3 99
91 96
308 158
218 115
282 139
300 30
150 276
110 280
223 52
107 288
233 340
286 126
74 295
324 143
24 324
198 57
197 234
171 86
112 190
169 141
30 137
125 178
286 238
308 325
253 24
287 165
219 164
286 335
75 298
146 295
40 369
19 20
47 45
48 176
55 303
17 42
232 3
305 143
145 298
175 357
261 227
198 317
32 80
201 109
141 306
296 72
250 324
84 379
111 153
257 359
40 260
377 231
117 124
172 17
115 330
233 100
64 328
260 57
136 366
66 113
51 143
173 328
108 267
42 258
306 254
285 120
81 24
11 185
51 151
172 241
379 197
65 7
82 253
109 146
71 296
221 119
229 22
243 182
267 128
200 256
163 258
73 145
279 188
308 64
259 117
140 254
27 285
282 83
90 94
176 47
138 162
310 244
326 5
75 135
242 102
4 331
107 68
140 376
135 17
316 85
323 53
223 59
35 348
349 296
115 143
195 123
135 198
329 227
155 98
209 148
136 321
203 360
369 314
232 111
103 73
75 60
281 174
30 180
220 227
118 215
254 186
87 92
350 14
12 325
259 190
238 81
36 92
215 238
322 59
243 373
46 335
308 28
251 124
219 253
276 154
92 195
355 330
84 3
372 316
26 212
182 234
338 32
174 245
21 199
239 99
233 159
352 142
136 295
231 196
313 370
119 302
25 22
85 285
232 165
216 237
60 228
107 83
120 30
61 128
22 130
153 302
232 37
61 90
95 175
23 165
2 357
284 374
350 20
284 118
268 227
6 190
335 74
167 189
43 280
131 39
206 12
119 165
144 51
235 112
303 18
308 198
245 361
294 160
20 236
124 17
265 136
57 139
5 309
9 188
349 70
152 74
121 289
230 238
253 270
366 253
274 116
263 228
107 228
227 102
131 115
289 349
169 108
227 333
328 104
341 26
17 4
299 174
116 164
335 179
63 159
173 194
276 258
148 8
198 144
29 9
170 110
237 278
20 41
303 168
369 154
325 271
148 237
131 19
189 161
112 285
5 62
311 315
35 144
142 302
166 26
173 58
370 204
247 208
322 236
178 1
191 18
284 27
197 3
203 284
270 77
48 242
256 112
299 80
256 150
198 121
167 274
228 116
4 345
212 220
182 10
275 333
301 45
119 103
258 378
178 70
301 195
320 274
377 48
262 249
255 212
255 5
10 58
163 314
252 28
56 125
169 17
91 284
187 122
360 353
263 295
204 137
235 209
341 123
128 313
38 314
136 231
234 248
257 329
175 343
341 252
107 360
40 78
110 48
282 245
102 35
299 363
264 315
182 174
181 169
31 366
93 313
214 298
69 317
378 372
155 318
16 309
314 200
142 218
172 229
156 367
185 282
182 214
75 149
33 316
264 101
296 380
368 25
23 8
39 63
22 259
202 94
14 325
340 115
45 209
58 46
327 325
282 342
153 127
146 331
85 149
285 149
161 327
262 161
246 377
182 257
50 211
92 74
175 163
262 52
137 184
250 222
332 55
47 357
272 58
129 274
190 328
289 349
308 319
83 139
92 30
82 217
355 285
60 351
350 271
333 278
323 95
305 231
359 33
326 104
59 132
110 284
247 242
324 19
3 24
269 23
164 240
372 12
249 5
354 320
237 47
127 350
110 378
175 298
352 244
311 149
141 276
144 166
115 315
359 133
46 357
212 16
61 374
218 367
5 196
82 50
266 79
189 93
355 143
319 65
67 329
84 133
188 60
256 365
96 315
349 246
36 323
282 51
88 240
3 115
238 339
67 153
67 170
36 243
210 235
269 63
184 75
1 77
68 339
98 357
253 169
27 258
359 52
189 117
257 230
138 315
145 128
8 106
64 160
88 158
344 282
370 281
364 250
206 73
77 53
231 272
152 190
67 192
133 379
254 273
177 324
290 18
176 8
255 64
374 309
268 275
124 126
223 36
92 324
239 345
291 152
282 91
275 42
123 291
197 171
380 269
92 49
25 156
151 207
2 43
29 309
137 91
86 108
136 367
343 292
98 234
215 292
366 327
130 12
66 344
242 177
15 36
168 346
240 371
6 201
134 221
234 335
85 265
184 99
28 178
228 202
332 124
48 20
108 136
217 252
225 134
344 326
113 160
192 79
31 285
45 295
220 374
2 246
254 327
288 194
88 18
289 333
297 87
236 374
353 292
120 247
336 139
113 170
39 193
280 332
138 22
69 26
53 182
205 280
282 272
360 176
266 361
154 320
176 237
237 215
9 71
324 17
194 307
150 268
90 127
206 302
260 18
193 37
198 75
237 68
1 296
323 211
159 249
48 313
319 238
201 222
319 253
156 57
208 168
86 323
175 180
36 326
258 252
184 32
77 251
155 367
331 56
279 81
379 281
56 170
174 190
44 323
251 235
56 340
260 257
190 273
354 41
81 225
98 277
62 274
315 232
264 167
15 26
295 63
26 227
64 162
23 223
267 351
264 252
325 211
353 88
336 5
231 260
25 71
237 298
180 326
58 248
329 259
221 205
327 248
260 201
372 254
164 49
368 33
285 224
228 327
238 372
281 252
163 249
18 330
154 246
153 91
180 325
257 30
334 11
75 290
115 155
197 234
75 51
172 308
167 256
294 17
56 49
308 109
194 276
262 277
240 58
164 178
13 61
224 166
349 217
47 333
347 300
143 205
32 137
375 328
4 247
119 13
145 200
146 47
166 371
242 49
56 189
179 1
90 273
216 200
353 60
311 13
282 77
73 264
105 73
319 271
25 308
371 283
367 193
31 332
150 326
280 237
203 198
72 249
355 376
379 374
26 230
150 13
262 367
193 76
363 206
133 63
208 269
278 253
165 28
199 259
164 283
258 73
214 266
250 1
203 83
273 142
117 255
179 166
139 66
172 229
129 360
172 303
152 142
5 377
360 237
246 87
369 227
44 145
89 29
220 76
258 312
167 23
111 185
209 21
364 285
367 29
311 367
158 274
209 25
241 339
330 341
380 45
319 135
186 297
171 247
375 271
361 216
94 170
9 55
47 61
204 93
270 149
321 313
5 127
11 38
132 96
192 348
119 339
68 107
208 128
197 97
77 323
274 83
182 131
296 352
151 44
104 81
126 184
156 71
5 269
221 169
292 348
201 75
334 313
122 181
98 215
118 181
374 32
126 213
15 198
285 310
125 169
137 137
147 175
167 21
10 48
67 363
245 137
184 260
49 373
304 328
91 30
71 194
57 289
342 307
376 193
40 120
99 139
153 370
46 266
356 312
211 46
236 340
164 96
379 153
139 109
205 193
364 138
248 122
266 380
318 134
197 90
81 326
193 207
26 170
319 352
235 208
269 4
365 34
199 373
84 265
329 209
158 93
264 304
74 274
308 321
37 167
38 228
224 322
213 219
189 73
94 279
263 23
320 339
47 366
65 278
19 61
18 340
37 86
4 251
311 129
299 302
100 70
38 353
214 106
23 377
229 207
72 193
336 306
374 32
139 90
219 201
374 289
13 240
293 4
113 37
37 229
120 302
18 104
25 252
205 95
261 269
186 37
261 142
347 107
328 307
294 170
127 157
92 288
258 75
34 144
191 32
219 240
164 133
170 30
167 316
168 116
93 208
49 322
98 379
7 206
141 173
257 329
128 45
339 25
75 128
146 179
20 261
137 239
96 191
1 339
240 287
161 124
257 25
286 287
96 107
232 218
98 219
184 274
161 291
245 298
135 82
317 132
136 244
132 310
117 334
195 366
107 315
165 351
174 74
298 89
68 71
334 86
355 71
151 143
20 104
240 332
65 187
378 141
208 379
131 212
376 294
134 289
350 26
72 298
124 127
185 132
43 249
125 303
81 111
151 155
91 42
103 114
274 245
217 228
61 271
264 183
148 46
194 5
239 192
143 10
375 107
74 4
45 323
325 216
7 214
228 164
182 17
379 48
145 341
262 152
208 146
107 213
54 38
131 253
350 196
24 305
206 279
21 186
355 285
330 120
38 294
331 195
171 364
363 12
365 126
121 154
207 304
289 122
249 196
131 344
308 120
227 333
183 43
318 284
203 236
15 220
348 311
347 100
341 210
291 64
363 11
246 317
215 339
107 133
139 100
42 64
153 95
110 22
272 200
260 121
24 213
271 337
314 315
214 133
106 21
367 77
73 324
97 244
342 222
249 160
206 324
16 327
280 56
18 304
280 72
217 147
335 197
212 302
197 249
338 305
189 200
308 376
82 272
210 103
19 189
366 325
265 65
37 304
89 217
133 141
313 71
341 208
261 113
342 226
17 125
89 352
73 103
207 338
194 340
66 249
152 338
297 345
87 60
6 326
203 249
288 325
152 280
233 315
335 31
118 48
89 83
134 281
338 247
62 296
204 176
271 65
10 215
94 351
218 95
129 23
202 77
181 250
250 311
228 54
216 342
378 357
357 38
157 203
291 162
163 303
81 115
158 218
365 38
348 154
117 46
147 129
271 201
41 145
255 371
29 311
105 373
157 222
148 138
26 175
101 362
70 19
217 49
111 150
191 108
9 281
267 81
232 259
333 73
104 254
156 353
331 173
202 333
367 257
339 325
139 362
338 145
7 64
330 70
23 326
35 149
314 4
285 307
296 343
212 88
127 335
261 286
107 166
140 28
106 88
26 30
128 94
359 164
227 330
289 167
13 342
35 176
331 200
315 188
252 341
343 51
138 78
155 80
94 367
122 7
217 30
46 205
251 174
67 22
233 317
239 366
198 240
138 26
3 175
79 170
191 161
214 9
112 43
136 112
261 5
365 196
237 249
35 59
240 174
332 24
116 292
232 103
244 61
260 103
14 22
63 109
317 256
299 76
103 68
68 180
111 285
60 264
123 38
53 336
300 319
129 327
370 287
380 178
136 358
227 64
371 253
55 67
372 195
7 305
275 208
116 379
218 35
8 56
27 287
364 121
263 26
102 125
355 7
169 260
320 161
85 106
257 169
80 41
145 63
100 174
115 179
250 154
82 193
340 132
160 6
305 83
208 187
199 112
119 85
93 208
218 134
58 221
200 14
225 144
377 11
243 24
267 106
121 47
217 19
188 63
255 34
366 60
26 348
115 358
28 261
298 134
106 187
376 122
228 120
125 233
307 134
43 329
41 37
322 17
366 54
165 108
162 33
119 46
111 369
172 160
58 375
313 24
335 81
310 323
252 181
317 122
24 356
292 54
23 365
74 289
140 359
225 272
380 12
333 334
250 190
189 51
375 201
186 311
69 232
153 145
274 308
36 215
304 132
305 163
354 280
15 331
23 40
129 373
171 85
332 80
225 259
303 371
353 1
63 196
20 81
292 325
123 1
170 380
90 183
211 172
41 56
223 345
300 364
195 184
128 235
315 133
268 297
186 273
230 99
36 215
197 64
162 45
170 289
218 43
369 360
279 254
339 182
291 24
160 353
262 136
1 173
348 367
293 224
331 201
299 330
172 147
199 170
180 86
53 372
337 310
270 41
99 190
157 69
44 177
113 148
185 131
32 144
157 255
60 380
281 83
332 183
336 126
230 6
360 281
278 83
380 324
229 66
205 275
153 340
350 311
338 313
130 173
281 292
371 134
152 8
198 83
212 170
176 127
154 248
83 77
285 4
187 71
161 201
367 237
142 312
99 332
135 173
282 169
226 347
43 205
178 265
71 141
64 30
203 51
343 206
178 238
298 79
355 65
292 306
253 239
65 279
69 104
168 244
216 284
207 158
14 190
242 155
120 232
372 273
49 208
292 253
185 223
45 197
310 311
305 122
108 269
85 107
86 123
54 306
138 146
301 325
122 43
119 270
222 353
2 106
352 59
355 370
372 106
281 160
102 112
241 22
2 67
105 331
161 254
335 19
333 88
69 362
117 235
238 137
95 274
196 143
300 193
159 59
157 373
130 262
122 54
345 184
185 276
272 339
85 27
183 273
207 165
331 173
186 46
302 282
23 87
108 142
144 199
46 262
154 328
205 128
112 173
368 342
92 274
47 83
194 90
358 247
142 342
292 127
199 179
45 87
121 17
286 300
28 62
61 365
136 134
68 181
90 305
261 211
378 366
299 380
159 98
93 41
17 92
163 377
16 361
223 35
369 3
217 347
48 234
249 220
287 339
10 161
377 378
95 177
257 31
209 298
176 285
290 350
339 6
119 338
296 190
273 225
277 90
359 322
300 358
76 18
79 68
27 289
69 275
380 298
227 284
234 312
99 247
365 279
212 263
59 41
229 254
98 288
294 249
295 100
60 160
242 128
264 61
42 157
208 18
284 83
199 69
364 61
27 281
236 358
97 255
252 307
62 87
238 213
71 170
73 215
141 44
28 177
147 204
308 225
347 247
91 264
32 141
83 43
15 63
273 109
283 42
86 159
272 7
234 257
163 152
374 158
13 123
302 185
137 346
367 249
139 18
101 338
353 221
179 177
88 178
46 220
229 330
119 40
314 200
337 70
335 377
103 308
311 302
142 59
26 23
318 270
287 262
51 37
176 266
88 54
256 167
297 302
354 93
251 15
100 264
45 282
147 22
299 183
77 137
67 151
29 320
143 39
4 36
324 47
169 241
109 317
264 282
111 150
28 275
207 128
67 226
185 241
32 299
316 150
228 26
295 255
326 262
77 56
96 288
41 239
291 201
81 220
221 181
196 367
354 112
346 194
110 283
75 305
251 33
332 91
277 198
158 71
185 89
105 248
326 93
51 151
185 96
101 312
22 17
327 89
160 36
13 117
264 288
334 3
372 72
374 74
251 322
50 363
161 81
134 50
120 28
135 285
201 130
299 29
67 58
19 98
37 223
151 349
58 284
92 338
347 139
376 311
25 225
326 195
235 330
189 7
271 361
102 337
184 68
367 360
89 228
13 299
94 129
152 308
204 158
96 316
81 128
220 376
346 160
166 26
55 74
186 211
316 343
89 229
53 136
361 6
356 348
12 233
302 299
188 374
309 86
373 225
144 221
109 242
153 32
133 42
117 13
311 117
311 159
44 176
67 217
218 110
371 73
115 3
160 110
115 27
75 216
24 33
281 156
221 377
349 67
9 283
233 210
221 234
260 113
301 87
254 54
183 168
215 24
334 119
75 105
123 271
300 59
361 296
13 255
146 153
158 321
23 212
295 184
317 317
72 359
209 121
25 114
123 253
242 317
325 309
374 166
309 256
373 326
161 42
221 255
295 204
169 148
81 223
178 36
318 277
240 10
127 136
129 347
314 97
291 108
53 164
215 18
111 186
334 174
84 123
56 370
201 148
101 72
146 10
357 356
15 281
190 94
238 233
380 342
188 139
334 257
234 334
267 219
305 202
31 186
286 292
140 329
310 338
34 130
256 177
14 356
317 373
275 28
31 54
280 84
176 147
286 103
243 348
340 212
43 75
12 94
103 239
183 250
74 380
323 230
13 218
79 190
60 152
229 61
232 171
26 265
113 351
171 8
168 212
227 71
311 131
267 319
19 222
21 85
185 2
145 343
85 267
188 155
184 98
225 132
85 90
320 14
336 75
285 52
39 316
161 251
261 115
103 37
114 274
293 218
294 123
246 226
233 186
24 66
315 141
147 218
31 137
172 375
301 298
175 77
291 208
29 92
363 185
234 40
42 251
134 66
219 257
242 136
212 344
111 309
93 351
369 60
312 101
315 332
133 340
72 167
234 39
308 64
243 145
30 294
98 17
290 321
119 288
32 247
268 23
299 323
186 142
353 274
284 7
66 203
288 302
95 314
16 154
351 55
292 225
33 282
154 231
285 274
155 310
372 368
152 153
201 328
52 254
194 329
174 53
59 313
179 63
45 207
149 309
249 29
260 268
349 129
145 380
151 139
96 330
61 188
269 8
108 176
26 371
62 230
347 174
102 4
304 314
325 322
331 16
326 262
367 248
344 61
48 149
284 30
311 14
330 18
366 18
17 333
356 141
371 22
375 376
254 57
335 171
357 146
58 343
328 151
316 69
269 225
7 328
37 312
2 243
294 37
320 346
2 151
121 157
12 204
3 168
162 83
376 148
314 137
150 303
225 93
241 14
91 324
253 20
71 84
58 143
358 85
146 235
380 46
60 44
235 217
373 348
242 66
5 276
130 149
85 30
28 345
284 322
367 144
164 206
96 254
246 267
146 114
9 151
245 375
121 19
222 134
20 36
61 143
175 162
217 148
259 134
267 297
301 186
150 73
181 22
71 198
255 331
61 380
325 349
315 123
120 219
211 346
85 206
358 13
158 360
84 132
176 306
6 248
53 235
153 2
77 369
65 335
299 210
132 241
186 32
199 267
317 330
316 318
44 29
98 75
312 362
125 122
133 343
320 34
143 224
109 52
102 361
299 366
376 240
281 22
16 203
90 305
26 149
318 250
44 219
40 322
9 290
326 73
281 220
309 269
107 272
364 311
164 330
250 301
189 265
346 13
143 327
294 128
180 144
266 163
92 12
333 119
65 286
251 379
140 51
246 276
160 295
309 108
95 229
285 191
11 145
61 181
25 29
369 263
111 16
346 269
221 248
59 278
380 197
164 159
56 355
247 20
358 273
333 36
11 320
64 231
40 4
113 22
92 95
24 212
235 234
312 378
11 165
360 377
328 343
12 23
208 354
351 250
105 89
281 377
193 189
265 114
289 129
231 340
226 100
80 160
190 306
240 114
217 10
87 266
294 11
215 82
233 186
267 267
116 357
171 315
186 63
144 146
107 168
328 237
278 293
69 80
100 10
39 355
76 19
285 270
103 334
269 264
269 153
101 89
89 251
80 376
40 297
269 7
221 327
305 17
298 220
225 349
343 82
374 280
107 39
236 71
276 295
260 228
374 60
152 377
39 215
40 315
127 262
118 313
348 246
215 284
259 168
24 340
328 12
95 272
240 99
254 336
191 251
186 211
82 137
241 62
300 307
229 343
167 4
49 131
97 218
308 294
229 287
66 345
328 92
171 332
47 354
370 297
114 331
39 110
125 264
376 311
80 327
153 281
158 35
163 349
114 70
306 115
68 141
354 355
349 105
276 158
357 201
219 296
115 257
19 133
75 272
110 377
4 29
319 356
276 298
98 187
373 376
300 87
318 30
379 333
107 260
354 340
97 62
166 184
292 65
135 29
138 255
321 132
311 33
10 320
191 183
360 88
105 48
340 78
26 240
296 287
251 239
133 119
56 54
35 359
263 377
208 12
263 105
48 363
122 303
93 285
178 121
130 372
90 337
181 255
374 320
102 304
105 286
113 300
33 362
356 24
309 321
308 380
329 157
359 156
235 52
375 112
363 313
373 223
245 98
93 201
165 290
46 112
377 328
19 111
223 35
202 292
189 140
166 321
328 171
77 189
343 214
47 89
247 169
315 348
64 48
68 10
52 305
252 50
231 63
180 89
62 262
129 65
351 126
198 110
341 77
57 41
89 209
178 50
92 80
169 297
182 43
267 337
181 134
247 44
17 232
258 119
334 96
96 184
19 310
370 254
259 285
191 206
246 136
336 218
354 309
302 312
40 61
85 311
2 364
65 130
333 31
180 147
34 90
356 315
235 37
146 335
248 299
349 283
181 275
246 171
285 249
353 173
357 54
42 336
357 327
367 79
115 66
171 9
22 245
66 78
165 230
222 308
92 69
169 38
204 37
313 323
207 78
312 261
183 276
195 263
19 35
306 235
225 22
83 316
206 120
340 134
308 175
11 308
8 213
368 342
64 280
124 128
325 97
257 295
205 378
182 179
262 69
247 316
84 336
137 96
47 65
361 2
71 327
289 332
277 145
45 45
102 319
105 368
48 267
359 34
151 233
124 210
26 78
142 216
215 310
140 97
363 115
304 20
9 235
294 54
97 67
74 110
13 185
118 268
162 3
54 365
357 88
17 134
240 58
331 41
268 367
190 45
29 367
292 78
101 292
286 211
294 264
168 169
62 139
108 82
43 12
41 367
327 49
189 162
257 141
47 287
319 103
319 327
229 135
32 227
150 242
275 70
223 97
60 319
51 155
82 190
279 71
379 203
51 276
156 39
315 29
260 48
279 288
139 100
339 251
116 180
122 314
319 234
368 233
58 248
202 153
185 332
287 21
188 130
186 5
234 129
327 229
321 53
51 45
42 367
102 345
347 154
207 47
260 286
289 97
187 371
132 317
127 210
169 335
8 167
334 58
253 290
346 21
58 214
43 255
37 318
221 138
57 155
120 118
290 13
267 111
275 308
231 379
109 351
230 268
254 289
352 196
81 71
357 11
69 172
244 91
140 139
269 125
37 81
258 218
219 23
102 299
184 312
369 124
260 110
78 57
161 349
80 92
195 220
311 285
369 119
166 357
145 183
290 244
131 375
86 312
341 51
8 377
181 118
165 25
87 334
327 206
235 358
213 172
61 358
170 172
48 228
44 5
326 162
326 125
59 248
119 271
105 108
282 219
33 134
305 345
105 199
21 110
380 65
200 279
50 136
233 163
159 117
84 116
307 324
49 167
366 41
131 126
256 55
28 325
216 91
70 241
19 283
259 257
292 72
132 177
71 145
7 91
176 169
6 373
295 140
64 306
323 317
37 276
222 215
91 57
62 198
201 251
65 168
206 74
25 211
235 106
375 93
35 51
61 338
218 98
278 85
184 156
359 63
159 237
378 225
170 202
336 127
264 333
309 269
18 90
76 116
203 213
11 329
77 360
5 280
195 176
74 318
332 324
134 28
59 262
339 17
367 204
136 168
86 114
224 343
303 44
115 58
99 280
72 147
294 299
349 267
13 375
63 350
113 348
375 130
379 334
210 227
67 251
114 310
369 163
183 234
206 259
87 3
371 183
202 45
222 374
338 134
122 152
291 366
360 166
356 116
173 158
226 227
300 8
373 254
100 113
77 205
21 236
310 200
13 141
297 275
114 69
290 63
366 243
195 305
284 167
145 241
267 104
62 341
50 19
60 134
305 314
10 269
160 18
77 254
237 132
347 138
75 321
35 76
349 329
38 355
347 109
230 110
134 258
116 54
61 172
131 260
188 240
273 278
34 189
303 314
292 64
108 132
221 92
35 244
1 92
269 304
269 146
252 177
266 57
343 60
357 236
343 107
170 226
247 170
379 283
40 152
21 186
33 143
49 281
59 275
254 251
245 213
375 297
61 359
157 233
56 91
356 95
95 363
32 164
203 43
126 341
95 334
374 379
247 157
200 53
201 183
132 21
171 113
265 174
326 318
327 25
143 18
154 371
155 186
224 215
125 187
266 221
275 248
210 264
226 313
292 3
302 11
125 26
316 206
344 210
279 175
256 67
377 334
348 235
149 278
154 180
195 101
35 279
10 82
2 233
128 360
302 260
126 6
379 286
184 312
163 185
131 2
173 190
297 69
136 112
312 47
366 87
337 177
352 294
322 91
207 154
64 257
217 43
289 235
205 352
262 130
202 241
229 358
313 171
71 312
38 374
122 37
326 124
342 191
159 312
274 380
244 239
273 335
42 144
217 263
81 114
192 334
328 129
44 93
247 48
300 74
312 218
260 27
328 28
372 7
334 367
159 324
58 222
351 354
2 229
176 193
78 240
374 306
77 267
166 311
90 36
254 81
183 124
148 283
59 347
318 87
315 220
311 119
169 285
141 248
276 356
143 103
272 149
11 186
365 302
243 344
198 224
372 28
56 109
227 379
161 48
36 136
247 228
70 357
250 321
246 278
22 229
230 127
147 65
99 48
205 330
380 372
357 363
221 321
337 278
112 128
258 89
191 243
212 79
372 2
159 53
48 116
284 350
220 295
128 209
169 376
377 216
178 352
31 152
218 339
108 63
369 98
304 47
188 63
71 68
380 108
160 248
136 44
254 368
313 140
232 224
67 47
185 29
375 284
202 140
64 340
352 88
4 362
296 231
41 74
355 113
278 253
301 92
228 151
93 299
240 175
327 20
145 145
216 364
190 292
83 310
147 227
280 333
212 16
322 371
338 153
375 103
3 357
159 238
193 14
190 277
364 173
294 164
312 279
310 83
259 320
25 149
264 43
299 348
338 133
375 20
234 304
348 182
375 174
278 252
290 6
34 146
357 46
7 313
144 94
258 224
257 244
229 326
342 250
346 265
160 272
147 157
240 81
88 131
34 293
268 158
142 39
297 107
253 178
309 363
40 130
28 132
291 207
69 110
31 312
155 137
177 13
359 279
83 262
131 8
182 91
248 248
290 306
139 162
180 297
181 98
270 121
223 289
169 158
265 66
34 372
312 147
343 160
145 71
325 90
103 57
189 254
243 29
213 6
317 200
231 279
261 356
116 101
155 278
322 246
318 260
256 323
252 374
296 148
166 310
47 219
273 50
34 77
323 243
91 207
1 36
90 198
111 179
336 269
160 332
98 316
277 56
270 38
64 219
129 17
331 59
313 30
34 131
117 99
232 7
145 102
101 65
10 25
198 284
334 213
330 331
122 305
79 12
166 253
59 340
129 205
338 140
244 289
309 245
205 12
84 286
76 360
33 204
318 53
178 234
379 350
149 286
102 347
306 158
14 233
316 271
63 233
163 226
206 136
287 13
328 71
152 45
299 134
120 101
257 263
377 63
234 12
109 289
153 302
230 85
345 316
108 117
363 12
350 170
68 11
207 114
89 17
272 331
146 90
141 61
297 130
251 52
287 232
61 111
162 333
297 246
153 57
156 112
192 228
217 362
137 278
88 62
46 49
47 189
279 78
360 280
260 156
154 72
83 74
169 95
304 226
291 79
39 246
141 187
274 324
47 298
40 256
79 330
117 360
138 222
11 266
133 76
265 50
254 157
144 142
144 17
50 354
198 199
127 55
137 98
339 67
160 7
26 338
298 169
27 33
244 257
147 131
59 254
45 358
44 94
366 335
379 24
346 306
380 118
172 371
96 216
272 209
255 21
183 88
136 287
40 325
196 215
331 350
322 282
253 93
241 73
1 82
100 346
255 294
280 70
94 373
21 73
331 284
112 328
11 118
200 331
30 55
198 48
79 199
200 137
139 143
267 358
82 239
179 189
163 6
301 24
253 377
194 166
135 264
334 47
120 184
47 77
75 347
292 186
36 132
269 111
142 216
158 223
85 96
255 90
293 250
16 3
376 199
270 223
62 3
312 42
178 263
77 267
24 111
59 12
185 36
320 380
15 105
378 19
324 13
250 117
180 127
302 184
202 182
246 242
143 137
26 185
95 249
97 289
238 322
363 113
167 29
243 59
41 30
210 239
331 331
367 293
296 326
175 265
371 225
221 339
259 301
256 258
187 312
68 121
76 222
260 32
47 313
33 372
279 354
130 211
137 122
166 169
51 56
323 24
91 31
49 179
64 15
143 281
55 28
90 89
123 180
364 312
115 108
316 11
255 105
266 66
210 219
335 23
42 192
45 79
268 277
327 216
278 102
281 61
162 273
346 326
352 347
331 310
296 165
212 85
32 206
186 109
232 323
9 1
314 238
85 78
359 46
144 7
228 236
337 374
213 300
230 217
189 327
338 296
99 28
279 258
190 316
63 178
53 243
35 99
75 239
237 363
56 375
90 190
93 325
333 211
133 167
95 192
88 254
254 163
40 158
365 9
238 25
261 193
346 344
356 252
367 218
83 278
144 156
333 158
14 352
248 181
80 179
283 101
364 66
343 107
127 300
124 85
339 157
263 351
36 132
195 43
36 159
151 7
79 126
41 261
335 240
76 270
45 62
165 140
118 169
77 348
110 169
367 294
99 25
214 361
145 347
269 132
264 253
319 119
24 263
129 199
137 44
274 237
110 126
222 148
22 261
356 286
243 322
349 303
269 323
3 138
183 241
157 308
35 51
145 248
222 261
24 324
319 91
365 161
227 168
138 163
70 309
124 373
23 218
368 323
260 95
45 85
306 289
80 297
242 361
188 45
363 264
371 103
43 253
211 328
33 47
156 147
154 377
199 30
75 242
51 94
344 295
69 285
142 192
265 317
34 289
134 229
370 271
203 354
80 368
228 305
229 310
271 184
63 254
51 205
45 325
248 106
77 253
336 15
341 197
179 290
215 31
190 236
33 329
369 335
360 373
153 57
364 169
183 36
355 61
85 214
161 337
357 61
25 314
272 352
371 249
50 130
305 81
137 275
326 201
40 144
240 29
5 130
241 221
54 56
362 260
186 153
355 264
198 117
204 296
132 211
272 248
60 123
122 290
3 280
185 83
9 378
27 225
220 255
54 275
247 145
102 239
183 327
330 360
107 342
186 343
72 6
10 90
95 321
323 17
47 161
246 297
365 217
275 149
186 197
332 19
103 141
379 332
333 155
290 380
29 328
80 303
355 256
337 359
246 189
14 112
317 56
87 183
256 57
303 32
9 95
191 145
32 108
380 94
191 185
285 28
22 75
109 22
377 338
313 177
223 41
197 86
298 245
302 232
24 130
77 38
277 314
102 308
98 179
310 152
114 57
332 33
374 41
113 271
100 350
290 103
26 299
306 226
349 136
283 68
152 132
150 299
41 37
245 344
2 87
110 56
151 377
13 1
107 288
79 306
258 254
329 184
188 270
178 199
291 190
271 260
224 86
337 28
328 164
104 268
199 273
370 166
34 246
147 41
242 70
117 46
339 137
45 67
370 297
73 36
324 90
47 347
311 73
160 114
368 315
378 129
225 117
365 290
42 363
25 126
230 226
263 267
26 40
97 77
26 12
257 170
227 321
92 120
213 68
23 248
250 337
317 26
23 228
178 45
15 103
165 282
158 63
14 301
209 172
161 25
67 332
210 41
232 378
48 49
353 42
160 250
247 286
254 48
144 53
9 302
299 368
24 154
131 96
226 274
160 13
184 126
257 49
114 222
187 237
334 268
348 2
224 118
267 244
319 26
371 326
244 180
62 261
337 333
241 79
255 20
194 88
362 310
266 125
9 103
366 250
356 31
86 101
248 127
369 66
219 345
221 203
39 139
121 98
344 209
302 85
44 211
236 141
219 1
324 217
116 60
43 164
194 138
310 167
31 166
114 54
308 275
15 133
228 317
123 225
164 27
290 249
276 272
256 31
192 348
340 19
271 368
202 41
296 262
83 133
311 355
66 22
223 76
191 216
30 62
330 377
235 182
172 290
14 73
309 244
330 346
16 280
225 332
74 6
351 112
298 132
198 63
362 62
188 191
367 29
126 47
287 51
311 187
41 377
344 201
257 206
8 122
142 296
253 67
170 380
202 302
355 190
177 251
244 198
24 28
328 288
265 108
22 278
376 53
365 235
318 248
294 326
249 41
320 39
88 227
292 61
169 273
135 174
327 350
306 49
345 309
16 378
9 308
109 44
173 252
169 185
104 188
377 323
132 276
265 191
57 283
133 45
9 38
305 57
90 172
138 28
336 80
236 78
374 56
336 299
291 150
186 112
304 146
372 380
117 209
320 153
88 372
117 35
111 286
133 173
255 2
139 288
23 87
319 330
251 127
27 176
20 294
192 222
197 95
256 356
58 276
339 48
312 263
308 100
105 16
29 123
256 290
234 341
369 133
213 28
52 365
371 194
129 336
81 286
348 344
175 244
315 43
23 27
171 161
97 95
300 315
272 317
79 310
153 255
155 249
225 111
220 172
39 148
262 304
122 169
335 105
132 99
312 210
330 211
331 156
129 73
190 351
32 373
61 37
291 173
93 321
350 303
151 50
146 96
44 379
220 160
345 376
53 253
101 259
4 339
41 284
223 125
110 162
190 173
103 251
42 177
307 129
138 123
141 252
279 234
159 368
122 131
1 173
111 99
35 184
3 105
198 55
29 245
127 6
152 106
52 168
193 224
150 8
254 41
284 366
69 136
301 313
240 181
328 363
119 247
185 151
101 48
273 213
83 19
172 121
317 125
221 35
13 212
88 293
150 272
132 360
126 276
133 19
348 96
247 197
204 58
118 322
249 244
229 221
212 182
270 300
349 273
266 370
56 163
374 340
208 25
310 55
336 20
109 178
139 100
116 169
233 68
171 187
143 34
94 46
147 303
375 354
174 258
253 250
220 100
324 194
210 12
205 240
109 50
357 42
179 114
300 363
211 34
199 253
292 331
256 286
330 160
30 131
310 246
359 185
166 168
125 7
78 42
365 345
20 189
369 100
132 249
21 154
208 106
373 306
5 272
133 74
167 268
120 67
131 288
152 120
287 284
143 209
41 172
13 214
153 219
332 114
258 239
93 4
237 16
77 54
266 273
219 372
13 267
314 63
267 91
350 313
71 80
106 316
78 101
268 42
134 137
217 108
224 60
279 168
313 337
16 369
377 1
65 343
302 161
276 149
46 222
55 182
246 246
151 78
92 350
141 288
109 146
289 273
270 264
246 63
174 61
73 222
141 19
90 293
158 309
272 23
31 248
343 34
8 280
380 80
11 204
5 236
95 36
91 112
324 330
367 57
289 15
277 308
379 234
191 374
378 267
303 81
137 183
277 371
123 232
283 313
307 33
62 34
342 8
26 66
163 128
12 17
136 10
234 210
187 101
112 217
120 26
227 163
163 101
357 179
88 364
281 219
311 281
76 174
264 131
192 179
167 236
261 64
47 283
378 142
276 193
300 79
64 121
286 263
17 299
194 138
169 322
45 77
300 124
360 242
226 305
213 285
78 224
261 310
269 37
379 55
142 218
205 238
178 355
238 275
229 132
116 67
321 315
16 179
168 84
308 54
357 150
1 40
155 179
11 248
270 367
169 189
89 272
197 45
378 124
363 369
262 80
334 363
358 53
139 259
90 159
311 81
222 29
302 346
73 41
46 11
62 221
193 251
135 37
336 27
103 265
205 8
53 74
229 148
366 356
25 73
23 197
1 89
172 319
296 157
96 192
319 97
38 210
195 156
194 88
117 67
66 51
284 238
120 157
286 152
116 282
11 285
163 323
340 347
103 321
45 114
274 29
39 44
163 214
337 228
69 364
276 271
113 332
158 300
374 104
49 117
244 39
11 322
168 36
377 147
206 305
250 184
102 155
149 373
65 168
310 131
378 199
167 364
263 10
34 40
298 380
259 188
263 71
147 237
196 336
365 109
176 345
14 281
355 359
268 311
182 141
370 48
309 60
14 34
306 133
23 294
92 157
267 223
199 327
218 360
83 202
179 164
97 24
202 35
48 181
184 132
337 175
148 2
330 223
127 141
325 111
138 76
347 194
96 219
25 128
196 165
224 305
278 178
137 283
360 322
333 264
176 287
104 368
281 31
89 140
175 26
297 191
380 167
133 1
44 13
4 321
225 68
370 237
96 186
159 155
32 166
366 247
376 262
330 88
319 217
366 115
147 242
143 236
300 103
191 142
150 227
364 99
274 313
302 57
314 200
234 209
70 132
19 210
262 201
39 21
247 129
310 237
285 53
72 80
142 303
285 292
305 29
51 191
96 313
148 218
179 276
337 321
259 83
234 376
260 39
121 279
146 356
150 67
154 65
348 36
376 128
221 85
34 66
47 52
342 271
375 301
152 227
34 220
178 377
21 4
236 135
69 100
303 307
205 267
172 219
36 368
366 380
74 83
290 221
348 57
136 181
4 130
181 278
373 303
31 146
238 190
267 228
324 181
104 14
316 236
361 130
13 226
136 124
53 189
337 303
53 349
175 208
303 196
3 111
301 264
190 268
116 89
237 237
376 351
232 221
346 368
259 140
314 268
271 358
344 212
295 154
337 67
34 1
116 321
120 311
277 144
208 94
294 33
92 81
119 348
17 379
255 185
158 122
191 142
172 298
359 356
180 144
291 18
196 26
229 73
120 326
249 322
177 365
82 46
66 210
357 128
265 186
153 29
23 107
13 43
151 57
67 23
265 155
236 77
365 266
166 22
340 176
263 242
270 294
220 85
161 215
350 130
333 195
98 98
360 289
170 26
30 78
34 330
34 93
119 136
203 163
100 317
232 169
347 9
289 171
10 17
63 154
142 6
156 236
320 258
315 316
42 102
222 299
233 249
11 237
92 322
372 39
270 113
36 318
283 328
371 41
84 137
209 102
196 380
143 146
111 205
91 284
125 68
128 371
250 106
376 352
33 197
348 76
307 229
40 312
300 40
158 226
314 164
343 31
195 336
17 304
209 86
7 212
26 323
343 150
142 285
107 159
18 172
172 210
62 34
99 253
163 54
366 146
30 350
55 98
337 158
200 279
18 132
212 15
217 356
22 356
264 328
238 11
116 304
227 146
174 5
273 131
204 121
105 174
372 252
86 1
187 346
318 11
330 207
320 338
110 262
176 167
19 137
252 169
229 75
322 246
274 84
198 222
312 194
352 35
322 108
341 359
317 299
290 1
206 251
10 7
234 340
291 19
258 336
10 209
205 178
197 137
219 192
82 214
220 100
371 286
268 331
274 317
127 285
374 233
351 375
285 190
112 80
228 97
24 202
351 370
152 4
93 281
361 61
66 147
332 68
181 14
194 363
222 142
66 294
21 32
307 103
235 80
230 132
206 239
361 125
241 200
192 142
180 27
177 209
157 208
150 146
22 96
138 217
359 209
374 6
72 285
242 341
253 264
157 270
223 184
18 179
247 83
183 317
272 354
356 299
61 232
181 157
78 234
202 300
257 161
298 344
340 166
123 275
336 326
137 32
85 61
153 357
209 336
21 154
88 188
231 291
40 134
8 233
299 8
203 183
361 71
219 47
334 240
4 265
57 64
184 45
293 376
217 175
154 300
121 7
348 33
89 368
25 89
236 34
129 8
122 157
376 371
89 212
353 205
148 275
363 85
178 292
132 29
222 319
215 229
12 253
175 216
213 293
7 87
6 176
51 188
40 316
124 49
314 346
250 247
208 296
207 14
207 254
43 226
223 146
169 242
253 279
58 58
335 329
54 195
257 139
357 4
124 287
22 222
377 199
135 85
244 377
148 108
313 307
354 62
283 313
184 107
295 315
111 339
241 279
218 211
242 66
140 103
47 160
258 340
133 317
116 39
180 358
85 321
197 371
195 269
54 244
159 345
367 76
38 294
211 356
15 211
170 90
1 107
181 155
149 88
329 276
307 238
31 36
198 275
148 119
231 53
240 379
171 42
331 156
71 184
120 265
90 231
374 197
70 145
126 327
57 8
47 309
59 278
142 212
379 51
336 149
204 334
238 298
327 160
199 182
159 374
32 192
252 122
158 165
192 132
233 158
87 100
236 178
211 141
340 300
315 125
121 69
39 375
268 321
319 322
373 46
109 180
284 138
308 15
11 364
232 32
23 205
184 311
343 263
213 57
246 194
264 51
178 60
360 156
131 46
61 267
221 24
325 208
159 38
76 18
130 74
277 126
37 23
250 103
293 47
24 341
75 42
337 352
360 137
81 335
116 352
121 320
259 63
72 85
329 279
325 39
357 187
302 311
58 76
3 131
285 47
358 54
229 352
301 326
201 301
172 65
242 70
372 26
297 15
74 347
118 191
309 290
269 162
8 342
87 33
207 139
339 12
70 170
369 256
155 293
160 219
210 271
170 266
9 363
151 326
357 38
220 98
72 10
299 346
126 3
133 279
281 149
71 91
252 9
185 52
353 88
269 53
126 87
272 215
87 283
35 222
78 57
264 304
156 222
125 228
15 115
344 71
377 15
99 349
182 255
348 201
110 345
322 85
199 284
91 120
4 105
293 110
55 352
379 357
246 288
59 43
340 163
259 152
87 160
43 290
30 120
319 175
121 314
54 23
184 203
293 82
194 366
2 364
293 344
115 287
330 233
130 185
139 124
173 240
146 259
69 227
293 58
232 281
271 3
94 344
298 159
118 243
226 71
202 278
261 358
176 180
161 320
144 55
372 98
225 366
85 47
42 106
309 298
27 80
206 167
375 313
183 122
348 161
276 379
187 264
338 176
193 331
248 366
378 100
196 48
129 275
311 299
151 380
114 343
122 291
64 144
232 171
102 228
269 324
94 51
121 233
79 227
131 23
297 122
282 274
295 75
269 237
148 116
96 201
380 80
250 181
43 293
34 224
106 262
113 183
57 291
163 95
183 110
111 147
234 199
5 277
202 143
297 145
83 354
331 67
146 47
18 163
377 271
104 228
365 67
312 75
373 5
105 215
20 80
38 247
309 104
166 329
43 373
191 192
35 380
337 61
130 227
127 35
22 78
309 51
226 234
49 341
97 362
241 359
203 246
39 113
3 178
102 335
204 187
265 345
100 283
152 57
317 119
63 196
309 228
285 76
371 352
299 141
88 295
129 320
56 77
60 258
45 219
57 262
366 315
326 343
300 244
115 277
171 260
320 30
191 111
167 236
295 232
186 258
324 325
249 276
377 250
65 176
37 149
30 59
41 316
367 244
9 367
318 194
287 331
58 9
75 131
156 277
342 362
85 270
282 175
49 38
310 33
348 167
361 241
185 334
170 95
275 372
315 255
178 214
358 122
345 131
87 257
107 259
75 118
345 286
370 219
120 282
42 350
149 50
42 268
229 147
355 106
197 289
372 318
86 263
334 229
319 343
10 100
241 30
215 189
95 7
176 172
16 217
155 266
94 315
355 164
27 106
30 357
57 66
255 278
131 313
148 308
231 57
361 31
207 207
358 137
222 4
296 83
30 45
337 50
58 173
349 287
192 244
313 86
341 336
66 200
252 182
39 189
153 361
258 343
48 63
300 272
199 115
90 329
76 293
113 264
284 67
52 4
313 161
50 142
138 269
178 302
358 108
188 130
350 86
194 194
74 282
203 235
60 324
77 321
155 327
221 319
88 41
91 77
159 66
23 127
8 138
66 75
348 234
197 370
9 23
343 249
10 338
258 292
112 183
27 267
343 115
324 75
213 92
157 154
379 172
169 80
273 60
248 228
353 38
312 353
183 181
184 138
201 197
239 286
160 308
273 82
184 296
358 51
321 250
49 56
22 65
41 122
359 326
139 299
252 117
101 239
360 69
60 134
314 96
325 35
99 28
206 183
288 262
92 369
214 144
196 65
45 21
127 294
299 288
84 48
248 225
33 312
243 140
144 299
106 36
324 141
95 280
146 339
8 362
345 177
75 112
37 175
15 191
308 153
82 336
224 156
322 235
65 273
30 324
301 80
119 244
244 51
50 135
54 59
136 125
209 290
372 146
64 192
347 343
282 208
166 366
249 371
378 267
223 344
269 102
327 36
262 159
89 349
222 23
206 4
343 111
12 353
70 304
215 288
346 117
13 69
181 199
71 268
367 305
71 345
217 3
292 155
184 373
134 305
126 337
216 86
322 298
149 33
335 347
143 202
317 330
296 338
215 134
200 174
41 344
39 299
155 252
198 350
144 167
250 303
34 166
353 189
309 351
163 168
332 370
80 346
57 361
105 273
159 189
127 131
32 319
35 196
82 164
7 370
119 172
87 152
217 324
355 183
292 198
15 379
219 368
373 140
90 60
318 110
325 177
207 271
170 124
144 48
238 35
379 313
178 276
373 183
112 12
238 372
367 363
352 314
80 320
286 86
162 286
308 336
189 184
228 6
335 248
149 111
305 205
326 147
325 138
329 91
215 375
326 81
17 56
29 311
247 83
5 152
241 327
318 114
165 215
9 360
203 163
70 37
264 172
337 66
327 232
18 33
118 132
206 270
89 159
244 340
186 198
253 373
232 44
76 34
254 275
203 336
308 239
190 146
29 134
357 28
357 267
275 287
171 57
325 173
302 214
225 347
285 78
347 206
13 169
332 36
9 345
22 329
298 222
127 350
126 356
263 284
201 15
86 299
96 254
120 264
254 234
222 327
364 2
34 244
249 30
155 366
100 206
270 376
1 175
164 8
142 213
122 184
185 126
213 135
318 274
71 276
321 69
40 160
269 79
136 148
116 174
106 54
117 340
168 24
344 203
123 266
49 250
342 124
213 63
16 218
278 88
312 315
361 69
317 31
21 342
82 195
371 98
301 314
277 303
25 364
269 65
214 19
258 380
261 308
252 25
244 266
250 186
267 220
173 352
322 301
307 283
319 131
26 360
144 279
112 211
295 187
360 323
45 67
279 223
330 283
326 155
325 379
342 380
348 55
325 76
52 205
184 241
124 115
339 245
229 38
332 298
143 78
338 29
139 206
50 352
215 185
166 311
204 20
43 185
176 8
302 227
191 263
42 344
376 91
283 356
344 49
355 76
167 56
267 239
181 129
304 120
284 13
177 252
333 222
35 204
29 129
70 94
112 23
328 136
166 171
286 298
252 340
20 105
373 278
368 260
82 299
300 90
95 225
361 116
247 370
295 122
145 115
9 353
186 98
104 126
130 170
257 238
25 273
251 371
107 58
161 240
154 353
177 60
341 373
17 188
121 278
50 120
375 38
200 182
271 197
321 347
277 347
106 199
286 90
35 230
15 334
268 136
377 129
218 210
297 60
364 328
213 283
246 81
128 293
318 93
343 34
158 88
209 299
159 182
56 160
134 102
227 280
216 25
371 290
281 19
28 52
55 30
99 5
267 243
330 262
294 237
43 68
339 61
39 67
239 117
111 37
341 272
133 153
104 135
311 40
146 318
341 203
121 303
65 227
137 291
278 340
36 109
69 142
307 91
219 356
91 59
332 53
147 180
174 247
12 16
227 301
100 291
23 379
218 19
128 311
125 316
379 69
309 60
51 320
103 373
160 238
355 327
301 92
306 319
282 314
266 138
219 41
110 354
28 343
342 95
337 335
185 287
50 143
31 13
103 364
22 24
189 338
321 346
153 150
115 157
194 292
172 27
168 194
292 137
152 345
91 230
281 371
336 342
118 79
105 231
119 100
137 239
143 100
95 312
87 173
348 348
316 167
24 361
157 317
111 56
321 266
269 48
197 75
208 171
357 177
310 270
63 30
332 312
252 111
104 327
268 204
203 236
208 124
241 78
36 266
247 54
23 284
180 317
307 371
242 165
138 35
21 109
334 216
375 129
99 124
215 147
46 11
244 337
188 158
277 267
156 338
312 191
329 139
232 72
24 32
4 166
236 63
149 292
256 346
75 321
147 169
71 377
341 176
73 350
2 166
197 174
192 326
266 62
52 144
69 103
133 57
35 195
374 39
35 336
178 344
325 339
349 369
24 96
160 355
30 109
152 63
380 215
291 174
324 119
228 217
49 18
247 75
193 24
274 25
228 167
364 261
91 226
380 107
237 6
289 306
116 339
264 140
309 335
73 99
155 260
276 220
279 212
202 232
99 38
100 183
362 69
172 245
68 263
165 330
348 198
252 345
239 365
60 89
72 198
156 356
75 223
215 197
264 240
30 242
300 28
128 338
317 9
37 372
257 354
57 21
338 319
236 273
303 317
319 147
341 183
154 163
259 365
64 252
247 237
259 55
357 288
44 305
92 21
75 49
178 189
270 231
365 114
119 273
46 248
220 180
5 132
233 71
15 134
186 275
79 253
77 77
139 244
362 120
224 126
154 55
229 149
136 131
304 50
306 224
231 88
209 70
100 156
324 139
74 283
138 92
199 1
3 316
351 104
294 186
39 165
259 76
10 254
123 167
169 183
183 63
302 247
238 285
7 241
120 174
295 365
111 10
64 106
263 22
279 123
276 52
51 208
240 185
32 40
282 353
131 41
348 146
23 143
373 161
70 80
334 288
214 248
94 35
275 117
289 23
204 350
362 286
376 201
320 252
192 92
353 207
84 266
225 213
310 251
239 301
201 343
378 149
111 363
275 17
128 236
343 290
320 287
229 191
124 322
100 157
238 376
5 287
143 99
9 265
365 79
292 379
316 74
227 131
331 330
296 106
153 280
25 197
132 49
351 199
133 248
60 203
130 317
40 201
229 120
112 67
161 254
5 254
14 337
129 160
184 215
191 159
224 264
156 178
210 161
279 297
273 289
153 89
100 145
281 117
351 49
33 238
323 68
83 163
247 351
181 121
296 343
360 251
190 380
160 190
306 281
277 150
103 214
267 259
121 90
29 379
332 162
59 198
88 162
300 316
328 86
347 39
373 338
75 224
377 343
124 48
353 17
253 5
24 132
246 149
123 193
116 41
184 146
4 312
319 316
291 297
139 359
18 184
303 352
110 234
210 318
321 341
108 178
151 106
354 243
188 158
263 275
277 342
239 41
287 231
280 113
184 63
67 313
300 91
8 195
277 70
126 87
63 147
368 151
291 87
15 372
278 143
157 238
235 100
73 51
354 94
112 160
372 366
54 149
255 185
163 228
321 377
318 235
47 86
252 246
159 147
24 272
39 231
226 246
258 258
283 265
48 266
275 257
364 292
65 340
320 266
200 135
35 125
9 156
4 55
206 183
112 225
379 142
206 277
371 341
235 355
371 253
230 196
131 230
363 7
159 5
62 320
210 163
353 342
316 259
197 123
288 289
44 150
19 342
377 324
109 315
24 133
376 25
242 163
180 331
270 195
141 53
223 93
65 298
187 181
362 250
171 295
134 210
49 277
305 162
253 278
50 102
149 119
103 318
251 33
343 129
191 107
161 221
76 16
212 149
215 124
82 83
95 110
42 15
343 206
340 68
217 190
69 319
30 253
315 146
108 188
380 14
339 239
154 30
216 223
22 23
10 117
121 29
194 2
233 306
327 98
156 204
343 49
5 304
134 137
202 54
228 27
137 125
222 172
115 192
86 306
254 145
135 344
369 126
153 28
105 278
49 114
21 140
218 14
76 285
102 36
2 48
280 256
118 70
148 108
304 67
142 378
375 349
157 2
150 262
158 255
125 119
212 353
288 101
63 45
39 255
237 74
206 189
128 367
320 375
51 15
344 344
71 209
25 74
62 15
216 46
227 174
153 298
4 296
224 344
347 154
216 265
198 71
244 200
62 33
150 141
344 103
215 303
262 131
94 38
249 173
159 278
261 252
206 261
15 145
104 273
151 325
219 43
249 1
82 217
273 13
315 229
263 285
243 33
13 221
246 57
241 187
104 367
185 273
69 49
75 378
124 177
288 292
106 71
146 361
250 23
268 108
244 321
9 349
14 371
320 10
194 55
145 379
130 140
216 111
46 217
365 189
377 149
59 290
24 229
147 357
372 296
245 113
135 77
149 274
234 1
319 337
55 314
113 258
90 168
162 298
245 250
302 269
156 316
201 228
269 126
50 2
354 340
230 76
56 144
340 249
135 101
59 123
246 282
141 54
284 250
152 208
120 264
174 241
219 21
333 352
263 148
166 188
184 60
211 12
160 356
307 257
369 182
289 25
374 300
169 332
11 94
309 81
51 82
42 149
202 202
260 362
335 158
220 154
171 81
37 18
15 122
351 340
375 339
35 376
231 309
28 217
179 36
37 163
161 302
7 247
105 285
183 379
84 337
186 69
266 213
309 235
344 263
113 211
373 352
50 151
91 314
73 275
3 221
341 171
223 88
162 296
264 216
374 313
11 70
171 16
28 264
217 337
26 221
85 376
263 56
180 220
349 192
52 38
273 294
331 328
152 128
137 118
365 266
313 317
20 116
264 49
104 214
67 166
136 175
41 90
290 204
14 132
9 264
255 303
379 205
94 103
264 1
145 160
156 320
257 129
5 206
379 188
161 99
173 211
69 11
129 97
172 338
229 113
48 53
186 189
313 317
59 366
352 208
207 7
3 32
287 188
113 65
124 59
242 177
59 336
7 141
190 104
285 307
202 52
196 74
190 25
377 13
358 106
85 122
71 316
304 230
68 168
365 116
97 242
260 65
180 142
251 282
141 264
2 285
92 150
224 349
277 47
22 67
243 207
322 326
265 277
278 111
170 272
270 334
196 72
98 129
366 182
1 189
172 221
14 279
376 71
306 332
205 256
182 117
249 71
116 252
375 189
203 272
375 201
151 103
297 274
173 243
200 164
23 27
12 166
214 237
178 4
237 231
196 203
212 257
357 378
225 74
86 231
118 229
123 93
188 164
289 219
280 258
52 145
260 257
245 359
20 298
158 162
305 270
11 292
128 11
141 378
2 55
350 306
85 378
324 205
21 76
332 3
369 292
30 54
238 285
255 252
46 80
364 187
101 140
377 353
55 101
370 56
339 180
97 355
84 201
187 269
203 359
369 51
79 9
319 226
153 63
231 356
106 318
222 166
77 123
49 86
38 255
53 295
43 287
312 343
124 367
356 295
350 145
199 62
183 317
116 4
116 353
120 19
357 214
98 363
84 225
148 115
213 75
372 71
276 249
15 326
375 57
380 339
227 199
358 255
24 313
83 243
38 340
57 130
345 87
295 325
308 316
64 365
165 18
210 253
100 158
144 155
190 27
126 212
105 84
310 355
97 167
353 18
157 146
282 16
287 64
325 329
143 91
267 203
85 195
78 37
162 296
207 343
349 322
126 25
128 141
277 178
366 121
248 130
330 308
230 117
59 155
292 189
95 41
329 44
330 332
68 173
69 335
144 325
139 72
362 364
234 90
61 95
118 98
237 58
325 231
25 119
370 357
61 163
9 142
354 365
159 304
65 19
268 228
286 188
247 164
360 235
58 354
260 166
259 235
261 85
112 271
11 174
8 314
35 116
339 289
270 154
218 247
38 159
90 310
82 52
204 293
308 278
14 376
244 307
160 28
34 259
144 111
115 276
47 102
105 107
56 143
168 326
93 178
16 47
88 150
91 375
60 151
230 218
123 27
300 133
58 122
273 259
214 310
162 9
152 89
65 251
95 182
118 74
366 168
247 238
362 253
166 5
120 2
368 332
133 225
86 144
307 76
270 289
191 311
164 236
59 295
186 44
108 13
229 114
336 285
65 241
116 49
67 212
245 178
223 122
84 12
189 308
333 101
224 127
128 90
284 294
88 299
357 208
2 150
8 71
81 259
271 261
227 186
140 284
210 36
110 135
16 280
318 166
261 94
350 11
173 25
336 214
144 201
347 122
65 67
347 206
358 151
322 127
256 263
183 368
180 1
30 365
187 38
345 132
163 346
88 78
158 8
152 95
280 227
186 346
332 344
105 308
245 29
171 1
262 61
304 274
322 335
55 74
107 307
375 5
337 274
23 220
254 43
205 303
116 38
95 190
15 62
300 8
355 289
360 304
295 378
222 86
230 374
359 100
182 38
67 73
100 263
12 10
325 59
47 15
17 24
303 97
309 338
276 166
143 138
196 26
163 177
202 357
99 174
210 247
291 263
281 144
167 162
222 312
259 137
6 210
351 342
356 372
60 94
168 85
132 175
123 105
356 377
286 183
19 176
208 273
58 14
84 362
41 192
116 151
134 375
300 188
313 181
361 218
292 244
89 325
353 251
60 125
301 177
306 90
357 171
255 19
319 53
95 270
72 254
154 108
57 288
123 2
56 248
327 364
166 33
358 292
243 105
297 79
4 321
373 365
171 334
71 306
237 371
349 247
356 127
358 247
228 97
187 324
11 139
359 175
122 355
270 334
154 290
345 166
63 117
152 321
296 360
173 96
265 236
140 137
322 325
349 97
24 35
32 84
48 162
233 361
77 274
132 256
320 283
33 242
241 309
56 91
304 332
105 256
202 349
89 11
98 120
174 126
271 94
250 203
313 145
251 295
22 62
282 11
276 349
311 136
378 134
18 312
181 207
244 225
225 236
147 250
343 96
184 354
344 154
345 190
236 280
109 175
87 239
84 190
29 82
157 78
323 367
231 305
209 33
6 59
16 139
288 372
216 81
134 122
42 42
248 236
202 366
47 270
115 63
130 168
75 327
104 308
317 94
278 79
236 135
191 243
79 350
263 31
152 177
5 200
268 195
254 190
267 158
103 201
205 81
55 321
148 366
355 332
15 378
141 339
239 330
175 191
147 59
86 117
162 80
273 67
280 72
182 188
140 118
67 237
228 28
164 131
248 32
187 278
322 232
114 236
69 71
296 6
366 333
309 357
166 161
212 344
244 24
347 330
30 15
48 164
183 144
137 60
301 88
342 112
29 270
361 352
109 176
328 15
350 24
21 366
238 310
146 315
211 208
325 181
69 332
322 170
349 34
213 146
116 101
168 58
55 173
136 136
315 294
32 168
163 344
220 11
104 202
77 15
343 379
95 79
90 54
361 44
3 122
150 330
46 56
164 300
69 46
262 54
52 40
224 195
4 162
133 34
225 358
140 368
357 244
221 307
204 123
276 235
178 282
303 252
215 152
271 190
235 4
167 310
357 172
125 220
45 325
350 157
14 41
96 8
186 290
274 170
198 107
373 140
62 240
279 235
119 360
95 175
28 42
101 298
178 326
331 272
189 287
253 239
148 297
74 245
279 194
197 179
208 75
289 147
75 147
362 170
16 59
277 105
282 47
351 272
226 330
358 249
267 26
55 258
167 160
318 260
190 227
190 115
101 32
105 154
31 159
351 232
111 71
155 243
71 13
313 28
120 367
337 85
281 170
197 320
343 16
37 108
54 343
196 303
140 49
4 273
15 363
296 123
20 283
353 360
84 53
84 157
152 154
4 365
199 363
58 154
15 353
6 281
9 132
224 136
306 280
74 81
367 79
311 5
208 40
255 347
202 149
146 95
274 355
377 335
356 197
61 9
82 87
99 177
145 75
326 134
153 353
274 177
328 215
22 65
143 190
346 38
87 59
267 174
349 137
344 134
303 15
91 35
86 81
93 315
289 362
359 372
208 68
140 265
42 246
80 227
199 243
249 231
219 17
36 53
202 303
340 65
278 191
215 253
353 323
135 321
249 378
353 99
271 206
181 172
297 283
241 187
95 75
85 230
342 225
145 126
118 221
162 143
376 297
346 55
67 147
86 139
20 86
197 151
325 58
213 87
142 158
3 377
142 324
349 235
359 109
28 83
360 358
235 241
132 238
130 107
240 77
10 73
361 140
46 111
63 97
204 100
47 108
320 309
52 198
324 145
23 26
193 346
235 87
20 260
360 201
118 96
333 160
306 67
89 140
220 7
179 326
193 224
55 287
303 37
212 53
91 312
218 268
54 76
339 72
52 56
93 143
10 288
22 288
250 299
229 233
35 80
41 36
239 106
349 224
124 176
61 64
157 235
289 243
311 115
313 369
150 101
162 377
145 118
34 37
222 117
116 299
284 154
284 364
331 277
187 213
61 73
147 121
232 320
312 210
321 130
15 118
321 61
72 330
7 135
295 284
84 226
233 370
254 213
162 259
190 193
233 278
316 341
43 338
10 136
6 180
6 118
249 18
227 203
168 99
283 184
309 356
307 135
153 351
249 218
108 312
142 25
184 255
226 155
209 67
104 145
264 216
191 201
233 137
223 139
305 225
64 300
231 313
164 166
249 53
257 88
129 180
120 34
317 178
333 50
336 87
97 199
312 313
4 377
125 249
20 175
338 161
104 166
78 45
86 210
316 336
333 164
338 150
68 304
54 157
262 349
224 114
166 3
79 117
102 251
276 160
146 276
250 258
306 282
75 373
31 62
216 17
59 296
265 53
303 257
75 62
348 243
209 135
87 342
25 164
51 171
323 269
229 79
75 195
322 339
187 113
369 158
121 304
115 265
37 360
332 27
238 349
288 320
192 14
217 308
304 70
346 181
92 124
243 187
19 140
37 371
120 60
4 16
19 345
135 339
126 335
70 156
12 144
258 95
29 165
326 283
354 203
377 147
11 75
16 59
246 52
365 27
64 106
174 174
79 303
150 337
129 142
91 67
366 33
129 337
87 163
168 152
326 167
106 52
348 135
358 374
208 105
146 104
99 48
105 157
284 126
8 348
336 370
11 338
251 305
240 123
18 236
325 260
375 72
166 117
259 229
53 76
154 125
246 185
33 183
335 108
237 160
191 263
270 297
308 272
84 40
25 230
207 372
141 216
369 290
60 375
108 11
373 46
207 260
323 149
264 178
10 157
18 56
271 104
237 224
227 136
76 141
340 249
100 40
113 20
350 259
358 144
177 182
69 107
229 42
238 327
35 345
101 164
379 108
198 193
224 72
284 34
362 154
234 115
69 85
123 71
378 271
14 266
135 313
59 208
243 223
358 148
257 322
313 217
163 242
280 219
126 373
344 168
276 30
303 155
160 138
241 34
42 45
146 255
208 132
233 196
275 366
139 203
143 149
248 365
276 286
44 98
234 13
83 44
242 179
41 50
223 149
44 200
17 109
306 337
195 38
21 251
121 280
354 209
207 48
82 170
357 280
15 131
320 20
221 162
25 245
275 132
125 286
174 204
353 94
292 329
204 274
11 103
354 163
229 353
196 219
257 113
235 179
63 161
161 10
375 212
30 196
377 134
90 261
128 79
168 331
152 156
345 325
16 377
87 315
185 57
161 61
34 30
240 295
296 301
195 366
278 366
368 248
317 42
203 226
258 282
200 93
211 136
80 42
19 109
169 27
22 16
216 56
171 175
94 258
4 267
305 243
273 83
321 331
214 274
318 117
70 250
320 253
360 321
280 262
273 28
233 75
177 171
308 213
19 151
311 145
228 340
238 311
245 31
301 283
197 149
304 42
87 135
161 144
198 310
217 229
144 160
180 202
214 271
170 288
223 134
37 83
332 242
162 180
141 95
345 202
87 93
236 349
332 244
220 82
169 154
44 341
186 265
179 143
327 259
297 239
29 53
356 97
229 207
224 157
297 338
95 289
361 259
187 344
114 348
374 264
38 37
100 199
362 105
273 143
308 5
177 50
89 187
311 87
240 225
38 185
224 13
365 110
375 93
62 41
310 111
290 256
235 195
42 328
343 321
45 168
47 308
131 337
378 10
136 88
180 138
314 98
182 186
362 145
74 94
350 195
265 197
193 63
338 334
141 179
95 100
281 296
322 9
182 170
195 344
64 25
92 370
175 39
344 140
57 169
269 285
348 125
168 155
363 344
145 312
159 373
27 33
180 70
17 47
344 207
286 90
119 337
297 46
288 265
362 350
193 16
287 95
98 345
349 366
344 3
314 92
51 302
354 55
46 38
334 148
160 177
245 218
321 346
309 220
30 150
292 343
145 169
367 269
373 272
136 263
118 80
63 88
265 220
123 232
299 68
378 171
131 318
103 89
296 297
283 310
236 198
255 145
331 76
92 311
69 343
54 2
307 129
326 167
98 128
239 227
339 30
206 174
224 335
169 270
297 110
374 146
198 81
368 32
362 90
265 334
366 297
158 304
318 102
240 240
358 42
255 171
82 333
34 127
314 269
84 197
204 264
89 119
329 106
343 101
305 241
231 171
216 238
206 7
330 204
2 229
325 319
318 183
196 201
9 139
206 273
162 328
219 91
118 149
244 223
289 39
212 262
156 7
150 152
125 67
271 83
190 338
213 119
119 95
80 225
127 338
354 65
357 47
120 289
123 145
54 124
171 56
348 104
233 97
127 178
37 166
202 46
309 113
182 210
159 44
228 304
200 171
75 233
187 172
134 79
190 133
79 145
190 64
292 228
263 194
37 80
259 32
323 7
49 157
14 307
42 209
311 211
59 300
251 319
43 170
164 266
114 181
267 197
280 152
261 137
291 203
11 190
108 262
155 263
45 176
42 376
308 218
292 249
6 279
353 288
218 157
194 139
102 378
201 106
197 311
354 72
303 181
93 359
201 105
90 35
131 177
313 64
270 278
127 227
307 126
29 116
243 44
344 13
141 277
306 65
165 220
361 267
191 173
255 314
321 149
216 309
164 223
314 95
363 173
363 369
124 139
237 275
42 133
8 213
226 186
193 235
110 320
231 273
363 1
332 150
220 159
158 118
146 299
82 70
364 173
112 72
128 122
151 240
138 257
53 233
289 167
274 257
290 37
219 86
2 254
182 171
146 51
325 285
237 256
327 221
30 241
56 34
266 96
212 131
288 317
325 331
17 78
136 2
373 13
124 147
123 299
187 325
167 248
123 240
312 49
340 196
311 274
242 377
281 307
31 242
77 276
101 307
101 16
346 268
345 94
152 77
89 171
345 124
23 157
335 341
160 86
306 172
215 190
215 59
337 288
268 62
357 129
113 55
28 364
188 64
3 339
243 365
278 295
20 133
356 177
140 13
61 262
13 374
89 68
328 7
291 151
89 230
101 363
101 279
164 322
366 221
214 204
263 37
246 206
258 332
99 244
302 79
127 43
23 266
380 333
7 281
143 205
227 285
207 210
304 242
304 58
18 319
138 205
141 62
185 108
157 187
107 70
332 364
185 119
60 153
242 320
342 241
332 179
187 22
54 87
102 319
321 48
367 256
53 161
238 360
271 99
18 356
369 132
185 125
60 3
50 15
156 329
18 264
373 133
327 217
123 55
88 71
328 219
336 345
341 268
284 149
303 343
286 127
48 6
365 153
66 371
152 36
214 126
349 192
298 132
172 183
23 130
199 348
133 56
115 10
74 346
64 371
369 236
268 339
259 245
86 170
340 169
144 317
111 349
315 279
28 254
143 238
52 188
146 285
345 284
341 292
240 379
235 326
304 44
175 80
229 251
296 222
356 139
12 40
115 38
335 35
156 59
36 359
232 348
309 229
164 61
228 223
300 277
357 191
118 226
292 126
317 127
75 151
63 129
341 45
201 125
131 340
12 163
209 154
22 229
297 149
265 249
250 351
11 355
358 324
311 288
45 351
211 268
263 18
196 47
199 231
228 5
307 26
109 284
307 194
46 196
314 64
284 12
345 104
291 203
266 178
314 278
111 250
87 116
303 97
300 257
335 25
359 300
13 221
82 16
377 300
162 227
288 235
326 140
181 144
123 331
377 364
192 222
317 29
38 124
293 61
324 242
283 341
279 176
110 84
227 331
241 291
62 194
369 54
183 260
16 200
362 317
255 31
258 295
305 329
209 249
63 99
215 35
229 10
122 80
211 358
278 333
334 294
127 246
206 197
294 1
29 371
371 225
326 215
104 315
146 355
48 240
95 167
61 311
108 66
317 288
161 286
37 374
306 266
96 100
220 279
32 79
136 314
246 136
128 375
239 188
366 242
347 315
82 124
52 69
125 223
315 28
273 11
7 138
287 325
235 142
67 3
276 154
67 336
49 281
264 351
42 236
326 169
38 242
173 201
219 316
146 125
356 104
55 288
241 112
61 33
196 348
74 52
379 195
33 90
4 191
325 100
3 256
6 282
83 100
130 188
285 23
20 242
309 101
105 160
153 2
14 18
14 335
172 180
252 134
320 307
319 149
69 16
77 9
165 220
231 324
161 310
17 18
252 206
247 70
174 355
124 91
164 316
325 55
54 14
216 377
266 320
245 315
47 368
180 56
289 222
259 111
303 201
221 25
214 75
220 284
89 53
245 186
6 49
55 152
105 356
117 129
7 273
142 82
196 281
217 169
202 103
294 123
306 373
22 1
202 153
24 29
312 203
207 146
64 278
271 141
272 303
27 319
88 26
126 51
376 306
196 120
294 277
10 77
131 97
212 291
280 211
363 5
219 209
4 75
331 375
246 367
351 176
80 252
81 266
219 268
184 328
31 80
317 313
129 226
380 205
6 286
11 43
104 24
118 349
1 336
291 259
317 261
95 301
78 380
14 312
36 188
214 41
327 202
322 343
231 314
326 311
125 2
111 119
73 65
179 333
107 166
298 307
55 163
81 50
292 42
120 160
351 100
152 57
126 37
328 161
123 209
328 121
337 132
208 204
4 26
59 105
18 244
311 364
37 354
321 196
16 28
40 339
103 88
106 61
341 122
74 35
285 331
357 208
287 105
84 81
12 354
238 125
32 238
22 369
49 226
27 21
233 223
338 328
336 41
314 32
34 157
65 205
46 268
57 327
96 35
313 33
154 120
309 317
246 376
275 133
19 334
56 201
17 296
42 40
107 217
341 61
370 133
179 11
342 182
339 368
365 218
378 288
323 88
111 191
132 165
184 38
41 51
304 208
67 166
165 251
34 159
133 350
115 177
375 34
324 304
286 118
222 12
366 350
180 225
84 317
152 280
222 80
16 101
40 146
333 226
36 203
104 369
353 309
183 254
309 220
251 146
234 137
311 62
153 278
62 267
338 177
345 179
286 135
250 96
341 264
126 251
26 276
159 155
139 156
13 224
16 339
4 111
178 202
235 246
81 108
46 104
84 153
373 244
43 203
184 380
299 292
311 47
330 175
169 354
61 48
151 85
189 147
221 322
375 277
352 164
6 108
159 104
182 268
147 315
74 206
286 313
51 236
211 4
28 65
21 125
87 193
192 342
361 353
241 343
169 66
85 70
52 56
337 97
227 271
256 317
28 258
337 211
347 53
129 276
375 53
285 165
140 271
250 317
107 50
265 263
250 205
163 194
160 200
252 225
165 364
314 319
65 281
344 210
366 175
272 136
11 18
268 193
202 135
154 363
235 159
79 105
358 360
27 281
212 142
140 178
132 72
286 56
367 116
15 238
275 187
332 159
337 36
98 366
374 175
129 217
135 224
318 23
281 184
67 92
144 359
156 214
98 213
254 77
117 226
285 368
299 97
64 314
298 105
312 301
22 247
61 287
274 336
45 305
55 77
228 196
198 306
14 319
350 330
285 172
6 127
48 134
13 294
295 376
203 375
65 358
144 11
73 359
369 188
204 371
184 368
216 248
16 40
316 92
162 173
11 264
38 30
31 204
266 252
305 251
193 373
287 150
30 264
67 172
136 198
121 47
164 295
314 250
229 103
26 368
362 61
345 251
70 359
40 11
17 13
372 253
126 248
86 82
82 192
48 286
102 350
34 22
376 170
78 374
253 9
311 180
52 200
367 289
250 292
73 180
318 340
346 224
224 25
124 199
262 318
359 356
42 369
6 80
5 255
160 215
349 254
43 227
227 344
79 150
379 291
351 41
246 210
263 266
304 117
60 168
282 207
338 260
373 225
62 298
149 311
261 164
214 267
38 152
301 190
186 170
352 91
113 184
252 113
88 46
33 159
274 313
299 177
142 199
305 301
6 304
159 253
103 102
107 270
338 267
38 234
58 248
223 266
343 328
225 58
343 70
365 6
130 153
32 155
234 251
216 229
205 206
154 171
250 235
96 239
245 211
366 84
209 102
87 113
223 144
74 363
373 247
191 25
281 338
303 377
262 21
255 308
129 25
107 10
229 129
319 39
297 282
85 151
256 64
275 184
216 358
166 294
107 120
138 131
97 321
99 82
104 274
320 205
176 96
377 95
357 97
99 4
148 328
321 54
329 111
115 58
222 313
277 296
279 224
340 300
359 145
212 305
315 213
194 96
239 101
369 128
26 232
296 63
348 274
114 320
166 347
232 282
170 118
204 138
73 320
3 145
346 88
46 53
100 219
165 79
118 241
227 286
307 67
247 205
374 363
118 2
126 119
298 12
40 241
206 109
318 118
179 168
252 286
39 327
161 177
97 97
87 41
74 370
226 274
182 150
363 338
352 138
343 160
110 230
335 181
322 311
184 5
214 12
58 117
23 285
329 269
348 87
37 159
91 62
264 275
348 99
61 259
290 182
207 295
258 101
28 122
164 308
222 372
320 60
337 175
189 228
239 159
37 165
109 288
372 154
363 25
101 379
82 257
68 263
90 7
4 240
175 236
71 278
353 375
168 150
94 214
127 178
203 270
214 285
141 129
252 309
23 110
95 334
199 353
167 253
373 205
326 74
29 212
240 63
145 280
192 340
152 3
120 377
39 332
345 231
359 266
134 289
280 196
160 162
170 165
11 156
125 176
153 30
161 181
12 175
7 14
101 214
33 241
243 5
119 150
321 39
335 244
248 123
341 221
195 30
333 83
134 339
134 268
218 155
240 211
59 260
197 164
341 365
102 230
49 77
57 27
278 114
360 100
140 126
167 127
162 163
163 228
228 379
181 244
316 219
283 305
21 46
197 160
351 340
336 155
10 179
4 265
232 269
170 184
104 54
139 166
365 166
50 153
42 233
143 109
100 77
247 367
250 186
232 252
84 130
373 277
190 211
97 379
339 160
347 170
171 61
212 164
353 341
246 182
142 13
340 24
223 267
363 8
137 354
257 351
247 286
357 240
196 140
80 67
319 257
24 343
71 279
123 368
79 171
199 217
286 22
247 21
55 321
259 240
241 3
355 160
301 290
291 5
49 320
180 91
331 364
29 96
111 76
17 229
251 52
83 33
65 281
362 30
84 82
251 170
107 105
315 41
338 363
356 278
221 116
199 187
20 342
92 150
145 144
79 151
111 301
138 23
293 131
307 48
192 316
98 314
239 33
34 136
17 55
360 97
90 232
163 9
85 159
364 259
97 201
202 192
379 330
373 35
35 268
157 200
165 326
54 326
265 297
289 82
68 372
179 177
180 90
133 206
316 285
328 372
120 8
102 86
333 297
61 153
205 1
171 26
39 64
65 35
265 71
92 163
260 136
28 303
138 38
328 212
137 317
304 243
192 42
3 42
345 358
347 276
155 353
299 255
149 274
132 226
336 297
339 324
212 190
205 114
45 166
4 379
155 373
243 185
232 259
197 377
133 293
337 288
212 187
159 205
83 247
150 352
269 252
268 165
254 356
156 34
378 274
247 79
377 54
349 62
80 298
96 122
278 81
356 39
14 295
349 337
42 138
6 274
325 189
154 19
73 145
291 95
201 177
379 357
149 219
188 147
325 213
221 12
150 269
11 196
171 353
7 341
277 183
255 155
3 370
288 58
112 218
104 192
201 18
375 78
69 115
377 107
191 229
197 128
264 151
358 101
144 49
159 2
94 96
96 15
204 146
320 117
240 176
136 29
285 75
295 24
12 200
64 65
96 113
197 313
196 140
155 16
225 103
344 11
164 15
125 54
298 25
113 315
330 66
224 197
128 238
37 106
189 114
260 358
219 370
207 26
357 120
290 45
195 329
240 320
210 197
153 25
260 158
78 142
56 257
223 376
352 375
239 114
167 75
82 130
47 123
252 65
223 71
279 180
86 244
58 29
182 154
239 38
237 230
69 15
51 213
118 7
198 105
115 46
3 6
137 104
197 165
23 163
94 12
269 23
41 259
229 16
10 23
151 242
365 217
95 88
34 46
221 278
33 257
50 290
313 300
109 98
369 331
136 172
254 134
156 137
240 273
128 341
80 231
147 334
363 62
371 118
277 25
74 54
29 155
137 35
349 96
250 117
263 110
161 332
28 128
131 81
3 126
341 291
111 129
322 273
254 293
264 116
119 261
350 16
153 306
25 359
92 99
308 295
346 312
171 204
189 38
120 315
154 132
228 198
197 155
145 231
374 291
269 131
304 17
180 115
341 90
249 184
174 219
107 39
333 111
182 221
89 157
190 218
333 188
293 240
50 281
145 13
262 131
156 190
354 85
256 265
13 59
295 327
139 23
45 30
77 187
141 37
254 209
375 324
305 141
344 289
13 332
143 268
171 309
273 148
248 150
336 43
182 11
157 112
152 119
370 125
39 193
62 310
29 281
158 360
378 298
369 225
38 29
171 200
292 310
167 115
322 33
140 202
259 27
232 61
102 89
11 116
316 47
202 287
132 332
54 201
185 241
140 262
84 223
90 7
184 95
186 121
17 312
192 321
182 18
336 198
169 118
92 102
182 149
111 146
92 312
154 37
40 94
124 191
189 166
276 148
39 88
309 255
298 88
145 44
285 9
228 32
158 339
339 174
370 241
326 173
22 312
109 205
182 267
275 62
240 19
99 269
35 52
69 316
264 50
145 22
258 189
162 373
74 240
199 299
217 292
369 378
221 123
68 168
344 30
340 203
8 351
15 179
94 187
150 172
277 196
33 196
80 65
322 2
9 56
244 83
160 88
180 196
224 188
352 281
260 29
57 273
4 201
6 73
202 33
215 380
35 155
93 340
296 248
240 261
1 4
170 142
253 375
5 62
25 122
358 49
298 245
209 31
352 230
274 186
225 245
238 348
54 54
236 172
186 324
164 204
129 86
151 326
115 106
346 122
33 47
137 298
340 37
58 101
218 338
124 125
113 16
311 6
17 17
257 361
275 168
54 51
346 293
172 274
67 124
295 146
90 349
14 43
116 53
26 287
123 154
369 379
310 227
114 163
138 345
226 373
322 129
80 192
123 68
176 216
365 374
125 58
307 369
261 49
154 352
253 127
229 240
335 342
144 62
193 31
361 177
144 86
249 207
255 352
338 185
200 112
18 94
312 257
150 359
298 77
122 309
238 94
284 86
24 299
192 310
104 333
65 359
262 283
8 377
361 300
210 320
185 40
211 370
151 53
343 135
229 198
336 40
366 291
6 274
172 365
242 270
315 305
101 290
323 15
243 190
281 370
312 279
54 246
108 281
358 43
93 23
203 209
131 218
225 68
236 92
363 93
88 36
333 159
135 322
308 334
337 315
365 10
58 165
62 48
228 359
55 173
223 372
218 351
135 97
274 261
251 129
76 205
325 373
162 66
327 210
73 244
233 328
60 272
130 356
39 46
194 64
303 200
12 148
230 284
218 124
260 319
285 183
103 175
46 316
313 155
243 238
316 66
97 6
20 349
320 152
331 59
57 350
5 171
369 276
360 75
204 288
148 309
375 155
353 371
324 371
226 20
313 194
97 30
154 276
31 316
187 281
229 330
339 305
260 360
190 23
67 158
285 102
360 305
172 32
36 108
261 210
14 150
280 291
380 139
315 156
176 321
378 188
12 226
89 183
278 118
260 140
296 250
29 327
132 1
179 99
233 193
97 205
240 146
205 73
298 93
376 210
120 69
334 282
360 172
319 7
19 64
161 370
160 12
194 345
224 115
120 347
322 154
97 168
186 46
116 361
49 225
186 334
138 376
10 106
300 41
230 202
124 292
138 104
265 26
1 23
344 191
355 256
121 131
33 137
327 353
109 233
271 253
21 147
357 163
92 331
259 87
201 347
126 91
224 108
11 169
50 329
328 117
159 279
192 230
371 142
197 277
17 247
336 173
147 336
332 162
255 31
91 76
24 86
115 27
5 380
103 313
180 80
73 295
247 354
291 337
317 264
46 367
236 88
110 183
269 89
224 224
54 156
309 61
337 263
61 329
376 80
230 54
207 49
252 243
144 87
77 76
114 322
316 313
338 67
147 130
100 86
366 60
366 198
76 52
206 81
190 172
148 185
104 366
46 149
79 105
50 95
135 65
225 354
104 5
94 4
250 158
164 133
228 99
190 305
49 119
35 117
201 262
63 159
235 252
322 80
141 47
37 247
121 352
238 116
95 88
27 346
274 50
4 268
135 109
256 250
311 155
168 147
139 73
105 302
217 313
191 273
26 149
107 367
59 297
260 333
107 343
195 245
331 61
287 75
364 11
33 97
280 56
219 371
225 41
69 40
133 282
177 139
76 328
260 303
258 226
168 183
240 79
235 284
146 379
304 212
279 278
261 315
208 268
57 126
326 261
225 261
311 128
286 10
131 190
54 165
131 226
194 152
375 319
367 260
358 152
289 252
225 260
281 312
21 243
240 368
187 118
181 199
311 65
223 320
53 99
145 309
3 178
46 77
332 336
6 244
272 320
122 242
75 34
218 220
159 81
268 77
266 231
104 367
167 15
338 240
321 113
375 239
120 135
339 319
375 220
216 79
178 280
239 48
260 295
23 334
113 42
193 31
239 338
178 193
357 298
232 150
321 15
237 371
150 142
29 195
150 160
62 46
225 285
374 362
185 332
255 269
217 165
95 230
238 221
356 245
50 118
375 101
151 129
108 115
366 43
321 234
327 215
248 198
306 103
312 13
340 52
207 20
62 260
376 1
247 332
263 102
14 308
203 343
250 11
271 327
179 174
376 159
294 251
185 230
235 27
160 246
161 243
201 55
278 351
26 81
111 331
13 258
284 158
8 355
2 210
162 157
370 179
156 26
235 218
96 312
364 111
144 68
226 245
124 196
292 83
180 14
207 44
135 204
152 73
308 62
12 380
209 27
260 50
193 262
168 154
268 268
148 14
326 281
113 181
281 285
10 71
352 27
8 292
268 373
298 222
33 363
126 326
328 112
181 112
150 26
27 32
76 145
264 141
300 240
355 202
46 245
152 377
254 331
299 346
292 286
374 292
316 156
34 221
212 208
165 196
158 40
360 18
95 369
126 251
137 130
152 23
351 172
290 365
153 368
75 276
103 162
72 289
222 261
172 367
307 134
27 157
286 225
59 52
14 185
173 194
147 290
302 144
230 21
11 17
126 246
127 373
42 371
328 352
369 127
98 280
168 262
164 267
304 145
181 303
34 293
117 106
170 194
100 55
198 288
103 98
110 222
375 305
61 103
65 68
329 107
76 133
224 305
325 242
119 378
101 84
116 370
7 357
214 141
139 353
310 324
37 73
72 80
127 301
237 334
380 158
217 319
30 43
176 44
352 12
137 68
184 119
219 61
21 166
374 12
7 336
195 229
323 249
103 171
202 124
84 214
154 338
24 168
63 19
87 11
212 124
344 185
193 265
349 245
181 204
369 70
3 143
11 135
315 265
281 168
115 212
46 204
100 157
218 65
46 178
122 286
276 274
129 144
299 51
106 158
132 72
87 317
180 130
358 7
252 308
176 344
334 326
263 355
225 204
314 51
173 174
154 299
276 243
23 224
284 36
324 77
280 233
223 230
326 117
367 228
135 237
378 146
288 24
311 209
115 20
25 363
109 201
26 56
219 7
318 350
177 361
297 225
153 349
262 27
76 265
194 149
249 94
86 16
90 312
332 112
60 25
153 148
104 261
28 277
190 291
237 169
81 151
338 263
297 125
151 368
204 64
152 45
240 264
113 299
49 17
82 9
56 277
379 221
22 210
55 233
363 235
90 272
227 312
129 110
55 38
21 307
288 117
13 236
199 13
194 110
284 274
43 163
60 36
60 299
130 294
192 88
377 81
199 34
110 186
150 207
314 199
315 48
239 52
340 359
187 331
29 12
169 362
363 325
200 125
53 17
247 198
1 264
334 339
276 66
287 362
107 115
109 267
9 316
303 347
96 251
233 280
158 189
143 30
296 68
109 167
5 346
95 251
287 370
20 123
297 32
338 119
131 93
11 169
172 195
187 58
337 104
245 32
75 275
254 361
195 8
288 335
66 250
151 109
312 291
290 373
121 79
174 282
220 328
79 78
91 319
250 369
202 154
150 283
59 257
69 305
130 144
243 177
68 29
252 336
66 162
68 12
289 19
370 8
203 171
10 296
335 212
96 374
216 139
152 31
150 373
231 141
149 76
85 48
112 10
238 202
145 315
235 165
176 221
151 108
346 198
265 288
291 307
71 371
355 28
163 16
82 162
298 278
228 349
136 256
329 42
144 258
336 169
366 157
362 133
178 164
363 246
15 197
113 39
298 142
128 296
276 140
331 70
224 283
102 280
65 255
159 365
140 298
322 348
339 121
110 330
283 299
227 72
132 97
347 91
331 213
144 229
187 106
58 229
65 109
312 296
16 237
279 235
32 348
142 185
352 231
21 73
58 72
314 322
348 184
299 259
226 34
324 325
34 56
137 142
282 257
285 262
201 288
107 95
113 176
81 47
83 163
347 198
355 131
345 366
308 323
146 84
258 372
110 292
60 360
21 42
321 51
326 355
148 80
99 312
331 279
241 296
313 276
124 131
65 167
379 154
82 110
113 258
303 124
255 74
289 333
193 358
205 34
366 20
41 325
82 101
198 46
79 88
367 252
335 367
92 87
188 194
180 129
349 125
151 256
333 56
202 330
41 134
182 219
94 58
97 8
310 376
186 111
119 194
27 44
314 260
168 168
360 370
240 148
355 239
167 231
276 366
47 27
207 67
144 110
137 253
11 39
271 260
376 18
274 14
298 93
114 341
43 112
265 233
106 303
151 212
329 197
21 251
138 342
253 206
137 88
338 13
2 332
333 270
209 279
268 171
98 161
344 240
280 91
8 297
173 168
263 259
25 272
352 33
61 141
301 279
58 164
364 96
353 186
310 128
36 359
117 85
209 286
252 187
200 58
376 157
71 321
354 293
203 218
258 33
150 311
101 12
194 272
133 329
24 178
298 157
29 377
344 151
77 42
276 303
371 133
222 371
127 132
32 115
257 95
14 280
90 91
94 200
132 23
245 289
109 6
179 256
49 367
331 80
162 195
223 242
303 6
140 145
116 61
365 81
133 111
340 49
209 52
29 176
338 200
5 272
186 215
143 248
255 195
222 302
135 342
137 326
204 285
250 28
17 11
12 299
291 57
368 139
356 22
64 375
314 72
52 115
203 12
265 255
303 43
317 338
120 32
51 127
6 13
100 78
148 79
164 70
6 134
320 330
228 210
290 326
183 117
248 77
265 348
176 373
205 72
378 167
179 131
287 131
332 31
322 128
301 131
96 36
105 1
344 295
314 61
53 340
207 303
58 283
73 332
187 136
35 363
378 302
190 39
314 114
173 59
144 241
342 170
177 136
50 37
192 360
6 97
342 262
63 307
180 148
184 125
364 46
6 197
261 272
131 193
37 130
193 108
43 20
90 222
318 14
151 268
64 105
106 23
121 337
256 164
230 156
1 35
175 312
6 241
55 21
158 301
16 27
214 227
171 138
146 73
365 121
96 106
224 128
315 185
213 114
117 335
223 120
36 33
106 181
195 290
90 39
22 216
161 374
375 267
216 70
96 323
165 149
148 322
89 130
241 113
272 91
241 124
289 355
157 137
64 109
216 45
369 15
159 346
85 100
103 330
70 77
7 228
60 232
289 281
107 286
347 166
129 136
94 83
232 137
362 220
82 299
291 379
331 149
14 262
309 272
271 340
292 224
305 75
124 357
160 361
25 193
69 179
317 168
320 116
56 240
341 75
39 59
264 319
343 319
299 3
377 179
352 7
140 26
78 314
238 4
152 286
118 192
371 190
320 33
172 238
2 293
95 2
340 119
346 52
16 35
87 365
301 8
361 237
45 76
380 187
361 347
130 207
182 284
195 18
23 20
323 34
354 76
148 159
137 208
125 380
219 186
310 358
60 55
261 7
213 82
271 80
174 328
217 317
173 301
154 60
16 261
154 70
163 93
226 198
19 7
217 166
170 256
297 284
258 294
246 69
373 214
206 347
362 127
5 297
49 50
88 286
256 72
373 83
357 205
320 265
59 263
175 263
245 166
257 228
219 310
357 150
273 79
289 234
294 373
155 220
37 307
61 212
322 241
52 301
254 62
229 96
372 367
84 110
237 260
313 266
323 137
129 178
351 10
49 77
336 350
183 234
353 145
181 320
97 370
255 198
187 170
265 117
57 348
135 264
172 46
282 199
88 22
335 290
78 188
116 251
21 12
228 154
239 282
134 218
377 103
222 324
204 318
272 115
50 66
279 357
37 174
264 160
15 32
108 92
271 305
292 70
377 319
239 172
201 368
268 126
120 179
85 59
284 251
270 114
173 278
142 183
335 63
237 137
351 178
272 248
154 29
121 91
150 319
55 235
285 226
345 301
262 22
319 76
53 232
102 314
218 80
246 216
24 52
270 72
222 351
283 356
240 131
249 241
69 28
238 140
315 27
248 206
77 280
309 193
169 325
363 310
265 150
31 37
127 260
359 216
374 20
71 26
139 98
137 49
52 14
325 355
30 11
172 373
152 23
360 376
238 275
147 313
165 142
275 25
287 290
170 87
189 190
215 111
214 214
296 234
146 201
255 103
143 342
65 297
23 356
124 185
380 94
153 169
201 310
244 172
145 83
188 361
279 175
199 26
234 365
309 129
158 65
199 77
6 59
117 97
187 41
221 367
321 28
259 346
41 101
171 230
25 46
325 75
81 270
223 330
292 44
191 65
175 36
339 356
242 15
43 174
373 318
240 72
212 161
246 316
108 102
77 103
197 197
192 260
153 237
204 69
279 300
57 189
241 16
239 91
141 177
140 121
156 321
112 91
299 260
122 74
61 162
22 177
299 115
178 333
70 76
58 279
11 98
134 380
63 368
368 355
262 69
184 104
59 190
12 69
236 58
367 52
250 298
304 100
26 133
367 279
256 274
149 34
97 261
279 81
372 153
304 343
217 268
308 15
169 230
74 367
7 38
57 20
158 332
372 69
245 321
148 299
343 26
112 288
301 132
211 242
61 125
100 124
268 56
180 27
377 36
157 128
196 149
257 162
142 289
23 156
87 357
8 315
163 217
243 341
38 62
97 22
155 264
270 6
93 214
312 320
66 108
191 218
171 126
197 150
235 162
377 239
356 35
371 247
75 1
259 229
295 369
117 4
174 371
242 136
349 349
158 285
196 79
126 171
301 375
287 133
360 123
351 277
88 196
51 46
273 320
47 32
265 265
202 9
138 23
179 329
157 342
356 193
90 123
33 188
215 135
67 96
192 247
167 247
197 319
327 287
51 370
373 137
117 187
280 113
209 131
292 313
309 248
198 186
260 227
331 29
307 320
252 216
28 25
150 30
251 79
238 187
341 194
121 198
14 57
372 80
202 342
194 42
267 339
334 198
92 110
374 84
26 256
88 258
247 367
157 309
189 362
249 123
270 233
185 335
239 191
165 218
68 352
233 34
380 223
226 130
161 296
117 87
175 340
360 208
120 150
169 369
179 1
161 378
247 258
297 365
237 282
38 1
147 143
372 67
308 201
128 148
235 157
104 133
296 330
24 105
289 53
118 149
113 82
204 312
245 106
287 85
315 137
355 49
39 18
144 376
153 39
194 288
286 266
282 163
138 137
75 153
297 369
302 144
378 154
333 50
107 54
198 238
212 165
321 88
222 153
369 224
1 52
316 346
254 274
317 240
380 293
86 172
329 120
325 101
376 64
253 296
41 345
228 89
370 354
128 225
259 278
322 370
191 295
40 281
378 276
295 13
29 364
28 244
205 232
348 156
377 300
8 117
372 293
356 345
138 7
102 377
309 276
276 40
222 213
166 263
319 205
266 330
318 99
82 113
213 16
195 26
127 223
199 237
218 249
135 344
307 43
94 331
170 17
47 139
374 202
228 331
257 15
152 187
47 269
243 181
93 328
147 332
270 205
243 167
306 39
202 241
369 327
165 15
255 370
380 149
350 10
297 175
98 178
18 301
150 112
141 100
375 22
50 131
327 321
30 328
19 329
99 301
259 266
228 29
91 266
283 171
147 289
235 270
17 257
204 331
181 158
308 53
186 52
174 191
318 155
379 90
254 33
1 155
341 121
287 273
177 32
114 246
225 296
207 90
10 121
151 114
362 248
237 82
298 354
5 125
357 128
10 130
344 125
189 5
117 205
91 77
341 75
191 241
228 221
40 311
258 43
83 289
54 177
322 295
135 281
34 168
156 122
164 257
213 121
244 31
113 237
376 234
116 187
174 373
324 71
237 199
25 126
94 292
335 133
49 336
197 357
342 197
288 379
5 175
361 78
28 23
346 40
31 135
124 373
131 281
239 274
198 222
306 180
290 360
298 362
169 59
153 132
276 127
343 362
256 270
380 36
360 334
186 352
358 128
377 112
241 110
373 125
321 356
124 46
212 147
88 48
87 333
75 377
107 257
212 329
22 34
136 274
132 12
228 37
232 331
187 45
362 357
148 251
266 30
246 208
27 1
199 99
174 324
235 203
154 216
223 85
185 151
352 180
15 374
271 283
174 270
353 170
143 207
99 224
338 46
353 88
149 362
305 258
181 95
143 201
217 239
244 225
302 377
284 61
4 287
216 357
27 86
272 134
169 349
65 348
282 349
154 162
310 161
307 189
153 363
14 260
84 152
100 241
241 138
291 356
154 209
323 367
82 146
183 221
350 227
334 155
165 122
132 90
3 13
316 26
296 44
223 158
187 347
144 10
239 346
40 150
133 278
147 220
220 155
244 152
124 290
113 260
320 89
27 249
271 80
258 219
296 118
254 38
281 280
120 189
324 245
261 219
188 299
347 182
13 201
42 303
176 364
226 26
8 302
152 87
155 323
269 114
340 203
252 239
250 371
94 259
263 356
145 7
282 265
249 283
291 27
117 102
145 30
351 358
148 211
151 49
214 30
61 36
206 374
269 343
121 33
372 181
51 214
325 231
267 102
314 276
380 203
352 93
81 220
207 24
9 73
33 63
224 80
171 116
106 375
345 320
6 254
14 158
316 10
200 128
301 324
136 115
136 264
51 93
52 221
183 55
185 373
248 105
322 241
264 207
327 5
276 131
290 38
96 346
282 233
70 266
149 274
152 263
73 241
263 112
28 345
102 34
235 64
220 39
315 236
138 91
346 85
44 243
277 103
46 291
238 12
48 102
218 35
115 301
108 318
188 129
318 26
196 159
41 276
363 178
30 320
99 69
289 37
308 336
76 232
363 89
187 19
120 340
183 362
311 69
282 32
215 73
321 299
170 239
79 36
33 158
187 245
10 16
126 248
129 322
195 22
324 233
152 88
115 118
88 80
46 92
201 86
129 235
268 142
6 206
147 350
248 363
218 109
181 185
356 341
239 188
156 88
4 302
307 338
307 121
300 122
380 317
196 33
35 295
305 71
8 215
49 373
144 133
270 320
331 16
353 324
8 112
359 182
213 134
109 173
264 53
56 288
170 149
183 231
49 79
305 355
267 261
43 250
7 304
124 78
173 310
249 240
29 195
259 134
367 276
6 165
10 216
204 136
143 70
190 361
344 307
68 341
329 257
182 303
217 30
153 172
337 252
93 199
123 182
231 272
214 256
288 181
285 342
340 34
31 219
188 256
262 10
26 110
181 189
99 46
27 139
209 321
189 125
293 233
160 127
254 83
232 86
304 159
161 174
374 174
3 374
130 177
179 347
192 81
100 367
134 69
86 238
142 17
256 86
314 183
147 12
117 94
345 362
134 127
325 127
227 47
169 34
30 254
262 100
172 62
62 46
278 297
259 286
255 307
196 254
328 138
267 156
217 339
236 326
295 171
354 156
56 231
82 333
286 246
351 314
10 17
359 234
309 55
183 371
260 148
23 136
316 316
186 229
103 328
296 36
375 111
288 226
371 122
76 182
162 9
140 119
184 89
378 335
310 127
279 209
262 179
165 365
126 339
165 58
18 23
36 338
142 344
103 111
131 307
247 181
110 149
255 84
49 152
47 169
282 166
49 39
354 377
203 321
347 56
190 223
236 245
343 254
37 221
88 300
237 180
61 57
331 38
224 70
343 15
234 365
332 331
370 110
326 343
80 8
313 298
115 258
244 20
280 229
181 339
236 369
198 96
66 130
101 280
380 25
363 2
252 49
104 288
361 321
174 116
274 35
67 283
259 79
3 31
290 134
165 89
365 85
49 129
211 306
220 147
169 245
298 258
339 33
217 140
365 246
173 86
319 331
304 72
247 155
203 193
159 84
164 129
56 321
271 76
287 287
244 35
18 21
151 161
350 128
227 251
12 78
153 110
26 162
352 10
317 68
64 94
287 334
167 251
150 58
105 308
141 149
264 116
258 330
202 139
110 16
29 112
181 176
177 158
70 312
281 229
17 289
230 69
370 285
291 251
50 363
70 123
33 208
76 109
142 247
163 41
46 58
341 319
202 70
167 86
301 101
19 26
297 253
340 81
344 311
132 227
70 40
252 286
203 209
251 346
225 238
100 331
372 309
376 320
98 202
272 4
202 265
200 179
192 323
12 372
243 108
264 287
73 301
158 284
333 117
182 104
49 230
84 230
297 256
86 202
4 220
29 303
1 292
174 192
347 261
201 306
129 131
198 189
4 283
296 279
290 367
87 156
15 289
141 141
31 60
340 156
58 225
87 199
8 85
96 62
360 79
143 356
285 265
217 363
217 178
332 248
123 85
299 363
251 353
276 29
357 345
220 132
53 220
317 187
260 24
64 84
241 75
80 325
35 40
33 172
320 345
270 332
18 280
362 194
274 264
162 153
3 339
353 48
84 104
38 134
53 367
202 341
70 78
258 168
270 156
188 6
333 49
27 273
187 355
217 127
340 120
26 241
137 158
97 321
236 353
158 94
23 245
379 145
241 141
17 147
107 345
189 166
160 254
126 88
371 133
350 128
90 339
141 90
269 283
286 154
155 129
51 104
143 28
245 157
316 367
81 262
78 18
218 206
315 367
240 334
95 117
198 370
301 343
187 278
197 177
19 260
160 339
346 230
220 91
32 259
364 123
251 39
282 20
172 159
242 52
66 37
372 48
337 81
232 174
257 133
270 114
357 320
280 195
279 298
243 27
205 322
4 328
161 162
28 331
121 268
256 362
63 241
188 173
170 211
21 185
274 147
258 206
70 132
272 141
96 209
332 169
233 187
282 369
138 24
251 326
190 145
280 378
237 174
253 348
71 53
358 51
236 241
328 128
75 151
6 282
107 259
13 204
49 152
174 251
308 253
357 27
30 242
267 188
370 5
256 226
329 64
321 309
88 368
56 134
364 37
114 136
237 120
210 285
247 379
34 376
149 115
269 315
295 216
149 256
48 258
250 54
45 226
30 199
81 297
199 180
8 66
105 118
29 269
134 250
243 270
145 129
116 197
63 236
270 251
9 225
108 21
342 58
353 278
271 3
86 33
175 274
72 139
92 219
257 236
230 92
228 309
13 244
306 141
167 374
245 322
2 145
180 324
364 181
120 301
33 139
184 157
219 246
261 117
19 360
18 78
357 208
351 42
273 17
38 247
3 326
62 295
163 279
231 262
207 354
363 246
286 208
278 224
223 120
332 38
56 138
31 202
71 318
48 173
232 163
68 288
42 23
359 278
108 364
104 123
145 376
148 24
193 310
71 209
68 124
299 197
178 161
48 189
298 310
84 61
301 273
211 292
315 188
158 240
85 127
95 102
368 42
223 284
193 94
380 283
135 27
357 141
223 263
328 312
214 373
368 67
291 170
78 362
321 21
25 359
153 140
359 340
235 142
274 194
46 2
242 303
302 231
95 142
163 161
86 234
284 14
61 325
326 175
315 186
156 193
32 186
24 298
62 97
304 105
96 362
133 78
203 219
50 192
134 377
58 326
340 324
308 169
233 374
299 330
285 67
132 368
277 359
302 101
378 299
252 18
272 270
370 39
223 320
379 328
22 119
362 166
73 330
103 101
302 75
49 138
224 359
369 52
112 241
154 188
141 319
116 22
144 376
221 345
355 83
335 208
161 327
44 96
89 22
28 314
139 374
238 48
196 32
81 46
110 45
25 109
290 250
348 234
159 222
363 49
148 188
373 115
38 40
301 205
275 293
320 267
258 65
145 180
322 35
76 232
22 234
208 40
249 66
77 362
133 123
112 235
7 342
96 107
206 282
328 168
95 244
108 196
138 150
267 343
316 171
209 23
36 379
120 270
44 36
293 118
21 204
205 118
63 249
182 75
281 219
121 287
83 183
95 370
351 36
5 229
303 238
236 121
336 226
304 88
13 193
140 307
330 121
169 82
90 184
54 44
28 145
169 39
67 132
97 31
304 218
60 350
49 279
324 115
316 375
291 44
149 316
137 206
372 145
48 300
359 26
11 332
213 315
177 176
203 260
203 238
227 52
42 329
154 6
168 317
80 71
291 193
145 228
19 284
28 65
317 282
134 367
330 300
223 211
224 271
332 329
370 162
88 121
264 286
204 331
114 179
121 208
274 229
60 375
209 297
43 15
36 161
246 332
178 359
1 43
91 127
285 191
24 211
257 329
226 39
378 305
280 252
10 118
60 149
25 362
126 84
140 377
47 46
235 380
126 378
161 346
270 39
139 272
352 162
54 242
216 251
287 365
122 370
283 117
161 268
161 19
65 46
47 14
152 268
95 210
119 228
130 6
347 307
380 21
155 273
14 318
151 284
252 37
359 105
217 370
171 195
327 17
228 86
184 76
363 205
341 357
334 210
351 22
167 124
209 272
148 13
195 232
223 131
115 37
227 244
204 287
14 155
330 361
271 70
49 371
312 268
88 116
13 118
285 344
178 134
8 20
148 149
164 121
273 373
207 53
124 376
229 218
15 346
31 221
9 377
56 194
193 335
329 123
11 82
182 207
333 201
114 205
365 110
146 336
343 53
221 174
189 367
297 19
238 74
162 18
63 1
330 88
15 186
269 119
334 81
272 318
62 31
196 187
116 141
108 302
174 138
54 359
124 274
100 360
5 332
245 294
243 230
308 303
54 284
94 83
154 241
84 100
6 357
351 158
73 44
191 224
107 81
58 105
196 289
37 294
291 147
256 126
354 50
272 85
325 303
370 355
58 299
22 250
148 272
143 212
162 122
223 213
72 364
70 259
343 87
61 79
37 19
275 209
154 24
56 67
90 69
325 333
303 6
2 195
168 234
341 87
67 106
312 218
364 271
15 166
150 18
117 337
85 22
250 101
313 170
187 216
151 306
26 225
82 235
344 279
1 181
329 238
83 254
87 21
91 287
63 129
4 86
38 295
297 313
363 181
34 64
237 41
3 62
276 80
284 62
117 370
235 192
310 304
58 137
185 360
200 35
262 146
317 215
245 122
94 105
308 8
299 52
87 210
148 355
204 96
146 77
54 41
379 308
282 302
372 101
49 122
222 155
214 113
63 102
26 256
315 358
240 283
339 348
217 273
109 218
169 56
300 306
368 300
159 232
253 175
29 249
152 333
156 283
12 208
2 191
94 375
88 161
235 35
291 243
344 280
217 100
36 119
352 220
321 253
85 131
247 16
380 163
94 127
168 207
112 88
163 172
304 4
306 223
42 175
190 34
143 238
55 21
23 54
252 113
136 174
209 21
127 263
251 212
36 94
3 194
106 302
40 316
25 257
307 174
361 241
158 361
356 372
197 70
145 313
368 101
92 201
265 319
127 222
266 44
124 353
293 50
320 323
98 116
154 293
339 313
37 40
186 131
333 364
193 94
278 34
289 31
268 213
271 106
280 257
318 361
34 262
126 305
40 225
281 264
113 181
222 177
304 123
50 180
59 353
262 112
99 223
304 16
361 132
191 371
164 87
80 33
195 213
263 126
20 98
95 94
266 248
152 47
65 181
102 210
10 129
221 105
124 81
204 346
345 146
271 284
351 148
235 155
150 262
275 225
341 230
113 341
300 23
59 67
354 351
45 316
301 50
189 44
299 365
177 341
2 194
142 284
214 90
280 372
321 159
120 121
95 374
196 354
117 225
322 139
90 277
175 377
217 143
112 354
115 57
349 288
46 231
268 36
336 163
353 41
243 165
232 213
313 335
14 172
358 103
216 20
368 77
153 8
278 225
41 115
199 101
68 185
206 251
341 191
282 363
188 327
64 7
69 37
58 86
362 301
81 86
96 19
102 258
334 103
115 252
228 107
296 247
233 262
327 44
218 288
86 190
