400
3200
76 395
377 168
332 330
41 32
91 68
103 306
302 371
285 1
268 80
356 274
307 35
153 189
193 224
195 360
70 197
269 398
85 291
89 154
308 356
301 214
365 170
368 171
351 361
75 221
146 132
248 176
225 248
212 217
196 161
214 312
216 57
99 286
264 317
228 316
254 161
109 244
102 329
169 270
231 20
382 310
190 231
345 351
390 107
304 270
355 31
325 204
289 15
120 118
298 246
11 371
185 307
284 236
342 9
58 351
50 260
300 397
239 3
176 252
6 88
379 62
145 14
238 255
354 285
239 92
137 235
102 169
149 316
163 285
348 279
148 266
121 32
4 256
294 349
378 356
120 299
332 207
333 272
273 316
395 4
206 323
171 320
107 124
397 38
335 279
43 387
43 294
108 389
345 174
125 134
325 372
316 33
399 139
65 36
149 379
111 331
365 81
147 85
218 231
189 199
367 267
13 9
245 373
175 342
19 185
161 53
366 341
105 319
366 160
232 88
309 312
82 386
196 107
194 224
256 18
271 47
392 27
393 147
261 139
165 226
278 340
211 203
162 155
139 303
129 14
213 277
121 286
142 69
259 347
348 176
322 207
226 252
189 83
231 190
323 267
312 329
377 190
138 115
99 95
135 334
204 101
113 250
135 219
222 233
178 274
345 225
50 48
166 374
113 396
26 34
180 316
282 355
359 109
267 60
154 229
150 187
205 110
32 20
260 113
48 269
230 293
261 162
273 283
384 73
307 358
378 125
129 161
187 157
123 220
151 64
182 121
281 251
303 206
220 312
90 113
374 267
371 268
175 118
319 355
105 240
119 337
98 247
134 258
85 94
227 316
215 299
240 123
284 290
376 58
396 21
271 213
282 306
77 171
397 249
120 20
156 33
159 219
250 331
322 191
342 71
172 286
192 195
14 220
96 60
136 231
73 49
275 364
210 269
265 323
226 331
319 58
373 227
120 26
322 34
42 310
287 69
79 114
85 5
308 86
329 289
58 122
87 276
219 227
332 319
55 210
75 170
250 309
198 255
160 286
292 345
59 110
126 376
166 161
101 245
130 16
382 133
79 58
390 84
244 44
49 278
27 183
343 163
238 199
141 233
88 77
97 32
8 290
393 148
116 133
391 257
55 178
282 107
280 50
173 362
151 200
120 84
306 31
66 61
207 397
228 118
56 282
376 4
14 136
211 123
197 352
294 178
364 230
105 176
138 86
119 324
223 102
186 302
165 291
145 390
358 137
189 225
80 193
39 320
351 194
287 396
232 279
303 299
88 239
212 72
236 338
142 342
322 253
226 7
322 301
303 108
111 152
53 357
43 236
113 185
158 338
273 125
68 124
120 108
298 68
275 222
111 336
166 132
71 379
355 208
367 230
318 50
372 213
71 269
361 143
394 153
333 354
181 256
53 204
209 337
278 92
79 130
352 159
93 42
380 101
358 261
398 298
57 308
286 8
140 355
73 24
245 53
163 234
129 309
44 146
3 250
360 134
202 319
237 264
76 206
353 353
166 130
228 115
287 328
103 188
40 78
390 267
204 262
52 94
205 281
129 168
118 396
331 296
278 9
210 23
278 35
83 145
170 20
146 196
188 399
185 319
234 366
356 202
370 383
123 60
171 108
395 276
398 179
38 113
149 159
221 27
162 296
32 132
40 8
199 399
260 374
141 248
241 208
396 288
259 88
261 291
96 117
52 204
149 321
171 329
220 48
30 164
139 370
43 122
204 242
73 356
95 64
212 244
347 72
182 245
384 149
327 127
185 347
292 225
190 130
393 6
299 222
131 315
300 50
7 361
191 58
97 298
58 325
258 271
226 197
176 284
350 46
257 82
90 227
305 158
301 392
363 349
290 24
295 260
120 93
167 21
380 139
93 226
391 58
152 3
268 248
50 12
56 142
310 337
305 119
127 183
259 233
291 211
137 373
51 397
364 249
386 183
49 398
84 313
303 394
12 225
219 145
53 241
277 15
298 348
267 230
238 143
4 56
390 157
233 349
349 379
309 109
310 352
18 144
322 33
135 188
189 66
147 303
259 373
291 241
96 236
260 210
83 157
147 282
359 239
267 286
205 79
4 125
349 142
219 163
352 368
142 273
367 269
282 314
57 187
317 346
359 234
162 51
123 297
316 218
183 35
374 307
127 361
113 386
36 239
343 113
17 381
125 325
130 63
85 250
42 293
364 371
180 110
323 376
261 227
84 389
386 209
11 260
140 346
103 84
125 260
74 205
303 253
74 100
309 4
336 331
59 239
377 272
247 385
147 107
152 319
24 12
309 43
251 323
293 164
198 197
80 207
198 172
165 322
243 68
289 10
189 50
375 200
10 215
276 65
173 198
335 168
111 233
282 365
314 37
257 267
46 25
203 349
177 200
268 21
390 215
229 48
374 199
118 82
108 396
227 120
302 144
142 41
315 137
247 391
163 399
239 17
338 9
373 176
185 165
308 217
119 362
322 188
56 115
165 306
9 308
189 392
204 118
235 139
54 291
89 84
267 272
91 308
8 141
260 49
229 256
220 332
253 1
366 307
390 265
248 139
276 16
193 41
113 327
62 179
182 3
64 284
326 274
393 120
400 177
279 97
219 230
61 270
390 248
214 246
43 36
21 149
177 77
294 207
351 326
287 134
313 380
31 339
346 31
50 225
293 74
128 164
134 314
223 399
320 293
205 314
292 147
396 157
84 11
291 18
349 200
193 274
75 229
94 17
357 227
373 169
225 96
34 120
65 180
36 2
116 12
357 168
248 122
337 99
137 27
105 28
165 395
333 46
232 218
378 314
86 105
379 148
341 304
43 242
230 115
14 394
25 31
54 112
319 110
263 151
177 361
195 154
379 340
293 392
209 27
129 121
261 43
120 217
379 398
360 128
111 310
205 160
395 285
285 88
132 176
12 99
324 179
33 346
251 220
353 40
223 273
90 175
255 285
273 160
319 178
318 149
262 344
245 252
306 29
343 10
75 377
284 165
325 184
143 249
15 30
27 307
196 69
16 94
202 171
128 274
269 308
36 89
322 360
200 350
259 222
297 199
233 54
7 386
59 42
100 33
7 356
399 94
151 267
363 323
7 57
265 160
117 175
368 322
227 84
245 119
288 264
146 243
249 132
212 210
78 113
306 19
213 104
223 81
23 238
194 210
34 161
186 114
240 29
394 71
190 42
54 127
112 221
126 8
341 171
385 116
225 91
71 275
257 76
4 181
114 260
296 340
208 252
49 183
250 273
224 99
256 217
349 4
87 393
194 26
86 249
132 256
375 358
88 173
171 397
371 118
270 117
25 107
193 370
314 276
106 160
134 243
385 356
231 352
47 285
382 13
359 366
18 376
162 183
5 260
233 230
274 178
171 200
210 358
131 91
195 2
250 255
387 216
28 206
346 122
343 298
355 270
280 69
249 381
184 367
47 339
302 40
344 267
34 67
111 121
358 147
6 382
211 180
343 50
341 184
250 245
141 47
371 79
66 210
253 137
253 43
87 41
143 172
64 238
73 26
57 276
40 9
265 119
130 36
400 270
99 20
262 245
110 112
9 322
275 189
14 100
262 298
350 348
256 234
218 85
109 280
60 361
217 156
228 71
342 271
299 364
61 60
78 23
287 162
192 331
333 203
243 148
264 82
212 351
221 294
355 50
15 286
315 84
274 65
187 49
258 45
180 120
121 391
140 63
353 240
303 396
265 71
49 59
77 75
243 239
75 337
54 249
29 217
337 131
392 117
120 10
398 26
368 44
242 80
212 124
60 83
107 251
379 287
26 148
314 241
123 220
250 259
148 330
250 350
239 93
13 307
354 28
119 37
259 67
186 57
127 174
356 381
61 194
153 223
96 201
107 389
355 251
266 208
376 51
41 326
267 220
359 1
106 205
398 153
28 62
269 365
8 13
315 131
281 319
230 155
276 106
370 113
38 74
209 249
6 131
397 244
316 187
138 176
17 321
5 347
375 385
242 355
49 36
125 330
83 79
293 164
297 266
373 339
204 361
40 305
128 127
83 22
112 179
119 132
242 288
303 121
244 87
14 377
19 99
60 72
127 28
391 324
158 344
151 256
156 383
327 100
189 200
396 223
161 149
8 295
112 9
260 233
209 66
83 323
362 103
372 157
293 75
160 117
373 181
179 288
322 70
238 109
276 32
20 145
82 143
395 85
296 28
338 324
333 31
206 295
383 249
199 92
30 121
188 90
226 333
314 341
162 286
135 335
328 221
358 71
77 237
388 27
59 126
192 59
16 123
19 237
216 386
256 187
10 21
7 162
354 200
249 242
185 295
84 224
386 80
329 324
260 153
63 260
266 319
381 9
294 141
301 392
378 131
113 208
9 283
337 88
39 83
241 207
76 63
369 297
31 159
254 228
138 218
44 142
342 313
383 28
322 113
274 303
154 314
67 366
233 68
127 290
237 282
259 359
314 76
76 204
316 199
385 170
69 339
235 62
91 101
22 251
369 379
370 142
164 143
248 60
237 122
19 303
382 347
130 205
248 214
21 17
78 178
280 218
137 206
38 270
206 180
7 299
258 55
218 360
394 182
118 306
277 58
60 329
72 179
84 179
321 36
176 317
155 181
282 103
201 352
19 151
97 97
377 4
42 363
5 68
333 225
325 146
216 45
42 35
103 328
368 52
69 261
126 117
165 38
339 261
93 188
185 308
287 389
185 111
265 259
33 163
206 110
215 140
361 229
10 210
162 346
13 112
295 178
79 322
59 101
330 54
87 348
42 151
269 99
205 19
387 162
81 227
137 54
263 283
330 40
313 232
10 165
329 45
188 389
351 351
50 78
243 70
237 384
12 367
110 171
80 174
198 6
112 86
101 75
103 84
78 127
239 141
137 28
135 364
4 215
341 244
117 230
338 297
295 340
55 112
202 226
338 288
310 53
46 334
129 313
309 90
313 123
335 217
127 373
342 251
361 90
34 219
195 219
352 219
328 338
176 3
321 82
374 335
318 147
89 257
223 389
124 352
329 95
173 338
298 309
270 100
263 358
82 280
35 280
161 91
279 394
370 314
161 119
64 385
252 361
143 358
145 41
228 68
127 272
314 132
387 288
141 305
277 254
191 77
326 342
164 7
238 231
2 373
128 393
176 339
93 315
222 66
344 22
365 359
18 48
250 298
271 137
210 24
330 16
263 173
219 132
147 132
121 283
50 266
337 335
101 71
39 281
140 179
191 281
385 13
221 194
11 363
29 39
232 116
349 358
210 67
15 287
147 259
135 38
280 263
146 59
314 112
4 259
183 95
160 70
3 202
65 134
323 36
22 322
158 26
375 387
117 381
392 302
194 244
315 263
134 287
260 295
178 216
232 308
172 256
107 190
88 6
13 51
318 79
39 8
180 59
181 279
57 293
190 187
21 356
41 111
377 183
201 355
27 206
301 356
332 385
7 382
300 351
28 115
337 278
38 266
58 208
321 54
239 60
195 348
370 207
391 364
141 290
171 351
88 209
210 389
263 165
284 360
69 81
334 352
257 236
269 201
105 382
66 148
315 158
277 332
219 88
91 339
366 396
337 227
301 292
22 118
3 21
318 374
245 311
194 205
38 279
235 185
136 147
79 334
162 143
317 277
47 307
88 121
288 257
45 253
148 190
61 265
112 234
354 259
93 132
221 257
79 392
4 340
9 133
364 165
100 141
16 84
229 121
369 360
126 227
77 298
299 388
211 113
342 73
276 269
154 297
216 372
55 327
316 299
352 259
321 223
99 24
175 103
57 208
234 231
139 219
331 292
82 316
43 193
118 189
121 109
21 158
54 104
294 202
238 344
193 369
366 148
349 66
106 176
196 212
204 152
42 350
150 71
100 387
399 352
64 217
151 207
330 198
113 398
37 363
24 74
234 156
262 361
103 116
237 153
347 295
314 164
349 272
91 200
151 26
273 266
272 200
85 354
103 176
93 211
262 191
234 330
354 162
380 383
147 359
31 284
265 204
345 68
54 137
342 376
83 394
388 72
260 29
358 297
279 50
225 85
225 124
385 172
331 87
77 131
135 376
253 57
158 49
143 229
126 84
144 348
315 241
252 351
24 25
92 46
232 397
209 170
371 258
120 339
332 359
290 131
130 247
56 189
372 27
129 87
290 127
377 323
339 136
323 210
336 60
365 76
285 85
229 346
47 364
392 242
373 13
287 130
192 349
118 71
324 364
48 275
66 349
70 42
358 128
159 155
120 62
338 263
130 303
231 241
299 396
101 314
354 3
128 31
398 39
106 7
292 370
159 285
137 123
253 43
168 31
314 369
268 353
273 346
145 159
373 149
266 83
90 6
157 266
205 181
26 356
337 128
3 19
178 177
215 62
30 206
326 356
314 93
321 160
119 289
74 130
241 60
87 76
74 189
270 152
295 143
246 251
359 9
180 29
327 132
151 321
158 352
264 96
216 334
48 62
391 248
360 386
104 325
12 384
344 119
172 353
367 302
5 349
195 25
114 390
170 65
191 174
47 290
104 259
282 200
209 66
325 283
388 34
145 116
136 174
210 305
42 369
67 15
264 102
99 114
45 359
152 166
13 60
187 13
68 331
113 364
67 235
251 229
393 333
292 197
330 355
313 51
117 327
294 392
188 281
17 184
304 230
258 397
73 50
215 108
359 169
290 28
87 237
387 103
271 251
182 71
308 342
334 197
21 289
118 75
338 121
248 51
217 322
242 86
40 159
25 217
242 384
324 263
327 183
228 263
270 16
7 195
348 201
399 71
6 366
324 40
73 230
16 287
25 208
316 307
221 273
358 242
304 42
19 119
270 279
264 265
268 72
268 193
4 383
186 331
160 213
274 301
47 268
154 364
94 187
278 364
280 27
357 268
187 374
317 309
19 311
128 313
359 125
151 9
10 102
84 202
373 131
292 35
109 343
191 114
147 362
7 161
121 311
1 285
31 266
166 282
199 370
310 88
399 225
214 116
380 94
215 156
159 355
272 60
141 170
29 215
333 364
115 122
2 135
160 218
159 118
393 36
271 199
11 150
200 252
213 145
42 393
77 260
337 136
18 274
306 261
314 134
246 389
117 289
273 32
196 71
226 48
47 343
270 287
237 303
78 93
28 217
294 86
202 386
116 383
250 135
360 57
96 330
266 56
382 221
355 365
287 291
194 390
107 398
366 371
307 78
33 19
211 172
70 337
195 319
130 14
117 287
394 31
11 364
101 162
66 254
311 127
283 170
62 391
177 305
70 39
279 42
57 131
70 250
167 317
233 323
168 147
85 198
194 66
263 145
201 127
249 35
145 301
325 349
353 387
320 13
330 112
200 80
364 170
269 158
371 14
166 394
240 177
170 332
392 240
170 226
270 107
99 332
102 186
371 225
286 151
160 114
270 43
209 137
281 42
28 338
278 41
127 328
149 258
322 19
167 282
172 390
37 370
307 149
24 384
233 368
9 388
1 261
327 104
120 311
71 151
25 329
164 244
88 370
286 210
134 302
204 215
375 248
167 222
341 137
304 154
156 73
206 270
90 171
378 174
208 74
90 372
66 364
339 175
270 397
119 199
171 58
87 59
236 324
235 380
283 181
381 182
133 76
338 249
66 184
223 82
150 197
335 223
208 352
375 288
380 56
385 314
329 341
276 134
77 309
329 333
118 394
16 363
117 163
46 258
151 309
354 385
192 217
105 219
153 122
146 378
362 310
87 50
393 64
248 336
86 342
362 106
268 196
312 320
309 278
157 381
284 100
343 156
152 292
91 126
193 1
73 346
19 226
363 113
89 327
365 300
79 285
142 144
8 24
146 324
76 200
83 363
256 37
112 190
153 229
372 22
103 129
398 378
111 64
196 134
320 171
206 91
396 357
130 126
302 308
393 269
339 395
186 225
332 303
122 146
293 61
66 395
112 73
378 308
400 174
112 196
92 328
186 272
103 29
246 125
385 215
233 290
147 110
302 130
107 134
143 110
393 213
15 137
142 72
94 356
329 112
207 228
393 96
285 142
12 314
306 178
25 97
315 242
243 283
232 103
142 355
292 251
216 203
374 351
255 351
127 306
127 387
290 86
174 287
366 205
338 163
77 11
118 30
137 183
293 138
114 183
183 304
243 141
6 20
177 86
160 331
174 243
200 231
303 253
377 55
129 133
371 215
83 307
377 49
301 6
362 138
374 16
138 60
198 50
116 313
237 255
288 186
246 136
78 187
120 246
263 181
176 276
36 44
151 396
64 150
38 323
235 265
189 76
221 327
143 57
60 382
338 121
89 36
269 146
156 109
368 103
148 54
176 386
366 379
112 69
91 341
204 307
16 175
355 189
217 229
346 32
29 99
20 162
99 93
7 49
120 46
14 71
256 343
71 297
276 33
382 253
184 373
317 327
244 386
394 94
36 335
4 52
323 143
334 50
359 271
52 386
263 240
302 258
95 306
366 115
307 24
337 119
292 9
354 232
270 377
168 305
51 285
142 335
190 400
21 89
77 309
235 135
348 290
184 345
346 102
91 244
299 129
27 296
173 307
328 170
171 289
227 254
107 91
221 148
247 209
57 344
325 251
382 370
98 323
25 43
232 400
207 155
57 72
390 232
201 232
380 106
241 236
195 195
24 118
344 3
215 214
49 356
393 143
344 117
88 328
375 267
254 240
397 324
52 358
38 240
278 352
100 150
300 186
85 50
178 320
92 256
396 41
315 328
320 50
114 216
182 209
12 146
51 88
172 305
377 336
25 160
192 86
238 213
51 167
33 184
227 160
359 326
227 328
254 262
156 254
168 379
330 329
49 272
224 302
293 23
326 47
166 277
85 56
51 93
184 180
113 228
101 75
150 88
179 70
47 52
256 33
163 141
251 51
279 304
78 139
295 255
345 176
378 341
311 265
314 15
120 363
394 224
371 117
206 316
328 369
249 131
108 338
266 136
279 158
220 106
110 263
220 379
77 10
249 97
179 50
290 271
159 364
182 394
284 47
298 152
55 319
162 301
264 42
119 358
276 337
272 392
329 103
65 89
99 273
109 133
292 181
57 378
376 124
283 16
188 352
85 280
170 248
302 143
258 223
19 229
147 331
206 325
165 253
47 76
358 130
236 38
59 87
71 150
50 179
293 175
111 8
239 347
133 61
25 336
346 186
134 392
227 343
295 332
351 175
213 62
345 128
363 99
275 300
364 360
149 331
363 269
32 112
123 258
186 207
269 330
259 265
67 118
275 236
73 348
352 340
165 299
45 264
51 144
270 101
161 235
83 269
44 399
132 375
327 326
242 73
327 300
105 326
351 281
121 82
48 265
75 389
262 237
233 55
115 358
309 140
292 318
214 138
141 107
369 125
11 99
139 236
313 167
289 138
12 335
251 126
58 377
12 254
286 68
60 43
197 188
50 162
31 273
203 95
141 13
243 292
304 187
231 54
108 62
278 256
64 289
237 326
73 236
396 333
75 213
245 332
17 388
257 381
101 233
161 48
371 399
126 68
243 170
266 194
84 385
281 355
264 295
271 244
57 35
391 17
215 352
127 179
370 225
84 353
295 151
46 121
399 129
339 123
30 343
57 42
295 244
14 27
177 48
107 334
289 234
209 20
285 395
390 283
183 131
278 200
358 380
182 372
236 96
8 287
106 334
255 136
373 6
5 293
147 307
180 218
355 275
240 226
287 249
87 102
296 29
216 155
379 26
113 296
247 145
20 383
370 348
101 365
351 18
263 58
170 307
380 79
126 371
371 361
164 290
120 283
235 274
333 59
111 93
219 24
166 147
103 400
42 281
289 272
291 85
348 82
399 124
332 13
241 377
69 282
114 325
22 322
88 122
59 295
250 37
253 131
327 42
139 177
251 169
228 153
388 290
89 241
390 376
93 357
121 31
252 67
134 128
230 349
299 123
103 257
194 205
126 96
54 366
100 300
27 248
343 31
123 226
226 249
377 361
244 210
61 385
3 168
237 395
231 120
47 217
165 51
31 5
128 113
29 228
140 257
75 353
353 398
219 204
326 180
122 17
99 119
45 288
321 187
33 345
399 36
170 223
115 164
274 303
397 95
383 121
159 11
53 246
358 104
164 101
136 127
263 293
100 357
323 188
385 58
75 367
117 254
307 217
87 92
330 46
212 356
191 242
249 7
62 218
312 385
347 16
97 337
233 332
301 120
160 37
126 351
284 91
171 232
233 139
233 213
201 141
375 244
288 56
24 357
283 274
328 278
202 10
302 92
55 120
270 61
360 33
28 308
99 345
267 323
263 139
48 54
158 103
327 190
179 384
184 131
8 6
265 26
86 108
87 26
112 361
168 44
77 288
196 44
102 52
160 58
41 208
100 377
358 287
148 210
386 210
330 184
221 202
293 375
246 89
295 142
227 170
293 241
251 331
386 190
22 64
374 138
154 183
121 157
201 200
156 321
2 314
328 338
86 116
186 36
57 172
133 172
146 150
94 24
235 162
143 321
54 33
239 152
142 5
266 9
230 353
366 133
364 66
400 359
162 173
74 173
155 305
284 207
279 345
6 154
392 290
316 303
294 356
394 122
22 69
393 303
217 388
180 97
216 309
21 13
197 346
115 300
195 111
15 35
329 203
129 20
199 142
129 265
247 296
277 123
76 169
115 265
61 296
9 329
242 235
360 5
160 303
229 276
400 153
395 63
170 312
163 190
227 305
31 91
114 53
290 113
40 56
112 332
198 189
61 7
106 130
204 375
378 242
3 183
259 284
274 121
222 165
23 24
374 221
126 379
360 53
284 196
280 391
161 97
134 163
343 298
321 364
165 50
52 13
145 201
91 108
94 195
327 37
195 257
228 78
35 288
327 361
69 70
307 161
336 193
71 390
399 185
40 45
79 271
48 247
97 306
124 236
105 53
238 238
57 215
225 133
391 213
207 219
35 272
377 311
150 365
348 379
212 182
369 256
134 400
50 271
232 170
387 370
15 268
95 325
185 384
280 161
23 29
297 129
16 296
222 254
191 126
298 11
216 64
71 256
391 27
104 234
98 338
238 242
53 175
142 47
181 140
76 11
195 216
111 313
153 255
127 208
79 196
363 123
305 107
281 268
148 223
22 250
304 245
26 124
71 282
154 226
106 59
56 125
109 189
279 196
110 255
379 164
158 25
67 124
54 140
244 372
20 244
356 6
265 109
289 383
141 143
92 207
165 8
179 294
68 120
58 173
47 18
61 270
306 31
168 93
271 67
271 140
13 141
302 30
277 383
96 29
230 330
368 268
89 283
115 137
174 262
36 355
1 135
42 229
346 2
108 213
159 154
47 351
13 2
57 328
87 218
134 151
321 334
260 379
367 50
132 243
291 46
174 79
290 212
170 250
43 136
14 374
73 48
52 328
87 278
133 124
385 71
93 9
367 219
340 155
303 108
383 177
41 338
302 68
384 266
283 302
33 123
103 390
185 389
324 297
53 174
63 274
86 367
92 396
196 97
131 367
260 138
371 358
278 91
78 278
321 217
140 231
281 107
218 101
51 101
286 82
359 270
366 70
366 119
362 92
396 182
391 257
63 125
330 207
245 202
79 16
107 161
232 52
321 352
200 117
100 125
153 127
121 386
104 153
79 270
62 218
234 81
204 226
60 18
391 2
126 195
264 94
353 204
138 371
21 286
94 343
244 246
377 299
276 33
232 146
374 85
373 303
222 212
208 152
312 268
167 395
256 339
256 333
275 66
172 128
113 385
34 80
230 200
333 314
114 214
163 188
188 399
48 174
116 241
272 109
342 211
143 22
182 319
255 176
221 50
318 199
355 136
45 247
340 246
242 265
79 374
285 196
80 187
82 136
217 157
190 52
165 336
144 159
126 134
136 63
67 185
264 49
379 373
210 84
107 245
46 397
391 185
321 258
113 94
378 120
383 254
15 298
368 58
5 398
165 314
22 156
183 145
373 74
325 323
357 272
90 89
383 325
54 271
329 177
387 389
307 362
244 156
154 388
59 235
16 97
214 59
190 392
290 82
233 52
9 167
270 303
355 23
9 280
107 2
330 283
321 201
281 349
362 369
251 13
85 267
298 334
33 43
82 394
304 213
81 299
392 88
172 112
269 282
146 322
285 81
121 59
207 151
54 3
98 361
17 6
259 219
168 62
377 320
240 31
97 14
355 318
149 291
255 181
368 239
182 241
33 381
142 59
396 153
298 300
318 95
335 248
288 331
57 264
368 144
193 135
264 112
285 287
352 24
316 91
275 397
31 224
294 24
337 177
186 53
258 95
149 240
177 88
220 142
21 245
22 63
345 356
115 272
279 371
215 118
324 46
240 25
271 182
25 265
35 103
49 99
27 276
55 258
339 61
2 275
215 297
231 56
135 316
100 31
369 337
116 193
107 334
291 11
360 307
16 370
360 198
91 275
266 387
374 145
268 273
270 38
20 327
341 33
10 231
93 249
127 93
255 41
113 86
150 91
75 322
39 299
59 176
66 119
190 238
367 398
57 266
358 285
323 24
183 158
110 7
109 354
33 235
336 394
267 34
386 334
39 278
242 58
322 87
74 327
359 355
16 149
178 59
37 81
241 292
319 292
304 16
26 356
268 199
177 118
175 101
215 206
33 134
364 209
172 3
67 173
21 380
183 319
299 92
397 243
163 312
215 228
368 72
150 24
154 15
6 123
325 319
19 116
138 132
259 196
225 93
211 291
60 52
372 218
4 274
137 257
149 105
8 386
392 175
196 96
22 7
229 105
188 199
43 38
182 311
316 114
195 324
143 280
383 13
363 225
261 108
83 227
342 220
363 398
145 246
349 138
53 73
252 120
321 234
150 367
200 231
235 221
234 241
45 364
41 388
119 234
251 268
24 4
178 30
10 17
85 312
313 355
147 185
385 316
391 348
114 223
330 223
60 36
228 22
107 89
92 193
9 216
116 261
273 91
65 321
41 76
300 393
399 374
190 88
24 260
155 46
61 275
315 393
242 31
224 369
173 342
336 388
166 395
395 245
200 165
261 276
63 273
194 86
326 11
25 32
281 216
142 63
161 236
56 299
323 18
144 215
148 111
65 224
293 326
122 34
176 215
369 36
3 234
294 360
130 36
327 261
52 352
142 138
250 232
125 140
52 358
143 88
362 299
288 327
137 178
337 71
205 223
32 271
278 184
199 260
345 19
170 291
83 237
239 221
331 261
75 309
210 342
89 216
359 336
280 273
147 313
335 182
381 226
234 127
355 331
290 149
75 283
1 237
336 386
218 7
187 17
176 58
170 20
262 257
43 38
12 238
140 66
332 296
244 312
169 123
133 67
311 352
21 346
84 286
16 270
64 209
239 175
7 280
82 59
213 274
165 51
255 78
142 229
23 214
144 297
386 175
265 45
114 175
359 158
100 376
200 399
252 392
143 364
25 367
36 19
308 266
76 33
277 135
268 174
330 387
225 200
196 268
155 234
133 221
72 343
47 379
65 285
330 154
65 73
1 76
254 109
290 200
44 133
383 133
88 157
2 225
307 295
272 97
120 195
364 325
185 376
95 101
57 276
113 139
97 326
105 270
29 258
101 91
131 168
342 107
306 361
334 319
246 238
11 70
75 233
136 314
76 329
321 106
45 234
296 47
255 145
114 376
255 61
26 119
163 18
66 9
323 363
342 288
234 107
334 79
399 52
113 51
80 380
174 131
159 183
134 58
3 183
219 248
48 331
350 32
185 114
149 175
342 395
378 249
277 297
113 361
67 77
121 291
364 315
119 144
154 395
172 174
8 99
279 303
226 121
60 78
199 113
139 8
105 127
189 203
261 51
13 326
156 369
373 154
40 306
151 287
74 318
167 96
372 18
50 382
21 6
272 164
149 316
13 176
314 229
255 383
141 18
132 255
342 19
185 98
215 341
383 380
136 392
60 304
216 92
19 310
368 256
378 140
367 99
276 20
284 43
184 130
386 309
188 193
88 221
5 350
267 244
83 341
266 378
390 72
82 176
293 55
169 93
396 266
319 334
33 61
350 128
191 204
198 257
209 270
295 74
276 246
242 264
280 61
368 337
141 266
204 211
271 27
389 250
79 341
357 59
337 268
179 377
6 222
319 156
280 301
60 66
162 99
368 202
79 133
253 185
323 7
392 355
182 94
178 125
39 358
58 360
8 229
331 118
49 206
40 52
22 21
153 155
136 196
108 63
245 327
207 381
149 16
139 249
32 12
186 36
375 164
239 64
90 13
269 28
201 277
184 252
206 279
45 262
258 229
325 397
218 220
143 33
378 79
163 257
156 263
83 52
43 65
133 182
42 20
97 88
121 35
339 118
21 26
163 333
196 180
263 375
284 223
308 4
175 74
10 222
111 53
153 390
277 153
214 79
6 228
343 195
309 141
258 175
229 360
271 396
10 361
57 34
104 173
130 16
310 223
339 21
373 380
217 100
214 206
373 331
343 277
161 223
19 152
210 328
274 310
229 12
294 99
123 77
99 114
388 304
112 368
251 242
49 289
244 308
167 372
72 162
