400
8000
362 398
281 201
274 130
126 294
224 36
119 221
133 305
216 378
260 114
233 388
52 131
147 317
222 243
375 143
78 270
160 364
223 282
132 187
196 75
78 209
123 324
263 325
370 376
241 135
180 329
245 288
116 208
203 99
128 1
258 200
126 192
242 369
95 87
67 229
231 219
162 136
327 195
76 302
250 83
30 283
14 326
82 192
148 191
112 210
321 374
87 17
390 202
323 236
6 149
107 158
388 141
150 220
90 80
310 304
137 49
263 345
213 177
218 319
4 42
7 273
136 123
62 117
122 387
382 197
306 100
319 310
165 177
285 397
71 382
55 243
84 131
389 371
322 169
227 131
197 29
248 295
300 277
315 344
377 153
363 141
43 397
208 65
252 77
293 368
61 347
73 279
342 130
48 382
161 369
221 46
74 207
306 369
157 167
310 214
399 29
243 186
347 340
125 383
155 343
204 398
329 92
92 305
284 69
233 193
289 352
57 172
56 223
239 226
68 305
146 63
183 221
135 66
350 342
209 178
373 320
312 338
334 212
322 239
236 156
134 48
338 184
106 324
21 95
49 252
206 103
59 197
99 225
271 288
80 179
322 151
125 77
316 284
29 317
184 312
207 60
59 200
29 397
193 100
188 35
354 343
208 320
98 269
4 72
141 351
355 106
166 92
206 122
356 384
58 30
153 266
168 182
158 273
141 117
215 329
51 391
146 208
250 283
387 262
106 306
179 277
1 279
182 224
41 342
398 213
324 124
57 69
173 240
22 132
179 169
328 36
150 84
63 357
212 15
174 313
76 198
341 204
292 98
93 203
276 212
274 166
186 377
84 61
255 381
138 97
43 23
229 192
254 184
360 331
135 317
241 286
204 126
315 390
179 384
44 207
252 268
346 6
149 302
252 238
38 392
320 180
350 157
216 157
66 268
10 327
218 20
105 128
126 240
188 264
34 367
320 370
112 107
108 74
361 8
296 103
290 286
367 240
295 293
24 300
135 187
252 24
164 25
126 192
206 361
4 272
198 189
127 258
156 209
70 197
119 317
169 77
293 349
323 321
387 221
239 392
100 272
114 46
389 34
64 58
93 190
319 304
340 107
140 229
133 378
31 147
251 278
1 15
170 224
324 93
39 88
17 99
231 337
373 349
7 171
262 355
111 175
324 374
228 354
258 149
221 387
254 324
58 74
363 128
384 307
180 50
375 234
211 297
228 69
370 167
3 220
378 288
187 292
27 220
379 235
356 253
128 50
257 227
81 225
281 284
277 228
148 329
47 176
47 114
57 206
341 326
64 155
230 393
397 325
48 302
94 335
68 299
393 299
212 132
220 24
278 281
281 203
256 247
253 41
365 378
107 134
356 31
381 355
359 96
335 395
210 397
14 164
313 74
160 400
390 239
79 285
40 140
260 155
149 114
335 206
148 80
15 24
15 229
4 234
65 185
184 279
194 79
147 108
251 209
119 205
178 125
106 49
75 99
152 287
19 87
242 387
315 2
238 94
377 129
170 75
102 22
66 377
223 392
265 368
118 242
375 374
53 38
368 66
299 30
170 179
4 23
271 43
350 339
388 315
109 328
286 140
220 76
366 180
150 14
9 208
361 16
284 202
70 272
107 64
150 363
363 165
117 56
400 94
223 138
132 372
306 56
191 397
243 396
172 118
147 185
21 200
38 47
143 165
274 79
113 342
358 90
18 3
4 122
48 180
68 351
377 252
271 205
240 239
290 38
316 251
350 98
222 143
358 6
13 134
200 127
111 354
373 158
341 357
246 28
56 71
141 118
283 340
139 340
5 37
366 80
390 155
326 313
276 18
261 347
272 238
216 57
46 324
261 366
371 210
375 169
397 339
60 369
138 75
90 226
79 124
34 391
78 307
213 186
388 213
112 81
278 233
43 350
109 79
54 256
347 265
134 220
95 141
283 198
359 82
218 191
70 275
118 311
286 20
249 130
80 223
9 238
116 42
200 88
377 361
14 359
109 266
115 244
24 67
397 256
149 259
150 340
114 258
387 301
198 193
151 232
300 354
228 387
61 48
59 384
248 399
78 236
98 122
121 298
71 33
34 106
231 260
86 34
390 174
396 263
46 32
263 228
319 14
322 121
109 128
98 161
282 49
44 261
131 378
11 60
327 376
170 155
149 289
213 242
12 367
327 22
294 72
81 166
143 235
197 176
10 19
313 336
112 300
351 364
109 284
392 211
134 20
276 140
389 400
179 96
397 331
148 155
226 244
97 139
276 110
395 183
142 327
225 355
181 47
118 301
207 285
243 327
87 306
123 94
7 236
315 197
196 360
372 139
329 285
51 353
389 62
44 242
393 319
170 228
220 110
14 333
325 85
140 48
341 81
341 133
151 333
291 208
283 131
214 283
229 147
219 220
376 102
200 350
339 201
65 271
9 163
250 281
148 81
126 277
294 387
326 139
131 164
118 239
178 250
301 67
396 38
138 271
286 263
265 277
167 309
376 142
140 318
211 296
32 73
89 49
372 51
140 198
271 208
226 199
292 161
67 87
106 318
395 178
280 144
218 397
169 167
188 265
385 341
77 204
394 138
88 375
49 83
146 218
279 331
161 360
153 156
200 152
145 110
263 151
262 309
61 51
242 344
138 311
177 222
48 232
121 66
219 285
68 333
359 72
344 214
274 100
22 353
185 101
188 162
189 21
108 182
45 205
247 155
289 324
350 324
224 291
321 265
250 190
278 350
128 234
390 116
302 204
368 255
358 193
188 159
107 192
167 280
14 234
399 168
79 5
307 93
244 54
342 35
322 392
82 290
114 124
230 232
137 376
19 43
17 277
104 241
149 57
153 295
254 320
245 4
147 29
200 316
263 42
62 91
58 189
170 388
287 54
346 34
129 33
194 61
327 1
33 153
73 133
186 188
321 57
62 27
270 316
294 26
132 182
252 181
172 35
185 213
134 74
42 191
71 198
120 80
51 159
38 151
73 44
56 75
294 145
285 203
133 100
198 396
95 297
352 35
340 44
370 161
394 264
391 9
351 81
27 86
191 163
341 354
128 323
125 102
31 75
385 38
172 251
348 85
59 224
65 261
398 51
108 143
195 335
143 63
125 129
314 392
354 338
331 309
304 99
248 185
343 182
25 151
96 117
296 216
165 59
168 234
389 329
311 400
185 107
376 119
194 141
275 49
318 287
220 150
203 256
171 20
392 212
394 260
135 11
109 2
324 216
293 251
13 300
25 3
138 62
232 34
143 308
138 218
111 211
370 142
87 123
63 302
52 258
289 208
247 170
211 315
153 193
292 267
178 135
188 378
179 172
206 322
54 284
364 203
312 275
83 390
61 109
142 302
109 346
67 76
250 399
201 257
318 270
11 121
113 273
164 223
130 367
227 170
247 142
66 124
186 91
45 140
42 141
366 255
250 146
314 329
267 147
100 73
261 37
250 287
158 211
329 375
195 171
61 337
83 102
297 352
342 341
122 314
4 173
107 369
25 19
154 95
143 14
204 96
95 240
214 162
148 126
33 265
57 358
113 130
276 199
268 241
280 142
249 274
79 134
10 198
233 252
184 111
204 154
236 347
239 122
323 17
223 8
74 301
216 68
264 93
180 169
30 95
65 249
82 120
81 343
32 185
354 212
349 343
143 374
155 245
67 382
131 344
79 52
279 42
218 324
49 145
142 181
203 307
277 166
196 136
204 57
224 41
168 29
91 247
311 76
360 328
16 292
128 189
350 235
197 48
199 22
311 131
71 154
58 382
1 5
129 222
160 56
365 331
66 255
243 236
171 303
34 144
97 52
246 152
85 268
302 156
137 151
293 248
151 116
313 15
333 188
233 120
385 66
126 318
33 349
180 327
157 391
208 392
192 389
378 400
361 395
123 198
99 274
72 91
246 359
223 360
74 284
32 193
261 134
351 298
145 315
184 290
389 340
277 231
145 326
203 74
381 337
211 235
22 238
72 33
138 150
215 245
327 95
93 239
377 378
354 203
318 337
83 285
202 348
334 6
181 275
397 214
390 361
112 63
213 217
298 174
233 63
258 273
77 174
338 336
68 108
396 190
50 259
96 241
274 37
311 132
87 288
312 102
93 336
376 234
60 357
68 211
15 180
295 310
272 363
64 148
263 128
252 83
352 265
231 86
94 247
124 118
134 341
321 50
225 166
145 333
290 50
384 33
335 266
389 295
227 24
36 70
271 125
338 358
147 38
262 257
60 262
36 317
7 142
353 66
170 190
322 297
336 111
48 328
124 284
4 288
345 363
157 362
263 205
291 305
358 3
243 332
139 309
261 31
133 123
30 141
72 175
149 201
226 260
206 22
229 349
183 251
44 126
194 160
385 248
137 139
222 379
175 327
243 76
118 108
319 71
61 184
142 328
150 272
158 280
274 198
186 199
198 125
336 249
311 386
98 85
54 61
67 219
330 159
31 385
23 38
38 242
251 91
24 172
368 324
99 54
377 180
71 293
99 364
270 191
170 120
395 45
160 167
205 283
207 108
211 300
186 103
169 70
204 333
332 197
115 63
220 188
326 177
44 122
286 171
386 397
19 307
60 56
179 137
87 215
114 181
306 341
215 168
400 38
3 213
260 62
249 396
220 234
55 199
293 284
275 243
135 226
244 82
11 206
141 13
199 278
27 116
231 272
86 293
114 78
175 104
240 305
334 38
200 106
199 133
261 306
67 251
169 263
193 279
254 329
1 46
255 126
373 216
225 342
266 23
241 194
189 368
120 93
359 256
395 134
210 308
166 8
89 329
77 75
321 369
367 83
209 41
228 297
382 48
286 345
323 214
357 170
221 128
27 20
346 264
39 331
387 81
362 61
264 380
56 135
242 354
311 374
144 5
25 214
14 317
277 212
32 347
296 118
234 327
47 252
115 400
136 120
369 341
115 335
113 196
393 91
360 286
331 213
306 23
127 67
149 7
179 352
44 203
226 274
191 288
290 139
267 116
27 298
33 12
315 50
352 386
191 118
9 80
136 242
76 171
226 50
388 276
108 277
256 245
166 32
270 360
75 330
3 255
128 294
154 113
52 72
116 81
4 209
165 97
207 370
261 381
323 247
354 249
38 369
282 301
88 90
179 370
233 338
219 117
56 346
336 323
199 261
117 242
1 1
5 362
9 373
377 96
361 294
302 87
244 294
277 29
227 45
235 348
335 218
117 206
399 149
122 345
157 234
108 8
69 78
127 38
64 134
121 37
216 334
94 220
205 243
222 354
20 297
270 338
341 289
225 176
184 82
326 165
291 47
127 326
36 325
98 157
99 350
94 23
142 25
33 372
141 361
206 161
183 354
230 205
398 248
90 63
93 40
54 70
381 162
354 322
110 337
317 307
365 300
23 337
203 198
220 311
342 336
387 23
68 189
194 322
367 18
37 84
168 238
182 365
226 243
10 365
263 74
286 337
390 100
5 167
376 204
300 177
128 41
361 214
223 246
298 210
312 226
278 29
375 306
339 347
249 183
3 235
355 215
161 169
49 54
163 90
156 349
368 73
295 79
178 290
362 29
213 49
199 384
250 116
263 317
80 117
5 316
232 4
247 395
130 244
332 277
279 204
189 116
340 106
355 82
92 223
179 355
176 271
162 304
209 127
342 279
266 386
332 346
332 276
176 44
190 56
30 23
24 355
400 64
53 122
369 187
43 188
99 274
375 307
290 80
46 378
159 44
69 217
162 337
70 139
181 209
383 312
16 328
231 58
215 174
31 180
13 217
58 148
274 262
9 231
227 229
251 347
88 294
164 307
312 31
100 73
339 335
247 380
199 233
235 75
93 55
398 273
92 84
190 91
400 45
55 257
107 162
280 357
254 304
183 231
261 133
273 278
30 43
23 265
400 278
89 283
185 74
387 260
371 242
136 304
251 146
163 167
283 299
373 196
27 89
74 34
304 378
167 250
284 69
61 341
142 256
25 85
3 120
224 197
1 273
26 243
279 300
94 231
372 295
24 330
188 291
84 146
337 384
124 224
57 185
127 322
251 162
255 337
60 123
24 218
25 5
385 72
306 170
293 224
55 92
372 192
209 290
348 52
398 186
305 162
399 229
143 177
145 58
177 310
350 161
61 245
32 142
294 376
345 317
83 127
312 63
42 399
192 228
146 333
24 308
169 309
33 391
219 177
42 154
274 365
173 340
58 72
257 93
268 17
346 310
29 369
137 301
373 184
76 147
367 57
288 272
190 5
300 399
217 82
289 118
325 64
135 182
204 82
363 85
360 22
228 200
187 103
97 280
260 39
307 262
113 336
375 379
211 146
161 187
120 140
159 11
345 112
96 174
18 79
61 21
314 82
79 155
211 320
146 256
131 282
169 229
37 248
324 382
162 399
68 315
87 184
58 125
9 179
188 266
283 34
311 193
60 82
153 52
307 218
37 382
399 150
284 127
200 388
242 240
192 139
254 67
211 48
233 9
372 11
290 10
400 384
315 221
347 343
382 366
330 327
57 47
228 363
221 89
351 276
108 126
368 183
179 74
356 148
315 60
144 229
76 47
29 33
376 199
375 80
348 345
213 126
166 354
358 50
393 146
391 385
183 72
200 199
158 351
3 251
355 202
321 368
291 335
320 257
237 39
176 171
255 37
17 78
27 122
190 239
33 135
28 324
110 201
284 144
142 231
178 27
390 80
299 189
319 181
157 4
236 227
385 81
118 291
206 160
34 95
9 211
154 3
213 101
143 152
143 123
144 187
169 217
390 295
316 365
20 228
14 189
46 1
374 93
44 228
309 282
158 139
194 387
197 237
121 155
328 83
354 30
230 226
43 332
195 31
390 123
75 39
346 343
81 238
331 230
195 121
68 15
11 281
314 123
400 148
122 330
243 101
233 146
241 115
174 317
386 120
369 75
364 51
243 100
364 225
398 307
119 374
382 55
74 263
158 278
33 207
34 270
216 153
283 29
129 87
200 308
230 23
219 150
160 76
292 155
212 202
229 111
203 80
369 179
102 156
131 376
285 165
213 93
122 84
106 124
287 301
2 292
368 347
207 396
236 379
136 254
338 332
392 170
327 102
81 211
306 261
289 118
374 1
100 226
324 255
105 95
355 310
72 339
262 125
139 144
223 307
344 287
74 365
65 116
268 291
114 34
141 396
31 154
294 53
12 13
178 23
294 38
370 229
212 112
259 320
97 45
173 211
212 270
149 132
214 370
87 134
58 203
147 110
41 386
18 186
182 368
225 221
367 123
212 107
20 47
389 275
52 392
77 151
122 214
323 364
392 331
87 358
92 261
363 302
67 108
394 54
197 134
80 331
342 11
228 156
322 231
122 56
295 8
139 272
110 96
294 359
371 278
207 236
159 345
353 182
206 157
7 50
42 187
302 224
41 200
11 48
74 251
57 92
100 104
40 80
100 194
171 26
108 27
284 365
136 203
251 178
354 312
121 375
208 226
277 310
149 247
382 246
8 392
264 233
397 94
3 123
230 202
306 281
3 364
72 103
220 68
316 106
222 166
150 321
348 197
342 331
3 169
151 363
305 294
56 299
118 44
272 82
28 186
378 105
87 230
165 81
354 86
295 201
68 141
145 156
158 76
27 286
271 390
305 120
243 312
318 246
110 376
348 124
267 101
14 361
360 198
41 185
155 286
230 321
371 306
174 298
217 42
87 384
362 350
5 222
98 100
109 104
95 47
56 258
42 91
122 216
197 128
47 328
187 292
98 277
58 81
192 396
290 89
117 247
149 7
52 72
394 328
201 338
133 203
41 282
384 273
105 200
190 175
348 285
153 333
4 238
299 130
236 316
238 281
183 339
49 278
224 325
280 330
78 311
186 235
256 161
161 45
76 114
381 109
129 255
227 106
246 279
396 395
224 340
359 106
358 119
400 350
24 257
246 220
400 398
362 181
188 5
9 12
361 315
124 47
156 48
387 203
259 328
335 23
240 181
21 63
160 197
363 236
97 303
394 95
345 227
221 105
73 8
98 296
61 267
209 280
299 311
251 267
48 75
126 46
118 111
289 17
112 123
134 22
190 44
70 116
96 326
84 200
109 290
378 313
332 75
130 63
76 148
135 377
367 390
338 11
93 57
325 82
27 176
244 186
360 243
336 247
219 7
93 159
61 38
268 122
25 327
283 20
63 132
324 218
55 2
118 248
299 341
23 394
136 210
312 181
250 20
247 180
76 189
265 240
261 200
98 258
178 221
125 323
390 174
208 325
183 370
13 142
215 335
371 256
120 387
223 138
66 362
155 44
90 67
271 70
180 139
212 21
400 33
297 360
61 38
227 335
49 81
232 22
86 337
44 234
273 122
105 165
346 291
257 208
53 184
196 262
111 207
1 231
364 377
119 322
257 43
331 83
74 354
20 307
54 122
347 109
229 39
115 29
348 279
1 309
353 140
228 80
62 228
361 280
33 319
332 203
164 18
332 374
188 256
251 341
29 283
152 116
392 169
346 387
43 265
180 48
11 10
202 263
280 116
155 128
155 376
276 223
331 384
367 324
377 67
230 182
339 299
399 107
338 166
135 20
110 337
170 389
255 393
36 142
382 238
4 73
35 54
157 86
31 271
283 249
69 288
243 19
305 221
280 184
309 395
303 384
310 93
223 383
228 25
340 238
300 136
222 83
163 217
375 324
157 44
36 36
181 260
165 196
279 367
31 31
24 217
131 52
137 174
9 209
325 50
152 4
121 276
191 35
361 277
20 93
76 233
355 207
367 311
24 64
228 41
191 183
269 340
377 392
275 113
181 93
179 106
167 368
93 280
1 100
85 68
281 388
80 31
266 371
328 239
312 136
41 107
313 203
314 369
72 76
20 137
393 217
313 355
179 272
209 49
318 376
164 56
119 317
282 124
367 16
298 32
349 104
288 232
35 356
93 383
331 106
88 302
277 224
323 316
67 242
131 135
392 333
253 96
298 273
203 343
12 275
70 44
289 308
275 356
93 273
184 205
300 117
84 110
369 269
340 171
189 87
391 327
135 13
301 317
338 298
49 82
225 393
275 41
8 208
113 238
112 59
67 135
47 165
49 218
380 121
315 212
281 73
176 43
50 206
135 332
186 31
352 280
265 394
215 339
285 105
86 287
227 149
356 279
166 77
27 261
156 98
357 181
218 352
249 125
103 217
86 363
172 226
243 363
188 363
309 130
58 75
105 98
237 158
19 327
242 1
330 130
367 263
316 310
335 232
388 363
13 176
164 311
312 155
91 109
3 100
384 138
66 189
266 51
16 22
390 126
393 345
135 166
94 88
152 201
188 59
273 192
178 300
105 243
53 366
299 311
57 325
109 54
14 378
50 40
34 376
391 371
316 33
376 19
19 71
223 354
119 234
97 256
145 186
365 331
161 385
269 66
151 137
160 400
390 54
146 293
168 45
51 347
180 319
92 28
120 128
273 23
400 102
330 139
385 7
290 112
319 145
239 65
335 268
156 309
371 383
247 224
123 123
361 329
241 280
328 218
303 91
195 282
340 193
249 259
353 248
224 287
126 78
340 258
278 218
239 172
60 345
254 109
229 215
196 252
398 23
261 348
396 253
118 270
255 111
348 98
78 34
354 249
360 185
70 26
143 380
377 399
68 331
58 24
361 226
158 392
29 24
58 319
140 114
305 103
362 340
399 222
380 18
348 389
314 77
32 124
195 130
214 252
228 394
341 39
68 29
109 139
214 43
306 176
173 64
313 307
131 47
198 234
345 67
321 223
93 389
310 347
152 40
73 350
30 195
129 387
50 378
256 200
385 182
194 151
271 343
184 301
5 178
395 165
12 41
337 85
361 233
33 334
259 7
209 140
234 292
283 218
115 30
343 209
124 22
193 87
190 238
167 241
342 374
9 295
238 103
28 129
119 244
338 12
294 151
368 300
249 91
173 328
388 309
363 186
162 350
364 117
373 375
174 293
28 104
337 221
217 353
382 308
307 2
114 260
110 221
258 79
328 156
169 198
277 104
69 182
208 367
399 344
237 329
167 52
380 268
244 69
133 330
311 75
101 329
302 39
108 285
342 124
15 25
178 232
333 323
90 397
154 279
334 314
53 61
319 356
70 20
337 187
235 127
63 22
55 211
198 311
333 377
148 125
15 300
258 4
301 246
239 113
94 237
136 220
319 373
255 111
125 75
210 328
152 41
213 59
400 229
124 203
173 47
183 180
171 62
286 187
56 170
361 289
267 168
211 283
31 320
249 327
70 72
252 356
5 86
345 246
229 386
139 184
287 251
93 88
306 204
65 174
128 167
325 21
203 335
302 232
399 198
83 355
62 219
1 400
348 228
115 89
41 207
214 344
286 111
270 264
225 357
195 379
192 62
253 3
256 199
81 385
106 270
263 254
330 243
376 41
179 393
315 378
316 152
136 353
25 72
76 289
193 315
42 72
221 79
163 390
17 203
214 300
381 274
344 30
94 44
399 115
162 278
33 333
153 233
5 359
366 251
44 127
146 145
77 214
194 277
319 135
316 212
283 187
173 37
275 226
289 274
81 203
358 250
16 82
17 216
94 242
94 343
308 389
90 167
104 173
343 184
40 125
156 337
182 172
397 319
252 396
315 165
59 299
400 195
217 247
100 92
271 36
63 228
339 268
124 105
304 8
397 211
119 89
175 149
282 51
245 320
55 38
358 265
233 249
290 51
143 28
62 322
300 19
32 366
339 380
320 296
171 60
316 238
185 118
12 8
91 379
304 348
156 383
79 320
119 324
374 75
17 269
232 342
129 350
3 48
65 372
142 66
51 388
278 375
310 325
124 239
146 205
107 90
366 67
387 6
391 241
5 389
323 125
62 325
248 320
30 308
193 107
283 119
93 27
213 135
352 2
146 188
65 240
46 384
227 371
371 166
15 160
173 373
121 119
388 374
51 373
228 84
381 252
114 43
389 3
377 310
379 314
81 104
350 33
310 392
139 159
35 57
321 330
236 8
228 262
78 35
62 101
209 175
245 170
124 200
258 220
16 366
63 107
71 184
91 359
140 101
325 22
376 302
16 15
352 355
143 69
121 79
134 370
11 199
397 190
190 322
201 47
28 95
359 146
67 377
126 287
321 58
162 139
42 112
27 272
223 310
169 146
291 157
357 58
239 4
182 34
268 120
311 282
209 283
238 68
355 265
384 384
102 91
277 293
73 89
209 256
22 189
313 69
331 141
367 168
393 236
77 160
340 229
77 285
15 163
200 52
219 260
395 23
226 255
227 338
253 326
331 186
336 163
172 180
297 275
19 286
213 153
372 361
35 38
372 307
360 362
179 324
57 276
178 215
376 209
357 353
82 201
262 182
382 355
96 235
41 168
70 4
336 122
161 281
37 40
121 230
313 225
69 384
107 89
225 344
340 251
8 116
4 191
172 394
192 328
19 108
390 134
86 290
38 21
400 362
268 37
220 352
84 220
156 345
140 282
16 263
343 290
301 57
103 215
395 93
342 156
117 19
245 319
197 111
392 99
196 44
8 374
378 240
320 232
387 15
7 381
394 337
153 384
41 288
175 357
167 19
353 214
247 215
172 8
239 352
297 327
193 139
333 95
159 79
136 283
164 330
360 219
314 152
108 109
254 186
173 122
114 30
318 175
397 324
39 60
240 16
196 345
13 178
315 77
27 247
148 46
322 104
255 76
118 367
127 258
12 257
135 375
91 98
283 3
393 143
211 256
192 384
148 320
304 57
11 235
220 59
49 52
129 375
370 86
222 225
102 248
317 284
368 30
117 8
340 24
241 304
35 41
255 199
127 1
317 213
394 343
125 319
211 395
221 397
151 392
285 22
91 320
264 249
357 220
46 198
322 322
21 120
203 315
292 130
21 335
103 298
55 163
308 75
365 23
373 113
309 85
148 149
181 98
94 393
267 162
69 166
345 58
127 203
295 183
49 297
358 284
364 369
281 65
81 57
133 124
127 283
21 261
280 86
237 333
282 311
319 343
54 4
307 157
26 289
274 350
22 268
247 399
254 335
262 257
255 150
105 300
361 212
155 199
337 152
211 381
10 239
92 185
20 348
110 128
395 95
326 287
331 191
19 307
331 381
38 206
132 97
111 230
174 344
173 132
148 142
105 25
166 168
12 32
4 7
147 166
383 177
288 153
159 294
252 161
249 306
270 126
333 312
178 154
314 392
242 336
184 247
158 50
45 77
34 165
174 160
75 26
6 107
137 206
297 249
312 129
87 57
83 108
354 179
133 285
124 40
216 32
274 217
40 332
331 113
254 168
12 20
370 83
255 222
205 172
188 92
174 343
286 346
377 44
244 206
323 53
43 338
282 283
209 142
313 293
395 172
306 375
301 298
167 57
259 262
270 228
374 386
46 174
95 40
361 139
282 235
15 270
275 213
26 303
19 290
364 163
69 54
388 107
314 342
372 358
225 112
171 301
148 338
188 124
6 43
239 141
53 149
338 120
348 19
180 3
60 2
217 192
310 297
81 13
195 179
286 69
260 277
172 379
237 376
246 222
179 159
94 161
389 12
313 357
215 220
331 285
206 356
387 292
5 80
227 289
94 363
292 164
161 95
85 333
276 3
48 174
304 207
169 36
243 128
62 156
55 260
369 351
260 155
113 91
311 341
167 277
392 231
234 331
94 305
304 361
74 148
183 383
397 306
333 98
24 331
91 187
319 289
374 335
113 350
256 159
175 251
59 400
111 243
30 37
340 94
366 73
217 170
284 344
146 193
298 335
157 363
314 399
7 4
369 147
321 29
177 374
80 271
149 228
253 394
336 177
123 131
31 320
330 296
300 166
8 316
123 170
177 52
288 107
160 397
21 61
182 66
116 358
145 349
57 382
237 150
309 302
235 88
203 143
8 40
382 68
164 246
61 138
18 253
143 218
359 377
264 142
149 352
41 350
377 220
14 194
27 181
240 372
278 62
336 161
389 14
91 53
213 249
74 151
125 116
318 370
129 191
266 83
33 26
177 244
246 300
352 47
144 400
248 240
239 395
38 294
31 238
28 399
19 24
256 349
27 177
161 76
8 319
37 70
347 188
257 106
378 88
57 91
168 377
320 352
136 170
263 162
163 121
111 287
128 273
152 133
338 64
239 159
239 137
158 129
100 318
369 300
180 221
341 380
257 51
324 85
65 351
264 61
61 234
33 209
219 54
389 43
5 260
92 294
10 388
266 344
73 241
356 359
27 370
248 14
132 206
179 97
19 120
33 385
3 1
85 249
225 16
51 256
201 66
370 331
190 127
18 61
50 343
73 290
251 290
270 399
254 138
264 248
49 11
371 334
109 353
146 59
154 308
350 51
269 112
253 17
18 223
92 92
175 309
21 48
370 264
241 260
311 140
159 327
131 307
203 125
147 23
334 143
274 162
305 102
330 273
216 130
361 360
106 210
228 220
339 335
90 41
141 87
385 217
112 125
355 234
59 3
330 101
68 234
95 8
328 376
273 169
223 88
380 324
60 50
242 12
174 202
105 39
211 265
212 229
45 239
296 316
188 71
338 345
378 268
364 1
118 21
178 208
267 244
233 264
154 235
42 73
1 16
152 353
135 83
220 350
110 11
77 81
214 21
61 36
10 398
195 69
342 394
383 64
56 94
365 72
275 183
162 183
182 289
351 172
263 86
258 156
210 301
286 56
173 307
343 84
157 128
153 190
255 57
341 194
94 205
350 270
214 198
171 110
82 389
282 45
87 182
366 218
277 39
80 152
57 22
273 400
213 366
12 170
333 262
213 302
267 123
212 359
364 84
18 94
228 146
101 140
312 358
337 222
10 218
389 135
346 294
117 246
378 243
252 350
14 253
37 126
397 82
363 288
270 240
271 172
231 229
357 149
164 334
300 236
286 11
118 353
26 337
174 364
51 28
19 359
166 316
388 332
341 274
333 352
17 8
386 10
94 235
198 40
364 277
158 382
247 104
98 54
116 329
365 86
173 99
64 61
327 380
349 273
96 17
388 322
45 88
71 328
286 170
357 42
176 171
10 334
388 352
122 110
295 291
239 331
274 353
314 79
352 76
254 118
22 292
107 383
189 278
351 114
152 126
374 104
337 330
340 71
239 176
380 252
41 387
269 91
178 230
301 202
114 390
202 200
261 47
369 180
181 394
80 280
80 113
112 3
42 385
346 196
374 315
54 3
337 278
274 372
155 57
45 14
119 159
144 283
96 259
254 147
296 327
41 48
140 382
159 96
6 372
68 34
208 232
290 176
76 130
203 331
284 376
177 233
300 362
150 161
282 293
41 216
11 197
234 396
376 231
74 131
123 50
283 231
171 206
21 8
197 400
372 131
198 59
83 57
34 13
91 287
369 266
280 340
44 144
217 112
391 134
242 297
101 197
231 252
44 293
43 301
279 188
163 123
323 332
259 244
66 245
40 53
204 225
158 321
34 300
89 51
41 23
160 386
247 164
331 15
237 189
87 372
54 357
177 351
21 323
261 19
68 278
112 166
2 382
63 322
209 95
190 121
306 350
11 143
138 44
393 45
389 174
234 332
306 230
335 149
64 257
274 168
143 75
29 148
237 314
163 292
125 179
174 56
21 185
85 216
99 361
386 21
238 58
173 172
169 149
190 329
204 55
40 145
83 354
20 122
68 358
315 380
51 300
327 322
98 10
393 100
362 135
322 319
306 126
211 240
136 294
324 287
399 169
30 110
273 305
330 311
308 3
20 96
199 332
374 210
48 33
353 53
244 130
83 65
205 98
228 248
267 163
126 175
42 329
182 149
73 209
77 66
201 266
17 280
177 180
296 360
366 383
362 95
265 36
160 377
305 309
219 338
54 270
134 91
136 136
167 232
219 84
312 258
350 271
7 329
370 96
369 53
20 197
384 197
21 15
393 275
344 319
337 372
10 118
304 256
385 244
223 109
261 40
325 293
67 77
125 316
191 398
48 252
221 166
380 62
262 274
382 364
388 52
168 215
345 105
230 31
25 226
240 20
79 109
76 323
279 148
187 106
10 260
324 308
199 225
190 383
265 29
384 74
394 380
137 129
126 373
197 137
166 49
220 391
307 88
139 204
221 252
324 5
269 213
196 119
56 199
115 192
370 59
15 196
385 13
80 314
122 127
284 259
22 362
393 6
319 38
362 125
75 120
138 88
138 65
272 188
341 9
85 378
228 245
191 231
41 278
78 245
184 220
137 199
26 183
225 334
321 336
221 116
251 37
83 368
112 38
361 177
320 299
372 62
115 89
47 55
311 45
258 94
233 268
306 261
244 223
29 97
367 126
30 295
385 23
134 283
41 268
294 65
386 105
344 241
69 228
234 291
246 117
44 173
308 230
237 356
51 206
75 125
11 256
50 339
72 397
92 359
175 150
125 68
79 80
68 345
343 33
368 273
105 205
1 51
188 346
362 225
54 210
81 318
184 218
175 50
183 92
66 184
81 26
34 261
231 264
186 169
265 203
251 131
240 238
260 396
104 308
88 225
247 40
56 381
166 24
190 191
200 48
349 251
101 28
282 69
135 271
340 349
19 41
358 383
13 156
43 329
395 131
56 331
59 241
369 173
275 336
399 252
46 4
173 116
319 194
198 28
222 219
90 123
240 246
206 71
74 85
392 219
206 197
197 378
253 153
38 210
391 153
104 4
112 152
91 160
224 258
370 300
361 198
178 356
385 44
172 197
190 35
346 199
68 52
85 330
84 183
5 71
364 196
354 88
187 342
165 337
296 186
37 333
100 258
49 84
7 28
2 200
198 2
163 214
387 182
32 149
212 367
214 318
34 22
28 146
252 206
344 105
2 163
262 282
153 301
155 329
218 297
59 157
301 42
260 190
228 176
171 157
225 290
386 4
368 390
169 302
347 371
163 282
398 23
358 180
154 263
396 153
159 390
256 359
10 176
142 234
143 314
109 298
220 39
55 335
217 44
216 328
14 73
341 395
139 381
5 272
108 141
103 353
196 337
382 79
176 233
333 98
209 105
1 169
198 355
119 92
40 113
195 39
165 30
42 203
47 124
132 192
242 214
223 235
189 177
348 210
242 198
372 273
203 107
250 385
349 168
346 160
258 370
266 117
29 360
7 96
122 226
156 14
74 88
233 325
90 181
312 337
127 112
303 202
315 200
352 317
301 236
201 127
284 95
274 82
177 79
22 232
215 399
67 122
22 2
211 371
74 196
47 394
271 79
34 10
229 54
242 397
76 47
118 171
397 221
188 337
158 37
114 77
4 229
344 137
365 289
223 188
374 75
98 300
135 98
165 322
262 298
57 149
26 392
74 5
188 252
81 51
46 115
102 350
361 339
174 228
165 284
332 122
205 1
266 69
45 192
3 95
42 62
340 297
295 70
374 367
62 96
309 32
230 228
355 241
97 293
307 267
179 39
251 125
274 71
5 93
265 352
248 226
265 18
84 83
43 161
313 196
43 226
157 312
4 99
235 159
84 124
265 75
179 25
191 230
152 324
190 144
5 353
319 6
70 67
353 287
398 318
317 43
373 271
23 259
341 107
168 304
100 136
197 334
359 223
384 173
208 212
68 240
142 43
116 199
87 140
106 94
275 206
382 367
344 204
145 38
181 336
48 111
40 180
394 91
32 28
86 4
49 3
120 77
286 248
288 377
81 399
229 253
79 203
81 47
205 315
147 125
140 350
301 307
169 356
360 360
137 143
357 213
339 36
309 363
383 214
106 323
362 230
262 186
297 175
282 317
375 282
44 229
40 262
196 348
289 2
84 385
156 198
226 327
289 67
46 136
278 5
45 179
383 357
54 79
349 162
296 267
156 369
174 78
7 294
85 370
335 136
166 28
214 355
150 20
179 370
194 395
80 359
337 88
50 144
318 357
384 13
258 223
12 271
42 41
176 276
36 41
206 385
287 156
5 335
304 384
322 62
233 280
70 130
184 275
63 201
390 16
350 383
285 282
281 103
21 329
356 348
118 325
17 279
322 259
49 208
242 214
279 49
336 117
65 205
317 38
329 263
227 322
131 20
289 10
82 228
37 375
281 167
354 34
308 376
148 101
382 335
55 258
268 249
202 293
78 393
49 199
185 124
43 351
172 343
240 216
241 3
297 166
353 323
76 300
218 181
127 279
248 319
325 260
219 130
237 304
124 223
26 166
205 29
21 294
89 165
304 331
202 304
85 330
123 180
30 136
119 265
46 305
3 85
45 316
289 363
276 268
43 72
175 106
10 169
338 11
236 288
153 191
303 269
293 119
258 302
328 201
366 86
340 72
137 373
314 153
162 204
148 200
121 209
294 39
80 2
222 356
89 236
32 160
332 289
24 47
348 51
275 91
55 228
375 328
24 58
268 102
251 382
317 67
250 18
166 284
83 331
27 271
242 54
249 120
286 263
241 145
17 233
32 74
66 67
146 264
273 240
20 272
88 145
376 21
235 327
48 204
31 354
273 183
191 187
2 207
54 103
133 49
198 383
61 194
286 161
120 278
330 210
318 46
123 253
267 39
26 169
201 323
77 65
208 369
393 141
136 211
379 381
90 320
198 278
342 229
369 376
344 240
395 25
155 205
168 29
68 250
111 253
35 126
224 156
182 98
92 30
82 111
316 260
336 222
307 172
393 160
185 152
237 104
7 287
135 255
189 86
5 241
98 361
225 257
140 257
381 291
254 258
336 235
270 299
234 185
314 66
175 138
57 140
362 247
218 193
341 294
51 3
62 54
301 85
300 66
202 373
334 170
215 175
294 221
370 359
107 355
107 10
145 298
57 113
73 374
280 310
289 4
28 79
121 373
297 7
221 26
162 154
60 90
288 259
258 81
72 100
347 237
47 61
274 93
123 132
91 84
139 294
363 301
397 152
141 296
296 118
356 248
29 178
306 343
334 1
21 50
249 231
261 347
205 239
137 374
238 175
263 322
329 317
106 328
235 346
54 337
162 155
163 370
99 331
274 146
217 278
142 76
159 171
116 263
44 267
255 350
372 30
60 47
203 69
156 173
195 316
114 323
119 42
2 260
230 309
124 186
380 192
132 167
273 243
397 214
289 132
126 342
114 165
84 166
81 272
25 117
61 149
97 96
73 302
221 185
78 212
75 145
70 16
334 176
269 84
100 22
370 398
322 16
154 260
74 39
203 299
270 392
95 191
123 36
382 255
385 18
317 57
371 12
171 277
85 23
113 366
391 56
384 202
79 141
27 22
229 374
92 104
33 248
274 326
83 231
178 197
73 225
375 342
57 272
241 9
63 338
76 155
287 35
316 68
131 255
271 35
253 302
22 326
60 291
29 284
265 283
267 227
138 71
102 369
198 309
221 168
67 252
1 138
200 357
241 104
27 197
282 220
289 319
257 26
269 384
341 45
139 84
124 304
349 291
149 123
41 96
394 45
9 59
89 360
222 54
257 289
168 100
190 267
19 315
129 347
43 268
267 205
209 292
342 56
114 142
93 328
361 49
213 17
187 239
12 374
116 356
191 269
103 71
113 259
368 134
133 2
321 375
325 196
351 96
46 368
203 342
384 107
375 382
259 241
49 220
333 217
203 385
339 229
344 73
135 166
29 22
344 186
234 162
51 96
333 256
142 268
312 381
21 256
374 268
307 189
230 320
393 20
293 223
68 191
319 10
206 110
228 324
384 172
187 19
110 32
8 243
58 21
201 357
237 81
37 237
227 340
355 52
297 64
385 283
332 314
366 359
30 255
63 30
48 252
48 209
321 267
34 155
398 112
218 184
155 266
13 95
205 335
159 115
254 383
215 31
207 159
127 153
364 333
8 97
10 328
187 122
391 287
261 131
146 80
128 333
247 159
231 29
185 365
167 391
233 296
89 219
274 368
393 301
319 50
400 209
309 222
56 366
110 227
93 311
383 164
79 130
277 56
173 307
268 243
308 387
331 257
326 344
337 337
127 121
342 189
249 35
25 109
248 141
133 147
381 332
80 86
268 30
371 77
227 346
389 51
86 256
383 68
109 83
383 30
195 288
154 387
256 210
252 166
181 316
305 84
30 144
305 31
276 234
26 68
35 360
236 170
11 103
202 345
144 385
138 41
27 52
69 329
247 161
191 185
5 279
342 196
395 241
52 349
316 317
78 342
15 268
108 48
236 323
138 135
302 215
206 163
328 365
330 242
25 57
124 35
215 117
221 299
36 174
337 47
123 50
105 234
400 309
122 258
365 252
1 138
132 384
248 236
292 353
207 391
145 370
317 369
51 36
392 79
308 38
270 365
240 256
69 274
274 275
214 249
70 12
129 247
260 399
180 170
319 316
100 269
390 29
162 85
281 33
147 142
2 159
340 393
100 323
356 377
146 336
289 346
46 100
356 264
47 385
177 245
338 72
65 179
286 179
256 81
380 45
206 37
193 139
172 110
353 344
362 49
117 210
211 11
270 328
7 26
236 275
147 22
319 157
240 220
174 400
360 185
78 285
134 368
4 236
356 135
17 193
254 232
64 83
366 288
189 258
390 243
298 164
10 66
52 116
395 388
44 289
33 62
62 355
174 300
319 151
156 69
192 209
100 377
297 353
112 241
361 100
231 251
80 269
310 329
257 132
14 2
141 393
128 245
244 221
189 341
171 32
231 54
308 73
124 16
261 289
125 325
178 202
280 342
381 108
44 8
99 259
277 260
321 331
309 211
400 198
93 271
224 252
274 9
4 84
200 195
316 7
125 113
228 104
341 250
389 95
379 183
187 191
10 386
65 299
233 338
238 14
214 12
391 325
103 350
96 27
13 54
260 26
246 322
337 45
266 256
94 196
3 50
280 398
381 232
278 350
68 234
169 306
144 367
263 335
318 37
167 342
387 80
161 194
29 144
86 108
120 316
294 241
262 79
46 197
29 236
209 305
178 217
267 123
108 116
98 342
369 242
117 267
294 160
319 264
161 2
204 332
257 27
397 276
69 105
164 191
216 102
111 161
88 144
114 23
381 311
245 91
300 37
289 139
347 129
114 162
296 386
67 55
96 277
309 209
261 340
113 199
368 288
108 60
3 208
150 262
154 56
267 206
85 386
374 335
311 88
269 80
289 101
249 38
135 156
382 114
43 30
335 248
330 385
386 299
155 98
138 119
276 134
264 277
252 339
175 7
291 386
180 227
51 208
220 317
242 165
281 127
65 168
290 26
187 78
77 212
142 362
270 93
173 198
179 48
295 4
26 189
29 214
306 133
187 16
91 324
2 318
350 235
224 111
13 67
61 88
6 229
391 352
84 275
376 225
35 324
371 85
165 125
362 29
237 1
346 56
393 209
266 341
82 357
102 196
148 181
302 313
165 199
219 190
68 294
47 233
213 259
202 229
99 111
131 336
56 72
27 317
254 75
163 357
247 240
287 317
20 130
202 23
378 39
283 177
128 199
215 170
23 164
227 193
10 105
286 20
100 250
337 78
128 350
32 262
178 147
341 5
32 309
255 297
138 342
393 206
173 106
355 313
163 391
198 197
282 189
56 111
286 199
69 164
351 382
295 202
341 148
1 278
79 14
335 351
250 308
372 1
157 195
106 106
200 180
298 150
55 269
378 218
197 252
40 271
350 25
73 15
354 3
147 149
59 367
49 323
156 320
306 62
355 276
227 275
246 396
164 198
320 354
280 119
349 107
325 140
273 300
302 149
122 144
110 159
91 139
271 296
298 181
126 89
227 322
65 320
377 128
393 102
392 51
345 256
382 155
144 216
243 221
269 366
394 372
120 253
229 17
321 326
63 397
70 204
252 184
361 211
343 366
346 14
104 196
33 216
134 339
46 123
19 87
307 49
355 324
372 390
79 237
367 169
216 81
112 354
349 218
196 184
119 158
236 227
193 4
163 253
325 318
88 175
354 307
109 143
326 24
350 213
272 124
196 202
345 138
14 73
56 382
246 90
2 161
50 193
10 229
115 129
211 236
377 210
5 45
231 315
22 191
23 290
246 175
98 117
185 161
122 250
40 262
194 335
304 178
150 306
82 181
247 50
86 57
229 197
236 66
348 349
274 291
319 24
160 195
117 89
238 232
13 149
391 23
126 300
52 87
297 280
294 99
15 97
135 116
219 67
1 345
341 34
3 235
381 345
251 44
200 307
135 13
282 308
17 93
161 57
201 31
42 19
267 193
186 372
60 112
22 328
100 256
271 160
11 83
207 279
144 271
48 48
119 376
300 2
261 245
135 248
244 101
370 333
94 151
39 199
36 98
259 41
400 347
356 195
115 49
26 193
293 289
158 198
333 190
357 302
397 387
331 34
284 113
63 50
69 289
359 81
189 337
282 261
223 36
257 315
348 262
162 101
160 62
282 327
83 387
306 203
132 209
295 130
368 310
306 27
302 400
134 167
115 328
358 235
149 374
214 90
312 370
153 134
388 359
276 21
248 140
163 328
364 278
300 319
326 99
182 41
188 207
85 367
360 363
226 186
50 152
101 315
314 287
237 105
180 399
355 334
244 313
155 64
3 197
30 364
398 250
398 182
173 14
51 276
371 352
339 377
283 40
334 28
204 97
145 166
279 399
153 188
121 10
283 145
52 23
393 366
73 144
359 347
156 293
124 136
347 265
116 399
318 185
351 321
346 171
71 253
191 190
141 177
354 66
179 213
137 83
137 279
153 85
342 226
182 30
231 335
327 116
353 30
156 130
55 72
375 332
390 366
169 121
50 211
85 286
389 248
7 147
11 120
319 153
364 18
369 144
124 255
216 79
375 88
50 74
213 17
16 140
211 257
248 94
141 2
165 184
359 336
29 308
196 330
342 242
183 174
386 378
114 237
381 266
107 275
350 374
325 398
328 317
110 269
219 395
125 175
19 59
105 239
48 373
340 112
240 302
223 260
17 269
43 374
183 319
264 400
189 80
67 296
177 128
251 202
205 151
7 358
115 172
37 80
206 315
83 393
375 131
217 146
248 368
106 52
210 176
75 2
105 306
287 249
299 280
151 315
359 292
81 87
334 371
222 289
45 315
309 290
223 376
274 314
319 54
118 364
233 75
213 225
282 335
348 393
321 130
66 57
272 165
364 333
84 62
177 132
338 250
261 282
4 353
34 94
156 314
221 170
206 161
86 108
237 309
238 303
127 208
276 172
274 46
55 27
344 129
341 126
358 279
36 202
173 330
105 13
392 212
37 41
317 44
230 226
204 121
367 345
302 322
182 262
77 218
202 120
310 187
325 399
389 196
220 320
319 71
76 394
327 135
335 213
46 151
227 298
347 343
130 200
335 117
95 159
41 183
395 389
365 339
301 8
37 41
18 45
278 345
377 53
333 177
240 372
5 352
222 132
87 20
48 173
62 8
326 398
238 62
104 179
379 81
190 349
87 338
21 181
27 72
269 154
36 49
258 222
317 77
55 152
174 45
297 131
76 175
391 167
227 153
328 340
199 243
17 392
205 173
209 168
373 239
299 185
49 369
9 188
322 28
325 371
269 82
16 317
126 226
90 280
398 63
292 372
230 294
108 18
161 323
98 139
163 33
351 118
362 368
184 3
21 18
365 231
46 387
256 123
338 78
238 273
23 230
317 248
75 330
134 22
345 317
18 178
139 72
281 90
397 247
77 87
70 374
391 96
107 21
222 200
264 22
384 16
116 282
83 363
292 77
375 49
234 137
194 339
281 83
132 177
175 174
277 225
167 224
302 15
52 47
315 321
67 167
1 149
18 253
211 82
345 384
166 151
247 185
391 17
37 334
123 179
326 155
181 20
214 203
276 94
64 347
248 249
356 98
275 372
182 134
137 78
148 318
98 48
248 237
195 137
281 214
59 285
197 165
330 108
307 386
273 149
380 390
367 353
381 294
101 286
154 355
246 81
124 177
337 230
18 205
221 347
278 397
363 117
106 201
49 22
343 236
130 389
331 95
198 265
287 122
372 2
233 308
88 302
307 88
264 56
230 78
238 240
311 392
119 286
152 101
300 144
213 137
301 318
381 106
35 70
324 338
23 352
81 348
219 32
30 13
378 216
269 10
243 176
275 397
384 307
139 34
2 209
19 83
48 75
257 338
296 80
9 151
320 398
127 390
248 275
214 14
360 296
243 313
236 38
95 252
380 50
185 232
272 62
269 16
18 307
49 54
56 372
31 207
227 74
162 390
109 400
322 385
134 303
201 23
120 383
124 55
307 236
55 273
250 161
204 150
248 248
275 373
188 192
125 177
71 322
110 2
88 377
139 395
301 255
243 171
152 383
200 108
391 19
163 220
1 343
326 396
120 191
339 162
257 262
90 276
129 238
257 400
56 321
70 14
275 9
190 193
339 256
147 184
66 60
219 264
220 192
256 34
340 25
320 191
75 1
121 245
151 148
269 21
4 268
263 238
386 122
209 330
75 40
37 115
349 65
348 90
136 132
140 286
101 172
264 382
287 386
327 296
214 243
15 57
378 387
248 40
126 222
118 270
22 243
335 365
161 225
32 116
172 239
203 311
41 120
368 79
69 18
263 70
13 149
355 393
111 241
70 58
323 269
311 174
180 42
258 157
285 203
264 217
286 180
66 91
330 38
316 345
138 278
217 52
80 349
326 361
397 294
285 134
210 322
27 44
290 214
336 173
185 186
254 216
115 58
381 296
59 329
208 327
53 376
142 205
60 208
365 343
94 28
243 114
172 399
276 167
363 77
173 109
218 30
231 179
225 232
151 58
120 361
16 185
307 228
230 86
68 291
48 179
211 58
107 258
253 126
5 372
398 355
146 139
62 1
114 296
43 197
90 102
288 86
314 79
110 135
326 358
68 29
322 102
105 14
35 118
188 176
43 374
400 344
323 197
157 42
212 80
376 199
386 26
323 303
242 238
324 344
245 211
49 104
244 82
302 110
210 259
194 177
254 388
161 398
193 400
226 186
7 292
197 45
248 26
328 160
158 251
25 238
285 365
51 326
216 327
65 97
48 141
110 80
127 386
199 47
223 215
281 396
209 266
281 244
158 251
139 48
179 17
183 154
286 316
335 229
296 33
217 383
137 151
238 346
202 153
251 359
17 113
301 346
189 369
331 35
288 181
84 155
96 240
216 375
360 162
331 286
354 99
243 319
100 189
47 113
149 224
265 114
26 160
280 336
378 183
319 232
239 385
138 356
79 308
366 365
81 169
169 210
34 148
40 292
138 186
286 331
76 183
368 147
114 114
399 400
72 35
46 259
249 84
274 388
309 297
133 200
58 222
387 266
230 298
126 142
62 156
352 60
14 38
302 173
323 103
28 188
399 184
340 73
234 168
87 135
367 177
282 18
74 398
313 256
334 137
113 182
16 359
324 133
386 128
57 66
18 355
371 221
377 380
260 244
34 393
374 93
38 94
266 68
93 155
202 187
387 211
125 62
231 47
347 20
176 221
182 145
117 326
392 379
235 283
24 131
282 119
300 179
155 83
126 236
271 257
192 353
363 373
284 285
376 55
397 340
65 231
202 82
283 232
121 150
23 398
59 1
327 203
323 259
270 214
111 22
388 157
107 120
50 212
147 138
182 166
154 314
81 388
264 315
303 356
309 98
286 132
103 93
249 395
365 136
260 205
397 371
282 396
125 189
368 332
164 154
70 231
173 24
255 15
215 222
307 185
382 109
87 264
63 345
293 143
240 397
368 278
117 46
181 19
20 109
342 129
15 42
399 304
143 227
218 385
81 231
84 65
9 123
185 361
300 139
284 148
64 105
295 244
326 383
378 353
179 131
218 167
128 73
281 175
290 328
300 259
251 26
389 282
106 283
100 124
133 193
228 369
27 97
147 362
192 214
79 395
303 184
337 16
139 317
22 272
382 342
248 344
188 224
367 156
171 34
211 292
163 290
211 330
126 259
399 150
308 314
23 282
365 296
81 81
257 136
304 204
87 118
41 15
237 221
288 243
37 133
333 51
387 339
377 1
102 378
308 152
199 9
148 250
256 376
398 349
336 389
264 337
84 178
138 83
118 394
181 178
352 14
133 109
124 388
301 266
170 280
12 197
270 310
23 304
272 298
33 9
1 126
282 112
160 177
115 288
93 236
360 308
283 399
225 282
75 345
50 147
10 180
15 60
171 168
1 103
224 383
161 225
326 73
304 65
380 46
88 20
249 282
389 259
178 20
206 358
264 44
221 259
270 47
383 139
250 162
230 277
149 63
157 313
388 9
227 252
175 316
24 258
350 208
338 248
146 133
352 47
126 283
337 340
222 396
52 247
15 114
139 216
363 219
302 43
251 382
174 242
220 396
341 287
303 15
146 34
365 360
304 33
289 303
284 277
34 56
19 16
115 214
182 244
167 197
13 4
170 200
262 327
378 28
84 286
292 387
346 28
348 278
81 116
84 400
80 77
359 360
166 145
394 268
202 268
275 278
288 120
133 69
184 200
75 135
271 3
206 120
242 41
168 197
43 140
313 393
207 67
1 277
122 364
218 159
269 306
194 108
74 176
27 49
195 200
205 67
23 126
88 120
260 372
197 6
130 276
158 265
90 50
17 112
40 399
375 199
244 35
93 227
363 136
5 150
84 376
299 22
201 344
88 280
211 383
263 54
326 86
292 174
276 125
9 185
302 153
73 285
56 171
13 238
333 281
122 279
136 114
377 7
88 78
328 217
379 183
359 105
285 338
9 77
389 50
264 143
179 86
5 303
310 384
255 253
125 63
225 312
328 181
14 82
47 289
63 109
150 124
107 27
359 178
319 199
108 34
25 161
285 367
10 229
62 79
313 292
128 160
345 368
93 163
340 213
148 42
198 382
139 186
263 335
10 228
349 4
3 124
349 242
151 18
322 50
391 292
162 280
361 19
252 253
281 192
151 17
368 357
62 79
156 24
274 171
300 52
396 318
253 335
312 142
204 385
1 310
208 14
69 365
269 94
161 331
51 64
231 391
103 169
78 193
191 65
7 226
278 78
68 359
141 51
302 28
249 195
154 3
117 303
173 87
363 229
119 114
22 295
343 168
280 42
83 362
37 253
202 275
193 230
335 9
160 400
177 97
156 324
220 300
48 227
371 5
152 74
339 317
58 108
72 72
199 1
211 35
355 235
393 320
254 208
229 131
334 282
116 348
156 170
159 223
186 114
347 85
277 369
237 140
155 370
281 164
312 276
85 355
325 30
14 232
351 355
211 279
209 321
370 340
67 247
91 106
330 302
33 23
356 228
190 283
400 295
322 75
291 285
320 102
169 256
12 343
116 154
373 118
85 94
76 236
206 34
328 347
107 316
304 46
145 341
371 319
332 273
14 171
368 357
194 40
129 299
249 33
166 352
250 85
269 352
164 360
393 158
340 255
389 246
399 265
395 25
174 296
179 57
11 191
339 328
392 333
247 205
353 263
181 127
291 183
314 18
23 298
180 215
356 178
61 59
43 305
205 399
383 142
34 154
390 253
150 187
222 301
161 105
365 257
20 6
389 160
398 142
272 129
300 122
16 207
233 108
182 357
395 51
229 121
373 339
166 332
267 165
120 167
300 322
61 71
92 98
148 345
107 392
208 146
306 188
38 200
374 371
357 138
366 180
98 135
99 21
69 366
168 88
6 267
223 74
399 6
33 201
246 118
169 361
21 299
316 374
239 90
310 232
274 305
58 137
309 311
135 162
289 16
271 285
341 22
3 316
20 380
97 94
280 213
167 1
245 291
78 228
2 162
11 234
347 259
123 176
52 139
148 202
54 238
63 135
305 295
317 277
204 366
266 278
245 97
307 235
74 145
131 106
213 362
343 340
307 330
371 242
137 398
45 88
31 76
20 298
62 350
143 229
314 294
329 38
337 105
148 237
199 14
337 290
214 78
334 82
19 324
276 239
297 23
247 287
267 165
351 198
388 397
51 42
192 121
104 261
160 136
301 80
99 71
145 40
222 139
233 302
334 183
233 110
172 192
111 85
275 262
117 233
247 265
395 293
368 139
384 108
123 360
95 91
31 375
364 183
55 102
189 283
366 358
302 108
89 44
246 224
388 247
383 167
181 37
319 107
208 223
57 331
129 34
233 400
253 284
214 200
56 192
234 82
276 48
258 178
269 363
171 271
393 319
168 177
98 122
131 227
95 314
337 166
25 335
322 133
117 142
277 69
245 75
224 209
354 24
11 132
236 97
63 183
288 218
342 76
150 17
338 394
385 33
142 181
376 113
333 73
219 173
152 9
140 129
335 372
344 395
310 253
328 202
21 9
275 127
2 95
346 356
359 130
249 283
71 357
80 302
298 296
288 169
55 16
346 108
94 232
10 220
247 88
240 282
223 173
88 383
68 163
163 264
295 352
57 253
254 345
141 344
130 152
156 393
43 357
146 55
221 89
86 15
72 263
319 370
348 186
274 134
302 110
140 363
345 340
368 206
338 60
128 149
218 357
83 189
332 233
54 7
310 375
226 67
260 389
334 296
321 363
323 163
167 327
304 88
318 211
47 195
209 393
386 208
52 253
178 308
312 355
75 64
315 364
107 282
85 222
257 334
233 364
43 209
210 177
214 399
94 123
23 11
39 26
90 306
245 363
18 116
286 379
344 226
393 242
124 270
251 334
14 317
52 19
185 276
205 71
324 254
141 243
350 168
195 342
358 284
63 279
278 129
236 12
246 29
69 98
191 325
136 189
218 372
176 246
381 255
180 174
113 288
376 172
218 47
209 127
231 49
146 140
144 359
362 349
178 128
218 160
165 29
184 281
321 349
261 300
20 263
12 34
119 157
353 99
322 162
54 148
69 2
237 340
36 262
220 153
64 80
170 8
56 293
78 233
286 254
399 325
351 325
386 366
245 83
195 202
24 204
203 215
39 225
220 61
203 60
304 102
354 80
83 23
27 47
371 305
39 133
333 21
383 13
137 11
246 179
63 237
87 254
20 127
340 185
328 382
269 42
126 320
349 96
348 251
356 126
219 272
115 382
183 214
293 345
99 38
145 244
181 94
104 136
333 15
18 94
195 399
179 186
281 167
282 195
225 92
276 361
186 153
91 9
144 255
124 73
370 276
335 369
268 242
110 85
297 341
371 162
390 163
129 112
138 397
155 151
199 191
379 344
172 120
297 43
146 50
164 246
39 297
20 8
214 65
292 175
18 94
218 77
176 173
363 320
312 362
63 308
229 130
279 36
6 17
212 241
343 171
351 396
210 147
355 358
256 345
26 241
288 55
74 368
150 226
163 252
265 228
139 119
232 276
68 121
280 155
133 188
171 195
99 156
327 124
205 83
287 39
311 243
11 282
193 283
44 85
230 40
255 44
55 214
260 364
267 236
120 241
372 346
188 192
215 242
181 78
250 364
319 308
336 174
28 110
35 69
160 338
172 330
323 375
63 255
308 151
297 355
44 47
339 267
89 208
30 253
277 101
230 182
372 348
71 31
181 309
162 244
16 198
153 381
251 79
160 16
375 17
129 160
90 88
43 93
389 235
135 278
130 237
343 65
352 36
275 153
56 141
127 262
7 320
126 175
256 383
168 21
44 201
129 257
185 73
33 99
144 230
140 85
360 309
281 216
368 135
240 316
132 339
195 342
324 252
83 18
273 129
232 111
322 381
343 90
226 151
390 306
126 279
43 72
321 250
33 89
272 136
252 384
297 59
190 203
10 112
347 209
149 250
204 321
258 304
180 266
259 389
199 179
209 101
272 71
52 304
164 292
158 327
186 232
348 272
196 87
6 306
235 96
268 194
229 73
220 351
314 80
119 196
86 227
1 368
236 351
109 280
250 125
325 343
292 225
51 341
110 368
243 122
137 191
201 239
273 309
383 185
161 153
132 305
146 203
280 201
52 147
348 16
260 296
355 57
357 297
396 345
247 282
394 14
11 103
214 21
172 131
29 45
74 130
314 279
393 376
147 188
30 47
194 78
296 236
45 223
103 196
309 247
73 217
33 52
368 49
160 384
204 299
88 177
283 17
290 320
216 262
224 216
127 286
385 69
173 195
116 30
182 251
1 235
110 144
190 7
152 185
7 335
136 206
214 96
352 397
293 364
344 250
244 18
371 10
236 126
387 133
282 319
363 183
160 144
11 107
252 160
358 10
216 68
241 123
333 28
66 316
2 232
335 339
341 175
159 20
299 228
88 122
165 282
327 162
143 41
63 274
119 289
158 97
39 156
297 225
132 21
206 266
278 162
194 160
17 329
265 254
205 333
67 66
21 393
50 240
329 367
66 218
50 107
34 173
71 246
193 71
128 221
246 295
285 381
48 40
380 145
385 151
183 134
323 185
255 91
231 394
118 275
18 274
212 368
326 215
240 330
130 175
399 328
388 118
188 107
158 213
395 276
287 266
400 337
83 259
122 202
328 18
185 167
29 44
285 390
124 380
61 60
191 199
87 2
199 59
74 256
71 203
7 181
294 268
144 43
309 198
135 322
161 140
318 339
35 10
195 265
254 355
255 205
108 309
103 354
290 206
200 317
278 292
203 90
3 129
282 144
388 255
187 182
107 172
387 265
243 267
311 138
66 190
190 348
167 357
378 389
229 320
195 291
348 315
148 289
243 112
73 102
389 115
164 181
363 297
333 264
55 298
397 323
282 184
96 342
187 27
399 330
172 363
122 268
172 92
146 113
71 378
351 169
370 352
297 363
362 234
379 186
212 366
115 60
292 330
396 201
113 291
391 276
398 276
355 350
180 239
353 185
139 141
17 91
279 325
77 29
93 99
36 154
367 233
197 324
225 285
291 225
81 374
382 214
29 251
72 162
116 272
22 75
235 375
326 26
264 207
354 83
328 385
235 275
5 16
189 192
152 168
239 232
128 29
370 281
75 303
203 61
348 319
281 295
140 346
127 150
387 252
87 127
43 133
321 32
36 279
22 364
313 359
119 334
286 6
114 36
53 252
30 216
235 215
289 34
269 209
128 67
246 87
350 240
33 140
106 265
23 162
111 240
88 395
139 25
380 171
299 359
171 273
381 175
169 98
186 77
134 303
173 350
41 202
269 58
207 142
259 211
260 380
187 184
185 223
351 303
222 179
355 53
176 304
300 47
53 164
68 151
182 114
21 341
122 254
6 237
98 181
179 197
239 89
145 365
337 132
21 137
28 131
315 152
313 89
48 304
345 278
68 179
375 48
223 260
205 89
185 323
68 186
120 243
133 318
251 96
246 138
308 72
135 392
140 231
277 31
381 81
166 29
20 101
196 216
128 161
248 394
336 354
136 254
300 261
56 124
101 328
203 63
77 249
98 152
37 319
40 5
222 103
176 183
48 394
187 245
294 376
104 56
390 79
228 80
158 213
219 183
67 247
267 266
208 23
251 143
288 78
259 137
350 183
98 207
350 386
256 137
338 351
8 53
375 70
159 279
396 15
317 225
280 141
373 258
79 274
220 387
390 119
194 292
164 140
36 208
160 301
371 7
247 400
284 152
334 312
363 333
45 254
180 288
197 347
224 328
92 62
9 206
181 167
27 272
161 102
284 397
41 162
175 380
166 23
306 84
278 221
168 168
174 50
152 91
337 273
151 342
46 33
337 102
106 196
236 98
229 118
270 367
268 32
323 35
283 139
17 30
195 180
3 38
27 394
280 322
258 190
336 388
136 351
398 148
187 366
161 349
359 89
362 171
5 369
364 385
69 95
20 143
98 101
338 124
116 112
129 247
25 223
278 6
38 111
205 346
96 369
347 115
150 354
285 231
388 377
218 378
353 90
359 261
188 35
294 27
43 31
280 53
79 167
83 111
380 344
362 326
24 103
121 166
35 46
327 246
222 165
156 130
287 364
269 291
385 240
52 64
167 38
10 398
283 313
143 278
125 119
205 290
100 376
242 391
32 185
200 316
330 171
400 89
69 194
50 152
64 153
249 392
292 92
5 155
49 157
151 335
359 165
323 148
108 330
379 167
180 10
340 383
273 67
301 373
102 300
389 277
400 9
269 330
140 274
213 29
100 142
293 302
380 127
393 73
69 11
323 31
195 228
161 300
126 308
303 105
307 237
335 17
96 178
247 143
113 266
197 246
53 193
40 233
326 6
115 235
26 236
375 121
40 400
154 340
7 136
287 166
101 156
36 126
234 159
145 366
121 246
299 70
173 80
311 95
42 303
177 313
57 80
384 317
240 156
387 73
287 146
52 98
131 38
354 392
117 264
59 367
40 251
399 252
27 179
193 337
363 154
196 289
384 87
312 375
3 330
71 361
151 144
137 84
197 190
338 146
362 241
366 53
30 340
152 70
313 297
354 215
60 145
252 219
144 14
306 73
44 311
109 368
365 248
198 387
196 44
365 101
35 146
377 399
111 177
173 79
340 137
304 39
72 309
130 378
286 105
308 139
15 150
251 11
238 391
30 181
249 205
302 341
311 217
119 290
319 123
201 9
243 77
137 279
101 206
291 200
399 320
329 282
28 360
337 370
10 172
45 300
183 234
222 85
236 55
139 347
57 12
253 1
203 179
323 114
181 73
201 170
124 114
12 91
304 276
88 181
396 276
326 278
134 165
393 309
222 133
64 326
134 203
128 365
56 174
12 311
335 135
139 354
192 191
131 125
335 57
215 207
192 53
121 105
223 84
84 384
290 333
69 184
394 381
381 176
273 214
20 358
17 187
280 183
102 385
263 56
154 340
122 372
14 156
117 106
66 64
171 219
296 379
339 300
26 400
317 150
307 171
272 121
374 112
400 139
370 368
226 118
221 266
23 209
220 399
33 35
133 199
41 176
349 55
298 16
5 51
342 72
72 331
388 149
69 192
292 3
379 241
343 335
158 228
302 108
329 292
161 361
128 13
303 173
212 220
260 342
311 246
135 116
11 3
324 333
107 241
257 141
349 313
199 95
278 196
70 34
22 188
180 365
247 303
25 150
368 380
76 86
86 323
241 308
193 350
15 359
392 42
63 37
203 86
359 318
275 85
248 9
102 310
143 388
333 91
234 182
353 323
60 306
182 324
269 37
233 70
360 336
267 393
56 16
339 84
379 350
225 368
227 129
283 309
66 17
260 30
71 60
295 123
127 226
235 86
229 254
287 318
307 387
386 218
288 164
61 100
15 308
232 329
326 310
46 165
271 313
217 270
156 294
178 54
124 315
325 300
272 217
98 223
40 283
155 253
135 13
327 231
240 229
302 104
145 182
41 201
101 67
250 2
54 108
189 139
63 59
112 106
339 291
243 342
146 367
378 333
225 218
7 116
365 282
52 352
100 381
310 224
150 69
135 216
297 134
194 76
172 40
33 259
300 16
322 253
100 182
121 212
253 237
67 309
79 59
142 128
217 209
76 384
295 123
272 231
245 74
346 122
144 385
87 26
93 369
16 308
133 396
170 369
282 175
80 64
70 123
115 240
270 126
93 373
361 168
393 173
37 172
238 69
376 285
21 322
30 220
123 300
320 241
123 3
388 23
61 370
360 326
56 394
132 300
256 331
358 23
395 259
201 179
382 359
323 344
247 371
72 161
344 327
341 373
109 203
172 258
344 245
202 320
212 383
139 255
150 59
380 203
67 188
277 39
109 33
286 202
88 232
268 30
104 11
51 349
146 363
6 302
395 59
122 82
197 248
98 229
41 225
23 179
16 137
313 152
251 390
271 80
153 366
362 235
298 226
352 386
4 397
122 272
357 60
225 393
288 23
328 177
205 160
5 268
369 120
198 325
132 296
107 332
40 223
104 369
387 31
84 393
266 225
220 356
49 165
366 71
188 252
352 303
153 393
377 353
208 75
250 232
155 390
151 59
152 388
313 297
43 116
38 36
367 346
76 265
359 66
298 82
252 314
151 379
293 248
339 93
177 53
29 366
63 6
56 29
80 164
120 399
229 126
54 279
396 267
239 66
81 257
78 183
261 263
164 212
43 195
192 189
322 360
340 356
232 217
34 106
16 258
265 210
243 238
278 235
244 64
283 330
293 180
68 328
73 230
261 285
32 108
280 40
76 354
58 282
72 391
108 131
370 364
280 360
107 88
127 376
380 290
278 311
162 301
380 112
305 48
29 246
156 369
226 259
255 10
127 183
194 400
131 31
229 113
341 325
270 171
277 67
100 284
13 282
326 332
181 369
100 73
366 209
172 161
357 346
253 60
188 154
317 362
191 379
241 300
75 13
145 256
339 334
246 374
38 235
45 114
363 352
27 179
265 308
120 284
289 175
268 198
3 385
57 218
252 251
185 136
53 158
313 151
59 10
378 104
273 367
16 159
203 111
143 386
369 30
101 231
393 149
397 286
55 75
342 2
47 246
215 297
148 38
138 61
379 385
295 171
71 369
83 32
270 148
257 271
206 196
21 123
379 253
61 301
259 153
174 53
311 167
206 213
250 301
111 79
317 100
63 201
341 252
344 351
377 386
59 206
370 150
187 13
307 104
187 75
272 234
101 58
37 386
287 151
94 91
256 257
380 394
236 127
44 201
247 111
304 287
98 304
233 52
167 117
184 223
323 246
351 231
300 206
240 210
289 238
68 391
201 63
198 80
215 312
73 149
191 216
27 240
314 106
385 191
74 209
386 118
342 242
254 52
112 258
188 326
318 202
2 388
76 262
280 118
366 160
31 374
67 69
187 8
366 344
122 134
396 314
262 269
315 385
336 222
267 295
223 72
394 220
125 320
360 251
188 76
321 27
98 266
115 334
295 365
323 170
171 28
204 326
302 74
88 40
232 174
170 21
139 226
90 387
67 143
96 260
226 63
28 107
186 186
148 324
209 382
328 79
135 300
51 52
47 318
165 368
138 217
304 145
172 131
358 40
229 285
188 348
291 80
349 115
35 22
249 272
66 150
195 366
211 344
282 298
397 48
179 159
145 122
268 298
50 384
224 179
318 178
327 399
365 230
393 272
347 288
361 15
121 389
142 117
400 290
183 246
9 39
84 5
208 346
176 101
82 93
97 333
354 105
51 316
178 39
274 201
261 177
394 369
252 317
283 130
80 242
299 85
394 382
327 276
83 374
194 12
178 200
173 252
270 201
203 331
57 23
282 194
245 359
368 300
213 266
218 156
30 395
8 227
272 317
144 16
387 32
4 159
129 138
238 338
11 261
164 120
169 259
146 30
174 158
126 207
175 188
222 64
99 50
297 336
252 97
36 256
181 199
27 271
257 288
135 182
35 209
202 26
265 14
175 43
311 384
307 319
121 156
145 344
95 55
272 8
132 373
7 130
290 76
356 271
284 266
13 261
54 388
63 229
341 315
339 31
356 237
179 121
147 186
44 169
90 334
290 341
7 210
354 41
272 209
323 154
166 96
293 313
124 268
131 107
214 336
120 387
202 249
76 158
138 368
278 260
101 311
106 53
176 325
224 292
370 363
66 391
356 381
351 250
367 173
343 272
239 178
393 167
189 194
326 2
80 303
37 13
157 386
274 116
135 355
322 347
48 343
364 298
49 156
157 26
9 370
257 68
245 260
47 327
42 201
84 388
149 264
35 127
321 5
95 166
102 354
80 58
33 356
194 193
23 299
390 111
262 197
45 39
244 114
365 321
337 117
248 289
398 249
81 60
97 275
225 37
344 256
61 260
243 80
165 205
148 245
149 146
359 178
64 34
224 200
368 165
112 13
136 252
40 258
198 336
108 362
110 172
311 134
232 154
33 207
187 119
223 34
43 362
221 54
382 257
33 380
16 258
20 326
361 291
126 113
85 55
60 112
397 8
383 101
389 267
152 198
176 279
305 137
9 141
8 79
361 183
365 400
177 234
105 317
23 238
58 206
23 239
333 174
398 41
111 353
319 257
242 48
229 362
236 293
277 184
337 258
224 379
355 108
244 341
218 271
302 261
255 336
276 237
224 360
254 350
224 121
175 323
85 196
180 67
219 177
126 239
188 375
54 225
305 273
107 279
11 80
184 288
304 45
145 202
235 350
71 400
34 261
98 390
242 18
85 41
263 118
294 60
193 222
59 6
314 274
168 261
63 357
219 228
336 364
235 150
60 329
12 378
213 370
163 179
243 185
324 332
100 371
23 333
186 242
149 261
25 264
322 229
95 338
321 90
34 296
304 200
120 185
322 265
319 360
223 27
245 103
162 105
165 400
87 257
36 321
338 116
37 275
189 243
223 105
212 165
98 237
197 124
182 111
289 157
337 49
317 102
210 380
282 387
113 328
100 320
255 296
390 214
374 36
373 72
126 46
113 155
241 162
381 378
228 13
70 111
294 259
158 59
33 300
263 263
371 107
363 360
125 54
213 20
400 101
270 114
165 349
22 310
34 20
364 274
361 137
152 108
325 94
17 93
289 289
333 340
10 40
272 111
11 343
62 319
170 383
34 244
206 96
303 362
399 180
274 159
176 33
214 297
159 342
4 194
200 211
28 205
44 69
217 86
153 297
69 232
126 163
156 358
245 265
347 207
10 110
155 153
278 210
159 38
273 172
367 281
179 103
327 115
301 284
314 14
109 227
87 255
55 118
395 144
16 32
273 286
185 395
346 363
318 2
361 178
80 6
386 189
384 128
257 263
18 81
268 228
255 217
215 335
394 51
316 369
325 300
219 291
191 365
381 32
184 236
113 136
202 293
10 274
11 352
30 275
97 191
93 120
223 142
188 310
184 146
152 292
219 211
156 222
323 380
77 14
243 9
380 340
268 82
142 30
146 176
116 151
374 163
158 340
89 73
387 371
211 109
359 175
254 138
64 106
157 107
141 125
333 347
168 207
139 220
344 115
30 196
123 293
290 386
270 27
358 28
66 89
274 15
306 273
224 48
262 255
233 129
57 138
58 208
24 27
327 370
261 162
72 387
53 233
344 155
45 358
269 323
158 72
82 271
18 266
306 308
102 360
249 231
368 395
175 213
106 264
59 375
257 378
189 112
290 362
9 378
121 109
390 400
16 383
299 383
244 331
114 129
281 130
274 336
226 86
159 117
86 346
305 235
32 382
35 148
28 30
361 327
130 260
150 93
187 392
369 327
18 351
85 393
167 322
315 289
252 85
53 82
363 240
371 385
341 159
120 239
373 240
31 234
180 225
176 198
347 304
170 204
120 155
194 361
146 227
2 344
166 274
60 3
354 367
247 397
274 164
210 354
44 108
209 382
385 189
198 31
254 175
142 111
75 351
34 106
50 388
250 98
327 82
355 222
150 155
347 165
173 359
231 232
122 280
242 382
316 79
265 139
183 166
23 208
98 313
144 292
68 171
55 271
344 76
60 65
272 343
129 336
24 19
263 225
249 263
302 274
191 154
400 188
374 118
233 61
131 228
179 387
351 189
60 276
311 171
153 246
369 224
345 227
23 388
