400
4800
360 331
184 308
341 43
9 296
18 389
282 379
48 320
296 64
245 336
95 252
270 332
165 248
89 128
223 250
298 61
117 66
75 28
306 118
192 88
327 58
52 228
193 122
278 109
81 194
302 2
104 316
18 249
239 24
113 297
196 354
274 93
386 274
329 327
314 373
139 305
386 256
320 393
235 139
220 154
100 314
6 34
46 307
246 172
342 221
210 68
221 178
262 155
194 281
48 88
199 24
239 21
4 105
19 238
384 369
294 283
235 317
157 154
351 123
342 342
196 34
6 239
358 243
399 11
22 306
133 322
269 67
96 373
229 245
8 140
207 97
212 281
18 296
340 72
385 384
99 381
31 13
39 114
4 190
293 256
296 17
132 336
327 231
326 291
248 72
151 234
357 346
382 30
43 376
323 348
279 189
371 58
343 318
323 281
294 175
174 6
154 177
243 295
8 35
249 337
164 300
232 281
218 30
193 28
140 145
98 169
195 295
12 245
316 188
333 168
50 286
393 77
207 369
79 70
125 97
351 106
52 77
336 71
318 56
362 298
207 14
66 2
228 20
368 106
15 168
310 71
359 362
75 312
53 53
220 280
312 355
157 127
354 132
260 62
227 239
87 170
114 268
223 120
143 105
321 304
274 188
359 189
76 337
95 70
9 188
86 294
295 92
350 375
335 79
305 72
237 378
36 276
64 174
181 200
333 329
80 64
322 367
9 329
334 25
56 319
197 363
93 342
177 8
97 105
58 187
45 109
312 340
132 197
133 171
129 315
150 262
360 72
218 309
223 323
176 152
55 117
149 150
107 282
378 302
12 140
254 260
283 184
146 229
129 206
225 239
13 212
210 220
119 104
155 88
400 110
164 124
398 353
44 96
202 280
296 74
215 14
184 1
337 373
115 52
323 34
343 194
344 274
223 237
238 177
54 31
355 331
396 290
90 39
79 268
8 158
304 22
263 30
253 116
94 46
242 125
145 87
131 6
143 282
386 62
79 178
400 399
46 363
169 103
121 98
256 255
150 175
188 335
189 90
22 259
4 33
261 184
305 332
333 11
126 193
26 132
244 122
371 379
258 174
56 385
73 351
182 27
77 23
293 138
290 391
135 43
78 88
268 142
165 227
367 48
14 129
163 230
90 83
394 180
377 292
168 337
50 161
123 244
190 142
15 382
393 15
154 225
72 197
226 214
35 42
169 112
368 331
49 34
48 56
386 113
297 172
116 277
322 2
153 139
134 341
116 333
23 128
127 42
68 112
119 150
94 150
110 310
39 207
94 327
46 292
278 212
384 94
25 283
40 159
56 284
364 301
11 54
291 88
168 370
154 392
121 299
7 94
361 226
378 376
67 136
242 284
279 118
136 130
261 338
251 89
15 344
179 193
384 117
315 9
116 314
277 147
33 22
15 24
46 298
201 349
149 173
288 391
380 66
68 364
230 174
50 336
267 274
118 196
397 39
137 266
265 379
303 24
141 271
264 311
318 54
120 293
382 1
199 279
326 113
287 179
265 79
340 12
9 234
265 325
186 121
335 137
381 295
72 173
73 54
145 42
334 336
102 315
173 224
288 28
56 350
70 121
396 209
300 21
119 347
286 283
155 219
309 119
321 376
353 338
241 166
178 327
275 132
295 34
153 291
196 312
344 376
139 106
267 336
127 392
298 150
276 390
143 326
157 300
43 368
200 145
339 177
189 393
50 147
63 148
333 132
317 289
359 232
177 1
139 299
53 330
108 285
104 377
391 219
9 190
136 172
2 187
142 92
310 247
302 86
48 193
156 249
335 108
338 57
159 95
236 289
255 237
158 205
201 70
358 377
8 295
18 184
327 136
354 156
223 263
66 298
58 286
150 17
74 320
69 44
268 70
24 321
26 66
142 118
372 12
325 55
17 170
377 17
170 31
206 74
147 218
229 219
178 231
364 286
49 39
370 217
133 351
201 241
230 67
73 37
238 54
115 111
251 27
220 267
119 334
365 334
256 18
101 388
387 24
120 353
254 165
150 94
31 346
356 277
278 236
108 8
99 198
97 315
397 230
80 68
126 307
247 108
368 212
160 64
50 333
300 193
390 236
169 110
283 256
381 363
331 221
23 386
78 341
83 216
125 137
158 99
109 125
298 12
302 167
358 82
312 265
214 328
182 341
222 139
391 300
96 106
367 13
257 250
268 101
59 224
242 328
252 101
291 384
159 394
394 5
244 332
338 377
163 175
153 247
355 67
297 181
147 329
168 257
234 332
310 104
111 377
173 99
52 198
356 261
389 68
328 132
46 46
310 70
256 59
169 299
139 368
318 112
180 287
37 276
128 240
258 164
173 232
61 73
67 73
182 157
13 355
89 217
26 229
96 359
236 201
334 195
286 132
264 223
41 245
111 170
264 364
151 138
221 395
138 40
200 190
292 202
25 3
133 142
174 84
179 53
171 59
198 210
178 157
52 195
109 297
126 79
86 147
385 206
312 144
270 244
138 315
143 312
234 307
249 183
137 206
143 201
266 25
36 375
216 344
219 383
243 5
272 233
327 30
160 115
35 345
321 302
131 86
219 390
316 127
221 307
119 45
176 329
33 30
38 254
3 325
111 323
310 36
79 296
11 359
391 242
375 161
354 262
325 123
141 218
100 121
297 274
298 313
250 147
337 112
106 22
123 384
52 38
351 20
139 4
68 255
42 18
147 17
110 233
128 193
207 122
215 223
200 364
80 58
364 337
4 163
34 105
351 335
339 337
5 32
231 139
328 338
82 318
113 169
392 338
332 324
48 100
279 94
198 30
185 255
105 105
298 269
272 314
124 88
238 29
386 64
111 325
59 331
157 385
54 16
82 157
262 39
35 115
129 16
110 354
189 14
295 10
272 34
48 369
198 36
283 207
391 40
241 124
376 208
376 47
304 391
80 26
174 323
237 198
317 265
207 202
203 3
307 272
381 240
194 211
391 251
328 275
187 105
109 244
190 208
50 344
198 381
38 194
318 59
164 311
248 267
384 359
4 118
15 216
57 394
10 303
384 400
2 64
189 98
263 46
16 334
30 346
127 290
62 255
337 215
83 211
229 13
134 52
23 368
179 283
219 361
351 140
6 284
72 29
276 187
270 153
301 281
332 166
309 304
325 324
121 316
81 287
263 26
133 107
376 229
226 211
123 9
75 236
106 165
375 87
224 373
162 376
84 221
68 242
218 198
73 242
90 36
77 375
123 3
177 95
237 36
155 114
7 197
326 230
287 387
174 277
191 339
119 344
268 210
3 314
249 58
44 207
48 300
381 64
348 108
13 150
363 34
46 98
158 136
128 329
49 184
344 28
197 12
44 32
192 234
376 121
35 301
85 337
280 311
119 217
187 222
329 324
33 125
264 125
115 169
332 390
221 318
372 263
138 338
338 38
273 280
105 41
9 193
320 305
361 391
72 381
274 190
12 198
355 358
190 380
208 233
221 149
118 184
25 335
170 191
269 296
181 397
156 230
149 301
50 39
169 206
224 173
165 292
105 60
206 185
310 357
323 110
395 150
50 187
315 230
126 275
170 43
325 128
28 106
197 228
369 315
312 207
258 127
143 277
42 382
151 365
178 74
96 115
216 280
104 10
297 35
33 76
6 225
194 339
64 215
202 380
112 344
365 9
21 263
88 22
195 360
369 95
65 60
283 139
140 33
67 17
116 171
238 152
207 71
54 335
157 137
53 94
307 191
122 61
399 134
241 314
281 36
131 5
195 168
205 303
208 69
112 370
288 151
193 194
233 302
389 179
386 366
328 109
343 56
186 236
123 379
219 184
242 169
311 192
24 34
286 100
146 42
249 122
155 57
308 226
4 20
304 349
258 37
305 104
128 264
298 156
350 202
86 400
246 365
286 83
371 60
345 228
396 304
308 233
29 198
84 261
181 378
375 217
203 398
193 165
55 366
141 44
310 238
188 166
388 47
134 349
219 241
38 118
354 280
89 79
155 152
344 30
287 320
261 383
333 213
315 179
115 93
222 301
171 160
87 170
190 312
29 184
215 272
353 107
355 201
38 101
67 160
24 234
229 398
212 253
9 28
46 158
76 152
360 353
76 152
199 225
1 178
324 273
33 382
393 85
353 292
54 14
316 56
46 352
127 33
84 101
195 279
58 199
105 99
186 313
2 18
226 62
81 280
282 238
90 197
182 291
266 103
336 1
106 106
197 19
287 184
38 316
52 381
381 129
328 293
345 232
310 379
355 207
320 241
42 278
155 227
165 356
146 195
390 340
63 118
149 292
187 10
165 292
187 195
163 48
73 52
288 264
186 266
64 377
197 351
371 180
129 307
263 96
72 173
123 270
328 363
104 86
241 141
308 289
311 60
124 271
154 347
29 202
206 39
274 227
352 274
203 337
360 23
82 305
288 173
320 133
58 166
171 225
306 149
125 232
373 9
278 66
137 325
370 206
138 383
9 133
197 142
302 166
298 343
5 11
109 390
357 236
57 293
32 269
95 89
262 227
138 206
276 270
330 383
399 271
254 225
194 281
217 278
30 28
165 211
46 382
234 84
104 46
214 237
220 150
214 256
231 4
224 399
29 240
387 393
299 208
184 386
211 398
139 72
93 202
194 32
232 297
114 101
327 253
106 319
94 99
32 290
93 248
174 148
42 251
315 95
160 274
292 47
10 222
298 6
153 340
397 388
91 124
173 62
58 124
40 312
208 56
42 59
189 171
256 21
267 38
53 126
37 292
219 208
197 83
14 310
341 28
10 17
68 199
25 143
290 372
117 90
356 254
134 225
168 84
358 65
40 102
375 258
307 143
299 273
367 382
37 234
8 319
157 206
339 40
293 60
293 357
10 364
198 214
296 24
382 27
40 111
237 281
253 363
371 113
291 241
11 309
134 108
113 121
93 237
376 93
86 171
261 279
214 207
295 366
117 327
54 235
321 170
58 202
95 172
375 305
97 356
254 19
166 169
289 129
194 92
296 334
284 346
140 224
274 228
387 198
87 397
319 305
313 112
107 74
285 41
326 194
74 106
303 346
307 134
1 339
57 332
316 214
317 271
93 94
243 316
278 145
154 209
351 335
175 378
165 233
255 255
366 187
154 1
119 176
92 284
12 198
236 32
179 307
374 240
285 43
161 67
392 27
6 145
178 195
96 375
280 219
243 228
138 40
326 340
95 164
130 229
287 10
358 90
350 94
104 348
242 353
326 12
265 325
206 61
121 379
163 390
214 386
99 55
388 293
26 190
221 359
369 250
354 200
39 58
348 335
82 47
215 60
329 4
159 188
280 345
54 62
374 240
201 239
393 23
292 175
21 35
166 379
89 196
242 22
345 144
222 243
150 176
240 133
40 135
386 19
156 341
1 74
170 19
146 137
281 13
95 228
86 83
131 85
296 209
68 85
286 34
258 399
126 317
136 135
14 100
339 368
237 83
268 280
358 154
86 131
271 347
50 73
39 86
73 36
44 311
234 338
112 228
91 191
324 240
344 84
247 387
58 267
375 311
188 334
108 245
385 193
32 194
43 50
172 209
246 102
160 138
43 291
361 305
332 332
33 103
106 202
295 367
20 153
189 109
389 163
207 166
180 11
341 121
18 222
398 388
33 41
125 275
330 348
18 346
236 27
20 250
215 355
203 225
326 166
134 116
234 358
191 33
91 349
121 100
255 73
315 64
386 44
245 240
99 364
284 134
184 134
132 187
300 173
265 248
305 196
87 118
16 82
375 171
187 272
350 309
8 11
381 367
257 86
107 353
213 365
44 142
214 336
141 59
262 25
398 399
3 264
313 316
105 28
66 219
210 48
30 388
69 80
252 344
41 50
52 58
186 362
10 11
90 263
116 19
180 63
305 165
151 345
277 335
161 142
349 209
303 124
325 133
18 195
337 286
293 200
12 381
69 266
118 213
314 179
145 268
202 194
281 307
125 82
74 249
326 206
193 8
382 366
379 127
90 99
211 353
4 286
333 70
217 364
54 394
292 301
39 91
150 324
226 210
122 233
304 272
150 349
274 140
239 169
123 173
215 300
24 335
175 176
80 200
13 276
5 248
345 35
127 32
322 306
26 32
225 230
314 190
83 158
138 173
167 342
358 363
243 329
94 175
94 165
308 286
399 12
250 176
323 227
67 365
43 70
132 180
296 374
201 74
205 381
178 142
197 106
303 155
133 161
14 177
295 323
93 327
145 138
174 233
339 235
311 66
280 361
81 331
93 23
101 251
230 50
275 388
312 377
272 211
29 262
251 168
109 277
230 318
277 84
365 366
399 347
398 107
177 187
334 85
201 178
369 16
285 217
20 291
212 90
43 193
76 299
282 99
381 240
43 219
23 84
183 352
221 376
228 41
77 276
85 155
56 373
78 371
309 157
330 319
359 348
323 110
105 149
315 124
208 356
382 320
186 392
206 148
222 311
248 347
195 348
316 15
117 143
246 6
386 306
139 277
239 197
65 87
239 225
398 33
125 389
317 48
19 135
324 286
206 62
169 209
127 182
40 360
98 160
293 117
130 231
139 145
267 378
228 114
290 27
71 391
50 245
364 101
105 169
159 298
349 343
273 163
154 303
164 378
54 138
80 151
261 245
132 16
288 209
213 134
142 241
5 163
60 253
234 379
153 262
129 23
220 276
101 81
22 176
155 335
109 357
176 154
384 323
218 95
140 202
288 365
237 95
384 72
316 369
303 60
325 367
378 132
284 13
180 186
88 159
7 4
163 324
388 365
143 101
128 106
394 292
82 195
66 254
270 353
95 55
99 247
70 165
180 139
10 322
345 62
363 52
263 104
302 374
279 150
258 242
324 247
5 110
48 328
35 290
278 318
222 295
222 244
319 39
91 315
69 353
88 180
82 40
5 18
371 276
389 203
90 71
29 327
106 317
9 153
352 169
297 98
142 136
313 114
103 174
344 284
89 314
311 396
107 363
271 9
259 323
283 64
39 205
83 244
312 78
104 318
242 20
9 97
45 376
285 175
255 229
248 152
257 149
84 284
223 366
339 284
128 20
69 399
393 311
390 316
215 277
372 144
51 146
323 130
368 150
337 279
383 362
225 266
169 358
259 41
199 236
373 161
141 353
342 188
157 17
47 28
7 229
128 120
5 373
364 105
45 278
197 18
49 345
189 156
207 37
294 259
182 383
373 31
52 199
70 7
381 294
10 258
147 240
66 21
155 78
113 184
86 367
36 348
284 73
133 25
301 339
382 46
310 244
313 74
30 377
337 210
306 132
331 5
208 91
148 113
112 205
360 243
174 10
368 46
26 5
265 373
60 352
265 55
221 162
67 138
182 162
29 372
32 176
187 121
210 36
194 215
17 387
26 198
187 78
36 294
302 190
188 160
284 348
309 183
15 270
199 171
168 286
228 251
154 108
221 56
256 115
387 400
363 108
311 182
392 122
298 231
245 225
134 141
20 370
9 14
131 117
315 14
351 260
222 50
46 232
45 173
144 361
137 313
151 134
299 10
367 26
399 159
35 5
372 293
114 261
245 66
50 364
82 395
139 257
194 26
121 92
342 188
94 160
393 342
304 69
271 292
17 231
198 14
89 137
361 337
367 102
400 177
154 311
168 77
145 108
341 130
181 390
195 288
149 359
35 365
346 80
232 189
261 131
189 229
272 61
135 3
27 98
141 380
349 114
377 205
211 332
100 157
294 48
139 55
241 274
95 39
396 232
325 168
376 3
80 70
195 349
245 325
81 238
217 362
250 274
85 33
159 389
39 38
128 114
294 396
345 369
300 106
187 363
325 149
35 42
100 170
337 16
327 111
302 340
196 106
328 158
183 50
110 298
355 225
156 89
336 254
65 59
36 15
343 161
351 75
12 200
281 85
57 54
380 273
231 173
75 251
265 157
178 275
340 263
242 45
105 176
7 317
179 208
207 56
223 129
332 195
357 237
303 379
331 70
143 271
117 131
6 329
370 33
218 246
144 128
350 137
290 298
351 245
302 64
208 144
62 218
143 26
257 304
320 204
247 383
345 138
235 178
152 264
317 169
211 83
140 261
150 101
56 365
153 258
176 332
174 389
116 115
180 46
129 319
186 146
7 33
232 176
64 355
266 20
238 103
54 129
96 13
115 286
335 229
94 147
86 302
31 315
278 361
84 120
197 264
143 78
166 21
197 8
184 264
144 49
214 225
364 310
316 253
30 341
32 295
309 148
317 167
397 243
265 231
223 57
143 265
206 339
25 128
370 163
178 133
236 274
253 23
317 62
246 290
75 243
209 167
63 109
48 141
81 206
314 167
289 239
211 112
338 50
180 35
99 197
250 368
367 64
88 3
297 312
209 155
127 223
4 242
117 78
101 375
312 35
94 73
294 397
314 164
78 215
340 100
190 292
209 30
146 165
352 57
389 386
198 173
363 348
244 58
36 155
253 132
357 82
224 264
339 206
8 137
1 228
275 387
238 341
49 18
363 57
389 285
32 286
179 26
260 356
179 230
396 25
395 147
363 86
110 300
301 201
367 300
195 287
150 217
53 33
205 186
68 21
18 171
318 161
240 68
133 118
122 264
71 76
181 303
164 362
359 354
192 247
199 175
157 99
39 241
103 66
251 209
92 280
184 130
167 189
122 398
277 254
371 127
217 126
125 171
347 384
398 41
398 6
205 367
156 345
96 127
182 152
46 46
282 58
64 173
388 231
371 239
365 144
89 58
76 3
45 75
40 193
368 342
50 267
219 274
297 381
252 310
301 290
132 398
88 345
131 282
244 208
198 42
365 371
332 220
76 186
311 23
147 283
366 281
188 385
245 104
216 261
294 209
64 338
158 161
253 303
310 372
164 327
301 53
81 354
252 167
347 130
376 399
399 321
148 256
339 24
245 383
296 23
299 203
373 390
257 158
308 388
376 361
204 48
283 347
41 103
395 261
360 155
359 145
149 82
353 298
119 225
99 259
390 40
329 166
256 199
116 284
243 86
25 180
268 88
367 382
222 400
322 99
247 10
101 68
18 317
329 185
11 266
351 206
22 373
97 326
109 308
357 276
100 15
345 154
319 282
128 147
72 128
59 7
364 193
113 359
373 363
293 390
372 251
167 381
57 331
332 69
264 94
81 237
150 77
237 280
156 245
262 374
234 216
302 171
387 362
57 23
355 342
118 142
322 222
76 50
261 283
349 392
36 380
172 128
207 7
188 290
140 335
6 77
341 272
181 142
376 336
155 273
41 16
41 47
397 288
58 305
134 389
285 127
223 347
113 57
310 153
94 159
141 318
45 184
341 50
145 204
358 324
116 264
370 108
231 59
31 116
256 84
132 136
303 245
371 197
393 368
370 43
149 81
142 380
27 356
118 121
275 245
294 83
175 194
190 179
304 126
398 385
275 321
356 273
279 146
367 226
18 283
302 263
68 319
323 384
317 317
285 188
297 374
196 316
218 123
169 161
58 184
185 169
353 335
329 244
377 317
127 381
136 315
79 122
319 374
49 313
12 27
92 305
186 293
287 301
115 137
66 169
306 174
208 109
210 274
177 124
23 170
165 72
189 79
210 271
294 305
179 382
353 116
64 19
334 206
348 352
97 193
51 276
25 117
56 332
294 164
174 179
375 87
300 185
203 355
123 196
97 171
360 160
392 198
189 116
277 218
300 18
276 81
268 6
138 279
67 318
94 169
292 150
117 10
385 222
329 225
192 301
193 140
218 148
270 296
282 181
313 262
280 298
24 14
189 13
172 362
255 398
316 81
79 305
119 36
324 305
345 263
108 91
216 153
265 243
251 2
385 68
151 94
264 191
216 214
262 116
318 137
52 40
105 364
339 73
102 311
94 179
257 24
64 239
112 364
208 193
178 25
292 343
19 119
13 193
364 227
338 73
107 48
31 173
291 110
155 149
388 337
100 356
84 48
56 351
8 240
274 172
220 163
298 1
354 341
127 80
33 267
170 183
253 143
30 154
366 29
250 10
253 361
56 183
311 215
89 158
30 359
310 170
204 153
150 272
334 166
400 268
336 307
367 80
8 69
192 131
317 72
351 2
135 270
198 143
328 304
104 323
298 3
38 268
53 232
278 287
286 126
315 47
262 6
119 121
244 358
356 180
217 226
192 373
141 152
174 139
136 360
179 112
37 245
308 389
228 44
184 324
64 317
211 119
311 381
318 76
297 157
377 301
80 35
323 219
193 112
343 351
286 381
44 307
303 293
79 370
308 220
108 328
347 206
46 173
9 207
100 371
92 298
227 33
243 325
269 68
74 205
79 396
184 6
123 165
162 108
82 292
362 278
230 289
66 167
118 136
396 325
250 123
392 288
181 300
10 175
32 199
181 172
388 284
259 373
245 367
157 368
6 8
139 313
380 43
117 173
73 343
306 208
342 223
310 197
174 269
25 306
30 358
94 110
287 83
75 51
94 228
27 45
221 338
380 326
386 360
372 383
379 131
79 377
116 72
145 84
53 10
385 246
365 259
12 134
188 234
321 204
329 321
19 40
129 98
60 158
139 373
18 209
154 366
285 47
343 340
20 95
268 57
295 203
86 234
188 98
207 298
357 66
94 256
302 4
228 179
213 364
134 188
296 63
213 326
224 371
146 216
38 64
226 18
261 182
141 277
388 159
147 124
388 46
254 354
288 155
150 182
91 202
69 231
226 162
199 260
391 89
75 310
86 76
111 127
121 374
356 363
255 212
160 358
132 190
297 393
115 213
111 42
352 200
68 322
64 159
340 251
368 161
184 48
109 6
250 318
252 298
307 76
234 55
239 208
15 209
197 224
382 162
316 19
52 359
283 52
57 162
268 186
326 381
99 211
247 100
145 238
279 136
98 383
316 318
259 279
130 228
247 69
308 64
279 161
19 292
386 186
375 295
345 14
12 72
395 56
303 105
211 256
379 302
154 328
152 171
260 298
213 308
308 311
99 145
55 291
322 312
191 160
50 8
76 129
183 67
19 8
1 87
140 68
289 110
180 259
112 43
190 100
196 7
293 11
306 208
262 179
135 369
220 62
284 244
155 206
310 373
395 120
67 205
191 29
259 119
329 282
305 340
213 253
379 150
145 128
249 220
55 70
189 22
33 79
333 76
293 90
179 383
128 301
338 26
98 397
63 316
70 2
335 211
328 197
180 187
312 301
22 185
115 87
321 215
373 102
6 388
276 214
292 31
174 254
182 247
266 146
331 232
115 183
51 263
204 23
49 48
227 243
98 394
146 158
294 322
8 218
218 247
151 197
203 116
228 371
147 255
225 377
37 387
185 202
113 81
373 129
30 367
351 142
1 91
218 252
293 181
180 378
367 74
81 148
60 288
288 193
291 128
3 373
399 64
48 268
240 113
248 318
352 267
332 96
354 179
159 3
88 46
300 48
49 155
1 24
391 280
349 392
221 253
38 101
118 239
260 108
349 24
306 86
84 339
125 160
249 366
337 352
100 378
365 259
245 395
305 264
108 173
194 210
307 32
344 146
351 52
291 294
327 326
186 362
264 55
253 354
209 51
140 184
221 381
366 318
392 59
357 281
189 225
42 351
322 118
106 50
323 283
96 381
47 116
213 14
241 113
313 232
56 38
167 147
201 263
116 35
98 74
288 219
77 183
103 70
209 77
102 320
57 364
124 174
236 167
157 394
9 138
276 45
330 114
127 18
148 69
30 335
243 156
264 209
72 34
325 265
243 130
300 337
177 338
54 345
252 287
13 98
28 193
216 377
241 86
242 9
94 264
72 287
306 130
50 356
288 9
31 360
257 21
307 346
358 123
309 281
57 217
10 392
53 126
3 246
74 54
177 65
174 243
351 59
201 109
322 398
309 345
298 400
290 368
397 85
285 363
242 254
25 177
308 24
355 172
357 16
176 390
384 393
62 318
26 64
158 238
48 362
31 181
260 395
127 175
70 285
250 131
243 222
100 400
352 309
198 216
392 180
292 369
397 20
296 342
87 131
191 75
238 217
339 31
104 70
198 134
82 268
204 30
196 228
276 195
321 349
301 110
117 352
271 189
117 329
325 253
349 68
393 313
41 376
369 118
155 383
289 68
191 283
126 147
192 66
110 48
88 380
396 61
392 202
302 244
61 358
98 53
100 131
396 68
68 337
186 158
150 278
352 41
99 50
126 374
334 168
166 308
118 128
250 235
133 126
306 372
66 224
186 212
117 175
365 54
140 112
389 117
77 27
162 161
32 293
28 300
301 236
122 218
20 224
237 305
59 211
337 299
160 77
319 354
341 392
265 116
39 278
296 112
200 360
256 31
89 274
263 192
186 125
241 347
1 202
235 267
138 275
34 362
167 257
206 358
366 2
116 371
6 356
155 360
245 140
344 244
336 137
54 183
17 125
243 30
265 66
349 299
391 312
234 226
259 305
26 230
307 24
273 242
211 273
112 109
78 119
148 248
43 357
41 112
123 37
109 115
162 49
311 218
361 387
303 328
117 306
383 306
264 12
194 67
119 201
82 67
2 353
341 337
178 251
114 309
304 391
335 230
206 301
178 103
170 356
362 44
141 235
362 92
261 44
46 320
100 91
118 387
98 165
299 72
90 7
340 292
63 305
75 116
119 54
219 214
372 102
353 211
369 81
180 174
384 356
249 59
386 270
119 181
173 397
17 137
375 319
212 375
123 198
228 1
254 93
46 95
147 88
366 273
350 194
203 95
245 271
46 60
7 28
243 42
65 146
180 326
186 161
242 349
189 304
5 150
337 224
172 71
46 171
367 258
127 396
314 202
121 302
228 180
307 313
216 200
257 161
64 124
33 389
212 394
293 258
45 276
344 53
400 225
274 21
117 58
176 55
9 86
246 328
172 107
242 48
194 346
396 173
286 267
388 209
18 60
203 135
223 233
331 75
146 149
134 79
315 400
276 171
22 64
43 269
247 75
103 105
178 96
61 1
231 360
219 148
207 2
144 183
118 171
341 316
273 373
324 151
181 266
31 257
377 205
251 244
288 83
87 138
134 256
356 274
339 75
287 329
89 111
157 367
207 392
365 186
329 313
319 235
291 98
297 278
338 121
265 117
29 206
27 379
304 378
395 225
205 319
4 154
285 381
5 77
316 278
57 390
369 356
40 254
60 141
324 377
116 242
344 125
79 260
76 261
109 162
58 210
99 19
183 387
391 26
370 273
334 318
59 171
182 248
383 81
207 376
370 191
68 147
338 317
261 396
198 310
44 149
364 328
37 161
231 173
153 369
261 21
30 156
362 139
144 347
288 31
32 160
90 306
64 33
5 181
279 330
221 56
125 241
100 171
114 127
225 272
312 83
272 188
256 203
20 102
192 231
62 346
52 314
77 102
4 76
281 360
7 31
364 388
55 379
185 317
331 270
63 358
178 375
111 290
391 172
151 400
289 164
325 322
256 243
3 122
90 148
65 287
395 306
215 98
20 391
47 400
116 105
272 176
374 111
269 352
30 159
210 69
351 263
335 207
31 196
206 214
289 55
67 139
295 309
138 235
124 381
149 180
306 205
189 251
54 48
384 301
313 307
99 6
125 57
394 224
354 387
259 115
122 256
233 48
219 356
113 188
158 335
320 109
259 350
125 49
295 252
303 40
167 397
190 253
175 325
219 35
91 134
93 17
181 78
115 85
353 396
279 5
227 200
338 167
227 170
354 306
53 328
211 287
48 54
386 38
382 193
362 83
102 92
283 153
114 371
148 311
22 277
21 262
41 295
399 327
263 51
338 79
99 36
301 166
81 304
271 198
356 11
64 315
277 316
69 35
235 277
5 70
270 221
173 130
31 168
182 69
46 141
180 153
182 60
49 198
48 226
166 215
272 5
91 80
393 196
204 334
69 100
278 350
124 393
342 248
171 355
31 126
382 303
59 237
380 118
57 395
33 146
190 184
253 287
120 92
385 381
116 140
328 26
244 185
34 361
29 290
173 354
28 307
166 235
222 346
2 170
153 324
327 146
290 116
325 208
111 275
175 45
365 149
209 206
70 237
216 62
351 9
309 140
393 341
198 72
139 14
328 133
328 202
219 247
256 302
117 274
249 272
29 234
367 196
273 128
397 167
157 384
225 358
231 56
372 322
220 11
119 9
359 258
360 245
62 181
395 215
2 359
139 86
337 40
153 73
228 29
108 293
259 52
81 224
293 228
342 203
147 1
214 105
136 160
71 10
2 51
224 313
119 131
389 206
344 398
52 271
67 344
166 235
22 91
6 239
101 127
29 338
15 62
169 343
278 42
243 357
379 186
99 218
334 384
331 212
221 386
39 53
134 344
110 227
284 372
217 351
231 176
220 187
89 83
290 57
2 5
46 353
79 226
311 308
204 180
72 307
29 253
246 353
230 248
302 377
222 44
110 296
240 286
288 136
248 235
54 374
248 70
283 362
152 264
209 295
72 378
104 64
156 119
303 91
241 254
219 253
190 302
81 149
200 140
60 380
68 123
249 96
240 374
352 338
163 132
302 123
240 385
66 366
72 394
4 25
179 209
193 45
148 286
137 111
108 232
301 182
1 112
36 371
202 144
117 336
382 363
232 65
83 350
101 307
144 33
133 13
388 118
250 65
133 31
175 44
34 5
64 252
254 137
111 208
179 110
332 320
212 141
55 349
106 243
174 122
181 283
365 86
206 36
276 186
69 133
340 6
293 251
226 371
204 223
179 212
25 399
385 140
78 189
90 25
84 344
41 115
356 158
200 84
34 2
169 190
1 6
9 11
177 24
219 174
205 6
6 203
246 338
3 387
384 303
200 326
8 376
320 163
136 381
363 134
202 283
4 143
170 64
100 200
174 232
29 148
319 92
69 158
1 90
131 257
243 182
16 317
347 93
317 175
369 194
267 67
374 223
135 68
313 81
247 18
164 121
80 68
379 288
112 377
232 80
371 362
237 25
135 371
359 357
37 259
26 360
107 365
342 95
196 168
289 223
279 179
334 229
25 133
14 182
267 101
291 265
216 148
7 26
354 294
275 213
293 281
298 266
75 348
145 321
29 273
204 146
213 71
269 290
167 187
282 197
318 244
383 113
11 246
175 147
114 205
364 216
38 31
48 62
251 399
239 33
302 252
12 48
23 152
232 108
22 307
10 20
16 253
150 167
197 133
158 398
23 91
60 293
19 294
226 17
368 161
302 339
63 99
49 288
89 128
168 394
49 63
18 91
160 65
362 392
207 329
207 107
355 188
272 231
228 66
125 262
19 227
381 223
324 146
184 286
207 377
319 398
92 196
41 146
41 107
316 27
161 247
217 107
127 334
173 201
338 60
20 218
58 252
173 81
391 351
308 16
321 25
320 266
105 280
182 168
272 188
207 286
257 96
9 379
159 372
229 28
73 394
389 183
292 392
8 21
198 65
193 53
118 224
269 287
292 259
90 95
292 217
75 37
165 394
111 189
107 200
197 184
24 54
352 77
252 15
261 186
66 326
27 100
277 35
187 364
44 57
50 180
76 165
396 48
249 33
91 29
282 387
357 149
44 371
382 295
374 145
251 200
212 346
274 53
181 315
172 284
136 103
342 276
282 335
49 236
144 164
324 116
239 60
270 166
3 294
27 229
248 190
235 290
181 165
394 87
183 380
142 124
111 146
264 367
212 221
394 41
171 153
45 44
383 4
44 91
320 336
372 385
151 191
293 69
203 204
85 19
244 390
236 121
191 185
104 95
246 274
334 224
256 194
390 46
274 10
247 56
153 20
328 325
374 255
295 49
211 269
61 29
243 390
372 195
207 158
313 48
380 156
213 311
344 303
12 377
227 172
237 302
384 386
268 158
192 125
264 236
147 25
331 117
75 53
278 388
13 203
89 156
164 226
117 111
216 356
11 277
143 266
394 76
39 188
346 266
292 376
312 68
269 120
154 176
224 124
302 306
58 116
169 281
235 121
176 200
306 338
165 344
22 273
309 335
388 365
233 15
186 149
374 123
317 389
338 173
384 51
60 350
391 58
299 93
52 354
371 377
111 159
349 143
292 329
291 280
146 96
230 144
367 155
313 202
82 63
204 266
79 185
298 55
55 338
165 253
115 92
400 186
22 32
147 201
79 237
198 62
122 148
229 203
199 81
307 209
143 20
197 113
44 117
125 185
303 99
248 302
92 351
125 296
303 5
276 29
313 52
202 278
4 60
8 122
386 22
226 378
44 206
364 201
80 249
297 331
281 115
361 107
100 65
43 115
359 321
123 179
190 365
294 197
229 214
350 336
179 84
162 244
322 306
71 350
9 383
47 251
162 377
76 114
368 130
102 36
343 17
365 354
200 49
21 214
8 76
312 359
114 322
54 236
307 152
178 325
52 152
62 204
372 397
348 79
309 69
187 380
36 138
35 69
3 17
308 322
216 389
5 394
337 174
117 178
148 73
22 7
235 19
360 44
101 172
313 100
15 12
364 59
8 30
128 52
186 52
46 271
251 65
168 110
307 353
61 346
61 351
197 44
80 195
138 384
258 142
135 233
150 189
314 175
36 306
15 390
55 86
279 358
192 240
357 211
314 144
115 187
131 156
64 363
152 347
149 279
321 24
252 382
219 197
121 141
8 168
1 160
22 49
155 36
131 35
123 323
213 377
224 249
243 278
335 22
366 348
253 359
53 187
232 15
280 154
264 223
148 342
294 382
175 155
265 254
205 61
7 121
361 278
67 29
356 356
123 63
394 186
373 339
273 300
339 187
175 180
285 23
254 91
209 318
15 352
184 190
125 374
341 45
245 188
134 323
45 187
101 78
263 365
23 170
349 238
229 288
189 21
225 90
375 281
249 396
340 297
203 245
101 196
92 125
399 155
236 187
145 291
144 397
10 145
89 258
305 297
23 190
54 384
258 382
183 125
139 375
271 161
232 238
328 23
266 392
317 213
27 291
360 214
168 263
295 48
277 217
160 56
259 201
69 95
217 310
243 87
175 178
286 222
300 332
134 269
174 135
306 18
95 224
77 97
200 320
356 242
35 74
180 267
350 374
195 337
370 318
345 255
200 312
317 390
374 108
382 60
127 186
254 303
331 398
322 361
133 399
24 128
132 20
125 234
163 115
37 68
40 119
331 174
299 127
230 268
96 361
396 107
163 387
291 98
161 296
35 303
138 111
393 249
338 92
346 141
314 72
218 126
26 26
133 34
360 213
154 177
40 337
183 280
74 29
218 341
173 176
242 363
179 364
140 39
205 63
118 329
200 6
87 398
336 174
314 277
140 83
305 158
196 202
101 96
285 127
145 94
148 107
82 67
140 236
171 269
26 52
18 127
241 215
192 120
329 5
242 380
78 163
33 264
179 97
390 374
189 380
230 142
338 13
80 91
359 98
247 56
57 190
152 58
195 16
237 93
142 94
41 275
149 15
289 184
270 257
157 69
107 109
209 226
395 194
167 280
318 296
146 134
283 257
66 185
57 170
285 349
37 157
363 72
134 103
387 190
223 48
40 223
196 237
33 128
330 262
12 139
311 185
159 25
27 212
186 16
178 322
41 183
398 220
391 357
36 349
124 41
216 388
400 85
40 22
335 239
343 156
306 307
288 43
162 251
24 195
81 96
304 296
213 148
332 99
309 386
170 246
371 67
174 230
34 149
279 34
398 48
109 201
89 383
1 127
321 89
359 362
256 168
96 178
355 58
361 135
43 185
298 235
343 351
188 345
22 221
212 187
49 191
297 151
310 59
304 235
38 16
58 350
379 192
327 281
170 156
215 387
389 383
340 187
2 42
70 226
82 42
232 107
84 265
65 98
122 190
95 146
321 315
86 227
146 176
252 271
2 52
198 366
175 225
188 316
220 278
125 25
189 98
231 191
216 18
93 139
252 126
52 13
183 67
223 180
209 70
168 45
297 130
336 373
181 201
223 34
307 296
201 330
95 300
145 291
102 366
392 393
396 395
191 242
252 344
200 367
166 39
152 325
208 173
212 38
156 345
260 371
309 16
350 175
24 258
19 89
220 95
270 390
277 284
305 333
62 229
143 285
140 347
317 232
97 350
130 123
72 38
114 293
310 249
258 290
250 115
23 305
42 342
78 254
350 221
158 195
208 66
355 105
265 41
212 28
325 264
212 398
166 92
344 215
356 324
131 234
166 286
243 146
72 348
126 231
91 93
357 209
97 7
350 57
249 372
136 295
118 203
265 203
368 54
352 150
181 398
113 258
394 43
385 232
327 125
340 220
146 218
232 77
245 226
134 393
202 379
36 340
333 235
333 220
215 91
314 210
392 286
227 248
9 218
89 115
21 227
314 188
179 232
116 2
231 262
362 261
147 290
123 274
79 77
169 24
144 223
231 58
306 156
292 139
374 249
78 365
212 185
397 17
271 148
393 33
399 22
319 382
236 222
100 292
102 101
64 299
127 94
180 88
103 315
291 260
391 154
248 220
368 73
283 140
393 145
357 196
390 168
74 369
150 247
265 343
95 241
78 70
276 59
4 96
252 297
2 131
355 280
109 10
300 43
146 90
155 127
62 222
204 280
18 104
190 104
199 294
207 54
147 397
119 200
211 262
199 45
313 84
223 260
310 25
334 380
19 344
306 281
397 365
323 61
83 274
200 251
84 358
285 236
300 4
162 255
104 192
186 126
29 269
8 140
167 360
23 54
339 255
143 317
84 145
352 159
149 23
291 185
49 194
130 278
128 306
253 73
252 105
294 284
309 170
3 295
137 44
13 23
385 267
2 83
129 398
102 136
237 25
304 296
129 286
149 131
66 245
351 126
14 194
172 301
134 207
126 370
99 218
201 395
388 70
113 251
370 199
191 49
328 364
308 398
9 316
330 193
201 177
91 275
186 257
224 315
310 14
214 164
140 225
262 109
213 122
377 284
371 96
209 99
43 91
293 279
37 296
29 199
58 48
220 10
58 221
84 155
147 156
220 17
23 199
290 358
284 279
318 114
49 8
197 67
133 53
84 110
313 83
253 361
146 214
146 124
297 380
397 374
172 85
44 222
90 175
165 4
398 170
306 235
302 158
252 257
47 135
36 293
153 34
171 127
199 154
219 319
112 143
129 147
149 191
241 393
304 17
351 170
184 94
399 14
29 227
201 297
28 355
358 144
120 105
24 339
16 204
366 46
153 355
251 116
139 130
261 31
187 323
237 144
391 76
346 185
264 60
309 40
321 186
62 320
113 139
53 291
142 233
202 400
111 143
269 275
166 109
13 192
111 244
95 377
181 56
131 71
29 307
297 27
256 235
162 368
79 142
131 250
55 181
255 107
111 395
209 242
375 224
92 351
57 77
207 43
129 94
178 350
366 294
4 306
286 25
289 97
127 69
26 218
243 24
137 259
148 350
182 143
339 310
347 65
170 276
76 147
248 42
232 4
172 369
156 65
127 225
59 232
7 327
315 69
296 393
243 50
116 232
283 143
65 134
187 102
225 16
91 68
108 202
30 144
109 301
91 337
244 226
361 347
314 189
112 41
254 116
163 395
382 124
348 6
168 340
148 221
264 110
10 157
129 228
183 272
334 85
215 43
250 168
74 374
303 150
85 150
342 63
104 99
278 168
128 255
237 54
380 234
392 83
206 175
7 243
220 359
257 232
171 397
363 187
294 150
139 118
303 253
240 218
173 248
394 194
89 333
176 53
170 201
230 222
350 21
28 2
251 21
211 301
41 119
195 38
370 29
377 355
244 179
284 78
170 330
73 243
227 333
259 191
245 163
354 152
66 214
163 165
398 322
133 384
165 9
3 330
378 181
95 341
27 47
166 296
267 106
275 149
279 114
14 323
183 266
333 31
99 49
212 170
174 176
269 135
375 390
97 240
188 376
378 45
324 163
99 214
255 224
206 92
216 54
48 398
192 137
65 16
32 42
362 21
276 197
189 391
219 77
194 367
232 340
57 283
229 194
201 92
33 161
310 126
78 139
88 199
161 313
93 347
221 314
353 276
385 351
116 376
359 34
221 293
344 57
185 138
46 36
305 147
322 375
162 120
351 361
232 58
224 216
168 170
329 260
263 33
253 270
235 282
377 51
144 287
98 222
228 361
376 346
9 104
137 112
190 343
127 193
67 226
271 167
138 31
221 1
227 106
32 154
386 314
132 274
267 80
345 104
145 359
283 231
248 13
289 155
282 247
81 27
44 188
4 392
371 148
316 32
106 214
226 253
134 371
375 188
185 220
14 382
178 53
293 282
65 214
334 137
18 162
219 135
247 336
358 83
126 12
111 382
208 139
395 398
90 203
61 36
71 329
259 29
323 94
184 138
8 33
137 212
58 73
399 91
170 318
122 395
219 400
256 42
342 395
176 320
80 278
385 99
218 285
199 346
290 44
53 201
346 182
29 329
295 212
385 98
23 137
11 76
320 27
147 25
333 337
41 337
220 146
59 68
365 80
194 200
26 226
127 360
162 20
308 93
113 83
351 297
272 243
290 234
193 391
268 187
346 243
399 263
307 186
364 204
262 245
131 396
198 171
265 35
397 162
388 257
166 293
222 231
273 279
281 116
146 11
270 312
5 6
321 277
201 74
108 80
161 187
345 52
338 279
211 364
195 208
274 203
199 106
21 217
270 201
27 75
49 81
394 330
195 75
135 13
359 107
288 327
233 270
393 340
205 102
77 295
284 79
289 29
170 382
230 299
105 173
311 305
182 246
167 150
348 86
278 357
231 168
68 21
356 309
236 157
155 355
79 89
38 144
345 107
395 30
52 231
127 165
303 196
13 38
133 78
299 353
112 400
385 231
335 15
62 368
222 271
197 311
400 352
280 237
153 177
114 220
311 242
161 7
224 364
13 160
3 13
289 380
164 245
233 350
46 47
118 271
214 109
77 327
181 12
371 335
106 313
249 35
75 98
272 37
316 33
187 36
56 275
56 248
26 341
351 149
31 138
362 85
3 140
388 261
119 385
127 96
338 203
285 374
367 79
33 107
224 12
91 81
158 400
63 161
265 248
141 373
331 261
79 200
165 388
205 70
148 83
336 239
332 376
322 253
231 74
199 387
245 182
63 92
382 290
205 28
322 288
275 265
395 110
7 341
205 1
108 215
370 286
231 295
238 339
276 114
326 93
77 379
264 375
77 368
50 88
295 225
98 193
399 205
267 134
92 225
325 229
205 82
309 173
289 281
80 165
95 114
57 38
102 243
174 147
271 106
164 21
148 369
363 308
344 325
102 96
169 178
324 136
253 215
19 119
241 18
162 113
193 381
181 235
50 57
295 238
254 226
71 90
298 65
370 84
91 288
75 168
204 245
195 366
144 117
304 113
179 269
167 258
392 178
129 276
192 199
166 347
89 200
106 274
39 275
271 86
259 376
232 4
146 202
115 288
358 272
376 350
285 322
140 130
384 105
383 161
353 376
6 149
241 47
43 85
77 279
395 139
50 283
137 78
107 191
55 283
330 31
134 145
243 376
205 393
167 177
248 315
84 182
246 242
46 62
49 57
389 37
61 95
317 329
273 315
330 73
228 337
9 277
399 311
100 53
224 18
175 190
4 202
137 55
118 273
159 178
21 175
372 7
21 67
96 323
251 158
224 237
119 300
75 217
396 22
182 169
161 100
320 318
25 134
315 183
12 285
19 313
188 156
13 290
317 55
342 367
181 398
188 35
160 201
395 158
225 200
397 270
50 36
386 58
1 219
324 240
330 317
62 380
166 155
92 288
156 374
167 20
23 203
157 176
45 7
285 108
332 13
219 396
159 74
382 328
379 378
32 284
366 223
288 129
147 30
85 250
134 123
397 163
