400
6400
117 49
342 7
31 13
6 397
148 190
111 284
254 6
379 6
143 261
63 178
323 169
302 139
298 38
241 77
186 286
119 398
385 131
1 58
72 172
42 343
376 119
328 157
75 107
347 197
157 285
308 283
250 81
400 99
75 392
207 70
370 296
281 305
248 365
227 352
219 166
24 89
106 92
124 289
152 343
281 95
94 252
375 339
34 54
156 225
292 355
156 19
131 202
39 198
80 290
1 277
265 144
231 49
73 59
363 166
364 139
199 277
230 395
121 290
72 109
308 123
365 178
284 34
332 5
82 357
263 378
53 398
133 34
220 263
286 389
127 221
295 369
266 109
63 228
139 305
235 194
372 205
306 171
14 4
7 137
302 176
369 236
177 61
59 252
71 319
394 218
292 48
212 180
10 354
256 99
328 194
188 316
59 113
138 355
108 116
320 86
378 42
47 251
197 380
35 221
319 269
239 284
8 365
18 326
135 231
341 118
59 226
374 344
182 241
139 49
293 154
360 368
88 151
153 359
357 263
30 328
294 151
254 59
124 35
279 90
139 204
70 168
88 196
276 152
257 268
259 296
296 80
388 20
272 206
307 39
84 371
75 287
332 358
238 23
336 191
344 38
389 130
223 390
146 265
142 306
137 217
323 243
234 7
198 358
103 342
382 168
362 291
71 210
278 62
266 151
374 264
265 12
220 368
375 225
145 81
192 322
67 226
219 267
288 287
398 235
110 83
335 293
12 113
310 26
57 269
376 166
145 163
110 313
175 342
84 145
356 318
79 151
371 150
399 262
205 372
199 70
25 392
132 337
121 257
339 148
12 235
30 62
350 333
337 94
34 143
343 202
296 274
29 40
399 236
243 209
263 130
46 88
81 113
75 162
184 328
327 149
333 62
24 244
63 104
203 302
61 382
7 255
362 311
317 173
377 32
240 23
125 250
343 298
370 378
129 358
383 287
22 83
196 230
8 69
391 234
186 361
390 303
387 3
86 274
15 146
107 187
241 272
393 362
271 360
381 267
18 152
232 291
352 232
394 255
201 339
391 386
90 50
141 299
26 80
304 256
125 34
59 62
342 92
46 82
226 65
300 59
384 188
224 134
7 374
129 285
104 221
226 60
359 101
309 319
385 145
200 231
324 36
255 55
365 205
89 28
1 130
107 367
85 112
206 388
208 39
263 188
203 194
227 269
306 13
202 42
4 312
123 261
373 51
86 247
293 3
184 290
154 205
301 349
120 154
166 35
177 189
31 207
16 383
214 342
293 248
46 364
17 140
1 93
76 376
157 395
130 22
114 86
383 140
119 24
164 57
353 220
267 396
57 177
332 205
374 198
71 279
86 208
21 200
348 100
178 210
234 240
256 273
69 172
41 310
40 226
86 89
168 16
30 2
101 195
56 209
198 381
207 76
380 344
96 173
105 196
123 116
206 329
122 348
339 110
97 302
312 39
251 153
103 270
293 180
215 338
342 89
120 246
261 302
221 143
55 41
137 291
162 197
300 246
200 248
160 205
174 259
361 121
232 179
384 255
132 153
229 163
61 64
366 5
285 201
266 142
266 42
378 26
122 32
327 219
366 78
262 73
369 283
283 108
353 37
181 120
139 107
278 274
253 18
345 250
343 323
341 30
81 371
47 345
123 85
179 215
226 366
267 1
162 166
399 15
58 143
228 259
91 122
154 124
325 361
286 284
161 256
324 114
31 92
78 252
382 321
365 239
37 56
17 147
280 167
152 144
305 220
228 71
196 333
223 178
133 152
367 235
214 29
188 310
282 274
275 103
237 112
381 384
100 4
81 18
291 341
244 259
61 374
32 191
201 178
35 357
80 359
363 131
226 60
104 109
59 76
131 334
156 345
191 90
236 229
37 244
64 376
350 234
35 345
116 380
144 201
223 278
33 173
231 205
226 257
250 26
203 373
137 294
84 324
229 300
158 49
203 142
167 169
285 331
81 221
86 176
302 117
196 39
112 151
33 270
319 366
43 358
360 247
55 273
240 234
117 350
338 318
58 62
296 134
326 20
234 284
129 302
231 296
147 88
216 278
293 130
395 273
109 130
309 22
67 300
324 350
319 163
39 63
369 286
390 222
76 384
293 260
75 389
86 185
135 376
85 164
331 106
386 189
234 276
218 361
251 131
225 273
180 32
323 300
199 23
224 6
89 76
310 263
208 80
63 133
22 381
210 145
185 336
265 48
352 94
211 235
284 174
176 74
18 327
103 110
381 80
96 39
324 309
350 204
378 291
348 353
306 20
265 394
158 164
377 253
68 284
333 46
80 252
106 358
239 199
258 37
259 143
289 372
270 178
394 78
111 21
168 328
14 14
190 284
199 333
207 362
61 23
94 127
13 322
57 173
138 136
246 385
383 124
340 59
234 261
273 205
136 316
47 196
147 341
100 176
278 254
354 73
52 362
95 354
164 273
238 201
356 252
380 57
227 286
400 132
167 6
87 27
244 361
379 101
188 196
315 395
180 347
375 163
46 186
29 205
347 33
251 138
231 143
272 257
338 116
223 239
246 269
397 218
191 290
210 242
342 355
312 233
84 202
382 394
112 247
218 72
190 50
184 245
91 47
340 65
285 214
305 30
30 52
71 90
320 368
185 67
17 57
160 240
297 265
35 158
255 62
79 246
282 23
301 264
166 88
81 226
365 280
271 256
147 62
229 65
4 238
306 28
183 323
103 25
2 342
120 62
19 377
7 301
316 122
216 224
378 123
61 255
249 261
216 208
354 78
287 334
56 173
363 74
183 232
301 7
257 64
133 327
106 246
48 114
327 115
280 35
144 370
146 258
213 20
305 386
281 387
105 238
198 331
95 308
365 262
355 386
255 91
126 57
179 37
66 217
48 65
101 323
14 180
205 187
383 329
315 70
371 250
55 297
28 228
292 46
398 267
81 170
86 58
133 219
201 195
151 103
367 162
294 221
6 379
311 51
310 312
294 266
350 198
289 195
102 180
79 220
364 117
137 326
69 170
265 157
18 384
203 20
48 234
54 291
40 255
233 373
157 100
126 285
135 231
255 23
68 31
80 97
85 280
41 304
344 78
234 256
390 381
366 245
115 146
247 204
144 234
152 91
23 267
254 186
130 89
206 75
234 38
298 116
279 176
380 159
175 183
174 63
329 186
192 112
270 375
134 119
296 136
143 224
346 87
318 132
228 209
109 2
236 219
365 208
269 317
87 225
273 239
147 241
46 169
278 367
205 40
18 139
79 306
259 123
103 112
347 244
186 135
387 365
327 171
390 337
306 125
330 257
87 392
202 189
85 107
243 315
294 392
289 169
282 36
62 61
116 382
36 102
63 60
137 164
313 397
130 158
92 297
310 55
156 154
171 137
222 134
286 301
352 297
72 383
314 17
201 287
84 75
199 10
206 138
237 148
234 372
91 106
52 53
372 88
53 89
150 16
321 386
147 163
132 4
335 320
48 290
397 360
197 193
336 193
388 94
265 3
51 292
342 198
322 69
122 112
185 99
343 160
282 309
85 227
270 309
232 206
74 346
400 49
140 223
152 339
40 207
89 116
26 190
316 389
173 302
357 98
267 112
125 226
45 94
375 249
110 211
304 304
41 316
331 141
184 164
190 6
233 15
372 138
64 8
388 187
173 54
182 124
9 33
102 145
298 352
281 82
48 244
375 191
183 17
25 19
58 157
99 3
379 159
34 398
40 230
90 333
383 107
164 389
232 74
7 162
392 42
32 129
351 186
261 192
120 172
74 271
45 275
289 242
267 210
236 180
16 50
175 240
143 331
388 217
194 147
51 161
102 117
328 181
309 46
188 195
51 35
297 299
19 104
215 303
12 130
215 282
378 146
400 295
186 316
313 84
60 263
228 214
355 75
192 76
98 326
310 111
87 395
57 325
192 121
200 203
229 321
88 208
234 330
260 390
42 195
330 184
172 178
353 345
302 253
336 210
285 320
67 76
87 291
270 207
320 35
278 366
257 121
286 328
47 396
31 384
361 307
327 312
200 371
319 185
312 81
378 223
201 208
149 62
333 347
2 192
397 208
50 72
292 263
394 395
172 216
45 381
61 131
56 53
224 2
198 24
104 46
341 385
75 51
357 187
12 220
284 218
58 45
311 98
187 27
44 348
288 76
327 120
21 359
163 188
33 249
24 311
9 327
199 259
345 278
64 384
300 34
155 112
250 103
239 23
252 196
312 247
381 128
273 357
126 294
391 137
79 169
21 350
179 126
311 282
370 178
116 193
276 29
368 82
350 202
126 274
46 360
164 263
309 145
336 112
186 319
212 369
288 186
156 139
206 199
389 362
327 160
241 123
58 265
80 236
382 10
24 228
152 286
244 350
61 131
98 19
83 187
202 35
379 125
154 153
143 175
23 294
321 27
298 157
394 74
336 174
149 98
214 375
152 44
228 13
264 182
30 397
95 87
57 331
5 207
134 76
134 120
187 106
393 394
49 102
16 317
49 226
11 316
155 78
391 85
65 46
315 43
22 340
237 192
177 218
255 370
12 65
320 30
375 100
158 243
42 99
326 223
201 388
191 137
152 308
226 45
312 90
168 62
219 400
330 94
261 361
99 274
189 43
131 71
183 187
241 173
15 120
238 241
292 179
215 52
278 350
215 393
198 4
233 242
184 163
120 157
321 57
159 289
58 102
342 332
207 116
348 301
228 238
292 228
205 175
360 201
295 250
24 126
236 38
246 393
106 24
119 320
166 275
361 208
14 391
242 166
25 359
230 385
331 206
262 333
394 350
296 162
120 48
257 193
231 296
396 110
374 4
386 151
378 14
356 3
347 200
90 386
287 3
331 249
79 249
242 145
314 79
157 89
257 75
50 388
6 368
224 265
169 279
241 226
351 100
144 171
387 202
255 103
191 174
163 265
74 195
57 238
258 318
272 168
281 330
96 222
229 141
232 81
155 13
162 377
164 388
350 234
336 290
47 221
337 247
312 76
143 161
322 345
342 23
190 232
156 92
135 359
330 54
336 381
16 281
112 150
208 370
169 139
346 89
124 99
9 222
158 174
217 123
96 362
277 190
75 163
373 305
363 64
229 134
200 347
375 111
342 134
382 35
314 67
240 117
242 119
209 335
258 79
213 56
267 124
290 21
129 254
263 33
262 324
8 39
275 246
210 38
115 155
49 128
119 322
11 99
39 12
233 139
304 99
32 334
75 82
338 162
92 130
13 223
19 150
303 371
296 396
194 317
9 336
387 139
364 368
390 120
61 125
203 40
356 7
21 218
259 383
302 360
67 63
316 310
248 348
69 268
202 280
347 121
339 284
78 214
377 261
78 152
379 128
252 111
310 81
196 343
351 384
389 394
398 169
280 282
91 121
223 51
155 328
61 248
282 1
131 137
342 127
259 314
373 140
327 265
240 390
175 204
355 76
55 15
154 104
189 230
153 279
21 119
263 64
172 287
149 378
5 111
242 317
303 102
73 322
366 341
58 355
40 211
26 215
119 292
370 63
32 254
48 162
15 55
166 341
375 333
61 337
48 171
66 372
79 292
330 356
258 90
262 222
191 120
234 254
208 238
17 89
173 395
363 63
191 87
297 100
228 320
133 77
105 267
63 230
195 56
49 377
212 156
269 288
99 52
34 342
217 358
216 146
273 61
112 170
120 354
300 115
103 204
178 358
111 148
24 48
388 169
153 9
236 377
218 320
165 233
57 133
382 296
12 112
305 258
170 302
139 236
55 217
73 228
187 22
37 142
363 216
183 238
359 312
337 84
177 281
296 239
219 39
10 247
378 73
180 77
97 194
310 309
391 384
188 68
87 196
118 182
341 313
318 395
184 147
151 33
383 271
367 198
5 194
279 226
51 178
182 66
98 96
78 185
375 150
227 116
8 250
231 310
97 323
394 248
289 153
94 335
312 255
337 392
391 312
380 230
319 103
150 136
279 249
281 315
357 248
68 302
382 290
124 58
199 320
310 229
254 333
41 300
119 164
19 130
258 253
396 141
117 32
286 390
338 280
209 323
90 44
180 257
17 292
199 97
148 317
342 309
199 172
334 189
163 29
178 259
75 261
264 115
177 300
324 393
3 235
385 388
237 87
167 252
221 174
73 369
175 57
31 372
132 253
342 185
72 177
282 78
206 373
101 18
2 171
27 35
153 144
9 3
9 251
324 296
352 258
21 69
199 129
337 379
94 294
176 133
260 11
23 181
36 396
214 129
305 43
176 359
392 43
90 75
95 249
277 69
175 225
344 296
294 367
347 162
77 383
149 83
329 11
196 93
377 263
279 33
14 91
281 331
143 397
56 257
259 112
204 290
201 332
312 328
13 108
177 131
68 178
315 341
62 105
379 72
14 2
7 381
399 144
278 105
185 60
267 117
121 234
132 399
197 122
205 381
123 283
397 307
216 62
374 204
114 240
384 123
264 30
374 172
389 286
100 107
203 377
297 332
342 127
55 48
222 28
127 336
224 67
231 333
61 17
48 340
32 186
243 237
27 177
337 61
270 177
64 57
369 93
305 14
175 242
343 2
40 52
119 88
335 175
17 378
122 119
227 282
116 163
365 341
146 86
253 350
25 329
209 45
4 26
130 84
367 47
32 357
222 187
62 231
21 256
199 386
94 398
399 97
264 265
207 261
259 399
220 139
219 317
252 368
82 170
122 393
257 356
366 159
299 324
376 184
338 32
372 72
192 213
382 211
231 19
274 367
177 96
221 129
135 365
14 364
112 22
337 102
29 271
273 272
31 345
354 333
31 170
347 375
210 1
235 130
313 128
355 70
297 202
277 288
234 71
234 353
57 307
163 152
335 148
370 268
365 201
52 363
69 259
384 244
175 292
110 322
9 45
191 213
63 214
85 166
209 355
257 8
106 398
106 58
189 195
363 117
252 26
214 16
238 342
88 45
173 352
347 191
289 233
157 305
370 112
98 37
366 91
399 275
396 172
17 15
270 184
126 262
51 234
142 160
260 80
337 142
156 367
298 199
20 49
153 282
189 182
87 358
258 245
389 224
287 145
313 270
145 355
343 36
291 352
322 76
128 219
151 145
304 105
282 347
158 63
59 86
341 7
189 249
220 85
382 252
45 119
33 375
338 19
57 292
2 258
90 224
18 175
124 213
113 249
135 16
67 118
185 133
384 114
234 358
392 341
236 58
138 305
78 235
70 163
383 341
296 206
98 105
190 178
205 161
20 126
103 304
262 241
51 184
206 78
179 235
233 67
199 235
372 79
315 225
194 50
159 87
86 94
320 171
52 80
394 76
129 17
272 135
243 303
247 225
42 151
278 22
200 45
392 13
141 1
84 245
326 145
163 307
21 15
36 264
197 67
67 147
253 192
92 214
399 287
239 83
248 101
266 228
279 117
95 318
260 332
199 193
4 99
113 99
12 276
385 355
275 28
110 383
358 234
275 18
178 396
134 276
269 303
231 88
55 20
345 341
362 364
370 158
93 86
364 247
141 259
282 179
376 33
4 62
390 185
264 108
52 214
388 311
188 89
24 83
170 97
29 131
22 7
65 395
65 47
197 114
9 239
208 375
64 198
166 125
98 382
344 393
235 211
223 60
223 260
210 7
104 11
29 83
323 152
272 191
134 4
391 247
266 230
116 283
303 135
23 55
245 308
175 335
251 42
189 368
311 59
301 162
204 168
80 128
73 305
373 225
179 36
356 139
388 397
274 193
103 106
63 334
53 359
89 140
131 3
134 376
38 155
72 274
363 237
38 285
323 81
90 219
33 49
310 130
6 121
303 191
150 159
57 265
342 282
111 214
270 82
110 367
198 148
328 4
244 153
256 87
269 153
342 222
274 316
293 339
25 230
277 264
70 269
240 299
16 305
233 332
177 225
3 58
161 274
340 166
131 116
77 42
268 270
156 198
40 398
357 336
333 70
346 8
210 147
90 140
228 370
246 276
196 311
359 271
164 374
159 209
228 203
187 122
383 142
302 383
362 291
345 166
216 344
199 227
246 261
103 176
303 217
59 207
263 102
102 86
337 33
27 286
303 161
193 272
164 84
373 30
371 141
148 254
353 220
266 260
236 160
330 185
356 28
241 40
323 45
122 19
211 380
74 366
247 84
379 209
146 356
28 7
334 383
293 237
300 163
325 248
242 273
338 323
33 188
270 28
304 41
218 219
291 328
127 285
54 373
305 213
250 208
85 23
127 38
39 334
170 72
135 272
265 279
318 350
180 271
317 351
381 12
5 124
326 271
382 278
298 242
9 352
390 266
85 330
338 207
351 246
99 216
88 388
400 242
325 364
2 377
68 37
191 120
21 97
97 312
150 146
193 188
367 285
31 63
203 265
49 46
278 273
350 261
12 371
1 283
127 14
33 108
79 4
285 303
200 242
320 387
27 308
116 89
350 26
222 377
69 41
99 232
370 314
399 197
79 346
373 205
356 267
92 138
330 114
5 281
292 324
395 57
345 246
117 295
278 139
41 278
324 384
362 293
256 231
124 140
141 282
139 355
326 136
357 224
145 316
383 28
321 80
358 8
359 17
326 283
34 87
281 255
243 213
237 43
131 118
178 247
109 219
389 377
199 113
381 389
216 305
304 146
387 73
315 124
316 280
162 358
349 116
191 85
340 14
147 158
73 336
250 164
143 196
76 117
63 216
351 87
169 377
375 203
184 209
314 22
158 190
235 304
46 183
382 239
313 249
339 288
29 157
288 66
178 326
203 368
87 146
8 267
208 101
217 271
203 317
69 88
16 43
142 253
351 343
85 232
139 182
135 309
110 23
41 169
7 225
15 158
25 155
330 1
10 395
12 385
377 158
368 152
97 122
74 15
161 383
90 186
122 184
318 148
292 391
318 47
31 11
372 207
393 243
102 396
392 86
157 32
260 194
330 200
188 37
220 77
389 374
274 215
256 39
11 341
176 362
175 68
65 169
115 99
301 74
88 342
23 368
393 154
182 297
191 250
335 8
71 64
375 211
166 65
340 141
205 389
341 352
131 203
51 125
351 360
145 70
97 122
179 148
127 53
99 364
171 347
3 224
94 252
61 69
193 369
8 288
316 331
375 343
134 166
227 253
397 72
236 12
231 281
325 316
34 108
349 361
122 32
385 125
101 123
90 75
372 328
47 200
360 368
147 145
37 250
177 297
323 120
285 395
359 132
259 342
215 212
266 271
77 16
162 303
252 225
11 301
122 191
263 297
166 79
9 381
357 31
117 149
102 354
255 62
17 275
332 61
197 394
365 363
25 119
239 303
278 160
256 54
336 141
393 172
351 314
400 211
349 89
248 101
179 64
100 281
289 183
7 5
346 307
217 282
23 200
201 186
334 173
174 261
16 149
176 152
187 107
360 315
187 103
221 110
354 296
200 78
197 221
141 305
272 349
62 267
162 23
66 356
93 299
270 32
154 165
331 364
384 121
374 346
232 350
17 185
160 306
58 398
255 257
397 361
33 207
127 78
209 302
40 48
120 292
373 72
352 247
30 3
155 44
154 295
168 225
205 103
175 337
11 333
6 158
224 281
303 265
297 367
120 217
334 355
289 358
169 124
225 233
83 391
242 3
61 44
41 6
10 323
259 19
172 302
46 191
161 195
111 22
33 84
56 122
34 184
119 264
99 293
87 306
374 73
397 151
144 382
365 193
116 136
205 392
119 122
181 18
34 259
104 271
238 98
35 104
186 209
220 367
109 48
205 241
266 16
378 73
346 78
214 172
206 101
201 278
355 295
75 296
281 383
253 226
201 73
299 283
268 220
317 310
263 234
339 169
129 368
9 46
85 315
33 316
327 117
201 363
251 334
88 302
121 77
33 70
116 347
321 299
294 68
289 132
15 316
179 319
150 270
107 21
216 340
70 65
60 40
382 23
285 24
188 261
5 273
336 156
385 39
11 24
352 153
107 40
260 279
246 340
390 68
284 112
133 299
337 283
323 17
167 329
69 368
394 93
295 233
65 371
119 297
77 134
258 171
189 160
263 264
189 192
24 244
37 155
258 303
172 271
87 233
59 328
218 238
232 36
176 370
123 168
178 342
210 35
269 68
85 390
99 162
259 34
142 137
63 175
50 371
157 57
38 381
89 326
122 48
194 122
372 117
358 164
113 254
55 207
136 145
324 155
303 16
381 207
207 128
63 55
309 302
277 2
136 123
176 5
104 88
3 245
195 101
363 305
360 367
315 377
141 95
36 201
399 36
162 348
32 399
237 298
140 42
357 274
270 218
103 29
157 90
395 51
73 351
290 356
298 62
27 244
70 314
18 374
142 119
200 315
397 350
21 150
308 70
6 235
63 273
289 247
1 174
54 39
122 96
390 33
126 91
66 292
30 365
311 292
7 71
361 117
182 25
198 313
395 146
191 298
37 39
217 366
4 281
316 234
315 150
97 58
118 59
64 388
346 372
24 182
261 366
355 97
172 258
22 195
385 261
176 12
143 273
152 74
351 268
390 200
154 85
86 45
151 92
396 232
149 373
263 276
365 197
202 400
240 24
195 157
165 367
233 156
364 383
224 78
42 87
300 315
93 33
175 163
19 7
72 323
195 97
173 289
193 44
22 199
387 127
92 112
220 272
400 124
18 137
272 296
122 307
33 133
320 133
150 342
375 108
10 265
171 126
262 128
274 322
355 38
61 9
297 366
144 240
16 65
240 332
150 107
165 256
142 244
104 272
284 93
2 372
357 185
336 271
176 353
349 267
366 94
150 56
1 381
215 250
357 112
178 152
105 14
147 218
191 217
37 304
267 307
111 242
244 319
354 15
263 46
317 35
303 310
9 310
124 171
288 167
206 370
168 131
210 86
201 57
138 81
267 94
351 52
134 215
20 62
6 347
73 144
305 314
272 38
398 158
301 256
334 94
70 18
180 261
197 63
165 33
309 276
5 360
340 41
24 351
234 339
187 141
58 281
202 186
22 21
318 345
308 212
162 83
217 27
43 144
282 78
211 393
87 370
12 165
381 254
177 109
60 384
392 230
290 200
137 251
99 75
360 156
29 313
103 308
265 147
31 358
194 189
29 243
99 75
350 348
371 138
147 321
233 358
50 234
134 92
306 237
381 29
291 268
388 209
60 214
371 274
8 99
172 224
361 81
38 316
325 226
185 398
69 45
378 215
168 380
239 11
260 79
153 107
115 145
269 314
59 209
161 212
129 368
338 379
125 28
330 232
340 254
293 329
159 397
155 157
385 33
142 387
351 131
373 71
251 189
175 387
246 93
290 13
245 18
356 250
52 222
355 215
367 51
370 255
48 216
357 375
69 24
249 356
6 374
159 207
52 136
17 86
25 358
262 361
320 366
310 315
374 371
49 320
108 191
132 222
380 262
119 380
390 270
135 65
392 77
1 61
164 352
384 350
27 241
100 66
291 280
198 88
239 254
213 97
199 236
89 370
81 30
109 347
367 41
144 377
214 363
386 202
13 144
107 213
51 92
151 307
97 293
52 334
391 262
11 376
231 65
384 38
34 60
18 192
273 313
319 18
383 175
99 69
387 254
294 243
134 212
395 396
146 368
261 350
114 204
15 245
82 147
149 70
342 128
303 152
350 348
185 131
76 24
81 14
297 57
206 247
281 165
301 358
288 395
44 1
175 359
232 80
325 154
94 153
393 126
374 15
105 16
37 38
137 103
80 137
167 147
16 350
371 382
75 206
18 311
204 155
36 116
216 165
222 32
322 137
215 286
304 254
105 214
367 285
217 345
198 101
372 150
210 286
279 394
42 334
104 331
165 292
42 157
84 117
86 353
377 28
160 381
4 19
391 253
312 218
285 196
195 78
391 110
191 183
234 349
6 382
30 110
207 313
176 66
187 194
27 39
131 387
147 13
354 236
170 338
130 68
305 241
53 358
3 7
139 55
175 217
202 15
193 308
179 355
297 359
258 289
197 327
123 20
219 33
288 9
362 382
36 358
164 76
147 15
155 325
335 233
156 78
81 348
219 266
368 38
114 206
251 376
70 119
271 18
36 208
54 106
200 382
205 145
360 66
240 331
79 317
306 43
379 82
120 322
112 229
218 89
257 374
165 269
77 161
339 324
246 334
95 392
185 351
386 187
175 38
79 160
95 387
203 151
91 138
236 224
137 377
126 372
74 180
331 221
155 335
14 117
246 28
392 289
130 336
149 193
139 400
87 256
175 347
315 46
338 338
354 137
252 217
318 223
329 118
353 198
261 259
183 12
50 120
43 117
192 308
344 28
336 13
389 159
25 332
356 363
262 332
121 304
381 38
252 215
317 279
149 229
1 134
13 320
265 104
110 44
309 147
252 121
268 110
60 65
167 339
119 125
321 8
208 329
287 388
343 82
137 196
71 148
372 304
96 304
284 322
221 113
157 232
180 69
51 70
5 322
187 321
120 12
389 376
327 271
138 280
358 315
114 61
10 240
319 380
283 204
98 63
295 22
5 206
249 275
182 184
45 101
383 274
363 257
108 27
394 104
108 352
120 44
24 342
125 290
183 65
278 134
254 248
167 295
162 269
358 24
224 204
231 260
293 301
172 298
274 10
102 83
154 338
218 161
218 325
92 68
294 341
118 194
190 135
85 137
156 369
364 399
135 208
329 120
238 334
95 150
231 97
142 44
131 204
115 395
180 329
129 185
246 213
7 273
56 354
195 114
311 61
39 373
370 331
206 168
204 4
328 273
242 65
88 96
30 320
124 338
214 74
44 346
89 273
344 143
156 129
284 323
3 146
64 62
243 194
84 296
375 238
102 324
99 251
239 35
277 286
123 113
310 12
236 343
104 173
392 371
164 288
317 254
168 200
374 390
368 248
321 396
371 160
367 178
323 310
286 53
372 396
8 53
375 184
110 4
24 338
63 352
290 67
366 47
156 173
122 265
352 211
380 242
185 60
36 298
285 295
229 287
327 139
238 367
310 360
62 339
258 240
111 390
76 166
240 217
157 202
350 154
199 122
63 281
11 24
371 41
251 219
340 266
32 365
305 399
147 132
90 369
17 283
31 94
249 58
195 168
182 349
200 21
128 176
362 21
107 191
343 399
112 374
181 185
295 262
271 205
346 63
382 21
177 25
240 302
338 292
75 189
298 224
195 388
151 213
40 67
10 176
160 149
172 149
299 39
394 175
110 113
153 290
248 204
105 145
104 140
207 132
1 63
264 326
374 241
173 75
249 395
235 364
92 330
209 112
400 137
135 65
4 23
152 289
396 5
111 115
154 84
117 273
175 365
324 319
309 50
64 290
140 104
285 140
229 342
127 334
152 331
37 302
40 20
278 80
351 353
323 152
155 152
44 222
115 147
158 397
385 237
368 269
115 383
82 76
23 62
232 258
35 31
238 395
254 379
397 83
12 304
85 110
17 125
367 34
307 163
178 390
61 222
290 31
231 6
228 242
333 83
323 54
57 132
381 187
308 158
263 161
284 1
247 307
334 199
350 15
25 87
202 389
279 45
295 162
110 376
70 214
251 400
302 377
102 83
73 21
138 109
137 255
75 358
283 152
252 344
328 71
134 138
393 342
205 32
141 86
398 96
351 272
40 92
175 65
69 378
88 57
241 396
141 285
326 3
35 78
186 199
220 3
39 156
312 349
228 68
288 45
160 304
59 231
132 32
67 287
281 43
320 364
107 337
399 236
291 52
259 46
271 329
350 67
109 275
326 95
359 100
82 206
39 102
389 247
297 40
197 344
40 308
123 75
333 144
68 100
102 200
187 24
333 187
155 156
221 360
192 133
259 280
284 388
183 211
284 354
382 170
24 117
100 307
176 93
100 302
400 152
278 251
135 43
75 181
213 114
63 266
275 38
171 362
13 148
155 308
36 231
151 138
347 248
383 309
230 329
141 67
366 149
344 149
397 30
162 69
10 194
110 281
89 294
251 366
123 207
266 202
230 30
55 148
46 94
23 39
188 359
152 65
299 324
308 200
1 145
210 145
294 138
70 28
228 275
203 85
16 32
180 30
229 356
275 197
49 271
174 231
276 399
399 99
217 181
30 79
307 347
106 349
365 232
396 213
57 324
42 358
77 288
251 349
71 278
398 320
297 165
172 222
196 333
241 62
351 36
301 198
48 356
15 160
13 120
213 101
204 1
357 179
199 128
227 216
305 367
224 126
99 373
57 148
21 323
398 38
346 154
23 62
271 324
388 72
282 151
320 100
275 231
35 353
188 286
157 111
221 36
294 71
355 221
94 246
138 361
258 360
143 150
196 399
287 356
68 32
169 36
90 358
107 142
214 6
244 91
384 86
39 303
308 324
156 242
347 260
255 4
382 260
109 298
87 71
365 227
248 192
270 303
232 6
37 84
212 308
378 94
364 111
63 395
82 354
320 152
366 285
44 54
49 399
67 133
225 150
280 41
349 284
2 173
244 150
357 16
256 205
389 229
5 34
252 230
123 189
277 42
60 329
247 398
159 372
20 111
188 86
315 291
3 222
38 83
11 159
357 184
371 231
313 140
87 84
122 355
163 59
193 211
273 40
73 195
290 297
286 250
251 19
17 1
11 352
203 214
288 257
86 234
59 338
392 370
86 90
75 273
346 60
81 129
336 394
44 178
20 378
327 121
308 183
88 391
81 121
225 257
315 126
144 300
28 59
303 47
252 126
306 242
261 332
397 51
96 17
289 379
130 385
244 2
302 143
363 178
75 80
198 369
9 396
66 398
355 104
108 178
207 230
183 189
148 335
31 329
155 167
273 297
97 281
58 285
61 376
239 57
281 109
33 101
329 340
74 16
371 220
23 364
274 54
89 250
320 297
383 240
186 277
10 137
366 54
320 172
386 179
380 246
221 314
157 279
269 37
247 319
136 357
138 283
225 52
255 85
105 183
264 334
361 165
143 177
52 100
362 139
64 218
224 225
359 110
320 76
290 121
377 169
287 384
208 150
163 159
77 108
368 191
121 180
171 309
8 236
354 246
376 288
329 333
299 55
16 117
133 205
36 338
123 207
385 22
329 104
317 303
122 9
287 137
159 266
400 317
263 375
293 177
287 8
100 294
193 307
257 1
365 38
39 17
286 228
325 315
83 388
175 18
270 9
299 35
187 184
35 32
235 123
8 143
374 75
378 49
6 185
400 148
200 305
199 94
153 193
200 119
193 392
278 322
241 129
352 140
312 389
284 335
338 300
305 372
270 246
369 148
318 261
183 226
304 298
100 142
351 323
272 122
349 360
118 225
106 34
241 389
323 279
129 306
81 238
380 387
371 200
157 209
104 293
213 140
13 248
394 352
166 2
339 399
368 233
384 269
399 385
30 311
12 358
3 121
257 129
151 400
344 297
283 30
189 54
70 143
124 128
121 176
381 30
224 177
46 46
108 96
71 25
90 6
185 52
193 343
383 158
39 287
310 292
92 249
291 4
85 365
64 127
211 322
223 122
143 48
278 67
263 39
69 345
161 389
240 129
338 390
286 232
282 125
225 168
312 207
323 280
163 119
117 13
301 322
196 81
105 161
172 65
5 185
365 170
90 299
355 307
98 377
69 229
333 64
270 156
13 87
223 14
74 130
295 387
216 104
215 177
84 398
123 260
183 165
6 6
336 390
41 234
305 70
230 263
302 209
265 147
221 31
295 192
287 2
299 313
106 134
253 189
209 310
26 124
62 222
357 71
55 154
91 293
327 68
290 118
294 154
86 147
391 236
120 215
81 236
17 67
213 93
305 318
274 4
274 274
218 73
14 379
206 92
162 272
110 274
129 396
92 77
7 231
91 368
247 176
353 80
284 250
178 254
255 1
336 348
292 261
46 186
78 342
331 233
342 319
203 164
200 251
246 127
244 168
153 70
205 226
274 42
100 163
64 89
109 83
89 297
294 300
186 153
378 163
205 368
146 307
26 303
287 152
93 233
394 291
49 148
104 278
185 251
331 122
41 374
227 261
129 305
365 216
278 133
165 33
151 328
265 368
14 84
44 127
294 218
253 130
255 229
11 141
168 1
374 270
62 333
323 259
161 131
132 132
217 99
242 216
200 299
117 131
56 181
149 363
328 295
318 264
103 21
383 38
238 197
317 102
229 287
298 188
47 349
169 223
307 387
45 283
326 368
22 302
205 147
81 295
228 12
340 293
178 111
193 170
193 302
125 22
68 339
91 128
112 389
55 82
302 380
80 177
371 62
199 351
292 166
382 298
389 66
41 72
319 227
5 365
6 394
379 181
95 349
312 84
328 100
123 170
296 375
15 132
182 179
378 301
106 277
13 175
272 130
64 241
242 333
130 332
386 397
143 331
47 119
177 259
258 110
267 30
156 286
215 359
348 383
356 313
107 72
204 77
169 254
282 287
369 189
180 249
397 311
24 212
324 171
14 114
176 338
52 314
174 341
142 147
55 24
369 384
233 266
336 218
173 383
293 317
265 25
339 266
26 220
16 249
320 261
283 352
378 172
255 38
400 126
129 279
321 121
313 362
19 22
364 300
280 360
132 342
193 140
150 3
306 370
169 339
57 169
7 128
109 127
89 347
136 95
310 25
205 298
365 110
312 317
336 269
290 155
275 211
223 46
73 360
361 17
362 238
394 90
322 281
222 113
138 287
368 95
240 216
155 260
368 21
313 261
67 88
62 83
315 325
302 45
228 112
242 168
111 136
294 62
358 366
369 192
72 92
354 255
367 21
360 323
122 221
336 232
7 28
364 98
308 345
133 102
281 119
115 274
145 353
2 167
228 172
63 277
322 111
21 208
265 66
200 373
127 324
302 183
138 312
222 218
158 391
337 25
83 17
230 327
185 210
195 144
70 74
372 132
210 69
397 195
37 121
127 227
165 68
277 365
238 56
301 9
294 104
93 261
172 19
57 164
127 228
75 295
360 308
174 225
329 113
310 180
340 247
45 151
135 149
195 73
194 378
183 253
361 52
97 295
135 255
365 358
19 254
391 91
382 334
314 211
71 375
276 199
177 312
91 81
66 128
166 33
57 341
138 180
274 157
384 281
160 67
240 120
38 126
94 264
140 78
57 98
195 199
149 202
158 153
150 26
228 46
68 333
299 114
229 203
311 1
86 66
12 313
310 233
260 131
261 132
70 168
215 239
208 188
176 62
339 115
201 110
372 152
319 328
79 23
37 94
146 173
2 155
171 265
110 244
114 301
333 355
84 207
97 62
137 397
131 316
79 315
355 327
117 194
353 296
45 42
170 385
214 379
137 169
63 76
18 188
395 173
259 264
11 124
33 342
368 343
5 15
213 394
1 280
45 173
180 8
107 292
321 341
183 225
57 359
136 91
373 153
86 109
120 321
375 332
16 155
256 248
206 6
312 277
292 251
77 242
270 159
369 395
360 33
181 40
377 365
316 365
84 326
206 100
397 107
275 231
56 126
250 201
289 210
364 317
13 70
146 259
157 118
230 328
263 19
120 333
129 101
143 170
287 20
198 156
138 353
288 377
148 384
125 119
103 121
79 53
248 320
374 279
145 307
177 389
55 48
271 221
391 174
235 275
80 145
167 64
312 149
22 258
10 356
270 144
245 135
122 315
48 317
30 190
106 161
348 122
326 176
1 316
128 197
395 8
185 125
135 91
346 161
317 137
30 29
253 361
318 110
79 159
382 353
41 212
396 50
335 299
152 325
221 324
256 117
230 312
164 59
254 349
53 267
272 297
64 381
336 106
226 360
371 215
90 266
351 396
228 329
321 176
235 156
321 20
69 48
59 195
65 41
340 247
329 270
299 245
57 107
139 238
69 314
186 370
95 302
129 309
113 78
225 20
70 111
233 399
83 315
74 303
196 208
35 340
321 10
366 89
21 49
301 82
71 259
22 273
218 43
342 205
69 155
149 330
297 344
24 186
387 337
391 302
265 73
339 26
154 201
185 140
32 327
9 314
198 14
26 131
6 43
348 349
13 326
131 76
288 268
324 282
58 224
24 5
61 396
373 374
140 267
253 72
277 199
281 4
234 121
314 86
186 80
376 203
118 328
105 382
14 359
52 175
35 106
245 101
313 267
81 144
95 307
400 129
374 65
34 333
239 106
336 99
9 26
123 108
9 374
145 231
165 362
364 220
350 165
356 163
25 28
319 382
119 53
383 338
45 229
58 93
324 10
181 391
297 335
379 231
283 270
158 350
351 131
390 179
392 252
20 131
259 213
49 230
307 49
124 102
104 343
24 244
216 361
78 72
105 391
67 345
73 71
374 297
170 263
319 270
174 33
106 193
150 179
255 128
160 57
23 255
122 146
210 279
97 89
314 95
320 3
233 327
140 78
26 48
58 265
395 225
316 28
133 398
247 289
366 90
138 117
221 397
120 365
76 322
75 390
25 43
66 77
203 308
313 202
60 177
349 11
2 390
162 54
243 385
42 141
73 116
235 400
13 302
223 221
349 52
128 33
90 262
261 136
293 391
107 188
237 212
391 331
117 158
249 130
87 68
333 92
392 174
92 226
232 202
7 113
216 340
241 310
387 108
263 54
368 159
80 274
269 150
301 347
293 209
63 311
170 362
365 215
72 320
285 280
48 172
309 95
145 113
186 232
120 53
264 288
119 65
274 189
55 391
227 178
376 117
187 280
351 210
264 228
392 307
225 43
271 386
202 175
235 69
387 276
217 206
378 327
45 348
210 141
374 250
19 47
239 196
44 276
87 313
15 298
257 105
276 308
5 313
246 15
38 151
230 333
133 137
79 180
359 12
43 181
197 84
319 321
122 151
229 371
376 307
114 298
80 113
86 155
330 125
235 293
274 240
19 330
223 365
261 342
10 158
367 261
390 127
120 396
103 8
297 234
359 349
112 287
116 367
153 346
186 276
342 338
316 70
302 7
309 121
153 40
49 157
336 115
99 182
299 132
56 114
312 385
133 175
73 121
305 165
103 127
205 339
39 298
167 48
329 46
120 207
156 273
375 240
371 168
186 368
46 231
151 188
318 58
298 104
174 331
103 260
87 318
6 216
68 190
255 341
117 193
256 348
213 193
373 107
211 122
101 392
319 269
109 333
172 211
241 108
105 159
359 296
107 314
45 331
87 101
164 54
53 197
152 326
152 316
248 399
249 215
213 343
79 106
390 217
297 114
48 97
338 357
298 385
262 121
15 121
139 341
190 175
79 154
114 38
360 281
393 45
270 134
98 9
340 2
171 388
191 309
234 56
34 142
121 216
44 3
137 140
244 108
217 262
35 6
19 387
356 312
400 301
11 48
388 172
190 242
321 92
369 57
74 56
341 116
383 390
188 149
103 209
255 354
239 306
172 200
344 332
388 116
391 224
400 299
371 320
317 140
147 314
282 368
149 344
79 377
108 298
85 37
197 237
128 391
287 119
120 54
245 387
328 309
178 252
330 124
136 15
109 236
101 257
166 195
79 319
213 30
369 53
235 15
368 134
378 216
362 100
177 233
278 209
161 55
233 222
221 339
71 202
331 284
221 5
308 335
99 120
5 170
229 288
345 252
116 208
299 183
164 173
173 52
232 233
383 115
231 134
176 300
167 301
292 139
103 126
155 13
8 394
199 379
35 194
385 347
280 228
391 274
330 312
83 370
216 199
192 323
327 14
390 223
98 116
294 211
59 109
384 116
332 118
185 160
299 46
360 360
173 126
258 107
189 313
58 141
334 234
355 307
271 388
267 30
376 208
307 305
10 274
319 317
360 47
202 325
305 225
302 272
397 357
17 56
348 311
127 185
398 188
47 322
320 198
114 14
168 184
171 167
86 238
185 193
234 202
389 157
249 303
203 380
137 304
203 45
96 287
167 297
122 216
316 242
336 334
219 189
219 158
183 195
81 125
347 88
133 137
344 274
165 247
162 375
301 151
143 210
166 29
300 316
7 186
187 111
118 176
170 335
24 216
296 235
136 6
391 313
325 308
28 229
353 187
134 147
86 392
146 357
304 233
70 329
247 226
137 362
140 212
129 154
399 381
291 292
254 12
99 58
55 123
115 320
185 213
245 287
190 259
42 298
217 99
357 90
240 249
160 44
108 354
47 276
332 126
367 202
347 127
58 66
226 181
150 167
69 210
225 169
259 390
218 394
315 162
296 367
262 363
259 43
132 296
37 289
262 360
379 96
285 301
70 288
215 93
331 104
246 5
288 273
116 270
233 304
6 353
343 89
47 341
115 360
348 23
226 246
215 323
2 345
347 198
283 76
208 205
126 170
229 247
181 112
376 318
42 327
351 335
145 22
13 182
120 53
37 130
175 348
187 134
159 230
336 167
77 19
330 33
204 257
209 115
307 374
174 39
116 274
262 193
187 68
118 309
370 281
233 394
335 150
230 55
268 287
184 163
272 46
339 105
107 121
374 271
233 185
148 349
56 191
6 304
133 380
156 332
196 330
150 317
117 342
205 19
64 323
106 175
99 181
211 400
305 59
336 53
134 44
370 322
204 10
64 279
171 298
200 38
241 384
25 296
164 154
55 306
36 82
66 29
215 32
187 4
54 253
1 110
242 45
65 39
185 193
142 285
114 261
86 354
260 236
108 260
347 171
23 316
209 151
367 190
166 335
278 130
38 398
233 302
259 287
400 318
40 116
147 49
360 296
312 399
148 51
386 116
284 39
111 187
321 154
349 113
144 294
168 167
90 139
126 207
394 120
135 345
288 202
217 29
75 279
202 254
153 382
21 318
204 158
359 50
362 371
28 313
316 151
191 340
53 344
1 294
107 217
307 305
143 89
341 271
250 348
317 327
192 175
390 364
337 337
235 297
135 247
145 400
161 393
212 100
301 263
67 114
90 253
256 394
122 15
166 363
161 93
36 318
83 154
238 142
264 264
322 41
334 19
252 371
214 103
297 206
63 199
96 323
61 130
377 148
316 239
107 311
52 300
38 264
226 139
280 130
105 59
89 232
219 379
380 326
5 303
49 310
378 79
357 207
201 149
197 71
382 97
292 75
356 362
238 33
222 42
229 232
82 199
299 305
252 184
155 147
336 109
69 3
166 280
296 133
126 288
186 121
168 303
292 255
222 134
345 239
389 370
357 18
377 280
244 58
167 235
340 43
322 53
49 265
94 242
277 361
396 139
72 251
122 296
40 8
95 234
366 185
194 261
302 171
293 309
383 118
11 338
343 59
239 97
267 246
235 327
217 200
176 326
377 93
169 9
380 254
349 317
181 217
276 308
290 166
227 380
180 23
353 389
158 174
397 20
183 343
225 49
233 202
4 80
344 301
124 182
75 127
108 164
150 139
107 396
144 383
205 99
397 135
192 324
316 314
70 187
253 302
275 185
288 205
358 400
204 13
124 301
276 289
163 353
59 304
278 149
369 148
324 189
195 327
392 203
20 204
277 235
145 182
105 154
400 115
358 91
32 259
148 360
376 357
271 244
250 366
155 77
119 2
181 151
97 34
371 182
211 355
10 281
370 86
29 279
215 212
19 348
36 218
259 138
32 56
112 170
224 93
266 332
198 300
198 59
164 373
253 13
79 219
109 286
275 24
390 93
321 12
276 65
299 56
162 151
145 12
289 337
88 22
30 384
116 11
250 134
371 97
255 337
355 93
83 198
275 112
345 175
290 314
210 249
87 395
204 54
32 61
114 10
343 215
361 316
82 193
239 160
208 284
9 335
1 3
150 32
213 291
158 92
172 292
248 337
141 127
265 206
53 343
14 379
25 161
248 127
32 35
23 321
313 8
367 143
267 74
166 14
176 288
46 354
362 69
5 100
51 211
384 273
4 337
102 15
70 228
347 26
102 74
58 335
206 136
323 280
308 302
17 52
267 191
225 332
99 184
293 71
153 242
221 254
331 154
163 29
287 125
20 49
312 138
105 36
231 96
123 210
121 344
201 207
120 375
274 156
62 296
71 91
87 396
381 276
1 113
340 350
90 75
256 378
298 10
199 342
280 296
344 7
190 374
274 43
321 300
375 236
175 198
118 194
330 247
177 300
221 357
186 75
398 97
145 187
389 338
136 192
308 3
368 210
233 63
155 248
126 210
10 3
311 167
341 379
91 232
106 394
258 262
143 187
209 202
338 6
305 237
146 297
221 316
315 291
19 347
359 126
385 394
224 76
220 195
184 196
223 164
9 364
150 131
99 124
200 91
113 145
393 124
235 161
221 82
137 130
364 89
344 375
103 219
225 308
123 188
126 396
326 217
307 6
32 128
299 312
288 14
323 224
371 229
30 328
287 239
338 391
302 343
142 332
176 344
48 329
223 113
347 41
318 321
2 345
80 138
152 248
390 120
329 91
289 15
337 314
120 254
346 68
32 160
254 211
334 79
88 216
2 104
380 64
344 99
270 279
40 395
383 196
141 14
272 224
45 154
214 67
89 50
136 251
176 223
295 140
227 82
240 227
328 281
42 357
342 143
216 347
219 288
54 213
133 2
101 145
283 394
387 150
400 128
265 39
25 38
214 129
212 10
118 310
315 356
381 85
389 127
271 198
123 233
61 394
285 279
386 275
127 303
212 204
347 96
128 244
323 294
383 172
359 350
301 343
243 42
143 262
307 69
148 118
54 375
12 83
386 51
123 19
141 227
373 330
291 55
243 186
275 280
82 146
186 248
144 37
264 202
91 65
111 380
46 188
29 58
311 158
319 75
181 100
53 233
143 214
373 3
206 290
63 118
339 253
211 210
144 395
14 346
82 377
400 376
116 141
300 257
389 255
128 398
197 3
233 299
55 244
328 212
22 4
213 294
242 259
155 55
323 365
244 268
142 101
338 114
352 125
221 247
177 377
390 260
203 128
143 287
179 193
91 370
321 26
210 133
83 64
240 226
366 224
21 257
400 13
91 15
332 123
235 2
67 56
36 247
313 273
123 373
124 311
164 361
354 35
64 183
231 125
80 196
121 86
396 302
133 167
93 289
120 10
207 247
121 162
385 16
317 186
209 301
384 260
270 300
282 43
364 336
297 230
96 338
398 178
231 254
79 49
174 241
152 39
25 71
260 387
177 187
308 236
252 101
178 185
285 368
68 193
93 4
117 269
341 121
363 318
177 367
51 167
341 398
339 395
385 330
159 332
346 133
392 296
197 369
255 92
133 364
261 269
263 374
108 284
292 190
242 172
356 199
47 182
339 278
270 194
400 221
4 281
115 396
251 90
168 112
101 99
12 127
172 24
341 92
250 171
207 117
121 181
230 234
153 269
219 230
375 86
325 235
400 399
180 155
194 392
254 151
344 79
317 259
170 93
156 312
348 266
346 300
237 96
257 268
173 131
171 52
247 280
327 22
206 365
374 373
360 177
35 366
35 127
244 340
10 145
200 389
236 57
331 319
343 146
7 164
91 58
289 334
283 240
398 285
171 26
166 149
3 65
378 135
89 240
226 70
309 367
28 61
13 272
166 327
196 75
261 366
14 335
179 9
94 157
101 38
267 10
81 323
137 211
11 152
339 399
63 77
44 264
268 260
123 4
41 241
307 336
374 139
372 385
40 246
84 100
211 108
300 283
167 229
236 121
180 113
135 42
44 60
193 45
76 173
175 110
221 141
76 349
41 313
63 315
265 233
356 127
210 103
218 170
214 131
203 345
289 21
131 292
27 78
399 253
389 236
103 99
76 97
310 174
369 264
230 290
7 137
5 165
393 393
131 305
165 288
24 221
156 202
126 211
325 253
54 233
121 10
243 82
75 279
89 226
36 232
145 307
76 281
369 209
317 345
98 153
333 73
97 222
29 194
19 303
106 385
335 314
108 368
41 208
21 95
296 93
379 149
121 97
91 160
134 275
311 390
336 293
82 61
318 34
397 153
147 180
240 340
367 160
144 336
322 378
206 119
306 171
168 302
352 176
10 199
222 166
118 201
132 224
254 66
249 11
369 308
192 57
19 45
68 383
339 64
352 341
315 82
40 46
47 355
374 179
288 14
71 141
5 153
344 392
179 75
21 53
176 156
132 104
76 296
200 364
237 317
208 55
280 360
213 312
174 372
17 57
40 222
398 253
220 15
48 4
367 202
151 296
21 159
356 70
241 170
8 10
243 232
344 251
151 318
343 57
345 227
15 115
241 201
3 358
317 139
323 354
9 186
300 52
188 56
84 385
191 74
72 221
80 170
19 21
45 390
69 367
293 29
314 38
233 176
203 217
187 307
7 361
100 254
24 283
166 36
184 339
276 274
222 399
295 74
59 48
105 77
171 37
185 48
295 325
237 391
296 13
356 342
274 391
383 24
308 396
59 151
183 214
84 81
52 52
153 279
97 228
20 189
207 331
344 393
257 306
385 192
84 232
205 22
199 366
36 389
351 298
261 327
356 164
7 189
71 394
232 178
271 219
57 277
348 6
244 114
335 154
316 27
24 277
48 197
305 1
68 35
297 134
155 271
83 260
322 308
272 24
169 386
34 338
199 138
285 215
51 353
338 89
172 79
99 22
226 83
252 274
78 400
66 203
327 390
154 204
22 159
23 49
258 273
350 288
233 375
325 300
391 354
181 116
183 399
235 333
192 99
7 170
369 198
151 139
63 115
393 210
212 116
118 383
154 181
93 338
325 225
256 246
325 273
47 16
43 137
336 192
363 126
388 241
390 119
281 188
79 307
176 187
85 189
195 299
96 269
396 323
304 310
311 197
202 129
344 177
71 338
299 382
104 45
330 241
40 31
322 81
249 307
166 202
377 390
369 252
198 312
35 59
266 183
318 125
279 241
28 256
49 360
56 282
182 303
79 145
234 16
393 133
307 157
321 298
60 10
68 241
147 295
333 252
320 192
392 102
176 132
48 121
68 15
363 56
264 380
297 281
162 89
13 29
166 180
253 356
388 251
365 386
181 224
5 185
268 299
349 319
338 191
213 273
202 291
303 364
130 343
263 180
83 369
233 386
233 240
389 347
344 131
356 323
85 387
371 232
152 62
40 178
177 39
303 303
82 332
146 314
114 166
338 347
5 123
360 399
372 248
264 230
179 54
379 117
97 191
109 331
147 80
382 47
130 329
193 232
226 128
320 356
385 20
51 354
271 124
26 374
10 177
58 11
156 129
34 188
325 87
128 240
289 25
259 134
78 83
201 51
85 361
348 242
253 220
69 106
330 73
386 179
386 294
320 363
242 88
357 149
223 1
312 299
93 193
295 188
102 245
314 228
19 119
397 291
385 141
204 315
243 17
307 263
213 199
308 226
295 91
19 82
125 374
20 355
276 126
232 222
175 18
16 62
325 307
279 326
278 199
164 169
178 362
293 258
265 151
113 28
356 102
286 235
349 202
343 114
77 153
140 383
256 171
185 344
252 179
163 15
134 84
225 292
85 353
380 51
376 272
98 43
199 80
398 199
183 349
91 306
269 241
193 146
112 143
275 351
314 71
242 346
300 195
40 201
253 377
195 38
136 29
242 186
245 16
391 76
98 212
227 117
367 217
151 223
258 140
227 348
322 349
264 307
74 193
148 354
342 316
281 52
376 379
31 98
238 12
171 85
230 141
170 149
16 145
397 199
279 133
351 214
323 334
81 213
185 136
144 366
288 101
57 375
99 398
364 273
351 183
274 380
122 283
255 387
223 320
69 74
122 293
32 180
352 141
250 384
127 255
68 112
229 148
202 118
284 18
314 17
265 12
27 73
228 381
371 187
68 72
39 269
287 193
76 108
108 310
63 348
199 69
330 312
218 260
171 41
220 170
225 13
290 10
338 300
247 250
381 318
296 138
339 171
193 315
315 339
62 153
37 45
198 173
318 41
17 144
277 82
63 329
46 22
277 26
134 355
334 34
289 102
289 124
58 230
283 52
63 104
357 372
130 210
397 160
40 211
40 375
16 27
368 3
189 285
303 128
352 237
191 149
230 133
320 342
258 29
3 115
216 390
289 328
394 388
198 43
321 53
105 136
374 88
53 288
201 143
232 331
337 56
222 9
232 302
157 347
61 314
272 22
29 328
307 282
180 4
325 138
75 94
290 133
118 25
127 40
74 314
87 171
113 250
400 11
317 389
16 222
16 129
160 138
69 330
95 133
364 132
233 300
172 280
113 110
48 341
261 235
31 54
214 362
16 200
76 223
249 93
20 333
308 325
87 84
269 97
160 137
278 224
257 133
92 359
334 284
267 114
193 135
176 333
295 385
53 190
27 71
306 217
270 66
113 2
1 342
331 237
348 169
60 187
80 72
121 377
259 22
48 176
88 114
232 157
287 381
338 156
391 275
302 51
87 328
24 210
352 305
160 2
285 134
155 2
222 108
159 357
260 47
245 286
372 38
94 236
59 297
343 4
77 15
383 354
111 218
309 76
117 168
315 381
42 153
188 205
145 119
99 218
150 192
81 202
266 363
43 217
359 176
141 172
276 133
50 77
10 47
262 278
201 302
153 214
65 73
59 18
198 299
312 303
307 271
312 385
351 217
332 274
6 127
331 388
18 23
244 240
84 242
216 309
77 400
170 358
62 22
272 256
279 38
52 121
186 322
280 280
306 1
384 264
281 20
119 4
350 317
351 142
74 137
288 132
196 339
262 65
173 157
159 80
333 301
200 344
392 13
243 73
338 280
197 359
165 74
64 372
111 78
264 108
89 190
374 32
284 18
344 366
302 293
185 96
136 372
316 326
328 58
142 94
134 323
366 327
195 349
154 213
244 132
93 99
24 40
168 356
186 61
29 222
17 137
192 362
355 311
276 392
50 73
195 364
254 351
278 250
44 213
16 55
161 6
72 227
296 313
43 349
101 371
364 228
105 78
16 262
96 90
303 142
177 292
154 219
43 129
101 230
197 80
276 383
289 247
126 290
190 273
358 56
103 193
242 116
326 60
184 14
186 135
299 15
157 102
164 33
258 371
245 338
119 32
116 282
371 179
284 59
241 173
142 356
98 54
212 392
218 338
119 161
228 116
242 167
330 25
321 157
360 112
357 353
38 249
256 11
400 14
296 136
134 363
187 3
399 240
36 281
145 397
312 148
291 399
245 125
83 229
272 291
206 79
49 194
360 108
37 349
220 145
331 380
267 385
212 216
172 285
11 102
122 207
177 304
268 126
162 72
393 223
243 15
21 294
7 34
116 241
361 271
167 154
159 262
376 249
281 101
266 167
158 397
52 283
385 315
177 265
238 60
298 244
327 268
332 137
321 100
338 203
53 339
249 375
393 311
156 7
73 198
339 391
293 392
246 28
8 193
307 198
199 313
230 119
326 367
306 388
41 383
253 67
261 63
324 316
130 301
40 45
65 43
386 35
237 58
89 198
178 239
356 336
80 220
178 357
47 322
60 366
229 165
135 216
155 211
197 87
85 69
355 2
329 339
354 135
237 148
318 361
215 239
123 334
142 83
306 34
120 66
171 31
19 192
138 5
11 228
357 196
23 140
210 86
103 250
125 96
222 333
155 237
249 275
65 108
188 185
193 46
291 189
393 134
168 175
220 370
163 173
294 23
227 257
287 208
229 98
168 395
233 302
237 31
378 156
284 93
144 194
44 38
17 239
153 368
392 75
135 63
17 201
11 190
68 71
332 377
71 54
152 349
179 174
159 349
384 343
296 104
313 399
196 7
347 338
82 189
94 78
87 286
247 93
50 249
140 301
196 303
395 255
323 164
245 205
275 357
130 361
270 113
186 186
64 219
87 172
114 268
305 177
375 379
139 226
76 222
303 148
69 260
204 120
335 225
400 11
356 333
9 69
255 163
132 289
117 318
41 379
17 146
208 158
289 129
139 208
145 347
237 244
268 385
369 268
35 334
99 348
178 283
218 284
217 171
228 284
330 154
214 280
123 34
314 219
300 396
331 198
41 349
346 21
237 135
221 355
255 367
53 33
39 281
218 65
86 392
298 323
54 253
298 151
70 21
123 109
328 146
102 75
267 256
271 146
211 19
377 35
158 386
121 268
381 311
95 263
120 25
182 75
118 399
99 293
66 138
286 231
43 109
65 80
152 10
213 178
261 64
92 13
299 328
161 215
142 158
6 180
11 368
331 100
15 390
98 222
279 42
233 206
211 347
97 207
280 226
214 93
365 167
143 41
75 130
182 148
369 252
152 302
151 26
118 177
252 397
68 390
56 386
1 261
189 242
123 317
66 249
238 111
261 17
101 208
178 155
297 199
137 271
88 157
76 373
272 281
395 329
79 130
193 180
69 134
265 298
212 354
156 100
187 172
295 400
394 237
172 228
174 13
296 314
191 259
237 345
385 187
392 166
145 396
40 276
318 294
85 66
335 271
399 354
249 94
384 114
124 365
269 298
182 210
247 313
346 25
28 318
183 141
282 12
364 159
370 23
123 74
131 221
224 246
96 148
136 52
77 146
159 108
321 196
58 20
352 148
379 191
389 348
79 326
395 290
105 358
356 345
126 376
256 274
371 74
279 316
140 275
272 106
351 21
11 130
276 146
101 392
118 269
277 365
316 319
209 306
261 359
185 295
107 265
102 108
166 172
347 322
382 367
119 187
20 142
27 336
284 1
347 228
53 171
150 63
265 373
370 271
16 136
203 36
189 361
6 348
335 392
240 244
229 270
80 252
166 111
207 399
17 50
383 116
26 321
153 346
213 29
251 233
10 370
367 375
392 251
214 134
371 225
106 108
348 190
160 209
315 206
157 160
384 222
159 68
24 278
42 107
351 64
333 228
120 330
47 160
80 384
204 101
221 326
239 98
347 341
195 36
51 274
277 58
391 304
204 115
281 203
101 34
99 78
118 110
245 381
72 276
12 17
300 110
165 307
65 48
272 21
215 357
355 360
39 241
31 221
96 106
101 114
382 240
329 24
29 210
6 153
248 83
84 299
262 161
79 42
181 400
289 377
229 322
281 139
370 294
124 152
381 328
186 272
32 218
278 305
201 282
333 283
316 97
272 294
45 332
62 371
186 97
376 167
368 200
36 378
163 207
45 307
294 355
78 366
82 175
202 3
247 349
224 237
263 394
364 298
262 105
266 140
233 87
69 285
399 89
215 326
202 272
350 286
227 352
358 322
169 249
329 12
