400
12800
70 260
16 70
78 101
146 350
52 187
56 57
119 272
46 319
64 304
377 81
87 371
376 226
66 387
308 243
280 1
287 211
217 359
287 375
366 390
367 59
256 131
304 324
324 139
122 149
261 351
200 22
244 119
226 322
67 100
330 12
394 150
63 155
106 16
343 241
151 156
379 258
81 21
52 321
266 298
317 380
138 82
2 41
245 259
39 30
151 56
53 88
243 72
249 34
109 290
177 170
92 42
385 220
59 20
368 326
126 69
219 109
70 33
185 45
46 249
161 227
374 176
348 93
146 293
270 254
127 279
123 334
328 162
166 350
257 118
83 73
15 76
179 230
306 313
236 101
27 290
106 73
204 221
133 256
233 151
237 379
3 114
164 50
144 47
395 252
120 339
63 282
138 313
79 103
395 199
225 46
97 278
156 13
165 137
357 148
147 229
246 281
122 265
233 263
337 182
130 70
397 55
154 187
151 352
121 176
236 118
276 337
19 333
158 175
189 267
137 333
366 189
323 155
247 128
273 63
142 269
347 95
37 362
363 95
110 345
347 306
182 195
9 43
264 307
105 229
79 374
94 312
353 245
193 128
368 343
37 244
106 236
156 347
340 236
175 151
322 144
129 34
364 323
397 83
337 124
341 113
348 237
91 231
242 301
187 89
326 42
164 93
217 95
109 234
215 128
107 31
388 192
339 84
350 91
330 311
256 143
189 343
121 76
398 50
185 16
178 47
109 245
31 79
382 367
384 153
308 157
9 321
154 48
201 94
279 62
59 219
8 313
357 208
321 174
26 221
38 119
49 367
28 137
188 15
191 260
1 86
105 144
131 123
53 230
75 64
298 249
243 129
364 363
70 130
3 1
141 258
192 164
245 338
180 9
255 326
349 370
328 253
35 56
72 4
113 214
325 252
200 17
7 396
368 384
11 141
93 100
378 197
295 137
267 98
349 356
249 331
290 360
157 92
18 197
320 296
189 342
6 259
349 26
273 119
398 180
99 299
290 178
228 25
240 244
203 320
244 343
365 364
354 17
373 172
376 111
299 187
114 274
117 25
298 110
393 179
18 293
269 48
344 268
162 177
92 106
7 290
129 173
320 82
232 88
256 14
181 49
332 328
240 380
52 364
285 332
115 232
341 55
68 110
181 28
80 205
78 327
270 50
368 41
14 145
357 162
136 252
234 46
76 139
257 384
242 159
236 294
297 230
28 393
373 348
377 216
371 289
321 84
108 113
202 78
240 149
121 316
128 251
305 172
385 104
94 59
107 123
380 36
11 128
164 370
252 203
309 75
284 366
200 367
77 321
52 372
281 44
18 186
215 272
55 399
113 163
287 261
298 186
263 89
193 217
36 71
47 233
12 139
204 247
264 131
106 180
37 70
82 198
197 282
159 365
265 43
197 244
219 38
348 163
271 263
159 191
309 329
177 187
329 25
291 299
123 272
346 393
168 94
231 172
142 33
117 365
332 71
159 208
275 167
396 296
318 291
154 321
179 273
322 247
247 225
141 386
231 196
205 134
50 297
271 253
38 318
325 212
235 9
300 120
203 136
133 46
50 93
91 321
207 79
318 271
109 36
58 352
310 340
222 242
159 106
168 359
354 231
324 81
296 394
241 331
179 96
308 65
201 81
199 2
361 175
144 155
250 10
386 31
348 89
4 304
335 397
233 347
96 246
68 156
336 281
135 177
126 197
50 92
104 149
66 295
137 325
3 217
261 186
209 100
205 295
289 5
7 279
370 109
270 273
82 329
244 324
176 186
36 345
228 175
74 240
363 93
392 29
329 60
88 76
145 36
64 243
306 202
5 78
356 33
347 393
121 13
279 116
324 39
212 369
398 263
274 381
384 28
176 23
13 398
231 216
205 253
368 18
206 1
366 319
368 306
74 96
236 64
398 86
8 96
173 49
147 105
33 140
181 181
313 321
223 223
207 334
165 282
393 287
318 82
303 332
395 388
196 352
254 120
327 310
290 233
346 91
217 22
217 16
284 14
313 115
199 95
59 248
208 148
221 148
81 75
327 315
20 163
4 23
15 111
284 347
91 49
16 138
208 93
263 42
153 19
18 39
266 147
29 346
255 33
151 85
47 355
36 164
369 145
41 92
368 322
123 138
286 125
182 42
98 306
345 92
169 99
31 339
47 95
54 21
39 172
281 126
269 182
177 269
216 170
317 63
171 132
106 65
310 53
1 309
120 164
356 206
347 344
161 128
237 234
349 114
142 126
35 361
196 266
243 383
321 319
128 258
337 310
354 68
248 250
263 111
101 279
165 392
209 201
141 311
83 150
303 193
25 341
241 105
205 84
23 301
304 75
86 396
397 260
367 334
79 214
195 333
56 380
4 225
381 219
356 311
174 4
101 223
344 105
375 173
167 270
129 370
15 267
334 394
51 99
192 189
47 209
128 174
387 138
206 383
288 339
45 89
2 198
58 68
142 279
360 140
246 280
71 291
277 308
59 390
284 364
114 81
371 324
140 303
192 225
84 18
193 372
266 9
77 335
399 259
188 137
273 361
375 274
143 56
380 232
57 306
323 301
67 191
63 243
308 16
313 74
324 84
172 90
61 338
386 81
292 69
307 19
23 86
168 198
2 79
5 235
347 328
231 245
102 146
284 119
341 181
175 240
143 261
66 217
167 42
19 271
299 34
73 162
94 100
139 114
179 386
1 325
118 351
309 280
388 39
102 140
7 57
99 194
57 313
204 350
209 179
342 203
135 30
215 97
207 74
31 285
214 264
265 397
369 135
5 217
86 331
299 331
155 305
374 362
30 285
45 265
316 110
156 262
392 120
117 268
249 83
49 367
372 70
248 133
265 396
196 397
49 6
319 334
114 131
99 366
325 233
22 364
120 270
211 377
15 173
154 85
153 122
101 374
311 400
375 213
362 157
173 108
194 183
222 270
277 78
242 122
192 48
29 382
104 2
241 388
380 132
167 62
169 254
249 350
262 37
151 230
42 371
384 203
155 384
127 33
318 122
305 159
183 340
128 281
329 333
373 92
361 124
174 15
206 306
329 218
88 161
156 154
15 270
322 249
259 339
38 171
248 258
298 261
166 253
386 149
63 75
129 92
90 203
5 192
147 390
307 96
376 200
7 390
329 201
339 292
345 274
41 349
132 89
290 205
93 67
381 376
50 89
392 319
277 170
115 302
32 188
256 33
299 266
322 258
328 29
239 360
383 139
238 144
339 351
184 141
3 386
110 260
164 192
135 49
107 170
361 72
248 33
194 359
253 98
63 388
357 90
377 290
240 221
171 250
21 380
204 276
273 163
153 224
77 235
375 246
143 292
304 20
177 92
249 53
121 299
223 368
242 291
159 394
190 213
259 313
79 375
172 68
357 386
114 329
190 94
155 96
130 19
24 350
275 87
191 95
359 220
351 262
322 311
291 35
298 46
87 35
166 11
168 224
33 128
303 304
332 323
65 310
131 211
292 375
399 147
238 378
282 98
308 18
359 14
115 176
233 63
223 349
233 108
169 198
39 265
269 383
222 131
392 333
47 268
344 303
87 89
7 367
141 103
299 120
117 203
202 347
202 21
23 399
23 137
71 371
370 5
319 269
66 122
393 315
82 246
378 269
174 144
83 7
90 77
372 10
216 329
197 279
136 223
327 85
307 206
330 332
353 282
55 21
2 60
129 98
143 246
334 344
129 114
59 313
359 115
75 101
96 287
95 217
36 148
314 253
212 298
55 355
332 144
285 371
191 247
301 206
89 147
35 31
8 160
115 205
86 360
59 9
353 212
156 181
45 225
48 391
115 37
76 287
69 184
383 336
68 386
79 326
50 241
220 93
251 245
272 135
9 375
253 375
233 352
23 43
57 220
392 18
356 211
312 207
285 168
370 230
175 86
82 227
19 8
39 23
79 42
150 24
334 167
193 28
42 350
77 290
260 64
236 230
367 307
261 297
24 117
366 198
339 233
316 58
129 88
364 119
369 134
131 151
237 213
117 169
43 5
101 288
138 149
296 19
90 68
313 385
175 104
205 220
37 69
222 156
169 193
327 260
88 370
173 305
387 22
167 290
295 281
209 349
150 102
26 153
147 123
292 341
225 308
41 46
239 13
361 293
137 367
61 117
276 322
161 116
196 7
158 98
35 146
374 25
156 217
329 361
167 214
257 223
332 175
309 205
204 389
204 346
168 14
10 1
395 172
225 35
259 70
133 206
23 28
34 182
93 101
253 147
8 164
50 57
105 16
227 271
57 100
307 357
188 122
239 322
105 302
396 74
25 54
220 275
38 172
283 258
29 88
132 11
266 156
281 282
93 145
44 277
394 226
116 125
285 334
248 141
156 348
355 397
327 155
83 386
328 270
52 379
328 201
168 251
320 287
109 221
232 48
82 15
208 120
29 225
234 338
252 106
324 23
148 363
306 20
283 201
46 105
360 361
34 249
88 188
68 14
112 151
237 358
357 212
337 321
54 77
96 178
113 212
23 146
278 53
25 173
399 72
383 390
193 235
378 136
181 357
168 190
77 91
368 106
143 337
71 347
373 183
224 360
122 37
239 213
347 279
346 131
371 262
23 289
199 182
353 240
22 387
275 56
70 1
51 189
359 114
212 229
397 237
157 39
266 302
47 10
88 11
367 24
266 394
105 164
49 196
112 382
284 329
118 8
122 11
150 43
266 251
363 89
298 228
292 297
314 337
168 332
16 99
363 66
343 359
104 344
388 150
361 360
374 237
354 250
74 337
364 77
99 68
89 192
220 379
335 146
181 19
254 322
295 197
350 111
60 282
232 291
41 243
70 307
100 138
386 271
213 88
146 2
218 286
175 241
138 77
4 29
383 237
275 217
357 400
182 33
224 317
50 143
148 371
211 264
100 189
24 274
264 210
7 204
149 3
88 368
145 194
132 357
229 91
268 218
188 204
184 56
234 187
252 201
361 185
191 32
310 156
89 174
133 371
122 380
179 65
302 95
370 366
149 371
114 171
225 140
338 125
154 358
294 318
372 346
210 292
33 80
182 211
122 191
249 18
293 321
106 41
204 2
338 352
205 237
306 203
283 299
130 314
283 50
388 261
341 391
344 80
378 354
265 258
44 150
88 43
264 207
64 191
79 362
374 340
388 357
265 315
339 1
35 131
142 120
198 333
179 211
373 73
343 298
217 177
208 64
79 233
23 151
220 327
253 240
108 42
288 175
104 193
19 147
314 332
236 28
385 1
357 260
378 205
76 109
79 294
349 345
160 323
82 356
14 25
272 46
98 276
126 93
358 313
253 122
81 233
318 207
8 261
33 76
242 332
368 270
152 46
81 54
227 327
46 9
307 81
262 186
190 53
306 129
121 170
28 78
250 84
238 351
201 342
386 249
319 368
325 210
226 100
91 73
95 376
92 334
273 64
357 209
253 251
305 375
297 25
214 278
299 247
55 324
145 273
241 116
27 108
303 251
366 362
303 378
263 315
163 346
289 184
356 335
279 56
158 172
176 24
270 54
288 25
135 228
170 365
386 212
313 32
267 42
325 399
129 396
192 244
200 350
289 307
155 309
328 295
140 40
354 2
44 245
25 366
99 101
387 244
49 79
69 270
48 219
125 22
32 46
136 149
279 344
294 233
229 96
144 46
23 70
90 5
42 210
295 247
245 113
114 288
284 117
96 1
102 73
297 395
232 20
156 91
60 291
399 29
90 19
215 260
274 134
185 269
54 366
184 347
11 175
170 332
361 386
291 227
10 303
89 160
93 228
299 235
127 102
26 33
263 368
247 342
394 128
84 203
154 274
149 344
54 234
320 16
292 316
327 169
248 211
247 375
210 216
91 100
332 41
95 165
209 312
290 372
154 71
371 33
167 243
120 84
368 268
314 146
202 359
63 211
198 153
341 213
260 25
97 316
18 206
189 197
196 193
356 206
324 291
263 192
312 23
157 295
131 394
296 101
295 53
324 95
380 69
258 85
17 175
140 12
356 270
183 161
11 251
157 43
175 315
41 52
299 234
106 144
241 315
92 257
157 298
209 297
204 353
107 377
336 93
261 8
203 156
326 328
77 20
232 311
257 16
162 46
104 337
39 20
164 191
44 223
176 310
58 394
172 41
354 356
171 278
23 106
370 122
269 71
171 155
315 28
206 352
54 275
259 65
332 209
124 260
41 216
364 261
215 20
364 154
187 64
73 389
360 285
300 68
274 114
270 9
217 118
350 134
280 242
258 271
61 281
203 15
201 345
145 336
252 1
169 262
280 393
214 34
15 225
172 245
86 42
33 298
87 81
181 304
119 339
183 311
258 291
34 139
320 280
257 294
77 41
108 238
90 305
393 91
256 69
47 63
128 181
356 258
318 376
137 209
99 168
249 154
56 324
245 230
376 262
233 163
261 21
376 31
164 151
33 30
398 352
259 208
181 103
157 280
63 201
271 386
33 208
347 92
61 384
356 293
123 311
81 53
291 325
53 95
219 218
119 331
13 382
274 125
181 320
117 101
336 388
172 267
263 317
109 85
359 221
142 42
133 219
235 264
117 400
390 246
231 188
143 292
21 13
249 399
284 282
232 220
217 41
331 343
365 299
174 233
312 207
86 220
395 250
367 201
108 197
273 222
18 315
360 93
397 64
27 126
154 271
277 335
278 341
385 3
136 216
2 30
343 200
217 279
312 96
356 167
390 356
286 102
41 226
22 28
213 331
170 304
303 336
1 310
257 250
346 246
374 179
59 340
387 118
201 360
161 226
330 280
77 359
331 124
162 319
380 348
286 379
134 245
296 43
144 359
157 292
378 72
143 83
303 9
127 293
282 28
306 5
253 63
229 139
177 355
56 72
379 31
254 269
258 12
59 178
289 288
255 67
285 385
216 313
154 299
263 106
307 54
162 4
49 188
341 390
286 179
281 130
179 235
9 10
267 7
247 281
273 127
269 382
372 311
13 393
204 126
360 389
365 344
82 297
240 222
383 9
363 208
73 229
374 52
92 325
214 230
50 113
232 62
310 278
383 392
169 301
210 239
216 38
230 299
31 95
124 393
44 44
276 290
223 97
249 101
147 238
384 239
147 387
15 230
118 303
67 92
201 372
127 47
13 71
195 343
128 190
312 328
391 378
365 237
285 216
48 282
229 374
42 151
216 13
32 149
111 6
351 298
9 72
213 276
395 263
259 259
369 85
256 377
388 224
238 79
52 2
279 159
361 36
307 390
207 6
137 357
349 187
256 224
76 87
42 362
358 25
294 138
181 178
164 137
101 139
55 320
295 215
183 75
72 20
51 16
184 129
239 241
318 20
249 278
302 173
165 377
365 59
376 20
247 171
398 333
158 54
385 323
224 346
383 257
326 274
375 20
80 67
117 108
205 77
10 27
273 27
353 197
219 49
252 86
138 117
134 112
133 201
110 355
281 352
268 16
323 66
6 269
104 169
74 180
138 400
303 343
126 90
334 287
146 248
185 399
45 273
127 119
354 84
261 386
328 328
12 12
199 363
22 259
339 329
107 393
237 14
22 362
191 239
60 304
329 161
285 181
225 123
36 78
323 357
345 15
195 196
21 363
24 156
209 250
142 41
71 8
391 94
40 311
60 352
18 359
61 385
214 209
380 65
40 209
37 193
221 217
148 376
114 56
55 347
288 99
148 383
376 73
24 201
321 353
58 370
226 227
215 85
20 355
55 329
134 96
332 293
167 106
158 286
304 105
17 335
324 121
138 281
255 170
144 198
108 217
85 227
319 288
48 67
64 304
65 267
299 170
80 382
142 284
370 79
42 254
317 145
384 107
95 276
137 96
205 259
42 45
318 156
323 49
9 175
127 303
129 307
284 379
63 235
298 198
113 124
116 246
195 218
267 216
91 320
284 328
92 107
267 335
291 77
312 114
188 52
105 203
45 41
310 199
130 306
35 106
56 376
112 82
14 39
29 40
251 103
120 292
47 249
192 31
37 371
32 387
237 239
189 317
182 84
337 337
351 334
229 134
240 205
310 240
358 99
77 183
127 75
151 355
52 344
24 268
291 107
189 289
71 53
50 277
318 305
131 203
109 64
294 80
32 290
31 256
193 56
146 344
275 268
183 179
36 116
224 209
194 156
226 336
90 27
291 187
318 374
261 108
266 280
52 53
9 332
97 10
242 355
398 348
32 196
313 192
320 130
154 268
192 188
34 376
196 74
12 151
35 44
281 309
66 363
181 265
229 66
165 109
167 209
68 198
61 235
95 373
201 250
59 7
45 131
210 364
144 96
32 375
169 262
97 256
66 7
295 220
312 382
244 248
7 115
50 389
75 160
159 156
337 92
236 157
258 313
218 343
353 335
57 378
42 239
166 100
193 315
126 21
155 171
104 159
148 18
243 338
174 61
61 137
258 371
328 286
3 364
97 219
142 291
318 244
377 281
177 23
380 36
157 297
242 113
122 393
269 207
398 335
323 341
222 6
350 148
332 339
149 10
398 371
154 371
340 84
230 31
341 392
191 184
323 100
116 260
169 222
216 155
5 192
27 230
48 183
59 299
331 340
369 94
110 374
170 113
163 39
300 88
263 230
94 3
205 231
398 148
133 165
157 118
36 364
230 213
351 28
129 156
345 287
58 282
47 378
232 87
301 217
40 350
246 196
349 355
123 316
171 378
85 65
65 153
364 276
11 167
321 320
31 154
384 282
371 332
179 375
188 65
336 53
325 312
315 40
125 98
108 367
40 399
235 210
28 344
279 209
284 164
327 253
393 114
82 109
9 222
392 36
165 295
232 206
60 23
343 89
279 253
213 11
24 106
376 114
381 52
132 200
327 140
156 212
77 127
127 311
57 364
293 55
368 176
146 177
178 197
119 124
317 244
388 42
391 197
282 67
298 370
349 28
145 119
54 341
296 7
258 153
17 314
129 391
368 361
279 220
180 379
165 377
400 241
12 20
377 40
349 361
360 332
78 323
66 180
307 2
383 166
169 243
107 259
23 42
374 250
116 352
299 177
226 4
71 98
315 101
339 333
140 11
17 287
333 38
362 77
332 148
315 44
279 1
78 373
138 126
312 70
8 310
333 386
119 286
331 84
108 8
67 77
20 47
283 190
20 333
121 398
143 104
8 356
337 304
217 185
33 152
148 354
350 208
154 31
263 374
259 135
396 42
343 103
267 92
95 148
103 131
30 180
160 106
327 168
225 352
380 73
169 338
217 57
178 229
136 388
238 280
210 142
202 314
391 388
69 36
307 101
59 22
151 347
255 279
304 273
152 332
173 244
218 5
104 372
202 8
264 78
273 233
273 100
106 178
187 262
49 135
157 237
24 373
291 290
215 110
338 209
217 3
102 71
337 287
168 300
201 198
243 110
200 247
168 3
14 351
163 13
341 400
304 38
266 226
398 182
254 261
77 367
306 226
220 271
374 85
241 299
12 178
57 132
132 155
257 137
110 163
88 251
302 180
268 305
223 175
188 270
41 219
115 261
351 379
262 206
72 374
60 220
116 317
154 104
254 133
83 178
370 277
227 122
97 120
290 228
380 350
99 200
273 332
305 381
185 194
250 270
105 184
305 125
114 34
77 320
13 97
396 357
280 293
347 357
29 63
170 259
127 24
199 50
355 397
120 158
141 343
189 280
218 140
218 338
131 291
389 219
139 221
31 308
379 150
28 355
133 270
361 78
321 356
148 277
25 367
113 6
172 394
175 249
349 94
360 396
307 201
216 143
166 165
147 177
302 319
247 214
243 50
58 208
16 312
34 155
173 170
180 24
383 24
196 168
235 276
116 254
363 379
166 162
284 152
37 199
244 71
114 154
230 146
90 206
305 330
232 124
119 89
29 397
369 339
1 27
299 196
103 199
272 365
277 184
258 397
295 31
139 126
359 75
192 176
140 72
166 365
348 287
201 280
148 142
185 330
123 75
253 128
78 57
23 306
304 313
307 269
124 180
197 176
125 371
295 329
335 377
264 36
244 341
22 131
320 240
278 192
93 184
268 383
24 386
230 75
56 90
72 314
238 311
32 34
377 178
221 230
356 301
295 7
86 354
326 292
35 32
357 316
145 4
76 200
358 166
327 101
144 143
373 328
155 126
43 364
198 179
193 254
228 198
96 94
105 97
48 75
171 297
196 323
390 377
323 341
352 285
79 37
130 254
337 106
42 88
300 167
60 4
185 53
82 199
350 313
200 178
370 63
179 208
21 145
153 261
185 393
378 232
281 100
112 169
1 168
251 233
311 192
132 347
210 313
294 179
347 259
140 216
111 320
68 389
346 361
166 342
29 151
198 399
10 255
78 340
391 123
264 47
344 41
247 202
241 284
206 332
378 107
44 283
354 308
330 10
68 257
54 269
110 16
79 116
21 389
299 12
172 120
151 145
167 64
83 162
21 277
203 266
237 18
202 336
263 258
35 181
178 376
255 5
207 219
117 9
52 209
201 135
323 198
263 272
310 225
43 71
268 198
160 16
184 388
321 144
342 141
236 241
234 389
187 175
255 88
180 251
375 394
236 99
48 249
161 204
45 176
190 165
284 256
240 137
145 389
264 333
234 126
365 118
334 155
343 389
140 231
119 252
128 301
84 187
396 288
271 335
139 392
44 319
61 307
145 45
154 134
370 21
65 272
186 19
274 130
59 228
117 305
63 156
294 2
383 245
181 287
398 271
3 343
396 86
286 17
159 214
267 23
324 255
96 295
16 72
115 204
235 41
100 353
292 233
33 312
290 320
236 72
194 145
64 112
322 188
119 196
298 59
269 232
248 389
258 110
201 378
284 244
1 361
334 127
43 97
187 90
80 323
138 14
218 120
378 140
56 49
251 223
177 236
239 17
69 324
53 367
151 392
92 77
157 72
214 29
70 16
213 212
30 359
104 312
35 312
335 334
286 226
276 163
225 233
350 244
46 47
196 238
226 279
269 349
232 161
61 358
134 155
370 321
241 389
102 87
117 356
160 260
339 43
398 98
188 400
277 195
70 167
88 163
250 128
390 249
184 156
386 183
352 81
7 84
148 137
128 163
158 194
35 331
30 181
97 170
78 261
205 64
166 220
187 397
188 26
157 367
304 204
372 338
75 238
313 173
125 285
69 260
392 249
278 193
314 291
129 347
223 7
274 205
268 355
381 284
388 266
129 169
265 209
32 254
106 347
110 233
7 363
369 112
210 359
154 192
198 216
145 282
376 5
297 109
305 56
287 116
206 366
112 379
221 22
296 258
180 166
8 154
122 282
341 275
300 103
1 100
328 281
280 330
179 151
134 63
164 71
48 73
324 29
195 316
60 225
164 130
345 260
9 102
296 191
185 245
218 268
257 350
210 25
10 257
383 277
106 159
144 373
115 125
338 35
139 38
318 115
157 194
183 119
104 17
267 7
207 62
141 72
364 379
115 95
52 220
219 356
68 15
361 277
391 23
333 332
79 149
338 35
228 209
209 173
129 50
122 224
182 20
373 243
146 146
396 295
65 114
253 64
124 89
105 197
43 289
357 133
76 323
20 156
352 234
216 176
287 76
237 207
58 343
243 88
207 68
319 389
321 92
23 396
188 4
186 92
365 153
228 304
315 325
238 170
94 342
48 126
153 361
276 374
286 208
158 231
303 382
198 187
231 388
385 158
180 285
115 318
190 97
14 165
346 326
322 358
301 191
340 167
151 348
183 147
83 87
362 255
358 261
125 144
83 50
96 175
342 27
157 173
65 91
360 202
353 351
128 333
138 207
261 186
243 313
48 246
224 347
195 203
151 315
192 145
2 62
183 206
26 374
352 361
167 255
316 45
341 55
364 234
317 211
6 78
66 370
385 233
148 369
170 295
373 57
272 256
15 261
5 94
330 113
97 206
128 249
189 113
111 328
101 371
375 314
49 80
262 130
347 24
350 178
274 204
245 21
241 32
35 320
82 350
324 320
334 307
227 288
47 269
338 115
38 367
8 321
273 186
195 144
242 164
131 369
370 334
228 115
267 395
76 273
193 66
360 344
46 130
232 332
14 168
35 229
67 380
263 234
263 5
325 317
45 3
130 27
79 106
29 220
19 343
359 160
392 385
272 398
49 212
232 154
62 22
204 393
273 123
176 188
295 252
361 135
323 22
140 322
92 27
284 312
28 300
246 284
19 40
297 315
262 281
326 84
135 54
116 282
128 382
218 173
154 30
216 38
72 309
277 223
308 67
131 234
137 352
102 390
248 368
59 120
98 127
86 302
46 39
275 219
94 287
164 104
295 29
303 27
48 301
282 132
33 373
51 291
141 294
305 119
360 385
396 235
221 69
193 124
345 24
265 170
178 360
92 326
400 232
250 67
343 240
232 256
347 131
92 216
182 298
394 210
324 378
160 198
370 375
66 352
365 359
279 395
190 164
78 66
14 42
240 253
304 329
50 320
383 31
93 185
285 70
48 266
213 53
227 74
176 13
130 303
13 251
54 280
369 239
189 231
266 156
34 396
387 318
298 334
212 34
382 361
223 286
351 167
361 129
297 53
144 215
35 185
41 336
85 314
121 273
113 375
319 373
344 100
62 380
395 41
374 319
101 74
138 124
390 239
59 25
106 60
154 70
319 388
117 254
261 116
357 337
384 120
334 392
388 208
321 86
297 114
74 359
170 99
254 58
252 367
150 347
313 51
297 215
79 77
160 342
225 336
279 104
400 265
188 263
240 337
266 110
111 145
170 336
288 361
77 39
148 267
11 230
211 25
247 88
239 136
394 55
267 269
191 131
97 139
180 229
344 386
134 328
170 17
84 93
74 23
162 321
281 361
204 274
100 206
33 215
98 165
47 190
321 296
317 299
30 365
108 344
239 102
39 308
89 164
34 23
392 210
164 284
232 324
271 217
47 33
259 47
193 323
37 67
151 333
182 113
241 170
171 94
178 233
202 88
248 64
351 58
90 77
225 92
182 178
335 319
390 304
369 216
153 146
232 134
200 45
31 29
107 197
2 250
206 28
292 202
29 123
72 106
375 360
116 277
203 350
64 116
297 387
274 14
97 22
132 188
394 34
14 354
368 264
203 248
399 299
347 128
265 302
37 5
145 27
347 153
371 381
171 279
398 398
156 377
301 363
166 184
5 114
93 169
196 216
121 291
7 330
171 380
70 149
364 198
174 176
106 325
109 220
202 266
237 191
176 146
79 92
47 51
371 94
97 138
277 280
137 227
305 262
270 220
36 384
32 92
36 358
80 345
341 289
318 260
233 145
150 100
384 215
152 336
183 291
265 130
278 120
88 59
88 337
25 120
118 107
67 82
236 304
344 94
336 306
340 164
142 234
275 173
376 88
175 222
258 324
58 179
124 108
326 241
92 344
309 113
213 263
140 95
300 296
320 62
370 350
238 133
330 306
121 368
46 332
287 170
109 332
109 211
100 283
166 230
122 30
30 44
90 44
60 61
239 36
315 311
4 375
180 33
65 225
259 292
384 309
99 388
393 137
364 367
101 95
46 210
319 271
169 258
66 137
187 285
8 339
360 28
213 18
155 269
57 10
147 329
78 1
108 47
330 267
210 166
197 127
234 211
353 339
238 174
139 340
352 262
90 187
290 117
94 117
39 235
19 314
11 340
353 399
220 311
309 388
37 300
316 52
362 155
339 182
346 133
111 231
238 58
259 369
2 101
318 361
22 26
88 108
50 30
178 223
153 98
312 385
45 278
230 377
225 9
292 213
282 247
82 170
274 193
12 395
67 130
349 284
259 264
194 347
72 265
180 368
95 189
394 28
97 189
370 240
356 349
363 197
355 348
170 316
278 287
196 318
311 41
252 214
371 338
68 282
116 143
326 114
185 72
282 320
377 387
117 339
10 292
297 75
142 27
124 322
189 39
10 258
26 370
254 242
146 257
238 115
312 324
359 238
42 87
3 124
19 155
191 207
112 398
195 13
392 216
310 98
320 176
119 320
29 27
358 228
290 316
301 89
1 396
101 74
100 126
209 97
381 250
38 211
275 55
225 139
206 348
107 211
329 72
380 271
247 380
170 23
259 226
18 331
240 354
196 383
189 213
366 256
154 122
260 45
268 108
205 149
6 189
196 332
97 385
275 359
210 292
293 184
11 221
255 164
129 279
348 271
177 161
343 249
39 360
251 267
377 321
382 14
289 347
276 68
52 192
242 252
209 44
234 218
273 222
149 142
300 321
239 233
310 328
35 81
42 325
20 226
54 150
119 23
164 179
265 371
258 353
72 203
241 153
93 37
222 364
287 188
150 198
89 48
135 204
312 239
123 7
54 91
262 387
175 105
335 223
40 317
286 324
1 144
331 72
216 31
196 281
183 197
285 284
391 389
71 41
294 331
342 283
134 247
331 237
367 246
342 368
106 69
226 239
137 13
253 198
72 261
174 281
356 23
294 84
199 58
172 251
302 184
286 4
213 63
260 3
191 364
68 32
211 384
392 184
338 290
73 201
399 161
78 75
75 222
317 85
107 125
40 348
272 353
340 338
48 391
322 232
353 200
101 267
310 89
89 213
256 166
377 87
117 99
338 321
325 38
116 102
49 317
245 79
6 228
90 61
385 8
355 395
242 125
264 174
272 37
199 52
311 180
357 254
85 267
229 49
57 187
309 230
167 181
61 144
240 326
364 181
201 315
48 189
61 59
140 14
7 351
138 259
293 252
309 238
349 195
342 291
61 166
62 348
286 97
335 115
191 127
110 166
371 135
108 173
290 81
251 238
219 306
183 235
131 192
104 175
276 58
14 212
273 39
341 359
220 122
364 219
314 366
203 72
332 275
102 22
46 158
397 266
147 231
88 252
212 125
289 145
10 322
65 350
371 37
289 109
53 382
214 338
330 246
38 64
45 314
289 396
242 16
183 200
59 27
240 300
190 329
78 132
66 142
215 207
56 235
362 295
358 170
120 371
288 296
111 311
187 301
43 366
388 54
244 359
342 43
146 367
100 259
209 36
100 352
42 166
204 383
34 118
241 108
31 77
106 77
335 18
74 14
72 202
256 5
167 137
386 149
304 348
351 137
316 45
255 47
148 29
44 261
319 289
210 278
151 151
175 341
37 279
297 10
44 75
318 219
303 109
332 295
85 289
10 163
88 26
5 13
357 87
61 192
257 203
384 353
172 107
347 254
299 317
108 25
349 241
249 398
45 192
79 64
393 108
193 94
328 60
347 181
352 84
176 62
91 293
47 76
99 319
176 157
299 112
169 297
374 8
269 324
72 248
99 367
353 183
316 188
391 342
347 219
305 66
92 204
115 394
302 361
124 103
158 14
212 153
283 4
49 213
387 279
189 191
359 167
253 336
33 129
141 368
361 322
73 204
47 70
365 106
335 57
232 144
298 277
209 143
294 241
336 252
327 145
32 1
289 294
130 389
47 273
112 192
33 319
300 200
76 153
168 168
347 258
170 356
25 170
111 122
155 159
269 202
351 399
312 161
116 351
30 225
387 342
213 303
289 168
81 255
318 14
327 240
7 201
266 76
303 335
63 192
172 83
269 218
240 331
202 229
261 260
90 359
264 29
11 213
340 140
292 1
319 387
280 358
85 222
158 222
321 338
64 145
49 394
29 157
79 14
314 36
9 303
354 367
226 344
131 310
289 391
91 280
103 115
381 339
290 240
98 89
212 153
41 83
130 145
28 270
351 35
391 227
118 194
208 66
202 103
142 41
240 286
121 384
289 124
116 48
177 139
334 63
216 90
214 182
309 19
91 387
198 164
373 101
49 150
63 53
226 162
155 68
74 9
95 227
283 36
47 118
56 336
199 74
86 117
301 258
95 110
103 18
49 332
83 292
161 61
106 229
305 214
321 62
362 15
242 48
359 224
102 149
196 304
331 311
377 334
392 68
138 297
396 210
228 51
332 306
222 338
160 265
39 100
262 350
365 332
73 23
287 147
306 133
36 220
87 222
265 84
110 390
54 16
245 179
170 17
20 214
382 130
370 296
140 44
189 74
83 197
116 203
363 8
223 395
243 198
207 97
180 236
130 341
329 190
118 169
25 254
34 130
331 395
344 129
169 244
12 64
130 259
87 119
397 97
384 94
370 121
185 92
337 294
256 176
396 113
342 312
34 166
91 241
363 34
234 103
380 327
150 202
369 236
259 373
39 385
60 262
305 281
389 259
26 287
381 371
146 147
59 83
299 175
292 90
165 242
333 230
84 34
20 73
279 98
294 230
352 370
69 41
362 11
58 251
115 29
356 333
369 341
16 173
243 280
379 175
144 354
291 309
247 80
276 356
357 50
360 294
106 301
344 261
120 292
244 144
292 47
41 38
388 308
212 271
381 11
56 179
257 285
24 40
171 348
134 25
289 213
215 84
400 294
140 187
373 158
336 162
91 387
119 239
20 20
97 259
89 349
172 152
259 119
388 354
212 251
385 71
284 187
186 305
110 148
58 211
342 376
334 67
233 289
212 73
55 261
95 135
281 339
352 178
105 267
180 174
27 241
249 330
123 174
254 276
159 93
313 179
209 150
379 282
189 129
72 159
200 19
208 33
180 322
337 307
289 326
126 137
26 220
47 8
332 202
61 286
17 371
83 33
49 372
376 22
260 249
334 44
283 1
334 155
328 324
354 93
372 121
244 394
175 209
190 74
222 289
19 163
210 26
371 278
187 289
85 45
150 296
267 88
327 287
164 297
24 20
247 339
7 398
241 24
210 171
37 68
332 241
259 310
229 77
380 167
310 316
370 112
87 162
191 324
212 184
296 229
210 24
267 50
119 387
83 58
375 82
131 26
304 234
390 130
363 177
49 88
211 12
133 107
175 240
376 144
331 208
47 235
46 18
65 378
290 63
225 318
3 315
19 14
29 4
315 132
397 255
317 243
331 319
25 225
380 151
376 217
131 37
214 112
94 338
26 60
42 102
99 380
30 185
305 259
281 116
269 269
223 11
213 305
178 291
156 316
200 105
355 151
185 78
342 231
132 187
333 231
38 335
135 117
301 141
262 23
350 36
375 372
315 259
51 219
187 136
183 165
332 318
37 42
291 135
384 333
75 56
18 154
232 97
93 94
174 166
270 350
247 366
188 369
176 139
398 386
262 315
227 145
14 350
217 323
222 282
104 235
267 245
105 212
135 284
195 36
275 232
206 365
74 221
237 13
243 279
84 175
166 21
175 31
366 124
214 189
175 396
123 111
42 107
71 371
192 95
310 120
185 186
94 251
154 335
290 79
95 264
68 325
282 291
78 383
161 145
13 342
235 18
365 230
24 49
251 369
298 384
88 282
325 55
400 249
367 213
363 72
257 67
52 357
296 374
166 358
109 155
288 42
49 89
177 300
311 204
191 19
74 236
74 184
105 308
79 50
194 231
31 140
252 227
362 21
202 301
37 381
251 280
382 225
92 222
379 67
190 396
16 227
83 373
83 375
86 323
243 272
233 392
146 244
178 233
54 2
397 161
122 351
345 400
198 11
8 316
399 235
89 270
62 216
297 326
387 238
363 271
283 282
142 348
28 12
320 183
72 302
384 287
214 265
181 251
213 277
8 116
171 89
332 257
238 34
215 42
176 316
366 165
153 345
230 75
394 320
127 286
239 27
249 284
180 144
141 185
105 70
338 88
105 53
346 377
326 121
54 332
152 348
15 330
377 71
146 310
29 238
333 287
275 175
45 35
341 82
215 325
262 232
272 95
27 373
285 199
145 354
24 83
256 357
336 392
358 126
175 332
319 161
351 189
100 65
216 310
188 11
220 277
389 183
2 357
116 379
363 356
139 232
262 166
47 319
179 285
115 83
252 50
351 61
276 353
126 236
352 285
17 100
375 296
117 139
77 80
214 13
241 272
126 81
18 148
347 11
117 191
368 136
256 201
270 400
174 15
190 267
50 184
367 176
268 275
331 35
249 113
115 238
386 372
177 102
372 376
241 239
217 337
240 17
394 104
111 123
373 114
27 157
319 218
302 269
63 242
106 220
316 185
24 172
105 57
224 235
396 49
193 290
234 182
104 158
244 255
231 176
240 396
263 252
346 211
122 306
313 95
174 34
100 232
398 291
32 399
89 307
2 65
55 312
223 32
394 12
96 326
254 76
343 102
134 81
190 294
183 231
87 265
23 379
268 324
126 171
225 20
364 91
290 190
299 266
362 116
164 194
191 60
228 350
62 378
282 332
173 135
174 345
81 366
37 309
340 379
265 159
157 306
21 120
392 14
177 204
337 262
355 217
163 80
152 216
203 60
138 53
40 290
251 319
208 6
206 200
319 12
309 172
144 324
286 315
371 53
102 212
54 182
221 110
341 290
349 281
21 246
242 167
305 211
223 94
133 219
109 110
385 398
174 144
146 146
250 209
293 200
33 142
50 175
208 398
369 5
239 5
295 290
277 188
50 63
152 14
245 75
17 61
25 396
1 183
293 295
362 228
252 257
300 131
172 131
307 91
331 392
324 309
306 253
145 20
31 76
322 116
257 282
205 65
167 46
97 234
58 231
31 121
394 248
12 132
384 108
42 7
69 347
132 231
131 185
332 11
71 187
154 258
47 222
206 367
171 208
49 117
370 202
119 225
179 349
164 353
339 354
87 283
160 307
207 279
287 216
6 306
383 176
388 263
30 225
195 221
122 257
326 28
322 267
248 304
399 30
196 260
34 312
94 148
11 297
309 288
184 365
96 53
396 331
175 305
382 356
41 120
335 273
314 226
45 286
128 7
8 270
261 97
119 233
287 116
58 162
316 78
192 284
146 312
39 90
224 58
15 105
330 2
381 260
238 159
82 311
353 299
127 9
135 110
154 114
316 40
283 146
362 98
126 318
62 254
31 117
366 359
386 166
207 333
98 162
86 17
319 378
188 106
349 50
120 228
3 7
309 124
381 276
272 184
111 187
232 51
292 370
357 203
228 63
311 268
28 244
306 169
202 311
205 313
351 155
53 200
298 218
260 87
110 351
211 293
222 106
253 235
264 183
149 142
80 70
54 339
160 241
334 252
97 200
192 40
177 52
301 262
49 128
361 327
353 129
391 222
384 143
144 61
342 352
20 326
171 122
157 309
27 121
55 162
101 368
139 168
258 207
372 91
29 285
200 50
169 391
56 121
4 73
74 64
16 192
41 109
131 72
387 305
130 70
73 243
370 15
52 21
98 335
134 14
220 261
229 329
253 227
256 344
115 275
129 150
277 314
362 295
310 295
204 155
391 56
244 244
92 78
188 110
114 359
142 164
385 303
300 235
397 280
196 101
140 135
218 139
352 67
331 344
194 346
173 133
23 312
309 39
373 394
334 194
17 293
270 389
227 286
199 73
236 29
292 47
329 104
316 235
297 248
384 336
41 238
220 392
62 169
304 315
299 317
157 302
383 292
185 348
265 275
53 102
348 165
87 230
59 107
222 74
4 91
364 34
75 324
311 58
363 280
332 14
252 7
65 273
192 238
304 4
110 385
135 367
46 140
281 178
243 59
149 26
160 301
328 370
332 100
101 129
34 195
81 323
348 33
323 321
36 393
3 74
203 288
14 49
8 332
278 359
98 291
154 55
352 254
233 41
105 132
186 374
353 325
37 168
99 30
231 164
250 138
282 399
272 332
193 65
205 292
156 234
25 129
112 246
257 38
26 212
250 42
197 69
37 161
102 25
113 87
364 119
48 157
256 7
99 174
222 88
191 57
248 256
122 360
205 289
263 271
162 83
113 328
341 130
266 135
144 328
185 377
257 102
29 331
367 56
212 243
82 230
145 40
330 366
149 181
107 76
39 142
58 161
371 62
119 167
189 96
270 69
80 191
282 238
231 301
287 28
348 158
12 168
390 138
209 58
144 343
236 90
60 232
271 78
207 356
183 343
276 22
45 137
8 182
339 107
153 243
157 358
112 318
42 91
366 120
226 154
212 229
66 166
262 364
68 128
229 182
284 349
220 33
258 370
91 204
154 130
322 51
205 259
129 96
390 35
192 250
56 295
292 248
130 21
193 254
172 324
336 282
119 23
332 244
82 398
175 352
13 176
292 290
185 132
78 93
260 8
60 108
37 101
364 316
93 39
15 47
218 267
208 224
75 30
386 224
93 13
86 16
130 363
75 236
298 216
173 326
7 346
273 2
346 270
280 292
56 168
372 236
318 246
14 93
39 257
45 395
246 213
22 263
267 157
132 255
273 215
238 147
133 274
236 43
248 357
374 89
326 233
33 271
335 65
253 21
104 74
202 332
288 130
193 387
335 112
339 79
166 28
146 334
20 242
136 131
302 28
363 347
306 19
392 193
79 94
274 342
132 312
48 73
30 148
97 145
272 320
189 187
90 76
373 355
352 121
298 37
380 200
80 234
38 73
129 342
2 14
340 315
264 1
79 62
165 372
293 180
155 321
378 88
314 10
266 64
334 240
357 22
263 168
133 220
286 34
110 199
390 202
362 72
109 307
67 39
202 219
400 23
236 118
266 33
262 39
106 171
236 244
259 38
345 184
127 90
356 269
309 72
50 141
106 162
362 337
280 143
284 172
82 271
67 379
371 197
268 255
378 184
4 203
269 97
204 2
389 294
357 125
267 302
303 288
120 340
121 209
165 226
269 286
259 327
175 74
196 67
312 168
392 291
363 232
189 139
198 85
307 221
10 203
221 148
326 179
146 227
87 39
230 85
320 256
230 247
315 315
352 107
148 272
319 22
232 262
365 371
195 243
202 232
51 247
241 396
389 13
131 79
400 170
230 396
157 310
220 13
374 76
182 123
160 118
155 324
123 27
398 156
382 149
279 110
87 345
256 229
336 373
14 374
34 72
20 57
349 278
2 181
125 241
8 126
14 58
211 226
306 22
138 126
330 198
301 396
37 68
364 217
172 102
26 275
183 359
5 340
168 198
53 320
315 202
314 386
188 357
391 162
199 186
304 343
257 161
360 308
30 299
182 341
279 230
140 248
204 247
229 192
328 190
138 6
366 82
382 193
168 212
189 289
96 237
245 30
334 249
346 71
122 266
9 205
34 282
169 300
386 160
192 90
319 306
241 44
326 98
28 159
101 254
312 191
167 397
20 288
374 147
75 253
89 40
376 211
199 3
359 138
221 138
335 274
381 84
365 227
214 170
322 59
144 124
121 311
46 318
312 62
111 16
16 116
289 254
109 105
224 165
81 205
270 214
99 77
182 375
32 96
34 142
326 369
238 137
370 300
72 376
295 53
123 36
310 165
30 9
395 183
225 170
213 82
397 145
67 120
37 228
197 245
289 59
179 151
171 74
75 40
252 367
370 66
334 62
186 318
252 1
112 118
20 212
170 46
382 30
57 297
353 133
303 324
399 59
42 34
95 386
302 180
315 32
213 45
323 200
220 219
251 81
202 332
49 343
262 369
87 117
362 219
171 187
174 198
322 35
98 219
351 197
189 375
247 150
10 360
202 333
179 291
381 163
192 400
16 336
117 199
368 94
320 286
395 95
100 384
194 135
88 394
173 76
30 311
193 310
259 320
143 361
312 286
344 35
79 275
67 387
7 183
198 186
166 241
356 211
65 30
257 203
237 309
58 80
329 319
126 186
251 108
228 149
316 13
122 213
236 7
118 131
4 354
335 372
176 44
255 209
36 391
176 134
167 260
373 353
20 362
87 391
87 245
375 375
189 62
50 307
238 53
157 26
38 18
358 266
86 95
395 125
115 391
19 321
73 393
247 283
183 23
334 72
327 283
273 238
46 247
59 282
351 373
350 283
100 187
98 317
43 221
131 258
62 281
322 210
302 103
262 102
175 242
232 6
80 146
347 316
250 360
320 73
294 360
240 219
319 4
248 95
50 380
258 4
176 257
107 96
88 87
216 291
144 256
391 300
400 232
155 103
327 32
143 151
307 30
180 304
236 125
56 383
244 145
233 388
238 373
63 301
46 184
131 275
231 359
119 89
307 27
185 377
65 128
43 11
264 19
156 351
371 326
280 180
194 323
221 191
282 48
311 267
38 192
120 329
177 238
61 44
115 346
251 43
247 396
46 145
378 129
248 120
108 128
309 321
150 80
399 137
351 368
120 320
233 240
305 287
83 148
33 128
362 50
308 136
372 59
294 213
66 40
180 35
21 69
158 80
210 397
76 277
275 119
177 300
400 176
66 158
375 193
302 389
350 151
68 239
103 174
330 341
175 230
166 335
259 81
292 379
231 161
223 36
241 125
205 122
288 232
282 74
338 16
332 386
96 330
53 90
170 268
142 324
127 51
216 122
118 67
367 42
168 377
239 138
349 172
26 200
7 31
312 202
286 315
148 163
331 380
84 138
398 123
8 108
162 321
310 191
169 249
333 272
207 211
184 131
346 5
90 92
283 349
199 195
132 181
31 343
369 253
27 191
133 255
137 297
112 207
260 104
316 400
220 205
267 199
176 65
243 69
111 265
131 75
149 339
147 369
181 34
59 267
356 140
76 293
104 332
385 248
240 391
145 197
219 300
4 311
186 191
97 65
373 327
396 246
132 206
360 105
152 8
156 159
172 361
258 221
302 227
327 12
73 343
239 143
175 18
320 18
344 19
296 334
359 296
8 350
318 324
303 360
302 95
203 343
100 30
269 331
292 124
117 31
205 211
274 177
175 12
67 114
196 356
3 269
295 393
231 362
195 259
173 381
340 212
387 223
151 204
378 223
120 163
253 240
67 73
350 233
333 342
107 318
57 89
18 215
293 271
188 145
324 38
238 237
326 133
50 125
365 86
297 8
154 195
380 157
276 347
41 254
97 368
184 355
254 254
347 246
19 266
205 380
140 12
160 122
55 186
190 142
381 150
391 48
398 357
304 109
54 371
263 66
318 247
149 322
177 248
383 341
392 127
127 287
254 109
86 365
197 240
296 225
330 349
17 324
285 199
127 245
386 192
139 25
230 157
57 7
164 325
288 295
177 125
69 344
276 210
293 45
155 320
107 19
16 202
188 116
105 265
143 362
347 281
189 167
207 20
125 317
264 189
10 396
316 305
120 366
65 178
99 183
45 93
372 209
153 230
258 281
150 366
196 69
217 305
48 72
175 108
171 298
130 212
261 138
38 393
141 277
281 61
265 19
75 124
242 17
107 128
316 312
286 10
164 66
127 180
29 106
22 388
368 107
49 324
380 260
233 22
278 289
20 221
177 170
68 287
391 83
294 98
195 220
365 386
95 244
349 284
44 96
78 245
275 290
159 71
102 336
336 36
297 321
277 371
205 199
282 334
15 344
221 114
230 349
81 176
348 64
168 71
342 315
225 335
280 123
250 87
12 363
215 385
387 196
56 342
95 251
377 8
30 314
26 363
226 319
246 223
179 291
266 297
326 307
46 90
220 195
285 338
232 237
361 147
205 164
396 43
116 68
10 96
53 127
396 98
209 197
295 293
183 154
368 213
7 130
65 221
13 70
51 189
153 341
156 22
107 328
294 160
149 159
364 59
390 273
25 381
358 63
133 103
238 63
273 371
91 244
192 185
66 7
350 173
348 273
280 36
239 60
94 82
11 345
195 373
138 340
265 289
184 227
131 6
327 152
89 253
334 202
208 361
28 87
116 184
315 268
196 49
56 259
346 396
5 255
56 382
289 131
137 170
150 270
348 80
136 86
386 131
31 140
217 100
175 18
101 308
258 396
57 337
304 127
89 22
305 110
387 132
329 366
87 255
191 294
27 53
396 124
48 212
106 128
222 356
346 167
314 118
247 29
158 168
281 129
131 376
344 265
310 396
20 258
53 69
214 288
134 58
383 205
374 85
226 138
133 114
266 317
192 361
32 14
104 335
234 300
260 242
81 297
155 398
341 60
176 129
257 292
272 239
10 377
369 139
374 11
185 120
273 264
253 148
152 273
48 201
22 74
287 357
261 16
236 73
116 286
199 68
392 187
305 184
300 49
22 324
39 103
229 136
330 360
225 269
322 272
329 235
175 16
305 209
47 92
10 111
281 159
79 380
123 61
342 393
145 92
36 226
123 278
334 197
381 308
209 239
168 238
17 383
230 186
81 164
341 291
85 238
181 364
194 396
386 94
188 228
313 396
265 262
123 154
30 43
69 126
154 300
326 42
263 26
230 2
262 223
331 305
181 233
29 143
36 38
381 139
177 180
171 282
78 189
122 235
350 92
197 7
97 302
352 252
35 139
256 299
333 47
35 252
196 169
294 389
79 58
134 327
44 299
7 386
374 216
341 331
242 11
168 229
108 64
53 302
30 58
262 36
336 52
370 238
200 248
198 39
85 20
205 271
222 175
42 359
323 195
140 236
396 81
222 156
285 183
79 197
328 297
107 26
57 217
295 385
388 98
334 3
157 181
247 123
192 310
59 360
296 233
259 281
151 175
374 235
269 338
44 223
313 261
24 191
341 120
336 332
399 332
252 384
173 136
186 17
339 342
178 334
28 107
143 247
21 301
196 398
240 343
257 253
333 350
297 70
216 143
372 168
67 331
277 1
117 101
91 193
116 276
212 333
386 11
1 43
181 80
80 264
281 228
234 376
108 310
116 381
176 228
89 165
152 201
355 399
341 337
40 115
32 110
194 141
288 218
59 47
230 285
253 38
319 282
73 120
57 250
337 294
388 4
158 142
344 11
155 272
238 72
27 134
193 393
4 321
16 204
166 230
110 383
334 80
258 2
104 158
110 31
92 227
399 111
105 224
269 310
265 277
74 108
187 276
216 330
113 292
248 377
178 180
217 392
32 114
179 307
347 182
144 324
312 356
398 268
323 44
74 398
198 288
84 395
273 255
165 53
82 345
86 236
265 270
47 155
289 265
49 364
120 357
16 308
302 299
175 90
233 394
110 239
286 110
68 211
340 93
173 248
142 6
212 168
301 232
340 350
358 201
215 221
373 368
399 138
192 275
26 229
188 305
14 255
42 125
98 88
61 359
41 74
321 95
241 219
251 173
271 394
235 287
110 190
120 21
109 374
178 126
308 128
263 118
354 28
36 41
320 44
319 207
188 86
269 7
112 57
182 39
78 253
335 126
15 205
267 393
90 53
174 377
174 130
353 79
181 229
182 2
321 167
122 67
180 368
138 361
347 140
194 59
249 225
337 199
145 152
389 48
173 360
254 352
195 366
230 17
167 84
41 307
238 18
292 262
277 269
319 355
130 325
360 184
312 141
75 264
156 40
351 138
339 218
24 222
282 85
226 120
118 283
180 192
296 52
311 375
390 370
347 373
301 355
352 334
362 172
220 334
92 158
62 286
280 265
360 300
25 180
331 232
84 308
293 264
331 342
127 110
135 385
312 41
97 100
390 192
183 48
181 131
64 312
72 59
17 146
271 126
76 359
282 45
83 285
233 98
16 363
123 208
395 14
198 173
332 10
128 187
375 243
397 249
264 392
144 161
145 72
317 6
4 399
146 291
260 388
12 189
390 309
10 211
400 306
161 347
179 339
287 185
325 20
207 353
379 307
220 336
330 23
75 327
35 270
21 165
187 101
96 275
229 196
21 120
332 252
198 248
371 251
129 294
354 68
148 149
42 70
160 296
270 355
21 320
323 385
320 185
189 278
322 364
358 99
303 264
343 65
346 281
299 37
334 49
103 374
22 98
176 94
206 157
161 87
279 159
124 387
194 173
225 233
67 101
68 390
157 383
202 220
187 398
219 171
43 275
2 309
252 348
27 126
275 50
159 128
139 38
26 214
147 179
4 69
35 58
319 114
184 221
125 108
77 155
33 72
305 250
75 366
363 152
75 13
236 161
395 106
224 214
307 293
289 309
276 5
93 241
176 165
50 127
256 18
49 261
322 12
343 109
183 76
16 78
209 103
131 32
163 57
249 48
390 25
26 255
75 169
282 262
335 122
151 332
146 183
325 126
186 68
91 58
383 128
376 234
363 385
45 396
157 373
222 398
123 389
116 163
234 254
18 338
20 377
136 145
313 203
190 308
171 94
340 293
153 283
386 334
328 227
391 254
192 306
21 379
316 202
121 268
242 118
33 83
38 363
98 164
181 310
230 268
321 344
368 129
120 204
73 34
184 213
212 232
204 172
363 285
75 116
388 268
305 349
125 362
376 57
85 391
99 378
277 286
372 305
333 13
284 25
114 43
81 279
114 99
33 317
94 132
255 163
271 347
102 136
145 235
64 48
259 367
365 90
228 249
374 391
42 249
150 88
119 76
38 395
123 327
104 25
281 271
251 158
232 287
109 44
253 334
305 47
389 240
157 132
382 379
236 150
234 274
307 132
100 126
48 66
86 372
192 289
173 178
148 311
18 209
365 108
105 222
296 151
44 127
239 376
45 336
295 133
324 84
128 281
153 8
288 215
135 45
55 346
234 63
110 100
377 209
160 259
383 174
271 373
179 377
316 200
207 217
34 315
228 63
385 196
369 365
366 268
170 65
267 227
74 103
184 69
246 274
381 63
65 241
72 42
376 277
323 197
202 24
173 122
111 188
99 1
297 221
387 311
71 247
331 17
170 52
387 297
326 328
85 226
41 187
398 113
123 345
248 258
104 292
36 21
202 161
120 292
255 302
178 268
339 286
107 342
11 238
260 392
195 235
280 146
41 156
130 356
250 25
47 167
70 221
116 87
241 338
264 351
141 164
226 114
57 7
338 325
231 272
388 272
152 28
305 172
254 334
172 171
339 252
316 119
113 375
133 48
341 175
104 18
72 18
241 319
288 31
315 87
362 193
385 383
163 60
97 287
182 261
12 291
390 117
259 339
123 199
2 98
288 383
377 259
287 195
159 66
114 242
373 213
353 34
349 358
134 273
75 258
88 303
319 166
381 340
212 359
235 95
400 289
75 374
175 222
192 120
384 190
329 396
164 211
335 105
257 344
269 249
399 123
75 400
182 325
143 153
326 263
252 396
367 245
89 138
337 383
182 222
110 326
188 377
70 327
292 386
356 269
169 113
2 377
122 272
170 177
388 89
391 145
385 87
185 24
49 178
257 263
60 70
372 141
225 237
207 236
109 209
184 358
255 128
194 242
24 125
324 180
115 271
90 188
376 339
55 394
377 124
394 283
107 65
101 236
395 200
60 366
225 181
51 122
242 333
21 266
289 172
317 89
172 153
333 1
370 200
365 178
10 7
229 304
18 266
244 223
197 128
358 204
326 237
388 76
323 65
30 337
130 175
131 301
373 187
9 210
94 346
235 141
103 237
268 245
38 170
5 254
242 365
140 125
397 284
380 121
28 269
5 320
378 207
198 305
387 118
320 211
260 370
216 69
88 303
114 384
290 1
145 106
45 355
398 7
360 20
394 392
80 70
216 230
225 119
359 50
220 79
33 325
285 381
237 133
46 336
230 4
252 310
289 366
125 33
298 240
355 124
134 77
122 273
197 274
174 64
380 158
360 173
373 280
342 334
151 277
279 327
109 229
323 47
397 348
185 107
276 13
159 55
194 68
339 363
64 338
222 375
120 151
294 92
108 124
347 9
104 164
294 103
330 385
265 374
135 153
396 262
281 33
263 195
277 381
356 96
199 333
127 125
226 269
251 147
191 265
94 80
5 35
98 8
311 197
228 183
309 225
302 64
331 324
390 37
295 367
92 212
221 195
134 143
261 378
136 170
179 114
254 289
91 243
159 50
191 391
326 318
353 153
15 170
197 129
202 64
370 64
228 141
118 256
16 254
113 357
367 251
211 98
146 87
264 84
208 238
352 263
115 102
229 59
4 177
26 224
125 189
341 196
309 399
255 63
165 343
149 132
28 292
146 378
177 134
230 388
36 5
231 201
216 74
54 58
234 70
191 370
178 20
77 32
122 356
57 149
61 53
279 137
220 362
108 242
282 162
34 77
71 141
226 199
158 95
134 50
192 384
75 36
86 219
390 132
229 182
359 366
373 237
127 352
205 79
257 45
303 249
181 312
183 104
20 395
180 283
33 329
342 79
293 342
199 348
2 391
172 289
1 119
151 317
223 340
42 27
79 395
232 300
147 316
177 338
107 181
14 400
255 98
274 170
259 35
188 72
223 303
98 154
358 250
373 179
331 380
41 22
43 67
297 287
277 373
209 224
169 171
162 132
197 49
336 280
337 120
198 34
118 204
296 266
74 193
116 235
328 400
36 235
390 361
137 377
283 392
34 90
37 54
30 6
64 225
286 328
165 7
22 325
383 290
229 338
264 344
225 7
369 314
185 215
134 310
145 313
176 358
230 105
206 371
54 231
250 358
108 160
38 141
207 142
186 215
104 225
121 93
173 265
114 159
119 69
221 62
363 1
20 116
164 219
383 112
94 284
291 241
79 366
245 284
395 139
322 400
306 134
217 358
346 276
251 238
96 223
198 192
356 278
247 337
291 283
96 118
209 147
230 219
288 363
130 374
14 272
123 332
318 187
157 280
152 63
247 43
320 373
329 359
347 296
210 265
316 285
157 221
394 107
343 89
307 274
179 259
141 281
271 298
304 277
398 379
319 53
181 274
291 38
288 262
207 14
153 306
83 15
302 61
227 383
152 121
134 87
290 142
101 280
83 100
139 25
144 88
165 333
358 131
219 217
338 362
244 60
79 336
356 138
339 231
73 320
139 35
89 65
144 189
252 195
91 93
194 248
343 8
259 284
138 105
258 4
138 4
224 140
295 84
19 363
218 387
165 153
105 202
345 368
174 11
93 130
231 159
332 70
141 156
43 14
280 282
156 398
147 384
271 299
160 345
86 176
398 290
369 36
134 291
33 12
190 3
270 352
10 323
9 99
22 25
380 169
10 378
307 99
215 299
381 116
262 385
83 381
198 95
310 340
347 107
114 360
234 319
258 164
310 30
6 74
380 331
246 379
100 272
241 119
390 394
391 113
331 232
167 232
88 253
110 104
359 223
316 333
17 233
295 49
113 24
24 335
254 205
58 279
387 171
172 254
280 344
277 225
224 32
344 338
242 261
319 326
103 219
87 208
371 88
213 93
2 123
302 118
289 211
248 347
285 375
307 378
83 212
385 116
83 299
42 87
221 65
188 175
273 46
327 42
91 139
323 131
72 317
165 53
155 381
213 153
158 184
366 245
32 84
279 72
8 192
143 261
297 6
140 154
138 393
12 9
384 58
143 254
290 179
57 145
130 235
260 94
187 105
236 71
29 161
337 241
300 263
107 373
21 8
224 338
130 206
382 303
255 89
255 350
319 285
170 187
108 283
220 201
85 196
211 274
357 316
59 302
171 148
172 50
398 382
148 68
134 58
318 189
13 132
303 129
242 21
139 130
281 151
188 72
383 15
355 380
68 192
312 53
153 349
3 16
213 54
372 8
45 219
375 361
140 286
389 174
190 98
152 226
149 289
334 203
124 41
113 387
63 262
44 344
58 54
349 201
114 376
205 301
50 214
154 193
311 214
44 219
319 163
67 34
154 354
152 145
130 218
390 51
50 161
320 68
105 338
145 49
344 165
126 83
378 278
26 319
256 77
338 209
186 212
9 392
98 252
372 210
151 1
388 162
289 60
359 208
347 306
282 27
130 24
37 4
231 34
14 374
252 90
375 90
337 60
192 252
290 296
299 242
60 288
391 281
17 161
247 327
213 128
138 237
179 218
353 382
220 384
92 20
334 71
394 185
214 300
59 116
373 102
266 319
124 57
116 269
204 5
194 50
7 184
214 216
236 189
70 182
27 180
167 204
101 364
311 332
5 303
173 1
120 41
119 271
20 162
69 321
50 94
196 111
7 381
148 320
313 296
269 396
327 56
315 151
114 337
5 5
109 24
346 293
265 218
80 186
168 40
270 212
155 275
279 271
208 149
234 115
344 341
226 20
223 244
152 171
246 390
241 54
173 291
13 87
315 202
97 224
3 68
42 102
55 121
198 143
288 213
122 22
86 231
281 152
336 170
290 369
181 380
27 160
138 216
211 325
390 309
387 75
306 47
161 303
59 261
106 317
22 135
188 332
311 275
173 162
191 2
246 302
225 335
80 387
325 332
31 85
16 218
29 217
145 191
323 178
361 367
34 94
193 13
111 191
331 284
279 58
213 194
282 378
48 376
97 258
60 372
307 226
82 346
264 4
386 133
104 182
138 153
73 181
6 42
203 383
50 178
59 58
176 33
164 388
98 64
150 108
130 216
322 314
115 179
36 265
326 284
67 280
161 148
117 84
63 130
232 94
303 155
395 66
2 251
54 150
165 383
318 354
157 19
264 397
241 282
11 376
40 265
362 389
260 40
346 312
204 69
397 332
330 100
70 129
219 163
179 373
64 3
60 66
45 245
334 125
327 262
33 165
8 198
192 359
388 59
311 213
135 165
118 397
294 304
108 107
23 275
24 155
240 25
3 17
94 307
151 164
30 239
198 222
9 145
248 58
106 131
47 159
262 349
315 325
85 77
363 212
20 306
386 67
87 125
268 254
197 106
268 245
349 95
150 260
182 56
145 123
122 145
240 73
47 146
211 216
256 118
24 200
171 44
110 248
94 128
82 211
286 50
234 272
113 301
36 287
62 257
169 258
83 292
74 130
181 279
303 123
9 194
4 169
18 337
340 116
65 192
388 151
374 260
195 254
90 150
258 235
250 5
378 80
246 73
185 151
176 17
304 239
248 248
195 308
261 223
67 270
216 197
132 235
366 260
227 2
341 24
316 108
234 81
81 319
327 31
248 246
213 146
103 232
197 182
10 132
290 297
120 180
270 124
105 79
270 250
246 116
356 365
380 119
187 179
109 184
76 351
120 352
88 311
79 100
133 141
355 384
298 144
210 327
105 84
39 161
28 76
332 28
11 5
173 50
80 338
216 145
73 162
87 262
144 226
129 127
358 137
165 99
191 288
347 3
58 289
240 313
78 113
75 88
185 168
203 148
163 354
164 144
219 200
43 101
167 258
50 379
355 26
188 313
232 6
57 58
15 360
349 270
298 69
272 277
278 182
106 325
16 167
155 364
149 396
332 117
377 239
20 318
14 106
122 136
159 287
52 140
335 133
135 282
322 398
135 336
345 302
317 347
74 379
393 72
113 33
196 173
291 223
209 94
332 316
360 200
286 259
246 314
271 10
325 19
34 42
8 206
130 51
333 82
219 168
34 68
367 280
386 88
30 336
86 390
339 105
389 139
263 208
204 255
248 93
211 54
294 137
227 398
232 60
287 276
327 187
108 301
20 297
67 356
82 169
12 215
385 152
344 341
215 255
50 212
114 117
230 230
209 291
261 341
223 385
326 120
102 183
218 246
147 237
59 314
382 249
152 297
54 276
104 7
164 164
145 323
188 239
262 25
243 89
151 354
159 307
400 91
370 344
355 85
324 389
113 22
324 178
156 25
158 8
301 28
314 300
154 64
133 27
385 194
51 210
189 323
333 237
234 378
1 74
130 254
177 317
76 317
202 215
259 263
205 382
109 44
145 21
162 309
190 170
109 170
380 350
311 328
320 4
198 232
186 228
331 47
258 119
69 37
261 173
177 392
83 101
190 45
355 252
125 125
367 259
140 280
211 398
233 63
327 247
325 228
228 292
119 59
22 212
172 268
310 126
261 60
16 259
319 58
317 378
248 284
82 370
180 188
147 158
89 333
243 63
285 44
18 386
64 215
306 235
242 397
3 92
380 336
93 228
165 268
96 20
105 14
335 274
143 137
99 256
49 256
299 227
365 118
9 311
140 193
172 123
327 172
27 71
82 274
387 355
29 147
286 25
333 78
251 265
65 307
302 28
353 227
364 138
184 232
386 349
302 126
241 15
307 236
57 38
390 314
123 88
342 326
34 143
331 4
180 82
104 4
186 25
29 76
81 390
277 188
363 97
238 27
344 289
15 53
189 128
116 309
60 257
292 75
154 56
143 204
352 293
178 38
1 18
116 27
33 107
157 239
380 288
158 112
184 334
324 321
159 134
202 55
263 145
341 319
84 124
152 37
359 80
66 326
222 282
237 236
153 127
145 16
65 384
106 29
230 386
123 233
346 117
47 136
145 125
399 286
91 172
262 396
102 277
373 152
290 128
212 142
24 45
71 98
140 211
100 15
2 88
228 123
126 202
16 226
198 165
105 13
112 356
204 16
151 48
153 366
11 113
181 196
64 270
137 126
312 278
278 263
356 220
39 398
311 367
282 175
383 352
119 127
24 302
71 340
230 106
63 377
133 363
371 143
80 232
45 189
239 183
334 295
68 302
223 265
13 282
395 317
231 264
136 18
392 74
6 234
21 21
271 236
62 215
307 306
281 57
361 52
23 331
294 70
346 366
349 88
114 164
150 121
381 336
182 323
133 2
33 165
372 373
14 321
14 67
381 113
287 112
38 265
191 158
67 314
161 32
332 184
321 273
357 32
121 78
67 159
162 21
381 120
89 133
111 25
159 174
217 296
391 376
196 176
340 255
194 282
374 228
76 332
201 393
192 203
354 202
284 181
267 81
297 263
45 326
314 369
201 209
315 47
161 316
397 211
69 285
127 133
186 370
320 114
128 178
342 324
399 58
368 361
196 189
266 149
230 56
310 362
162 29
371 260
261 266
228 141
244 77
218 160
395 25
21 240
71 175
52 71
47 93
205 288
85 398
310 383
154 287
17 143
226 92
379 166
45 111
115 276
353 47
116 79
37 340
212 340
88 211
394 335
261 51
111 193
347 245
366 226
391 186
112 198
92 330
255 283
131 194
218 22
294 301
178 47
172 131
357 220
345 183
381 358
182 216
237 354
234 99
31 304
356 313
74 240
18 39
280 165
305 111
310 37
157 98
90 287
389 114
86 324
182 176
288 213
394 299
310 63
32 187
321 35
26 268
13 121
101 399
123 105
63 297
72 338
306 333
235 16
154 141
43 191
14 233
330 332
105 146
226 108
14 61
53 249
2 30
298 74
330 387
94 129
150 33
174 386
308 31
24 59
295 100
255 90
185 210
205 320
114 390
269 166
70 373
306 11
355 329
300 43
360 130
202 271
26 289
54 147
16 218
77 46
283 43
180 337
173 145
89 395
168 211
311 273
399 157
164 91
43 146
9 37
346 51
12 324
105 192
365 90
367 262
318 40
176 44
2 209
226 177
109 18
70 183
110 391
104 248
181 193
217 303
181 236
101 265
352 237
121 43
254 95
269 94
329 58
269 245
345 356
361 380
37 104
366 242
39 269
246 146
213 228
88 236
226 386
7 285
250 384
163 270
239 193
30 8
293 257
289 388
136 369
353 75
263 2
13 328
145 132
366 121
85 58
341 119
263 142
220 342
158 392
159 14
345 386
78 152
15 127
374 235
138 4
77 97
129 71
4 212
117 342
270 221
150 55
116 293
209 9
62 226
190 14
245 389
389 141
381 69
248 71
78 222
203 51
170 283
340 276
365 356
132 17
129 319
103 249
261 189
294 24
375 116
295 284
311 146
398 305
9 233
355 101
98 322
33 97
190 328
307 392
287 173
177 212
189 6
225 205
197 73
102 223
173 105
216 295
329 249
337 154
80 72
110 308
337 295
277 321
170 152
79 116
271 293
3 144
240 71
200 239
90 373
64 291
165 127
358 73
346 162
338 141
305 164
60 233
107 111
385 20
84 194
242 399
33 310
195 129
50 282
27 183
317 67
382 8
246 111
149 378
120 196
397 270
324 174
14 32
247 17
355 262
240 400
287 81
219 23
126 236
315 227
166 34
306 126
186 330
129 203
128 384
388 60
83 360
6 205
57 374
360 194
286 320
249 82
258 330
52 145
34 373
353 331
323 14
15 242
37 185
50 296
388 148
370 90
133 286
92 54
214 83
182 163
242 54
163 262
144 190
11 294
28 380
368 148
125 16
341 313
173 25
1 259
98 128
61 60
328 290
179 211
333 28
205 17
224 237
264 124
196 127
172 384
57 212
110 134
201 290
370 359
378 291
146 156
166 169
338 135
182 346
236 22
155 211
266 324
118 227
283 131
312 48
311 337
275 330
2 306
84 313
96 180
355 391
101 223
192 216
240 266
80 236
399 33
188 188
285 35
236 335
316 98
291 70
116 181
209 97
19 152
185 222
278 33
153 115
62 216
206 238
324 235
147 252
141 240
334 68
51 365
368 323
166 316
220 259
164 378
256 231
349 396
336 28
2 78
148 346
287 27
188 89
158 283
44 346
136 342
93 69
284 346
257 211
110 93
359 14
42 219
164 81
43 104
319 266
63 29
376 9
236 198
202 139
147 242
305 379
155 120
341 53
380 163
68 156
102 5
43 140
200 176
319 306
93 383
216 319
12 308
277 220
90 289
242 346
113 227
343 351
264 182
191 233
309 379
40 369
279 250
271 227
208 347
370 150
369 308
324 159
160 374
215 10
214 310
114 322
224 399
138 331
57 326
275 305
170 254
287 64
237 325
96 390
86 160
233 337
387 195
138 93
162 304
60 399
94 330
385 201
319 1
339 135
54 191
167 110
132 344
13 237
378 13
296 193
91 194
215 97
170 336
339 331
117 355
2 41
388 173
3 363
371 177
83 77
244 48
183 47
235 263
296 37
80 68
201 222
365 23
116 133
70 123
375 247
147 152
259 158
341 33
18 262
331 11
7 271
249 61
152 83
294 182
208 62
103 175
293 245
17 16
88 225
43 312
325 27
388 326
302 363
48 151
240 104
362 242
134 260
64 153
320 230
122 297
274 128
252 344
122 134
139 26
201 376
51 320
20 356
248 289
216 318
151 118
178 118
359 240
399 244
221 301
328 166
36 316
14 273
307 149
16 32
21 385
300 201
221 390
174 3
257 155
80 158
107 14
349 148
5 173
67 187
24 381
3 163
69 21
196 2
164 71
189 328
171 86
142 254
109 305
140 288
349 389
366 340
135 97
13 344
262 268
72 116
20 304
206 348
79 235
387 91
224 142
268 120
39 335
360 235
289 167
161 219
145 252
12 367
46 191
384 399
270 49
18 356
188 161
66 99
130 143
117 123
360 191
228 214
24 154
213 346
72 247
397 168
111 165
67 349
324 380
325 38
130 60
391 14
314 243
83 245
210 128
42 383
157 91
284 101
144 30
97 392
234 86
212 34
51 190
232 357
179 126
61 96
245 287
35 305
84 304
396 118
135 376
237 211
349 46
17 304
206 154
270 69
210 49
295 175
342 118
306 3
52 147
353 106
126 165
108 341
142 234
262 88
200 59
265 169
151 87
278 226
294 104
250 335
63 195
19 390
383 161
388 130
156 222
242 187
157 266
109 73
28 46
5 96
370 269
108 274
9 15
324 235
316 232
125 168
87 326
155 306
151 7
266 235
162 18
400 400
179 204
123 240
74 171
155 320
306 39
304 338
125 382
135 331
275 194
239 300
158 55
30 336
149 226
39 310
296 330
344 10
388 271
313 334
173 175
323 14
98 329
238 140
62 168
36 182
82 131
66 31
113 219
298 354
174 263
7 344
202 131
183 105
104 306
46 90
41 51
98 381
286 185
102 30
206 90
345 394
110 218
35 7
357 213
270 138
55 363
333 364
317 290
322 135
242 259
241 383
368 307
390 23
28 226
312 69
38 247
307 87
253 81
272 375
185 158
132 164
382 75
153 246
324 16
110 154
210 251
125 282
295 349
10 286
230 194
36 242
322 248
310 195
236 291
328 380
95 194
126 346
239 198
76 174
301 11
146 267
157 357
319 237
367 321
65 382
165 336
302 312
270 212
82 145
56 73
225 229
281 182
360 357
216 209
87 291
258 74
57 239
97 308
261 113
279 236
113 313
311 25
364 6
36 39
15 41
245 116
16 313
112 159
33 278
188 395
281 84
372 381
316 246
144 214
49 45
270 400
198 156
177 214
243 85
30 165
23 117
269 65
278 352
384 244
164 125
68 187
11 183
70 166
390 395
167 190
79 178
274 75
125 333
57 156
201 251
205 136
106 299
261 160
239 266
219 382
385 370
17 42
275 179
153 221
107 110
335 131
105 388
277 169
89 314
326 196
89 49
89 374
303 43
136 119
132 60
351 56
74 189
144 209
137 226
311 361
50 46
390 259
387 163
322 150
338 238
363 334
181 75
148 208
79 394
278 4
55 167
311 136
237 256
113 105
44 207
33 67
75 369
359 123
83 182
115 233
166 61
167 293
34 58
69 332
196 347
393 58
80 227
125 232
148 318
18 246
209 167
135 286
325 48
135 48
318 204
128 42
181 393
150 396
22 88
101 216
356 286
98 38
331 325
60 278
94 141
315 106
140 286
113 300
386 372
248 184
241 189
227 322
291 195
54 189
143 279
223 123
8 25
357 175
82 112
151 324
362 250
84 95
15 95
80 215
322 53
194 98
246 145
134 15
114 267
365 38
346 377
279 327
111 177
68 314
130 249
114 400
258 331
262 298
386 340
378 286
325 184
267 86
327 378
63 137
17 166
184 36
315 361
93 39
333 44
34 205
142 384
251 103
177 274
89 335
95 155
280 382
293 324
273 207
205 304
322 11
5 257
384 70
109 317
21 103
352 203
137 97
293 352
59 202
44 231
231 154
259 68
160 118
53 227
75 52
72 381
200 8
286 275
219 89
201 322
389 3
186 169
45 286
380 128
376 188
119 322
44 168
383 195
241 133
222 33
308 364
170 279
6 22
364 340
30 111
213 265
216 395
142 132
50 190
359 43
252 248
289 74
330 232
45 334
253 258
270 132
267 296
166 278
355 313
324 103
79 140
363 312
273 323
384 13
16 299
224 246
62 161
214 252
105 35
77 84
241 348
262 129
175 394
395 285
263 141
129 329
152 183
234 42
193 136
348 171
218 235
108 207
210 259
383 296
183 1
364 215
180 140
99 264
109 250
85 27
204 22
137 376
290 190
10 277
114 386
232 262
94 5
165 306
391 348
175 14
60 182
203 256
205 273
7 375
231 357
181 354
282 144
179 55
239 269
52 25
263 281
206 286
399 183
340 247
108 334
126 303
61 255
288 398
95 105
84 49
122 263
377 19
206 148
30 290
356 363
363 375
355 393
335 203
236 16
265 124
9 389
390 7
175 156
102 288
105 113
327 225
178 350
50 187
39 365
35 109
264 150
249 262
280 67
244 288
209 302
53 49
324 176
150 347
201 95
325 217
298 56
366 307
135 7
260 202
80 137
138 332
220 272
228 255
143 304
250 30
205 397
30 323
62 16
85 248
136 345
338 376
194 253
149 124
337 251
133 41
192 228
137 392
47 289
148 32
172 353
36 259
277 210
247 207
56 75
16 247
159 307
301 95
132 141
382 43
5 78
385 14
179 293
310 399
107 24
391 145
243 65
149 337
373 220
335 182
20 315
338 78
296 351
253 397
201 33
310 12
39 248
119 179
143 346
242 31
382 94
56 33
229 193
339 269
97 177
74 40
96 277
83 111
301 99
55 193
195 98
158 295
249 321
393 397
23 70
15 378
172 258
245 148
205 373
236 388
261 118
228 289
338 256
310 400
181 299
366 226
342 155
23 137
308 382
169 10
178 4
212 269
123 267
378 43
377 13
232 258
78 149
140 25
235 60
246 281
26 182
108 276
279 138
69 90
350 134
347 344
284 185
228 372
182 187
151 41
189 367
42 292
191 23
107 242
376 221
182 344
180 153
125 98
326 43
157 367
49 1
62 116
358 121
332 188
339 383
212 180
173 201
301 196
47 134
213 257
52 238
32 34
315 306
226 280
31 280
169 360
301 375
294 356
138 43
327 337
206 248
257 239
31 316
146 247
395 194
250 278
262 347
311 21
204 327
283 87
142 180
335 220
316 84
84 293
17 7
187 268
94 271
132 65
222 46
333 325
337 55
135 147
395 380
257 11
21 242
220 348
240 390
211 346
141 51
340 297
20 122
335 380
156 199
285 339
347 181
72 175
45 340
113 18
117 63
340 125
192 27
118 50
9 371
61 284
309 315
19 4
149 82
298 122
276 255
343 231
135 314
142 279
61 273
39 266
25 362
49 150
23 208
151 53
65 262
43 136
259 155
9 225
135 275
251 35
239 324
210 339
319 19
264 143
12 37
103 173
359 142
277 176
142 100
96 270
167 254
49 105
117 165
179 110
385 255
357 43
288 253
2 357
89 220
17 383
56 380
265 65
239 2
151 350
253 365
338 50
145 125
270 8
170 289
303 52
389 272
263 73
393 59
245 43
394 237
289 367
397 283
167 178
397 258
73 203
31 14
385 386
77 19
297 153
309 386
338 121
298 350
21 230
395 391
41 162
177 19
361 236
257 250
285 92
112 310
372 207
97 296
168 338
113 338
46 53
19 312
20 296
347 90
157 291
300 316
146 101
48 250
247 312
87 75
42 44
365 292
108 398
98 101
133 239
318 269
208 147
53 347
101 72
61 44
179 300
193 345
337 28
279 240
110 219
284 190
4 190
143 63
335 206
136 306
125 78
94 291
108 70
398 312
309 240
346 187
219 277
282 243
129 223
73 95
260 42
267 373
128 167
284 258
316 131
275 84
314 138
333 21
34 363
78 217
221 125
172 120
235 349
193 390
270 268
62 259
232 204
123 321
390 63
148 240
129 362
311 151
374 257
233 26
123 254
284 51
387 364
268 319
116 187
147 35
349 280
52 238
188 397
261 27
80 74
78 60
221 238
198 180
61 78
393 249
301 292
201 96
68 85
102 83
83 342
266 335
54 378
216 49
5 155
383 104
48 187
380 311
293 102
7 208
169 161
264 151
325 136
133 41
247 268
184 77
22 320
321 382
198 6
32 271
86 100
274 33
388 125
224 7
106 38
194 397
278 257
197 192
11 316
26 311
239 340
23 98
293 101
256 253
158 90
265 222
160 213
291 308
204 7
120 313
32 330
267 393
313 396
64 125
247 283
221 326
171 122
69 247
67 294
351 274
269 85
362 377
325 128
159 353
389 325
59 116
18 366
163 217
350 360
83 10
332 326
30 394
318 9
64 18
123 368
262 75
271 75
325 200
109 153
259 167
276 151
361 9
173 379
110 177
241 372
308 319
18 288
365 308
117 105
261 47
44 55
364 286
263 217
140 139
35 86
293 74
358 184
121 62
257 94
132 361
91 26
187 7
191 127
5 340
331 390
59 296
200 279
341 354
79 317
85 90
373 143
252 29
283 204
317 169
129 66
30 6
233 399
32 220
76 128
284 86
199 376
288 216
267 316
57 123
251 152
356 261
176 232
225 227
345 43
104 320
182 73
279 167
310 145
335 166
298 348
337 306
107 339
72 52
94 297
280 324
85 157
100 291
363 152
118 23
287 171
165 106
365 265
97 1
257 255
35 239
66 152
47 235
290 398
169 214
251 336
368 246
260 382
305 292
250 173
352 117
285 288
319 14
169 385
93 111
324 371
160 164
196 279
4 300
329 284
226 358
269 388
283 262
14 148
166 173
153 333
319 225
288 277
121 61
365 25
357 248
234 369
354 105
185 195
44 171
161 5
99 274
344 259
137 47
352 1
384 135
124 377
271 283
134 102
86 396
40 367
122 57
185 172
158 40
141 267
92 305
300 269
176 388
340 314
265 111
125 244
78 264
201 101
206 394
309 10
159 52
319 289
42 200
125 336
50 314
394 24
201 344
333 123
208 363
130 114
316 193
20 344
23 128
93 154
377 51
124 274
178 364
52 66
239 27
242 184
375 31
134 57
303 22
102 44
60 133
255 226
37 90
327 245
105 160
31 32
140 34
154 169
47 144
58 117
266 317
395 190
125 374
321 234
133 274
153 146
249 187
256 348
364 39
326 347
160 291
384 196
217 35
279 168
341 354
324 274
224 252
28 137
156 330
35 244
261 67
69 272
388 237
83 192
125 369
283 138
53 51
258 216
385 42
77 260
379 48
171 91
263 353
240 396
104 185
137 17
43 195
350 96
18 48
378 313
232 331
341 277
209 8
319 257
113 400
109 176
358 267
286 174
398 315
211 282
65 328
113 110
381 382
214 382
329 276
397 232
229 381
19 234
320 153
64 11
85 244
379 270
392 356
358 212
122 16
301 111
121 335
295 294
206 33
61 126
354 173
32 141
291 116
253 200
168 216
308 263
20 98
307 196
272 188
238 248
93 257
387 231
272 398
100 175
6 321
126 331
208 2
367 200
196 380
362 121
347 63
10 381
386 15
5 395
396 15
218 87
391 40
397 103
287 151
241 309
215 33
295 286
208 227
91 179
160 172
272 210
62 275
244 126
73 228
105 19
304 292
26 213
135 65
344 253
266 320
227 324
188 371
143 306
131 345
363 147
394 360
282 303
61 287
230 163
242 77
255 364
296 280
282 158
90 395
337 300
368 348
292 216
163 132
244 115
36 194
217 296
197 120
352 298
74 38
335 392
97 1
54 297
164 192
182 280
393 352
287 399
381 302
233 256
145 141
199 319
253 126
295 311
103 304
185 299
354 109
241 226
178 328
308 236
334 396
371 103
271 144
288 184
117 56
253 229
73 97
308 247
98 61
122 353
24 217
396 6
313 241
139 24
199 134
239 69
127 392
6 336
173 228
341 168
220 349
50 153
380 96
321 351
309 157
307 249
8 254
238 100
346 18
144 252
282 27
379 84
309 144
293 205
145 118
5 131
180 321
114 318
148 111
80 346
164 177
108 225
58 228
122 233
132 189
287 23
195 385
256 29
118 232
193 179
98 365
78 183
77 3
132 141
343 244
184 339
169 103
124 126
317 115
7 336
271 19
104 27
151 224
19 106
189 269
245 148
331 97
152 348
223 263
107 360
31 272
68 40
171 237
265 340
339 1
241 33
390 281
391 41
217 264
131 147
17 248
305 189
165 304
270 240
394 167
337 304
296 327
357 299
5 51
184 378
332 244
258 258
111 136
211 349
294 32
253 66
49 232
213 142
53 134
36 334
374 296
19 41
55 331
313 238
152 366
248 307
377 176
244 317
377 332
178 46
219 179
344 228
239 110
144 169
208 118
138 81
321 192
336 170
105 361
346 204
232 32
379 125
274 348
182 16
116 331
348 226
28 386
245 188
279 400
237 376
15 214
371 99
272 318
279 150
55 260
148 100
112 134
391 136
173 296
89 86
17 22
352 383
189 88
11 282
395 68
109 394
12 239
326 314
220 370
156 266
40 180
207 217
321 329
262 113
364 335
263 235
40 293
47 46
312 22
14 49
245 183
199 38
188 76
130 327
241 272
20 127
86 170
353 331
213 375
291 359
91 73
58 183
229 149
368 85
162 195
229 356
200 182
221 293
263 186
76 56
283 154
34 40
343 2
68 352
324 320
381 117
362 180
243 109
384 243
326 81
101 340
267 375
301 15
28 11
107 187
224 295
220 14
191 333
387 330
394 222
188 125
54 101
296 312
3 367
38 150
356 164
306 110
167 36
116 355
296 158
94 336
149 52
139 75
254 15
310 235
205 336
37 198
54 125
159 236
152 110
170 388
147 254
191 5
127 6
140 168
299 289
381 112
94 271
74 373
45 107
372 259
370 291
396 1
68 131
245 61
297 388
216 395
249 43
219 299
256 319
319 213
118 35
140 391
379 37
125 79
170 368
237 194
255 68
123 50
241 192
174 388
152 42
78 364
29 141
131 304
246 282
393 124
372 60
309 140
372 311
276 119
258 387
333 80
222 191
188 141
208 271
250 148
46 196
241 149
53 304
336 8
11 351
147 329
366 379
314 146
207 369
53 63
319 368
355 353
103 220
289 163
179 295
78 330
369 36
392 340
275 358
137 322
266 146
106 345
111 211
121 136
368 248
178 21
388 45
287 373
231 309
5 11
172 291
360 75
213 116
224 248
88 317
218 335
399 138
120 98
52 309
267 48
252 115
87 210
275 57
53 306
78 330
257 148
29 375
148 310
230 65
327 325
62 338
261 349
180 52
361 356
301 353
376 2
250 297
19 139
112 394
360 240
292 119
21 379
226 286
298 396
266 285
342 97
186 40
391 288
134 61
282 130
140 343
43 231
202 87
117 237
227 137
235 84
305 299
231 335
374 347
251 372
266 228
329 232
35 238
225 190
161 138
66 24
87 20
14 400
117 344
345 234
103 161
215 130
68 82
377 201
102 194
373 141
190 153
324 11
386 346
361 196
276 41
73 293
146 117
88 17
261 343
210 160
310 44
259 318
339 82
333 57
226 367
101 182
240 34
18 277
254 71
330 85
285 30
264 198
60 133
289 336
8 120
69 112
70 145
230 32
31 78
78 379
387 14
106 17
262 380
373 39
314 311
141 57
173 367
323 64
43 326
389 122
290 62
60 264
101 240
265 78
288 227
98 124
288 240
234 354
334 263
241 368
374 27
75 179
173 245
165 213
306 268
205 75
307 365
216 289
177 17
34 153
288 264
393 230
115 100
12 190
202 65
120 267
254 226
186 261
246 195
231 29
309 73
322 390
162 275
224 305
131 96
255 251
105 12
365 313
205 103
360 86
382 232
258 202
320 310
198 351
34 9
9 126
24 4
8 399
3 193
312 29
256 95
213 37
342 54
12 88
245 294
111 120
28 248
48 329
350 188
265 213
191 180
160 158
7 276
339 58
316 299
69 326
12 48
26 275
388 129
328 371
100 292
391 376
398 280
134 286
384 5
281 221
7 274
65 66
17 94
181 114
215 157
296 266
378 395
140 204
118 139
66 229
295 40
115 349
334 255
382 24
78 109
67 253
308 194
294 297
331 148
55 285
243 361
283 235
365 372
71 35
28 354
295 131
187 379
247 313
296 213
150 230
339 201
33 231
382 203
377 96
288 2
374 54
110 304
3 11
365 290
234 45
299 34
335 221
363 91
389 245
129 321
202 268
284 235
11 144
326 200
280 205
202 323
302 290
114 296
152 231
311 96
373 121
325 336
128 84
41 366
42 280
230 254
75 271
233 152
362 90
176 230
8 293
283 165
95 236
368 272
55 247
397 97
313 219
313 59
119 181
397 254
179 360
354 46
365 91
398 32
67 332
332 278
269 25
375 46
324 320
380 128
225 143
192 82
395 118
245 330
222 173
305 26
157 356
147 362
43 141
62 68
122 393
195 107
111 377
393 29
323 190
227 113
400 120
334 289
228 237
295 23
143 312
22 20
267 199
334 40
233 148
112 178
27 136
66 95
175 241
178 38
86 81
20 63
131 157
287 46
53 361
110 198
88 242
135 241
243 177
302 302
358 317
20 210
38 333
114 105
61 238
219 172
276 122
398 203
13 112
59 398
54 64
68 215
139 206
164 62
26 327
393 12
322 109
114 345
198 327
148 123
211 159
357 160
82 287
102 299
231 109
390 318
300 140
93 202
294 168
333 317
361 27
182 138
285 50
193 14
319 113
12 195
235 93
299 353
69 261
394 343
307 56
340 395
345 213
316 395
46 303
123 322
30 275
72 223
152 257
315 325
120 257
69 225
4 56
352 21
320 18
141 277
92 22
74 282
302 272
243 2
37 91
310 325
270 285
225 93
141 120
399 257
293 190
341 382
373 251
58 227
84 207
287 51
380 179
367 168
155 223
135 79
51 223
80 8
291 135
191 234
87 22
114 159
169 95
138 376
300 243
341 95
373 218
16 173
222 117
209 229
205 71
383 224
151 49
172 342
115 42
335 319
79 151
340 332
197 174
187 253
335 145
84 229
101 359
254 29
18 281
25 389
336 182
249 173
296 137
390 72
120 196
11 98
242 124
10 40
113 188
2 39
103 335
285 266
123 353
125 202
300 290
191 284
72 136
53 119
360 258
103 67
97 311
290 26
278 257
160 100
304 182
143 6
337 345
253 353
233 395
121 135
242 279
242 86
218 318
107 57
339 345
101 292
150 284
89 93
18 338
46 304
67 381
397 178
146 36
371 174
236 207
26 334
160 189
337 376
358 24
356 160
130 240
89 381
306 225
158 321
66 64
339 181
386 29
256 31
253 38
126 155
137 81
371 59
149 70
332 134
63 167
303 102
140 122
215 225
327 124
209 333
219 394
104 110
120 144
180 319
191 155
96 276
154 300
133 235
34 247
356 215
37 20
257 109
171 336
116 146
342 347
141 352
363 144
377 260
77 338
115 101
236 151
57 396
330 88
148 204
121 104
215 190
148 286
222 161
141 118
359 262
37 205
376 341
158 160
83 40
2 387
23 333
153 254
245 15
22 368
162 23
163 120
184 234
168 14
365 33
230 281
343 54
350 18
396 235
40 153
174 167
329 370
76 138
49 390
301 140
388 348
1 347
139 352
359 164
131 39
252 168
296 153
130 193
248 133
48 344
28 216
245 362
217 287
255 124
104 248
81 338
96 294
294 271
308 385
383 195
6 76
98 185
203 141
284 57
23 238
146 2
229 162
91 27
207 154
195 81
395 250
188 49
243 143
184 387
196 70
334 105
244 193
389 304
335 169
246 9
47 245
272 371
316 239
105 394
53 233
116 374
49 233
193 359
143 217
77 190
145 333
298 256
46 350
217 308
381 352
163 306
220 388
288 138
132 378
305 358
392 182
344 65
9 272
281 35
297 219
216 58
398 350
334 40
88 321
147 151
56 75
236 177
80 86
348 170
78 330
35 400
85 96
115 125
318 381
20 3
379 89
232 110
127 369
346 131
3 278
259 338
38 101
192 251
130 351
247 395
290 264
174 83
47 81
359 392
22 366
135 349
279 79
269 61
341 243
204 249
215 148
101 239
230 173
91 228
57 361
122 344
60 198
319 279
209 94
329 184
176 376
17 298
253 250
343 16
78 151
92 24
158 272
154 265
149 282
303 337
187 266
245 205
310 165
284 35
156 32
11 152
296 66
205 235
10 210
375 36
102 111
265 242
138 371
356 153
303 140
195 245
9 315
357 134
392 79
331 141
38 377
321 310
5 349
237 88
3 84
170 350
55 271
362 383
367 235
60 262
91 205
374 182
75 211
257 28
5 382
16 257
369 232
28 161
156 123
392 390
73 387
62 263
138 363
68 54
150 280
264 135
94 19
266 90
48 338
64 53
304 243
59 105
31 102
267 351
183 85
250 47
43 309
150 254
372 319
263 104
181 197
45 216
43 182
124 247
147 167
33 248
124 21
301 165
133 327
191 400
224 400
259 184
163 31
178 5
382 146
258 383
192 97
304 309
203 197
43 151
286 236
149 12
220 20
93 59
83 94
101 292
267 271
383 161
380 249
288 227
264 301
261 170
80 93
395 149
263 251
125 176
346 254
20 13
267 1
311 42
16 358
281 259
237 350
19 253
386 97
126 114
184 285
180 187
290 369
249 84
90 124
304 369
349 282
266 288
317 76
256 291
323 271
152 230
95 350
247 201
377 304
303 354
348 395
145 217
238 60
276 240
36 278
375 91
76 16
272 180
173 316
70 182
106 153
25 176
209 167
361 144
181 140
134 256
324 59
227 74
24 134
159 64
156 287
395 62
284 130
38 152
244 24
399 39
388 356
329 60
267 169
184 56
317 220
130 143
78 383
324 208
99 35
385 308
349 342
175 57
326 228
189 313
21 377
170 130
374 189
61 157
379 399
321 192
38 149
308 308
11 285
64 283
165 41
319 187
56 349
294 200
197 335
107 134
74 394
278 356
297 366
48 26
170 184
47 268
171 8
319 82
130 365
18 121
103 74
222 394
137 215
387 73
9 94
135 179
257 199
199 42
154 31
142 163
34 89
266 48
125 314
373 19
393 253
162 288
345 28
387 232
42 312
220 369
345 213
30 222
110 273
335 140
389 124
397 269
324 370
156 14
96 353
173 74
231 334
142 50
203 6
143 43
56 179
215 52
354 218
52 20
382 68
208 392
18 268
51 300
17 178
128 190
349 340
163 30
311 206
313 57
120 180
202 95
115 78
97 151
208 274
237 302
96 170
314 265
73 242
132 329
96 350
243 87
333 217
155 40
132 107
366 76
204 167
57 209
399 18
344 209
93 69
120 288
352 329
339 371
203 238
147 374
243 252
355 56
294 320
203 350
259 390
138 156
239 26
98 137
329 342
333 213
80 231
190 193
89 302
299 246
6 182
54 303
261 102
107 266
120 71
125 52
230 317
65 104
109 221
166 258
174 93
22 81
134 158
269 113
52 151
307 233
300 335
28 189
136 381
323 239
141 41
385 303
393 376
57 278
51 203
160 305
310 229
145 91
152 67
281 165
380 256
93 260
45 309
90 241
287 158
311 176
8 322
94 70
145 291
244 181
73 122
389 344
385 201
290 93
327 36
273 390
222 145
155 171
398 89
319 244
285 66
107 135
139 337
93 345
140 398
323 76
218 371
158 370
289 199
215 386
275 292
58 289
297 122
208 33
236 354
212 341
392 100
343 339
399 348
208 102
185 175
58 66
159 290
184 381
232 247
55 214
261 84
160 104
326 180
108 62
310 340
128 234
295 154
234 227
354 86
58 50
376 116
1 148
283 300
264 393
18 395
374 110
386 356
386 118
168 280
253 197
140 330
184 168
275 83
35 93
117 384
231 134
16 256
125 36
280 279
26 230
92 267
92 179
58 253
34 388
118 215
253 310
77 324
7 227
333 18
343 109
245 5
1 383
397 320
371 152
13 153
277 310
107 266
205 259
76 284
315 77
233 17
294 189
277 170
281 165
257 88
104 220
22 278
61 76
314 219
145 276
257 202
21 119
283 128
165 103
198 133
118 163
380 54
286 117
100 283
345 296
360 79
331 363
252 293
91 128
59 390
218 280
201 314
68 317
260 304
230 28
185 114
129 152
112 295
101 152
207 204
300 9
375 191
271 197
358 98
168 250
33 215
77 44
336 37
188 311
109 248
4 313
304 322
2 275
138 358
391 173
287 166
159 341
168 260
165 165
204 166
281 185
368 193
121 122
140 278
8 75
140 177
205 261
117 126
257 319
375 192
139 148
160 130
330 215
335 242
29 30
175 122
297 347
35 389
190 96
262 257
163 374
213 310
197 332
371 243
266 356
349 330
8 328
393 389
175 38
152 247
152 279
183 283
161 115
20 341
344 169
236 24
373 190
56 122
339 82
338 260
178 183
199 89
195 53
366 138
9 83
201 61
13 126
92 251
192 155
202 389
54 137
76 343
366 372
285 179
89 57
173 8
335 281
180 97
193 42
199 97
215 185
96 323
138 87
118 397
395 170
378 335
269 313
133 365
190 104
329 400
301 199
49 383
61 326
322 57
329 284
109 247
162 8
142 387
175 34
68 313
115 330
277 398
192 105
333 220
260 306
180 310
289 315
37 86
194 11
391 27
352 400
349 179
90 339
311 156
90 336
38 103
68 190
183 313
76 155
335 382
291 110
185 61
200 326
397 312
34 264
305 96
54 171
318 303
156 151
280 16
262 108
50 84
368 131
144 387
189 263
6 111
396 284
381 257
69 136
54 185
321 98
84 167
86 113
22 336
131 256
275 63
110 102
378 252
185 86
260 115
189 361
178 175
42 71
221 218
160 61
312 320
167 164
70 273
27 212
107 385
388 292
376 68
287 168
307 78
20 111
363 307
37 15
50 235
147 276
42 302
4 270
213 332
248 178
264 71
292 379
189 15
367 188
320 109
339 127
238 207
7 13
306 102
294 15
372 211
94 325
206 327
211 122
24 98
323 295
286 376
245 340
140 173
97 92
300 337
222 216
183 10
202 83
65 156
302 351
181 374
343 164
61 206
342 67
237 256
378 236
322 246
186 88
58 148
152 78
303 43
192 356
94 117
369 201
100 385
290 172
180 115
91 208
317 135
294 153
352 283
221 289
154 358
163 389
292 236
220 240
400 306
266 47
11 123
6 21
265 150
365 225
194 83
166 69
40 397
323 256
356 286
113 139
96 247
235 363
271 292
325 139
358 293
361 128
114 325
319 238
39 385
324 102
332 332
352 62
75 346
61 167
155 28
114 337
114 32
303 94
395 113
221 220
78 326
191 267
213 357
9 145
28 1
45 46
236 164
173 376
263 223
161 348
50 362
121 335
101 174
293 350
259 285
229 12
315 298
272 256
344 283
178 15
333 300
393 106
387 341
255 24
373 139
183 262
168 136
80 7
158 92
45 146
67 69
177 384
335 135
168 33
56 82
389 123
257 287
399 182
393 5
210 221
348 3
106 133
191 273
312 197
317 178
324 379
160 90
103 341
25 98
14 241
68 1
279 220
95 289
375 252
166 190
345 370
168 77
178 208
227 60
26 142
247 120
131 362
246 121
397 185
219 292
374 187
371 219
10 10
286 60
252 4
390 255
320 25
108 62
257 356
168 170
315 336
59 247
90 311
51 64
348 113
167 250
225 282
102 328
53 311
29 154
4 79
37 372
318 318
341 239
161 33
48 303
253 324
194 159
317 113
272 314
190 147
102 264
240 105
285 383
262 267
323 205
283 373
205 254
356 71
358 262
165 257
8 158
310 61
159 252
2 382
183 395
135 144
346 18
127 341
393 177
377 335
307 237
350 23
164 209
381 134
83 9
29 235
162 281
244 377
183 84
175 43
138 180
243 362
251 221
298 109
188 232
181 13
343 355
267 356
240 324
336 189
240 76
225 57
179 213
297 87
166 298
318 238
258 91
281 70
185 122
398 36
54 250
120 73
216 347
22 122
83 33
217 45
147 395
48 209
394 111
137 322
397 390
400 393
177 221
383 198
38 273
208 301
189 363
132 126
200 164
382 149
239 299
237 217
166 126
218 229
148 324
143 339
38 260
92 172
114 335
281 179
115 284
168 113
103 173
387 47
80 134
311 8
261 38
241 84
102 146
323 226
91 224
295 390
276 373
84 230
382 286
381 33
286 335
222 164
115 6
115 207
182 19
73 223
3 194
246 221
276 365
338 319
165 18
306 237
249 37
394 352
297 54
238 100
350 77
104 339
190 141
398 278
149 64
96 400
316 228
129 200
59 93
208 179
185 76
185 320
380 287
154 233
343 246
84 66
324 212
371 23
103 373
38 393
161 171
381 40
326 340
51 238
67 43
116 34
93 274
384 220
313 277
343 30
321 203
400 281
359 345
321 56
344 32
302 260
54 69
283 213
65 73
201 69
320 351
35 62
134 300
300 338
61 91
157 93
372 307
155 312
365 370
286 362
326 348
383 232
374 195
350 280
317 273
387 91
145 224
257 149
352 204
47 200
103 62
337 42
103 47
320 45
279 207
131 128
188 7
360 46
9 341
394 150
97 355
92 172
158 249
199 110
111 92
186 252
231 317
66 364
323 47
45 142
209 209
147 181
212 291
107 99
62 148
27 175
49 215
329 101
287 87
370 315
142 217
178 74
102 101
85 397
321 31
338 269
37 264
77 230
154 100
329 62
148 366
85 156
46 47
100 333
338 12
84 398
31 174
235 272
195 333
251 157
102 146
395 354
356 232
103 198
309 340
20 307
212 126
37 351
2 349
197 126
55 228
264 36
114 110
103 130
352 277
208 387
275 80
79 188
36 6
6 104
21 265
224 379
367 172
94 287
34 386
348 227
219 360
272 295
2 258
230 352
208 63
104 399
243 231
2 338
341 184
21 102
110 45
34 293
257 230
231 292
28 189
99 299
292 314
224 341
146 45
285 86
285 138
248 326
368 275
284 294
298 116
34 77
205 242
201 252
274 184
373 83
219 130
16 256
326 215
365 67
42 131
7 115
200 96
134 144
111 11
13 105
306 395
239 53
84 287
369 155
355 389
268 16
131 42
38 317
175 359
327 130
116 69
177 182
362 235
311 206
385 283
44 399
254 3
329 77
13 352
256 298
316 246
338 103
68 34
29 266
268 101
389 325
150 313
143 185
2 256
249 122
81 158
377 145
115 251
169 379
221 264
51 185
131 213
257 59
205 27
388 221
179 292
155 198
276 243
113 242
216 298
159 336
277 174
37 84
182 340
354 6
195 41
150 219
366 164
137 259
8 268
384 365
130 334
48 74
398 67
307 37
352 170
331 77
35 240
51 244
75 303
395 247
246 103
284 18
230 58
215 18
188 171
199 75
16 61
321 290
146 175
109 301
36 49
58 282
316 264
387 399
357 354
15 227
170 204
227 330
251 361
100 82
37 385
128 40
50 175
26 73
214 204
355 211
37 43
249 151
302 195
251 267
156 354
299 13
395 285
377 313
153 138
209 73
398 390
237 162
344 37
188 348
195 287
236 16
45 155
180 32
238 160
80 299
13 385
318 202
146 343
307 185
331 189
246 149
284 350
244 366
400 18
19 381
27 232
235 193
277 208
334 182
63 286
185 147
347 277
208 359
339 147
305 186
131 9
123 146
22 378
87 126
188 168
297 148
384 218
363 69
209 352
248 1
274 276
75 27
378 157
163 323
141 134
282 9
321 229
194 157
1 11
215 224
211 107
206 63
134 316
116 163
43 335
320 101
385 341
143 114
345 179
324 323
88 170
359 259
179 13
74 214
221 301
275 316
213 229
314 160
197 150
160 187
122 314
277 42
283 168
104 201
245 361
92 285
155 211
328 46
223 152
366 381
235 64
373 275
283 272
102 56
384 89
51 370
341 394
137 283
44 250
145 334
310 46
322 149
62 135
199 28
268 16
227 371
284 207
8 102
105 77
302 229
353 4
122 37
132 290
393 4
117 269
22 216
330 8
315 216
385 255
264 62
311 21
141 45
164 158
83 220
213 288
37 51
27 122
194 128
221 292
1 363
355 66
187 192
105 292
314 53
277 165
277 200
273 311
201 355
232 104
314 219
237 122
186 119
318 356
15 2
23 358
127 20
70 8
66 21
336 13
290 146
270 115
245 81
281 54
143 201
128 93
64 172
243 60
242 74
185 244
343 380
338 328
58 361
44 209
239 23
94 324
112 160
40 180
81 278
314 58
25 117
167 189
348 100
309 310
152 102
16 242
303 179
352 363
185 153
328 7
164 147
39 243
63 156
181 196
223 161
357 69
156 277
60 364
149 158
91 41
347 187
360 108
83 376
271 63
318 129
309 318
165 136
383 19
210 118
128 297
142 246
268 190
112 226
278 229
219 153
260 363
139 238
347 293
249 41
43 372
116 88
392 87
16 224
303 179
337 355
50 120
299 262
107 88
210 245
245 31
67 73
21 354
170 8
261 269
285 327
93 23
358 343
146 295
247 341
27 259
223 9
288 358
228 11
332 178
325 340
112 167
20 73
76 194
84 319
285 253
300 286
393 103
249 42
66 194
287 129
259 356
192 135
210 209
11 22
116 320
207 204
124 81
127 99
288 174
266 196
165 219
251 230
234 285
104 185
277 207
134 366
69 125
241 221
347 316
230 118
128 234
366 309
53 267
328 279
94 329
196 128
71 227
371 348
270 363
343 228
1 208
355 112
227 26
365 263
374 270
216 59
16 292
173 107
234 49
80 299
330 315
370 132
17 149
33 299
200 212
367 63
319 292
117 182
14 200
232 119
148 116
392 223
133 308
57 19
70 57
194 383
183 54
239 252
127 61
14 167
291 386
395 135
77 318
174 274
35 182
76 148
286 358
229 182
237 189
396 195
27 146
284 263
46 172
50 231
371 312
114 392
197 81
208 198
137 327
212 11
160 275
368 66
69 134
145 217
10 340
196 351
15 211
45 7
4 286
222 234
141 324
109 192
196 66
76 25
348 282
365 362
61 166
237 43
36 34
257 107
1 247
266 340
377 170
278 192
333 290
276 234
234 358
285 327
335 113
397 363
165 256
339 6
371 363
347 20
247 35
75 30
60 353
301 172
268 97
360 154
155 95
40 110
223 79
37 258
200 360
29 53
174 384
98 336
100 133
19 256
379 108
25 12
228 254
179 318
215 44
300 146
194 399
245 116
370 140
316 286
321 221
259 156
33 165
318 97
133 99
36 161
391 343
335 217
270 370
51 227
341 292
201 120
247 340
135 157
201 351
347 160
120 385
321 270
207 307
308 232
335 308
378 400
214 67
320 74
266 136
335 220
293 113
331 360
350 49
363 383
6 126
82 65
141 258
207 294
28 69
324 115
160 307
79 384
180 294
335 52
54 202
288 339
11 294
279 173
162 29
40 277
380 35
74 217
304 268
318 261
390 101
296 294
372 96
265 289
269 129
246 226
231 244
306 243
119 239
364 163
65 394
291 211
207 359
139 121
52 211
75 390
128 277
80 230
213 64
389 90
306 175
267 342
5 320
225 213
51 35
276 36
299 143
263 275
39 94
128 377
140 400
236 365
141 147
168 138
295 194
247 223
313 232
24 111
184 388
306 380
323 257
167 302
52 399
225 209
120 53
343 301
39 170
117 312
122 316
266 335
90 143
272 251
104 232
324 8
397 117
259 194
123 372
111 216
368 292
240 243
227 266
124 229
87 84
35 362
95 54
14 125
72 332
293 64
174 363
331 210
108 372
241 251
378 30
119 255
350 230
14 369
328 260
234 211
292 269
321 97
19 80
234 204
172 18
354 234
312 386
354 200
187 313
274 170
290 211
324 205
91 50
399 51
249 126
353 151
150 110
390 163
168 114
198 237
329 110
32 156
330 103
391 255
63 85
140 123
25 141
333 239
208 244
316 285
213 113
132 20
124 196
362 224
273 398
381 126
138 183
65 80
222 139
46 396
352 237
95 369
222 133
149 35
387 157
245 375
150 382
100 236
13 40
104 308
331 324
170 322
278 239
1 73
58 50
25 16
340 19
38 206
151 192
43 331
385 35
305 217
307 301
389 115
191 65
368 133
390 23
278 342
112 128
310 42
342 166
278 142
215 287
277 23
93 249
341 44
119 154
386 270
167 168
356 173
210 170
221 344
366 396
385 185
8 272
182 41
269 39
362 127
197 345
195 279
30 291
359 346
45 135
337 10
183 120
397 251
367 242
374 258
163 270
234 66
77 307
360 248
220 342
342 48
337 29
346 278
190 380
387 188
67 257
64 92
380 230
128 253
292 42
305 19
340 187
17 28
208 236
347 90
25 117
171 90
254 267
77 321
309 338
201 345
266 96
144 262
109 153
39 263
261 265
283 329
6 364
398 297
251 275
99 41
333 200
317 71
123 176
96 353
45 105
383 219
86 125
36 322
263 26
133 152
253 378
242 219
293 364
321 45
181 207
51 177
164 322
315 184
295 139
12 352
30 308
150 206
329 35
78 259
307 61
172 77
203 264
377 90
46 280
129 177
256 251
79 379
275 37
17 269
80 349
258 122
101 330
47 192
301 33
35 244
209 120
290 105
114 226
56 122
206 64
298 17
287 28
180 121
337 89
23 309
320 12
224 9
347 369
304 326
251 70
345 218
175 83
41 261
232 221
135 174
204 214
322 377
15 217
207 105
106 192
302 177
349 314
258 298
365 387
153 65
261 213
378 91
361 183
270 197
79 71
1 112
249 6
240 8
101 62
178 335
296 103
62 232
144 91
89 300
70 346
25 16
173 140
372 170
227 321
347 270
78 232
382 74
248 226
175 2
370 222
59 365
311 174
224 91
2 340
244 322
400 86
212 94
163 240
330 257
364 350
311 203
9 264
229 211
270 204
83 204
310 30
305 378
330 201
258 350
50 389
352 383
328 273
276 367
387 167
150 309
132 268
102 250
362 349
33 235
103 43
199 32
57 344
23 288
82 268
110 82
83 260
190 139
395 48
194 225
144 333
180 82
181 369
181 54
170 131
150 346
346 352
51 268
307 257
93 217
104 286
25 50
234 125
281 179
169 296
224 142
380 296
318 297
192 179
176 145
80 214
182 167
316 109
80 337
139 210
140 123
152 156
258 213
330 241
218 311
107 256
178 76
132 119
103 53
78 377
277 396
334 217
51 47
138 291
296 51
238 71
70 81
252 264
315 169
338 14
107 93
138 278
286 4
272 193
190 228
2 265
148 363
72 153
240 165
398 136
19 292
114 10
118 344
47 161
310 39
7 252
364 201
88 194
34 274
129 165
323 338
303 262
313 127
134 288
153 1
44 392
75 80
25 235
43 24
303 200
110 4
388 31
303 381
66 164
244 351
261 352
143 128
306 376
86 111
250 202
130 346
244 13
30 58
65 119
40 233
107 209
44 293
92 381
43 305
150 381
144 168
289 399
346 19
93 341
260 327
243 186
263 300
268 35
394 372
132 39
68 188
78 102
196 245
62 98
8 56
265 152
170 152
218 78
156 185
85 391
1 327
276 307
295 128
250 269
378 229
350 12
71 138
112 54
377 168
95 205
278 329
330 275
179 19
129 90
45 106
242 288
27 396
82 230
209 333
364 362
117 165
322 387
169 322
61 280
155 390
308 302
264 356
131 366
108 319
162 385
168 256
386 370
54 370
1 105
23 113
157 319
74 47
285 34
36 65
333 292
331 343
304 4
97 144
54 54
287 161
109 359
226 38
26 248
29 272
77 214
50 100
239 179
189 322
256 304
311 356
137 309
320 316
157 201
384 262
119 30
369 40
212 394
256 215
142 311
19 136
186 355
379 186
81 70
176 223
167 124
32 224
237 193
388 373
266 4
96 109
264 21
328 149
400 390
113 45
134 21
381 132
156 315
279 104
256 77
136 351
226 219
371 276
265 169
220 146
244 362
293 385
324 226
250 288
239 99
315 39
389 261
102 253
125 365
83 204
210 219
53 4
16 278
262 226
179 116
299 200
7 347
7 23
88 349
88 342
341 137
19 130
343 153
76 129
7 222
164 308
245 7
76 333
239 371
395 303
182 184
233 262
131 300
216 372
30 264
322 273
272 16
396 113
30 221
100 325
52 160
232 222
223 252
125 27
45 84
223 152
333 316
35 216
248 207
395 61
315 360
166 250
192 117
377 333
184 239
212 351
157 29
358 367
388 305
351 161
101 44
355 215
339 22
257 319
160 184
218 279
126 326
141 124
82 188
388 104
114 297
385 168
17 276
377 310
226 48
12 386
398 289
18 185
258 182
349 309
140 349
364 204
246 97
347 383
189 394
101 283
198 90
48 84
315 283
114 17
153 7
32 5
44 27
245 26
43 280
116 104
243 393
271 1
129 265
169 159
165 334
240 108
275 223
139 195
99 185
358 246
98 279
204 367
7 57
227 386
55 156
65 319
178 84
84 328
14 164
168 61
54 21
171 45
173 94
36 177
239 125
285 4
302 334
153 298
208 383
360 164
391 334
372 12
71 124
37 272
170 246
263 182
398 80
195 216
266 85
325 14
15 42
53 399
81 238
315 357
254 15
129 65
160 5
300 295
150 271
186 120
91 342
120 228
335 161
19 131
334 394
353 180
210 112
133 322
231 345
56 243
384 208
298 276
320 38
191 288
239 75
7 383
290 223
370 23
88 10
336 41
308 396
29 270
305 85
301 296
31 170
90 261
185 52
222 200
158 43
268 399
324 315
218 303
97 384
224 355
162 96
80 243
264 221
320 329
136 76
118 205
164 98
21 54
395 219
335 341
286 226
372 79
295 246
137 77
83 310
37 224
43 289
55 292
355 87
38 130
42 369
305 84
336 379
162 175
324 60
49 249
265 89
126 153
254 299
338 212
219 163
139 287
58 74
21 164
117 37
261 103
280 298
21 4
384 278
250 8
93 89
369 262
149 37
364 332
396 54
81 349
289 238
225 247
61 216
314 47
127 197
385 100
244 371
76 113
81 393
393 47
140 203
294 309
395 53
367 397
89 202
360 48
321 366
310 397
281 110
337 241
71 342
177 50
178 207
329 126
124 277
143 291
77 21
194 327
133 365
333 399
254 385
196 398
255 76
220 255
149 70
330 198
180 85
151 217
30 59
62 370
313 93
144 304
236 229
393 133
152 98
58 8
63 216
3 106
354 174
15 398
334 387
383 261
295 241
260 192
125 322
193 228
341 182
341 236
81 350
345 1
325 61
3 209
358 306
223 378
56 238
383 104
264 373
11 226
268 229
238 96
131 177
144 101
373 96
258 103
292 395
98 383
164 317
18 192
305 357
398 383
395 4
370 70
377 364
24 4
342 267
31 271
205 342
171 167
86 84
232 365
213 6
292 103
138 56
228 235
297 199
383 215
365 93
306 103
265 244
163 141
13 81
240 42
371 136
142 322
380 4
399 208
267 48
105 26
146 147
198 64
207 382
284 126
277 138
247 8
115 91
130 280
355 63
351 21
378 190
113 163
353 267
164 31
35 293
30 297
234 383
208 205
245 18
72 309
174 190
268 226
389 55
73 66
241 102
306 266
222 280
226 333
231 28
219 60
28 367
169 129
206 178
76 22
108 131
90 209
139 360
309 19
114 286
61 130
256 194
17 396
394 348
181 265
243 317
251 174
264 300
10 61
238 222
135 376
394 374
174 96
363 259
81 267
209 123
288 199
103 167
167 353
381 145
276 372
51 132
394 343
387 383
379 291
397 230
323 320
206 400
125 376
247 183
210 29
60 176
339 159
304 36
208 31
35 207
361 84
16 63
397 307
296 227
375 100
68 309
162 239
243 245
377 182
143 113
82 36
127 110
330 398
297 185
142 111
79 275
80 397
117 216
73 224
384 357
239 189
86 285
182 49
39 321
210 390
202 325
135 131
113 13
363 252
291 41
239 281
216 96
128 81
400 44
73 276
201 104
392 397
141 229
95 43
67 398
156 205
89 261
264 179
372 218
204 262
273 398
330 164
371 223
198 223
87 111
47 66
354 31
163 93
381 92
317 248
219 149
222 148
394 97
342 158
163 94
343 89
111 361
172 71
103 396
185 117
136 396
45 3
291 392
250 19
238 120
384 388
133 340
276 258
251 163
10 356
257 259
108 31
217 120
113 320
61 107
214 24
48 322
303 93
255 256
161 12
16 240
294 109
42 387
220 263
148 360
182 226
205 180
53 374
103 350
383 158
205 374
154 363
305 216
164 181
346 102
81 1
89 341
178 198
267 387
359 400
219 69
158 109
63 268
252 50
31 124
298 108
67 331
87 205
111 393
282 212
91 327
362 98
396 153
235 124
162 4
134 183
320 284
59 201
109 261
366 331
115 165
181 63
109 340
279 240
68 114
341 12
347 166
345 167
9 213
211 40
46 239
119 370
71 338
139 193
111 224
254 381
138 321
31 123
359 5
394 251
128 26
85 379
158 103
348 80
168 93
198 399
372 343
371 236
3 101
252 386
260 102
285 321
91 287
159 383
119 45
327 342
264 74
327 58
282 276
105 65
248 60
122 358
238 114
334 263
181 15
56 370
32 384
358 204
82 62
301 38
23 240
385 226
176 377
87 225
328 182
35 64
305 12
345 36
184 190
176 328
5 324
85 176
274 361
91 289
355 84
387 364
375 115
332 17
390 111
288 331
352 107
135 140
138 363
101 329
136 122
118 200
210 330
49 104
40 209
334 37
98 291
53 199
209 85
197 172
337 265
50 238
380 343
58 79
313 26
138 259
85 25
328 339
226 61
183 43
332 122
296 27
387 73
197 173
360 20
349 344
184 364
367 143
182 203
371 101
107 137
268 168
289 349
305 178
302 213
85 33
312 192
360 334
241 213
94 242
381 235
98 217
346 70
52 240
390 15
299 259
269 164
181 177
279 340
25 250
246 395
96 362
117 234
150 267
87 76
64 128
275 171
72 319
255 383
6 175
111 150
74 255
83 369
313 5
256 105
262 60
233 382
352 244
199 23
194 231
133 113
390 385
228 242
336 342
298 271
131 199
364 354
215 109
55 230
67 199
283 14
34 226
304 31
210 74
279 296
314 318
30 68
68 65
64 255
388 220
363 305
74 133
366 263
233 381
396 2
191 150
207 78
95 252
68 297
222 375
225 2
348 334
320 132
69 394
159 207
254 283
84 135
112 83
229 291
257 216
251 325
205 194
29 217
283 250
232 157
150 316
78 61
383 347
276 158
299 177
55 142
219 238
124 27
333 358
258 328
326 133
270 247
271 388
343 59
306 166
314 86
266 34
66 96
62 69
326 395
53 87
129 259
350 227
24 80
272 108
67 269
232 388
10 238
159 237
278 151
360 385
321 214
388 254
125 371
38 5
347 218
217 248
99 45
287 78
381 235
316 251
292 153
170 357
307 166
264 244
13 381
330 370
270 370
205 362
373 238
16 241
317 357
113 238
32 327
195 287
303 382
388 316
127 286
