40
960
34 35
13 13
38 32
10 15
6 39
15 18
33 3
11 36
36 3
36 15
10 15
1 29
6 4
38 7
19 25
4 9
22 21
23 4
7 37
19 12
16 35
19 35
4 20
4 15
40 26
23 30
10 38
29 37
18 20
36 10
18 11
22 38
28 30
38 23
10 33
21 40
1 18
20 14
34 33
7 20
12 23
7 32
24 12
39 31
35 13
20 34
35 20
3 11
38 14
16 18
13 4
39 30
15 16
6 6
13 29
24 20
15 32
12 40
36 28
12 9
17 2
32 34
30 5
34 19
27 7
8 5
24 33
31 34
17 39
6 31
15 8
20 9
12 28
20 39
39 14
8 15
1 38
16 12
24 11
31 22
38 20
18 20
4 5
26 18
28 30
10 33
25 3
15 8
4 9
17 4
27 12
31 22
38 24
12 18
6 22
12 25
27 32
34 16
15 12
20 19
27 3
3 37
15 39
30 18
13 12
21 2
14 18
16 22
39 30
9 18
28 23
29 20
5 12
36 5
32 21
27 8
21 39
37 10
24 5
40 19
40 21
26 33
21 20
33 40
40 21
12 1
6 27
10 33
28 7
6 5
38 6
16 11
13 6
26 30
11 24
32 14
18 1
13 21
35 38
40 16
33 25
2 37
30 25
5 26
37 21
31 13
11 25
1 26
9 11
9 27
18 18
39 36
36 21
9 22
2 2
28 6
28 40
32 34
31 31
38 2
38 40
10 16
29 20
38 18
13 6
23 39
11 34
26 1
27 12
14 19
24 7
20 18
16 23
35 36
26 26
19 7
15 4
34 12
39 32
30 17
16 34
30 12
19 35
21 9
9 2
16 25
5 40
18 32
9 15
23 10
25 3
27 34
5 12
31 29
24 30
32 24
32 13
33 10
2 25
22 4
14 3
13 1
12 38
21 9
31 28
25 32
30 8
2 35
12 31
19 29
22 6
22 5
13 2
26 31
28 9
14 19
40 23
18 9
6 26
5 35
27 29
21 7
38 21
20 22
34 13
13 37
24 18
40 14
19 10
22 9
15 10
29 7
35 33
7 1
40 15
38 10
28 16
3 36
22 9
12 14
12 40
22 5
17 10
26 7
3 23
7 22
14 30
32 3
27 12
6 15
11 26
30 36
39 28
25 1
27 14
39 39
31 39
1 36
9 34
7 16
34 39
37 27
30 15
36 38
9 2
9 20
6 22
9 20
1 38
18 10
37 3
24 14
21 32
33 19
26 27
23 3
15 7
29 13
10 13
38 34
31 28
29 21
36 24
17 34
37 31
11 32
26 36
40 13
39 30
15 28
2 29
22 4
13 27
13 37
29 37
29 34
15 39
34 32
15 37
30 13
28 36
17 8
14 10
22 29
37 4
27 32
18 21
39 20
25 5
24 10
39 14
38 24
8 24
8 5
4 26
24 39
28 21
39 6
31 29
23 24
23 33
11 9
18 28
16 28
31 38
3 21
38 23
36 35
40 6
9 12
38 14
17 18
24 5
38 15
22 40
40 23
32 40
5 28
1 14
29 18
32 22
8 22
32 6
8 28
27 2
23 27
9 32
19 12
20 28
10 8
33 12
14 15
27 2
40 29
38 18
15 21
40 13
20 37
17 21
40 25
29 5
15 7
8 21
13 29
4 29
11 35
34 36
12 25
21 13
10 36
25 39
27 30
38 15
2 12
21 15
29 9
24 3
16 23
32 39
29 9
27 20
9 3
2 33
16 15
16 29
21 26
35 6
34 17
13 29
29 39
40 4
33 33
30 13
39 29
15 22
17 34
21 31
35 21
28 32
28 12
15 22
38 15
1 25
35 31
22 14
35 9
20 35
15 5
16 4
29 14
7 15
25 28
13 23
25 12
27 6
34 21
11 31
23 20
25 4
38 6
25 28
19 29
16 21
9 22
12 8
32 23
7 1
37 5
20 39
9 4
26 7
20 26
36 3
4 38
13 15
34 11
26 12
9 36
40 25
35 26
30 23
14 33
22 15
34 17
4 18
39 11
1 37
34 19
13 33
2 16
27 13
12 22
14 7
9 7
31 16
33 31
23 36
16 34
32 4
16 40
11 18
34 30
30 27
16 26
29 12
17 39
35 35
2 1
19 31
3 21
31 33
22 30
34 38
21 5
14 7
24 27
26 20
31 12
30 8
29 6
34 32
13 15
26 37
9 38
12 16
5 26
6 34
24 17
18 23
24 22
39 5
11 13
26 18
29 13
24 5
17 36
38 9
38 1
29 23
32 17
15 8
22 13
14 22
22 23
32 5
8 35
15 39
27 6
10 27
9 16
10 11
39 39
39 1
12 37
31 10
24 27
18 32
25 15
31 2
5 20
17 6
34 6
36 12
5 2
18 25
30 39
7 37
2 27
32 4
33 17
11 2
6 13
27 30
40 4
28 15
13 37
20 9
35 32
8 5
34 6
2 38
10 15
21 12
21 20
18 35
19 26
2 34
9 13
20 31
5 22
14 17
36 21
35 1
6 1
35 23
18 12
20 5
29 33
31 36
13 18
10 27
20 2
18 17
20 8
19 2
31 35
30 9
24 34
27 4
4 38
31 17
28 15
32 4
32 2
4 26
11 27
2 7
40 18
2 27
2 24
3 37
16 26
35 23
25 15
21 35
36 1
40 5
6 31
38 14
11 30
36 11
5 6
29 21
40 6
33 4
29 2
8 3
24 1
10 27
33 7
30 26
33 35
23 5
37 40
4 33
10 20
19 20
33 24
34 6
12 23
13 24
1 25
32 20
23 19
40 5
12 27
25 9
4 12
33 1
15 6
6 30
22 20
38 15
23 29
10 15
10 7
3 29
10 32
37 11
29 6
9 23
29 20
36 11
31 18
10 21
23 27
20 4
20 35
36 9
33 4
4 33
14 24
17 33
39 21
4 13
13 7
25 2
12 28
31 36
36 28
5 6
34 21
29 3
7 28
37 9
10 13
3 11
32 29
16 9
31 27
12 34
30 12
39 15
13 17
31 23
35 14
8 24
10 22
22 17
6 20
28 17
3 3
21 1
20 8
33 18
30 2
39 18
16 16
15 6
7 35
31 28
21 13
6 10
7 11
2 20
23 25
32 22
17 17
22 29
14 5
14 1
15 6
21 13
27 40
23 15
36 3
28 25
13 21
36 24
2 26
14 38
36 2
23 7
33 15
40 9
11 19
31 21
13 33
7 36
15 8
2 38
32 13
25 28
7 18
24 13
10 29
38 30
28 6
13 17
18 32
8 15
17 26
21 36
21 21
31 2
21 27
10 1
10 33
27 3
15 17
17 13
19 23
23 13
22 29
1 30
18 5
14 2
8 30
27 40
23 36
8 2
16 32
9 9
5 20
18 39
10 6
36 6
31 34
27 36
21 16
7 23
4 12
27 29
32 32
11 27
8 18
3 10
9 24
10 19
35 30
18 26
11 39
7 36
19 18
18 16
12 7
17 34
35 15
14 9
35 3
21 33
21 35
37 25
5 31
9 4
21 20
21 33
33 36
32 39
34 20
1 33
4 36
28 38
13 39
40 33
13 34
31 23
7 20
3 38
39 2
17 26
13 3
28 36
1 4
39 2
18 12
31 31
14 30
22 26
15 32
7 35
8 9
29 11
22 34
22 2
40 1
39 31
38 33
34 5
22 30
5 10
17 9
23 15
11 16
17 10
20 28
31 38
21 18
7 39
33 28
32 38
18 7
22 25
23 22
9 36
31 1
37 21
31 40
2 29
37 35
5 5
29 6
26 13
37 35
16 14
39 24
39 5
14 15
25 39
28 36
39 31
9 18
31 15
16 2
34 10
21 21
25 19
2 17
10 38
2 34
24 27
22 31
37 36
14 7
29 14
12 21
27 39
2 14
15 15
10 23
20 6
24 29
11 9
8 20
31 23
28 19
36 35
40 38
4 1
33 8
6 24
5 23
25 5
24 1
9 14
4 12
11 19
37 16
7 10
36 27
36 30
13 39
5 33
6 37
27 15
18 16
35 26
3 1
40 36
1 11
19 9
36 24
20 20
1 26
37 18
21 21
16 14
29 25
38 13
26 22
3 11
20 9
29 38
37 36
34 35
19 12
37 38
4 27
22 7
34 20
18 16
11 33
34 33
34 36
5 15
6 37
18 4
14 3
16 36
27 23
37 18
10 10
21 39
23 36
8 9
12 30
17 23
24 20
13 10
16 10
6 32
37 11
32 22
19 11
9 35
32 11
21 33
5 33
11 36
38 23
19 18
26 39
10 1
2 7
17 30
16 4
25 16
39 26
8 30
40 20
5 3
36 11
19 12
24 20
8 19
14 22
12 21
29 38
5 24
31 34
