40
1600
12 16
39 3
32 28
22 11
27 10
12 1
18 7
22 7
13 2
7 24
40 3
36 40
30 39
6 29
23 11
6 17
12 24
13 9
18 2
13 33
30 9
38 40
17 2
23 38
10 26
16 38
7 18
37 14
40 21
4 24
2 37
33 5
20 33
2 21
3 21
22 22
14 21
25 16
18 22
15 3
32 13
2 32
14 7
35 37
9 32
1 16
22 30
1 36
32 4
38 23
5 38
4 29
20 40
9 39
37 32
38 39
26 24
8 40
31 15
30 4
30 23
17 31
6 2
38 32
32 34
2 32
6 13
13 22
4 31
29 37
16 29
21 26
18 28
3 11
18 38
24 1
30 30
10 7
5 1
36 3
16 25
17 2
25 22
33 3
16 38
37 11
15 4
38 40
27 22
22 27
8 24
4 8
27 12
30 26
22 37
28 27
16 29
19 20
8 2
13 21
22 22
40 21
6 17
11 33
39 37
37 34
23 39
24 23
36 28
34 23
38 24
9 8
24 8
19 15
28 22
33 19
28 26
38 7
4 28
3 5
32 34
31 38
36 9
40 18
18 40
32 36
37 38
35 31
40 24
12 17
22 2
5 17
27 21
36 12
3 9
31 4
14 10
27 38
20 17
32 36
12 8
28 38
33 9
30 20
3 31
39 12
19 5
21 36
34 37
10 9
3 2
23 35
39 18
37 34
13 37
7 7
35 26
8 4
15 31
6 18
7 16
2 18
15 36
13 2
20 28
8 11
5 3
36 13
35 28
11 14
30 13
1 26
30 10
29 40
2 28
21 20
5 4
3 24
27 17
28 37
25 39
21 28
1 17
17 23
21 33
23 32
11 13
7 25
38 25
38 8
22 40
2 33
23 7
15 18
26 36
38 32
21 35
35 33
39 18
22 21
22 36
13 34
28 33
40 38
19 16
22 1
23 34
8 24
25 20
18 10
35 9
5 29
27 20
34 2
23 1
17 7
26 35
21 9
12 9
9 21
33 29
35 26
24 32
27 26
39 26
6 40
25 40
18 1
22 25
12 9
12 11
36 16
33 14
5 20
19 3
27 10
6 40
22 36
36 13
17 18
10 35
39 16
4 33
30 21
18 35
19 21
22 17
9 11
35 18
4 28
23 7
23 10
30 34
15 28
1 18
24 37
3 31
19 36
13 29
24 8
35 19
3 15
31 36
26 28
32 38
1 26
16 29
5 11
3 5
27 4
20 6
36 33
35 37
29 2
29 14
32 8
20 38
17 32
35 12
9 11
2 20
23 14
31 5
39 16
7 38
26 5
17 22
37 2
34 27
10 17
19 29
30 22
5 28
11 19
25 36
18 36
35 25
22 35
11 32
14 14
25 40
16 25
14 29
39 28
2 22
37 23
10 38
34 3
18 25
9 16
17 35
34 11
11 7
38 1
23 39
2 29
2 17
38 21
33 21
2 15
37 24
32 13
31 8
32 1
3 30
3 10
1 16
13 22
12 6
35 35
16 27
11 27
3 7
25 40
38 35
22 21
18 29
15 19
18 8
10 2
22 20
35 18
32 17
38 11
23 34
34 36
29 24
19 14
10 13
28 13
16 37
24 38
20 33
35 7
25 7
38 26
9 23
9 28
15 30
38 7
31 4
31 33
11 39
14 24
32 25
11 30
29 32
23 10
26 25
16 22
8 24
20 20
13 36
38 16
28 34
31 1
37 17
9 23
13 9
8 17
13 11
31 27
39 13
28 20
9 16
30 30
31 19
7 6
33 31
14 24
16 37
3 16
2 35
16 21
22 11
2 5
5 36
11 32
19 24
18 37
38 12
14 18
19 6
10 36
22 33
16 24
13 10
30 23
37 21
18 18
18 10
20 35
1 20
28 36
14 14
19 13
20 13
23 32
37 31
26 38
14 11
15 32
27 24
12 20
29 17
22 39
29 6
23 34
40 3
30 34
31 12
30 7
40 27
30 29
36 26
12 21
18 22
34 1
23 29
17 15
16 31
7 40
4 2
33 19
22 22
3 20
37 27
32 39
23 19
31 7
32 8
36 27
37 35
19 10
5 35
7 16
30 39
18 11
36 40
30 4
27 16
14 27
26 15
18 34
27 14
2 2
20 23
10 10
30 37
29 25
23 7
7 5
16 9
5 12
37 29
35 34
24 7
4 6
19 38
24 16
21 9
31 22
24 30
26 36
11 8
36 19
37 28
12 23
33 25
18 16
38 30
2 40
34 2
25 10
7 3
40 4
24 21
34 26
14 28
2 18
15 22
23 12
20 29
25 29
27 40
30 8
39 2
36 16
37 11
39 8
24 33
29 34
24 6
19 25
28 23
20 15
32 10
17 22
27 17
23 39
2 11
24 7
8 1
21 15
17 13
24 19
1 21
3 20
35 25
20 31
9 33
3 33
21 40
7 23
14 26
24 21
25 34
8 11
28 27
33 33
19 35
29 40
11 9
12 4
38 23
17 36
1 19
5 5
32 34
13 16
22 31
21 22
20 22
9 18
15 25
8 16
28 1
17 26
28 28
16 35
27 40
23 6
12 25
16 29
7 28
18 38
17 1
40 13
16 30
17 11
16 31
2 38
33 18
26 30
15 28
27 31
25 6
20 38
19 17
33 5
22 20
34 24
36 30
35 25
9 38
9 22
36 2
18 15
29 32
34 5
2 17
24 18
3 2
27 30
3 15
21 9
12 23
17 29
18 37
10 38
24 32
38 1
22 24
15 5
6 2
31 15
8 37
11 8
9 29
25 29
15 20
31 15
9 27
12 5
26 23
10 28
19 29
38 32
4 7
13 16
15 38
20 23
33 7
32 8
40 1
38 12
28 15
16 34
38 25
36 21
23 7
39 2
17 31
33 27
1 22
9 39
11 26
6 26
6 26
17 21
4 32
2 30
31 11
23 3
33 19
40 24
12 35
19 19
23 21
22 33
22 3
32 29
38 11
31 38
23 27
23 38
7 13
39 30
40 9
8 17
14 19
10 31
35 16
22 28
6 21
29 20
28 30
28 23
4 9
10 40
2 1
33 40
31 21
36 14
8 26
36 37
4 19
31 24
21 12
8 32
2 37
25 26
16 25
2 10
20 1
35 7
17 15
23 17
2 19
19 38
38 26
7 15
14 3
10 39
9 35
1 39
7 14
39 12
32 18
12 23
32 7
7 19
27 35
5 25
8 29
18 11
21 34
28 27
9 5
30 38
4 39
14 16
3 8
24 6
8 3
8 34
12 36
14 14
35 1
14 29
3 30
2 23
4 9
14 32
40 1
21 16
39 15
4 24
18 9
6 2
21 28
12 27
21 13
37 12
21 34
20 5
39 23
29 31
28 1
34 24
9 23
16 36
18 30
21 15
24 28
28 7
9 1
26 4
11 3
36 40
39 20
39 32
2 8
36 30
26 31
1 17
19 23
26 2
24 6
10 30
26 30
36 32
25 18
14 20
2 4
10 2
40 27
31 40
3 21
8 36
32 14
19 26
26 4
22 35
14 24
2 6
33 8
24 23
30 37
35 10
33 15
19 13
24 7
40 19
22 2
29 39
20 27
31 28
21 10
35 16
13 17
36 36
12 3
17 2
16 7
8 7
36 36
39 6
19 11
11 35
9 26
3 24
26 10
5 14
16 14
29 38
13 37
38 26
27 20
7 5
38 21
15 24
34 26
22 21
34 39
18 28
4 16
18 27
30 37
8 24
27 1
35 4
9 26
23 38
15 18
5 1
26 14
36 18
24 14
40 23
36 35
10 28
19 38
16 40
4 29
14 9
7 2
8 29
31 10
36 11
20 11
13 32
26 33
24 18
7 23
33 25
9 22
16 18
7 34
37 11
14 19
3 5
18 32
25 15
24 26
34 14
14 25
21 38
9 38
31 23
7 22
10 35
23 14
12 35
27 10
12 23
23 10
28 33
21 33
25 17
10 22
34 28
22 1
20 24
37 23
38 4
39 21
39 17
39 31
23 38
16 7
17 8
6 2
9 31
25 25
23 22
27 39
20 1
17 38
1 35
15 27
40 26
26 36
12 31
9 20
23 10
15 1
37 15
9 16
2 27
35 21
8 6
36 17
12 18
18 7
14 1
25 11
6 2
19 8
5 27
11 30
22 29
37 37
1 22
3 12
14 13
20 13
38 14
16 31
19 28
38 28
2 36
25 24
1 38
34 39
22 18
29 40
18 17
9 40
38 15
28 37
35 2
40 34
31 14
15 35
20 12
35 37
7 2
24 31
35 36
12 14
13 4
8 10
39 19
26 3
4 14
18 12
29 4
16 14
10 24
10 34
22 16
37 20
13 24
19 37
28 37
32 16
30 7
37 28
10 15
16 24
37 29
16 20
12 40
25 38
23 22
5 10
4 39
28 6
21 39
26 26
29 33
20 1
38 23
12 19
3 8
23 29
31 18
6 16
2 24
31 5
11 38
17 11
13 13
31 21
30 21
1 31
31 8
38 35
21 5
37 19
9 15
6 13
39 24
31 7
21 3
37 28
26 9
32 20
3 22
31 24
18 32
39 36
21 1
6 29
18 11
30 10
18 8
11 39
12 28
16 5
17 4
2 18
39 21
16 20
26 18
9 21
8 17
35 11
14 3
10 13
1 1
37 38
13 19
37 31
18 8
18 3
10 20
34 2
11 23
16 24
28 23
23 40
11 31
2 25
11 7
39 12
10 35
18 34
18 40
12 40
20 30
19 6
3 34
4 16
14 30
40 10
36 38
17 14
5 10
10 19
40 29
12 15
3 20
17 24
30 40
1 16
40 3
10 16
30 12
8 18
14 12
10 27
2 11
10 7
1 29
9 25
31 12
21 30
3 39
37 18
27 21
2 24
20 15
40 31
20 20
30 2
3 9
24 23
5 28
19 24
24 14
26 12
30 28
35 7
22 15
38 15
36 23
13 32
3 7
33 34
24 2
20 21
20 7
17 7
23 25
35 14
16 27
4 9
25 32
31 33
35 11
36 25
15 10
12 17
16 14
34 35
3 3
29 1
12 5
16 30
8 14
39 17
10 28
29 37
8 22
18 12
30 40
40 18
20 4
38 2
29 30
23 13
34 6
6 3
39 30
12 38
2 5
34 33
8 33
28 30
29 39
40 20
18 16
22 23
36 14
2 17
18 23
2 27
29 35
12 30
5 37
2 19
6 36
37 33
18 2
28 39
4 19
28 34
7 33
35 37
31 29
9 10
20 16
5 40
39 29
21 4
11 28
6 30
14 3
36 12
32 11
29 39
2 34
17 32
34 6
38 11
23 10
3 38
17 35
3 11
5 29
21 40
16 11
15 9
31 4
34 1
5 2
15 23
8 25
34 24
19 5
25 21
37 25
27 34
3 3
10 11
2 15
10 12
21 1
9 27
7 38
13 32
13 22
25 19
29 1
31 33
26 33
40 34
15 7
4 14
20 12
27 6
40 5
31 15
28 27
21 21
31 25
20 3
13 18
5 14
26 20
27 31
9 14
20 6
26 33
38 23
11 35
22 6
15 34
38 5
20 30
39 15
2 20
40 24
11 25
17 29
6 6
3 32
2 8
11 34
29 33
11 22
22 8
16 31
35 6
38 39
25 40
3 8
39 4
26 34
6 9
32 32
28 36
8 14
18 38
15 9
37 32
27 20
37 18
13 39
21 5
13 19
25 29
11 40
35 29
26 21
25 18
12 30
26 18
19 38
39 15
8 6
37 35
22 26
22 2
20 40
12 37
2 18
1 39
9 9
32 36
29 6
22 2
3 31
19 38
21 17
38 17
15 18
32 8
24 29
25 13
31 24
29 19
33 5
35 11
3 19
36 1
38 25
8 10
1 32
2 30
18 26
5 28
16 10
2 37
5 34
25 25
19 32
5 38
17 8
19 34
2 19
27 2
28 8
38 38
36 26
12 8
6 24
22 30
6 25
2 24
21 23
33 20
11 14
26 35
25 13
30 33
12 7
10 21
19 39
10 1
7 26
22 12
34 38
13 34
12 8
4 36
30 10
5 28
5 23
24 23
5 8
1 14
14 18
18 38
3 6
28 32
40 36
33 5
25 13
38 13
21 28
8 1
17 24
24 20
27 3
37 12
23 14
20 15
9 29
20 10
27 38
28 2
11 11
17 3
6 19
16 3
23 23
37 36
15 12
2 22
18 20
20 4
25 33
7 40
9 17
12 17
7 32
20 27
38 18
3 39
3 27
1 19
17 38
15 12
9 31
25 40
28 15
23 32
9 26
24 7
15 1
35 20
3 37
21 6
25 17
14 38
8 8
2 30
19 24
20 40
39 6
26 16
19 24
31 37
6 4
27 32
27 39
17 1
12 21
27 14
32 3
34 24
15 24
13 29
22 5
1 40
29 33
38 14
20 30
28 34
36 33
5 18
28 1
27 21
40 17
17 31
1 3
34 31
21 23
30 12
1 26
27 9
40 22
6 17
16 7
11 35
26 20
25 15
37 32
6 4
7 2
39 37
24 25
35 23
40 2
35 1
33 30
1 21
39 30
19 1
29 17
29 13
2 19
33 16
15 2
8 36
38 8
5 29
39 29
3 18
31 38
19 14
16 2
24 24
17 31
21 1
18 4
11 13
6 1
10 24
18 15
5 39
21 36
31 2
3 25
22 8
28 17
18 36
31 35
13 18
9 5
16 38
13 3
5 26
33 20
14 36
39 39
23 14
1 8
4 40
7 39
7 17
29 36
23 5
24 35
25 35
32 32
10 16
39 29
6 39
31 12
2 11
7 16
31 13
23 19
40 2
7 8
6 23
12 13
30 28
25 13
8 33
12 18
18 33
5 8
10 22
27 38
37 30
36 37
16 6
27 5
22 13
32 21
38 21
14 26
14 10
12 16
10 36
40 17
5 29
8 7
2 16
6 22
20 5
39 17
34 19
19 1
7 11
1 17
36 22
26 16
39 3
35 20
34 25
28 35
2 16
21 16
25 8
35 23
31 27
14 11
27 13
24 37
27 6
27 18
10 32
32 11
10 25
28 25
25 39
9 31
21 29
25 40
13 30
21 24
15 36
6 7
4 2
16 30
35 15
38 30
21 20
6 37
30 39
29 31
5 38
33 17
20 22
37 7
28 21
23 27
32 30
10 23
7 9
23 11
30 31
37 2
20 34
12 20
37 8
37 8
4 3
18 33
25 36
36 25
6 36
4 36
16 12
17 33
8 24
15 4
18 19
33 23
13 2
11 9
17 17
37 27
37 6
