420
3528
242 189
298 138
172 313
69 412
293 86
184 122
18 126
283 198
297 184
24 218
243 148
44 365
84 145
100 256
283 123
352 241
393 244
379 63
294 402
130 229
309 171
129 176
346 300
189 304
351 121
75 109
133 5
289 14
196 27
244 135
238 392
91 63
102 216
5 162
123 143
393 364
95 126
99 125
377 299
98 181
44 215
92 381
239 262
25 342
230 76
347 253
153 121
396 32
94 92
88 380
379 408
79 32
270 220
251 232
7 287
144 335
164 70
399 97
197 75
281 329
122 204
326 50
65 228
378 217
12 419
318 145
126 199
339 324
40 13
407 35
57 215
188 402
133 46
99 135
409 155
198 222
88 13
303 267
128 373
57 149
390 388
142 178
316 241
258 345
93 98
396 31
419 297
255 12
156 302
389 5
113 74
154 277
254 348
52 371
406 28
155 216
116 5
79 331
414 118
207 27
342 168
28 47
107 215
286 367
36 38
54 307
217 303
382 226
284 341
350 215
117 49
355 349
228 363
330 399
391 79
103 240
130 174
50 365
102 401
335 384
293 37
91 377
241 168
384 265
206 132
229 130
9 311
178 134
38 132
308 365
292 130
231 51
61 22
406 349
139 420
394 207
260 261
102 184
349 120
156 237
88 13
365 386
165 192
176 313
326 211
175 376
129 295
328 323
402 196
231 248
13 54
109 292
385 240
214 198
74 343
230 296
107 245
162 27
322 241
311 114
246 91
224 360
352 300
222 354
259 300
220 33
135 134
20 116
364 335
6 303
23 112
246 269
285 132
157 141
74 9
266 81
152 285
49 318
317 255
297 365
186 269
207 50
168 367
383 27
87 336
378 53
396 184
192 10
164 335
389 131
258 310
41 69
75 357
84 402
23 406
368 148
26 339
124 356
149 70
419 51
250 105
404 307
72 383
406 280
372 74
157 160
8 91
222 259
322 142
17 116
383 74
45 255
116 193
325 272
103 352
73 112
37 163
401 231
272 330
283 52
364 395
52 158
300 196
321 126
218 401
420 278
7 309
389 228
108 279
31 328
224 20
403 255
223 22
38 374
117 354
3 307
55 336
92 335
71 355
107 233
290 54
22 218
138 41
219 83
295 367
329 288
404 157
259 2
370 155
400 215
228 79
322 315
233 363
370 416
174 202
101 17
411 136
389 119
135 388
264 135
283 129
381 122
4 202
95 378
342 212
187 120
213 258
33 356
111 182
169 270
292 48
194 306
214 371
223 113
163 118
346 146
145 197
78 234
356 103
84 153
121 2
220 136
21 267
316 63
241 113
340 180
413 2
377 420
219 389
400 299
154 47
375 336
154 43
73 248
75 89
380 252
261 407
375 224
351 407
393 110
183 39
340 148
92 56
237 258
115 415
281 178
199 307
56 245
215 158
94 238
101 184
84 117
108 379
278 94
315 84
146 366
207 324
79 263
292 169
358 79
290 342
247 131
143 345
293 34
271 210
198 301
189 330
135 212
215 55
91 92
121 41
274 211
363 413
216 420
74 274
96 108
319 174
76 278
84 403
311 326
158 197
256 27
232 235
135 295
48 381
351 88
213 46
71 79
310 174
145 223
145 417
174 243
238 157
172 211
152 260
104 379
102 268
218 57
390 344
147 309
390 29
73 58
85 73
306 30
177 194
223 30
147 340
172 201
217 201
339 117
102 172
220 326
145 115
191 130
165 248
409 411
51 160
117 180
79 262
142 255
257 249
39 195
75 218
186 195
285 97
369 126
94 34
409 343
175 284
245 259
143 185
252 407
240 296
49 61
253 245
37 128
266 81
232 100
165 245
246 254
392 317
153 396
398 333
105 191
62 260
392 311
388 268
179 354
333 346
77 216
249 198
33 77
378 299
257 154
146 288
320 335
95 245
206 390
35 86
305 59
311 343
24 357
173 39
310 151
165 133
132 154
73 126
319 206
228 183
328 342
102 267
260 238
234 203
140 100
121 57
351 178
181 212
314 100
258 131
94 239
304 359
164 293
138 305
169 200
369 144
358 306
99 205
92 294
353 77
208 319
271 98
369 33
309 338
100 142
132 291
59 183
208 141
321 336
313 418
168 17
5 388
209 386
166 6
308 404
254 255
300 335
243 156
313 69
114 354
299 86
83 262
173 66
339 221
153 360
325 391
170 386
309 10
336 366
321 249
226 113
169 99
350 270
26 50
182 177
159 335
244 328
41 280
111 168
19 182
231 286
344 26
81 151
360 61
6 162
243 26
64 314
177 179
118 311
106 157
248 153
132 25
112 47
172 108
20 284
235 207
234 399
365 209
398 17
282 97
376 72
348 49
97 388
396 275
239 244
394 183
290 377
105 335
186 418
205 169
73 402
30 2
298 146
88 24
345 199
121 120
317 311
300 231
325 8
342 287
210 337
87 101
359 243
64 153
289 356
128 324
139 24
24 297
99 278
278 111
414 67
296 261
401 20
249 297
342 21
149 346
91 342
45 400
361 244
99 153
353 69
419 212
351 32
20 87
373 373
65 291
305 37
88 52
27 325
354 81
222 169
102 333
47 285
269 377
366 173
171 384
349 178
264 54
145 260
219 212
266 122
333 298
57 209
392 80
59 241
223 290
234 115
229 129
273 266
29 257
206 335
8 26
250 395
27 370
12 205
175 82
396 390
311 245
356 333
195 33
257 95
55 261
1 49
189 320
166 285
296 32
210 219
236 367
145 202
91 187
278 88
197 22
202 381
114 102
133 200
174 184
367 257
11 60
63 162
302 358
180 197
266 160
166 157
144 10
175 205
49 257
53 172
205 83
306 250
365 257
322 158
90 325
104 145
136 219
4 267
353 404
320 61
125 308
119 323
352 211
146 62
300 316
333 265
343 392
259 206
231 58
116 347
12 150
378 199
164 278
27 373
331 418
163 279
269 171
83 325
338 36
41 84
102 416
210 10
146 197
159 108
311 416
282 213
273 242
12 51
34 212
420 83
234 343
321 51
149 39
275 100
101 104
27 277
214 307
14 211
374 28
176 411
272 15
379 64
6 9
323 199
119 51
193 36
271 335
171 171
34 282
313 192
187 127
194 412
320 165
131 110
294 196
168 221
260 46
312 410
33 151
130 113
251 263
57 135
285 85
14 216
225 250
231 139
200 147
256 279
110 340
283 15
372 246
282 253
82 276
284 393
381 372
280 111
159 336
42 94
217 90
114 298
276 281
265 40
407 410
162 235
277 291
25 182
18 405
377 352
406 352
113 337
170 17
126 203
241 45
326 125
287 166
57 342
375 210
155 416
43 360
256 351
420 218
93 343
31 70
16 138
82 79
112 333
279 98
279 294
162 142
120 27
76 301
179 386
220 98
273 380
279 198
92 303
307 390
30 342
311 58
111 22
266 404
420 362
343 265
143 201
232 407
57 270
173 186
378 161
304 324
238 94
86 198
98 278
380 9
38 133
250 14
340 359
143 320
348 96
353 101
95 169
79 344
322 273
396 223
99 145
403 87
186 390
371 266
367 413
134 330
34 260
399 312
128 58
59 148
299 4
151 394
350 331
143 329
39 397
342 154
223 397
362 47
378 22
249 191
330 93
201 333
357 252
57 11
205 310
3 80
146 253
60 76
276 26
42 288
368 51
200 410
375 81
365 8
419 45
371 391
213 366
4 251
67 49
103 327
137 393
186 44
385 193
254 339
302 121
31 204
157 29
304 106
247 173
52 161
363 53
344 189
308 170
14 226
385 289
39 384
87 157
373 141
45 156
88 95
24 141
404 34
300 1
160 137
161 159
286 159
124 196
285 95
150 305
412 271
346 144
336 92
176 405
246 360
87 406
219 311
176 297
403 405
246 269
168 354
156 208
404 59
123 312
336 39
411 338
77 53
273 90
4 244
343 200
204 404
184 296
367 30
180 95
111 5
195 119
209 203
166 40
133 85
373 333
209 369
382 383
28 237
87 408
274 53
260 125
277 76
100 150
271 164
47 269
366 335
288 142
246 415
214 33
415 182
10 363
32 391
374 91
227 140
339 94
13 106
284 186
240 178
203 415
296 55
72 238
324 108
229 90
284 407
343 211
149 293
406 217
347 171
329 336
156 120
270 87
356 350
47 114
39 12
154 164
48 111
50 201
228 327
43 193
286 147
100 301
61 14
165 3
90 370
314 301
41 136
174 137
168 246
180 331
279 358
356 269
317 305
28 159
118 324
208 113
62 282
167 195
19 166
131 272
243 48
50 292
405 364
376 68
362 202
297 111
136 40
39 410
142 112
363 203
192 59
370 205
406 308
146 399
94 110
356 399
281 403
13 24
234 386
195 324
188 309
272 277
342 153
79 48
200 15
260 392
357 175
189 178
274 393
218 256
112 201
331 207
72 300
49 212
255 190
104 360
64 72
237 391
2 164
302 116
244 344
304 86
216 115
37 154
105 93
187 288
116 242
98 279
4 24
11 12
417 391
408 44
45 9
56 389
213 135
145 178
80 394
418 232
334 90
98 6
317 87
337 73
148 341
322 17
253 287
336 397
385 207
213 221
240 206
16 175
189 208
236 192
279 404
277 237
31 281
38 237
80 391
208 238
244 146
274 399
254 290
323 34
411 111
233 58
269 241
381 239
66 19
68 197
158 9
96 342
3 183
283 71
196 340
307 190
261 343
61 400
215 209
121 141
142 114
347 325
177 333
210 253
291 155
202 176
149 364
403 388
41 43
183 233
290 99
389 219
223 354
365 334
102 4
234 122
266 336
190 139
324 266
255 288
229 366
9 39
346 160
241 360
102 91
165 412
320 279
338 342
166 198
128 216
104 45
254 306
24 402
160 48
325 372
71 29
301 401
15 53
411 120
201 257
251 149
279 140
142 116
159 287
161 333
76 156
352 384
223 198
67 6
122 256
268 208
38 159
84 101
337 138
126 78
160 418
204 202
280 111
388 159
317 406
178 127
127 233
122 122
392 365
411 309
71 126
266 349
213 116
174 359
321 362
158 48
164 98
209 223
261 336
184 387
318 47
300 353
342 247
105 236
58 229
348 258
115 264
367 101
26 159
328 124
163 91
176 399
163 232
183 113
151 345
128 411
250 172
230 394
409 385
180 325
70 356
43 213
279 29
304 191
208 99
398 147
408 93
96 191
144 186
358 333
413 123
166 142
302 334
379 391
417 106
253 377
135 124
50 88
51 89
318 385
247 108
287 32
29 174
73 332
380 228
253 234
68 40
96 353
241 298
289 397
380 383
333 21
105 285
363 100
178 85
304 265
152 130
138 36
110 399
351 389
149 240
21 397
72 175
204 85
236 225
331 244
131 198
175 216
320 187
173 158
333 14
301 272
88 342
272 12
198 148
175 51
356 60
387 101
361 331
185 161
284 175
59 205
302 277
398 134
89 37
273 377
12 337
382 371
266 66
141 124
420 414
242 314
386 35
152 364
260 217
168 90
31 317
311 310
298 87
147 140
58 286
293 250
261 189
196 135
388 18
54 317
367 339
86 393
218 30
209 122
217 37
67 3
404 277
176 223
183 260
270 21
334 171
308 413
118 412
104 74
134 322
182 170
107 373
113 326
246 45
298 7
371 4
43 7
203 358
189 419
409 135
116 12
271 228
328 2
386 334
381 201
375 230
386 340
255 220
353 201
372 49
384 175
214 336
111 390
344 300
132 221
382 3
418 69
174 269
324 83
210 205
340 420
418 97
205 365
230 254
159 372
342 40
245 267
89 160
162 211
375 172
132 295
164 248
336 177
362 164
247 76
335 81
392 155
313 77
400 179
55 33
80 216
63 176
405 286
249 406
149 398
234 311
59 247
298 7
27 61
194 221
266 324
111 238
89 387
49 113
222 407
115 151
308 195
102 386
227 384
253 417
303 85
26 225
347 398
173 162
289 311
297 301
44 410
259 319
343 299
50 308
80 394
415 186
399 149
195 100
297 402
214 360
82 353
325 403
140 247
132 289
324 45
128 15
402 346
272 245
300 258
365 64
395 177
117 286
344 268
338 358
152 274
12 9
403 65
276 360
172 320
137 270
356 98
349 355
360 315
140 209
285 254
190 268
273 230
193 198
295 358
117 299
3 255
287 59
390 332
159 287
73 384
3 110
352 89
155 331
220 326
286 387
175 383
117 266
375 120
392 142
5 3
3 110
246 235
413 148
135 76
79 419
130 301
105 338
137 176
415 175
80 22
153 175
55 120
121 148
135 396
380 227
265 37
154 235
100 71
92 240
264 45
374 9
211 63
9 285
175 76
325 45
172 252
152 40
211 11
330 147
280 131
398 183
108 32
15 315
178 246
286 151
266 85
260 165
66 162
396 274
294 178
164 261
343 98
363 307
329 90
59 233
196 397
340 204
66 102
21 367
117 418
124 191
37 96
384 360
413 118
302 286
85 379
407 386
257 168
307 35
162 278
300 326
182 396
38 245
403 296
404 61
12 276
21 45
187 402
328 154
105 133
418 282
254 46
265 179
361 208
66 38
381 379
245 147
319 119
199 193
181 118
306 42
351 287
408 367
217 271
63 46
23 323
35 351
378 232
111 224
317 62
299 353
70 12
155 78
201 306
209 402
351 40
132 399
335 235
150 244
389 273
298 145
224 152
399 337
339 130
363 324
254 410
117 386
413 145
260 119
412 2
139 265
253 229
271 329
58 354
256 108
150 125
286 401
359 299
50 86
107 161
92 17
65 142
235 291
257 38
144 204
146 61
149 62
61 213
321 161
242 385
312 183
240 360
290 409
373 62
104 142
148 15
109 220
141 340
143 190
199 416
294 180
263 30
250 274
413 45
67 297
275 309
348 202
81 19
226 36
8 64
182 95
130 285
27 289
279 17
115 83
101 351
312 152
399 413
11 224
92 115
218 411
361 241
260 301
185 224
254 140
273 204
2 209
142 120
165 67
124 267
354 92
127 387
165 160
208 144
400 30
342 109
200 135
307 255
135 284
195 315
321 192
273 266
265 111
90 320
70 138
239 83
10 234
372 319
124 106
25 376
46 415
127 245
67 267
105 8
49 309
237 296
126 117
228 190
81 353
311 87
94 353
344 134
411 105
200 381
223 414
22 410
9 74
69 127
126 147
335 129
333 188
251 282
99 306
392 82
71 352
233 101
414 340
255 384
93 301
267 311
145 252
387 135
346 109
406 23
305 145
354 281
398 292
307 338
177 373
147 277
412 1
271 90
264 172
214 39
162 382
81 31
261 296
110 6
59 221
410 95
315 77
168 17
137 364
1 335
418 381
31 290
254 298
214 85
48 204
166 365
42 326
9 62
281 18
146 276
236 39
55 396
10 184
26 21
13 131
64 337
247 58
72 193
381 162
301 56
60 94
369 95
398 172
380 344
357 62
178 323
60 92
355 279
36 331
266 132
108 171
187 377
58 381
69 43
333 258
17 74
310 415
238 182
405 313
156 280
35 109
355 282
232 228
406 389
373 234
311 200
365 11
398 79
244 383
356 219
264 214
168 337
84 60
257 374
328 294
317 419
46 399
122 165
263 59
55 44
337 55
323 17
171 98
45 126
193 90
420 98
215 32
303 208
108 57
24 263
265 19
197 106
190 38
337 303
160 289
66 64
52 97
8 95
8 50
91 316
53 285
326 246
62 311
181 310
206 357
210 135
79 55
20 381
10 214
284 155
61 248
354 182
74 51
70 100
8 284
364 38
190 147
227 253
400 77
51 295
317 362
370 1
15 65
369 61
320 56
197 11
44 156
163 109
177 399
145 364
318 123
197 211
287 309
236 167
212 367
204 293
399 187
306 102
286 327
248 194
67 295
178 394
357 398
91 314
295 63
26 275
334 388
182 21
131 14
145 338
80 158
266 220
202 274
92 332
347 175
371 296
66 302
60 131
117 117
404 255
385 384
362 363
19 110
16 162
275 50
389 338
268 212
152 317
310 266
80 254
45 187
336 69
282 280
387 306
198 390
391 411
14 217
405 382
216 404
306 10
45 128
344 293
167 227
127 397
259 29
136 406
397 376
216 18
337 350
6 306
92 31
32 263
13 319
38 24
420 30
73 242
183 326
72 396
147 78
69 366
153 122
241 163
154 52
20 343
337 194
41 204
170 299
67 83
385 83
361 194
209 297
141 278
162 395
201 235
230 79
140 373
289 317
86 72
49 180
195 317
398 284
260 203
242 238
245 407
179 294
61 246
365 90
165 295
39 74
418 391
67 200
158 228
216 392
181 135
119 360
331 103
79 25
222 217
116 175
121 170
147 319
326 130
395 43
91 67
257 209
53 355
4 27
250 167
88 341
48 258
134 224
365 161
280 415
167 136
415 169
168 262
22 241
316 420
215 346
374 280
321 262
170 198
363 92
185 243
136 169
374 158
65 409
131 123
354 362
347 146
300 178
242 81
386 34
84 375
363 268
164 190
117 364
187 364
177 315
34 124
1 191
27 151
388 228
24 142
175 364
370 223
410 241
402 162
78 55
277 43
267 131
383 279
4 312
290 43
101 11
216 386
267 368
283 259
21 398
4 144
277 81
280 111
27 251
29 349
355 56
89 380
419 216
280 210
292 322
414 328
295 395
333 75
9 102
40 245
364 6
331 97
18 215
110 319
119 97
372 268
321 190
231 10
111 143
405 345
389 417
415 70
326 408
169 259
80 42
299 87
74 6
54 291
262 236
114 145
16 251
267 317
311 229
228 348
135 386
21 302
11 207
18 149
418 134
214 361
159 206
26 120
200 265
293 335
314 329
35 47
295 323
291 404
242 249
78 129
86 153
339 248
258 197
373 282
250 45
151 44
63 409
297 292
222 313
86 341
15 223
126 91
362 139
49 383
369 108
40 41
95 45
371 136
46 39
289 11
138 146
8 376
113 39
16 96
158 148
331 17
330 270
71 138
370 210
290 153
353 121
30 280
379 222
243 19
357 1
396 340
239 261
178 234
163 98
68 310
325 202
260 225
417 380
175 333
167 123
133 373
393 18
370 282
3 295
71 70
247 277
158 131
341 350
88 98
126 242
189 340
245 372
272 92
384 318
214 298
417 222
160 404
370 68
294 90
315 277
283 324
115 66
346 416
53 147
373 111
119 116
305 399
66 367
341 202
219 220
355 222
231 326
126 228
285 214
81 300
419 33
409 96
45 402
61 308
113 245
157 327
400 241
304 265
136 158
260 150
97 326
380 404
1 217
209 264
108 72
280 150
350 281
325 197
278 331
394 268
286 127
91 11
332 248
262 285
153 84
57 192
151 37
191 263
32 140
37 185
335 93
190 110
292 196
207 272
218 322
393 76
55 317
17 73
167 7
353 136
9 377
181 130
228 334
229 296
213 294
138 200
100 407
197 389
409 15
167 122
3 249
215 216
64 282
164 128
72 20
223 289
349 415
184 335
184 319
15 227
99 243
123 353
68 256
64 99
222 143
136 89
103 74
283 14
285 404
18 213
81 96
123 157
6 30
160 288
306 315
344 202
373 95
167 46
153 315
5 155
401 233
6 138
381 290
149 359
86 389
37 2
166 412
345 33
369 161
398 101
392 54
351 286
8 313
81 340
74 233
414 340
197 195
416 249
266 299
183 251
261 87
324 293
228 127
383 327
279 192
130 99
131 187
29 327
82 264
70 255
133 213
360 184
148 82
416 33
223 58
355 216
273 63
341 348
80 205
94 106
17 183
50 355
3 243
169 3
13 406
60 259
128 266
320 67
141 407
343 188
281 297
140 208
400 243
360 12
176 225
117 276
335 73
274 226
136 5
295 336
133 123
160 10
127 71
213 418
1 165
343 190
119 185
362 120
206 80
116 380
131 63
255 117
187 126
293 284
24 352
326 94
37 141
279 112
397 308
35 86
49 120
28 153
177 61
208 334
192 394
26 304
117 58
283 129
20 64
199 76
15 82
34 133
74 168
219 333
264 18
407 285
28 309
261 352
233 47
72 12
237 168
206 47
69 81
278 236
161 228
302 370
42 323
318 55
215 282
380 1
176 366
318 128
173 49
206 214
69 7
251 249
328 241
140 400
185 75
49 303
93 161
91 419
285 235
85 416
5 62
218 120
370 303
414 371
125 161
245 293
49 216
202 420
4 249
42 416
158 133
72 83
158 7
154 334
99 322
246 360
311 330
285 374
343 158
41 177
10 91
396 377
27 324
203 217
341 382
206 283
310 297
183 77
65 49
96 177
144 230
27 243
342 190
45 265
100 258
28 169
70 223
346 194
19 309
250 1
170 173
331 139
54 295
224 343
103 55
282 413
376 179
97 130
171 390
321 163
83 320
139 276
11 239
310 172
160 101
174 229
91 283
12 26
289 75
56 192
128 145
9 113
352 50
167 257
23 6
339 257
335 63
45 24
389 413
409 20
329 41
288 43
289 236
90 69
324 39
268 378
206 258
226 207
121 148
196 88
335 110
74 374
40 287
95 85
339 343
179 96
398 145
55 246
200 392
200 28
314 408
132 392
89 165
67 14
233 187
41 106
239 313
374 178
93 420
320 282
379 404
387 292
305 367
256 306
229 71
227 390
221 139
348 273
408 323
275 334
47 361
156 184
4 109
159 379
9 28
357 203
63 250
30 305
236 355
377 83
112 311
208 2
105 170
403 244
27 181
270 169
91 209
185 134
390 137
50 290
330 381
398 317
3 367
22 161
54 75
76 406
179 170
81 288
294 407
415 120
180 254
304 82
420 17
49 295
400 10
361 8
177 10
223 373
21 197
275 215
287 20
170 249
401 390
231 145
101 232
360 225
59 163
107 376
72 314
144 180
194 56
292 221
295 222
361 402
188 275
295 89
328 38
404 409
107 149
355 15
336 220
406 356
364 216
353 285
293 100
301 47
32 357
22 147
413 272
236 342
401 85
403 51
334 185
154 270
80 219
187 1
392 103
55 416
102 109
60 160
396 114
37 401
309 350
413 356
191 181
208 225
75 210
272 371
346 80
267 136
100 418
378 404
336 54
164 215
177 326
31 360
93 100
262 364
99 346
416 365
373 335
79 339
184 382
197 33
93 293
236 24
109 411
67 82
72 246
329 321
312 275
29 276
202 407
356 186
316 107
250 382
241 51
102 333
376 396
275 244
320 417
179 214
70 308
230 412
77 99
20 67
161 190
251 158
48 325
195 79
174 195
219 195
141 293
232 339
261 405
164 287
361 193
404 237
57 192
159 74
118 280
319 419
127 292
385 370
31 224
288 350
214 331
394 37
260 101
99 62
347 175
327 22
99 363
98 122
249 36
25 280
409 104
197 98
260 162
293 108
138 331
48 3
358 102
84 281
334 154
209 279
142 260
294 260
350 226
4 81
33 218
199 100
160 140
101 261
380 147
337 132
144 242
103 104
66 25
331 249
281 336
371 7
208 27
279 70
208 406
361 339
194 169
316 72
163 80
357 309
398 256
404 324
70 127
140 175
320 418
209 157
271 194
393 105
94 98
77 111
375 329
285 296
396 241
409 408
81 4
196 404
304 159
235 341
393 385
320 200
396 50
149 237
186 406
111 3
279 273
331 170
169 73
139 37
134 10
151 72
345 151
352 395
173 124
224 416
6 7
301 61
383 132
74 238
55 80
308 316
250 407
13 397
279 319
7 279
310 12
37 300
29 199
298 172
229 248
206 374
146 358
88 418
117 12
316 383
5 181
240 265
64 71
100 138
46 397
188 92
139 318
261 105
344 419
397 49
285 216
61 8
82 216
351 244
237 203
390 51
242 322
309 58
188 118
184 181
379 15
192 283
111 154
337 231
103 418
366 57
19 242
373 202
10 7
264 135
43 179
208 385
333 333
331 69
355 397
258 355
378 388
182 50
168 365
9 113
292 324
325 378
189 16
316 285
361 188
63 271
109 109
229 190
374 415
25 62
82 20
92 343
351 64
111 266
167 208
262 345
367 277
132 77
380 325
201 340
275 348
1 76
255 319
66 28
265 221
338 163
199 362
198 248
405 189
289 98
347 20
333 228
370 122
222 109
393 298
213 283
323 46
43 293
328 15
64 230
287 7
113 306
316 244
134 166
290 281
28 78
113 42
197 26
301 62
193 50
214 13
65 379
394 299
337 342
254 54
140 317
107 41
21 151
419 395
272 231
22 328
84 230
172 261
345 267
227 139
332 361
78 316
400 24
389 350
392 33
11 60
342 230
82 392
240 371
376 137
50 230
301 220
46 168
19 207
182 227
363 374
24 67
340 88
326 99
188 2
248 2
136 307
116 255
197 399
257 63
127 335
224 39
111 364
362 79
388 143
93 284
358 419
112 379
414 293
297 79
165 303
308 22
321 119
36 359
312 97
213 392
148 128
99 182
332 415
251 258
157 324
228 33
400 148
114 222
43 146
359 260
53 325
418 56
286 41
398 301
195 195
342 221
345 222
205 15
123 46
52 194
9 151
367 280
229 334
290 48
281 35
21 356
235 21
60 230
117 47
137 31
17 396
15 251
90 391
66 10
201 116
24 349
198 262
381 253
250 256
90 176
300 250
260 376
10 268
99 226
119 274
104 254
326 88
255 147
147 178
269 139
405 231
148 300
115 240
358 232
270 353
120 26
159 360
279 15
141 379
39 152
112 200
21 362
350 122
370 364
414 97
46 39
294 21
295 334
347 245
260 186
40 337
215 115
215 246
402 344
351 341
279 60
63 90
57 42
206 135
41 168
323 19
238 14
371 271
167 218
266 396
149 277
110 27
87 60
405 2
272 356
352 295
362 49
350 134
405 307
259 335
358 414
229 253
341 192
96 297
137 134
198 179
319 165
163 213
308 337
165 21
3 34
399 34
192 374
95 128
300 93
33 312
164 78
333 123
35 208
224 155
418 147
179 183
3 180
253 120
114 320
367 181
44 259
114 168
48 229
174 99
294 264
58 42
296 390
56 241
29 213
91 363
347 70
120 129
236 128
219 337
272 216
354 10
117 76
310 353
105 57
166 226
350 168
301 314
303 333
311 103
176 119
216 392
144 104
84 110
35 352
75 175
128 271
72 326
362 230
354 256
216 367
132 5
274 180
199 295
6 167
221 409
420 180
329 111
243 401
258 16
340 67
401 215
132 92
384 19
230 155
391 242
382 355
229 132
146 22
183 4
152 205
299 43
240 164
398 72
336 380
245 250
161 231
309 284
24 60
392 303
155 322
310 80
129 120
35 72
306 178
372 375
100 35
95 231
216 330
360 210
26 382
26 195
360 102
26 417
356 386
277 199
132 49
165 276
376 160
153 155
125 217
84 213
71 286
42 84
86 185
160 284
75 413
9 229
153 185
350 353
234 80
403 404
308 186
325 14
185 180
193 260
160 345
73 334
154 239
401 237
132 281
318 211
366 40
22 174
221 55
347 330
320 60
412 285
90 14
349 137
90 159
56 35
370 298
310 320
260 302
279 257
35 323
122 57
176 335
69 68
303 59
318 163
238 252
391 132
224 63
88 398
414 389
292 218
41 197
292 393
197 30
286 316
54 97
227 297
12 136
260 321
249 261
2 212
288 222
409 121
116 405
53 71
262 192
34 293
413 131
357 303
250 44
161 190
327 204
274 238
62 401
109 35
300 290
109 121
406 254
307 213
328 156
143 97
364 245
40 40
219 347
279 231
406 146
249 16
1 331
78 394
417 370
100 313
380 142
360 324
22 159
341 182
5 77
30 201
20 36
390 198
12 379
274 356
35 57
12 169
10 69
318 200
106 31
133 389
380 408
197 3
285 338
8 15
290 213
146 234
46 202
357 369
13 79
269 85
87 122
203 44
43 37
81 276
19 75
148 395
231 280
221 245
14 283
111 294
280 66
368 234
128 136
181 20
201 101
285 151
166 113
187 155
93 389
351 294
109 114
295 307
212 17
413 73
183 367
241 172
397 212
105 237
318 303
194 398
122 189
311 165
28 233
256 61
373 122
221 152
147 94
232 20
379 303
48 253
130 238
278 190
369 97
244 220
369 143
303 121
402 103
170 406
339 92
248 221
294 8
160 247
56 135
341 79
26 119
306 116
70 44
301 321
4 361
373 93
230 210
130 384
248 267
183 241
340 43
265 131
85 412
402 93
259 307
339 202
272 230
31 256
336 135
32 217
57 232
227 303
303 307
380 335
256 226
128 394
298 324
220 68
191 133
148 265
325 147
232 92
317 177
347 168
171 343
300 122
149 45
372 96
59 65
363 96
33 82
162 233
293 208
321 342
30 315
23 269
196 161
392 241
257 178
113 255
344 143
358 310
304 17
49 274
280 243
381 45
96 332
113 162
416 125
195 23
336 258
69 65
235 355
164 109
141 353
140 151
73 61
174 263
5 11
344 339
222 216
199 13
88 321
262 227
386 302
24 258
54 116
120 362
292 377
18 133
69 301
399 72
172 243
162 42
370 350
382 5
177 129
20 181
165 376
366 203
321 342
92 181
97 259
402 68
230 352
290 180
12 155
181 1
84 57
396 124
358 370
38 178
192 252
243 100
358 105
99 200
359 31
78 227
121 41
277 120
130 253
165 269
111 313
172 226
247 56
291 201
322 66
124 221
323 157
169 182
3 153
397 72
101 221
167 148
299 173
2 253
152 353
124 214
34 77
351 28
61 247
287 137
399 39
284 195
48 57
355 102
186 176
274 175
281 18
318 76
360 74
187 281
63 251
199 295
300 19
232 8
3 207
357 168
351 31
188 257
177 381
259 56
55 402
310 265
316 175
216 158
123 259
119 382
409 163
305 176
191 272
140 294
92 302
5 131
257 181
145 259
305 336
381 142
342 176
217 180
277 229
288 18
277 179
292 226
316 286
206 167
119 411
402 37
169 233
85 101
194 387
402 282
384 104
170 373
127 402
361 107
316 226
341 171
189 169
264 62
304 58
207 279
5 254
353 179
213 12
413 80
175 331
293 86
272 67
21 351
276 176
164 150
37 376
195 102
339 99
343 319
369 217
342 25
237 281
86 393
115 25
83 234
86 165
74 221
273 1
80 216
174 282
315 111
13 293
215 62
110 274
380 137
219 88
60 221
253 420
82 215
60 176
172 160
402 362
296 401
383 153
220 301
110 254
375 308
198 382
418 234
84 39
161 209
162 249
392 301
62 104
149 62
331 286
412 202
279 146
333 412
126 196
43 384
308 204
157 391
91 172
167 387
175 274
164 146
388 408
301 146
294 188
162 124
213 346
233 3
156 357
255 275
166 85
353 125
147 346
85 236
296 160
52 245
166 369
382 311
342 350
130 410
83 147
87 61
268 320
322 224
40 226
295 179
351 190
293 419
205 343
48 141
314 182
120 323
107 296
63 372
330 108
339 81
140 382
18 398
107 101
245 197
311 64
219 323
213 370
417 372
338 189
355 204
370 291
33 420
242 393
84 330
263 264
103 54
417 363
177 323
322 50
10 245
288 81
189 13
404 362
92 397
154 61
7 120
382 242
178 45
77 218
44 133
144 89
364 401
84 70
385 313
145 272
22 227
10 234
395 22
181 211
350 45
116 314
207 122
148 11
199 23
216 341
398 12
134 23
46 272
267 256
415 38
163 271
46 295
221 274
94 165
292 170
130 379
361 374
404 223
39 332
193 411
314 248
210 184
175 364
14 301
313 198
253 323
20 300
77 211
17 368
282 341
110 209
155 193
401 175
233 19
82 4
51 77
208 9
30 182
329 383
385 227
386 371
223 375
70 86
378 134
285 172
275 342
158 270
134 233
173 22
110 67
113 2
180 372
119 351
30 289
197 76
135 222
90 123
372 3
346 363
271 154
277 368
86 336
333 304
75 76
328 280
365 122
16 99
59 295
342 226
129 126
413 235
408 158
110 95
327 378
115 41
65 266
133 339
29 143
236 131
269 345
146 12
285 140
24 150
41 280
399 324
68 162
38 239
119 14
100 126
41 328
81 147
159 362
213 15
415 174
259 241
252 394
376 80
191 317
351 185
284 21
245 200
103 154
220 216
233 144
328 163
82 279
106 153
215 113
