420
10584
127 206
359 362
106 274
273 333
418 4
78 419
112 28
331 224
53 49
167 229
275 27
36 152
154 212
191 180
149 235
411 317
312 288
407 119
2 123
375 54
99 107
185 180
11 222
314 205
51 327
304 68
224 6
161 389
160 291
170 153
111 87
249 149
346 63
259 135
290 195
180 382
328 195
188 199
91 126
254 242
210 132
339 256
24 359
25 38
166 14
103 171
149 176
378 172
174 276
263 154
189 264
46 56
149 52
126 160
191 47
66 321
3 178
366 217
416 98
64 156
178 46
380 250
229 196
373 399
308 186
2 60
182 347
145 102
74 67
65 18
290 337
387 245
411 295
199 291
57 149
174 33
381 391
8 181
313 385
174 194
109 410
115 113
261 61
325 98
21 19
255 141
271 70
361 319
137 313
371 217
405 358
85 198
144 13
379 205
167 353
187 206
183 416
297 10
14 93
72 178
53 342
412 330
39 312
358 178
309 347
155 328
106 233
363 333
326 284
172 243
248 170
299 14
386 165
136 309
19 174
42 301
3 404
30 317
56 331
99 284
331 418
27 44
59 126
71 219
3 157
371 80
367 213
175 73
319 74
249 293
369 104
74 212
70 215
211 295
378 295
44 300
246 65
414 308
107 176
155 143
154 27
166 250
345 413
31 80
397 360
372 227
91 142
380 171
400 293
209 344
105 18
247 98
271 129
298 381
266 233
130 363
94 279
123 389
173 382
263 283
129 92
5 119
196 337
148 10
103 31
289 118
120 279
194 148
143 77
180 58
134 304
214 240
188 246
347 235
38 98
355 158
154 23
4 181
141 41
179 63
414 93
419 390
94 396
224 309
221 208
115 99
106 58
275 286
90 218
152 173
289 325
99 326
192 109
234 19
244 392
112 204
221 390
272 138
286 365
258 312
355 342
176 283
230 65
159 228
284 275
275 134
9 407
146 88
241 186
241 15
103 16
29 256
168 271
35 110
263 272
198 165
179 415
261 389
268 402
302 334
145 120
318 213
244 389
129 374
205 59
78 380
10 187
249 127
72 67
177 76
387 163
31 407
376 3
297 165
235 365
156 186
74 248
102 263
339 226
82 202
262 257
179 114
248 180
364 257
308 116
391 383
333 130
224 106
196 415
22 134
91 297
181 171
68 148
75 73
39 373
401 333
83 244
200 166
318 241
261 221
167 228
193 353
121 140
264 179
300 239
232 195
150 89
36 72
25 381
363 23
205 131
44 149
307 141
227 198
138 346
160 280
159 13
76 326
290 205
358 346
138 266
65 215
363 326
67 378
383 235
200 233
144 307
246 140
376 350
26 29
98 230
142 371
123 79
278 216
117 214
3 147
206 52
140 399
83 193
24 109
269 407
60 106
94 131
258 203
100 232
232 368
191 57
383 71
334 335
71 281
268 357
12 92
38 226
284 390
145 111
173 69
323 339
197 189
55 114
144 67
147 9
123 189
304 169
113 61
126 365
24 273
272 298
248 222
228 75
180 44
96 103
163 358
131 252
20 208
372 88
215 63
112 34
321 191
200 312
60 243
358 285
35 332
305 53
229 243
89 294
333 170
182 234
90 136
183 122
24 126
111 392
313 273
364 351
23 15
115 276
395 349
249 289
36 269
161 272
352 286
240 298
225 260
184 344
409 328
131 80
105 314
75 66
312 420
296 282
166 175
252 281
117 172
130 185
215 354
121 197
47 282
243 411
318 279
125 320
357 259
2 200
280 173
401 137
180 139
227 177
99 324
99 358
32 162
297 281
303 228
356 165
324 357
281 198
208 320
15 181
120 9
353 204
54 398
390 56
356 48
18 186
338 192
406 364
100 203
221 59
250 36
418 67
258 202
407 159
416 324
417 81
253 234
405 17
207 393
258 293
288 420
168 302
17 193
382 351
418 402
232 279
15 167
5 157
190 215
345 155
6 238
250 95
12 343
158 257
160 14
107 341
320 372
337 103
9 213
151 222
234 176
229 22
181 44
47 33
257 29
330 69
40 219
78 11
178 22
143 28
385 88
169 271
184 394
226 370
256 51
140 5
37 385
43 386
393 29
281 65
88 261
372 71
157 288
276 125
359 64
215 136
364 278
50 312
58 394
17 79
137 126
187 344
31 240
401 102
204 36
315 402
101 211
134 331
108 302
124 31
166 400
32 412
211 79
258 337
232 5
390 283
163 338
202 341
156 165
74 254
406 363
409 289
253 306
406 374
136 262
341 208
179 115
355 372
278 149
244 223
141 215
267 258
139 372
74 163
248 128
331 83
44 145
134 227
39 257
327 114
266 265
85 114
187 159
47 96
28 235
7 222
313 334
22 300
48 112
50 35
137 234
107 137
395 209
415 306
376 12
294 320
374 250
16 226
250 49
271 127
26 212
64 359
170 324
203 72
226 418
17 353
253 64
410 150
314 387
37 410
283 417
378 281
413 232
281 42
41 280
261 73
190 298
153 243
329 280
267 97
243 65
257 196
368 250
79 194
101 303
402 295
247 349
184 217
10 355
389 252
261 121
334 157
317 255
161 337
146 278
383 7
28 166
363 253
420 278
51 151
171 203
252 187
271 355
77 226
307 73
214 320
249 9
135 340
189 189
408 268
285 36
158 334
98 255
348 241
282 384
323 10
182 120
202 244
350 376
246 87
78 163
255 97
206 115
70 147
344 257
153 41
317 259
165 326
336 228
287 162
333 347
252 318
33 359
94 172
305 124
406 378
317 49
349 314
220 402
229 387
214 39
298 258
63 292
60 233
150 351
297 399
55 383
203 81
273 239
16 71
205 91
262 379
92 397
204 28
227 286
280 240
246 237
85 60
143 133
361 87
331 21
113 17
112 191
292 71
189 332
243 118
265 373
27 249
128 99
392 35
346 255
61 358
276 196
216 299
63 258
418 370
108 271
4 188
417 188
92 93
382 364
302 66
254 77
249 202
350 170
336 354
352 317
239 188
405 61
135 54
212 62
241 211
340 49
6 406
284 253
110 66
104 79
129 138
194 161
201 397
101 399
252 139
235 138
158 383
232 220
380 376
9 47
74 87
48 43
43 73
11 251
35 177
217 150
62 191
288 230
401 402
91 333
94 212
365 163
312 240
374 217
309 342
399 156
262 63
204 289
234 363
394 255
340 374
235 276
179 413
381 418
338 319
375 183
173 199
378 388
366 290
298 65
70 36
264 113
271 279
268 102
302 325
21 62
111 173
403 145
317 45
151 143
382 305
31 57
47 74
40 95
292 403
207 15
414 57
36 34
59 238
163 264
305 187
46 375
91 259
33 281
24 84
324 352
393 93
373 26
175 281
199 38
343 106
413 373
343 395
308 215
123 323
193 95
81 172
133 197
45 414
271 230
187 243
284 172
310 184
111 195
413 124
199 224
25 276
15 44
181 24
226 76
75 363
217 260
276 20
169 281
404 42
130 87
329 33
387 187
216 416
82 322
345 1
295 169
41 171
233 39
355 235
258 17
418 259
388 277
238 239
74 303
95 40
166 112
55 71
412 326
104 238
168 369
28 15
259 238
263 304
84 232
196 95
97 396
70 406
310 35
59 29
249 386
191 227
117 160
51 250
148 354
67 329
143 195
114 101
4 411
394 418
210 284
168 257
174 407
278 13
179 96
409 57
263 374
310 270
186 29
100 1
225 364
75 233
11 54
96 304
411 103
125 419
318 177
239 63
66 26
26 3
128 124
201 127
42 78
188 189
329 349
170 66
133 77
341 349
377 81
141 256
14 406
152 323
127 190
135 406
236 253
326 400
160 266
348 32
106 86
413 350
83 195
162 325
287 255
364 124
79 365
294 239
292 113
146 117
21 382
46 239
132 284
65 342
36 238
52 68
14 391
252 284
362 322
7 264
160 195
211 15
161 26
57 322
351 144
369 268
359 201
266 412
157 63
360 117
360 383
254 35
366 408
361 344
396 165
33 345
254 70
315 47
380 168
304 102
121 280
134 372
28 377
7 222
40 14
105 301
210 46
308 207
390 380
262 66
53 270
159 258
149 183
107 241
79 214
353 72
81 109
242 322
302 177
99 41
69 166
46 135
395 62
83 114
298 274
313 400
269 391
275 47
203 197
352 126
338 263
165 151
309 52
393 274
298 292
341 213
412 23
401 14
354 43
196 61
310 204
339 214
323 155
32 96
283 105
200 24
386 88
189 390
256 103
83 410
233 330
291 96
156 170
112 408
296 407
112 111
194 256
157 194
331 272
291 186
353 27
281 336
225 41
286 328
225 365
407 321
262 62
355 113
277 133
9 196
302 315
293 223
349 413
355 360
209 244
385 136
271 268
379 335
192 392
281 89
386 351
333 218
327 320
373 382
397 80
7 205
320 99
333 61
206 346
269 177
210 230
216 121
152 127
2 243
191 59
332 377
306 109
339 414
294 63
288 145
163 323
94 194
110 242
400 198
5 77
55 320
158 8
115 252
167 277
187 200
45 222
70 154
169 294
210 105
165 216
11 190
9 34
144 274
303 383
105 378
233 394
234 204
53 104
160 45
281 269
139 266
138 44
314 223
311 176
228 27
393 224
147 44
231 94
167 306
87 244
233 80
204 184
332 67
369 337
230 73
90 154
202 306
58 190
206 81
243 355
412 217
156 40
361 113
58 350
292 410
404 314
288 371
391 36
266 347
348 161
76 177
70 201
5 180
249 145
325 333
9 271
45 226
299 106
67 261
142 199
124 127
96 325
223 273
330 162
105 339
306 138
174 140
254 363
148 61
234 239
375 352
89 285
245 328
90 374
76 25
151 414
187 267
338 275
30 114
80 414
175 258
86 272
14 173
129 269
267 109
384 34
360 399
123 10
314 396
289 121
32 303
353 385
5 392
311 134
211 173
167 340
153 371
194 241
78 333
284 108
229 407
396 70
234 360
229 224
365 127
376 109
120 101
22 307
350 196
313 15
116 96
48 231
239 85
10 388
309 129
162 371
167 172
305 151
240 357
107 320
107 319
29 416
74 151
152 197
322 358
224 237
304 399
175 99
12 281
298 325
151 278
151 237
66 135
37 156
230 415
193 73
274 173
25 302
102 326
372 409
355 73
58 346
175 147
76 21
232 211
52 183
73 196
190 379
87 36
74 291
171 280
263 60
217 372
273 301
133 398
188 328
313 347
372 245
156 328
142 53
98 241
367 212
408 339
94 331
279 83
146 205
274 124
221 317
101 288
91 19
144 419
329 343
398 177
214 191
388 275
345 185
71 344
296 275
388 178
163 362
85 247
146 189
212 6
260 203
88 138
152 363
206 291
414 134
38 393
157 243
242 394
180 344
198 29
306 110
216 375
36 38
382 307
79 275
274 417
3 274
171 210
333 269
246 44
40 139
152 259
282 416
410 124
78 339
217 316
130 93
145 352
287 260
136 340
130 88
378 18
203 384
118 408
389 335
282 42
415 116
102 281
8 228
387 337
157 144
352 408
95 390
192 245
342 346
328 78
69 194
278 255
164 270
336 234
411 418
320 334
217 310
32 110
71 213
52 171
352 86
187 175
81 65
126 299
261 351
263 152
243 5
410 114
363 51
107 371
67 181
233 233
230 34
183 241
401 269
293 143
199 319
343 352
197 304
106 225
379 70
286 160
399 344
251 390
201 378
143 403
249 143
253 355
296 234
238 183
350 128
29 339
229 377
216 392
296 204
105 116
158 89
338 171
191 45
325 364
265 145
33 272
142 155
258 8
10 308
197 74
21 384
206 113
45 87
382 411
399 392
338 53
265 296
133 123
331 420
382 163
390 410
78 256
315 345
66 199
100 153
126 292
344 383
71 400
387 170
85 31
12 189
49 203
9 2
350 380
128 180
73 293
99 141
21 408
157 179
12 365
71 383
225 24
158 323
165 381
188 314
353 66
377 128
411 385
156 44
353 142
318 179
65 307
54 67
338 87
337 268
251 59
229 237
413 128
132 3
266 132
409 378
267 297
279 419
111 125
282 141
35 395
298 38
139 318
71 169
381 29
312 53
233 200
334 309
287 248
59 92
265 372
285 195
390 105
127 292
178 340
38 321
111 396
416 304
394 379
260 84
266 192
199 230
90 406
211 190
121 38
323 228
68 42
254 297
86 28
15 185
62 404
77 254
377 148
41 337
159 410
191 117
75 99
221 20
368 351
38 201
385 338
98 267
88 145
24 187
54 138
391 38
98 218
381 225
42 338
103 350
309 94
7 385
328 376
244 366
145 340
392 313
272 119
202 367
173 39
186 199
365 37
288 316
114 224
158 344
311 297
416 127
45 196
115 309
193 301
150 227
297 75
269 282
140 176
288 195
145 417
397 116
322 52
338 7
302 403
229 293
119 404
13 177
400 40
139 341
91 258
405 290
149 170
74 219
299 114
398 102
297 341
109 302
52 217
153 73
360 204
358 158
394 223
283 93
307 319
140 202
123 123
350 170
178 241
208 284
61 259
189 83
220 303
180 118
82 279
85 246
354 62
265 193
164 73
342 169
151 42
142 282
163 90
407 53
111 19
373 406
52 79
69 260
234 117
120 222
168 341
306 203
416 44
215 274
319 314
331 185
180 25
286 344
138 88
179 78
376 237
103 102
28 180
16 158
272 315
54 3
170 370
54 11
313 417
397 62
227 301
34 163
313 308
157 374
47 232
161 307
135 223
188 317
308 213
307 410
45 384
14 243
196 123
310 246
44 197
166 210
225 102
209 313
148 70
313 320
309 278
412 286
161 391
58 132
44 340
339 313
290 23
115 139
113 304
160 108
156 54
411 256
182 138
314 379
264 406
106 121
206 201
287 128
392 130
245 414
244 55
53 11
74 113
284 109
349 14
102 403
206 138
401 182
190 274
383 39
89 369
108 236
312 216
162 384
250 302
9 221
150 293
378 158
258 168
93 412
97 382
256 281
330 63
174 10
247 134
253 411
369 379
13 380
190 386
147 320
279 230
114 293
15 282
168 47
411 351
381 96
122 97
419 136
144 115
70 374
375 307
314 259
280 411
49 52
153 176
155 391
302 344
1 146
252 28
184 113
230 319
337 291
273 243
335 34
27 385
191 413
373 341
379 235
151 151
204 358
228 205
247 316
351 129
295 182
339 154
135 86
268 244
171 347
3 403
357 144
232 175
304 102
55 360
82 226
50 101
33 294
31 131
234 372
210 66
153 208
313 360
180 382
376 164
124 11
187 338
389 418
344 174
276 109
332 190
408 132
64 338
16 325
75 385
111 400
235 147
374 168
72 264
184 189
375 82
208 104
10 305
406 329
341 37
125 78
352 250
372 143
326 193
169 128
398 418
310 241
320 98
288 132
363 41
419 82
280 54
269 139
20 191
202 322
180 147
323 353
270 305
336 205
384 405
3 324
323 86
279 370
32 354
230 314
93 114
372 285
67 15
36 298
95 41
209 261
368 339
351 121
346 404
66 202
390 89
364 384
112 306
174 1
400 87
170 181
74 292
68 114
1 324
13 165
83 203
84 159
403 136
54 384
26 273
407 189
222 160
269 284
51 221
355 236
399 307
200 303
419 369
152 398
95 251
213 13
114 138
243 199
124 365
246 122
267 39
70 184
80 132
262 378
349 152
131 393
111 339
97 90
287 299
239 99
15 343
22 380
45 375
17 397
47 190
291 172
415 337
134 269
279 315
280 326
110 396
322 297
387 244
409 314
149 97
13 330
8 309
296 126
294 125
179 357
84 112
142 329
165 116
90 223
44 162
156 53
97 277
355 304
251 175
410 341
224 28
189 241
161 225
364 129
278 361
91 396
272 195
250 122
177 108
410 156
393 329
50 353
117 47
108 115
49 314
215 342
155 386
165 226
178 343
324 298
324 39
37 122
388 48
265 388
177 150
192 82
343 33
63 255
213 197
50 361
103 70
346 293
282 56
233 140
360 162
369 221
250 285
73 226
57 388
131 186
376 193
407 85
331 195
294 16
405 124
300 344
336 295
22 186
249 128
239 400
273 43
185 115
224 127
266 143
21 1
76 312
204 172
401 414
90 410
104 352
18 124
378 113
249 382
294 290
330 375
227 178
12 6
248 193
322 124
304 244
2 410
68 244
273 112
41 399
136 151
317 196
355 237
382 168
358 170
263 127
79 246
124 202
343 140
198 30
230 166
277 118
253 44
363 293
416 216
50 223
387 175
322 29
300 63
381 24
235 71
376 42
20 76
347 397
278 374
128 31
350 138
75 224
312 73
116 139
45 291
188 46
218 31
140 129
289 77
207 170
365 89
109 13
412 206
236 17
168 69
89 235
14 360
13 367
286 80
343 314
403 14
131 321
90 321
302 52
277 125
355 41
18 100
94 137
123 350
356 162
124 260
270 254
140 28
182 409
291 170
420 302
81 326
76 151
4 370
118 403
286 144
233 301
276 280
185 248
175 5
311 88
33 25
14 383
145 403
305 220
327 131
135 100
89 271
88 353
24 234
88 323
261 249
296 36
359 168
269 277
418 307
364 298
375 29
267 178
301 227
211 170
134 119
194 42
50 314
260 146
182 130
116 235
411 129
273 44
384 37
116 185
4 229
140 255
182 369
118 321
309 142
405 186
420 217
332 249
344 348
277 19
236 112
236 110
1 125
32 18
16 136
355 142
342 377
155 60
164 236
91 287
420 244
388 321
388 127
93 20
410 327
276 314
372 314
109 9
145 91
325 150
3 379
289 211
153 233
150 198
131 392
420 173
54 332
19 87
106 212
184 14
115 14
347 65
113 375
290 43
261 237
194 411
219 40
77 260
281 344
225 392
267 122
296 227
215 411
33 44
354 298
251 416
124 69
26 289
192 273
46 310
294 174
327 401
99 94
216 296
163 60
135 416
284 69
141 252
381 204
3 358
173 407
5 164
355 395
351 269
45 17
278 402
386 8
102 155
50 76
66 219
65 115
241 420
216 261
337 237
404 54
148 221
23 111
117 6
313 168
108 54
406 102
60 347
231 410
111 395
166 90
20 334
54 95
305 35
410 251
380 240
121 95
59 73
173 130
91 95
415 226
155 302
152 376
36 242
54 44
419 52
219 248
303 395
397 148
245 111
320 280
338 118
377 112
287 288
313 283
327 389
138 272
43 414
240 347
394 384
56 102
308 211
102 100
121 292
391 112
337 69
284 412
419 65
337 143
18 108
154 323
346 274
172 309
212 361
88 396
233 390
146 402
45 67
41 311
175 242
286 285
235 137
85 371
238 149
105 262
175 32
337 256
353 79
228 172
296 332
358 289
204 17
361 26
24 202
124 202
345 157
393 396
402 259
179 141
335 89
416 78
315 107
91 96
85 324
201 71
117 3
376 178
281 252
206 352
90 301
114 124
290 49
26 371
181 351
358 127
312 206
235 128
257 68
214 375
250 268
401 299
317 285
283 295
245 61
62 276
328 155
322 17
389 117
216 333
419 175
291 155
383 395
103 343
420 49
112 359
375 223
136 259
337 118
75 144
351 241
380 115
268 346
391 199
249 409
211 367
161 278
115 419
60 213
416 250
58 306
132 267
259 204
382 371
263 273
156 210
414 157
402 259
356 190
399 200
304 357
391 333
206 166
151 273
247 275
395 196
180 233
387 68
135 233
170 94
289 108
37 262
300 334
148 16
173 52
230 113
390 153
390 259
409 358
145 148
246 120
181 405
194 123
32 196
240 393
403 357
330 56
155 184
248 277
43 129
73 58
42 293
309 282
72 395
22 235
94 356
383 256
41 225
5 199
213 165
166 413
409 41
64 132
168 331
1 60
28 382
269 410
329 190
277 161
15 124
50 62
271 41
10 294
216 15
372 311
279 295
286 54
35 183
88 285
342 72
328 30
283 190
69 124
286 142
325 319
200 94
335 365
56 365
92 279
112 289
226 276
145 34
217 13
169 415
48 237
224 394
406 90
288 339
96 4
25 20
41 58
199 251
137 104
131 59
210 64
192 128
403 382
97 344
169 302
73 94
86 207
254 226
80 109
146 363
57 202
273 130
383 123
74 74
387 144
186 248
214 138
88 124
107 311
57 157
370 236
39 178
215 341
337 267
304 40
10 6
365 132
355 304
98 97
292 405
177 39
98 409
220 285
183 91
311 390
128 412
323 216
320 145
209 358
416 404
413 39
176 63
93 403
8 263
405 324
65 318
189 346
334 132
313 93
100 100
316 207
160 112
342 252
209 23
365 380
338 74
381 217
185 40
225 84
215 243
163 381
14 80
409 194
55 132
159 191
44 124
317 307
418 89
386 204
70 349
350 266
38 111
383 87
321 282
7 278
274 310
143 124
420 61
400 181
223 106
290 344
87 364
303 65
126 225
260 350
2 68
7 15
96 115
206 172
188 1
275 221
22 114
276 152
170 11
18 417
145 300
393 267
20 267
321 132
80 372
253 273
1 149
83 73
156 15
179 400
81 333
238 150
337 14
72 389
283 342
35 83
346 100
261 90
232 40
9 290
378 139
217 156
176 341
236 284
59 167
70 253
348 29
35 102
318 51
314 194
74 383
60 21
164 224
212 392
412 300
18 280
212 14
49 187
154 314
376 29
101 215
19 392
309 330
340 80
185 362
267 153
268 154
198 183
107 276
271 193
225 378
219 254
114 330
266 134
53 222
62 411
247 182
50 294
417 318
11 264
335 379
185 255
419 401
175 263
327 386
343 219
156 155
165 60
241 147
166 229
281 209
418 73
155 397
161 380
175 342
361 103
54 22
236 39
143 286
56 113
74 18
283 154
245 299
344 352
109 224
96 321
126 89
371 370
333 204
407 174
173 284
178 312
118 151
243 77
284 88
98 281
64 255
222 193
358 332
258 268
375 210
406 395
221 313
13 83
68 79
158 324
202 61
141 250
18 269
174 187
117 61
122 29
414 353
295 404
323 11
71 140
121 35
373 291
101 321
394 340
93 192
184 346
376 325
104 140
1 223
391 52
111 133
161 386
100 148
325 44
374 279
386 250
243 246
77 320
390 24
411 188
80 228
128 167
77 81
404 103
49 117
319 363
202 235
169 165
161 214
262 165
349 154
388 223
68 130
138 116
396 48
174 289
167 412
273 323
259 199
208 195
143 234
408 4
207 234
205 201
28 340
410 47
186 249
31 145
88 406
106 356
215 196
364 319
284 183
206 12
13 111
219 239
125 219
400 238
196 178
146 127
13 146
348 220
272 395
246 64
391 36
420 286
168 232
99 88
272 65
298 262
189 366
301 309
158 33
191 344
339 286
376 127
366 348
343 149
181 195
386 89
178 157
19 194
277 189
138 177
401 272
249 63
346 137
347 189
34 324
166 179
320 143
403 15
56 337
63 241
68 213
264 68
167 88
130 379
4 112
60 309
24 291
207 20
150 322
196 255
395 329
31 350
23 232
30 328
251 409
96 304
186 273
180 363
304 157
262 318
75 130
163 345
219 72
208 370
287 35
225 277
74 61
196 76
223 119
2 264
4 342
420 286
137 396
309 357
165 365
399 289
303 299
108 325
313 99
328 138
415 246
16 98
270 98
220 154
111 190
233 174
306 258
197 265
366 242
112 214
242 12
69 109
159 164
89 54
248 288
22 183
56 308
273 108
67 145
10 399
345 182
296 38
120 116
187 4
181 15
124 204
264 50
200 403
50 192
311 306
229 265
327 104
144 265
93 166
197 379
185 67
290 319
8 156
360 285
155 188
91 98
262 227
61 55
257 126
74 278
133 84
158 33
158 138
51 21
272 67
189 20
161 403
287 117
350 25
282 136
367 216
379 371
312 140
60 153
180 48
243 409
197 100
179 251
4 191
160 348
387 270
275 94
188 351
246 295
271 118
152 7
7 246
385 408
200 6
260 184
314 277
322 85
385 365
286 7
262 91
277 404
363 99
46 155
64 240
123 85
183 350
174 406
69 357
390 213
57 245
285 349
278 154
275 86
140 221
402 233
255 87
55 273
320 215
50 200
297 161
176 415
280 190
35 277
291 318
92 274
419 170
289 368
309 245
25 49
394 100
6 98
340 343
122 65
54 261
352 91
247 241
46 249
415 132
349 13
41 79
99 50
133 131
193 153
414 411
380 309
304 269
131 132
50 230
33 402
137 403
192 134
208 400
211 322
297 261
253 48
48 109
37 366
227 246
419 247
320 56
113 257
344 266
173 127
8 187
14 416
391 156
64 23
242 125
71 172
203 141
28 194
188 236
180 10
247 245
45 134
93 74
233 391
368 396
277 91
60 417
386 293
173 127
18 17
400 160
217 241
64 35
148 322
381 29
385 237
149 329
234 83
116 86
132 170
262 73
143 61
12 218
376 375
229 411
247 34
399 359
162 73
268 213
222 64
12 334
295 278
418 233
236 294
125 195
114 183
8 366
178 296
306 251
37 293
237 244
396 184
91 339
143 235
352 398
294 257
171 107
236 78
35 181
332 405
266 252
338 21
171 31
276 36
333 87
291 372
96 138
418 269
66 379
40 71
316 293
79 338
349 273
309 304
146 61
396 57
126 73
147 36
30 70
242 32
204 289
52 415
205 342
69 240
128 244
387 268
284 126
2 161
21 244
13 252
228 199
316 330
355 286
246 56
39 31
45 328
229 107
105 247
85 72
217 313
10 372
22 250
413 36
363 353
218 401
236 96
134 230
70 257
237 217
258 314
361 58
226 127
345 170
168 246
258 410
59 3
216 368
121 259
335 22
143 15
239 26
286 32
164 212
333 368
73 419
85 418
134 7
116 12
283 116
53 249
336 377
65 300
313 26
122 316
343 359
320 164
23 18
313 72
218 224
16 385
211 302
185 267
227 8
240 19
264 168
253 165
244 142
92 62
57 349
360 65
327 313
16 40
403 388
307 315
302 85
56 82
91 396
398 272
74 150
402 3
225 273
30 398
65 53
204 210
288 107
315 32
53 191
212 86
13 52
215 172
362 48
370 308
352 126
225 355
77 46
401 229
121 204
341 39
411 12
131 246
98 16
300 34
345 250
1 182
159 209
153 232
277 50
93 182
127 47
61 311
366 386
391 281
28 184
264 24
7 84
33 281
10 30
14 194
205 199
377 48
29 199
198 404
187 304
70 172
64 286
172 5
192 272
37 298
205 157
147 114
355 138
134 89
389 396
78 333
348 268
148 75
307 278
288 288
204 98
18 343
138 78
222 233
385 375
155 139
393 329
284 161
391 306
97 144
196 31
297 139
420 33
61 101
93 308
15 265
178 405
239 350
381 294
338 391
12 136
202 124
113 242
321 55
343 183
54 63
377 26
117 74
188 187
325 263
39 115
191 48
78 238
238 191
243 105
226 85
291 385
82 414
238 97
330 61
48 196
16 110
386 148
104 251
57 178
104 22
229 351
241 217
419 168
190 358
299 31
288 147
407 385
394 104
19 251
302 210
78 383
63 187
101 172
281 19
1 330
200 368
188 9
168 216
71 92
178 100
104 359
76 108
326 286
65 196
262 146
391 379
250 345
95 196
2 256
58 193
369 154
291 289
36 45
93 175
274 75
226 170
293 27
144 67
328 271
229 4
356 385
171 294
229 286
169 377
156 19
207 58
399 258
344 387
289 209
396 285
214 267
290 55
348 291
182 165
189 41
70 378
81 405
166 308
110 12
23 236
287 376
110 378
383 58
232 79
287 47
199 116
380 307
262 108
203 141
323 171
412 62
373 86
54 239
86 195
80 113
227 336
205 199
27 46
248 255
164 161
301 87
207 254
164 148
188 278
304 95
241 145
191 294
245 260
36 91
3 62
384 11
173 130
164 195
390 216
340 190
89 351
48 162
84 374
350 370
23 299
73 32
88 349
109 9
288 220
195 92
69 127
163 49
338 58
414 15
352 113
165 304
248 287
371 152
366 346
366 30
345 217
181 400
42 415
316 86
369 71
103 236
29 13
207 35
18 63
103 46
374 402
301 326
134 79
351 409
175 39
321 57
210 292
74 69
393 202
143 403
131 206
110 150
150 97
362 24
394 236
213 14
6 129
52 366
358 364
319 21
94 229
350 251
418 140
406 271
321 214
82 241
401 194
402 347
76 9
208 253
391 102
207 224
241 329
76 418
195 316
358 89
1 19
134 147
63 222
173 27
377 153
219 238
261 16
175 278
242 23
192 201
41 245
237 379
84 230
70 263
211 344
136 103
168 367
89 283
316 118
226 231
405 270
36 239
122 28
111 118
22 361
372 165
11 341
129 191
385 242
37 110
68 297
204 317
172 81
250 23
116 53
358 214
398 385
215 76
372 129
80 261
217 89
352 169
376 76
285 309
334 401
241 311
54 84
244 118
81 357
27 265
279 15
348 377
126 35
139 241
68 5
27 340
379 147
126 344
341 196
339 335
60 162
267 66
171 204
174 177
226 339
236 191
220 370
308 33
268 108
118 403
279 215
360 329
377 44
100 322
290 271
258 235
312 291
42 31
420 267
149 255
58 89
403 205
167 221
207 102
177 200
301 223
222 139
168 150
276 114
110 148
64 122
165 85
220 320
375 111
280 346
334 66
61 71
93 203
59 209
266 86
91 23
404 272
366 284
167 405
159 406
298 44
81 2
280 371
37 49
93 352
360 356
212 306
218 395
343 112
64 144
209 275
299 52
377 410
56 339
104 297
406 232
103 379
220 109
157 90
251 105
102 153
217 105
129 287
70 150
346 103
107 61
377 193
249 347
272 80
43 338
274 205
319 3
276 265
244 321
130 168
85 259
302 296
130 415
340 252
23 179
324 320
94 81
207 73
333 20
196 168
31 341
293 104
235 376
373 398
72 356
274 181
161 47
14 220
405 25
273 208
114 135
109 111
227 376
11 208
242 356
199 113
196 119
153 215
245 66
251 207
99 332
88 86
301 208
196 73
380 205
23 244
101 57
348 17
247 304
117 38
409 43
317 64
48 329
191 87
167 166
286 19
276 261
127 94
123 116
143 166
15 116
327 186
198 70
54 367
409 296
92 55
213 315
75 345
352 414
283 77
68 34
210 55
250 396
65 370
239 63
263 30
99 141
20 35
323 186
52 156
10 305
322 164
189 312
194 340
14 347
287 398
306 20
106 131
252 358
204 13
258 311
1 80
107 93
180 213
325 374
354 407
333 363
310 266
142 79
368 347
402 122
247 70
97 265
363 326
328 186
65 123
391 191
398 273
353 139
79 56
159 370
195 300
231 334
102 330
14 94
319 231
159 192
174 189
91 338
117 387
159 16
302 415
194 371
183 352
109 397
132 169
418 408
137 364
387 86
220 382
32 7
168 302
82 140
23 68
253 66
160 192
164 128
398 12
362 140
310 196
344 208
134 241
225 116
420 376
257 271
197 417
136 119
184 299
329 99
237 374
378 195
158 51
161 328
347 237
21 107
349 354
361 260
300 20
224 43
306 2
362 274
209 204
148 261
229 175
80 340
276 16
355 1
209 96
220 384
338 203
297 405
398 72
216 185
188 185
156 379
164 59
272 151
109 280
278 324
246 111
313 261
125 199
234 294
285 224
299 235
315 23
236 355
415 313
44 394
271 182
414 169
285 358
209 278
205 415
341 389
326 350
254 166
191 1
106 406
207 275
227 277
237 164
243 393
125 297
385 297
401 115
150 364
68 233
156 69
344 380
360 228
277 360
235 92
392 390
128 256
191 402
227 96
77 135
146 181
368 36
177 350
371 33
206 398
319 315
333 369
163 24
254 285
36 361
383 125
223 163
3 165
55 411
74 225
241 388
180 122
64 372
262 28
68 9
320 332
403 281
372 413
65 85
114 277
48 89
55 327
117 20
81 399
319 158
416 251
182 94
322 130
339 187
362 69
336 85
237 337
332 408
211 258
227 301
101 396
141 79
128 86
202 167
347 193
64 250
74 77
304 54
112 139
13 145
89 328
330 405
394 25
76 78
230 412
120 131
42 140
31 162
138 303
68 404
305 397
18 105
282 384
130 317
351 139
242 213
83 124
15 230
420 217
385 130
361 55
152 319
142 207
64 243
383 125
326 173
113 47
18 82
102 212
340 84
104 53
123 283
41 86
352 86
85 83
297 124
94 17
117 176
341 339
145 147
221 324
330 120
12 309
340 40
309 96
394 137
219 319
299 364
242 40
335 328
130 10
383 23
193 18
375 201
388 156
380 146
40 5
367 262
279 12
201 232
281 392
65 338
102 100
334 121
11 203
84 237
366 252
213 60
134 269
144 371
168 177
176 399
226 117
37 336
344 283
132 155
259 274
324 222
143 82
275 299
162 101
211 79
288 175
212 188
347 279
295 207
48 227
251 138
169 142
14 356
293 96
180 313
13 317
314 222
187 266
103 135
178 304
36 236
355 315
401 111
265 230
281 323
104 83
385 145
81 285
53 234
122 213
244 209
18 366
76 287
319 218
55 199
165 221
90 46
47 328
184 384
204 243
180 97
378 177
408 132
296 364
318 107
46 378
221 381
6 89
227 226
231 307
27 225
393 330
107 258
3 377
209 85
183 30
50 307
231 59
140 147
62 337
110 179
218 405
333 49
329 297
38 143
286 264
161 298
279 219
322 21
152 29
146 156
82 221
353 78
402 331
258 281
382 95
180 222
225 292
361 203
419 304
273 380
164 208
156 222
414 200
259 55
244 320
90 231
272 114
109 80
345 289
12 269
368 77
388 72
8 362
95 317
320 180
353 183
216 349
310 164
141 392
240 124
347 213
137 21
310 93
167 362
147 313
206 326
42 98
391 319
274 329
209 394
262 293
16 138
22 293
313 107
245 71
93 233
276 363
150 235
41 102
175 291
192 183
335 72
42 218
117 101
57 79
206 197
124 244
21 103
39 46
338 168
214 259
28 249
70 142
149 147
219 231
390 288
374 237
307 314
43 242
135 84
419 61
360 94
88 225
246 144
306 98
239 238
293 344
330 56
192 204
202 258
194 100
230 205
395 159
100 49
42 137
39 417
226 131
69 77
413 56
357 108
70 100
355 38
364 309
179 257
239 100
413 360
85 55
267 10
152 175
204 268
217 376
186 235
37 314
409 64
96 129
389 275
9 364
155 420
280 178
36 355
283 332
197 115
153 145
261 230
207 349
385 13
298 390
257 279
327 164
113 149
220 358
266 76
66 81
393 392
255 28
243 228
157 103
271 131
167 369
125 251
280 198
6 198
407 355
339 387
26 82
333 133
368 257
262 53
278 136
148 212
131 329
105 183
45 92
93 297
35 270
94 296
153 353
106 61
293 391
24 170
330 59
87 303
182 152
38 182
371 103
350 31
233 34
270 85
133 140
123 211
274 331
298 252
311 349
85 246
308 36
247 245
177 387
137 78
98 45
374 164
143 224
372 78
370 84
386 420
216 79
90 325
40 4
27 79
118 13
233 311
301 95
310 375
96 86
98 374
398 413
80 226
301 363
261 173
415 102
126 206
162 11
133 416
281 382
80 276
181 239
340 374
283 179
219 399
402 71
266 259
22 193
416 170
144 339
341 85
215 296
397 207
140 403
150 399
298 304
372 113
127 299
274 331
100 95
414 216
383 2
382 163
119 83
55 285
289 292
415 248
335 113
238 157
305 200
55 355
294 121
288 91
390 108
24 20
238 186
89 358
273 122
374 201
13 370
57 56
166 94
397 343
265 82
209 42
415 169
345 182
93 401
235 217
282 25
63 141
234 337
384 359
95 236
56 244
200 87
135 281
235 295
113 403
320 11
180 255
321 358
375 305
86 371
345 412
219 290
195 104
250 70
173 166
136 255
166 73
126 145
147 159
292 40
306 325
51 140
352 268
413 177
287 108
117 28
398 390
2 181
115 35
257 42
341 337
388 186
122 148
101 146
261 155
39 35
345 331
148 44
223 38
134 232
338 128
317 394
232 185
161 312
201 74
415 371
155 57
272 314
24 364
94 352
292 403
420 391
151 286
105 303
191 394
226 380
335 92
159 154
73 276
354 3
326 269
392 361
55 107
1 210
183 371
251 207
265 152
394 10
346 200
271 109
122 316
5 236
128 276
286 420
81 52
379 196
388 257
299 46
286 265
244 193
173 242
57 5
114 313
108 149
419 242
59 214
179 52
129 11
414 394
184 99
244 394
29 219
299 206
197 418
76 128
131 196
6 7
75 203
299 243
304 198
29 266
382 329
294 95
118 364
409 359
331 19
413 397
228 213
142 402
6 367
131 286
103 315
377 136
36 125
77 207
406 211
63 77
276 22
353 282
257 265
354 246
162 233
248 7
410 99
412 401
32 228
398 124
166 274
24 22
59 86
277 320
321 166
75 149
201 109
134 115
69 113
202 165
361 241
306 47
240 276
9 354
118 261
118 243
93 148
246 3
266 222
310 183
190 408
2 186
419 109
301 218
37 379
58 291
397 125
246 272
139 19
202 33
346 183
282 22
150 143
159 137
123 128
352 81
138 296
1 392
204 411
255 366
406 199
237 355
290 313
84 415
382 366
131 231
9 210
394 247
68 130
112 327
219 2
385 32
95 189
289 8
420 171
326 127
183 144
156 107
228 186
380 319
215 291
348 162
14 379
234 194
77 168
139 332
196 391
311 403
220 46
104 142
310 232
233 165
58 143
183 228
261 125
378 235
336 58
303 43
317 266
355 367
385 81
342 133
402 258
273 398
415 320
235 43
272 161
376 67
299 222
368 324
123 345
224 369
66 78
361 399
331 262
284 312
277 241
337 169
327 265
411 384
315 234
233 418
88 154
2 143
153 307
61 35
256 155
43 154
145 330
113 88
151 66
73 40
221 236
178 226
184 100
225 171
36 89
36 342
290 367
146 336
213 53
10 27
44 218
132 389
314 113
283 20
51 387
253 195
136 273
110 332
217 39
349 315
206 73
402 291
92 79
268 143
18 104
367 74
97 246
178 337
356 222
35 77
20 78
364 153
55 283
288 171
169 318
367 379
139 2
330 229
342 350
58 329
324 142
180 358
260 88
213 21
274 292
181 332
140 134
11 9
301 97
61 297
73 272
371 306
2 68
9 76
76 246
123 410
37 90
99 290
221 105
160 292
246 118
369 369
192 128
132 386
326 164
100 376
59 119
250 401
419 113
87 167
356 213
38 74
173 20
33 337
27 69
401 136
235 105
56 68
57 402
320 307
403 154
197 83
398 330
162 363
111 108
358 18
215 66
383 143
103 166
177 80
191 231
109 68
266 197
298 324
235 148
78 373
156 362
159 297
328 74
44 200
175 171
280 140
53 123
342 334
36 331
139 113
248 245
173 150
343 156
83 127
87 54
39 90
346 267
319 73
377 365
379 292
213 390
346 277
200 201
388 169
407 204
349 393
39 237
9 156
156 411
309 181
281 289
126 408
236 124
358 108
149 247
415 118
61 51
264 74
155 387
304 266
415 294
19 342
189 176
171 253
144 8
351 399
22 5
97 107
45 217
268 93
74 63
22 64
38 66
236 89
411 177
410 276
159 173
279 365
333 128
193 107
284 288
104 215
49 216
220 65
132 190
227 61
129 305
335 39
356 160
295 419
191 371
397 73
34 145
404 217
80 367
9 308
50 250
86 277
295 147
164 23
362 223
260 159
141 235
302 380
4 137
166 97
202 10
347 224
26 140
60 33
85 363
55 17
167 55
310 12
223 110
176 259
396 272
350 35
278 323
192 239
34 176
159 224
151 92
327 399
309 292
375 42
375 400
208 295
144 292
135 143
355 224
97 241
292 269
129 102
18 416
153 234
267 105
262 46
224 19
263 123
380 189
317 350
190 259
7 333
36 134
62 85
391 126
101 232
219 51
330 344
326 261
158 359
296 213
234 139
176 379
255 167
95 85
89 170
337 110
271 323
126 206
14 121
196 204
28 206
220 54
7 151
253 16
141 349
375 53
344 15
251 145
276 130
384 134
65 380
167 291
319 242
93 246
2 162
85 322
218 406
387 408
403 204
161 41
408 412
324 294
357 341
94 24
317 166
185 374
307 201
286 363
71 204
121 360
367 73
305 214
199 159
200 369
67 112
200 3
103 63
275 208
30 391
89 390
47 420
88 36
114 155
149 79
226 274
196 155
41 367
32 228
234 187
329 410
133 343
333 81
6 15
237 374
6 165
107 129
264 166
409 138
87 234
405 303
132 213
91 27
222 386
126 364
228 369
239 39
72 162
66 290
6 193
133 354
322 153
164 99
45 273
374 205
286 266
66 64
143 302
305 374
393 192
233 208
289 306
420 120
302 226
14 174
138 387
231 130
232 76
172 333
141 281
319 101
222 175
332 116
100 92
50 331
178 63
410 263
259 84
389 52
54 283
59 254
85 355
272 118
194 46
19 17
118 242
333 44
238 358
168 413
11 3
229 138
93 190
283 316
39 183
212 195
324 35
254 213
155 374
46 383
33 254
196 304
396 199
106 367
419 258
107 405
302 317
94 390
236 88
178 254
48 357
176 73
229 225
12 41
394 269
203 315
242 39
342 171
403 4
153 4
363 47
372 154
357 122
339 188
229 213
189 108
91 212
61 383
109 221
104 119
293 357
377 319
95 400
255 363
42 334
368 340
252 268
41 85
353 20
204 88
317 330
310 320
125 182
21 302
309 205
390 223
89 418
409 100
267 76
310 339
389 174
28 48
411 215
64 71
274 300
8 414
276 24
37 38
166 355
246 365
339 264
18 367
236 9
149 135
235 88
255 375
16 308
289 11
192 48
406 41
279 209
109 131
313 129
135 76
279 227
153 51
305 104
11 292
389 225
385 11
91 276
328 28
195 44
403 189
98 407
149 84
390 13
332 386
344 240
383 316
74 420
244 378
72 270
347 14
239 14
175 69
273 273
225 18
7 159
376 261
418 398
99 263
250 6
149 105
130 305
269 383
186 97
207 149
357 101
224 214
385 333
307 28
239 189
140 177
290 264
241 369
62 150
121 110
17 224
321 94
164 197
299 164
313 19
10 82
225 96
379 271
100 279
395 123
118 191
134 2
347 215
335 238
22 2
340 331
32 262
141 403
121 106
150 375
237 274
354 57
135 327
418 417
357 100
244 391
332 152
203 88
12 172
57 109
105 268
142 418
134 80
102 202
350 176
260 341
251 295
160 98
155 232
270 62
56 66
244 120
235 186
329 399
162 121
130 414
191 38
53 3
226 279
338 99
352 375
348 159
90 416
354 67
159 57
164 103
323 334
292 119
219 20
366 411
373 67
15 226
247 220
147 109
164 243
224 34
418 414
168 397
37 143
157 249
53 96
9 19
190 254
137 117
174 289
60 192
134 307
220 156
387 283
147 21
7 196
227 113
348 185
395 183
192 413
60 176
133 138
330 415
184 44
265 326
1 412
138 386
253 240
184 154
306 103
1 415
343 129
313 401
407 120
247 227
187 303
190 243
162 241
243 256
63 45
331 278
251 340
36 172
349 58
69 252
160 9
156 3
259 113
375 254
320 333
352 217
196 239
375 121
264 16
195 340
245 41
26 401
17 29
314 133
22 311
337 280
310 169
310 126
95 210
112 133
223 171
315 296
321 197
175 211
187 263
123 403
178 288
69 334
135 215
184 266
15 133
31 162
292 188
277 148
55 146
89 146
345 389
45 114
90 401
291 379
262 135
170 372
79 378
310 210
293 402
236 245
51 223
87 117
277 339
224 56
208 392
139 327
253 298
6 202
13 417
76 418
123 334
221 257
26 93
259 226
134 105
189 228
360 18
200 110
360 273
159 27
415 244
403 291
177 129
332 288
381 340
151 38
4 202
153 27
123 83
32 307
79 101
76 306
37 183
97 123
109 281
334 41
51 323
220 396
349 235
319 38
94 418
275 335
293 265
43 361
137 294
332 169
311 60
373 350
386 362
125 98
328 362
76 324
321 370
407 413
78 183
397 37
406 283
136 324
324 265
225 419
377 139
409 344
218 346
377 406
160 189
187 125
351 57
200 143
364 310
383 339
98 136
370 243
126 194
201 117
401 220
331 304
308 295
69 111
92 235
326 405
315 318
399 70
246 103
290 295
78 133
122 118
69 124
333 28
255 294
269 2
137 299
162 196
362 418
218 395
395 396
6 374
304 141
123 385
337 36
287 102
10 416
117 1
310 274
178 337
188 304
164 190
348 321
128 360
280 211
247 79
146 60
230 308
353 194
240 199
355 420
286 375
210 322
316 397
380 288
159 394
302 60
312 123
135 153
307 236
235 355
259 410
250 330
138 416
315 83
80 113
120 202
21 137
130 242
291 366
286 356
56 304
31 320
379 313
28 127
320 95
173 131
150 359
200 83
258 2
352 125
47 406
80 172
208 28
399 109
77 215
220 381
142 326
278 46
202 178
89 69
388 376
155 17
272 109
154 337
16 125
404 318
42 276
296 377
169 40
24 61
230 243
74 206
256 9
40 158
350 180
91 346
289 7
312 390
406 152
336 215
342 177
192 321
52 405
137 179
217 152
251 73
241 388
252 348
350 96
18 180
40 374
168 256
68 368
151 89
372 89
66 373
355 120
334 101
116 409
113 82
287 32
88 303
283 315
244 405
377 190
88 141
116 334
12 178
17 29
325 407
148 314
356 303
325 201
57 296
67 178
315 190
254 416
63 320
82 267
235 163
104 108
305 12
180 2
22 365
375 400
274 204
216 192
326 368
288 261
95 390
327 345
212 255
157 151
18 358
285 200
15 270
186 217
219 105
66 121
193 1
411 412
49 185
319 19
56 10
342 19
101 281
150 334
30 209
303 132
230 121
58 120
45 167
36 153
229 199
417 231
156 286
219 212
331 413
361 265
216 377
248 143
240 64
2 4
152 284
37 133
404 413
171 403
27 399
159 119
147 239
368 136
208 352
319 400
406 174
126 244
412 163
208 311
380 187
215 216
122 399
380 384
181 108
18 396
379 265
57 276
127 366
28 52
26 335
110 180
210 96
379 134
164 333
282 398
248 342
284 129
140 176
164 182
378 417
308 75
286 144
149 209
358 261
355 387
384 64
52 291
279 172
320 301
105 176
229 390
132 249
88 258
128 231
237 341
108 300
333 146
262 63
86 324
40 321
127 93
175 54
155 136
415 162
342 107
280 308
207 313
45 404
189 11
336 145
251 327
346 358
73 50
119 313
111 1
416 395
390 233
100 156
378 194
237 363
291 118
284 348
144 348
247 32
294 168
335 270
90 90
258 232
209 214
271 12
83 284
184 344
286 124
392 167
152 387
79 155
379 33
283 90
183 11
335 115
266 236
239 304
4 328
147 271
326 283
116 140
348 198
160 121
401 229
255 302
381 231
214 312
141 226
139 153
129 371
352 102
339 358
342 209
329 72
390 58
255 325
226 24
201 263
263 255
37 139
295 109
199 335
342 60
39 209
81 314
390 262
397 158
172 104
88 147
389 71
300 353
86 94
252 126
31 130
84 411
57 227
229 260
294 151
370 304
284 304
355 345
187 385
86 343
224 170
180 224
284 133
243 244
43 417
193 399
106 282
18 320
349 65
211 180
153 186
22 244
279 363
270 275
100 325
414 106
31 9
140 170
268 411
193 5
231 8
56 261
277 396
69 124
220 7
137 401
322 248
157 75
366 381
141 398
15 412
75 10
235 400
418 249
154 402
287 90
303 131
150 9
205 267
119 110
100 227
81 113
289 8
258 31
262 100
18 210
117 176
334 17
282 127
278 247
353 80
135 292
247 290
292 56
330 412
364 99
356 225
183 203
25 103
178 176
270 268
13 267
349 135
27 208
416 228
160 313
142 261
50 189
361 49
277 273
270 322
11 242
323 149
281 270
270 403
21 31
397 180
261 345
121 203
281 354
56 22
399 207
310 396
20 394
217 162
157 172
331 281
51 205
13 100
128 392
382 117
251 278
88 393
112 383
281 339
403 354
381 109
73 47
338 160
139 220
78 10
139 188
367 209
288 185
286 355
290 178
35 56
405 116
260 104
205 227
8 63
157 291
173 292
177 402
122 322
90 157
139 237
32 404
320 260
69 354
386 43
70 378
280 274
390 180
40 386
127 169
82 232
241 290
262 416
331 93
96 301
223 370
351 321
252 25
346 361
340 237
260 290
325 255
117 10
201 338
211 128
226 324
104 149
325 200
80 350
16 395
53 356
57 115
280 362
333 47
36 188
331 4
317 300
365 319
379 207
418 237
390 337
92 206
197 69
215 172
359 96
331 62
312 415
167 30
260 342
163 214
310 176
91 187
261 99
366 192
12 330
108 134
170 365
194 385
377 244
304 240
347 289
235 240
330 288
126 185
71 123
238 215
88 318
225 234
258 147
33 55
66 43
232 287
297 230
358 368
253 310
278 390
389 162
407 398
362 73
360 150
243 47
327 67
262 143
116 371
15 80
18 269
302 5
136 377
106 73
415 304
111 309
16 51
223 384
328 14
195 367
7 77
389 21
91 212
107 331
75 181
96 325
169 272
106 412
342 324
12 410
280 351
337 232
28 137
108 365
163 378
250 158
110 293
90 311
180 213
289 100
265 368
248 287
120 395
148 215
271 15
33 216
230 97
414 277
307 246
294 105
41 126
254 248
330 71
268 370
336 46
275 43
142 63
139 265
64 222
13 85
60 117
228 313
326 364
278 40
342 69
269 155
64 169
306 222
199 261
112 253
219 244
330 335
398 279
353 5
190 146
244 20
210 104
70 338
404 389
415 162
12 345
40 355
366 130
22 380
261 215
139 111
204 305
176 356
93 77
297 402
96 144
49 239
167 329
364 366
136 419
18 300
419 40
104 419
123 42
6 399
297 393
110 363
209 134
44 51
184 398
192 254
200 401
341 298
348 362
311 37
374 301
415 321
157 223
72 197
28 336
196 4
217 113
175 27
358 301
398 383
299 360
243 381
416 105
40 388
201 365
373 114
48 281
196 326
183 161
301 125
220 178
19 68
151 270
126 142
48 53
241 210
402 354
246 372
10 324
413 1
250 54
202 297
72 200
50 268
308 194
93 373
119 416
48 184
284 356
333 98
93 270
381 138
61 12
87 311
303 29
216 44
318 198
251 374
143 197
245 181
55 22
90 349
241 397
383 110
51 288
102 288
182 330
143 131
383 391
9 320
194 165
251 233
262 292
232 260
64 388
21 115
303 76
8 22
89 282
15 294
270 143
94 216
366 55
374 63
142 149
10 50
145 154
387 30
196 99
101 53
196 96
205 325
370 359
83 399
413 123
289 171
356 42
313 177
82 163
413 59
35 185
204 403
244 174
371 378
178 56
89 279
269 362
138 318
27 139
147 40
244 343
165 384
187 368
93 4
112 343
30 364
251 370
399 165
5 389
87 267
417 344
137 244
386 47
230 379
201 141
400 185
340 113
11 336
329 151
220 120
242 108
268 30
397 278
297 384
339 14
330 113
37 253
103 245
165 279
103 48
341 337
219 161
161 368
250 167
134 111
218 374
140 237
40 283
117 190
251 138
132 42
149 111
325 105
179 132
73 320
414 66
381 363
297 64
355 237
241 160
326 110
388 252
175 104
198 381
415 261
26 156
278 255
327 287
397 45
131 354
397 274
290 370
379 306
399 230
305 146
173 200
363 154
70 353
179 344
335 166
35 32
420 237
42 201
33 263
328 219
64 102
240 127
392 376
157 414
17 12
365 69
190 178
303 413
375 293
309 385
186 353
412 116
243 57
86 173
14 358
405 261
409 315
111 301
173 317
50 367
188 151
384 210
302 47
98 207
115 415
164 208
372 416
139 306
137 295
242 26
120 182
305 98
302 167
348 416
135 295
360 175
94 407
378 193
235 226
204 136
214 182
108 359
315 4
200 221
380 288
110 110
26 256
137 218
191 315
274 20
30 285
254 49
408 113
24 184
150 413
13 311
91 137
245 390
286 139
64 96
270 17
39 189
251 20
47 177
281 33
357 132
61 394
203 284
209 5
129 305
375 262
390 249
298 267
160 201
328 99
132 289
205 61
396 43
292 168
251 111
412 224
389 368
382 240
22 263
280 351
117 382
410 96
413 68
384 308
226 111
409 359
74 276
400 198
384 297
190 82
69 7
308 251
203 71
379 111
247 417
240 396
375 131
92 31
227 314
191 88
236 72
334 65
135 9
51 273
51 174
249 420
46 328
214 174
6 251
374 89
402 394
108 378
21 272
83 405
130 114
296 33
366 248
407 165
144 24
61 309
228 313
129 363
244 197
255 275
20 378
391 224
306 228
237 21
102 4
172 393
145 311
283 91
289 313
157 152
402 80
148 79
33 398
206 276
363 253
123 353
419 305
6 213
118 383
217 330
381 149
249 59
99 95
374 182
388 272
77 139
37 45
105 225
251 161
106 328
29 274
237 46
127 252
361 24
261 306
57 399
166 97
37 125
7 354
71 174
166 48
16 70
77 378
337 420
370 418
368 79
147 302
59 206
26 129
341 45
403 286
202 120
351 217
97 352
195 229
230 227
80 367
8 197
395 91
213 247
145 22
414 403
171 197
174 15
399 37
308 154
339 139
182 163
119 326
91 299
278 39
363 158
239 131
244 331
138 40
161 61
312 284
203 363
242 419
196 123
166 52
196 261
195 255
318 169
144 137
377 191
102 188
143 24
6 118
404 20
115 290
396 153
59 26
108 153
86 391
277 89
48 21
251 75
1 295
221 391
259 95
282 195
70 56
294 42
126 31
20 48
46 104
416 368
283 375
375 225
191 32
412 259
323 225
252 235
404 115
400 301
201 50
51 375
153 389
99 251
130 80
313 325
71 412
48 379
263 297
53 243
349 281
392 224
37 75
76 156
195 311
86 82
217 219
397 104
302 11
92 275
265 243
168 1
368 169
129 369
236 292
214 88
362 210
324 202
173 350
199 155
314 341
331 210
380 393
385 338
157 214
65 183
274 233
3 15
335 4
54 364
210 294
127 332
363 137
200 335
187 137
187 363
290 348
128 13
416 354
50 228
298 159
15 262
33 72
412 326
214 94
186 189
208 68
106 1
18 1
88 256
74 243
305 339
17 274
336 323
192 229
44 45
307 334
396 311
198 271
36 11
279 392
216 218
94 65
373 142
266 27
302 56
57 320
298 259
368 97
45 94
118 225
86 38
130 126
377 70
286 67
184 198
48 68
32 46
50 378
327 76
11 311
282 24
44 160
155 258
351 199
397 117
320 300
262 81
309 251
176 130
71 169
420 305
160 73
392 193
7 267
194 214
16 233
65 204
49 36
266 86
340 38
110 234
61 183
147 414
43 330
49 23
251 254
74 77
186 146
11 335
23 270
335 232
303 135
297 190
75 102
254 299
134 111
351 341
36 37
130 212
225 344
372 221
307 78
218 363
332 363
318 86
126 11
353 129
24 338
111 92
86 173
164 145
356 166
229 21
104 93
202 246
216 396
85 251
209 89
29 69
278 126
146 356
393 334
187 361
114 393
403 307
355 363
252 254
260 208
34 243
49 151
372 159
145 99
155 324
335 132
138 357
380 238
412 248
58 153
388 141
333 326
221 47
264 223
55 376
278 89
130 57
382 184
140 204
80 384
254 403
153 282
308 72
316 309
51 395
263 29
398 191
70 269
205 115
405 54
279 139
79 59
247 210
78 116
156 348
271 296
390 312
413 101
362 111
304 242
219 165
36 296
201 225
185 49
1 270
314 117
34 267
5 338
328 292
96 162
265 259
114 417
218 38
176 140
248 185
13 321
280 419
387 182
53 353
275 99
5 268
279 231
221 182
158 197
388 313
167 323
408 225
302 73
393 105
164 419
150 161
149 393
34 131
229 132
159 100
38 310
213 198
284 6
291 34
346 214
67 137
312 413
358 191
83 237
369 175
352 236
409 189
5 80
187 78
279 338
101 163
118 61
92 240
172 377
126 175
166 391
161 222
370 404
78 413
139 217
105 132
296 62
31 133
287 409
266 278
276 189
242 364
96 326
56 313
215 316
305 170
68 20
19 398
50 78
307 245
392 204
215 365
168 161
234 373
270 370
245 17
48 181
176 84
280 194
14 132
15 100
407 243
301 18
394 3
21 203
54 60
93 252
59 410
397 104
420 282
372 96
112 378
129 241
3 36
399 262
149 114
10 305
374 310
83 148
58 174
270 24
353 6
131 193
183 229
334 295
305 79
354 326
239 405
266 147
21 16
43 202
200 374
312 62
270 413
203 401
338 10
356 153
295 389
82 43
182 143
28 313
281 233
220 54
408 231
90 244
79 402
292 349
326 317
299 267
229 255
77 417
207 280
89 73
91 209
81 116
237 278
101 403
379 16
77 265
298 200
401 296
257 174
193 121
369 57
379 163
158 90
264 419
303 104
122 134
15 412
190 9
341 83
179 243
338 347
366 330
196 247
80 197
379 129
383 380
148 19
113 12
160 98
137 271
7 87
403 306
130 93
296 237
353 231
113 146
315 377
92 220
395 371
393 369
365 226
212 195
346 316
165 20
20 308
398 300
278 61
70 203
390 390
194 345
379 361
147 70
177 195
155 145
130 288
187 91
159 126
370 244
58 8
7 83
82 57
73 32
187 10
365 106
363 329
254 25
134 54
16 128
4 287
107 194
384 195
72 31
392 218
135 111
123 180
189 17
101 398
254 353
271 136
401 291
302 64
168 233
4 392
75 317
339 243
117 281
185 33
316 369
44 13
2 372
196 214
21 43
87 204
96 129
89 184
286 282
223 115
394 326
87 292
50 193
111 380
230 223
283 41
270 333
202 144
93 322
16 38
205 63
179 245
362 70
395 143
245 103
88 300
50 270
75 328
107 261
39 256
91 52
41 169
361 414
273 309
123 362
412 419
306 350
220 15
175 154
133 354
234 382
196 104
418 283
52 314
71 94
333 36
329 13
156 134
320 274
157 46
209 17
262 342
399 323
73 397
78 270
89 20
116 65
322 49
164 112
383 139
254 44
20 139
420 263
57 344
81 285
304 373
214 90
271 135
61 28
71 237
39 304
263 221
104 347
196 224
8 288
28 117
196 344
402 279
276 82
119 382
118 63
287 200
142 265
91 306
390 109
156 4
9 284
34 247
38 74
225 335
400 238
292 323
247 166
360 95
172 91
297 28
25 95
130 343
132 350
351 344
342 174
385 101
380 155
356 218
203 340
355 362
70 267
8 130
165 335
205 411
247 147
18 1
347 340
26 58
202 267
360 389
344 10
294 23
148 339
221 280
92 113
233 196
167 339
331 53
129 401
10 280
363 355
403 251
104 293
138 277
241 242
196 308
357 7
50 166
52 343
174 180
343 81
398 213
344 41
355 210
81 238
328 46
379 110
143 386
48 6
61 297
62 192
211 41
240 193
374 234
212 128
193 242
226 336
56 250
96 313
242 104
303 314
223 65
410 4
125 25
23 261
31 250
41 132
55 399
232 333
62 303
261 153
63 97
307 98
9 178
356 146
114 276
404 341
228 53
174 281
198 15
263 214
79 178
38 133
408 141
140 76
413 384
153 352
379 104
128 253
41 386
18 144
411 287
219 369
420 301
389 142
235 135
350 102
322 381
83 167
417 223
185 356
206 3
293 272
198 402
69 62
4 167
164 27
414 340
351 241
317 240
124 191
313 272
278 121
8 399
400 78
242 358
182 318
87 284
66 201
84 410
100 79
13 28
28 361
136 68
403 382
70 419
166 219
222 238
167 229
343 60
131 412
267 90
306 230
327 174
289 133
363 177
252 376
415 38
67 364
29 61
308 137
120 139
36 165
246 207
11 11
18 21
242 189
341 76
337 417
234 44
97 167
106 160
47 393
351 354
321 105
24 354
112 253
308 228
6 141
178 288
116 345
9 187
20 67
128 116
324 366
113 154
392 310
11 205
189 149
330 81
394 296
298 370
144 334
270 125
200 360
165 155
338 304
214 40
205 253
36 361
144 156
348 208
196 224
294 189
233 26
10 55
25 299
18 217
140 418
320 401
389 31
419 58
293 49
337 198
22 396
212 181
226 36
399 70
420 69
33 375
285 324
75 341
283 341
374 329
23 301
208 87
328 315
343 287
272 167
166 295
345 213
348 186
4 211
234 277
251 381
296 53
399 34
243 2
66 196
58 293
201 115
58 363
360 43
242 401
210 400
89 195
364 403
412 127
21 286
131 309
109 388
205 229
395 404
90 287
137 81
90 265
212 142
299 71
43 258
328 40
6 345
75 227
179 2
241 120
292 71
200 212
161 394
51 174
294 189
372 64
159 112
382 226
342 386
273 83
301 18
91 76
310 258
198 333
102 100
360 137
27 265
338 126
309 382
314 250
94 380
51 345
269 58
156 82
133 212
164 125
170 31
370 112
34 180
165 300
345 199
8 297
349 139
193 187
41 114
200 72
401 215
102 57
112 130
367 129
244 418
408 376
71 340
207 209
181 56
92 220
93 104
18 65
297 231
379 188
109 212
57 202
389 224
194 314
251 38
136 48
267 187
153 158
211 358
332 373
137 62
81 198
144 58
305 182
142 402
218 86
317 172
223 146
8 60
134 267
419 182
255 122
354 13
226 282
21 173
25 336
341 176
253 52
231 376
395 291
404 122
172 284
369 362
312 413
253 143
151 132
358 136
300 206
5 291
4 228
172 369
190 364
131 399
292 124
406 266
257 19
174 414
261 301
169 169
356 36
134 288
187 208
246 152
81 333
308 1
26 106
240 219
313 44
167 146
77 73
304 39
314 27
18 379
93 366
325 36
289 374
266 220
29 18
386 270
411 270
38 361
16 353
391 261
374 303
347 197
395 31
375 410
324 105
84 153
214 250
408 128
109 163
209 79
75 392
215 98
19 298
142 138
328 392
256 383
223 347
287 278
139 5
135 78
120 234
76 362
396 120
281 217
15 361
149 126
226 395
185 126
321 201
5 160
54 345
309 98
184 89
200 284
314 141
258 188
44 373
305 411
104 374
111 404
48 409
384 350
399 408
31 375
94 277
134 79
242 403
346 9
70 343
289 130
269 137
256 146
70 230
270 181
366 384
140 245
18 164
387 153
198 99
62 153
274 103
165 106
157 333
322 96
259 331
133 378
166 277
49 351
230 403
17 293
35 206
74 237
383 377
62 136
341 9
138 408
401 268
164 75
237 91
231 165
189 352
225 179
286 407
383 344
27 264
226 261
323 361
401 294
147 69
411 112
387 187
301 14
120 412
358 160
374 305
187 329
90 243
234 288
372 224
420 392
46 213
65 382
187 149
287 79
208 399
406 220
65 368
159 38
17 357
292 245
48 295
110 165
232 66
110 285
84 161
148 161
329 211
68 65
296 1
184 263
38 353
128 199
249 61
226 33
131 203
99 347
42 110
99 360
322 266
381 149
371 104
2 137
257 262
111 215
84 18
244 207
299 321
288 312
196 293
182 403
301 278
79 113
221 233
194 84
166 29
353 337
302 214
319 200
112 236
31 288
120 55
177 58
181 309
382 162
249 215
187 110
123 417
174 160
102 201
363 360
270 87
84 282
318 285
166 347
287 203
322 37
94 178
187 146
297 398
394 292
354 198
320 181
343 8
397 410
20 324
124 59
129 16
131 174
22 200
218 275
295 309
82 78
347 416
301 150
154 324
17 228
135 59
274 84
115 60
323 373
45 216
194 333
339 322
74 128
216 314
300 409
303 185
89 139
256 399
253 420
265 178
297 165
381 189
206 120
7 88
297 105
48 390
83 414
254 175
346 98
287 89
145 356
7 406
37 82
231 388
44 244
300 317
250 270
21 89
176 209
142 84
72 53
297 377
42 158
150 108
239 334
286 319
386 74
397 168
406 337
119 325
246 215
242 23
114 43
352 417
19 419
288 45
44 135
37 352
397 252
146 109
387 388
180 134
292 258
256 59
176 38
1 395
37 10
298 112
215 266
254 339
301 403
196 296
409 105
388 7
304 396
188 81
231 223
33 7
244 89
419 253
17 37
170 380
332 304
405 251
198 279
167 33
358 263
232 211
258 414
354 219
22 326
2 18
31 108
123 14
229 309
40 334
320 297
144 357
88 395
15 56
230 202
147 356
151 268
338 20
237 387
251 41
143 197
380 159
381 30
180 36
260 357
355 317
346 127
97 206
33 63
108 248
147 380
40 121
108 316
339 385
74 249
199 226
417 415
380 290
33 305
247 167
185 136
200 188
58 391
308 346
372 35
251 286
266 113
249 156
131 357
3 38
77 234
290 129
89 91
179 2
361 99
90 122
286 101
38 411
350 45
74 168
239 223
385 225
279 318
4 292
43 415
398 114
418 33
90 117
89 259
167 120
26 121
262 66
262 268
214 332
82 164
158 32
58 244
191 209
183 285
227 363
117 1
277 406
284 290
113 110
174 167
256 38
48 340
94 411
392 139
344 65
116 339
271 284
206 237
61 304
45 193
187 120
393 267
259 242
156 380
400 334
6 406
360 54
233 108
40 217
13 327
66 116
11 299
27 343
296 3
113 256
115 312
396 81
13 232
378 173
228 29
360 54
53 407
404 185
367 218
389 312
346 291
33 405
367 55
93 244
276 245
62 222
5 399
411 193
178 131
85 405
326 247
325 102
121 167
28 353
111 319
360 306
320 107
117 41
331 282
241 213
122 53
138 22
229 10
334 289
58 266
113 207
104 71
109 146
55 320
406 352
46 256
80 285
259 210
150 316
104 162
20 134
58 301
172 364
149 371
220 101
250 221
214 12
104 235
374 154
296 245
243 31
86 313
48 173
235 112
178 100
191 40
397 12
83 234
403 59
258 67
284 79
161 192
304 412
188 259
263 365
95 83
142 158
170 163
399 351
340 17
399 293
185 393
384 220
129 98
105 194
232 204
21 263
136 254
299 157
408 379
266 189
115 146
41 90
395 411
104 43
214 256
292 269
214 217
202 188
102 194
188 35
406 357
95 280
364 274
299 8
271 101
324 324
143 54
152 76
413 202
95 107
353 270
387 161
313 289
131 120
46 235
134 357
332 380
378 57
399 190
240 302
166 115
67 291
164 202
64 94
166 252
1 14
274 3
275 30
163 386
273 354
399 220
159 231
236 248
177 287
107 153
360 129
13 185
123 326
380 99
94 159
90 270
54 304
417 137
407 3
134 418
188 168
377 310
135 414
141 43
258 259
388 43
269 160
111 170
377 325
388 6
321 124
351 1
124 3
109 163
241 265
398 61
100 398
395 166
399 183
345 244
210 80
88 196
320 375
58 169
377 214
280 215
283 146
398 9
329 324
258 62
29 81
339 18
98 155
136 416
140 17
360 386
44 9
197 300
326 311
398 204
342 381
385 354
40 112
190 372
57 84
281 252
36 340
311 143
246 113
362 38
332 344
414 339
252 291
249 9
362 102
121 127
395 335
386 295
19 220
52 189
323 279
353 210
313 201
91 104
29 195
151 164
353 186
228 53
135 173
96 302
61 176
343 317
274 373
327 194
114 371
5 12
387 73
296 217
220 174
412 99
152 173
36 350
108 386
56 260
259 205
227 6
372 249
151 221
175 98
270 298
297 404
325 328
352 361
134 409
337 320
143 114
155 319
32 55
340 79
268 10
396 64
73 196
272 53
17 316
102 10
285 276
383 67
217 141
270 341
242 330
307 312
82 334
153 230
86 236
249 57
280 35
101 248
101 159
9 239
175 167
391 123
53 347
330 264
64 285
11 171
59 17
59 302
395 403
33 155
302 219
167 197
368 232
7 72
280 334
27 348
397 302
388 46
282 314
129 359
298 21
226 72
406 155
331 270
338 391
219 341
5 100
260 321
337 332
242 251
135 345
340 88
125 273
163 194
261 3
34 189
387 107
403 365
179 102
416 349
247 395
169 402
72 37
195 101
24 40
336 323
82 303
187 153
360 169
211 301
301 382
26 392
245 60
44 157
411 236
182 289
371 113
48 312
163 197
361 55
337 6
230 154
381 139
127 397
144 145
3 211
178 206
272 222
185 224
71 307
206 378
410 15
360 143
306 102
102 122
242 57
116 13
333 394
353 385
177 20
17 75
221 293
248 18
68 230
217 82
253 224
3 120
218 2
150 199
382 161
103 96
15 394
400 245
363 123
361 121
89 49
324 197
215 384
173 68
48 25
27 206
142 351
222 152
222 36
244 219
378 149
132 164
46 334
285 316
79 178
208 336
307 400
288 15
95 64
104 403
380 48
233 385
375 39
161 134
107 250
333 157
114 40
135 407
184 278
220 191
28 219
82 276
323 345
131 319
326 171
102 260
127 202
159 124
406 227
376 260
148 21
342 191
35 93
272 199
325 372
119 325
30 377
205 396
341 140
407 137
154 52
415 418
370 299
23 281
310 259
239 62
341 146
348 12
93 104
49 7
73 121
364 375
219 374
222 86
383 302
89 182
108 352
9 378
401 185
217 57
130 317
285 363
331 112
316 172
346 349
305 50
54 135
341 12
25 76
307 134
295 99
187 255
80 412
186 193
12 286
413 77
37 395
218 418
309 17
301 58
68 241
260 363
263 384
264 227
158 70
350 18
44 149
267 209
106 77
65 350
172 277
133 249
169 137
91 236
231 68
289 218
265 259
43 71
55 341
324 46
362 393
285 255
337 236
18 142
183 297
240 376
67 160
282 374
359 217
53 316
355 324
206 270
270 137
303 346
64 215
37 193
47 324
197 247
292 373
170 287
22 336
319 386
156 415
418 314
193 365
35 126
279 71
192 59
225 177
252 398
80 83
119 51
21 52
129 166
192 46
183 95
79 350
121 192
402 62
10 221
339 310
87 400
228 217
138 293
162 181
158 379
338 205
33 403
172 396
350 146
394 310
315 279
117 322
173 235
249 37
93 21
265 105
399 108
236 122
331 343
178 91
210 176
54 27
33 305
239 280
167 127
380 71
65 74
179 418
178 68
113 299
369 238
290 42
161 172
410 125
419 280
157 129
213 113
37 267
80 268
307 106
96 335
251 136
69 400
375 360
4 248
184 220
139 392
216 332
90 185
88 224
272 87
44 263
174 166
194 225
403 72
296 289
259 241
20 186
216 128
153 51
371 309
258 384
207 135
55 99
19 171
160 128
216 294
72 316
346 5
263 78
232 344
222 393
77 198
330 77
164 63
255 113
293 303
52 201
360 232
161 417
235 195
41 236
369 158
107 172
383 11
306 245
152 135
358 191
115 236
316 123
407 166
228 19
352 218
361 358
330 370
322 165
122 345
165 362
260 215
44 69
94 330
41 308
197 18
224 169
220 104
167 142
407 176
171 229
208 7
203 86
60 389
248 304
103 329
62 35
293 420
145 35
400 369
157 336
401 166
345 286
123 88
121 311
287 274
214 318
297 126
8 56
224 194
228 277
251 197
93 231
347 213
188 235
99 145
41 320
417 196
24 200
360 293
365 125
212 325
367 97
203 120
69 50
155 359
342 84
121 268
194 106
46 416
322 203
283 253
348 49
273 32
159 249
386 113
12 118
178 78
119 215
138 327
176 219
75 11
369 71
9 67
226 240
320 314
377 356
306 41
183 371
334 173
286 134
302 188
389 145
269 335
327 395
121 53
343 175
73 40
16 254
55 202
374 83
244 197
185 336
329 145
335 20
71 119
6 117
105 138
356 295
75 117
153 145
335 117
296 229
370 267
110 261
108 109
60 239
23 22
200 298
364 218
250 278
217 262
185 31
38 234
51 84
381 140
150 183
131 327
221 269
128 284
250 336
284 137
135 375
356 394
398 129
64 88
216 54
233 317
21 212
286 49
74 390
182 345
151 193
111 415
279 224
282 272
290 103
336 359
165 370
27 323
179 94
391 322
216 139
407 175
299 273
20 299
291 47
70 167
75 205
155 153
173 356
56 216
87 187
141 385
94 162
79 390
74 301
350 154
187 151
371 49
68 245
361 108
24 283
180 147
273 334
10 298
6 297
415 329
50 184
387 178
66 324
68 293
220 226
197 293
297 288
255 300
144 235
196 255
48 31
258 267
84 41
174 155
377 132
136 25
58 209
7 90
301 121
261 119
310 283
271 287
213 165
335 65
108 99
23 87
257 83
290 373
22 62
264 162
225 166
257 221
243 34
380 85
45 167
179 255
60 246
184 176
408 145
149 230
229 206
41 343
149 235
176 21
35 161
383 52
78 355
13 362
353 304
264 89
134 201
65 319
295 41
25 94
299 145
266 281
95 66
12 317
189 269
194 246
69 324
94 134
40 219
293 365
225 205
36 241
284 269
406 10
139 216
224 374
386 38
3 216
377 160
222 9
11 171
127 66
265 208
178 115
405 77
357 324
279 16
232 364
79 358
142 98
342 356
67 193
170 128
347 347
401 146
42 10
288 206
74 216
97 290
273 56
306 95
295 4
270 291
101 90
398 350
244 382
224 364
200 336
28 151
201 346
201 19
416 91
264 414
68 124
23 268
280 294
236 344
389 217
215 337
43 111
130 222
133 9
106 59
193 196
386 82
149 263
207 183
207 305
363 414
224 100
408 319
235 14
257 159
399 419
60 330
100 413
285 403
20 202
417 3
191 29
286 50
82 173
187 46
352 313
198 198
37 6
196 97
324 96
138 247
365 304
61 172
41 256
1 66
47 342
81 242
283 272
149 75
381 159
363 237
225 124
301 197
174 246
360 314
356 266
230 276
182 55
357 68
29 23
184 64
251 139
342 374
236 204
138 138
129 356
114 309
66 387
242 66
307 369
371 235
356 235
79 292
93 280
269 230
227 381
387 253
95 79
48 13
313 44
308 251
271 145
155 204
127 264
265 235
36 356
172 129
322 355
156 220
323 318
415 261
45 360
220 341
390 54
12 174
235 137
406 219
24 46
29 123
213 231
238 417
249 269
61 290
79 353
216 410
84 20
326 395
390 111
401 419
176 333
380 216
38 332
185 31
266 293
257 391
285 199
109 160
68 323
411 230
10 337
261 210
282 60
325 367
145 161
89 104
388 24
275 130
2 163
277 399
408 319
5 53
343 140
391 20
279 36
358 394
76 345
254 45
382 26
131 134
404 399
348 212
283 351
338 246
386 363
292 296
67 292
102 21
345 380
219 72
384 62
105 210
362 355
42 51
398 22
169 416
19 295
31 199
400 231
323 297
393 11
399 184
185 376
82 94
363 329
409 163
204 253
251 374
246 353
379 30
346 109
285 258
138 381
33 56
26 61
322 207
187 265
362 60
175 17
369 121
403 51
323 7
20 75
325 291
26 257
94 291
203 24
347 14
259 310
288 231
13 272
135 53
351 110
379 401
242 51
196 245
298 188
415 245
126 68
13 220
387 339
275 69
128 225
121 17
407 101
17 387
289 188
199 390
330 295
324 382
345 47
233 415
376 410
311 21
123 127
3 151
66 166
123 228
112 93
339 166
275 24
31 194
285 50
390 313
219 192
43 409
228 203
3 8
295 132
113 118
196 100
308 290
335 243
258 379
275 236
44 19
159 26
14 44
1 209
208 417
231 28
170 209
192 44
373 168
122 113
140 388
56 106
382 408
95 386
117 1
351 377
287 342
6 108
102 339
387 106
296 360
311 319
54 28
394 230
366 263
344 21
402 284
34 334
402 268
17 260
94 323
375 24
287 376
18 209
200 16
329 141
319 367
384 132
27 245
52 218
195 407
378 309
305 72
63 417
150 147
167 290
365 144
191 220
249 279
220 205
389 378
264 234
77 347
111 208
335 241
237 30
198 280
414 163
382 389
365 59
232 385
236 308
213 125
361 339
243 216
285 179
54 266
177 334
242 153
359 97
342 71
111 290
331 74
350 374
261 19
42 382
32 6
194 301
136 339
271 107
400 312
349 251
32 212
377 362
278 339
329 148
76 75
140 410
163 331
345 273
193 336
109 234
309 47
402 236
315 149
2 385
19 223
357 131
188 44
123 251
331 81
270 202
155 18
89 24
256 194
21 329
280 168
218 378
103 210
362 256
233 106
338 54
341 410
125 83
82 32
168 83
44 370
15 242
76 69
27 289
267 72
202 244
292 108
190 145
29 407
226 54
369 48
273 142
69 292
26 295
191 315
35 117
137 83
330 386
228 176
313 250
369 378
241 146
44 121
21 364
286 164
150 34
326 226
259 194
198 82
139 111
272 86
39 14
173 56
368 120
367 224
56 398
274 418
209 149
136 165
295 100
163 383
283 327
372 389
295 408
344 269
146 43
64 317
322 416
329 119
114 273
332 230
283 103
304 12
328 156
269 186
171 46
229 355
50 24
220 177
92 331
296 326
134 197
305 366
283 29
258 126
202 152
12 144
102 282
188 11
130 300
281 153
173 253
75 240
44 18
59 248
293 110
228 335
52 173
237 201
40 371
111 215
234 381
68 317
243 27
47 367
373 340
74 207
192 8
203 220
80 326
143 166
333 260
213 61
300 297
297 281
65 135
32 190
84 79
328 159
243 388
306 363
381 205
414 262
296 113
360 193
117 357
59 420
158 262
347 139
168 41
336 212
327 260
257 187
269 66
60 231
2 249
312 283
11 184
300 291
29 158
117 179
136 392
372 407
206 269
154 368
79 112
30 223
325 387
127 265
188 292
281 332
53 326
364 126
258 70
223 105
269 396
194 298
356 278
150 311
331 377
235 12
113 335
239 77
142 401
239 19
234 410
211 75
130 40
363 109
167 381
185 409
62 356
70 303
418 184
176 257
122 294
72 205
306 15
71 39
188 291
185 275
25 88
94 133
187 418
154 293
77 233
318 244
349 206
239 34
331 358
111 19
95 212
292 77
54 207
101 327
396 63
179 170
225 385
356 176
107 191
246 169
202 401
99 262
128 412
211 236
183 80
376 123
240 222
315 263
205 249
293 122
273 419
157 396
409 173
194 67
111 94
16 376
112 335
415 237
310 231
105 200
417 183
252 321
304 17
24 186
204 389
25 196
385 175
399 189
268 391
195 374
331 68
393 275
212 191
255 299
241 90
348 64
272 40
265 61
42 35
222 111
121 172
11 73
165 191
321 75
400 350
401 355
98 418
320 297
193 211
371 62
364 148
238 219
224 42
156 210
185 385
346 108
86 330
391 157
94 160
370 101
122 309
294 252
190 78
109 337
368 370
92 229
157 200
263 62
185 340
42 146
75 165
241 142
10 158
79 135
121 66
154 371
287 2
96 195
117 178
167 348
356 30
243 193
248 369
268 89
232 191
37 249
200 136
62 173
72 6
282 393
256 7
48 268
59 205
321 173
145 190
361 312
412 236
406 212
13 408
207 300
357 127
349 241
405 70
390 112
386 302
39 232
224 289
344 58
58 282
353 166
285 339
98 191
328 242
187 36
412 259
124 34
259 161
326 139
338 126
180 318
149 398
167 2
104 144
294 234
63 130
88 357
10 157
246 163
400 210
342 384
341 315
234 260
160 376
341 99
398 130
158 376
256 295
266 315
248 415
144 265
102 273
148 369
97 124
256 102
165 286
354 397
397 144
60 409
157 386
145 92
159 325
258 212
211 280
233 1
291 4
115 113
350 172
268 297
206 140
79 183
350 371
3 242
345 403
224 385
112 8
301 183
417 162
21 152
349 235
56 399
352 69
321 120
84 66
209 33
228 156
48 81
60 120
7 197
52 345
159 257
177 234
178 306
14 50
215 364
251 406
107 385
373 79
145 12
301 65
13 399
249 248
385 45
62 230
284 137
337 382
210 269
378 137
103 361
362 169
161 300
256 209
224 194
125 290
2 126
244 1
212 356
132 412
28 261
251 346
57 180
418 33
233 104
290 48
20 269
264 107
56 31
246 187
300 353
308 299
150 4
201 193
337 176
369 290
320 235
274 345
126 13
238 161
74 36
203 313
371 221
187 246
212 420
62 22
176 281
339 94
217 262
29 17
208 373
387 97
336 155
30 355
355 79
374 201
94 187
173 306
7 309
340 209
333 158
420 252
330 263
337 208
132 118
166 294
312 125
46 227
296 304
364 315
324 75
249 140
105 195
413 7
149 357
19 116
377 363
347 202
330 134
298 123
261 123
321 290
390 319
378 264
89 243
48 395
238 213
11 346
39 50
271 385
309 318
133 14
67 203
252 224
309 177
226 333
27 237
124 20
252 316
265 216
263 202
116 51
119 276
39 132
228 337
332 274
336 139
144 265
341 165
218 390
225 16
234 300
196 167
270 126
4 35
184 213
57 298
32 68
62 393
308 342
419 287
334 166
118 358
262 5
314 333
81 132
121 353
101 361
273 259
134 1
306 50
215 84
95 377
357 312
360 282
398 116
333 23
31 82
212 128
96 313
22 198
261 263
44 139
129 184
199 409
257 312
229 178
236 315
113 265
137 221
32 44
401 365
386 182
67 289
7 62
367 208
255 233
336 47
393 23
247 254
319 363
243 279
188 347
144 351
213 222
75 218
128 26
262 29
293 132
67 71
386 63
301 390
272 179
259 207
414 237
362 81
262 21
205 387
240 262
72 310
106 333
373 228
110 366
333 199
161 392
54 138
150 45
80 355
419 233
291 388
49 110
378 320
328 339
388 99
418 392
283 233
92 29
102 39
86 41
92 152
375 317
366 209
13 50
242 350
313 9
36 288
358 381
11 411
157 64
241 166
215 257
299 391
297 44
16 37
285 209
395 347
393 359
408 401
367 304
327 150
17 305
107 405
266 286
327 238
75 176
161 280
55 226
164 123
388 392
15 57
301 307
11 162
335 212
239 356
55 328
367 21
299 344
39 142
20 300
37 367
246 414
105 100
227 358
359 373
259 419
115 30
265 176
16 208
361 280
344 343
67 39
48 66
122 209
390 411
97 245
143 103
273 153
221 44
90 22
120 365
408 309
82 138
407 25
386 418
291 299
337 407
52 280
113 368
76 48
360 337
314 339
243 79
85 144
150 33
344 286
90 160
249 323
345 239
295 128
74 121
321 253
246 219
34 83
134 225
49 137
372 185
198 283
352 77
284 256
169 185
164 168
360 387
3 70
201 256
37 230
316 318
387 32
143 297
304 309
340 5
159 262
166 331
248 284
175 282
2 5
139 379
52 152
175 351
110 327
82 326
217 250
131 357
190 380
56 26
309 131
206 393
253 144
381 41
90 200
53 391
164 284
306 294
286 291
8 320
321 392
409 278
304 246
176 156
344 56
126 7
98 328
407 316
57 343
109 26
64 125
6 283
114 331
196 283
155 280
132 212
42 150
11 25
34 59
67 51
405 173
207 197
132 359
14 374
265 212
412 418
30 150
213 316
205 329
396 52
175 388
267 80
38 124
128 73
205 190
265 240
160 270
311 147
20 160
74 348
353 211
66 165
349 365
245 409
67 144
65 188
57 343
212 344
165 223
248 295
330 268
225 239
400 19
27 103
331 186
403 17
327 406
126 49
119 196
167 416
365 78
212 254
58 231
132 230
92 399
379 185
102 289
107 112
309 220
206 223
267 201
340 114
357 359
264 212
181 28
342 125
172 232
216 66
220 106
397 283
65 381
258 139
269 66
316 89
242 325
310 198
146 378
204 89
122 265
261 2
356 284
296 328
352 259
214 292
106 303
21 267
344 110
291 44
412 367
278 147
42 140
291 249
144 294
306 221
189 315
217 342
331 43
103 361
273 136
131 310
344 409
262 154
350 73
281 92
62 84
130 368
44 269
280 54
367 138
177 95
285 241
53 6
250 394
8 99
226 45
107 144
349 176
212 107
199 117
286 199
167 95
345 225
177 380
81 217
99 166
18 207
97 288
156 192
407 150
6 47
382 25
290 130
160 179
360 121
184 204
307 164
278 348
89 14
170 308
182 318
270 341
283 396
241 216
108 137
336 30
416 361
338 188
136 235
301 63
203 361
261 396
417 208
201 82
223 345
389 65
332 284
43 138
259 276
193 311
28 13
221 367
213 198
61 276
12 345
55 288
394 1
376 126
178 237
59 214
382 158
52 411
348 362
73 264
163 322
157 173
54 63
172 82
28 169
402 229
271 257
173 324
258 14
98 161
98 61
356 285
385 117
384 139
353 56
357 271
368 277
275 369
367 225
147 375
385 182
155 146
17 86
267 63
333 52
420 390
107 75
70 188
272 347
382 6
3 20
219 237
334 214
261 15
326 114
87 38
349 412
305 412
365 215
303 389
52 342
94 162
239 33
162 330
372 202
194 11
194 209
50 383
135 234
103 379
390 362
9 154
131 376
103 229
354 396
197 102
343 328
133 121
171 98
44 386
240 171
396 159
138 146
257 47
120 95
400 413
262 408
338 57
379 18
51 389
374 293
279 224
245 191
83 98
61 79
101 334
85 186
167 368
189 326
68 373
299 102
175 124
271 102
255 11
95 131
11 292
254 276
169 118
291 61
229 23
224 75
84 209
133 140
363 228
25 389
34 314
239 48
175 70
265 354
166 301
333 328
287 358
189 249
370 218
123 118
135 197
227 3
93 300
389 110
81 92
396 27
332 158
338 379
141 367
282 45
400 29
386 147
45 307
289 118
351 162
148 383
216 298
188 329
320 104
292 57
210 166
269 322
381 349
252 161
152 135
407 229
265 304
329 26
131 73
82 266
245 38
114 72
347 364
404 65
146 132
230 395
259 397
320 323
158 284
95 151
95 387
310 407
288 233
271 386
275 339
397 340
251 281
108 222
184 149
353 126
214 272
160 135
177 252
225 38
213 2
18 84
109 322
300 92
18 78
22 297
274 233
143 389
278 192
219 345
179 252
145 392
211 254
33 73
288 322
282 299
352 172
251 246
176 360
356 315
198 225
12 81
365 50
159 11
292 286
382 274
385 329
372 66
345 365
14 176
395 90
131 403
401 83
215 159
119 136
314 34
419 14
36 243
157 365
167 277
14 372
191 109
175 371
50 175
413 407
258 239
71 63
363 203
31 350
324 302
263 107
158 75
299 279
249 240
46 111
196 224
247 86
164 80
298 330
19 320
18 416
113 50
401 117
135 410
100 363
387 45
338 399
267 69
211 363
175 181
54 164
136 145
203 248
251 280
235 300
409 321
406 29
139 278
56 13
235 373
110 5
194 325
348 364
307 290
254 44
417 49
19 41
87 147
90 204
268 381
133 116
1 111
145 362
315 103
289 394
131 401
224 40
34 197
130 199
315 244
414 339
45 195
196 130
391 183
206 176
50 259
324 12
418 409
170 225
29 34
72 349
19 154
179 206
396 333
416 144
66 226
251 343
330 349
188 344
50 296
20 235
320 245
32 413
82 273
116 68
174 10
401 405
326 163
48 5
245 50
327 281
40 171
124 50
407 274
84 148
322 370
48 365
128 296
402 220
58 74
173 201
214 407
9 140
214 249
222 404
170 320
401 264
32 308
116 206
62 173
84 234
360 241
40 257
347 344
391 259
320 141
43 13
156 351
30 120
85 87
192 334
390 317
112 2
167 330
343 122
278 269
211 343
90 390
99 267
202 383
310 390
307 138
2 119
129 168
12 26
179 223
360 13
353 136
204 91
155 369
220 44
353 156
334 90
247 130
238 281
94 161
293 169
373 344
296 80
118 280
201 320
22 200
63 227
263 105
22 230
116 319
396 385
179 45
73 156
306 412
163 377
178 270
248 224
256 213
221 354
396 179
148 158
246 83
323 241
54 86
259 379
190 127
94 294
290 254
251 283
356 330
83 382
281 253
43 377
252 151
152 417
165 311
320 166
102 311
74 387
5 404
73 143
54 71
150 170
196 253
417 83
325 119
347 70
81 66
218 253
75 140
360 218
50 56
117 280
237 107
200 196
52 217
138 143
369 361
227 306
43 24
138 173
83 203
219 322
168 236
333 244
309 241
196 274
149 101
418 307
339 33
265 368
378 41
264 304
138 49
369 417
407 21
325 281
29 9
273 300
290 324
359 362
266 264
214 291
163 188
364 63
367 339
196 311
125 10
181 146
232 10
39 21
327 306
214 353
100 166
348 167
323 282
349 200
18 180
396 63
315 257
311 64
212 112
118 402
133 261
351 378
29 182
38 108
120 347
220 117
118 150
171 77
44 29
327 135
350 351
413 204
263 47
201 392
115 110
160 53
37 145
405 130
334 8
350 262
191 417
212 291
259 76
260 276
323 232
176 341
247 127
339 236
212 370
409 9
196 237
73 35
314 264
90 46
158 199
49 172
353 248
193 356
100 47
90 76
412 399
14 216
129 415
394 218
358 304
48 404
258 188
162 387
305 401
196 235
213 305
51 337
309 170
20 193
125 31
93 25
45 108
68 304
342 82
199 45
174 190
366 243
70 10
169 242
61 306
378 134
300 228
85 390
261 207
1 401
66 413
143 257
415 149
178 291
75 99
290 162
21 142
170 153
122 263
311 384
124 50
80 326
92 136
365 63
224 110
11 278
301 95
142 258
251 101
30 96
60 377
395 288
166 202
63 306
246 79
301 84
30 181
57 229
369 293
130 236
141 223
406 244
369 96
267 344
418 94
108 101
284 257
355 108
166 254
351 263
251 107
81 36
179 17
286 36
272 258
306 231
381 375
228 148
295 302
83 357
307 225
252 113
141 280
18 407
75 415
38 392
133 332
383 341
253 397
315 346
83 354
365 319
27 80
85 182
212 267
134 51
75 348
401 1
79 90
410 378
130 366
385 354
141 308
264 58
416 229
316 334
319 263
241 211
205 343
176 38
225 100
391 201
41 24
83 379
234 145
165 217
417 295
234 291
220 151
294 196
321 382
122 63
309 317
54 414
27 244
297 22
258 284
219 125
206 70
401 373
404 107
277 97
287 88
114 208
125 186
325 247
304 142
407 381
95 352
266 149
242 78
100 295
319 363
77 241
185 349
50 40
408 306
266 109
325 90
252 299
114 160
121 21
388 202
320 401
6 44
291 276
42 148
7 363
142 181
187 354
109 345
277 221
311 282
393 161
192 290
23 179
307 254
129 214
181 321
416 362
377 315
377 117
212 142
404 146
377 289
400 172
152 371
405 364
63 4
192 244
400 395
127 256
396 72
67 78
228 79
57 366
274 7
419 289
227 261
86 205
222 405
246 302
411 204
134 253
316 105
147 109
197 237
182 300
333 90
258 308
72 409
136 207
367 348
18 362
53 321
353 163
396 419
165 48
281 292
396 157
56 364
150 88
204 270
16 338
37 313
366 401
414 236
106 205
170 392
320 326
137 184
276 81
291 275
337 36
92 402
271 372
286 173
112 144
356 385
161 306
305 8
373 196
186 206
102 146
32 170
398 372
218 305
169 32
297 154
171 4
149 114
89 311
304 138
27 28
321 45
335 127
366 169
277 32
420 282
242 215
241 330
324 199
143 420
47 314
308 57
220 371
403 388
151 149
222 40
347 402
265 241
105 183
413 349
280 366
199 403
239 73
242 353
46 58
284 265
385 238
103 392
294 208
77 347
174 122
242 344
42 125
136 204
9 47
308 406
235 397
19 99
30 138
196 11
322 418
289 265
141 368
417 189
225 383
103 301
119 316
119 306
334 184
359 334
346 209
133 260
387 255
210 248
226 54
398 103
222 398
392 250
90 302
318 312
139 156
368 231
75 2
24 407
366 387
99 353
207 37
52 373
136 175
239 186
294 42
26 120
164 17
186 100
267 244
312 408
398 132
101 54
382 206
419 377
75 24
43 402
194 54
376 344
295 360
185 190
264 117
4 43
348 46
97 325
230 41
404 365
146 132
209 385
385 370
325 319
86 353
196 36
326 410
257 165
236 47
9 241
189 125
270 288
18 237
295 255
397 173
154 347
199 380
101 104
142 117
327 204
312 26
262 372
290 156
368 118
346 247
367 382
43 73
262 155
263 236
293 107
143 124
211 133
416 200
101 387
166 394
219 405
80 381
93 175
359 311
134 1
402 175
154 43
21 92
112 334
254 97
140 55
139 168
92 353
193 312
97 235
294 380
19 267
212 366
67 412
294 407
281 294
260 206
1 271
128 14
31 255
238 295
228 297
18 331
20 163
323 249
262 256
289 269
25 44
155 238
309 4
202 329
112 142
223 76
44 180
410 314
51 142
185 170
326 378
92 270
204 30
350 64
412 269
53 15
298 159
330 274
169 307
38 287
261 163
66 268
126 264
320 180
230 262
133 123
372 8
33 56
220 222
47 146
110 211
160 156
47 87
168 161
184 45
227 299
118 402
233 1
13 244
68 253
59 135
396 303
174 24
36 82
266 385
230 112
153 306
131 287
413 195
252 408
157 152
146 30
218 23
133 233
391 207
366 217
45 60
360 385
147 322
170 12
134 253
218 284
192 244
150 164
273 329
232 292
253 269
347 99
280 419
258 372
21 144
24 119
383 54
182 148
80 64
327 208
218 347
313 124
175 125
17 106
75 253
307 218
52 58
419 48
369 231
98 62
249 240
411 352
360 264
269 373
325 293
394 207
4 24
41 103
234 298
159 329
311 78
408 369
292 90
141 63
312 212
316 81
119 78
387 260
216 235
13 168
332 383
168 415
125 81
120 116
351 132
102 243
65 419
245 382
384 405
228 115
282 272
394 286
221 396
395 91
144 165
12 297
306 108
365 16
185 311
130 4
155 398
62 163
374 10
53 404
271 402
394 288
129 364
335 51
338 354
164 169
174 189
117 175
31 79
61 44
187 257
117 207
349 50
211 250
363 152
365 358
238 356
156 377
118 279
23 384
67 117
379 25
280 394
128 265
98 394
14 126
66 76
76 381
361 78
323 104
213 209
415 379
112 198
206 10
145 361
108 102
362 193
166 313
374 302
351 6
26 345
413 408
387 48
276 187
114 373
245 226
374 253
226 81
198 391
319 73
212 382
244 270
119 206
324 199
291 282
106 62
304 19
363 177
188 340
230 404
40 219
286 82
53 153
70 388
133 272
192 179
231 363
245 118
207 160
370 265
142 318
339 319
24 50
31 333
333 269
168 160
346 234
38 55
407 366
186 297
365 317
143 323
97 229
413 410
364 214
184 398
147 97
147 207
228 5
128 216
398 240
270 397
79 38
328 377
286 159
211 408
70 182
327 251
188 270
246 238
377 25
412 2
307 106
221 213
150 272
37 326
23 116
343 284
362 324
271 250
122 57
53 6
79 285
30 44
131 274
348 331
215 329
346 398
141 70
34 101
196 37
194 256
326 186
309 141
97 114
342 272
160 13
30 131
414 194
371 315
290 1
141 29
126 241
135 270
66 315
190 66
365 371
180 270
331 290
244 263
244 99
155 159
59 337
189 102
376 44
171 241
231 366
14 116
413 138
150 407
399 27
76 296
102 394
131 354
115 163
103 169
392 400
83 50
270 344
357 151
94 162
374 10
165 93
285 31
238 170
362 33
136 219
133 401
9 405
56 394
392 324
411 417
321 389
119 23
373 247
72 35
203 16
286 130
136 317
298 386
31 119
176 418
397 185
322 82
5 80
144 104
181 403
339 111
75 368
345 293
131 99
20 126
66 30
391 227
367 81
46 144
339 52
119 342
81 377
281 392
303 407
153 412
388 47
170 70
316 124
356 284
107 14
325 13
276 165
255 27
192 330
222 418
64 319
130 43
390 181
97 208
194 64
215 9
118 238
18 117
8 56
176 16
272 319
294 239
121 31
375 19
404 282
363 129
277 61
38 295
42 372
240 48
34 369
108 414
64 190
173 111
363 140
276 398
183 298
167 270
306 104
278 380
189 121
182 226
244 345
105 373
79 191
5 111
24 347
405 239
223 20
185 153
377 273
359 190
143 115
384 377
15 85
304 347
43 381
265 31
344 311
403 91
83 87
111 416
324 5
42 123
211 79
71 220
337 406
176 165
266 195
121 419
348 382
186 177
368 21
63 283
230 132
1 73
398 383
312 247
52 124
180 234
25 75
174 246
82 391
118 235
46 404
360 191
326 295
174 156
98 253
407 160
144 393
403 400
187 88
144 135
192 101
268 415
207 273
100 94
47 73
394 130
406 337
282 59
22 313
183 387
13 251
259 6
397 44
2 311
394 262
345 218
132 95
254 161
261 283
329 150
279 292
174 116
325 222
