420
8820
297 56
4 287
144 157
268 276
313 262
319 347
255 256
263 351
190 339
41 96
232 388
148 215
401 300
245 186
116 279
353 56
74 310
175 51
359 185
158 260
375 402
172 84
342 288
49 114
3 281
155 294
184 379
66 161
164 134
305 243
266 322
180 395
332 356
160 229
244 408
371 164
406 205
167 139
396 368
85 304
210 55
375 344
392 180
361 44
325 345
254 103
292 69
385 375
81 196
37 72
186 102
334 190
303 152
197 277
410 324
228 68
316 360
392 420
191 353
407 171
381 18
170 371
362 210
409 220
62 389
143 106
145 29
139 43
238 212
373 168
70 233
190 399
268 88
84 386
135 56
113 132
352 334
50 11
372 397
74 330
132 7
186 270
291 155
273 213
298 81
347 280
383 410
123 9
34 346
195 158
7 212
146 78
226 147
58 295
353 35
123 290
14 30
244 272
260 303
221 295
7 403
280 299
128 60
252 240
266 275
406 416
116 23
69 49
190 253
220 314
35 8
289 338
371 360
384 7
339 293
378 334
392 72
79 104
200 47
379 210
326 386
251 330
223 314
57 338
84 342
209 149
134 23
303 259
156 146
174 389
354 119
310 355
192 34
406 84
396 75
220 297
291 201
416 91
247 8
382 345
331 15
312 202
221 415
355 59
326 401
60 70
294 151
258 322
162 93
279 150
9 296
344 395
353 136
337 394
44 367
244 96
225 400
96 275
30 8
392 331
60 212
410 225
223 11
175 410
318 285
304 332
256 312
132 248
49 205
312 417
63 165
178 11
351 126
219 85
406 18
102 73
308 287
234 22
401 405
413 125
109 338
342 270
320 406
32 105
31 68
35 191
263 373
89 335
278 120
241 220
345 133
388 13
322 216
366 267
328 227
367 33
314 188
4 283
150 296
269 165
368 25
313 173
10 21
401 318
241 383
102 74
392 76
223 301
333 96
181 361
309 413
360 381
23 83
51 248
226 276
351 316
151 281
72 287
272 291
363 180
417 85
149 154
415 41
11 53
155 210
37 363
205 126
76 107
82 38
325 77
249 296
307 289
7 256
169 112
31 307
339 344
272 133
59 89
77 316
135 368
96 213
141 374
392 159
7 175
54 211
401 280
365 165
293 190
245 162
162 318
267 49
365 340
89 97
408 331
272 18
327 371
190 64
269 302
417 49
373 240
105 255
238 217
14 291
51 127
26 211
196 157
178 401
82 300
222 267
143 356
215 260
364 91
198 193
65 108
44 31
98 413
194 282
235 144
212 414
355 122
401 131
241 269
221 196
238 29
200 274
286 245
368 395
297 334
158 25
106 109
267 237
401 130
255 162
329 222
8 117
115 207
411 104
35 79
379 336
36 378
178 164
416 372
88 196
154 367
333 121
112 136
327 278
108 146
221 395
29 122
58 46
362 30
148 20
124 124
113 163
153 377
363 80
419 323
252 99
314 249
134 121
15 22
27 258
201 249
411 48
342 108
139 420
420 87
159 316
287 253
149 391
314 219
400 217
408 378
342 15
331 342
183 254
190 410
309 19
247 386
265 74
400 127
28 57
86 232
128 294
158 142
407 80
56 172
88 159
25 283
95 135
272 21
34 47
102 123
190 375
138 298
321 89
372 405
402 383
289 161
111 32
322 90
69 164
309 298
176 159
149 136
223 129
6 329
238 109
38 138
360 377
262 229
90 350
420 307
71 414
263 390
341 339
63 178
268 322
274 187
5 374
123 131
416 383
371 171
173 412
407 244
17 321
251 253
254 13
8 301
154 324
112 353
88 316
339 56
413 48
231 330
294 186
358 296
149 171
130 263
251 262
323 367
377 108
75 125
141 257
183 199
292 94
9 103
20 318
417 112
73 117
138 221
330 178
224 47
8 316
170 416
155 370
187 402
213 344
127 101
316 77
381 308
169 30
174 81
76 85
335 119
363 378
223 327
252 186
302 400
348 253
308 405
207 88
270 108
388 150
245 5
231 391
36 179
54 359
386 182
393 238
357 65
270 228
142 30
201 261
9 225
129 264
356 213
384 383
355 136
62 20
282 307
119 145
408 246
96 27
396 29
365 90
67 385
415 390
13 278
68 231
349 420
224 317
105 17
11 18
238 418
51 76
175 132
194 68
314 361
336 197
357 104
353 220
228 310
153 199
236 211
72 94
234 280
29 308
231 153
10 352
273 217
56 121
161 281
358 245
16 222
49 109
408 409
125 218
365 139
73 190
357 237
3 212
82 81
95 190
349 192
88 273
230 401
250 156
150 258
138 271
248 170
403 72
297 116
109 138
274 238
105 39
151 161
187 268
159 374
152 400
249 93
186 115
308 106
347 39
13 384
93 247
72 193
197 206
328 210
128 412
45 90
246 352
149 329
8 282
351 275
95 260
104 306
253 154
28 282
100 342
355 327
78 218
17 59
352 58
258 86
151 210
239 353
76 86
240 99
287 349
242 353
122 47
360 71
138 311
23 194
358 317
42 189
288 67
287 204
137 127
99 71
57 156
356 183
235 301
320 170
141 130
98 54
244 352
170 318
192 191
228 168
419 63
288 167
356 273
202 338
56 155
161 367
172 122
209 135
167 404
105 146
113 283
238 129
122 383
192 368
201 52
303 34
274 252
23 94
63 13
164 388
210 197
330 358
111 401
162 157
150 415
405 260
287 192
309 186
100 371
127 254
158 47
251 197
34 399
302 273
402 253
113 234
32 136
289 367
16 300
1 249
402 158
192 81
4 349
39 71
41 199
117 365
207 227
252 351
357 247
342 37
360 197
368 60
194 255
77 226
341 168
282 112
175 280
296 13
236 112
84 63
275 406
77 114
56 70
313 99
33 151
219 371
178 375
247 64
341 400
148 186
262 57
399 142
248 319
400 290
36 204
164 376
21 11
256 359
84 276
350 356
214 244
78 238
308 211
405 136
392 207
37 366
218 36
73 170
209 131
385 345
256 237
300 234
221 79
297 341
58 138
108 32
60 189
285 417
27 245
95 357
38 141
103 410
242 189
298 359
301 89
71 45
192 231
361 391
166 173
210 163
321 237
416 27
108 295
124 186
53 77
50 3
26 245
336 395
302 183
81 116
365 248
280 267
392 237
233 180
147 198
117 221
165 245
334 369
126 420
384 8
234 310
147 273
358 86
62 184
1 38
266 179
410 393
317 310
404 244
72 382
347 296
199 303
14 192
308 405
154 114
375 211
242 241
384 286
117 184
380 253
177 37
142 234
82 189
333 195
366 402
82 311
359 361
232 274
144 126
326 16
419 80
196 56
238 358
229 19
368 96
119 325
398 20
232 347
55 94
79 179
310 337
299 362
221 245
403 215
328 260
120 283
394 135
231 128
56 384
161 335
45 139
241 385
286 302
212 259
295 17
157 19
205 233
197 219
265 284
353 390
20 335
376 110
76 255
246 369
165 48
172 147
254 304
5 118
87 12
362 198
146 207
418 55
49 306
6 209
356 389
379 141
100 247
198 325
364 30
387 248
357 329
220 85
82 235
202 200
112 244
40 313
246 116
324 405
12 381
132 227
308 236
181 304
79 28
154 116
250 84
108 243
149 38
208 250
39 131
325 179
273 217
183 5
276 268
324 95
91 266
173 338
81 142
313 345
272 337
289 108
257 334
340 175
139 206
130 35
351 171
206 117
378 54
130 414
152 86
265 265
61 405
302 28
255 358
78 239
358 302
386 256
382 61
79 407
348 85
226 398
372 27
153 233
111 115
102 230
188 354
300 6
193 137
400 288
30 245
103 3
93 239
395 222
378 244
390 220
122 367
231 157
231 227
241 268
290 306
66 126
20 121
354 365
418 168
397 388
7 66
253 21
128 402
261 43
323 93
158 313
8 153
386 277
273 413
269 110
180 299
257 27
268 116
233 36
37 404
199 333
20 153
248 127
114 87
372 55
363 15
101 300
149 238
195 338
189 137
418 195
303 395
21 229
398 160
150 280
36 258
153 64
82 374
176 271
121 113
133 78
124 62
397 292
88 343
8 325
183 99
405 194
360 353
213 279
169 103
269 97
133 17
401 371
102 391
132 42
415 187
32 147
413 278
252 26
134 249
363 194
392 336
210 223
186 200
192 143
155 45
341 177
297 132
76 360
165 405
216 170
185 33
81 121
254 321
278 75
314 134
136 27
235 87
59 104
380 343
42 347
388 180
266 386
101 30
139 414
27 343
370 276
197 54
216 18
298 113
160 32
141 69
234 22
130 304
198 336
300 90
276 112
312 55
263 320
303 243
212 58
313 322
164 293
41 332
198 317
8 212
132 217
9 263
306 58
301 7
247 89
263 273
33 67
308 315
6 136
378 50
240 132
348 327
304 213
13 60
232 213
18 62
410 122
18 408
104 41
60 50
254 292
283 169
394 96
41 57
150 159
115 58
163 235
296 215
100 403
125 90
112 142
105 8
207 151
293 402
121 276
320 80
38 99
269 61
399 204
236 309
54 27
59 121
176 265
156 206
367 286
22 195
220 186
298 339
35 274
162 163
224 356
158 130
123 181
322 169
329 256
20 277
283 221
304 340
409 273
115 319
378 26
385 53
306 220
28 404
379 352
179 270
164 363
52 42
191 418
296 409
214 220
218 159
9 238
10 55
241 133
12 165
355 104
345 407
391 176
43 158
250 84
162 87
248 363
157 248
58 106
325 394
406 78
132 366
58 158
214 4
396 70
353 419
220 166
244 52
245 112
323 244
52 397
6 388
18 385
420 387
287 169
1 230
381 90
153 258
72 315
156 339
339 71
277 205
258 160
165 392
145 105
33 346
223 23
143 354
330 1
196 361
79 241
349 347
297 272
416 300
267 8
89 403
75 398
389 94
82 296
325 97
418 262
346 32
189 364
344 400
261 399
154 398
206 81
219 29
260 264
193 200
336 152
153 245
309 144
283 184
211 381
288 90
339 373
369 401
361 253
317 21
252 23
26 36
345 356
384 229
365 149
394 383
331 370
353 370
388 385
406 66
239 118
347 58
2 197
170 322
116 400
100 61
361 395
59 54
206 382
244 1
218 101
289 360
140 148
289 66
307 412
379 317
302 365
411 310
34 71
355 285
44 358
412 3
309 243
187 181
251 212
329 212
66 199
343 355
137 136
390 329
204 298
360 363
139 231
63 133
213 343
119 133
71 157
172 377
112 42
330 79
159 272
79 375
27 221
91 169
354 275
50 193
36 264
245 200
123 251
221 13
26 178
18 250
396 56
375 362
189 175
115 38
155 120
97 410
97 152
200 66
303 123
315 99
8 198
40 386
309 167
55 4
8 402
410 355
31 334
301 34
10 124
142 255
170 209
316 352
140 90
77 117
360 105
192 354
371 213
212 280
306 4
164 246
28 90
373 41
389 188
272 146
310 250
7 210
125 153
102 360
264 274
63 260
284 79
8 267
35 323
168 375
25 417
333 272
415 33
123 158
132 81
86 27
187 193
232 262
370 12
263 228
173 263
103 277
50 320
235 289
71 24
80 40
328 273
325 132
253 255
190 18
333 178
302 322
276 306
155 381
323 388
122 351
71 220
420 190
119 351
391 260
273 75
318 339
33 419
185 415
46 362
207 160
328 419
296 374
190 358
305 188
90 359
76 397
147 313
343 313
143 58
122 215
192 291
35 387
145 121
202 339
149 325
94 132
178 152
189 51
26 142
165 153
59 358
210 256
419 108
107 159
194 32
72 135
385 69
202 64
214 151
141 289
12 296
17 66
210 159
166 76
391 199
184 198
324 96
82 282
302 137
45 341
315 376
97 37
2 363
336 57
396 52
142 69
401 37
197 308
347 259
110 185
52 258
331 61
154 109
121 149
299 417
148 373
112 250
310 355
317 130
169 110
142 168
268 39
407 359
204 261
367 276
417 312
363 132
130 300
392 99
176 369
300 279
174 307
347 369
276 294
145 38
340 273
403 192
369 175
286 341
146 95
74 245
309 180
148 319
179 345
162 162
389 62
212 376
145 183
387 371
53 111
320 121
272 270
131 333
43 88
55 131
419 324
261 250
382 46
397 204
198 5
287 94
194 71
150 245
235 187
51 206
82 352
343 202
32 193
346 343
330 112
345 257
265 35
60 219
113 302
292 197
237 166
279 177
153 368
364 305
272 168
228 385
58 200
417 354
413 155
16 145
44 403
188 124
104 25
230 330
64 280
118 31
152 8
226 297
14 260
247 298
337 408
35 101
172 330
366 98
241 215
384 57
21 224
137 149
395 313
186 11
159 10
268 41
379 256
211 315
171 123
110 72
176 254
143 28
22 202
195 291
333 364
410 245
320 409
105 96
48 345
352 367
197 288
97 48
414 144
24 315
219 309
301 208
293 146
342 346
9 178
212 365
244 360
110 41
141 113
227 376
119 118
105 378
299 377
328 219
237 225
49 370
390 307
187 173
419 14
114 248
11 110
272 80
330 107
258 114
107 44
410 349
135 155
414 20
75 134
340 139
49 210
142 70
183 84
177 233
262 177
407 372
293 134
330 40
234 65
311 191
224 72
95 226
403 205
245 253
291 218
19 8
92 274
214 315
11 125
398 144
101 302
417 409
294 309
263 185
210 23
185 114
156 63
218 383
327 302
79 64
37 404
2 58
310 144
132 233
206 238
80 234
228 24
313 364
213 270
187 46
200 362
117 286
124 409
242 91
103 18
221 327
154 129
197 317
202 334
366 375
310 321
263 401
163 137
15 25
347 328
90 387
330 257
32 183
345 12
202 379
283 255
22 289
212 398
290 252
288 201
269 414
208 290
257 180
408 406
156 376
247 259
165 391
17 239
265 389
389 323
228 157
262 418
368 203
175 257
82 236
241 298
166 15
283 81
220 184
14 270
123 62
320 251
307 34
297 292
11 221
304 231
123 210
231 164
163 273
120 211
40 301
28 104
177 413
314 14
99 303
58 264
362 153
43 288
368 389
290 98
3 137
360 231
350 405
332 66
207 129
413 30
41 417
128 252
27 260
314 149
267 116
160 28
190 25
412 348
192 417
289 176
35 367
141 87
381 379
380 67
2 119
119 84
42 83
291 329
381 325
59 247
42 104
10 402
222 274
103 257
95 302
173 153
288 390
310 308
306 2
42 195
78 356
234 288
71 381
234 387
386 85
53 178
151 173
230 23
84 197
22 283
257 15
81 94
105 331
265 130
130 302
282 47
292 387
52 155
227 154
161 183
340 313
28 330
97 337
111 198
419 148
388 243
223 411
19 370
303 265
258 144
190 47
198 297
417 134
268 136
397 379
271 17
148 391
277 238
49 263
210 62
28 391
366 145
414 297
398 192
11 294
85 268
237 348
117 247
283 221
188 170
247 65
256 241
366 393
276 228
177 383
276 118
113 415
201 355
368 366
56 292
161 366
96 58
255 3
135 329
284 195
127 147
201 318
21 298
375 17
95 6
133 21
239 371
122 134
324 272
142 80
377 355
263 326
78 243
135 14
128 244
177 210
158 197
138 4
159 270
110 307
342 57
144 56
198 335
338 133
197 419
25 342
46 238
43 387
257 145
248 375
65 173
317 235
144 164
90 149
320 113
136 320
149 117
334 116
164 372
408 305
245 142
59 23
75 256
165 345
187 403
402 240
72 408
182 102
397 375
104 413
148 63
21 288
169 69
372 204
299 59
409 294
265 353
378 216
150 234
323 14
81 389
325 48
53 307
85 276
330 168
135 297
228 244
247 359
144 264
395 279
94 184
71 58
175 66
150 226
9 172
375 269
175 117
225 348
297 5
204 126
223 221
197 43
252 319
195 130
131 317
183 137
273 170
38 302
364 412
274 305
252 374
334 210
374 332
207 4
209 167
107 361
187 131
274 145
5 101
225 398
12 275
324 418
90 29
53 336
234 65
149 186
377 23
28 171
351 236
33 215
22 345
204 190
83 82
25 147
150 175
72 400
375 345
385 24
242 363
61 18
79 411
327 384
218 360
119 68
277 205
7 386
40 85
291 396
380 335
346 154
11 134
53 311
2 387
193 209
186 189
391 107
328 60
230 220
182 245
154 244
139 399
419 252
245 223
96 143
165 37
63 305
42 415
54 20
206 75
417 415
160 136
243 379
294 43
104 268
164 44
150 113
336 39
321 401
309 5
37 205
180 193
11 229
71 189
118 35
251 98
413 384
221 242
367 34
183 418
354 96
194 209
86 82
167 94
163 355
362 242
392 217
291 159
394 126
252 166
241 238
55 176
111 120
406 14
251 328
139 370
246 72
414 58
113 407
349 383
3 419
131 74
382 419
304 389
20 80
398 395
30 281
247 288
420 337
387 388
391 370
189 313
266 370
12 381
182 227
281 267
71 390
188 41
166 174
95 413
251 181
60 233
140 218
373 184
277 53
26 235
220 146
7 276
84 202
24 349
335 192
113 406
409 142
357 327
232 141
330 181
231 61
222 277
370 385
2 16
274 274
412 202
224 63
363 52
333 251
244 70
277 34
334 287
376 191
236 2
29 311
268 298
55 179
79 75
60 381
403 175
206 216
38 312
49 178
151 143
222 302
138 109
265 51
98 222
31 358
185 178
284 264
187 355
23 259
129 40
189 259
277 160
241 311
297 45
343 7
344 366
238 87
190 346
52 203
338 60
397 345
136 365
373 367
270 316
223 369
392 407
100 172
147 157
21 128
231 39
34 79
405 325
342 260
2 393
116 15
215 45
154 284
115 209
243 313
32 73
128 413
414 330
163 131
191 117
55 55
404 48
349 3
344 321
15 47
282 71
317 40
345 50
141 266
266 160
92 125
152 9
86 98
207 272
30 206
243 3
130 178
104 259
145 246
360 264
388 237
105 395
214 304
224 152
376 411
97 304
94 119
56 192
334 239
181 121
418 279
151 251
377 365
294 98
233 227
200 257
225 361
46 339
45 322
335 211
221 404
212 125
190 81
250 114
235 125
331 312
156 175
124 356
395 188
350 242
62 313
25 88
42 200
337 38
383 395
31 337
20 136
316 41
174 314
216 1
172 373
158 244
11 262
212 9
286 243
163 84
273 391
324 60
113 64
116 57
235 129
13 90
362 41
313 100
279 249
71 230
4 158
20 129
353 84
27 14
237 112
208 167
274 296
78 164
276 148
305 292
55 121
118 331
386 348
288 200
117 267
388 203
359 37
367 332
255 136
6 342
5 396
86 150
117 81
202 171
417 38
373 142
2 176
281 148
88 292
115 49
95 118
254 396
369 369
144 93
200 38
175 398
125 406
347 305
251 24
103 214
23 27
6 235
200 262
47 184
227 66
329 6
7 392
126 187
22 178
1 200
120 111
182 268
310 44
214 22
414 225
321 39
237 312
48 231
107 302
401 409
83 77
160 312
158 17
387 361
86 110
172 144
153 173
357 267
34 265
280 344
362 238
214 360
137 216
121 409
94 285
150 402
161 409
175 283
101 282
221 285
168 415
413 259
321 373
383 187
271 160
124 312
56 192
58 241
15 267
47 285
348 369
365 403
205 406
156 282
155 408
371 380
238 198
326 261
310 270
357 287
237 127
110 164
130 216
322 14
116 228
368 162
398 43
325 382
40 172
392 86
23 201
157 353
57 322
42 197
82 151
52 50
250 127
292 340
270 338
365 310
384 354
211 5
253 199
193 384
231 370
379 367
332 396
332 79
206 349
135 172
367 131
152 259
46 161
413 268
344 66
181 73
140 210
131 67
54 382
419 202
415 362
387 398
135 248
299 268
336 417
13 269
282 414
51 206
37 166
370 333
41 182
50 182
187 176
99 358
275 242
141 408
41 143
237 363
417 59
393 256
209 105
400 189
213 60
193 281
172 2
135 88
371 90
207 207
170 47
226 189
48 223
223 237
322 137
44 84
411 292
328 336
341 317
316 328
330 53
171 202
316 331
227 261
249 366
195 93
330 147
214 137
270 290
90 16
376 96
58 109
116 221
207 204
101 103
119 202
220 121
69 14
67 380
412 287
17 335
324 410
172 334
416 91
368 84
408 5
268 70
146 273
281 196
119 216
276 70
113 168
44 113
213 225
30 82
273 272
168 214
19 96
177 140
226 341
245 194
400 303
339 384
396 277
308 408
344 201
278 297
172 181
250 286
279 295
199 338
263 66
343 131
187 19
81 216
338 316
335 180
304 150
231 413
3 235
68 412
334 39
68 275
254 36
52 18
207 225
114 406
14 237
53 190
305 47
107 309
175 93
52 253
162 195
363 184
107 330
209 325
397 177
158 81
20 143
266 49
243 162
302 236
179 41
382 163
157 146
59 355
252 292
199 233
181 393
357 131
244 140
58 115
324 177
255 157
411 196
4 269
308 214
85 84
381 301
87 101
114 339
388 101
289 152
248 174
202 394
308 45
192 305
415 61
291 187
325 201
400 411
88 42
311 11
283 328
106 115
20 278
411 45
191 138
365 94
389 101
48 117
282 107
131 171
368 55
195 121
354 181
96 358
185 393
143 44
176 237
154 282
342 96
116 320
252 248
44 236
298 297
403 218
197 223
205 143
152 34
73 177
301 43
154 50
405 323
367 51
401 398
212 271
231 409
352 35
82 384
269 192
195 175
141 362
135 261
241 10
49 80
149 222
78 416
370 413
13 206
2 243
104 295
215 298
142 405
12 307
3 70
165 368
406 232
145 191
412 260
401 48
314 175
329 198
116 274
206 224
396 278
347 335
140 200
33 127
54 294
127 224
198 234
95 194
397 231
419 157
181 233
301 416
337 85
341 188
417 229
314 402
256 288
255 287
385 115
253 59
161 75
36 157
53 50
135 363
7 227
108 405
174 246
272 63
68 313
302 299
280 393
348 104
79 120
368 306
192 335
384 387
204 376
178 348
388 360
291 380
177 333
99 406
77 215
29 149
403 325
255 402
19 323
420 88
7 374
327 156
19 60
128 133
420 287
280 122
147 420
241 94
315 349
29 258
335 32
198 365
100 85
384 295
188 67
406 33
166 321
205 298
25 298
350 22
100 32
103 214
200 98
178 53
133 149
275 47
331 351
47 214
365 407
265 376
47 105
255 255
59 42
286 51
309 157
394 274
149 288
399 41
129 132
385 351
372 97
244 301
14 394
398 230
402 170
116 67
382 131
196 348
375 167
389 86
219 401
32 279
185 179
136 292
381 94
272 356
176 404
396 305
74 360
6 145
98 359
307 209
300 237
266 3
40 375
198 86
224 197
120 370
138 373
179 305
272 30
289 249
208 340
342 302
268 50
263 292
142 351
188 334
387 391
121 31
20 370
16 371
46 250
12 154
362 206
393 150
323 246
143 117
26 326
118 308
16 144
56 329
312 218
222 389
119 348
95 315
238 39
179 56
21 30
358 327
67 181
270 402
383 281
358 77
361 283
24 143
303 376
370 371
185 346
76 295
273 108
363 87
285 126
174 315
100 49
341 242
143 76
177 309
59 38
325 403
232 362
239 79
102 28
2 241
277 138
373 305
126 300
232 221
155 308
347 193
398 193
347 25
298 38
290 132
377 349
249 114
151 222
405 316
294 398
359 2
209 70
7 95
376 80
99 325
102 386
198 98
29 160
412 293
359 190
111 132
226 245
310 39
413 39
285 323
418 43
408 18
326 32
154 94
277 307
354 8
231 99
300 39
293 202
53 388
41 217
266 216
187 417
18 192
174 306
91 273
120 68
417 298
150 111
395 90
350 412
85 190
171 275
362 239
18 282
160 382
175 253
34 57
96 413
321 7
254 292
241 82
191 82
221 34
60 314
393 84
116 386
58 361
354 197
86 240
15 12
325 229
399 333
142 222
20 65
60 415
60 314
164 113
389 245
403 388
160 419
388 358
146 233
260 11
268 396
313 388
26 381
264 68
214 232
346 6
337 136
230 233
149 375
82 393
241 199
112 76
8 75
374 416
212 236
399 407
144 143
307 291
348 325
378 276
170 42
178 209
135 346
386 243
268 331
176 274
350 114
60 77
247 226
332 329
89 109
119 161
378 297
19 191
391 269
50 377
101 13
185 379
113 150
75 93
331 419
185 404
200 171
68 136
146 252
17 208
24 158
78 374
39 331
21 418
379 373
361 259
286 83
164 188
305 9
407 384
62 199
142 9
57 189
368 38
238 5
382 64
11 162
303 296
17 70
155 357
298 218
195 233
371 245
211 155
141 247
85 156
373 330
120 346
207 124
344 248
55 194
51 245
274 326
395 102
217 106
7 281
66 412
168 176
332 163
192 374
59 238
170 167
217 267
88 51
42 161
308 222
349 346
226 214
392 79
370 215
239 414
86 276
134 304
6 149
109 5
301 370
187 419
357 114
349 29
58 385
407 107
156 210
176 46
182 34
238 134
16 102
32 39
142 276
270 21
359 69
304 276
47 262
244 197
151 398
207 187
42 417
55 400
389 21
409 407
287 361
21 277
11 63
144 8
269 75
247 3
402 69
214 2
385 417
249 141
187 128
341 180
400 78
266 194
56 167
247 7
169 45
311 221
409 87
342 136
382 359
121 404
367 41
61 116
280 288
332 129
117 271
415 165
87 358
406 272
173 157
236 9
412 119
135 374
6 189
259 136
354 402
366 6
73 357
167 56
273 311
145 145
382 200
269 392
324 251
243 265
229 128
76 359
107 162
242 283
412 190
220 67
328 399
330 248
364 71
242 84
410 267
264 233
78 70
116 62
376 284
145 185
1 187
219 287
139 30
279 128
284 420
273 2
215 419
369 415
194 361
371 208
314 117
35 322
1 275
86 412
365 135
7 307
407 170
109 362
153 73
4 155
93 25
8 117
338 239
139 210
40 337
210 228
276 205
74 395
121 361
55 212
300 73
382 281
183 34
222 400
315 393
80 226
130 61
339 356
114 347
391 79
143 213
71 250
297 108
110 371
78 163
415 196
82 300
66 246
8 228
317 307
248 213
20 233
393 119
273 290
266 277
108 268
241 385
39 244
272 164
121 211
303 310
60 58
35 368
408 122
123 314
116 162
331 208
163 65
22 18
4 45
284 338
262 5
192 261
127 329
42 419
288 156
29 196
57 350
113 185
96 140
37 309
298 385
83 212
153 6
131 367
64 149
188 258
417 345
277 256
255 26
348 220
367 304
212 102
295 268
16 322
35 146
97 45
155 95
123 248
242 385
282 301
409 27
253 104
161 256
287 249
285 147
206 101
22 244
61 256
218 398
77 8
166 37
374 383
371 282
226 191
319 9
414 96
141 58
198 244
38 51
257 383
361 305
314 318
140 120
388 209
319 81
417 157
200 247
112 144
171 149
208 2
308 222
350 169
92 88
330 178
45 171
226 82
14 124
409 300
249 19
232 52
20 272
368 380
365 122
239 346
237 385
8 260
222 139
202 319
75 92
312 364
362 402
136 381
140 122
345 174
367 215
264 277
6 233
67 326
254 244
36 245
133 128
409 55
136 62
234 191
222 121
319 125
240 112
282 340
371 48
309 14
186 89
112 177
387 331
183 308
219 340
26 257
234 328
367 263
102 27
32 5
325 24
222 305
104 11
256 413
287 194
367 395
113 6
275 188
392 170
6 56
40 332
145 286
150 284
233 39
11 155
356 98
195 39
117 50
138 415
403 200
294 130
113 347
380 331
97 106
372 244
115 409
123 313
116 118
72 203
383 417
100 89
35 156
29 231
234 244
15 323
354 284
412 284
29 354
91 75
147 102
244 191
362 26
209 238
21 140
20 67
372 27
270 158
377 411
42 392
359 375
163 181
304 340
306 350
170 320
36 365
235 225
14 235
61 314
398 50
313 148
106 257
79 102
241 195
213 288
50 19
2 164
269 185
113 253
204 169
171 367
155 131
252 136
119 351
412 150
93 391
160 378
312 223
287 188
116 25
86 8
188 360
135 124
350 327
316 417
64 233
57 86
294 107
182 306
59 165
399 346
101 313
126 14
88 291
111 216
247 327
86 150
391 316
65 44
226 175
304 132
61 262
54 403
189 368
203 205
154 280
380 201
338 355
58 316
189 317
337 100
180 407
89 308
249 333
85 118
219 366
342 264
222 299
353 21
207 314
82 20
413 381
241 341
328 243
82 5
40 239
116 54
123 201
145 318
196 243
40 302
61 144
205 48
69 259
166 288
317 188
62 267
176 84
113 83
352 63
295 273
399 182
213 293
139 200
149 172
237 393
106 174
188 105
5 108
209 264
104 392
140 112
382 307
163 139
350 200
236 317
191 95
102 233
337 325
358 381
366 166
332 363
320 358
249 394
83 388
302 385
81 150
79 228
243 399
124 207
50 328
403 281
82 345
304 121
142 378
235 227
171 166
84 149
415 351
379 306
192 61
227 281
4 29
395 302
298 316
389 94
352 198
163 366
52 12
1 284
32 67
51 45
398 393
270 346
109 208
372 172
234 205
361 305
97 387
332 396
44 351
226 87
241 350
372 250
27 194
242 338
206 203
17 316
53 353
62 81
142 271
363 331
310 418
51 58
296 157
254 272
190 393
305 268
113 314
282 40
382 131
69 130
76 107
164 254
103 286
265 178
97 419
10 318
343 181
363 69
284 336
349 216
118 323
267 166
56 116
13 37
342 358
311 269
199 217
226 51
171 328
222 280
177 270
396 115
370 354
9 233
388 239
63 103
264 401
420 155
292 155
32 417
323 89
170 18
56 255
420 238
56 110
44 370
25 146
111 16
102 233
179 121
226 76
336 46
118 405
59 4
324 248
217 7
311 153
91 169
406 314
128 82
230 4
16 191
169 30
419 271
209 221
361 409
294 139
235 367
230 270
85 142
91 286
188 192
88 390
118 147
251 328
171 100
92 361
165 384
293 333
149 85
216 414
384 224
122 410
76 72
78 397
373 60
103 262
5 168
315 302
216 67
333 21
389 92
407 25
74 165
53 212
282 365
321 207
188 220
164 298
277 55
100 373
339 25
387 240
352 319
416 366
74 240
400 191
45 141
419 103
145 188
249 109
1 164
143 168
243 53
256 224
390 27
96 215
19 258
35 152
69 236
312 414
338 98
137 316
412 73
414 257
125 184
231 372
38 18
403 22
100 262
405 137
20 12
290 402
258 306
330 49
188 324
376 70
237 141
151 165
372 178
353 387
372 13
83 388
2 381
48 89
281 347
226 214
39 182
169 341
387 288
177 61
27 280
362 10
115 194
204 134
397 329
128 199
260 259
177 173
114 204
111 338
407 9
188 14
384 197
135 235
224 326
113 190
119 169
167 371
119 389
271 239
103 371
349 212
302 124
368 98
326 383
239 51
160 41
276 179
384 267
328 380
331 252
171 307
299 248
158 404
71 388
78 50
250 77
122 141
323 94
49 359
13 213
11 246
360 402
198 243
52 6
291 54
237 285
355 247
168 98
124 152
216 326
336 315
135 286
32 216
235 109
262 99
241 317
128 56
361 301
236 409
26 117
212 322
284 351
156 41
223 187
414 327
125 13
317 57
275 388
102 287
235 399
18 315
229 329
324 73
13 147
382 110
141 311
280 70
374 137
210 127
111 241
259 201
146 221
9 359
349 110
339 349
376 374
3 49
118 97
354 346
245 352
368 158
13 262
44 144
284 409
195 269
269 138
197 170
254 122
36 180
29 288
410 380
326 354
306 121
254 93
38 280
336 342
101 343
135 375
280 198
129 22
278 283
260 62
336 72
84 243
337 57
178 391
217 366
216 79
34 303
116 253
331 408
369 290
286 398
24 121
55 352
204 391
405 86
231 326
389 350
256 322
326 83
200 397
300 359
80 395
404 407
391 71
339 147
62 206
264 365
379 174
244 264
94 56
265 367
231 14
6 295
367 69
52 71
326 176
100 350
340 161
267 41
373 81
410 226
122 10
169 201
251 81
320 270
408 220
365 193
214 338
69 35
320 346
57 3
370 414
180 258
90 197
109 16
358 57
262 89
222 285
150 286
376 78
199 316
288 323
9 286
84 191
337 148
178 397
50 332
302 323
268 132
305 192
226 200
51 282
239 401
327 72
75 274
86 252
406 59
311 9
299 180
274 250
329 56
387 21
229 141
343 411
406 190
332 143
182 178
341 104
168 225
311 276
7 130
138 139
232 257
90 168
108 91
352 174
352 340
281 108
154 389
418 21
138 179
241 384
281 288
302 246
110 51
135 142
46 284
52 109
390 255
133 162
236 108
231 403
18 351
283 218
222 253
403 415
10 217
49 236
50 420
66 155
62 362
308 82
370 216
312 86
171 28
121 33
95 6
364 388
114 379
288 260
280 309
41 155
374 133
25 417
327 23
222 211
70 260
142 121
350 226
147 306
98 18
81 104
124 371
14 22
381 154
142 280
65 338
117 128
354 346
6 341
338 136
182 115
104 115
244 115
356 86
158 348
360 45
235 68
130 354
112 93
198 381
208 343
253 195
63 180
77 371
361 102
379 224
210 273
28 292
38 294
363 268
28 292
316 231
82 351
304 379
129 278
202 413
263 343
332 264
274 220
392 43
262 170
100 414
198 223
106 228
84 414
99 75
190 367
112 152
89 390
338 364
3 397
350 154
372 61
404 380
254 23
12 317
127 178
38 105
402 208
283 128
144 407
235 227
235 363
225 329
19 373
76 68
50 140
149 147
317 42
281 23
151 261
268 42
297 42
336 17
45 92
94 250
340 288
367 87
75 274
347 377
369 291
356 390
34 222
256 368
267 341
161 89
157 417
117 126
42 278
382 15
127 145
273 70
79 404
214 304
401 10
234 360
363 74
193 247
22 82
377 348
78 29
183 76
372 349
364 194
233 71
327 161
368 210
39 100
64 7
260 89
203 271
159 300
62 247
257 197
338 375
350 386
280 153
9 142
185 178
244 246
243 406
297 156
180 119
12 160
167 339
231 214
14 417
264 318
276 199
357 212
370 101
143 254
55 56
266 221
18 320
123 341
413 348
144 188
19 165
340 419
347 239
301 238
349 270
365 372
398 178
124 281
420 214
278 128
53 69
148 142
49 118
328 138
77 348
6 9
20 45
147 364
64 200
50 133
81 368
300 290
252 215
351 256
195 297
241 102
327 70
266 392
342 146
245 145
295 358
105 67
316 46
110 407
223 192
78 408
356 130
285 68
252 2
230 370
360 405
381 288
145 292
278 350
383 270
143 11
278 53
315 135
47 292
187 381
255 249
274 275
206 8
45 160
350 148
84 27
112 254
166 299
47 238
85 23
395 37
109 123
184 17
410 161
348 71
276 64
340 385
264 276
292 203
397 274
285 386
393 196
95 249
105 107
249 324
182 32
68 104
378 281
190 79
319 174
61 213
33 352
248 120
276 74
311 341
236 134
59 100
138 65
254 141
404 406
296 244
377 343
255 131
146 287
399 173
231 368
186 125
240 231
347 161
86 106
350 28
250 137
237 355
239 24
7 81
158 399
17 95
13 309
221 375
352 170
406 369
298 315
15 12
5 247
289 23
287 239
262 394
195 186
60 200
41 280
326 141
101 163
36 276
396 125
329 163
211 342
247 18
302 77
12 407
287 236
146 155
343 401
262 387
367 187
372 158
128 107
164 101
398 194
253 45
58 202
346 39
186 154
294 162
195 287
249 108
90 164
179 285
206 328
187 92
109 27
110 38
281 86
285 222
246 291
273 329
307 218
128 297
92 138
106 419
383 125
164 271
258 275
131 97
391 393
281 129
321 265
57 244
67 227
243 56
32 369
18 29
377 258
377 377
163 399
87 287
108 135
52 156
292 174
31 304
119 355
390 37
325 263
153 143
107 83
169 36
99 367
120 14
157 229
284 246
233 418
387 33
52 370
79 214
126 378
161 173
340 378
259 400
80 87
307 404
347 63
222 191
157 53
71 401
79 297
311 311
5 33
233 201
305 54
17 71
329 43
119 68
253 163
145 90
393 364
3 38
248 40
217 181
384 150
147 139
390 380
287 38
229 406
9 172
302 204
340 93
1 407
274 113
370 163
69 322
88 120
323 356
209 333
282 137
193 316
101 25
211 281
379 262
10 418
180 355
54 108
294 349
13 320
156 96
28 385
234 74
357 389
387 319
216 59
243 316
385 89
221 281
107 27
251 228
200 397
304 176
100 38
343 236
366 313
218 141
93 152
130 18
91 205
193 194
111 236
115 269
300 389
86 348
299 145
286 129
185 194
168 18
26 350
11 161
119 214
399 62
211 410
125 82
342 176
81 72
373 175
16 412
143 22
351 52
416 367
233 292
241 41
147 45
253 96
6 198
233 94
23 388
147 224
96 19
321 5
287 324
296 129
120 195
257 77
130 345
95 57
181 252
208 281
141 78
288 321
273 191
310 311
71 9
107 161
81 90
286 394
3 48
321 212
204 60
23 183
414 275
351 213
3 68
31 75
70 213
128 216
140 118
43 183
108 50
355 130
361 300
90 124
386 399
29 407
271 362
129 324
159 204
33 413
310 69
343 378
7 191
328 158
419 206
287 278
153 125
3 45
92 180
95 195
308 371
81 237
292 22
219 154
181 236
240 26
68 63
88 415
188 51
372 55
222 104
372 122
239 135
182 333
363 360
72 210
208 385
277 20
251 10
343 161
115 162
256 81
77 157
127 340
22 18
191 194
252 217
95 124
100 272
173 155
131 163
81 126
376 64
14 3
243 99
41 314
20 238
231 106
95 60
384 203
408 366
280 199
64 316
334 198
294 9
309 91
255 279
97 394
179 271
363 395
9 49
144 267
81 323
238 412
188 169
248 261
308 66
61 156
190 64
328 329
253 319
329 61
157 187
243 161
30 192
237 300
319 155
128 160
59 22
180 231
20 51
268 321
140 35
239 386
204 306
263 241
273 115
369 56
396 255
89 170
180 359
197 131
24 66
226 123
169 192
150 333
50 385
245 294
416 113
334 266
154 26
68 220
321 395
201 173
86 359
170 200
402 313
162 345
120 404
235 52
255 42
9 192
60 296
225 202
278 118
43 131
127 332
257 312
141 289
229 214
39 204
411 2
322 370
317 287
97 280
201 254
159 318
379 109
94 213
213 170
171 246
233 207
70 311
28 355
16 416
26 39
395 38
284 287
341 366
173 62
409 378
385 347
372 9
279 27
351 103
85 213
102 183
258 152
300 221
31 60
99 165
346 192
301 333
412 129
217 44
64 230
303 392
400 409
269 121
302 375
26 98
312 86
185 213
169 263
317 71
223 90
303 342
237 71
368 301
339 305
147 21
37 85
235 295
289 337
111 381
127 334
43 172
24 407
175 105
299 155
48 398
156 331
231 302
5 249
8 246
41 172
264 371
270 250
237 339
362 128
261 331
189 223
331 232
313 380
400 368
3 269
219 280
74 90
382 289
114 109
288 124
183 39
323 190
269 18
159 97
232 387
357 319
382 261
180 177
215 110
171 415
6 191
147 312
315 171
37 254
90 294
418 327
284 230
365 178
19 46
408 404
218 107
418 248
118 294
191 94
362 331
345 336
411 24
333 24
156 250
136 338
221 320
24 234
222 322
38 236
17 225
123 388
201 273
408 369
369 368
343 101
121 52
178 79
238 411
106 288
312 388
92 139
402 121
184 98
378 23
37 265
79 142
196 189
363 173
175 190
257 69
372 196
190 153
213 151
66 2
344 213
141 95
65 35
75 271
401 253
42 201
94 169
334 332
174 350
47 325
263 269
187 181
14 11
5 136
188 79
48 407
241 395
40 185
126 323
151 94
199 396
284 187
287 240
217 193
246 374
342 272
368 353
195 235
251 78
71 109
300 228
14 38
119 110
335 161
386 373
329 386
206 86
130 414
61 144
292 211
174 7
10 402
55 46
369 233
131 142
213 408
257 166
96 20
156 356
60 24
70 11
419 384
4 102
342 39
241 226
221 53
117 12
264 15
178 260
382 33
209 230
62 289
321 97
160 381
397 254
34 94
322 381
125 279
260 367
407 216
239 281
382 370
74 172
193 43
134 199
197 398
36 1
88 195
392 115
369 293
31 161
193 373
349 223
277 248
38 217
121 275
330 234
282 16
319 317
186 34
165 133
55 135
101 133
283 370
187 279
64 225
105 218
324 208
284 14
234 143
107 124
189 262
233 158
216 254
113 57
331 79
96 331
391 395
301 204
67 177
311 354
61 268
96 67
198 184
162 396
277 185
381 40
225 277
298 251
68 111
65 222
272 112
206 325
112 308
355 121
144 214
45 90
123 70
146 325
234 106
175 395
228 150
355 348
188 254
264 13
68 391
222 336
126 328
360 1
387 240
70 368
57 158
168 236
417 156
382 131
279 123
338 179
255 369
417 179
134 123
43 62
95 313
285 20
45 148
416 352
116 279
88 347
342 188
157 258
252 305
411 15
388 246
273 110
279 168
244 247
386 320
340 279
47 371
413 171
292 293
366 348
254 323
305 184
124 44
57 165
157 393
405 346
401 197
36 129
309 32
130 270
145 79
277 56
384 139
214 384
34 306
323 191
357 408
379 231
26 167
50 318
97 209
288 320
260 188
378 164
366 349
366 134
260 388
340 306
16 16
22 287
9 404
218 149
329 381
87 113
400 237
144 263
253 117
161 365
94 303
64 391
399 178
420 182
87 47
402 188
58 297
117 55
384 83
406 397
153 244
65 115
311 330
6 331
122 183
291 83
325 241
58 327
399 175
352 218
208 341
11 5
100 185
225 351
155 279
225 406
39 77
156 178
380 108
128 101
212 198
341 58
180 112
6 306
57 219
406 309
311 69
187 50
309 248
53 139
387 311
174 106
251 246
359 355
344 234
74 345
219 167
119 69
363 116
265 313
331 45
21 391
72 73
310 203
219 253
34 310
159 170
364 135
168 270
45 212
407 301
319 325
303 111
101 403
24 377
247 365
252 263
163 299
43 250
10 280
415 149
196 14
350 247
193 327
5 336
78 87
355 106
170 365
166 200
190 206
32 43
25 114
291 339
82 14
135 43
30 140
126 284
359 249
155 228
345 128
210 321
403 208
148 102
289 189
273 17
262 416
286 248
352 292
389 323
176 100
359 179
336 59
106 70
231 83
207 42
288 87
20 152
224 371
141 148
169 94
9 133
145 388
407 399
162 336
55 320
413 140
336 122
329 199
229 337
138 349
339 289
60 140
219 155
253 263
254 215
277 303
72 66
103 139
336 135
402 194
68 373
164 128
402 152
284 167
281 190
315 142
61 97
270 355
67 358
396 361
412 66
193 53
220 55
168 251
299 244
67 19
332 144
365 245
290 64
95 72
231 163
11 413
384 315
216 75
184 81
12 153
240 90
223 198
279 121
212 391
15 50
372 207
323 407
368 182
26 405
307 184
333 209
203 64
167 368
133 228
94 375
139 322
248 38
156 353
179 179
32 162
400 333
224 113
270 182
25 80
220 25
99 93
364 161
24 141
392 267
249 398
327 330
126 72
259 227
183 234
214 350
7 74
365 44
61 48
209 63
395 253
71 284
332 33
190 329
251 162
15 24
103 260
389 14
285 198
188 297
163 256
279 353
254 269
270 78
229 376
113 152
399 333
151 342
170 114
154 19
372 284
15 384
174 12
353 249
342 121
405 164
242 346
256 292
204 342
132 113
7 394
387 297
404 88
310 227
212 234
204 63
125 188
37 350
232 147
164 400
364 232
349 107
320 198
411 287
129 285
114 307
332 102
61 410
353 126
282 321
286 294
299 384
127 294
358 420
378 276
244 51
136 93
123 241
215 127
96 251
420 125
229 11
287 22
48 410
237 331
244 148
153 375
348 229
87 117
379 182
344 39
155 350
394 306
101 351
191 105
48 272
303 31
372 93
215 150
195 90
133 416
386 361
272 267
393 144
382 410
389 171
396 126
210 295
409 196
136 146
56 137
31 73
229 10
148 335
65 317
163 274
59 265
122 107
203 121
400 361
37 264
171 154
206 308
268 273
89 381
202 122
305 207
294 291
274 348
333 186
182 303
13 215
372 165
165 208
43 61
140 294
138 336
365 263
39 150
198 227
295 364
17 32
299 152
8 112
76 69
157 60
288 409
352 341
191 384
134 174
148 285
119 85
268 290
32 43
242 157
214 193
213 290
9 59
45 371
362 299
150 291
401 148
133 230
76 344
177 337
76 86
150 393
248 284
251 74
240 297
153 302
188 177
348 131
72 399
115 235
357 403
78 184
95 296
4 154
242 233
203 405
192 139
416 329
367 111
270 140
317 267
105 193
162 101
37 391
102 108
125 123
187 398
383 66
246 371
182 150
392 241
314 369
260 147
237 420
151 232
215 144
142 231
54 319
397 113
391 185
312 251
132 19
80 94
378 38
223 221
144 368
181 156
366 126
329 143
261 96
22 9
23 59
295 227
237 413
298 363
261 243
188 144
417 207
20 386
153 212
285 118
110 310
293 198
299 4
178 34
268 210
304 179
325 53
213 175
291 214
406 419
180 135
341 194
271 142
350 70
255 394
409 148
330 179
59 348
365 413
187 235
380 410
160 254
78 221
250 7
85 109
182 4
10 395
15 254
378 17
343 156
399 387
341 156
288 4
202 263
314 318
172 325
317 161
135 249
146 79
217 131
235 208
306 19
66 17
190 125
25 2
200 338
379 202
157 322
416 102
286 257
132 363
162 135
246 270
402 294
367 168
100 384
268 176
111 289
416 218
276 72
394 278
237 309
307 10
149 150
353 260
185 212
276 232
383 206
408 387
318 183
288 191
233 411
191 35
168 62
67 77
237 234
324 367
89 321
32 104
115 168
129 198
163 307
88 181
156 16
235 378
268 281
205 177
184 33
292 84
11 393
249 253
105 383
134 276
387 178
6 220
356 298
390 293
78 65
124 194
90 133
98 347
366 105
228 176
371 321
64 82
195 257
42 348
11 93
269 115
87 394
400 306
414 327
151 42
58 312
198 26
239 274
273 217
282 136
202 118
48 15
252 369
190 290
22 266
50 107
388 391
89 230
184 370
359 81
50 399
287 129
217 189
113 46
162 267
31 208
231 382
209 41
38 187
266 139
411 311
45 105
53 347
390 76
47 258
244 32
170 81
307 157
373 98
95 222
234 327
240 6
162 105
383 190
270 137
149 189
368 206
319 257
408 277
296 353
23 24
227 153
37 420
320 408
233 289
236 82
298 84
262 187
91 155
183 284
200 395
204 350
30 49
96 8
156 50
172 183
125 394
397 44
302 212
354 366
321 185
127 335
123 10
69 161
235 201
67 152
196 189
42 197
115 302
306 204
381 360
242 345
333 392
51 59
121 13
376 190
337 214
399 363
243 340
353 372
355 52
409 419
351 229
409 300
307 265
67 40
149 268
217 210
303 363
276 354
287 414
103 393
354 290
91 130
45 47
173 389
340 304
347 247
4 112
289 207
164 286
346 30
336 65
118 182
330 24
385 190
118 418
407 125
39 251
156 143
414 379
261 376
80 30
116 73
153 148
127 73
278 254
115 199
69 55
29 90
347 43
210 11
277 173
192 413
180 275
346 331
222 117
241 82
383 310
79 153
124 78
86 228
102 349
28 238
235 121
159 127
41 40
227 149
136 203
359 273
171 257
380 10
390 8
135 207
88 401
331 328
267 203
206 390
413 177
125 269
133 45
239 220
401 326
70 232
317 170
201 114
137 188
134 2
278 129
49 62
260 220
84 206
181 72
9 262
406 158
17 114
247 209
382 190
12 407
4 279
40 69
51 216
341 144
245 332
114 193
310 347
300 300
49 416
278 352
171 265
175 57
263 397
75 250
267 313
218 107
166 82
382 366
318 89
121 146
245 346
218 53
383 256
305 43
286 256
224 124
385 332
372 406
418 370
188 267
387 352
367 57
419 339
233 223
141 261
180 117
202 240
306 174
335 409
228 277
155 245
134 73
368 56
317 290
311 251
296 80
396 78
163 300
14 15
194 368
265 359
388 231
114 371
208 317
356 98
101 169
1 78
179 66
79 204
235 72
222 293
150 36
267 154
370 100
324 287
353 163
264 171
212 93
16 402
192 39
287 9
106 117
391 217
134 420
415 114
89 308
401 368
245 98
79 149
369 325
381 345
125 48
290 203
385 182
280 28
32 53
340 378
65 124
124 203
20 324
374 188
74 165
119 128
46 313
309 380
158 71
248 201
38 371
340 2
186 163
264 85
147 5
199 339
308 76
205 38
26 101
92 352
367 27
356 142
147 345
235 296
381 407
306 226
307 17
307 343
409 341
286 219
327 161
91 235
11 407
268 309
414 387
191 216
140 182
99 36
12 110
139 134
39 296
246 363
25 108
222 5
126 389
11 408
303 309
13 407
108 257
24 291
90 92
353 84
371 385
131 180
357 402
196 131
8 105
129 276
278 294
9 354
215 201
252 348
292 148
408 415
207 115
87 215
339 97
291 306
10 4
161 38
193 281
53 98
100 66
7 251
298 339
25 165
105 212
137 145
373 191
240 267
246 24
154 144
335 157
193 64
88 192
212 46
288 173
288 105
80 235
315 67
14 156
290 240
243 258
102 378
309 302
55 273
324 124
358 302
158 284
288 331
383 343
250 364
165 406
50 400
352 224
244 159
201 77
341 117
382 108
183 382
124 267
19 109
19 91
124 35
394 287
272 167
124 388
265 133
42 47
144 57
275 136
357 126
397 403
309 207
370 38
228 305
35 133
384 129
297 50
146 155
121 259
316 335
31 211
306 385
414 348
322 357
62 332
162 374
104 65
251 282
268 259
388 110
401 65
147 399
178 203
181 280
385 35
135 175
170 185
366 145
9 138
188 13
3 170
18 98
108 401
145 13
402 217
118 179
146 331
133 103
380 208
250 228
419 123
330 228
317 117
48 274
22 32
312 347
296 279
272 125
38 222
281 118
355 401
199 279
274 148
75 274
162 321
31 337
251 84
76 153
189 379
38 21
255 100
21 380
245 26
364 220
177 80
31 273
311 383
400 319
105 238
387 206
178 306
131 351
315 13
295 170
225 328
204 212
245 35
414 298
375 68
185 13
129 172
195 216
214 117
218 325
121 138
92 344
197 96
113 379
274 170
256 251
290 84
210 9
4 325
258 226
132 107
303 201
374 164
302 198
177 157
129 149
14 290
234 257
310 390
39 95
403 31
178 118
169 40
368 400
276 285
359 70
24 332
9 4
408 17
302 365
323 177
289 106
91 131
291 246
120 239
261 316
253 357
383 124
97 255
281 30
208 319
20 369
81 300
87 330
272 324
204 297
104 127
169 227
174 336
110 80
309 142
379 136
362 187
328 162
72 308
170 157
118 209
231 113
155 167
268 294
325 135
44 85
373 172
117 2
295 104
204 249
47 134
199 330
177 9
2 12
411 325
216 276
178 179
189 199
380 245
348 15
402 296
320 34
335 320
189 420
39 155
73 22
42 278
164 24
352 198
29 91
288 252
176 30
189 344
251 64
293 286
282 153
246 188
358 362
266 208
190 81
290 409
173 356
253 190
288 245
116 232
25 159
290 248
72 173
360 68
372 170
164 193
366 213
138 247
314 407
81 419
376 376
218 236
38 270
323 69
23 348
19 312
357 344
48 368
128 338
385 79
61 184
275 123
38 293
257 206
292 129
90 91
270 274
152 77
345 361
208 144
312 389
390 71
112 242
243 348
37 310
404 276
207 345
230 91
16 264
111 127
277 247
59 405
250 27
326 265
419 47
218 161
293 153
347 358
46 229
253 101
218 6
232 233
300 84
368 62
18 104
333 300
157 122
303 44
259 183
390 264
137 52
127 110
84 211
52 60
182 262
172 126
123 367
325 296
273 199
181 74
301 333
407 181
370 60
62 131
255 160
317 17
109 101
32 235
382 266
90 192
177 126
215 418
42 322
68 411
123 163
342 364
23 248
352 369
102 120
96 104
70 204
138 85
322 347
391 388
234 94
268 68
91 191
321 142
83 339
215 175
404 248
165 133
296 382
202 357
152 143
239 149
321 15
51 267
404 360
207 192
113 419
376 118
352 375
260 53
211 42
393 354
139 234
18 112
295 2
246 102
376 149
17 80
66 244
118 134
54 402
192 69
107 107
329 209
411 372
120 387
338 271
173 268
69 125
196 83
267 60
279 131
282 183
221 266
132 107
331 61
129 174
75 347
153 272
408 155
200 213
330 189
1 170
76 344
113 192
83 415
377 399
373 294
190 345
215 323
213 211
151 20
350 11
357 165
261 117
419 371
165 330
77 217
76 190
212 406
54 82
416 358
409 394
334 86
254 140
104 310
391 69
420 331
71 186
357 379
269 236
45 51
239 75
158 379
250 11
44 233
259 380
57 351
109 208
192 367
73 191
60 120
185 168
57 166
226 264
364 415
383 417
10 148
141 86
357 78
85 127
14 236
25 61
92 11
28 350
413 58
293 410
380 225
208 168
196 297
397 26
95 250
284 201
344 28
386 405
332 342
279 18
259 97
277 130
96 368
263 268
155 1
195 155
249 411
119 48
65 72
344 288
40 270
112 357
131 149
309 339
215 218
29 43
32 150
38 406
212 202
27 265
143 260
107 185
302 243
382 321
116 71
336 405
255 264
223 153
174 304
340 101
303 347
150 378
206 255
88 119
120 373
74 68
63 74
150 324
287 322
147 10
418 366
191 18
85 224
66 417
311 188
232 71
265 306
167 31
238 13
162 391
401 196
294 128
364 420
100 149
92 336
401 274
386 157
402 412
282 17
409 119
380 26
21 333
203 322
220 8
271 230
6 49
261 104
6 144
245 98
365 57
16 320
298 198
411 400
360 279
371 276
48 405
163 244
124 316
362 87
117 169
201 170
54 353
125 74
120 33
350 390
385 305
261 242
140 192
253 298
313 186
117 308
84 360
113 191
34 176
328 190
199 309
53 91
144 334
117 42
11 354
350 223
204 159
291 165
32 267
253 146
78 413
171 296
142 128
139 237
300 71
374 100
76 284
182 412
109 57
238 366
332 309
408 389
64 267
9 366
366 346
66 245
314 136
226 170
208 333
224 358
276 351
17 27
25 56
232 144
299 192
382 33
315 375
279 205
7 124
267 233
138 420
330 83
156 270
85 239
117 274
308 141
238 123
101 414
198 58
129 294
28 227
372 268
87 395
215 322
224 159
158 298
220 100
33 49
79 153
244 112
27 303
400 254
313 406
214 261
274 323
415 386
47 79
10 401
55 403
55 333
304 58
147 300
56 165
100 124
346 413
284 37
343 362
228 277
372 176
134 324
36 387
285 335
358 103
9 247
276 200
399 209
71 270
221 72
36 373
40 293
380 378
306 163
331 302
404 404
264 290
405 161
274 104
85 151
280 194
364 96
334 76
19 60
350 294
315 393
341 124
48 9
323 289
211 291
288 324
225 232
86 399
36 257
97 137
367 378
168 389
391 10
23 123
174 236
57 111
147 117
196 324
270 10
360 314
405 298
247 200
280 246
279 171
280 242
47 206
152 212
389 161
36 290
2 194
288 340
281 300
339 246
201 119
165 284
246 96
394 24
124 59
229 250
264 124
83 231
112 324
190 79
360 172
232 161
6 35
239 208
401 385
265 180
213 103
390 33
146 229
64 260
364 3
30 366
346 83
185 93
27 144
336 112
84 285
5 107
321 78
214 305
209 333
410 402
258 7
265 269
355 190
236 385
396 329
67 356
166 188
303 402
192 297
110 285
46 39
264 41
230 297
122 262
278 349
127 304
265 129
257 56
262 26
328 353
376 6
267 155
253 86
285 382
278 412
227 157
135 315
222 414
163 189
248 72
237 287
206 80
316 166
248 419
189 269
232 287
198 407
160 56
392 52
194 318
98 73
366 99
297 109
329 318
344 266
176 136
107 254
268 17
58 272
371 16
25 301
302 269
167 339
20 159
360 368
404 140
346 105
99 385
265 19
231 118
225 251
323 164
34 168
327 361
338 307
174 386
126 32
290 285
271 195
162 167
33 254
202 153
21 185
92 79
386 365
377 259
7 58
6 55
103 103
294 247
211 14
180 316
263 15
82 217
398 129
281 11
372 94
373 168
215 373
257 254
136 261
216 231
297 307
163 60
311 3
100 131
332 318
241 132
213 56
209 219
378 86
341 139
373 369
143 196
229 406
39 257
291 331
154 373
100 342
313 375
40 220
154 379
356 235
224 187
418 392
363 391
191 235
404 300
382 99
66 175
324 367
158 396
186 192
269 46
310 286
93 39
400 324
144 159
186 31
23 9
197 386
6 167
174 370
369 224
91 105
335 141
419 28
404 252
110 189
361 277
248 234
162 169
216 207
113 84
322 77
243 328
46 147
159 262
21 366
158 83
356 402
266 274
19 106
360 105
23 171
171 211
380 9
163 409
352 110
264 348
83 338
203 237
327 233
374 27
177 41
232 7
60 260
338 323
87 176
84 135
420 190
308 314
373 63
264 303
129 130
180 293
392 66
15 411
30 276
375 389
9 206
408 6
173 199
202 138
7 172
338 157
303 102
265 311
176 177
15 342
129 100
140 318
135 126
337 24
406 351
158 310
335 33
224 28
233 419
323 339
305 386
254 67
141 46
168 317
319 143
15 84
175 82
166 325
100 372
384 177
213 19
124 355
296 62
371 227
268 59
8 357
189 195
415 119
392 170
47 241
13 99
221 301
286 310
238 340
165 372
192 224
342 185
314 197
177 286
312 124
106 405
93 29
318 233
9 172
21 390
389 372
120 351
237 267
193 29
5 400
172 287
78 269
129 412
358 377
14 34
167 176
361 232
314 26
183 184
272 56
399 239
226 208
224 227
312 347
362 382
355 115
164 143
51 63
175 290
134 119
69 173
287 372
167 51
366 189
350 210
282 12
336 97
304 141
165 11
145 308
321 72
137 37
191 378
410 274
7 62
34 32
45 292
33 258
230 156
58 370
416 159
332 67
240 43
400 21
173 263
104 94
358 156
121 357
271 340
143 349
365 68
53 380
165 391
26 207
64 10
166 291
269 407
382 28
255 274
396 58
60 365
159 401
215 280
234 166
234 19
55 29
404 160
145 28
70 367
327 50
389 408
99 194
255 3
289 85
245 260
13 339
290 72
371 390
69 136
368 184
167 228
351 330
132 145
76 279
52 125
297 223
27 400
7 13
32 255
299 55
155 81
189 399
354 371
27 281
262 108
346 43
1 39
2 8
367 279
246 62
272 225
318 205
29 310
351 171
259 46
202 69
212 129
226 396
57 87
20 205
122 291
14 317
243 339
11 171
327 26
299 306
41 179
205 322
147 336
180 151
230 31
307 259
392 389
239 32
324 293
216 396
99 375
214 276
304 9
44 301
48 136
341 291
308 100
263 214
224 381
266 220
284 395
81 160
354 46
347 412
107 194
4 321
198 150
252 410
232 118
331 340
156 420
301 312
286 68
74 94
112 31
8 242
40 41
320 104
263 159
369 154
390 157
142 367
302 55
23 236
294 16
269 20
398 284
261 371
313 194
283 81
188 29
201 166
152 44
194 201
189 386
325 41
392 378
323 82
395 108
86 270
56 389
341 127
222 97
353 404
290 386
377 354
361 17
243 52
417 75
395 303
184 164
248 66
165 143
6 255
24 156
210 237
303 191
275 366
273 242
291 219
29 97
43 88
83 204
283 183
365 164
326 269
88 202
16 74
334 20
306 212
329 300
153 127
22 350
415 153
171 124
75 243
35 81
386 352
183 362
237 199
267 390
395 253
123 196
291 61
338 208
343 119
115 375
196 272
292 30
377 374
109 238
159 189
16 80
278 341
193 39
126 385
143 382
84 70
360 316
216 75
27 97
420 219
86 151
51 90
136 36
153 136
251 183
248 319
363 341
386 386
130 317
372 419
249 182
390 208
369 131
370 99
202 418
198 98
407 277
127 343
192 158
11 310
198 56
315 171
114 10
219 93
57 382
233 175
67 415
94 241
74 286
67 200
264 296
229 91
165 323
271 48
83 334
59 131
181 296
266 10
395 390
352 71
18 381
93 414
180 128
417 300
412 57
107 173
76 180
145 238
201 235
45 25
406 337
280 70
342 201
217 130
220 246
402 378
80 315
133 172
21 23
199 2
85 172
136 348
159 255
169 192
90 77
236 282
390 61
21 356
144 178
25 133
251 132
95 261
373 320
378 417
190 347
145 196
94 400
369 397
358 328
144 95
201 226
9 232
25 155
410 68
180 250
213 123
185 56
153 269
171 174
128 348
342 21
220 406
399 8
89 269
217 99
301 248
127 410
8 261
268 308
243 363
95 57
50 305
326 130
189 303
326 28
316 227
63 340
10 63
195 414
52 30
204 145
89 79
299 265
234 230
385 228
258 360
23 347
207 215
74 246
275 177
163 187
128 43
95 70
332 9
49 136
76 51
349 274
368 14
175 218
199 408
184 160
213 69
225 247
157 409
12 194
414 260
148 18
402 316
195 399
202 404
96 202
232 317
267 381
13 168
302 208
311 11
323 261
327 74
171 105
85 174
216 358
287 49
245 234
267 319
294 352
232 11
99 312
72 355
322 351
268 157
11 274
45 309
278 4
172 350
306 104
48 292
358 343
180 418
1 87
273 368
33 220
22 172
337 101
276 120
297 371
377 272
357 416
126 227
409 260
187 370
243 139
180 108
93 170
81 320
49 70
213 120
103 295
309 177
357 383
226 45
113 103
222 284
358 181
250 246
417 78
197 278
396 191
26 78
92 207
343 74
265 375
367 190
356 276
379 281
292 130
145 56
234 20
150 273
132 65
28 337
273 194
284 209
169 116
225 71
163 79
192 65
268 155
200 194
261 306
396 128
82 200
368 41
303 297
252 230
218 11
156 166
81 141
67 148
182 145
287 162
172 405
177 208
349 280
308 385
129 92
119 394
109 58
85 194
105 96
353 398
231 12
326 368
372 293
165 1
344 41
137 206
282 7
211 288
26 324
383 215
345 296
213 269
306 101
316 204
51 127
182 117
216 190
269 246
5 154
262 278
307 117
166 392
399 304
196 38
199 270
99 200
198 314
275 208
159 76
18 320
115 2
359 183
151 19
29 148
394 402
317 1
246 17
217 321
220 102
183 277
198 365
401 366
213 331
228 176
137 303
228 383
96 57
229 81
326 277
349 88
236 330
137 13
233 173
318 149
116 39
205 259
139 32
21 205
135 51
54 416
153 34
303 27
1 246
298 286
165 338
86 230
13 217
190 83
244 317
291 220
37 416
247 231
328 299
24 119
317 322
358 30
328 80
230 7
85 128
13 378
325 383
414 77
291 93
168 134
170 194
268 16
273 357
362 84
87 302
261 420
31 256
154 165
318 216
178 61
33 419
78 77
307 81
178 313
343 378
131 286
256 378
353 95
215 276
115 353
167 401
303 260
93 352
5 243
170 289
378 112
352 333
319 132
16 247
287 321
249 124
340 127
400 51
293 389
2 171
234 337
319 72
281 339
183 401
195 38
30 55
187 53
277 154
406 120
95 351
14 112
325 122
203 358
343 244
148 379
258 3
203 284
112 233
151 208
108 405
71 261
151 45
171 238
274 363
146 89
73 250
295 26
129 330
200 64
17 73
104 385
101 82
211 335
315 163
168 289
72 48
145 109
328 98
323 206
90 375
63 169
271 324
160 264
56 215
71 242
304 261
46 181
156 363
88 191
281 367
365 194
249 204
237 83
174 4
22 319
288 173
64 403
255 85
207 334
252 230
224 35
416 141
368 393
415 407
412 268
193 410
382 282
192 370
83 313
238 227
2 25
281 287
300 272
296 61
187 182
330 44
385 205
398 191
418 49
145 76
269 104
105 286
318 357
343 351
412 65
24 254
223 230
309 134
341 275
163 119
261 397
410 401
23 308
41 398
66 253
396 418
324 32
190 114
152 107
299 125
76 60
359 269
222 99
80 183
351 57
403 219
45 255
119 262
55 388
24 90
3 181
271 201
308 252
219 19
332 113
308 230
223 314
306 396
305 314
80 114
125 405
75 406
279 381
185 18
299 214
402 137
304 157
29 331
344 52
400 314
292 227
413 150
256 193
391 31
272 346
45 60
157 334
334 14
289 329
298 191
258 39
284 339
409 261
18 66
184 416
244 178
302 68
5 113
272 345
276 73
384 374
27 267
107 365
188 357
133 27
112 183
390 17
187 144
58 270
230 34
238 397
365 19
364 220
49 330
228 217
282 238
2 184
381 111
229 255
197 109
277 10
187 40
87 190
161 259
408 400
97 327
44 254
230 198
361 63
331 330
307 16
143 20
335 103
106 50
74 398
224 262
413 409
285 233
55 323
307 239
185 41
288 179
160 134
306 10
154 70
322 52
355 157
210 393
340 7
56 254
312 130
223 218
414 93
41 125
366 84
230 239
229 112
160 81
190 275
312 172
123 109
414 366
71 326
95 307
305 343
123 276
228 263
57 160
229 308
345 130
115 185
118 235
73 36
11 247
243 324
114 185
370 243
272 394
233 67
214 266
148 38
85 198
274 241
321 315
256 398
88 54
116 26
292 315
71 127
398 20
371 27
182 22
35 79
174 338
354 159
386 232
380 194
86 148
128 259
94 169
71 232
283 196
263 194
306 200
241 418
2 381
266 52
137 163
7 254
70 357
302 378
359 139
120 297
416 401
251 301
249 8
351 216
381 381
197 32
114 176
238 205
77 244
210 218
160 40
396 49
339 106
288 321
136 84
359 140
67 80
389 186
58 383
355 287
204 339
405 343
303 290
110 158
108 161
391 200
142 373
412 224
145 20
342 104
232 248
97 97
116 203
296 252
194 285
193 359
78 399
16 251
112 212
254 152
160 218
213 183
113 266
264 136
233 153
268 288
227 186
41 179
312 398
262 291
409 396
383 305
250 415
299 165
217 218
288 237
133 344
131 185
281 200
325 148
108 171
55 94
67 110
339 79
273 43
230 363
90 281
404 197
21 9
407 401
344 6
5 208
50 416
398 155
135 415
42 172
317 69
8 134
177 113
266 119
118 107
350 25
247 288
415 274
393 6
248 120
212 273
88 290
42 293
102 15
332 297
165 128
15 50
409 409
326 261
320 159
99 313
165 41
268 183
8 249
395 369
240 28
316 326
402 311
349 254
202 395
45 96
265 399
105 290
205 224
195 196
207 411
408 102
251 313
237 17
154 243
163 278
160 338
38 387
265 173
283 344
38 113
378 335
394 29
322 354
352 349
90 11
122 316
108 19
56 47
343 262
8 270
162 146
156 98
60 305
219 417
7 40
372 269
284 21
366 157
343 123
243 236
38 254
394 43
175 62
98 284
74 126
341 239
193 219
293 204
228 159
140 147
260 301
283 178
339 354
217 187
139 210
204 24
179 228
79 283
76 241
217 394
84 151
393 319
294 161
366 53
325 42
116 53
270 315
353 294
20 8
285 190
1 161
119 281
246 287
220 89
226 329
128 259
358 183
190 315
261 321
312 269
91 409
249 392
175 335
77 274
217 43
341 122
245 96
322 95
5 14
3 351
285 330
222 412
318 20
250 200
321 243
279 208
350 359
18 191
364 111
72 232
86 80
257 123
249 10
167 231
370 189
117 188
54 246
335 61
409 319
199 126
171 92
218 64
343 349
258 249
273 387
284 344
363 118
243 124
130 309
248 270
159 302
116 341
275 258
152 287
10 351
24 331
333 161
175 417
403 4
279 382
49 72
399 241
187 262
229 284
340 155
375 350
233 21
394 365
67 190
187 13
366 265
248 164
157 265
75 197
178 312
335 227
168 205
82 247
273 290
68 140
410 373
97 363
396 388
147 246
110 272
88 366
292 400
264 183
160 280
359 165
281 355
98 360
410 412
178 17
67 35
28 154
135 343
384 145
360 143
230 234
205 11
97 385
190 183
278 56
297 269
315 337
180 365
132 220
150 366
76 277
416 191
68 420
408 62
199 119
208 74
12 307
125 323
80 373
370 153
221 68
109 150
269 224
363 192
52 173
69 280
32 97
290 57
176 92
53 40
305 264
139 326
62 156
25 390
20 175
415 176
226 31
31 174
76 283
228 394
290 254
333 413
207 8
249 88
146 285
418 312
287 35
62 387
93 217
76 72
341 48
322 377
34 42
338 254
361 342
339 319
347 8
226 137
48 165
213 306
336 216
319 119
166 301
104 280
239 237
172 216
94 135
340 204
147 411
57 199
404 204
53 325
317 240
313 35
234 98
316 323
384 110
17 33
94 363
42 357
47 416
118 227
133 227
211 269
224 191
73 388
158 151
154 244
244 380
107 149
351 286
375 179
45 247
332 349
125 105
139 23
43 111
314 88
406 47
113 171
276 317
371 203
35 95
308 182
150 180
62 214
221 161
147 235
139 171
127 367
180 353
348 325
75 21
362 6
106 2
196 171
237 241
418 244
254 184
198 208
25 218
203 261
328 379
200 254
107 235
206 359
218 369
301 55
310 67
274 2
213 339
243 244
204 403
406 390
101 273
276 133
174 343
408 20
346 228
181 185
271 33
9 383
129 15
34 325
226 218
258 79
212 389
183 109
158 45
311 261
295 231
171 139
121 91
325 300
108 231
41 232
234 119
98 104
181 376
175 159
372 328
266 272
332 311
33 170
5 38
180 299
77 250
104 357
193 69
181 341
404 77
302 289
109 160
281 23
34 295
273 165
13 294
126 189
215 152
413 275
186 204
364 235
313 420
362 243
255 236
27 295
325 301
257 36
297 18
152 298
90 388
60 42
66 266
78 38
124 185
68 308
323 61
166 331
94 355
404 385
265 108
135 43
154 137
371 188
22 397
196 382
208 209
198 39
89 108
94 239
342 235
24 414
235 293
47 201
281 93
372 73
40 347
151 178
401 415
29 48
318 14
325 53
167 143
15 374
381 181
270 271
303 107
250 213
375 82
409 282
290 105
74 247
306 89
11 122
164 182
392 87
8 140
224 96
382 203
366 61
126 133
19 29
209 102
339 236
397 252
133 111
127 348
402 224
325 18
74 298
182 95
75 31
69 192
336 386
259 416
170 310
276 77
52 366
292 250
199 18
121 407
400 149
398 108
177 266
70 101
246 133
129 171
264 148
80 56
14 242
225 8
104 12
401 360
180 133
324 242
86 364
70 189
329 359
310 342
245 8
365 35
243 50
219 95
140 39
341 113
229 96
28 135
254 312
262 116
368 226
199 113
127 269
269 290
284 275
401 229
253 80
186 10
275 204
291 253
228 79
389 50
196 344
246 30
69 163
307 174
320 35
231 142
40 161
341 126
51 367
182 77
413 163
46 141
298 111
156 286
312 154
355 371
271 186
220 50
52 312
340 18
373 10
202 168
167 255
126 218
382 71
170 371
297 233
89 163
81 336
244 22
94 358
13 354
195 303
83 131
313 218
319 268
292 334
415 74
218 396
345 278
337 71
27 10
210 30
298 316
369 198
299 164
329 31
305 368
177 203
252 192
326 394
36 252
52 164
210 154
136 284
91 400
213 181
287 329
162 262
236 284
14 164
307 354
146 418
183 28
180 14
93 354
139 168
165 139
57 370
165 52
148 264
408 388
105 381
50 171
27 28
388 205
326 276
105 62
330 307
19 198
163 289
387 57
186 17
283 165
195 88
159 401
270 233
400 286
412 39
69 41
218 187
303 160
11 138
125 97
17 225
333 338
97 250
11 413
49 55
374 368
413 304
84 110
371 183
108 166
208 344
356 201
344 275
194 144
109 258
158 413
245 350
411 350
105 141
310 48
79 315
59 39
262 135
63 291
225 356
299 353
384 148
199 90
118 382
270 93
363 268
274 410
35 365
125 275
393 157
57 209
368 250
274 18
271 340
237 83
71 42
224 392
323 167
107 238
267 398
129 37
115 248
339 83
24 140
316 394
262 136
413 302
118 77
67 14
45 160
257 336
122 200
2 80
227 412
225 191
16 234
392 343
116 150
92 292
46 371
223 415
221 342
279 3
16 18
333 395
126 124
325 413
407 197
337 137
402 106
230 175
249 357
242 71
400 390
405 185
215 113
222 8
418 418
404 395
252 147
204 317
83 392
141 39
154 125
60 379
310 334
416 173
205 326
278 73
407 103
176 352
260 187
211 288
405 204
372 242
408 115
197 164
284 15
355 102
205 240
169 315
221 31
53 288
32 59
180 410
139 86
46 184
343 212
294 167
260 397
38 133
220 26
6 173
397 327
238 395
9 276
57 161
50 62
254 109
213 306
31 295
5 96
149 229
120 368
87 385
269 160
199 399
379 351
66 365
4 400
12 336
112 309
251 112
253 265
83 410
41 170
72 105
51 230
1 198
160 32
6 51
135 157
398 309
188 112
151 153
73 355
15 272
3 69
58 8
381 333
78 176
127 15
7 160
414 123
381 125
166 282
184 133
187 353
59 339
302 380
351 253
364 180
192 187
251 172
416 219
139 210
282 228
385 267
90 262
46 152
216 207
215 55
333 397
384 415
192 387
7 33
317 328
345 43
297 86
152 388
121 137
258 49
102 227
328 26
99 166
329 37
285 81
276 330
112 215
91 359
364 8
232 131
45 13
40 384
348 356
379 350
244 312
276 385
238 335
132 168
388 204
41 242
339 320
315 207
118 405
35 25
401 247
331 174
7 304
241 253
80 168
93 113
130 336
239 101
384 259
340 334
84 59
136 104
64 54
330 131
229 380
54 122
242 350
336 155
22 163
233 129
57 163
400 62
326 36
68 25
358 2
367 122
349 81
210 217
398 6
33 36
39 83
169 74
351 261
53 301
191 207
218 101
191 413
129 390
174 361
202 323
228 163
158 39
131 300
119 35
228 401
108 370
46 250
137 94
159 358
242 326
306 387
58 70
401 395
29 80
317 122
94 329
173 39
80 228
151 25
83 334
285 60
87 92
278 213
40 406
164 295
6 228
105 9
337 212
128 118
107 57
177 165
75 405
13 112
193 187
152 412
146 415
278 361
307 271
55 343
253 71
214 113
136 292
162 395
51 323
356 403
310 179
102 85
99 360
401 223
273 205
111 173
232 167
193 335
219 216
158 223
327 93
12 96
178 242
372 264
336 24
383 297
328 312
307 129
246 20
261 104
190 292
30 65
138 212
264 47
393 10
126 98
405 4
197 414
16 400
189 262
402 400
24 16
57 254
372 388
243 42
121 217
243 122
359 84
233 236
284 24
319 244
217 213
186 300
81 339
318 324
304 49
311 268
47 107
272 57
381 139
65 153
302 315
304 62
305 206
239 197
237 380
82 186
12 233
202 115
200 202
141 26
131 220
133 22
281 229
84 398
97 239
164 373
45 150
262 378
126 370
301 197
62 104
260 383
339 185
346 112
2 142
75 197
94 14
123 14
178 355
134 168
36 343
141 268
401 221
88 368
250 13
315 280
192 19
371 293
77 159
319 371
244 124
280 200
228 297
168 74
409 37
304 173
405 245
148 127
4 99
311 339
48 357
59 312
201 324
36 167
29 389
57 363
366 385
294 87
36 411
401 397
78 381
70 151
385 60
75 176
245 293
150 30
100 318
347 153
106 409
247 317
72 37
18 393
220 382
16 130
154 214
93 71
335 118
375 281
158 184
326 362
357 333
204 265
26 374
29 8
308 376
332 97
26 17
272 268
321 73
76 88
212 170
46 223
359 36
408 385
246 334
104 208
332 169
70 264
19 375
250 22
14 283
343 309
181 229
188 38
219 242
105 219
354 152
162 85
33 364
138 141
378 151
266 183
336 178
241 99
252 281
247 282
53 322
253 249
120 405
149 404
368 337
146 417
26 135
398 211
196 133
58 66
224 249
176 318
151 355
244 420
113 255
392 335
97 320
107 400
294 34
238 220
303 295
18 164
272 133
214 415
229 238
260 255
418 142
16 371
24 213
408 57
412 325
16 328
315 302
70 95
204 9
231 151
191 199
102 149
398 329
149 212
48 402
213 169
62 127
308 250
261 290
322 183
395 206
187 383
222 347
273 357
47 103
73 119
162 125
53 36
191 171
193 264
264 261
6 153
226 142
377 352
339 123
23 78
406 123
376 62
72 129
385 347
414 241
69 250
286 99
362 389
17 25
127 404
274 379
120 138
26 292
55 49
145 291
327 345
405 332
125 17
227 172
143 10
200 69
169 127
90 9
127 301
98 339
378 292
38 37
174 234
111 26
376 298
298 127
322 152
231 293
63 216
169 394
117 59
104 263
144 114
377 248
3 14
174 350
360 20
209 244
306 326
57 53
79 94
111 389
343 280
393 166
271 63
67 211
1 363
177 12
409 356
409 336
402 55
210 318
238 99
97 164
405 377
393 155
223 406
287 18
63 287
174 191
305 100
238 124
278 407
97 159
14 170
377 113
183 416
328 34
37 312
381 26
26 98
289 318
313 36
188 311
415 237
329 299
91 6
113 357
252 78
299 210
380 167
287 416
71 11
211 10
359 71
49 99
223 415
231 234
318 248
46 238
45 289
151 342
404 391
213 72
171 370
236 238
7 244
420 69
386 268
69 344
404 178
143 282
174 391
244 34
271 381
140 335
266 226
20 187
91 235
76 351
179 217
26 179
78 247
244 213
150 416
301 122
177 365
383 179
346 384
34 109
57 97
248 312
383 417
129 212
394 416
108 216
37 274
121 360
342 219
355 37
150 34
212 285
72 69
354 90
157 156
397 3
381 117
293 12
268 111
54 240
387 243
79 138
405 37
136 9
1 250
201 203
301 258
400 383
104 137
245 352
305 147
58 27
327 279
176 287
173 357
28 209
350 30
128 256
84 7
7 215
151 387
10 320
18 179
40 332
239 82
167 106
345 411
242 416
397 64
413 207
269 43
373 46
309 153
250 280
343 108
120 136
214 327
221 154
159 182
279 116
52 207
378 275
169 289
108 406
315 354
194 221
242 374
387 262
43 34
103 143
88 2
167 105
84 218
365 64
417 166
290 398
273 144
173 418
125 121
337 171
358 57
55 418
49 249
279 271
416 14
323 283
62 28
248 77
69 267
199 12
365 372
364 408
107 187
9 67
130 60
383 177
250 255
313 225
192 203
300 180
61 231
218 111
320 34
351 393
114 347
267 218
142 144
171 324
14 369
251 32
336 218
93 235
417 315
77 27
380 54
67 266
170 324
335 277
418 82
330 43
372 140
414 133
289 18
340 278
370 57
278 152
255 388
203 277
211 392
344 313
209 252
111 399
153 23
69 146
99 325
407 281
397 220
211 58
353 264
95 246
167 177
380 207
117 61
234 168
102 349
147 160
420 290
109 215
244 372
199 263
40 62
41 154
212 208
55 364
163 315
243 77
207 258
347 240
199 61
364 213
85 227
219 45
174 274
19 111
103 83
366 251
331 28
285 21
47 323
400 296
134 61
243 350
97 200
133 222
39 18
34 114
63 199
334 13
237 250
204 335
349 11
381 217
365 315
26 291
119 323
235 381
237 11
27 40
206 280
24 98
200 138
169 98
48 400
36 261
342 281
17 349
110 359
45 174
43 62
332 280
144 257
380 143
270 109
56 152
101 55
190 289
85 186
14 256
390 374
420 82
151 412
300 264
313 396
162 353
322 375
73 389
178 267
341 252
57 232
381 84
39 135
343 343
386 363
149 323
376 371
28 31
136 284
380 31
323 227
174 42
247 50
33 248
49 173
167 15
246 56
375 243
43 150
223 417
417 229
385 361
290 156
276 42
91 404
219 313
386 275
173 248
313 70
209 378
36 254
327 241
379 236
265 192
139 419
26 187
254 160
218 321
345 299
89 410
125 225
407 54
329 357
304 356
159 59
374 309
40 10
373 245
5 198
189 9
164 257
142 86
89 251
140 399
404 63
420 393
75 68
83 353
115 283
100 197
319 327
312 1
152 299
314 308
164 120
391 223
354 71
13 273
126 8
247 222
389 163
390 313
135 356
322 45
308 409
141 307
318 156
137 316
389 65
404 388
48 105
72 107
367 390
88 133
85 387
222 312
275 26
10 363
62 336
115 176
330 143
79 110
