420
7056
54 80
110 83
338 214
158 338
336 15
202 181
103 196
262 245
67 355
34 367
225 229
15 170
297 256
254 313
240 33
139 286
347 226
399 77
183 3
68 323
130 369
89 225
260 186
22 190
104 356
412 164
103 265
151 380
393 203
8 252
117 411
130 406
410 76
153 235
192 415
21 281
8 372
16 216
258 302
237 187
413 265
238 181
210 228
393 66
62 377
269 266
349 229
161 213
202 200
389 123
420 28
225 155
92 174
197 270
214 229
60 348
81 10
42 387
185 350
63 360
255 130
111 286
88 225
367 12
253 398
417 335
356 389
109 95
375 76
374 201
233 231
151 208
406 368
192 280
256 373
311 167
173 80
130 67
224 188
66 71
344 311
247 394
209 276
24 24
97 163
270 166
344 236
170 177
412 413
155 52
101 55
416 243
413 102
292 93
320 289
106 109
75 328
182 395
234 158
72 149
10 343
151 104
159 312
343 280
15 146
181 385
58 216
255 310
131 267
276 374
23 189
245 118
257 154
286 277
32 78
410 147
38 282
40 408
384 61
400 308
194 322
80 228
262 188
133 298
230 292
210 85
301 65
23 118
358 274
301 204
133 360
283 297
44 114
46 70
117 360
129 394
281 193
378 387
151 314
271 385
309 163
380 158
265 331
85 217
197 91
194 313
327 364
322 247
329 70
41 17
217 77
373 193
337 194
187 283
418 364
408 79
196 132
76 358
63 393
406 226
237 128
170 34
49 180
335 77
93 402
351 366
32 406
131 92
374 351
414 126
14 399
110 181
391 85
366 278
205 66
55 104
183 185
79 343
193 19
371 132
159 93
73 46
381 290
164 60
256 43
45 5
164 152
367 55
409 81
338 409
198 380
122 93
297 177
318 102
200 417
288 224
272 128
419 396
326 376
4 56
91 193
181 211
65 307
379 157
129 142
151 415
106 284
40 61
125 109
79 380
117 12
277 356
248 181
34 302
83 333
276 182
370 20
145 322
28 93
322 182
58 270
418 153
237 130
346 219
211 345
355 389
75 308
337 164
139 415
123 314
329 325
62 250
253 41
251 15
228 199
403 147
177 69
355 293
40 307
266 195
39 21
283 311
200 404
28 223
237 220
302 218
228 7
412 223
53 176
199 3
217 79
307 228
223 386
1 14
135 125
250 315
387 23
361 290
391 110
395 417
312 45
189 253
365 209
366 117
102 2
337 413
252 358
419 175
365 169
404 281
397 140
30 182
363 399
340 223
88 51
172 314
356 54
80 192
161 40
234 125
222 90
204 206
111 369
384 202
416 388
23 278
317 146
301 226
205 120
395 39
116 199
270 32
412 118
379 167
280 278
159 134
342 140
353 24
286 59
312 165
217 52
11 175
208 114
174 54
382 419
379 193
334 87
74 246
327 403
389 319
69 339
207 376
68 137
219 192
284 154
406 364
302 348
83 385
13 164
143 244
111 416
129 131
413 290
237 235
249 246
399 387
97 196
410 214
174 256
105 123
73 270
174 101
21 16
399 181
73 261
353 72
131 258
306 343
287 324
179 180
155 208
225 32
253 140
347 294
215 27
96 96
393 64
48 53
26 188
386 82
341 407
32 123
413 85
53 346
239 166
360 369
287 379
417 199
223 102
228 162
391 337
291 138
152 410
23 313
406 372
56 286
411 270
63 226
93 17
400 210
79 118
97 314
148 234
178 155
238 80
302 163
64 80
88 305
253 11
100 87
169 370
29 336
272 296
315 89
3 351
313 200
397 196
364 194
253 122
263 243
141 18
224 2
219 225
73 60
186 91
397 375
160 104
199 54
396 59
210 367
340 195
310 180
166 126
246 319
183 161
230 363
330 303
367 12
135 8
342 244
309 135
132 93
306 259
238 380
211 390
211 312
149 68
10 166
287 393
42 323
364 420
419 393
161 240
41 336
370 285
270 221
197 43
124 332
281 186
50 413
27 82
22 96
298 38
418 270
296 344
139 285
16 350
258 93
100 92
204 135
233 195
227 15
261 195
256 374
269 150
131 17
186 164
172 282
265 175
317 250
136 109
99 204
410 334
33 373
248 99
156 63
157 17
317 334
226 228
62 253
161 165
189 96
85 362
364 117
288 89
284 237
405 341
34 122
247 17
80 268
66 166
311 154
116 291
301 382
37 100
65 223
88 122
28 54
31 160
222 184
132 395
127 410
363 90
247 103
105 244
309 171
139 40
75 191
80 379
351 39
116 122
124 66
86 117
270 387
223 290
270 182
280 225
67 337
40 173
126 280
197 218
337 31
155 214
61 232
34 100
412 97
380 416
370 240
343 55
420 30
340 216
42 370
119 97
380 128
360 329
2 230
192 145
122 18
226 102
16 14
42 245
95 276
386 152
144 228
375 279
348 317
375 411
368 378
83 309
210 287
83 15
86 344
354 207
260 34
84 56
104 51
276 184
414 72
19 352
361 297
56 272
210 234
306 157
409 363
113 14
345 94
231 140
282 105
260 62
223 8
97 164
99 5
109 300
97 212
249 17
340 105
168 147
113 81
212 361
218 189
414 191
76 218
128 68
151 218
255 159
53 394
101 4
55 246
26 122
340 342
58 36
272 84
154 50
70 140
4 181
419 284
65 275
361 108
136 40
87 313
75 176
213 235
295 318
310 195
309 344
82 255
148 411
407 48
32 188
25 76
173 253
116 192
3 303
191 327
172 241
229 46
285 349
84 345
314 70
26 95
368 131
311 177
148 38
98 101
257 217
198 118
26 14
373 84
324 34
113 378
363 74
189 112
102 335
222 194
318 370
224 231
155 65
39 73
281 39
379 64
269 398
33 239
405 89
146 214
43 131
263 417
98 24
163 224
244 368
410 265
354 95
264 319
138 230
127 328
28 158
347 328
378 406
109 143
127 374
143 341
325 58
95 243
173 85
130 41
372 94
197 102
353 337
251 274
105 246
122 76
126 58
361 297
14 32
244 280
286 19
133 384
331 372
227 154
56 209
149 419
340 91
37 243
344 144
115 173
113 113
199 250
415 288
410 62
219 420
140 350
142 299
322 285
81 88
25 377
132 56
212 35
234 175
169 376
202 336
188 107
186 283
5 268
380 227
304 99
99 251
178 357
416 109
78 265
230 184
21 260
308 36
366 379
308 172
350 312
248 340
329 86
298 272
321 302
173 176
297 212
237 178
280 114
394 199
135 180
253 177
319 301
118 58
81 94
384 1
156 367
305 197
145 142
244 383
84 74
296 370
103 366
128 184
52 136
192 26
292 171
346 144
297 327
215 385
56 164
273 396
87 399
80 388
11 96
315 132
210 381
414 337
30 238
19 180
113 256
279 217
180 287
395 197
278 248
320 145
62 380
181 420
213 170
205 254
317 206
190 27
108 332
359 320
235 124
188 397
197 274
145 380
249 187
313 46
12 274
96 258
349 305
107 264
210 99
142 216
318 245
310 125
56 160
183 20
20 299
330 224
125 419
347 55
57 97
319 337
204 188
319 93
343 2
184 213
218 267
70 28
117 136
229 325
331 105
227 274
386 112
304 383
178 24
246 152
415 395
364 150
226 415
285 54
325 185
46 210
72 98
351 350
70 351
191 1
225 371
350 143
398 139
236 376
5 284
22 400
230 240
100 248
272 148
260 337
266 287
402 330
293 194
293 17
104 220
361 17
106 116
42 14
341 176
68 414
289 312
356 233
413 242
225 51
225 121
6 346
7 322
344 14
329 358
126 220
203 311
170 291
377 191
329 406
56 352
206 385
92 273
109 140
394 24
349 289
319 136
290 202
152 376
388 131
76 324
312 130
93 90
357 69
214 168
223 162
39 245
205 129
414 239
119 103
4 393
276 227
53 292
266 337
406 261
187 295
318 174
178 298
234 133
259 116
4 238
193 370
289 417
82 52
262 191
313 330
15 239
417 39
103 187
269 274
240 358
32 138
80 286
361 183
248 371
213 419
197 401
217 176
49 185
191 352
15 263
398 410
384 385
2 22
400 152
45 159
75 301
341 199
353 238
225 164
295 19
416 378
354 114
262 59
392 387
15 197
81 120
415 300
372 8
33 134
375 349
344 371
323 293
79 18
135 32
61 144
45 116
368 94
352 308
307 95
282 310
404 271
33 361
389 362
151 154
394 384
131 90
41 252
360 95
128 215
45 36
173 36
141 207
361 70
39 45
415 25
59 400
29 93
334 294
223 117
148 317
214 20
107 398
5 219
412 274
418 218
4 252
19 43
381 44
37 61
147 57
257 35
201 404
121 225
95 167
53 384
128 17
404 105
154 310
80 116
43 132
19 358
284 154
152 94
198 20
193 357
328 207
157 190
299 116
188 32
341 38
313 402
261 339
74 13
142 194
18 72
406 122
360 339
258 397
325 253
330 177
48 101
7 160
324 177
250 184
124 205
197 11
334 288
26 250
306 84
133 244
7 22
186 395
316 108
385 134
263 285
5 141
54 243
44 71
279 351
1 20
213 307
148 226
99 217
50 6
133 62
293 274
255 131
250 315
273 172
206 235
413 395
184 243
363 310
383 71
386 355
277 238
200 4
380 144
121 67
41 7
417 36
418 236
329 374
123 227
60 85
345 392
294 32
34 240
178 207
227 331
281 80
392 312
109 76
184 248
178 170
216 14
49 162
236 129
182 228
84 237
153 298
302 2
29 367
91 10
361 120
267 107
171 292
189 121
14 308
223 244
108 99
317 88
214 54
144 172
345 182
357 232
141 412
32 131
303 383
354 67
365 184
221 243
232 35
281 46
41 370
412 159
222 276
248 215
23 162
226 342
395 405
303 41
373 155
196 100
329 194
312 320
133 262
400 210
364 38
361 416
350 366
391 324
124 76
32 279
413 97
96 169
106 218
83 416
336 195
26 408
395 259
110 217
148 239
49 88
416 252
410 277
116 224
307 379
63 158
99 268
307 387
329 315
311 280
406 331
101 391
80 150
187 349
401 27
89 5
258 237
324 44
235 8
370 312
234 111
99 418
77 20
312 255
251 61
73 98
170 112
220 90
305 27
68 35
91 268
62 137
101 244
40 350
292 252
159 145
294 251
373 274
218 316
97 346
165 105
315 377
28 328
201 275
28 314
107 396
108 113
25 255
78 404
21 3
290 179
140 235
31 298
398 224
377 230
316 305
198 346
70 93
50 141
226 280
150 177
149 399
276 28
195 242
250 274
326 314
320 120
99 199
111 171
218 28
316 307
231 185
239 21
185 98
372 61
388 195
36 100
337 177
91 41
173 359
188 13
226 64
89 360
291 394
135 242
92 219
296 349
402 280
418 353
41 326
47 239
383 118
346 222
124 186
1 274
388 71
36 361
411 34
401 398
108 261
401 240
124 264
119 237
199 39
182 397
251 136
187 341
317 295
279 210
36 132
8 93
102 370
396 30
405 299
19 167
320 98
125 184
131 346
316 57
70 279
5 107
252 371
353 185
173 6
359 396
370 339
250 407
20 202
256 284
207 262
136 282
95 302
258 208
227 113
204 268
129 415
188 202
13 288
107 44
93 226
171 121
32 212
36 402
52 386
181 72
326 134
228 264
376 306
108 11
115 169
4 7
322 88
80 41
125 39
219 120
194 96
124 216
392 165
236 247
295 102
295 284
415 94
73 404
80 318
405 389
84 385
382 413
96 279
227 352
322 220
272 12
81 66
79 379
189 124
278 387
54 265
127 288
240 317
280 239
394 371
28 111
367 249
204 89
412 261
87 8
355 86
27 212
301 142
266 192
385 388
371 6
86 17
103 398
259 95
361 177
380 245
281 348
121 379
11 18
188 366
35 387
12 207
354 39
39 416
229 102
54 11
232 180
214 416
40 125
256 369
129 365
102 110
244 16
119 187
371 323
270 89
94 122
313 61
352 162
334 198
246 419
293 45
46 75
119 100
333 211
35 84
402 342
313 337
56 200
393 109
101 384
135 265
42 165
289 106
261 293
350 4
201 268
176 71
350 75
264 271
348 233
87 288
72 362
344 382
414 46
418 295
8 130
298 120
219 170
407 83
176 294
181 177
366 128
197 50
133 355
373 133
131 41
71 118
265 325
41 10
31 146
400 300
256 160
386 141
80 119
407 365
333 383
261 279
237 335
144 316
263 27
368 323
349 376
273 334
138 173
153 54
84 53
115 352
62 42
35 309
230 361
35 315
15 60
337 140
168 290
365 128
274 206
211 83
73 145
60 365
267 112
327 62
94 414
187 61
406 244
34 206
306 394
374 112
74 397
287 41
166 413
12 241
115 165
302 109
208 106
96 29
10 420
76 154
360 347
345 366
176 6
169 362
353 18
225 207
2 383
105 408
399 173
201 1
163 157
255 325
261 145
381 186
116 248
1 86
360 113
251 11
290 83
34 360
297 241
103 389
59 249
42 209
115 9
355 172
110 264
25 62
199 34
18 229
161 386
256 385
246 50
74 289
140 125
343 267
280 219
73 176
321 275
159 173
372 369
317 387
169 198
258 295
360 200
237 225
381 367
137 211
198 34
49 381
287 213
225 316
36 342
176 81
227 194
386 120
384 209
284 227
213 213
201 333
110 120
128 150
146 187
69 158
409 383
142 296
30 395
198 288
85 83
295 383
298 357
357 98
213 73
323 151
411 50
169 307
44 148
165 316
193 31
250 159
265 59
267 244
95 257
285 148
219 227
104 230
72 116
44 186
280 348
355 383
385 43
213 307
295 386
360 168
267 396
12 3
5 346
262 380
282 34
36 295
265 131
35 16
146 196
282 292
187 151
149 181
314 353
302 13
176 101
393 166
22 236
372 69
155 52
230 190
265 67
163 51
155 330
231 117
307 271
103 305
381 265
304 20
149 199
318 387
197 251
23 360
60 142
74 87
152 4
66 351
316 33
327 65
171 50
168 53
58 245
300 182
309 212
397 4
172 348
237 393
39 180
364 200
252 160
278 83
367 176
325 237
213 232
415 52
29 98
364 15
151 348
273 194
206 63
6 271
123 56
264 348
207 121
35 238
390 413
154 212
358 206
257 415
386 389
368 56
222 166
322 96
291 96
114 290
358 274
352 412
282 415
363 256
387 81
29 215
332 241
232 1
7 231
198 348
369 196
365 179
241 173
28 100
71 115
342 80
242 183
159 222
194 382
277 349
271 417
43 229
252 7
213 136
168 233
141 339
284 336
411 321
113 99
180 131
315 392
356 51
394 194
222 157
243 187
279 295
386 121
32 211
253 176
232 46
272 316
292 137
179 275
283 342
419 180
248 181
122 292
92 19
305 226
175 352
98 162
176 12
92 161
278 92
154 40
82 348
17 120
320 124
49 305
51 13
414 356
330 364
74 113
42 350
231 419
119 10
379 204
225 31
330 344
214 269
199 44
232 393
205 107
348 32
387 129
197 241
298 316
167 323
414 298
302 101
326 370
50 163
52 161
28 333
296 360
195 357
178 109
279 252
98 39
145 142
399 171
344 330
105 359
49 354
361 242
17 297
86 68
86 51
334 79
233 91
291 402
358 351
128 73
6 124
133 337
222 169
44 200
208 223
211 358
403 58
202 77
122 2
366 167
256 207
408 358
241 39
353 280
295 215
241 143
331 184
255 322
154 72
404 45
390 92
290 272
55 8
202 369
14 124
133 115
300 270
283 178
148 151
144 39
260 305
363 380
251 13
225 270
77 186
54 202
420 5
155 177
38 249
109 16
16 145
378 390
343 284
358 323
321 398
397 382
272 372
16 274
328 16
305 65
344 416
195 340
171 286
66 264
4 256
115 375
6 270
283 224
152 198
131 149
60 11
403 53
414 75
161 178
303 349
97 376
7 39
202 269
68 21
93 70
273 129
225 129
397 111
91 85
41 191
31 283
204 237
219 181
46 27
272 341
169 290
211 209
348 274
200 237
302 405
415 255
419 145
343 217
404 138
282 378
252 171
207 340
139 114
317 156
22 387
181 208
134 46
189 261
54 383
322 304
189 193
62 192
388 42
138 287
94 355
82 393
240 224
171 271
72 122
119 34
299 115
318 375
153 194
320 161
203 141
137 415
234 273
383 240
214 415
55 248
298 181
419 39
45 375
225 55
412 53
199 23
406 219
43 237
220 175
88 187
68 62
236 262
43 373
214 381
240 394
160 249
212 415
173 153
283 3
193 58
374 35
371 174
144 171
114 316
112 65
404 170
268 248
238 217
104 233
316 299
410 275
411 221
224 324
23 129
365 245
315 80
86 275
79 131
249 176
224 378
15 419
348 174
31 325
19 78
169 253
251 195
50 313
11 360
59 263
178 171
280 318
10 347
194 396
173 316
236 71
39 363
72 201
297 312
279 123
235 43
376 292
290 75
70 225
119 74
189 21
178 52
197 35
73 92
408 87
235 233
307 70
310 372
201 189
410 275
121 77
88 132
170 352
32 269
339 403
292 336
323 99
355 189
120 272
411 291
168 362
52 66
193 335
5 99
50 392
107 302
414 269
54 115
228 350
315 299
130 317
305 221
222 75
187 200
393 220
27 413
211 264
48 13
35 33
417 28
340 270
73 105
393 182
185 232
109 354
270 110
222 410
169 44
302 137
321 42
114 36
257 349
173 149
19 375
172 8
302 198
218 12
83 308
67 278
205 143
161 344
96 320
97 250
211 381
147 312
240 143
155 397
5 103
245 297
205 221
80 178
196 93
364 74
46 382
71 198
86 133
121 408
257 191
69 276
236 143
53 218
231 125
77 117
80 202
284 364
366 170
144 89
191 194
152 374
420 11
53 131
376 405
374 5
418 211
131 385
253 235
382 246
211 346
147 185
226 356
144 143
112 409
265 254
318 198
26 220
276 142
182 17
356 266
118 171
152 292
299 334
114 126
122 124
150 370
296 221
101 92
81 120
281 41
336 42
202 130
53 160
181 115
333 81
410 24
360 276
344 32
238 13
402 345
222 337
192 391
3 267
228 10
233 270
88 261
251 89
75 289
409 146
181 410
267 126
132 266
107 384
138 257
188 351
227 303
325 318
322 297
156 300
95 108
331 247
106 62
203 271
371 4
210 373
354 317
12 215
351 385
384 387
51 44
283 159
355 139
206 207
199 60
185 402
354 197
320 395
122 96
289 11
93 89
285 217
254 60
272 140
71 328
97 257
92 391
39 73
61 277
343 396
81 411
268 348
169 251
43 17
29 52
233 59
312 249
71 297
86 354
21 272
349 250
231 20
236 323
206 179
279 160
357 306
357 389
145 348
203 381
345 356
363 129
192 271
369 30
115 217
1 127
108 276
304 132
382 338
63 11
323 203
28 210
179 84
360 177
367 95
345 228
135 366
157 65
100 292
70 376
262 56
63 3
136 258
279 251
289 151
307 355
209 389
276 411
69 278
8 28
4 393
357 59
265 360
251 299
127 204
377 127
90 366
127 393
63 395
100 207
336 124
72 323
388 364
131 2
378 300
397 397
108 68
317 51
320 199
232 121
284 195
362 18
238 235
47 61
70 374
135 114
290 201
320 395
418 137
264 239
404 59
250 232
38 332
20 352
302 159
250 240
247 413
34 240
271 326
200 241
359 409
32 295
380 154
161 70
197 268
311 52
392 411
210 357
70 163
320 355
186 379
183 334
259 23
265 174
27 388
164 412
221 144
233 44
245 93
147 227
2 7
95 136
288 33
187 343
256 409
406 297
364 327
327 355
300 88
102 304
151 372
208 278
123 141
269 136
341 119
69 305
418 157
34 283
111 61
38 74
101 85
17 229
44 164
373 236
51 285
235 349
106 135
128 70
375 10
50 29
45 186
142 378
260 140
322 132
244 389
148 237
192 224
271 75
389 260
93 390
314 282
295 386
82 301
175 147
298 165
241 80
243 34
47 366
237 45
103 256
296 242
284 367
254 263
83 189
295 369
110 410
174 62
382 161
266 14
419 89
284 44
27 61
123 194
195 232
119 36
245 15
65 389
253 199
284 99
79 177
292 287
251 289
107 124
271 318
1 276
350 283
396 374
339 414
339 204
207 388
66 1
368 115
151 189
417 325
14 109
244 130
354 339
20 12
204 365
167 3
78 12
4 361
88 190
392 277
69 294
82 247
97 191
313 348
226 47
15 352
136 400
87 163
85 148
132 372
210 112
168 66
269 298
206 162
75 363
165 119
30 215
299 412
256 292
210 20
275 283
277 300
25 400
99 224
284 5
66 6
187 316
98 91
218 366
235 293
77 175
33 15
74 39
48 160
307 81
98 354
294 414
105 102
302 114
238 165
159 149
19 11
61 176
14 112
170 12
245 266
324 253
65 279
341 118
85 352
55 418
201 133
37 12
271 123
127 204
41 360
59 359
143 355
104 261
209 228
228 184
399 296
348 131
104 260
334 247
244 218
415 233
120 342
341 233
194 72
9 39
338 151
189 243
392 74
332 131
294 114
121 157
228 377
95 371
15 63
197 412
10 82
112 206
15 135
286 16
154 191
268 90
266 261
399 399
145 380
108 408
349 70
160 414
55 7
41 27
104 180
128 230
125 378
62 400
407 181
242 114
97 273
30 156
294 300
363 46
398 213
265 382
312 121
62 128
252 367
97 90
12 402
53 351
179 109
337 133
29 64
221 133
387 304
270 187
241 216
149 253
110 148
253 90
30 337
259 364
285 314
363 42
155 308
181 266
149 207
79 104
181 184
111 52
403 291
392 399
242 234
100 124
381 313
306 313
231 236
269 13
282 74
296 222
295 79
138 187
356 340
296 134
365 233
69 42
197 394
271 35
34 10
263 337
125 294
284 337
156 216
309 271
47 179
110 399
198 343
85 345
16 143
13 156
393 246
15 128
189 150
67 142
136 232
375 232
173 407
362 321
200 116
103 210
123 320
409 186
84 101
45 404
188 367
291 338
49 55
216 18
150 309
342 66
395 39
58 17
290 132
310 331
62 252
229 263
71 172
330 305
236 369
224 291
43 6
196 71
347 398
134 329
402 383
183 168
285 167
76 125
155 227
333 378
34 52
19 111
91 140
371 361
4 325
10 106
72 4
395 318
69 94
376 156
240 276
153 321
47 44
25 143
332 79
84 375
17 17
180 348
57 43
212 252
199 353
54 54
251 105
258 37
319 394
160 388
24 39
211 376
346 402
32 136
224 274
225 32
27 246
238 392
338 11
389 154
181 35
395 245
12 118
230 315
63 248
15 135
403 306
365 56
392 315
207 285
203 227
109 169
122 191
26 349
403 41
194 246
356 272
29 362
197 172
224 66
411 130
355 226
239 193
371 297
184 329
275 208
86 170
4 90
365 278
55 52
234 377
270 342
363 145
356 24
392 172
398 237
356 50
127 354
27 286
169 101
241 258
399 191
66 131
124 302
314 319
37 336
272 70
307 262
185 231
222 223
159 396
316 48
237 208
400 175
9 149
332 390
32 132
130 95
322 195
22 159
283 64
168 408
32 358
48 220
113 320
411 7
194 120
412 115
285 245
299 3
67 94
175 148
49 231
44 68
363 216
388 27
189 143
27 304
278 51
315 154
320 247
110 42
223 103
41 378
270 158
371 72
333 289
128 402
35 210
299 334
95 115
333 257
398 343
189 130
171 385
368 119
273 419
397 68
17 51
8 169
273 24
49 310
210 245
23 296
407 314
169 381
309 105
276 203
273 127
158 366
40 284
278 361
336 152
43 109
25 309
315 118
68 59
135 147
281 374
140 261
198 340
4 51
104 95
331 187
414 382
345 222
178 325
322 81
115 284
62 374
142 108
400 261
109 115
194 211
338 79
43 85
101 247
328 103
384 291
77 10
34 298
366 222
384 396
148 244
111 265
374 339
292 69
206 12
383 400
328 375
312 52
46 79
11 68
244 161
364 94
336 251
311 378
347 354
195 77
348 172
73 213
133 267
108 123
356 329
125 27
80 302
40 330
10 233
153 122
293 103
54 276
150 56
158 143
55 126
267 81
160 376
281 104
127 26
371 158
115 32
297 222
132 252
229 30
285 319
24 338
109 122
44 83
136 342
218 119
111 206
81 339
399 160
306 295
175 201
15 180
239 208
261 146
106 185
329 382
270 364
66 97
140 339
30 120
170 76
390 45
170 284
14 372
204 71
340 239
214 412
418 55
364 292
189 375
77 374
309 314
39 248
161 296
315 164
347 320
187 12
296 316
297 94
66 289
221 112
411 212
220 376
387 87
373 148
402 117
175 230
108 235
362 20
214 16
185 166
407 131
106 322
79 93
360 338
15 84
362 100
123 220
56 278
417 71
398 357
95 411
57 99
419 140
369 235
415 267
417 353
99 409
172 44
165 88
383 32
232 416
261 37
384 172
58 313
287 366
342 379
97 244
179 8
343 81
344 24
33 208
396 109
57 401
252 323
116 95
329 197
159 241
332 219
380 269
166 147
378 252
374 89
295 266
420 60
82 256
45 158
24 397
53 142
295 374
300 229
45 345
170 307
34 116
136 264
187 394
66 365
252 384
191 34
410 51
256 140
45 20
406 124
301 155
198 43
187 388
369 3
159 132
32 412
72 249
274 168
94 156
330 119
110 151
45 340
417 264
29 396
299 62
192 195
334 89
300 242
85 134
321 359
188 323
139 180
60 158
255 34
209 83
200 23
305 154
252 210
316 245
303 320
285 340
160 134
362 321
156 43
57 195
191 117
63 6
27 219
292 129
326 289
383 186
161 357
134 27
340 390
380 143
269 354
94 86
340 66
214 93
168 116
55 254
251 9
120 7
52 125
53 297
291 120
198 318
392 20
47 144
381 264
245 191
370 11
273 287
262 178
140 211
416 204
348 102
221 390
147 97
288 389
64 104
406 333
314 12
70 14
212 136
352 179
27 177
302 242
221 298
261 198
215 228
6 2
69 90
40 346
166 302
55 111
241 114
58 418
16 6
390 87
33 332
377 301
261 15
124 363
337 142
69 152
226 175
88 372
116 102
304 246
365 11
343 74
42 369
192 287
220 396
300 125
246 416
357 390
87 95
28 294
126 94
199 339
296 75
317 223
145 340
361 31
221 39
36 129
191 115
371 218
340 239
323 31
68 131
105 148
41 275
276 336
53 221
117 91
19 242
211 240
192 387
158 255
363 360
192 317
416 237
256 145
73 93
255 208
216 124
297 187
335 9
13 62
384 77
220 12
206 220
84 63
314 357
314 62
349 295
237 30
29 123
224 261
164 113
154 44
60 46
372 32
144 326
358 152
106 394
243 323
364 83
16 335
99 222
15 312
343 201
285 67
167 187
60 316
54 285
145 311
14 367
295 338
384 270
165 351
139 294
106 57
333 250
271 387
349 258
64 250
42 319
326 153
351 85
11 312
2 175
311 390
45 136
88 12
183 169
165 144
353 79
270 345
94 379
285 314
303 216
405 296
420 158
385 311
64 336
131 272
330 178
366 284
312 380
105 304
64 44
99 144
71 313
88 236
378 310
217 272
137 243
166 50
337 366
222 10
175 76
240 136
108 215
375 62
312 155
17 230
406 395
235 219
320 207
310 9
353 149
307 303
214 331
213 261
122 149
396 409
147 1
131 169
191 129
347 371
93 410
366 393
67 259
288 178
12 193
182 328
162 119
272 72
157 144
47 271
15 169
111 399
262 420
201 46
295 9
59 282
128 245
131 417
140 292
340 133
38 29
142 79
382 124
309 197
382 248
126 392
50 215
298 144
247 293
45 202
30 19
283 32
308 327
80 368
204 355
211 127
333 27
243 146
192 408
248 237
2 362
194 219
252 343
181 397
180 98
70 2
227 405
10 233
316 326
138 154
18 334
355 82
148 91
149 27
276 5
45 155
92 181
257 26
297 29
232 369
286 86
404 382
159 167
272 309
131 174
214 66
339 80
378 235
342 5
208 91
10 293
153 139
172 332
417 287
3 314
195 73
326 270
15 267
365 156
303 35
154 67
137 344
154 332
30 323
79 49
104 395
117 55
255 278
362 169
333 91
29 22
256 47
46 392
218 69
226 341
254 418
253 340
81 199
23 40
51 408
297 358
201 246
159 100
335 147
235 60
295 84
239 311
37 71
248 1
38 68
317 282
50 252
185 392
102 87
319 256
103 43
415 223
54 248
63 204
344 174
93 338
373 302
51 308
27 81
95 11
172 298
307 110
36 357
68 13
316 193
303 215
415 221
214 257
324 185
352 115
391 248
236 50
214 340
15 394
419 261
345 29
69 243
355 37
254 339
406 121
123 124
283 383
109 322
220 104
333 361
41 140
51 124
71 286
201 218
293 264
141 30
302 416
90 99
38 37
207 233
20 53
250 342
229 403
104 5
296 112
127 79
153 182
181 10
85 9
69 344
195 60
41 379
266 247
10 134
269 146
209 282
58 232
62 220
231 327
376 215
286 135
96 162
376 18
11 21
336 187
147 376
12 292
209 332
406 102
371 348
349 183
357 131
130 172
11 74
9 193
198 104
234 277
384 254
241 259
272 194
416 143
359 129
137 162
89 326
241 301
336 196
53 309
168 309
376 97
335 13
27 327
336 406
322 96
157 101
61 77
297 233
218 188
164 129
258 89
152 184
90 385
24 83
242 100
200 314
319 399
281 284
307 103
306 152
418 108
78 370
137 394
63 290
38 397
200 20
188 163
371 329
259 48
328 389
30 358
281 336
11 409
78 229
51 79
287 321
214 60
186 118
391 336
268 369
350 287
221 12
84 145
226 135
370 393
85 159
391 147
302 243
357 164
76 375
197 305
130 235
174 57
102 207
176 241
24 82
21 338
112 304
121 157
241 139
78 284
36 390
17 298
391 316
128 403
255 100
325 355
196 202
39 126
280 363
235 86
33 324
204 258
207 199
342 304
372 336
89 24
289 367
176 380
169 90
5 165
8 413
47 33
116 117
171 184
317 178
104 380
184 27
175 52
63 311
257 231
131 332
120 366
398 54
329 260
304 6
159 367
75 202
219 326
97 207
93 354
222 408
248 264
60 79
305 126
123 238
49 334
290 162
335 354
407 325
282 286
64 116
34 15
5 234
213 123
185 115
340 28
298 294
257 209
418 392
232 227
15 278
134 243
328 331
139 399
181 198
136 394
309 199
406 313
16 118
399 420
133 89
136 170
389 251
265 58
64 286
335 11
158 21
285 240
241 255
191 368
265 309
65 127
57 196
158 17
36 353
237 174
310 114
84 153
369 45
357 372
187 350
413 371
308 275
145 359
382 240
178 51
418 231
222 323
39 147
391 389
335 348
272 293
41 329
140 301
112 257
67 177
412 417
260 75
3 271
348 62
273 211
58 232
235 150
399 261
277 228
411 222
250 364
344 275
187 235
276 420
195 215
103 48
123 262
34 2
342 416
242 342
359 227
196 304
58 321
57 298
388 407
303 79
386 322
391 138
179 169
340 357
222 368
145 38
25 203
163 115
82 37
184 87
279 118
370 39
192 101
31 211
256 306
64 93
367 94
14 301
101 325
338 106
52 329
125 186
32 1
102 122
167 176
209 8
60 160
62 85
68 367
204 180
199 284
10 237
94 63
285 289
70 359
154 374
279 242
181 412
361 13
139 286
414 224
334 230
20 207
248 84
278 17
66 241
409 399
365 187
209 405
325 245
331 88
41 317
274 316
61 27
269 193
199 363
368 348
93 249
324 92
410 9
10 115
200 233
168 120
102 80
402 23
264 169
126 245
42 369
375 220
351 241
329 227
318 277
371 71
66 406
397 130
10 145
173 39
195 169
151 402
87 236
237 369
366 419
412 309
334 281
189 362
191 311
403 250
142 199
396 230
268 152
292 103
142 345
229 139
188 163
353 379
172 406
92 360
36 393
3 387
55 249
264 200
341 342
194 16
251 356
170 328
83 170
133 408
336 85
331 258
52 40
81 210
214 19
65 83
260 46
105 3
221 37
172 29
410 3
173 72
263 153
244 402
3 35
99 295
268 39
240 384
399 376
14 25
64 7
37 356
253 266
126 18
196 406
199 320
229 43
169 304
248 93
287 78
303 109
404 150
337 323
361 22
131 43
62 382
382 169
27 283
239 224
227 346
187 366
397 194
333 254
366 208
16 286
390 401
157 291
170 99
271 124
111 39
174 320
131 235
16 107
155 230
144 280
100 368
360 309
102 358
324 224
65 375
65 415
221 100
73 173
150 88
6 407
353 372
358 378
249 124
222 36
48 258
128 163
14 272
179 410
218 81
181 272
56 115
27 90
45 110
289 106
371 271
304 365
111 366
138 162
88 270
394 35
145 155
53 101
118 105
48 213
383 314
414 262
129 361
24 218
306 275
64 260
381 152
145 307
372 264
57 308
74 392
194 104
208 122
355 92
71 260
137 236
349 270
51 84
42 286
195 413
386 63
131 178
286 109
28 208
319 350
354 271
380 166
279 134
306 390
300 120
385 293
117 322
340 357
345 131
211 81
222 205
216 299
375 238
56 40
50 306
399 327
189 391
146 401
312 161
409 120
345 339
309 234
174 350
306 411
198 343
168 376
23 231
104 6
221 123
92 151
413 261
405 392
281 181
32 84
14 208
103 336
86 203
215 174
70 354
274 316
132 297
384 239
47 4
379 153
239 368
329 330
213 351
178 284
306 287
382 330
316 70
296 336
107 151
158 226
263 79
303 37
10 378
147 408
185 249
302 292
404 158
387 215
174 390
12 385
188 342
83 205
60 302
2 174
332 365
251 127
304 247
347 150
243 202
198 125
12 41
336 290
218 200
164 249
228 130
417 339
50 60
222 326
116 209
304 202
397 254
90 368
291 55
278 249
169 136
245 99
97 175
34 104
59 280
272 171
247 189
32 215
246 70
79 336
280 85
247 48
390 174
340 1
386 386
24 267
30 270
197 193
419 8
173 419
269 99
45 89
93 221
282 184
246 377
339 328
257 124
387 67
114 41
343 130
107 224
180 400
106 251
363 173
313 249
49 248
23 107
29 320
382 154
382 124
240 210
327 305
159 141
361 293
290 196
360 209
384 195
211 192
408 347
210 348
39 170
398 87
410 25
27 134
155 213
414 339
119 167
327 388
171 182
67 164
414 114
267 94
391 2
29 252
395 264
403 212
209 227
309 300
261 135
130 122
144 248
86 63
90 132
173 140
205 225
386 146
203 250
107 156
399 238
9 53
264 78
20 261
30 99
77 317
84 335
159 209
378 20
57 251
237 259
202 338
401 223
102 217
71 210
5 167
338 282
201 252
31 78
11 180
230 220
113 308
213 330
85 224
196 93
294 126
38 89
174 162
51 238
66 266
257 334
307 318
124 37
58 321
225 366
419 409
100 221
396 228
394 380
54 17
145 1
397 112
407 246
121 302
226 66
391 88
195 100
152 418
203 318
240 321
207 86
331 193
411 168
51 81
381 339
410 258
335 180
397 141
137 204
219 381
296 138
275 306
157 188
384 177
109 340
22 384
318 214
109 144
241 106
101 292
404 337
163 245
91 216
297 234
135 339
45 40
362 3
13 261
131 404
291 171
192 387
29 362
63 199
70 190
397 319
415 102
310 377
85 257
92 413
134 317
240 314
42 349
298 272
209 194
54 3
177 43
209 375
54 322
281 400
332 274
333 93
327 403
185 29
193 343
145 285
38 134
281 342
341 19
292 174
137 145
116 71
184 200
243 408
44 41
314 122
382 304
31 36
347 110
208 181
300 50
376 182
392 418
327 78
2 197
338 71
241 142
2 25
402 234
370 165
235 381
337 391
358 339
332 115
306 276
408 215
335 407
280 355
84 330
231 349
296 227
349 419
23 375
356 239
142 211
245 55
340 107
369 142
22 389
148 341
285 365
174 249
26 357
75 126
23 149
75 176
31 301
141 39
320 407
417 91
380 164
12 217
60 225
268 273
417 118
269 228
30 399
37 49
229 136
373 261
404 97
377 97
247 110
113 50
190 246
128 73
5 202
152 250
207 135
133 280
158 291
224 122
206 390
163 328
301 323
129 90
28 13
97 266
120 309
102 45
167 398
341 222
256 64
78 142
364 412
44 119
58 74
330 115
247 316
271 283
359 196
317 347
332 195
64 408
136 294
402 223
368 353
335 311
358 43
213 391
144 327
261 24
298 164
85 45
81 136
266 239
125 234
177 397
196 215
396 344
252 250
247 234
146 130
196 159
279 159
302 161
36 264
333 73
278 403
244 295
394 70
13 334
76 179
265 332
88 45
226 143
217 251
139 285
49 153
288 159
181 119
335 160
235 329
100 142
273 264
33 263
93 375
113 121
158 132
207 13
45 415
367 46
183 136
43 311
20 417
241 332
53 276
226 132
292 394
399 32
191 306
221 397
104 82
52 130
243 340
347 102
288 14
419 61
191 64
334 379
109 184
186 158
96 224
213 166
75 340
266 410
222 300
204 166
20 267
144 213
346 315
366 384
59 3
110 299
211 62
177 137
15 287
136 158
230 292
164 359
221 305
386 13
91 3
314 34
237 43
410 108
229 172
419 128
417 212
102 65
311 361
312 92
376 206
416 375
51 416
210 22
71 165
128 85
371 392
143 118
147 412
28 413
300 408
49 356
338 359
63 320
19 64
386 277
172 132
370 53
307 257
102 321
96 228
290 306
262 235
358 353
244 28
273 253
189 145
259 30
79 411
61 175
361 110
89 100
408 227
287 330
382 116
16 275
156 363
318 30
370 145
409 30
364 304
210 28
82 123
349 362
380 54
161 351
317 355
408 113
143 7
360 324
273 360
316 270
177 132
283 272
289 21
268 181
7 215
48 89
1 130
149 376
146 12
176 83
20 148
362 206
327 159
397 105
417 22
404 403
227 167
322 113
397 75
209 168
27 90
234 117
9 157
183 13
328 263
132 261
230 367
83 352
236 250
82 90
23 97
118 322
101 221
93 131
135 257
284 361
51 157
176 60
300 313
10 15
398 340
135 321
335 162
350 272
45 94
169 35
180 392
202 180
290 354
212 107
185 41
111 280
205 401
143 324
317 389
217 288
59 235
105 160
334 414
416 143
175 224
100 140
335 95
328 161
152 276
88 373
118 30
416 18
116 187
407 394
16 211
91 313
96 415
313 24
81 392
104 286
247 358
202 255
292 183
159 415
61 334
394 74
391 354
156 41
413 207
81 163
410 377
350 132
385 244
405 346
39 290
366 229
184 29
126 90
89 124
367 390
129 356
210 52
406 108
283 149
334 100
103 101
249 386
300 45
141 275
344 263
332 73
189 401
179 186
266 303
43 113
389 299
18 96
227 5
297 304
77 76
297 308
255 314
180 207
352 418
209 360
419 43
391 127
337 36
392 350
94 316
136 410
31 123
177 361
339 14
319 386
411 285
157 319
75 393
362 53
206 61
169 182
184 5
109 14
149 25
99 30
259 379
163 165
418 398
2 194
40 157
24 147
59 27
265 115
48 28
124 153
77 6
219 196
153 198
254 244
362 121
167 286
162 259
135 155
248 210
26 143
417 27
303 327
169 197
325 81
236 298
35 219
42 327
107 42
142 301
260 20
226 128
174 391
110 91
105 314
181 64
403 274
151 267
155 308
212 270
262 124
340 82
215 359
389 283
341 117
299 206
364 222
326 161
130 293
221 415
114 134
395 151
321 95
129 307
213 175
258 342
197 111
365 167
72 298
91 237
335 227
202 85
143 79
345 66
308 390
318 255
206 387
189 409
116 257
132 206
330 198
6 327
90 138
108 282
128 269
382 188
107 1
49 297
395 167
245 306
188 110
205 191
137 135
140 386
49 228
244 253
138 346
43 75
111 18
96 382
148 375
347 136
147 173
327 179
196 26
390 64
203 268
93 245
202 271
80 344
369 369
247 239
207 319
349 379
92 127
84 90
196 122
200 48
404 295
18 301
344 230
259 294
324 173
322 275
136 375
413 122
188 415
46 123
318 17
52 231
372 378
75 195
203 13
403 305
395 388
62 268
342 18
273 258
81 14
352 97
3 54
287 27
221 276
208 68
337 265
138 234
132 376
312 115
222 314
184 358
30 80
216 80
111 367
253 60
85 76
110 48
412 128
67 257
64 60
245 420
285 257
84 226
122 394
158 273
327 341
210 298
37 345
173 130
72 256
209 188
234 94
365 32
77 197
344 94
343 136
20 257
194 20
317 302
334 337
329 263
43 363
342 236
58 1
90 1
194 320
13 387
401 68
312 364
156 247
363 104
69 139
401 318
382 279
311 121
82 371
124 158
362 325
208 257
290 36
4 222
157 206
45 289
363 183
143 166
143 336
223 328
419 48
42 75
130 132
404 52
343 136
347 263
231 314
144 158
143 181
234 252
321 128
129 365
53 152
420 371
122 78
225 194
417 83
1 164
307 177
366 284
408 303
280 38
17 372
16 278
77 320
95 31
217 154
46 300
386 330
146 378
21 304
405 345
127 58
235 110
23 240
82 94
261 98
293 230
202 285
329 201
44 181
69 52
345 153
265 259
78 244
65 414
240 82
336 290
134 162
45 191
41 112
338 84
338 293
198 10
15 337
294 351
402 384
340 240
21 401
243 298
295 418
292 242
101 261
239 250
401 56
188 224
288 104
29 54
354 29
86 390
57 414
292 97
145 227
105 268
256 60
361 419
241 303
316 173
173 155
345 145
273 130
68 112
340 341
219 170
138 268
310 285
139 279
292 395
263 307
413 408
124 270
116 260
295 300
350 140
30 394
101 133
40 253
116 247
402 101
197 275
48 288
342 271
126 198
408 104
184 43
272 264
352 261
173 110
209 287
420 185
150 100
9 296
273 67
222 411
100 238
168 160
402 142
186 251
102 25
202 96
277 345
183 90
368 57
368 213
320 130
214 344
277 248
360 310
243 358
409 171
200 144
173 308
1 311
182 293
259 301
12 96
173 225
187 94
382 358
200 289
34 224
62 298
222 386
137 95
98 243
375 295
21 197
368 176
244 195
38 338
357 386
93 114
352 122
231 297
397 340
337 288
327 318
168 40
94 213
134 176
32 68
138 311
413 26
398 161
152 22
299 399
149 15
174 36
320 126
147 311
250 209
210 126
329 348
359 237
249 232
322 60
379 280
120 420
385 109
6 191
127 226
415 401
159 191
369 294
404 119
278 19
75 80
91 205
128 178
121 309
372 109
416 52
130 54
290 186
2 184
293 113
259 371
301 251
224 63
118 57
276 126
305 339
184 5
93 325
144 183
194 179
282 3
233 146
298 401
353 208
29 256
336 226
349 191
8 319
97 9
25 28
87 365
62 86
310 326
123 234
183 293
350 60
23 56
217 306
2 253
323 290
119 105
399 164
161 135
3 206
173 357
74 277
189 108
65 217
329 86
84 385
31 359
161 22
102 222
357 94
130 413
112 68
72 292
242 150
286 191
171 99
95 123
282 251
345 203
201 198
309 85
253 345
292 242
272 394
129 224
221 408
80 202
227 355
85 106
245 51
266 154
405 359
260 348
275 113
240 4
269 315
243 248
399 195
416 289
97 229
323 134
215 392
38 133
245 166
309 397
23 406
39 386
320 325
363 251
398 269
54 229
100 370
228 57
398 47
97 369
277 343
303 390
420 272
76 53
119 312
12 373
202 278
412 29
274 129
97 208
353 86
346 373
26 70
162 384
320 342
334 356
188 234
278 158
240 233
294 411
164 191
140 9
389 238
166 64
8 189
102 373
193 356
85 29
41 406
201 411
140 223
3 119
29 319
370 263
418 392
344 207
18 150
245 76
256 195
397 85
198 120
189 244
165 324
218 419
381 231
129 95
312 124
154 54
361 382
290 251
41 409
383 371
380 385
110 2
322 409
174 100
348 297
193 83
181 245
243 75
197 17
410 69
392 15
409 139
413 229
142 91
179 83
20 26
6 136
241 30
266 179
168 202
111 310
110 222
230 13
256 98
407 60
370 58
11 183
332 103
233 79
19 155
151 299
53 85
217 322
420 51
115 69
336 287
211 205
325 98
390 70
145 55
1 218
96 305
255 186
244 121
289 293
414 323
384 171
188 212
390 359
396 94
213 28
326 93
354 418
120 73
318 347
107 325
92 403
197 166
158 64
1 130
405 315
365 362
222 239
308 32
381 274
159 118
412 310
140 224
142 262
350 326
407 411
147 281
55 37
381 138
366 135
155 211
130 222
21 99
418 409
199 354
284 140
251 388
4 27
279 294
295 7
41 367
369 244
192 256
409 241
253 258
170 357
349 152
344 44
338 94
164 180
186 63
404 418
328 20
71 186
378 54
393 251
389 362
232 212
383 346
246 397
27 67
419 150
319 170
113 31
305 222
253 324
52 384
247 216
407 231
370 176
307 199
84 235
405 74
415 104
416 229
249 55
15 42
88 139
345 347
152 404
178 283
363 292
136 16
87 220
120 284
10 157
42 181
290 66
308 403
266 322
377 154
275 357
414 399
19 82
282 347
94 113
7 418
3 394
172 23
285 418
390 3
84 46
103 106
211 358
141 128
143 57
289 74
20 176
11 387
313 408
153 30
379 395
412 35
33 249
206 114
367 120
369 398
108 399
370 274
51 97
392 141
352 209
107 314
351 317
398 135
175 400
204 388
226 127
98 334
326 125
386 1
9 14
219 244
348 184
12 48
87 169
144 354
279 177
30 278
209 231
127 308
352 370
57 207
288 171
416 328
374 79
131 83
104 128
206 420
140 392
80 392
77 333
213 81
202 54
120 205
343 393
359 369
56 141
167 223
242 176
45 280
237 10
166 39
68 48
379 126
64 137
367 282
140 345
65 107
70 226
214 159
67 227
365 149
365 55
276 41
42 20
313 258
252 341
395 128
302 177
263 130
60 381
373 61
105 159
369 1
222 333
295 212
279 180
111 202
131 63
155 327
354 183
126 1
140 167
340 14
222 200
185 188
236 223
57 13
352 396
300 229
346 372
16 48
113 371
97 4
269 232
178 98
271 279
229 206
318 263
263 55
96 317
8 21
145 344
407 164
149 375
295 194
124 16
287 27
407 230
335 117
40 197
242 32
231 134
214 403
254 173
415 324
304 69
36 122
7 237
36 399
73 131
389 163
415 327
382 7
3 88
20 354
257 178
403 336
215 86
253 194
40 12
246 395
205 244
297 111
261 363
59 364
169 283
156 111
91 57
116 308
249 243
376 61
261 210
225 379
371 78
299 34
143 21
22 67
279 210
209 390
198 216
82 75
86 163
259 248
165 197
359 5
230 282
410 342
391 393
365 144
385 92
342 161
45 148
172 8
233 242
135 364
223 75
46 342
289 130
244 188
197 308
263 197
178 416
356 387
59 391
388 190
309 295
411 249
69 192
107 166
405 384
138 258
148 419
119 387
266 339
104 122
167 164
37 358
397 349
236 100
70 20
280 393
218 31
188 305
74 244
73 307
211 316
92 19
209 371
31 78
77 59
381 273
279 353
18 354
30 11
159 220
59 155
65 7
192 38
396 367
379 279
49 95
160 228
66 248
323 18
364 111
43 216
327 407
95 213
256 354
417 150
263 81
328 209
111 250
201 355
124 190
327 363
398 64
159 363
30 299
264 90
362 302
268 418
333 128
207 401
414 183
253 154
318 63
390 386
165 39
290 192
152 416
323 364
162 178
175 8
108 164
262 234
22 329
393 94
228 264
164 367
326 386
147 2
160 366
22 291
239 352
293 222
375 321
315 55
385 56
311 331
26 257
399 139
87 45
45 53
230 49
220 179
346 190
205 362
213 304
349 7
347 213
389 251
387 99
258 314
199 152
39 299
383 293
218 192
222 14
243 273
281 409
6 208
279 399
64 420
119 327
365 46
363 99
406 1
309 128
249 328
65 92
266 315
95 254
355 67
335 381
368 255
132 219
17 117
304 43
393 354
313 170
2 310
397 92
114 271
252 18
52 349
208 9
273 124
22 202
61 352
203 69
7 240
331 273
20 215
290 153
135 101
183 306
194 140
81 400
112 240
155 265
107 35
5 128
121 53
151 16
286 396
283 179
310 191
146 321
11 45
103 299
306 146
49 248
199 47
47 391
3 27
350 366
243 115
121 294
331 413
220 122
335 218
43 326
14 42
219 414
145 129
112 414
298 332
161 415
92 412
157 292
263 86
199 170
327 57
98 381
141 115
154 4
336 74
85 83
138 334
293 126
251 74
416 168
281 114
8 80
420 232
342 346
102 165
403 329
142 68
253 333
71 199
249 35
226 57
98 78
135 161
85 323
380 189
12 356
306 419
31 172
126 159
402 212
146 335
233 99
263 330
169 400
310 294
301 162
417 294
338 183
333 251
260 367
385 7
200 90
128 294
134 210
374 193
175 413
385 313
112 38
269 164
149 238
270 2
293 209
54 166
174 238
119 283
357 59
116 298
156 214
403 115
129 121
292 235
119 154
156 282
316 242
269 168
293 255
307 345
173 91
151 235
269 320
287 350
401 388
115 303
336 9
251 341
176 86
175 411
308 2
223 345
41 32
172 199
345 89
15 211
162 85
103 23
330 195
380 411
210 50
309 219
199 214
100 255
217 273
118 248
391 361
348 227
147 176
363 142
53 192
394 61
232 344
380 346
17 43
113 293
224 220
416 409
387 320
287 108
187 387
238 97
94 265
313 190
69 256
162 134
322 311
221 376
9 352
125 105
110 392
128 40
247 22
72 28
80 232
255 265
282 301
99 47
388 94
228 183
320 176
62 77
171 98
41 344
276 376
24 15
402 400
241 319
53 88
32 331
358 187
41 264
121 272
296 92
163 217
80 133
255 332
183 34
230 172
226 301
219 175
396 333
63 125
238 110
352 128
166 106
270 106
13 150
140 371
140 162
4 164
148 114
183 75
99 282
394 73
166 325
259 80
231 32
156 64
107 119
342 324
212 257
114 66
310 266
418 338
53 9
183 371
377 301
259 379
136 389
295 161
161 387
65 330
347 350
122 196
228 48
273 47
266 20
165 41
295 190
225 283
418 241
65 181
312 404
15 261
251 242
113 82
346 321
1 122
217 16
300 132
234 101
32 248
392 331
124 285
161 14
255 84
344 284
91 266
159 211
164 234
56 218
24 269
274 299
322 206
259 313
64 114
226 98
70 275
222 7
55 266
167 399
134 192
371 34
178 45
139 252
206 369
258 346
32 232
136 262
35 94
105 153
80 129
184 300
382 286
250 66
89 65
27 120
226 341
354 409
247 224
48 133
32 357
339 42
355 233
268 144
301 121
171 80
176 1
219 101
325 211
116 205
255 409
220 189
171 374
117 263
261 357
143 17
145 141
39 411
33 289
366 37
69 346
61 220
139 408
160 239
176 140
136 175
165 369
67 4
99 260
15 243
344 314
128 388
287 413
342 391
280 276
140 75
194 252
223 408
157 408
296 38
377 121
98 272
267 312
82 283
74 44
179 311
297 408
412 373
89 288
185 367
248 174
202 20
406 212
149 53
348 124
141 215
350 330
376 416
347 131
329 99
38 256
66 75
57 183
373 420
61 84
165 61
153 207
109 181
57 197
410 23
214 348
300 144
391 342
279 167
72 179
246 385
274 292
106 210
301 134
274 172
341 410
292 225
63 3
263 143
159 30
185 344
249 165
401 57
194 173
39 275
292 327
393 184
349 417
62 22
304 116
184 91
230 297
279 294
332 87
215 336
179 420
374 115
25 30
261 163
169 381
1 289
235 363
380 186
35 245
415 239
63 372
117 295
7 291
363 164
6 193
7 246
391 367
109 105
115 25
81 133
251 173
109 16
340 404
94 20
122 194
363 27
34 76
364 54
93 380
392 306
82 49
232 206
296 411
114 35
48 232
205 179
249 242
203 184
415 237
269 397
249 364
347 125
325 203
198 388
92 197
244 376
294 16
19 415
137 218
74 227
63 155
258 271
364 189
262 347
373 380
114 20
300 161
388 71
150 375
46 148
180 147
401 264
355 117
371 34
170 256
288 175
28 204
337 119
227 319
187 123
184 190
283 130
105 74
17 210
97 267
182 198
18 293
151 269
209 190
17 91
407 204
231 7
407 106
414 246
289 10
401 5
180 290
376 223
44 270
417 277
355 246
138 229
331 313
302 289
303 223
63 366
334 343
229 181
92 249
111 8
364 361
209 344
303 206
349 20
38 206
144 103
89 223
329 132
380 229
244 39
109 133
205 306
55 57
219 206
126 182
108 389
93 113
196 278
103 28
291 356
281 308
286 312
252 58
16 143
332 184
318 406
76 379
352 306
312 188
399 328
157 392
41 369
287 152
30 203
135 391
189 184
113 14
43 50
234 356
67 14
357 24
222 56
234 37
40 89
307 322
17 310
340 114
154 280
334 18
80 26
297 67
32 272
238 179
253 37
188 179
82 154
136 238
16 316
62 360
264 131
253 362
91 390
46 274
125 273
359 6
164 247
27 276
378 58
43 314
204 236
29 330
373 19
389 178
71 143
135 105
17 101
137 26
141 253
352 303
342 274
245 46
71 251
95 202
12 9
291 323
334 198
67 205
193 151
22 183
418 134
292 29
60 396
44 161
227 93
306 326
395 47
361 403
170 239
68 257
162 10
417 381
352 250
333 153
177 252
239 347
288 241
116 414
53 163
261 59
311 233
155 87
352 154
194 40
37 357
279 185
262 305
309 255
377 19
72 178
59 31
247 100
284 87
418 181
381 69
14 166
159 60
348 13
101 9
167 107
274 19
152 40
293 115
103 201
294 179
141 200
184 381
104 63
171 142
239 258
113 311
329 385
217 355
229 325
227 235
359 101
338 253
241 333
208 413
420 249
331 102
419 101
187 83
201 99
261 303
208 305
69 86
28 138
123 334
364 53
237 259
10 139
57 84
318 406
419 70
354 331
104 274
90 270
198 324
127 164
380 360
62 401
286 207
208 256
411 285
137 233
128 373
234 346
198 106
33 193
188 413
338 318
60 10
241 273
220 216
83 97
113 226
7 90
58 120
48 27
354 352
324 169
103 359
168 319
42 228
318 196
188 3
203 61
42 207
16 66
87 95
227 352
362 199
391 179
277 113
11 223
381 87
63 307
257 67
186 180
253 275
197 134
196 406
68 120
303 4
330 367
162 315
22 171
344 174
372 380
72 286
30 256
58 73
304 110
119 357
246 47
345 356
414 79
269 76
209 171
319 404
308 201
406 55
10 133
298 282
362 200
21 253
190 140
102 74
312 329
196 295
390 199
30 280
77 275
382 280
377 182
237 338
374 181
261 268
110 6
116 47
341 347
80 108
174 231
343 112
13 308
389 167
185 266
25 355
145 61
240 259
395 345
283 401
30 199
245 156
144 403
220 20
79 253
53 408
356 122
214 300
31 357
53 8
47 385
347 23
360 252
74 400
288 137
7 19
377 117
189 45
238 111
33 212
103 343
241 144
252 22
279 366
126 33
316 229
97 99
76 83
126 268
328 379
222 388
52 177
197 24
111 412
321 84
353 352
89 35
349 8
323 222
354 315
165 304
353 63
295 194
54 33
33 346
318 289
204 225
148 362
146 302
388 357
174 6
36 88
386 71
335 157
183 291
231 169
297 118
354 105
265 166
369 60
224 309
416 354
129 326
52 306
291 85
152 45
47 197
242 1
268 260
378 51
129 94
113 77
388 366
161 87
163 378
52 20
415 34
93 93
233 273
357 226
349 399
205 118
258 161
293 64
288 159
203 326
274 118
275 314
156 86
169 307
36 103
315 145
384 227
274 232
124 410
67 385
292 208
323 175
162 287
316 159
98 409
308 317
236 143
309 354
281 9
37 395
15 30
316 260
388 189
93 226
13 1
249 142
260 361
208 339
81 379
100 155
94 296
366 130
252 322
342 215
287 368
165 19
319 134
68 322
200 169
360 130
259 135
133 25
161 361
237 272
54 59
60 241
331 42
37 302
167 78
116 213
303 328
70 178
150 9
211 262
137 343
367 78
6 244
236 222
180 159
348 403
72 275
233 393
191 147
401 406
359 380
220 88
383 418
308 407
147 290
58 170
362 325
181 119
260 280
292 359
140 352
44 246
50 81
144 97
232 374
154 257
273 287
418 57
366 209
224 86
68 326
121 141
299 344
61 202
240 251
264 402
278 273
77 336
259 53
52 317
294 226
30 345
326 197
90 98
157 251
399 200
304 124
41 256
139 153
198 178
252 332
361 290
205 151
160 139
108 418
348 146
160 183
220 30
349 72
264 258
275 44
203 265
69 344
226 136
294 356
276 276
226 311
71 217
179 265
166 415
15 402
302 402
128 331
397 74
400 297
20 297
245 114
331 204
251 224
120 312
79 329
384 3
46 103
158 150
222 414
306 83
156 382
15 195
370 166
323 9
312 129
407 142
38 167
82 372
241 164
7 201
62 111
401 192
415 104
217 113
234 79
126 388
252 119
221 353
71 57
264 306
197 410
56 274
91 40
98 403
319 305
244 258
213 245
116 274
335 282
96 167
153 340
77 392
391 107
276 46
7 351
331 399
137 172
164 118
158 400
205 137
261 32
158 304
166 315
155 237
210 218
48 412
138 31
146 248
370 14
332 347
163 196
69 75
17 254
343 223
97 202
20 251
349 373
208 65
5 13
27 193
74 91
135 43
259 217
110 307
77 321
316 280
296 415
264 221
200 252
96 155
42 19
211 259
50 318
50 154
59 123
25 155
294 70
364 341
122 49
336 291
315 224
34 284
331 219
148 341
172 184
380 56
20 182
71 361
262 282
258 239
64 41
237 360
137 331
175 249
362 414
204 343
254 292
71 323
275 322
44 159
385 43
137 284
252 6
8 401
275 127
321 299
189 188
368 181
302 340
261 206
348 350
343 318
306 110
147 87
197 361
139 138
377 91
72 175
243 236
157 361
339 265
367 26
208 260
39 420
278 167
285 61
20 396
188 68
417 13
343 4
399 21
398 67
294 130
98 63
187 400
158 194
125 75
60 268
358 304
196 408
78 14
378 93
291 74
123 376
407 185
88 351
338 348
324 329
104 65
140 217
240 267
306 382
38 133
108 252
8 2
420 32
292 399
96 207
45 413
419 196
172 172
204 280
104 154
412 300
113 262
276 369
195 19
155 30
332 161
159 135
283 32
402 156
62 360
82 189
100 95
122 17
136 260
288 286
222 223
236 206
416 400
346 71
315 204
351 207
182 116
253 159
281 312
256 416
295 120
70 162
169 295
343 52
132 240
22 399
363 302
95 319
126 142
404 260
359 127
231 325
296 392
345 36
401 319
247 74
195 243
302 364
106 394
135 16
367 23
112 163
195 317
316 381
344 33
6 183
329 233
407 172
129 296
129 145
137 166
419 57
164 412
53 57
118 400
150 234
416 70
394 229
282 4
382 348
212 41
256 276
224 37
215 6
286 8
229 33
310 381
29 364
306 310
279 7
406 220
352 99
216 292
286 349
146 34
218 154
103 146
245 91
181 262
259 404
160 236
345 325
326 415
99 263
286 59
286 287
120 230
338 43
344 334
236 388
14 274
326 317
216 342
171 194
155 191
330 310
288 120
353 309
85 349
198 136
60 265
221 231
164 396
194 176
306 20
169 204
143 82
369 393
289 151
345 282
323 112
230 91
20 346
214 174
343 100
208 133
237 225
261 317
355 410
264 100
228 71
81 301
343 27
263 179
369 194
97 18
261 41
85 360
166 179
158 93
349 90
125 188
405 235
83 338
247 23
305 342
199 56
363 147
12 328
43 58
198 408
209 342
351 415
47 392
337 409
113 117
348 315
241 16
251 256
397 204
42 122
101 357
414 79
231 168
299 227
15 223
211 142
154 70
321 301
349 383
380 259
121 366
348 364
196 23
31 47
326 87
111 142
265 158
229 156
144 127
41 274
216 85
16 164
100 260
167 387
90 371
217 112
300 343
20 83
165 199
98 212
385 202
369 300
257 55
404 100
144 19
416 20
140 15
340 410
124 223
228 24
297 206
122 206
234 322
380 332
208 372
180 346
346 68
355 247
260 222
34 246
399 220
112 134
189 126
176 141
259 69
20 105
204 76
16 152
30 149
398 345
366 83
49 172
248 270
88 238
191 348
357 243
50 57
217 106
274 358
191 72
112 264
310 94
155 73
131 292
223 149
351 239
342 379
252 143
351 120
302 258
151 332
372 42
103 411
184 157
276 258
146 43
60 344
265 134
372 372
130 58
210 170
19 361
269 286
39 418
26 417
379 412
18 396
296 395
318 152
86 105
281 82
287 336
165 355
231 129
124 225
195 188
68 263
263 346
269 235
233 234
411 390
343 333
294 10
49 224
121 290
157 401
149 130
313 116
273 322
18 46
108 62
115 34
138 72
253 234
306 347
132 244
197 120
58 249
345 42
31 9
332 70
94 90
46 100
400 416
287 111
1 335
115 98
178 91
126 200
370 414
194 124
387 303
49 404
26 87
327 261
76 399
399 417
369 53
8 191
409 93
411 5
77 320
406 322
97 388
346 40
53 56
253 33
266 327
376 198
400 128
16 63
275 62
183 223
380 400
117 338
310 329
400 191
152 39
259 318
310 52
326 247
213 136
90 317
53 246
160 122
209 41
362 99
15 406
64 86
68 41
179 220
168 345
19 156
375 270
71 94
44 315
84 62
6 132
409 99
176 320
22 412
23 278
297 3
96 227
394 14
41 276
288 238
301 90
410 63
384 85
219 108
3 348
298 30
400 3
355 54
407 144
330 94
116 211
116 127
7 54
289 127
403 406
40 16
292 221
311 124
356 103
216 73
405 220
314 90
369 414
249 207
223 165
253 6
373 188
193 39
352 279
205 228
110 360
41 91
111 208
301 391
149 311
96 24
123 56
286 189
166 55
214 415
136 92
3 283
321 296
266 55
263 53
271 109
418 45
47 51
325 303
145 315
364 250
208 397
350 346
366 298
300 67
313 25
252 28
29 154
351 30
57 130
92 353
63 95
275 80
226 196
420 399
403 407
225 117
277 319
278 307
232 32
374 42
413 117
71 203
98 306
280 235
128 242
154 239
253 356
330 229
403 115
186 359
81 158
107 175
206 321
272 387
64 338
213 245
53 176
3 75
89 4
393 53
84 88
55 11
220 336
334 55
352 143
36 412
305 101
296 360
353 342
71 385
297 415
33 7
24 267
71 60
278 101
46 67
135 215
373 307
289 330
86 204
391 129
204 208
384 21
126 242
61 344
133 89
92 133
101 145
202 88
270 130
406 369
1 296
240 343
384 99
222 209
408 30
159 136
121 119
173 404
364 254
247 61
354 154
18 79
218 277
317 397
290 309
274 366
100 181
399 219
216 389
406 324
252 153
128 199
128 394
332 148
104 385
92 155
104 258
128 94
64 282
83 46
188 363
133 245
33 20
103 213
32 195
202 186
386 383
410 81
201 250
310 308
387 412
136 104
81 320
29 223
171 127
6 264
155 134
126 343
301 142
343 53
52 278
35 236
277 397
352 403
344 211
362 269
291 310
408 238
152 64
113 6
241 420
251 151
30 314
77 137
192 204
387 225
229 403
220 209
393 394
343 5
50 142
151 298
222 376
248 288
16 376
191 201
250 141
333 182
170 87
20 396
16 305
47 3
307 175
404 332
168 218
108 32
357 191
286 103
147 129
371 131
323 182
325 25
244 315
186 229
201 279
80 208
403 62
396 46
372 325
206 185
179 256
164 190
317 273
126 279
153 322
75 63
168 266
366 415
75 183
361 378
392 180
34 406
133 212
25 334
133 240
393 310
366 3
69 245
3 157
99 274
231 88
310 116
191 402
15 210
402 73
127 369
264 387
234 113
3 208
314 18
104 143
125 47
81 171
124 204
402 384
47 377
190 36
32 313
40 19
338 96
398 151
341 251
239 408
203 293
167 313
143 221
415 97
71 171
249 292
385 398
297 29
335 177
189 412
419 291
16 339
414 152
52 54
8 104
407 93
111 53
209 126
251 202
36 319
273 56
310 58
149 34
331 202
59 173
403 273
195 173
394 269
181 344
329 126
256 271
