440
3872
215 252
65 257
424 122
165 257
399 257
112 280
440 3
187 285
310 169
95 151
39 82
433 434
3 312
70 107
181 12
149 366
223 344
14 424
31 363
152 287
111 343
427 46
359 184
300 2
171 333
370 366
273 201
265 311
184 237
5 263
279 125
11 232
381 393
106 336
97 40
17 368
364 347
54 399
231 168
210 343
127 142
137 111
244 129
415 256
100 4
255 175
183 406
301 168
195 88
267 176
79 128
213 197
62 438
116 65
435 353
121 190
254 57
17 192
68 295
409 32
31 206
80 393
95 201
98 97
373 378
171 207
115 328
190 121
253 324
103 88
427 61
121 384
32 120
174 66
135 435
10 231
314 182
227 412
175 327
431 416
398 13
18 127
223 109
37 235
275 64
336 95
167 83
297 251
433 97
107 116
27 370
29 58
261 413
386 275
412 344
57 261
126 299
276 5
89 323
320 303
439 283
295 199
408 357
250 224
432 81
153 300
73 68
393 342
413 434
298 376
96 37
404 84
122 96
170 244
421 168
231 124
153 373
329 7
64 166
65 435
386 183
203 423
390 90
95 355
179 47
437 277
383 224
169 46
260 307
407 244
417 40
439 166
206 133
378 86
358 313
46 18
107 279
71 212
283 50
398 292
346 403
199 314
226 177
264 70
230 82
60 353
68 93
76 20
138 118
382 232
316 163
218 10
407 6
324 407
85 372
433 57
333 98
436 83
78 327
295 420
105 195
115 241
434 231
115 166
2 231
373 276
247 163
193 144
236 437
275 60
398 271
229 117
317 192
147 427
55 281
122 402
107 272
161 394
422 253
270 378
47 347
70 145
439 261
83 124
400 137
105 45
134 286
386 321
312 235
412 131
307 35
157 174
280 293
382 120
4 92
33 147
87 390
291 256
318 34
233 113
136 348
295 177
350 45
133 49
204 374
221 144
437 77
100 304
4 370
270 56
372 3
175 422
270 91
192 406
214 246
389 59
133 142
278 332
140 210
322 434
292 206
320 234
131 177
286 4
130 417
88 81
352 423
64 348
286 80
380 141
111 103
440 193
434 293
26 41
378 19
210 338
342 191
239 240
197 331
292 2
411 136
180 313
433 236
104 376
127 101
314 372
353 53
201 77
312 119
116 113
39 73
197 391
68 335
160 112
17 222
84 354
239 243
106 414
283 94
20 97
287 427
110 427
273 381
135 346
150 44
23 306
256 220
137 141
53 116
160 205
56 356
83 48
253 58
58 167
153 426
247 6
363 237
97 265
331 284
121 21
29 95
347 246
170 239
69 419
427 136
306 59
413 29
23 316
439 240
164 47
321 367
393 156
317 178
141 215
266 283
13 426
108 301
304 69
338 216
186 136
149 286
28 264
401 13
394 329
81 275
217 418
383 222
294 351
334 162
24 360
139 179
231 268
201 307
377 83
101 128
301 232
130 438
72 414
275 117
296 148
256 30
269 126
249 367
323 39
393 232
123 346
201 245
391 159
260 24
414 107
157 10
273 382
160 210
54 307
81 261
149 439
35 358
435 73
194 2
210 341
294 98
132 201
103 181
414 176
392 133
58 42
397 57
391 382
59 373
49 184
19 172
343 118
205 190
28 183
301 51
206 238
134 403
357 219
350 132
281 85
194 210
60 163
72 227
29 217
242 203
186 292
82 131
142 340
22 409
355 60
11 389
390 281
229 147
374 195
436 370
111 376
258 238
387 225
406 356
200 239
32 100
58 421
301 416
233 299
306 240
398 244
89 325
99 404
333 160
303 351
145 246
400 218
250 401
147 174
63 422
241 133
73 327
201 216
118 85
21 367
272 101
113 342
254 345
391 60
280 6
261 315
163 274
289 65
350 189
428 201
335 318
127 143
124 392
356 107
234 54
270 156
310 251
257 241
422 86
118 309
290 379
207 327
421 49
438 118
10 276
289 164
17 405
400 160
285 32
438 344
50 432
131 255
390 386
17 295
201 215
21 432
348 329
20 331
205 414
54 345
148 368
419 404
434 196
334 364
222 333
247 206
302 227
142 410
340 51
257 111
105 184
398 77
144 197
219 383
433 287
162 363
64 91
299 69
333 63
353 138
394 160
369 83
199 358
353 89
61 256
275 134
178 310
29 108
211 6
207 410
161 416
91 365
303 320
21 137
221 307
162 151
317 139
192 426
93 109
210 109
283 9
179 60
401 42
409 128
17 377
292 178
211 228
291 333
117 363
74 22
393 99
60 9
323 282
170 34
278 122
147 137
63 62
101 65
103 4
12 391
283 357
5 107
290 315
309 374
440 8
243 352
253 204
380 5
210 280
183 431
210 221
384 88
21 41
134 196
203 271
71 440
89 347
284 280
402 52
331 308
25 110
420 34
428 145
143 423
221 187
169 138
398 307
396 201
31 199
412 180
366 357
163 254
233 381
302 98
344 384
428 264
253 229
69 245
43 112
390 273
310 368
372 130
176 372
431 292
110 39
223 130
229 146
249 273
308 233
244 374
156 280
415 349
170 366
243 43
389 26
16 217
309 135
112 185
364 82
240 34
352 197
259 142
14 227
57 3
14 11
266 368
331 167
31 263
101 136
52 290
145 122
326 422
429 380
269 401
5 166
40 399
261 66
412 115
299 365
33 261
267 366
340 131
265 42
353 267
123 405
368 47
200 96
130 307
198 371
82 167
374 62
47 270
242 437
403 158
251 107
235 225
190 139
389 436
56 388
433 219
271 263
355 235
288 275
313 394
348 23
206 226
154 174
206 56
136 54
429 340
398 105
149 5
12 135
207 399
187 133
278 117
440 275
303 2
17 362
192 205
291 283
93 188
427 19
162 214
144 375
270 430
426 168
51 40
306 43
12 273
324 79
62 24
103 344
30 3
274 311
262 403
241 208
415 356
113 401
120 169
120 342
102 241
70 122
307 337
45 171
202 197
433 414
324 92
219 173
2 360
100 49
249 426
65 373
163 58
418 226
399 189
235 160
79 194
336 292
436 294
316 45
354 407
217 396
254 283
111 125
160 435
382 391
434 83
144 381
322 66
351 411
363 260
40 328
60 257
229 405
365 400
427 422
396 389
82 279
37 84
262 201
321 277
435 362
46 412
33 215
9 356
403 203
20 335
284 124
427 114
259 14
104 143
397 184
242 98
124 407
174 205
185 74
156 380
97 413
275 11
101 225
138 410
334 438
129 157
68 6
392 241
193 398
115 416
257 334
86 260
438 341
215 233
307 362
288 283
49 250
113 266
343 436
385 417
411 254
420 290
388 260
393 348
440 218
383 402
134 316
136 89
114 302
166 406
279 296
193 132
134 140
44 96
424 253
7 302
397 25
418 365
2 11
123 119
264 383
266 364
324 67
234 185
435 106
142 63
335 324
282 141
163 188
440 283
198 117
5 128
239 325
378 400
312 76
114 152
128 235
278 239
432 167
74 396
169 435
276 49
78 312
89 385
215 93
210 336
262 56
180 25
292 118
75 194
402 58
17 188
371 245
3 33
252 148
89 348
222 120
220 305
154 218
298 79
56 425
316 44
396 342
35 335
290 300
60 160
193 290
228 347
342 142
330 314
346 131
113 150
153 338
298 94
426 196
12 352
238 346
420 325
281 199
269 213
147 230
418 218
174 150
374 304
183 32
232 61
46 193
93 83
163 391
301 400
48 342
92 254
178 210
108 434
257 76
249 322
62 360
19 115
316 353
231 111
151 262
308 214
278 59
23 319
45 321
378 394
55 135
432 125
391 304
397 408
152 361
100 203
179 393
373 45
83 9
126 411
155 121
246 412
118 22
397 68
191 385
271 136
354 387
65 154
96 116
40 289
8 110
247 426
394 437
250 232
114 341
436 338
11 296
373 246
431 389
64 79
45 439
435 306
87 155
410 219
227 75
152 328
345 291
276 80
315 300
400 112
324 53
223 77
336 23
296 86
91 168
265 349
328 128
70 115
259 107
340 2
350 260
263 329
145 317
112 78
193 432
39 283
343 9
33 260
427 171
173 348
277 40
102 111
130 366
340 128
324 125
392 426
299 426
156 346
220 427
233 122
159 187
102 208
79 189
60 360
433 231
8 34
20 170
88 28
338 342
127 232
171 18
191 370
109 260
82 121
35 344
420 198
38 194
203 53
393 259
204 88
294 56
107 393
319 262
407 342
325 222
335 331
169 425
271 297
154 362
307 327
327 401
437 215
224 386
262 141
203 361
124 368
437 436
401 191
219 185
298 339
426 266
124 35
424 39
322 70
358 147
402 237
282 382
315 77
62 299
69 108
34 314
122 156
277 253
95 99
298 413
234 31
45 38
58 49
390 144
348 430
426 371
429 108
338 285
396 100
207 336
81 417
201 283
105 271
328 298
379 206
302 379
3 316
258 224
80 321
84 100
250 304
1 364
192 429
347 218
368 48
316 172
108 406
396 369
156 252
27 81
172 134
277 231
407 327
135 199
398 123
102 18
152 98
370 252
152 174
7 89
372 420
24 319
95 70
366 430
369 338
326 320
119 251
273 219
317 99
352 409
162 345
372 156
387 269
105 378
200 177
288 111
73 382
397 185
73 102
293 6
188 372
421 253
378 376
73 34
323 86
335 192
59 321
252 392
128 413
126 34
421 104
167 129
128 428
252 349
366 401
262 392
114 227
170 321
51 224
155 155
88 172
155 389
151 203
429 425
393 338
263 85
8 86
37 435
402 230
370 193
386 385
361 295
113 303
196 383
174 216
439 438
26 254
368 4
381 30
49 4
159 427
254 223
366 155
350 197
310 68
425 56
181 424
233 291
156 130
376 83
232 237
295 380
206 268
432 95
342 322
6 85
249 336
417 104
61 206
386 169
172 287
32 249
402 193
277 284
47 111
420 86
248 12
87 139
204 100
383 286
373 291
232 164
360 373
206 195
186 343
277 212
3 197
258 372
416 137
284 44
163 246
16 114
302 217
393 369
65 265
161 338
20 337
12 84
117 14
6 245
312 243
183 15
365 370
247 431
79 137
150 227
247 219
91 392
203 291
249 440
415 412
287 238
345 55
146 418
354 319
187 2
183 391
35 380
193 326
438 119
130 382
12 335
157 412
368 53
196 167
108 154
262 193
186 43
57 400
13 213
69 56
235 376
345 92
161 130
382 36
131 150
2 69
402 396
106 70
366 324
333 382
158 192
420 100
291 203
346 53
306 302
189 3
261 148
101 187
354 42
21 147
135 436
98 227
12 138
218 23
71 362
276 123
38 241
67 29
12 148
212 28
430 256
400 93
300 51
362 26
65 240
376 147
358 172
404 265
315 224
152 135
29 314
261 169
2 366
328 426
392 84
145 153
173 56
38 393
68 347
22 160
410 364
88 332
106 262
11 364
317 356
193 141
68 223
342 425
213 249
228 17
238 169
215 373
15 400
118 433
238 185
168 297
222 309
41 258
234 396
253 306
290 301
208 428
277 292
212 426
311 363
310 53
101 109
216 64
373 92
366 81
323 54
50 201
424 341
313 89
123 405
263 213
39 110
430 434
76 413
51 104
410 46
77 66
173 80
189 214
258 291
54 236
10 161
413 202
90 252
63 243
81 231
194 84
105 262
71 269
88 63
383 227
70 31
3 263
382 86
52 343
433 250
48 85
355 386
359 131
268 392
48 99
235 375
353 139
289 320
142 105
427 8
303 421
13 329
93 144
130 224
243 342
438 186
245 367
281 274
416 245
410 438
207 108
423 42
382 389
344 104
335 84
201 116
140 430
59 367
290 391
7 144
193 81
89 414
114 297
389 432
385 344
389 135
432 225
415 69
10 28
315 212
170 124
149 256
353 87
80 82
189 355
186 359
335 115
84 219
2 322
186 328
351 43
23 290
74 336
333 222
181 405
3 101
254 257
344 352
145 348
36 156
214 391
3 202
41 403
197 338
400 32
304 376
233 63
181 163
101 276
101 143
224 309
241 334
9 224
384 255
423 214
255 176
263 273
212 4
39 137
54 266
113 389
359 14
365 382
156 241
428 358
201 262
35 191
306 153
389 227
22 11
30 25
293 145
181 103
174 264
417 201
369 144
101 63
324 342
128 267
277 37
136 61
230 402
390 363
75 436
246 116
341 286
150 336
276 305
89 436
59 215
38 328
309 435
242 34
368 367
219 130
144 273
107 4
44 289
121 181
96 76
421 166
346 118
303 209
325 67
380 341
332 205
406 213
67 5
195 225
414 202
435 252
294 120
37 83
223 430
353 89
312 420
67 429
91 400
344 132
297 151
90 263
421 181
107 345
99 14
183 320
336 159
186 89
352 108
225 409
342 341
72 316
382 159
68 93
355 213
95 192
2 426
19 346
381 254
159 138
199 15
178 57
247 83
370 285
218 332
101 269
197 351
207 9
312 37
380 142
379 403
161 290
225 128
272 266
99 62
137 75
191 263
42 178
346 231
73 250
31 156
439 335
323 377
415 188
239 344
440 154
306 59
1 273
416 382
92 316
16 241
264 254
318 262
278 142
299 21
126 298
194 1
43 370
374 248
150 152
403 422
228 188
358 387
133 424
91 321
79 236
314 252
130 31
161 65
16 423
8 78
346 58
141 320
26 341
404 253
269 210
68 266
2 427
377 24
181 248
174 172
27 177
172 312
241 145
254 271
7 339
343 201
39 382
169 330
291 113
339 128
324 338
128 392
240 72
417 241
281 186
120 360
329 404
392 284
31 40
48 219
270 412
380 123
23 240
399 133
51 268
435 69
323 12
263 135
137 211
207 46
65 45
113 160
14 322
307 358
348 389
231 409
41 20
252 298
243 35
429 13
110 123
12 101
121 83
120 305
137 68
313 58
409 14
221 182
277 117
21 359
40 350
161 145
266 18
4 91
170 329
2 423
301 206
148 239
6 308
33 404
332 428
86 103
378 214
374 61
2 420
80 344
17 81
275 391
323 328
205 172
281 143
180 102
100 51
189 141
38 348
403 266
250 380
378 133
204 197
356 183
362 51
389 142
325 229
229 79
263 30
320 34
325 386
62 169
69 60
339 255
394 435
114 277
69 43
158 213
210 71
415 402
279 41
217 289
427 253
40 377
432 379
29 44
347 10
430 5
370 35
27 395
348 205
129 408
98 284
374 366
314 46
169 303
190 315
426 85
32 429
353 375
287 145
37 285
272 354
350 187
255 433
234 231
252 322
118 96
185 111
57 7
96 287
170 88
413 361
292 318
371 1
204 82
440 407
219 68
306 326
286 42
204 259
427 217
251 87
267 319
52 321
276 218
6 90
27 172
159 109
276 357
269 259
321 68
175 326
213 259
20 121
12 55
213 226
339 71
384 40
255 239
93 363
236 349
181 393
5 212
221 112
435 138
235 230
18 392
411 184
316 120
271 334
315 158
251 189
433 245
214 285
385 371
293 172
66 57
400 231
279 234
145 347
175 150
19 109
370 375
132 379
166 274
209 305
396 381
92 420
282 55
367 353
251 3
226 434
408 349
3 256
279 215
356 356
164 301
123 64
91 44
129 395
52 242
254 282
283 23
232 204
397 156
25 354
13 411
368 135
210 113
284 348
146 186
190 158
202 235
292 406
194 131
24 87
121 406
236 60
31 9
117 212
178 381
323 243
80 428
164 58
279 308
386 274
103 71
92 211
181 339
208 185
342 344
249 5
59 156
151 24
181 96
19 155
229 151
6 23
119 402
240 435
384 161
30 295
218 229
66 153
93 79
433 225
171 214
438 270
268 201
220 26
302 204
152 373
109 322
251 358
273 174
80 47
362 330
325 248
196 109
295 52
84 81
415 387
78 355
245 139
440 434
38 28
138 340
99 294
247 306
292 53
182 338
63 373
46 360
11 52
161 24
71 357
396 185
245 121
304 357
331 322
30 321
386 313
72 129
65 309
182 236
274 376
383 326
96 9
8 235
162 244
76 330
181 139
87 318
162 430
5 306
102 320
267 175
394 142
440 317
286 233
180 153
65 420
279 291
45 158
31 329
213 257
279 87
86 316
390 247
73 367
421 198
147 265
77 109
354 346
274 388
101 212
312 397
166 83
37 340
406 377
273 108
364 438
27 195
248 270
296 69
88 208
206 20
174 276
102 407
70 113
305 29
111 174
84 208
248 85
41 347
30 157
432 178
75 272
389 244
131 320
133 132
141 249
122 160
4 407
360 343
401 133
5 327
301 407
151 176
415 362
266 398
142 55
302 417
385 329
230 94
170 126
190 291
381 139
170 40
142 10
27 57
128 82
57 371
102 38
356 220
145 105
438 265
212 271
337 203
67 181
112 270
21 240
22 430
165 90
407 236
136 99
284 111
41 186
382 403
284 236
73 418
58 436
43 386
358 432
322 103
199 336
282 161
361 31
238 435
400 207
194 58
14 328
413 112
71 187
357 127
222 2
384 237
360 50
158 212
249 156
68 204
50 229
210 263
190 436
168 320
379 301
40 187
173 267
341 112
420 87
380 189
343 418
364 202
230 37
394 93
174 436
268 416
67 324
404 140
95 412
102 149
6 374
30 254
33 196
16 67
13 407
350 72
232 80
160 47
114 275
287 77
401 331
269 289
159 164
175 331
196 428
57 167
209 301
286 303
147 83
17 82
421 414
63 330
108 363
272 411
278 99
176 363
177 207
42 221
359 128
156 129
391 421
156 220
239 69
137 361
370 328
99 88
417 373
82 144
348 154
278 98
278 387
9 98
376 269
390 259
426 412
363 204
40 19
81 129
395 14
426 269
57 72
431 347
380 313
108 76
287 167
334 311
327 4
308 285
129 90
192 326
24 350
265 289
59 82
400 256
176 138
360 61
334 83
180 89
35 25
52 245
84 240
280 177
346 255
132 240
409 182
113 295
229 118
377 33
53 88
221 214
20 418
363 155
273 206
418 349
43 206
49 411
145 268
222 188
30 339
157 65
328 229
407 206
89 157
290 210
362 31
419 54
27 367
302 287
187 22
183 8
13 347
92 371
301 397
104 84
323 296
207 162
292 413
203 249
271 208
376 237
275 186
341 69
429 39
438 47
368 319
162 256
380 81
365 192
35 260
325 172
172 410
389 42
75 338
366 286
284 182
55 412
402 11
244 181
169 159
20 354
176 232
182 388
142 186
231 296
101 356
170 211
428 221
200 430
407 51
141 266
430 418
310 410
432 302
31 392
105 275
299 172
13 259
239 186
326 81
301 396
379 393
64 344
280 312
258 205
14 77
332 1
187 181
17 241
235 7
349 59
409 224
154 38
245 234
49 145
275 34
399 102
32 171
176 61
203 202
338 126
375 155
19 297
213 328
280 423
45 434
241 285
117 180
22 123
316 235
103 177
273 343
186 209
397 393
374 20
138 407
174 6
221 161
265 381
1 239
401 109
93 43
159 161
117 409
126 90
29 320
97 156
378 165
236 294
246 59
421 171
290 54
390 175
410 293
245 144
219 93
314 110
41 336
85 193
53 287
316 364
154 276
35 423
164 152
129 381
35 243
226 360
258 196
315 25
101 372
10 217
269 34
105 138
36 100
149 158
355 321
305 371
43 337
267 103
94 430
255 294
413 54
280 387
250 252
235 290
85 225
49 243
277 119
319 133
432 230
207 80
431 267
217 34
205 87
411 208
239 430
244 74
130 190
134 348
343 13
1 56
107 328
360 340
106 247
301 438
130 410
424 86
430 361
198 258
182 338
251 158
47 344
254 109
316 279
386 195
106 155
438 321
254 365
27 54
439 414
300 417
191 371
8 295
315 298
421 381
54 222
73 158
203 257
45 137
161 298
206 16
345 363
306 251
298 290
228 165
209 36
75 319
326 5
173 209
75 60
369 274
104 297
21 231
360 187
245 409
423 304
16 164
179 281
311 16
206 287
137 433
145 252
4 35
217 149
383 353
387 97
302 375
248 296
262 335
372 319
258 358
302 339
79 107
33 386
437 357
378 300
225 42
29 127
191 307
87 241
107 161
277 9
303 382
253 52
408 69
150 32
372 310
360 119
358 32
94 395
166 392
149 438
117 392
285 374
261 184
170 275
188 122
439 355
31 396
294 230
251 33
346 1
387 120
290 168
319 366
284 425
139 203
420 213
349 264
272 238
165 319
426 210
116 316
338 56
124 404
270 343
54 147
291 19
184 385
391 169
158 92
268 213
104 288
193 78
232 81
202 129
175 141
398 78
250 345
390 425
125 228
55 209
17 70
371 220
380 297
3 107
433 375
321 404
364 87
275 437
75 415
285 408
329 354
142 417
405 111
296 211
368 346
37 78
191 52
78 202
349 73
283 242
434 378
262 185
381 214
248 249
176 436
92 139
16 68
354 293
211 412
183 86
229 77
221 386
383 255
232 367
29 344
345 223
144 245
334 68
53 360
21 48
269 64
282 425
323 234
182 168
365 212
188 71
11 115
282 12
345 419
398 355
221 128
142 352
350 437
25 437
54 80
257 272
413 164
308 49
414 78
103 11
164 386
227 116
88 440
122 150
79 375
199 302
58 432
25 196
200 104
397 248
200 48
235 138
84 149
373 16
342 203
309 293
142 392
386 395
410 149
295 179
390 161
232 293
208 266
270 144
188 110
56 150
276 62
241 275
196 115
183 118
43 369
397 326
222 414
71 306
282 317
17 78
266 112
100 334
135 159
327 419
6 386
23 262
382 80
410 302
138 331
55 238
165 101
164 146
371 283
37 223
62 222
175 125
282 329
139 133
194 316
323 377
59 19
378 438
79 309
331 222
126 161
266 398
22 203
65 328
194 219
210 156
160 326
217 297
132 96
366 336
304 292
235 113
233 122
432 196
48 396
356 158
168 146
233 179
340 43
228 332
399 255
436 364
427 3
161 222
414 21
409 5
208 272
60 225
257 102
417 395
75 11
136 181
438 307
52 62
241 96
270 311
422 155
20 423
207 372
5 227
35 79
355 55
178 400
204 77
219 285
84 346
280 8
184 434
60 74
312 171
276 83
30 111
269 294
10 101
67 90
385 96
437 225
343 178
366 185
166 20
253 59
3 305
281 288
265 176
85 434
322 376
280 179
212 368
259 374
421 378
167 198
151 28
310 382
106 46
418 406
273 67
131 149
437 229
28 281
185 202
105 62
406 212
62 4
133 19
313 55
11 170
188 422
50 322
87 44
220 27
208 281
135 293
11 26
105 153
380 312
115 237
133 407
400 244
277 290
281 168
237 310
24 215
366 163
284 338
206 302
257 117
134 312
59 347
271 406
387 345
346 326
100 223
403 10
330 160
99 384
329 70
143 188
435 428
385 25
88 154
218 7
390 400
182 197
212 30
274 380
423 400
170 40
78 150
190 151
175 430
93 438
238 165
430 239
20 362
344 318
18 428
328 370
17 349
96 232
8 159
187 22
291 387
11 225
295 403
103 438
165 156
117 386
146 189
397 240
430 342
282 133
186 275
99 343
110 142
381 329
424 338
218 350
101 193
291 290
230 51
437 13
65 429
336 232
114 370
245 182
63 367
341 301
402 180
418 324
281 426
335 385
245 226
123 161
371 319
234 389
279 313
433 250
40 208
262 398
139 63
363 190
24 205
166 214
77 91
413 374
414 173
219 164
255 232
222 30
132 217
400 32
399 38
224 162
436 326
371 82
170 270
421 193
309 440
229 6
242 64
136 35
415 182
429 383
324 296
234 1
323 372
329 100
240 318
427 36
61 324
408 369
5 297
9 16
171 317
106 144
292 327
383 189
430 279
303 358
186 17
128 52
340 158
287 132
209 94
326 162
214 433
154 391
284 181
346 18
100 205
174 410
341 166
210 24
221 314
123 316
422 305
285 36
223 208
311 247
325 123
352 373
237 138
108 334
200 95
398 282
184 320
357 152
104 57
329 380
12 345
275 236
65 273
78 150
62 432
384 436
36 220
15 76
24 116
16 10
345 233
194 375
261 440
26 83
255 302
342 127
88 190
61 236
68 193
22 202
429 270
253 206
86 94
376 16
333 358
423 315
284 396
336 392
289 67
403 382
123 87
276 250
262 75
343 136
389 61
273 69
434 221
122 327
250 307
149 287
73 411
176 121
184 383
175 269
287 293
181 56
193 218
223 132
274 124
284 430
44 374
125 245
311 168
393 111
151 124
381 424
209 230
212 204
175 58
30 278
247 85
354 237
224 28
77 87
269 98
177 67
31 219
295 296
23 348
307 6
149 35
360 152
1 302
391 223
339 343
397 377
352 113
243 262
23 244
338 118
151 389
422 237
334 5
169 364
73 414
266 119
422 77
386 227
143 197
378 77
86 313
143 222
5 359
37 383
286 319
366 149
192 88
288 294
147 42
437 290
177 114
131 12
368 43
347 86
323 152
272 323
305 297
351 343
334 334
138 185
99 50
37 92
228 17
374 312
141 364
332 146
283 289
416 97
96 400
221 385
212 10
176 8
381 321
277 230
360 234
350 415
80 362
253 71
322 129
233 291
256 393
314 90
48 166
356 4
363 68
356 293
18 252
237 408
105 142
233 244
251 357
80 356
159 351
402 258
232 299
161 11
303 433
422 8
204 356
97 224
225 250
136 196
397 109
277 305
59 57
127 187
62 20
129 255
255 59
171 62
185 107
51 208
269 270
213 277
333 397
20 361
160 298
392 228
214 298
102 30
323 12
413 121
399 364
283 316
371 368
339 403
302 25
45 210
431 94
299 79
5 332
52 267
321 396
69 99
391 126
251 106
374 319
262 303
201 418
78 112
126 376
297 256
400 184
297 20
225 194
204 83
217 69
20 137
260 211
263 99
153 70
206 60
342 107
350 399
339 112
298 126
321 237
94 347
242 262
82 405
349 108
251 307
303 9
307 159
91 111
322 380
193 91
206 285
299 351
143 66
215 38
60 354
373 85
130 174
352 313
155 128
300 352
141 152
330 225
74 322
266 80
261 372
427 419
200 142
425 32
124 226
178 102
291 53
114 393
360 68
89 361
80 196
423 332
327 183
188 63
252 58
89 76
70 378
258 72
408 294
4 282
293 141
107 35
124 405
271 101
378 240
358 157
168 391
119 385
39 331
372 131
127 229
301 406
425 154
213 2
302 401
400 77
313 38
407 353
204 132
224 119
181 145
262 71
280 75
56 315
76 207
234 7
381 20
336 369
91 212
21 120
102 22
302 410
98 335
33 75
273 116
138 303
73 426
338 271
309 348
407 28
157 365
269 270
148 50
314 152
192 165
341 142
242 382
73 95
162 386
80 231
376 349
108 157
248 58
163 179
334 144
35 163
388 390
154 20
76 277
390 129
380 215
106 144
370 275
105 194
196 271
207 74
250 222
275 308
126 325
200 109
187 369
30 330
339 340
53 313
182 193
306 257
233 118
216 313
184 198
353 74
241 211
163 117
130 338
302 69
369 227
340 106
258 19
197 178
86 173
391 49
199 114
365 373
224 217
131 213
432 296
360 119
20 414
210 402
28 269
149 64
337 87
63 258
430 429
423 108
215 94
288 316
295 267
424 13
201 117
2 327
260 191
291 24
11 242
246 128
288 311
368 172
65 266
370 374
262 143
388 187
171 434
236 239
279 399
246 427
293 170
298 255
154 174
248 298
411 149
291 425
429 206
382 294
404 332
318 392
87 143
26 288
313 347
199 38
392 386
40 93
118 363
238 163
101 18
163 6
230 18
283 295
48 60
45 226
318 344
146 308
358 78
346 387
109 343
250 49
343 13
427 186
192 12
109 329
131 317
267 326
300 160
42 20
167 210
187 345
112 222
276 257
223 428
169 351
134 13
101 405
385 150
59 73
69 108
203 215
34 435
340 52
239 283
270 425
250 93
209 158
335 274
52 291
175 365
43 308
341 315
416 79
404 32
13 125
217 419
286 417
195 126
144 188
292 45
429 60
373 285
110 51
318 9
404 117
188 8
160 138
232 262
157 16
97 294
206 142
337 290
220 21
396 24
307 314
378 258
60 301
341 302
258 82
349 330
339 16
43 295
300 108
250 140
432 146
355 29
340 245
8 102
97 145
306 424
435 215
327 258
97 22
124 122
160 34
294 76
87 337
73 172
291 368
211 374
28 146
354 246
60 351
167 265
321 242
436 160
99 57
233 104
196 145
357 385
346 335
276 67
289 38
298 78
159 15
213 366
16 300
111 203
56 400
100 376
116 134
305 70
79 181
309 268
264 114
1 115
1 77
346 10
347 269
33 164
436 348
238 380
428 71
116 74
293 266
285 318
30 232
23 263
428 197
21 158
153 14
120 208
69 355
210 119
3 234
438 267
408 190
202 169
126 115
182 10
228 325
139 181
189 403
221 280
23 139
227 120
234 40
69 356
231 104
274 411
259 111
66 165
50 339
410 379
29 348
330 332
191 243
24 401
430 118
372 169
424 150
90 4
339 130
221 130
222 360
114 146
281 402
287 240
363 134
100 219
237 426
152 173
351 152
28 362
406 125
279 150
292 294
147 281
394 268
328 232
129 2
266 353
1 103
386 395
236 414
280 221
413 79
151 107
318 14
202 264
433 373
436 146
95 343
25 236
233 18
332 250
112 43
241 171
212 298
406 248
1 245
425 287
335 329
416 64
43 315
274 335
354 114
353 91
52 45
128 228
308 153
184 231
285 221
297 118
23 272
182 125
308 202
99 144
221 93
368 131
231 25
249 327
43 212
304 277
39 172
351 305
296 294
351 205
81 281
298 251
264 336
318 318
3 145
100 82
323 101
88 356
383 149
332 59
381 328
337 34
241 332
415 330
258 290
405 260
198 242
96 305
432 205
422 289
252 340
328 301
207 347
31 94
126 141
346 242
25 113
339 36
69 206
53 99
407 396
287 326
288 11
195 112
200 184
436 395
137 116
89 304
328 209
37 103
347 165
339 32
380 138
339 69
35 352
238 102
125 165
137 426
75 429
400 329
291 251
417 112
165 190
137 81
190 150
349 34
279 40
434 168
45 383
315 124
325 241
231 86
46 79
119 301
153 301
248 370
354 332
279 261
300 373
89 361
429 343
32 342
395 428
417 352
371 357
307 68
340 269
99 274
426 202
86 119
92 251
250 95
278 319
175 151
273 46
225 415
116 226
370 253
183 275
391 66
85 268
375 363
217 90
79 312
156 58
232 13
142 115
432 304
264 213
253 4
161 191
3 386
327 193
100 36
145 120
55 210
291 246
229 140
113 185
97 281
58 206
283 126
257 307
23 438
159 432
125 226
146 38
135 52
86 211
253 316
44 236
358 409
113 348
293 293
16 94
292 133
408 123
412 346
101 191
405 390
274 407
88 436
366 265
406 130
62 240
62 335
97 351
323 227
203 430
84 381
96 11
165 214
54 168
156 68
330 346
127 210
168 254
428 295
405 288
316 304
367 304
365 163
340 155
416 351
74 342
51 167
324 221
252 360
183 337
222 78
340 47
341 338
331 177
414 124
297 188
126 395
256 108
70 4
337 149
173 323
270 368
356 271
234 440
22 125
204 403
390 158
311 18
266 334
202 384
428 138
314 17
47 234
331 328
96 17
269 306
204 250
115 216
338 281
149 326
414 268
74 186
184 60
253 348
22 307
243 383
261 226
239 62
275 286
329 35
400 25
419 102
175 98
93 292
320 431
273 344
218 264
387 389
220 39
175 58
94 243
228 254
127 431
298 395
30 31
267 219
131 280
76 345
327 303
440 13
108 15
315 75
327 339
261 89
420 272
46 135
173 313
139 221
57 208
46 338
242 145
421 320
181 161
268 308
28 27
239 154
162 290
107 23
124 434
1 371
393 100
302 290
56 172
141 365
363 435
290 14
166 370
364 374
328 375
413 82
431 137
37 35
144 229
10 367
415 317
56 82
33 374
2 149
62 427
332 196
273 394
38 122
121 203
91 105
101 189
201 295
418 405
151 201
375 155
423 93
267 438
160 98
312 307
346 435
427 325
395 239
4 369
265 180
148 331
119 197
204 20
31 286
283 358
336 141
65 175
142 280
234 183
110 68
222 32
128 191
316 64
91 84
330 38
90 92
18 27
186 343
176 208
312 216
186 439
365 142
62 428
327 15
378 165
396 357
360 64
402 256
176 162
28 183
292 263
228 7
15 215
306 263
97 322
395 82
338 426
20 114
403 32
287 170
201 299
431 132
212 416
112 285
56 321
53 236
102 13
192 280
315 372
308 232
30 111
363 252
434 147
420 364
327 260
316 47
337 335
365 353
300 253
339 396
3 277
393 211
2 429
368 291
343 6
303 169
244 435
94 353
99 214
426 316
31 393
157 323
315 238
352 389
184 242
340 46
312 29
369 257
57 325
312 250
168 405
225 398
323 143
273 298
155 181
387 50
341 181
243 230
305 250
163 47
225 273
290 393
241 161
208 405
368 3
63 260
390 45
103 161
426 412
120 54
325 90
192 122
382 1
82 329
158 237
161 49
2 270
281 256
63 248
321 121
390 194
326 320
140 223
325 33
65 174
280 361
84 330
421 309
106 312
40 395
251 315
429 201
288 194
284 206
77 427
379 287
74 158
315 303
425 416
53 111
317 52
359 216
228 356
57 318
233 399
89 426
55 22
111 255
208 364
337 336
132 95
380 81
253 36
327 434
244 213
173 268
97 236
313 279
205 368
367 169
31 201
256 123
55 305
313 8
4 222
361 134
54 361
294 386
10 210
216 221
55 354
114 80
250 256
230 6
120 411
358 135
270 214
376 300
354 435
25 356
225 117
271 40
360 440
79 202
408 233
410 407
238 71
357 242
25 252
303 354
404 74
140 88
141 235
199 173
23 73
438 284
360 187
434 319
142 179
274 198
265 260
52 396
393 130
195 228
371 364
405 184
333 322
109 166
376 367
26 263
390 124
193 303
346 57
437 116
426 325
283 98
317 334
385 47
207 157
106 334
78 275
412 286
59 341
243 410
17 76
355 133
248 355
411 327
349 96
232 60
242 243
294 4
194 205
323 36
182 119
69 82
186 355
368 115
241 366
234 243
191 16
337 430
82 81
384 271
409 417
22 125
107 167
339 160
57 46
154 109
330 205
74 374
262 186
222 438
421 373
18 272
390 95
139 384
306 48
273 256
239 431
35 432
94 295
306 26
289 344
393 46
373 220
266 29
390 285
430 336
255 23
178 178
253 274
323 259
202 168
100 376
195 423
30 311
113 429
178 79
103 196
239 217
116 276
255 138
339 253
134 64
388 423
210 167
79 202
163 160
343 125
320 299
291 134
245 247
217 386
253 416
272 147
381 248
185 29
277 307
287 349
246 85
416 5
429 327
77 432
274 329
222 39
193 189
91 321
307 345
7 305
108 334
327 286
142 136
165 404
252 316
332 344
293 17
214 206
107 404
298 198
332 90
248 361
327 230
104 409
154 369
272 257
195 54
370 74
66 394
329 23
419 189
17 419
355 15
135 302
139 129
70 127
228 303
198 35
403 402
19 20
158 359
344 353
201 298
30 160
361 47
191 48
247 93
180 237
189 212
230 381
247 1
303 408
79 142
252 340
427 66
130 232
396 235
432 109
80 121
161 438
405 1
86 291
334 361
