440
5808
422 403
223 410
165 273
257 158
137 423
384 243
138 62
147 86
149 164
322 20
208 222
260 111
56 403
87 416
177 350
12 55
146 401
188 258
139 59
381 276
74 284
385 311
118 89
77 335
263 377
135 57
150 323
74 95
86 19
16 265
252 245
66 244
440 392
369 272
228 229
262 73
56 365
28 4
122 279
89 220
96 203
234 385
418 311
264 411
32 213
401 133
409 426
171 139
24 37
172 54
406 34
319 436
87 275
24 53
90 415
181 32
344 72
97 313
357 360
87 105
146 204
319 96
154 230
209 282
322 47
195 342
343 271
154 89
102 302
228 117
262 188
380 204
46 126
195 440
127 325
196 137
20 400
406 425
35 245
360 313
330 233
236 374
284 192
229 414
262 140
415 356
214 70
235 345
414 411
298 409
270 204
393 243
7 288
124 177
238 240
292 328
386 280
411 377
42 106
255 326
211 212
57 387
139 303
392 322
308 45
243 107
407 409
160 95
100 242
311 173
316 193
411 274
384 431
238 305
244 251
291 67
328 259
262 299
131 305
369 3
282 138
436 176
24 308
372 432
422 218
388 77
284 93
319 221
1 250
143 284
79 260
329 108
202 262
7 183
415 215
321 419
364 386
323 181
237 65
296 65
372 82
31 299
32 77
379 10
72 329
334 8
83 155
19 254
343 405
433 157
427 244
429 306
348 78
29 76
132 37
399 254
291 142
343 212
222 139
156 228
214 125
219 183
420 93
330 25
258 10
166 264
381 200
343 29
307 289
213 120
208 91
58 20
130 65
369 312
34 103
168 50
216 158
360 273
260 75
37 194
14 170
242 334
388 404
216 207
133 189
158 53
104 75
343 377
199 411
200 288
72 138
299 287
108 348
185 269
344 413
135 352
383 303
196 314
10 33
370 286
49 326
127 295
403 329
46 281
62 178
392 159
344 365
382 24
431 382
276 157
340 101
375 132
357 430
6 126
186 240
293 258
337 321
372 20
422 130
123 388
186 81
399 241
151 312
378 107
437 411
61 272
11 186
428 47
350 57
51 307
9 288
139 100
240 40
404 101
253 29
325 339
256 248
230 108
147 121
89 391
431 277
247 323
122 431
294 242
9 72
312 38
165 386
2 361
261 163
379 299
5 429
223 115
296 365
226 11
372 61
189 77
48 215
25 53
289 76
322 112
143 387
165 217
158 29
24 261
243 302
268 35
349 238
339 73
148 151
423 49
310 137
434 20
199 249
122 328
320 151
60 297
148 240
321 41
212 377
421 15
414 277
81 399
143 437
232 318
262 51
348 172
366 79
138 38
339 46
427 290
76 38
85 346
376 123
194 105
20 108
190 75
229 268
426 69
40 34
48 224
266 434
93 33
191 390
419 374
158 208
368 312
211 368
169 5
48 255
336 72
420 154
80 163
413 409
85 347
255 238
122 88
139 150
285 121
341 423
155 393
314 48
389 213
314 296
182 230
277 196
195 69
365 199
56 72
26 220
379 315
308 212
70 160
15 196
243 429
104 392
365 45
370 416
9 298
440 81
31 56
77 363
291 98
108 117
352 140
293 204
148 272
250 11
381 126
317 160
405 107
225 395
49 330
351 425
236 57
192 62
74 161
10 356
20 437
16 347
80 198
151 86
179 93
427 23
412 170
377 327
246 135
350 351
420 313
144 88
422 226
273 219
347 367
301 283
295 171
146 59
274 90
370 81
153 274
125 223
172 142
334 363
426 331
116 261
85 138
113 90
238 5
129 25
293 431
280 65
33 174
257 385
363 194
25 332
346 132
282 52
149 22
50 184
83 112
79 142
169 93
239 24
379 124
280 30
126 114
15 88
164 222
289 409
14 50
145 116
341 330
354 143
434 350
232 32
301 342
56 336
319 225
95 218
389 164
220 323
265 349
359 350
409 331
333 374
101 356
230 88
209 430
403 59
97 371
254 307
143 369
96 437
99 54
417 67
323 375
99 346
7 428
366 243
317 368
93 383
237 381
270 227
208 178
410 221
433 355
200 409
42 392
86 312
51 175
165 5
397 228
302 439
407 181
396 345
68 163
252 236
383 301
268 193
150 206
343 130
75 377
232 427
394 221
315 291
396 80
276 380
407 163
284 306
322 433
365 350
394 271
191 62
182 335
296 248
257 134
141 131
70 71
275 190
331 4
301 294
9 287
25 130
17 78
47 234
113 411
11 330
130 173
48 122
340 163
310 301
58 115
271 126
182 6
433 258
422 332
298 439
36 240
4 371
148 29
181 299
342 250
226 17
391 207
85 246
35 8
404 100
238 295
188 283
403 230
321 249
324 127
17 383
255 252
432 323
322 353
4 320
428 214
366 253
299 282
399 86
237 209
310 149
116 174
424 346
19 382
196 82
65 428
388 177
34 434
360 141
410 132
19 275
25 31
276 27
370 227
433 407
122 33
68 370
275 35
406 89
138 46
297 48
260 394
438 155
101 346
196 229
282 400
429 142
227 72
276 32
175 337
300 36
79 11
214 276
289 145
64 434
81 313
288 4
28 281
346 14
180 364
87 353
175 416
176 336
150 314
51 62
39 5
280 11
311 171
231 86
50 170
1 2
374 406
14 226
230 188
143 262
389 205
258 165
59 33
2 34
294 112
272 314
165 191
380 9
305 353
119 435
434 159
417 230
35 113
278 396
48 348
64 412
58 327
184 142
332 246
389 35
212 280
411 390
92 282
43 255
284 357
420 242
255 388
253 219
130 113
286 159
237 212
223 81
170 33
232 434
194 197
438 116
22 153
346 270
68 162
429 64
290 237
233 281
87 414
190 415
163 440
371 419
125 82
175 194
93 303
361 161
261 402
420 124
260 437
206 248
13 354
337 91
311 386
122 88
269 362
425 200
92 182
292 371
119 326
222 254
151 59
365 285
302 216
430 87
9 116
301 125
78 16
391 82
213 90
88 358
357 40
325 181
282 275
41 183
165 179
49 194
254 189
81 57
40 377
117 29
269 353
280 337
183 287
228 230
435 336
98 398
151 243
278 61
244 41
327 343
182 279
379 37
60 289
99 225
95 435
245 226
118 153
281 22
406 327
245 433
392 438
124 65
184 245
177 82
420 80
93 428
308 252
423 78
311 376
166 151
32 47
116 157
394 83
249 112
150 67
369 418
79 74
361 416
14 19
428 216
260 436
126 377
162 66
69 430
387 112
299 286
278 249
66 399
358 107
298 397
132 272
283 65
326 251
235 152
156 205
266 90
147 237
341 235
373 268
377 316
112 95
335 232
279 322
387 112
324 336
438 305
241 368
271 312
122 67
436 103
61 257
139 248
277 285
340 344
107 317
399 110
364 50
409 279
309 260
394 377
108 135
204 63
202 68
324 117
193 416
98 96
196 357
168 246
407 48
323 241
92 39
94 429
218 1
121 309
302 335
220 18
144 254
112 33
72 312
201 380
237 42
51 246
318 141
159 263
134 106
31 296
175 316
308 10
34 71
300 204
364 261
273 169
15 299
1 78
286 308
38 108
384 375
92 47
143 385
47 82
428 101
251 378
273 268
114 239
418 242
295 109
266 410
391 330
411 305
297 376
264 391
150 398
423 325
440 104
144 53
279 162
50 391
199 121
316 376
332 112
112 304
408 176
356 49
384 40
398 8
59 349
207 135
399 170
46 82
273 207
319 19
105 46
223 7
159 196
181 179
220 167
11 167
109 190
378 410
356 39
391 379
38 231
182 363
198 273
117 326
316 295
363 131
32 167
9 411
221 145
219 20
421 210
385 114
339 82
284 84
322 415
20 422
284 134
47 427
67 417
235 50
208 343
296 155
408 142
40 326
36 44
98 24
161 28
328 368
271 352
37 429
124 263
9 417
7 391
287 243
413 314
430 9
235 299
56 85
343 414
158 18
7 208
281 328
13 423
407 75
375 362
133 292
211 344
413 431
342 304
387 269
440 53
301 20
414 153
57 115
232 16
335 220
152 102
264 346
188 225
106 74
240 321
316 301
434 224
258 245
18 1
415 392
142 136
407 188
80 155
172 361
113 99
387 250
107 79
84 281
309 132
59 110
324 211
70 108
105 295
91 302
202 169
288 402
98 152
53 84
433 151
34 114
106 23
239 261
250 199
275 225
377 249
375 133
252 407
410 211
353 298
366 191
180 369
315 30
338 71
330 79
229 200
294 76
1 347
82 284
314 291
382 220
273 39
136 117
362 277
328 26
41 440
202 179
388 11
128 278
287 61
425 311
240 219
295 131
181 21
238 325
194 151
263 386
395 408
104 319
184 350
227 426
195 139
164 341
187 419
68 47
53 10
320 72
342 239
189 329
381 24
59 307
239 291
269 73
435 254
109 16
118 12
62 1
220 255
146 158
139 14
223 306
243 391
277 209
436 16
366 346
382 369
71 244
348 51
198 279
410 49
267 255
340 230
406 128
388 74
353 58
351 139
118 7
288 209
296 356
214 406
386 365
355 177
357 195
75 30
205 376
112 401
339 60
57 196
350 77
127 368
38 307
240 403
299 405
368 71
385 316
260 165
87 101
5 10
345 121
234 206
270 101
267 120
287 312
84 334
5 216
208 29
403 343
435 213
159 389
193 439
249 204
240 301
292 412
309 372
39 177
249 19
369 431
64 165
50 213
297 358
35 437
274 387
403 373
287 311
158 116
185 407
43 328
306 124
7 213
27 376
273 365
101 207
354 212
346 108
389 10
134 336
188 152
240 359
145 80
102 259
275 10
274 423
437 232
205 189
17 341
273 427
439 388
435 24
362 194
197 366
12 140
11 382
424 283
102 376
435 27
204 235
358 112
228 19
155 59
235 52
75 42
408 191
96 356
50 423
187 44
329 142
372 252
215 172
93 381
335 74
78 408
330 182
286 388
39 326
66 195
63 69
25 122
56 161
274 19
331 116
60 207
331 298
1 320
271 43
182 128
73 188
82 84
23 194
296 356
309 168
119 143
236 37
19 118
122 329
55 141
438 341
199 421
378 88
415 428
432 127
272 75
399 3
385 378
401 148
149 266
164 37
371 176
66 314
31 187
435 332
356 177
207 162
89 417
280 259
333 137
149 63
139 168
19 193
281 13
224 144
301 321
76 24
307 288
413 160
369 147
304 169
199 13
116 107
194 204
366 401
98 11
101 180
22 121
281 123
298 228
366 57
138 97
345 152
165 371
34 415
11 139
435 382
30 9
71 117
85 390
324 57
354 80
349 88
69 321
322 113
193 329
43 146
368 308
282 41
118 127
44 240
292 268
237 259
212 141
248 51
39 319
68 398
25 425
91 276
208 104
25 253
37 44
85 224
131 52
383 104
401 282
150 318
264 91
332 78
299 302
228 100
67 76
153 294
101 90
205 150
278 69
296 42
88 2
82 113
119 67
174 368
346 283
129 291
21 418
89 294
322 245
293 362
389 244
268 119
174 42
13 415
298 289
440 375
232 373
81 343
201 207
75 114
182 95
176 428
345 130
345 407
211 386
311 44
391 315
15 351
235 157
58 286
105 374
8 198
162 331
312 343
163 407
63 387
272 264
396 419
70 86
376 327
143 187
79 133
140 53
73 301
436 325
101 41
123 422
36 105
314 270
191 367
110 298
135 224
235 244
416 184
397 27
189 254
308 12
423 302
266 188
154 399
361 48
368 196
255 386
114 332
336 113
439 416
50 316
250 344
246 159
245 363
380 58
23 206
352 374
434 294
87 170
300 148
206 79
54 230
27 348
111 240
69 175
193 375
84 99
418 232
270 214
238 203
174 393
401 292
214 29
200 340
18 201
99 309
367 22
181 406
114 53
437 382
315 299
418 327
321 135
233 128
320 346
23 159
91 371
220 23
19 35
23 75
437 374
196 299
372 259
356 57
157 63
149 206
20 362
155 15
50 70
398 251
50 171
28 229
50 180
438 116
25 392
68 221
32 360
15 204
425 288
378 327
418 1
174 346
319 355
404 124
438 200
278 158
409 88
187 93
159 167
419 52
381 5
311 396
38 363
432 337
57 139
131 332
292 317
255 191
355 218
228 106
33 279
367 36
7 53
408 176
233 439
227 214
168 227
426 349
245 78
332 148
407 44
79 71
16 399
387 104
260 198
346 49
252 110
259 439
419 387
332 54
97 144
262 249
161 260
100 133
47 391
301 18
41 141
189 351
268 245
152 4
199 116
304 230
154 125
36 363
224 379
61 197
353 413
112 327
193 364
249 293
425 43
245 265
87 167
353 270
395 267
288 26
40 399
386 117
313 231
411 178
400 11
259 27
138 357
232 415
115 298
83 54
293 268
430 436
380 153
271 300
33 203
179 118
34 181
68 65
186 6
40 422
408 319
255 127
151 192
148 27
371 276
214 147
420 253
51 44
275 295
378 337
21 265
78 223
200 349
360 272
132 49
203 298
227 87
331 18
309 383
273 177
256 65
79 247
410 221
161 160
270 117
144 408
33 225
211 412
384 241
391 372
56 83
398 172
22 292
353 439
56 434
124 324
135 362
148 393
398 266
245 35
334 161
287 282
70 46
416 378
218 94
169 7
422 58
171 228
263 197
340 78
429 21
226 284
279 31
276 14
10 389
213 401
243 146
326 184
123 310
360 89
67 71
63 57
179 217
332 243
353 239
7 73
41 192
351 281
50 16
273 224
3 205
132 29
264 26
395 77
253 371
176 342
368 252
215 121
121 381
301 10
194 99
135 250
91 193
132 342
119 374
208 30
428 334
346 391
261 55
235 98
121 130
135 377
291 30
339 130
163 428
259 105
125 367
78 320
108 358
423 227
53 277
70 121
228 318
68 291
28 294
202 303
290 16
107 359
163 64
367 108
311 114
124 401
221 161
9 138
347 60
256 426
340 284
423 336
190 21
125 161
53 207
341 90
220 85
43 18
78 12
149 197
41 390
409 51
344 85
172 400
267 241
318 136
180 11
74 167
184 19
39 178
98 34
327 410
38 130
395 435
388 109
107 305
230 440
143 64
227 262
113 250
344 264
362 366
168 82
336 182
432 27
434 30
170 301
75 80
19 69
174 72
82 406
216 218
248 325
391 295
307 221
156 7
362 201
251 229
290 34
193 66
178 247
111 7
391 215
383 401
185 341
116 90
15 95
258 426
229 373
64 213
291 362
113 163
377 432
118 387
289 289
152 233
375 52
348 69
258 230
286 135
298 335
42 397
336 160
368 260
282 107
200 100
83 25
154 199
354 305
141 50
149 214
13 54
317 61
79 237
385 194
440 88
131 242
316 202
103 161
418 149
338 48
41 295
231 219
300 266
5 31
9 230
95 279
40 123
396 281
86 186
387 238
12 375
258 317
134 295
388 281
315 394
205 265
275 194
219 152
337 86
141 156
181 151
133 82
110 260
427 85
206 221
42 338
369 242
141 230
130 175
107 410
31 28
266 112
428 286
189 28
331 402
310 206
6 436
318 245
261 160
261 407
188 346
203 226
216 367
215 234
7 154
220 329
241 98
368 149
131 237
181 272
12 128
207 420
99 289
369 388
184 220
232 275
394 276
195 111
120 173
265 362
67 397
10 95
213 148
301 42
112 423
228 426
291 326
222 256
210 391
425 390
225 203
428 45
73 38
103 136
117 48
419 206
54 163
408 428
208 398
289 374
205 1
74 284
144 89
86 374
80 13
380 412
293 401
320 16
66 73
401 421
137 243
257 203
55 328
90 143
372 24
426 43
41 293
256 228
21 92
154 195
182 278
365 3
396 81
136 79
47 369
81 129
123 239
101 158
299 234
90 409
311 171
162 68
156 218
147 258
307 84
108 412
335 167
59 56
47 392
312 291
309 372
359 179
422 376
151 97
8 361
15 23
99 388
245 178
391 204
60 195
46 140
206 76
116 32
4 310
376 221
202 223
76 405
431 291
282 218
140 70
431 136
397 93
118 437
14 76
367 264
79 343
255 425
219 49
428 409
10 182
425 387
256 269
337 420
315 77
125 429
68 190
399 377
358 416
101 333
137 433
97 128
348 228
174 310
343 34
328 107
310 357
19 431
146 320
53 383
218 143
199 310
326 115
73 372
331 238
128 265
156 16
228 168
237 296
395 83
169 276
226 112
353 395
291 224
193 322
338 217
326 190
129 133
267 230
90 372
291 247
106 13
81 238
218 267
136 247
156 410
257 187
83 321
321 409
210 43
133 392
225 398
107 15
93 243
29 369
130 243
50 177
204 77
304 232
230 148
307 350
298 276
139 149
215 261
117 54
327 270
68 120
285 288
387 306
73 292
380 62
197 104
112 125
265 30
273 259
347 41
301 328
58 166
158 386
373 33
212 221
67 68
430 351
126 71
218 352
120 65
329 111
340 378
289 300
323 179
192 350
433 436
383 47
29 427
397 154
236 277
84 92
149 206
86 320
235 226
180 123
303 174
209 380
251 162
12 237
42 394
387 307
256 41
111 56
79 113
155 165
212 4
28 386
64 132
130 262
145 6
360 189
239 353
130 143
349 123
225 399
348 120
287 59
118 277
296 108
14 61
96 296
101 257
331 93
20 54
308 289
227 95
201 179
276 49
368 66
401 61
396 314
283 294
278 130
316 227
259 230
107 239
269 318
99 300
361 439
144 130
264 157
231 188
198 402
340 284
384 112
266 155
440 346
349 262
385 377
393 169
335 209
312 149
319 225
125 332
350 153
387 81
312 307
287 82
413 188
126 140
155 5
250 130
352 87
224 236
156 171
14 396
271 309
377 365
106 231
6 87
183 259
97 98
318 237
347 379
246 351
437 157
7 217
308 216
94 129
401 398
359 346
86 334
376 281
269 359
402 302
290 90
121 379
132 178
214 250
194 348
306 391
362 138
369 400
73 436
27 6
87 197
296 245
356 126
384 11
412 390
61 356
158 386
391 364
258 270
145 246
315 271
278 343
40 356
47 120
128 103
76 276
155 71
232 86
409 92
244 424
400 361
439 319
431 5
333 260
81 209
197 185
124 398
258 294
353 57
386 64
188 214
431 348
320 179
99 410
267 27
419 63
395 42
214 438
151 274
289 333
117 198
115 165
150 333
323 75
24 267
379 339
71 152
166 340
395 376
139 333
223 288
169 196
5 209
4 192
66 418
378 149
314 438
311 429
33 181
72 106
30 188
434 358
115 154
147 141
275 295
131 360
151 15
120 1
141 381
184 104
320 334
245 356
50 301
281 298
10 418
292 379
88 216
321 382
234 153
375 210
432 279
310 267
45 246
285 91
205 249
432 375
120 179
177 225
363 352
428 72
347 281
92 41
133 357
133 74
27 240
51 5
409 332
406 190
138 348
349 148
161 82
78 218
156 141
128 32
247 193
341 263
168 307
13 220
320 369
74 347
276 215
238 191
264 203
375 9
340 361
84 200
305 3
396 80
179 427
90 41
223 375
342 438
399 250
209 326
6 326
53 425
362 188
352 86
234 156
328 4
251 362
54 121
216 320
256 294
230 241
123 282
82 60
357 150
282 175
226 77
433 7
90 324
112 155
272 437
175 170
379 175
45 53
92 159
307 53
96 60
344 268
217 14
347 26
209 221
59 421
104 259
224 390
366 130
241 108
255 402
344 282
408 35
333 87
109 293
380 6
116 263
65 233
282 146
118 275
143 285
254 319
152 371
211 223
430 88
105 200
378 384
106 313
113 415
348 206
98 35
168 172
335 395
356 45
294 43
399 379
196 293
60 430
197 358
45 158
293 214
413 423
426 208
142 264
389 71
224 191
7 294
126 415
130 141
187 271
268 353
439 113
291 273
348 417
75 45
100 379
294 347
109 371
265 254
311 231
369 271
28 115
239 87
69 414
175 6
379 25
404 154
125 7
86 22
153 228
113 371
153 329
404 188
83 400
351 352
94 416
279 354
213 26
297 351
273 350
304 150
152 356
301 200
43 176
412 41
411 306
196 43
163 258
167 134
163 350
346 102
215 377
272 256
275 180
374 171
147 256
228 233
285 158
14 18
124 137
137 413
315 149
130 276
43 121
71 277
124 68
215 168
373 228
35 212
34 318
382 168
29 1
20 86
37 424
184 263
165 240
76 159
392 159
257 190
148 413
51 103
39 70
211 305
327 123
237 82
116 148
217 23
242 144
94 38
238 399
247 285
249 349
356 91
97 408
309 110
153 41
60 80
45 226
283 106
391 140
337 206
196 198
429 344
339 262
177 420
159 329
128 193
93 191
53 36
184 329
32 333
185 125
203 128
182 206
285 335
102 94
99 86
421 242
291 183
173 278
171 117
126 393
38 220
39 3
308 21
399 262
183 318
191 96
106 275
346 242
42 179
143 183
19 203
56 434
185 312
244 269
233 357
381 226
345 31
162 72
241 132
350 23
399 216
162 150
311 306
272 114
195 202
423 53
74 298
360 389
359 386
98 36
386 158
68 189
39 249
233 286
100 19
18 397
438 364
334 326
383 305
391 264
46 126
24 347
374 15
84 297
75 6
187 377
98 55
231 352
21 234
199 436
261 416
143 374
357 164
192 425
335 375
195 379
87 137
361 113
174 281
438 43
148 416
333 307
292 246
60 200
296 413
69 278
59 23
284 221
51 270
283 33
51 163
212 356
380 348
118 61
374 316
252 139
236 172
377 199
244 145
193 123
417 2
328 160
131 223
339 303
306 107
160 262
402 330
298 45
111 414
223 244
333 280
321 164
384 221
171 22
433 208
379 218
363 183
227 435
95 223
243 329
67 423
44 274
370 425
417 294
277 167
50 67
294 155
180 294
66 403
232 350
75 30
310 144
289 320
349 317
205 395
26 416
213 218
278 149
242 276
79 46
201 312
220 194
37 103
279 276
155 439
378 202
27 116
171 28
182 401
380 236
214 282
433 267
58 125
63 319
315 327
440 353
431 156
97 397
352 78
322 231
401 286
384 156
202 341
103 270
62 290
180 45
245 41
416 182
432 405
91 253
9 390
359 288
185 76
326 371
406 328
94 167
378 431
184 251
405 249
77 137
120 207
23 115
433 229
149 403
69 16
394 182
207 136
8 259
182 116
317 135
245 342
369 44
39 325
295 279
118 128
109 278
327 306
85 71
292 354
160 135
21 75
186 435
392 139
420 325
355 365
264 205
366 54
401 160
259 257
143 16
418 145
342 49
242 262
232 302
91 411
213 395
148 404
327 285
415 367
56 126
57 244
129 93
178 144
391 293
290 388
90 120
146 201
405 196
134 190
190 63
337 436
254 226
209 4
138 330
400 426
345 130
262 98
226 207
140 199
230 125
378 302
86 205
65 187
327 345
99 403
261 223
317 88
304 316
416 193
373 178
94 61
351 411
437 227
81 18
272 328
340 176
386 34
50 372
204 332
323 338
253 306
300 389
210 262
180 239
432 136
19 366
307 27
76 164
57 82
270 344
345 405
157 90
162 419
101 53
161 178
5 158
203 238
281 255
354 346
164 173
36 330
216 296
22 384
342 419
93 107
6 215
258 351
242 273
24 38
429 323
433 285
224 76
253 81
44 134
430 95
324 396
67 296
313 95
308 47
139 397
419 323
176 148
46 425
184 26
345 216
288 207
331 187
347 218
124 165
350 62
198 211
240 26
270 323
219 100
185 5
153 320
154 383
126 172
30 440
351 85
151 256
277 324
292 185
173 190
396 29
360 87
126 263
277 62
201 177
102 202
102 283
49 412
123 55
381 246
145 370
134 305
340 226
83 431
114 407
61 62
258 263
256 309
144 223
283 241
71 289
426 361
400 160
219 3
362 272
239 409
332 127
76 77
113 108
383 287
13 169
27 288
425 417
291 396
42 339
115 367
182 57
253 153
367 215
262 2
68 420
120 137
57 237
78 432
89 316
329 239
209 13
335 117
410 428
189 45
56 345
332 132
330 210
47 407
401 115
319 222
175 97
400 23
227 354
59 280
156 88
286 432
84 18
106 91
315 255
75 261
147 375
408 71
108 234
430 23
313 385
389 287
407 420
175 87
376 326
260 408
17 257
261 77
136 243
421 139
209 103
254 203
243 219
215 17
82 321
288 269
10 381
139 33
251 245
48 162
231 402
359 322
413 343
420 396
256 41
68 429
212 159
254 65
321 360
403 200
323 175
92 353
59 269
263 376
361 113
278 316
149 149
97 170
334 14
78 356
39 272
30 383
301 336
413 24
151 213
349 220
44 278
157 362
218 132
175 156
361 230
79 122
24 180
293 53
288 34
15 37
66 112
83 439
288 184
255 423
371 121
126 432
277 396
91 48
112 181
189 432
111 431
359 212
371 81
427 433
269 108
406 13
89 35
373 202
47 7
294 226
198 296
47 88
102 159
289 306
50 194
56 437
360 183
13 12
378 334
336 211
52 383
47 87
78 59
193 224
377 325
360 405
31 45
148 342
29 16
197 159
424 261
242 218
157 142
338 161
196 255
375 344
264 393
341 336
198 292
19 386
35 309
110 61
223 142
182 75
185 202
199 336
422 127
94 437
265 167
65 189
105 118
125 440
15 61
60 404
284 360
404 353
126 34
255 225
178 434
409 429
176 123
15 379
438 437
304 83
421 262
212 425
125 374
381 57
305 386
119 189
162 74
314 308
136 291
19 199
398 172
436 159
125 294
190 125
381 355
132 302
56 343
433 42
197 297
193 341
300 352
16 162
235 77
121 373
124 360
177 232
355 358
268 187
245 222
113 349
299 85
371 370
54 353
101 78
138 306
298 98
28 64
213 13
220 38
303 412
210 360
45 321
398 114
129 215
320 301
337 256
87 396
423 309
94 219
403 111
383 153
359 26
200 403
129 419
209 15
149 251
189 383
62 334
391 93
321 399
327 75
195 222
297 151
30 384
265 360
85 229
410 226
338 16
68 159
113 311
342 260
53 114
175 436
150 64
125 118
213 379
35 110
118 402
79 420
154 158
24 288
140 185
70 169
278 222
229 394
419 143
90 13
349 132
155 398
72 145
144 49
42 29
401 356
178 38
249 72
377 89
79 197
108 240
189 16
392 69
323 224
285 162
12 323
206 183
25 43
171 281
270 132
92 81
274 102
379 275
231 73
83 98
212 284
401 304
330 300
355 277
408 207
7 148
414 21
337 351
369 387
174 294
321 410
58 234
69 120
2 406
391 233
438 26
45 304
195 204
190 400
243 386
12 220
102 266
6 18
106 210
8 243
212 407
315 418
247 308
54 137
212 239
272 194
337 403
120 156
128 266
84 102
437 15
329 34
43 158
394 157
103 348
433 379
6 228
108 329
20 383
96 339
254 184
117 183
423 104
286 232
182 100
174 75
331 126
120 314
425 312
387 162
17 373
390 350
304 216
358 217
187 194
425 379
266 250
220 183
436 362
263 310
316 331
290 86
427 2
163 332
22 124
105 142
354 425
323 334
39 361
131 207
393 156
427 156
229 252
34 334
265 12
360 110
380 243
338 192
256 275
396 433
364 278
30 81
103 166
120 171
437 204
64 298
59 353
208 88
200 440
191 214
163 206
352 65
189 407
88 99
17 78
257 50
383 176
211 128
218 244
236 227
365 223
261 403
235 334
32 108
108 128
275 296
397 320
64 284
140 244
118 136
273 101
64 8
93 123
58 407
437 11
198 190
382 275
12 274
179 299
291 297
392 242
97 183
327 279
35 437
105 432
125 335
54 290
245 390
35 379
147 63
373 223
42 353
271 245
82 37
351 92
245 375
425 76
306 391
375 329
274 328
256 55
56 298
317 71
415 7
22 378
386 143
422 192
424 282
61 165
317 78
435 336
44 97
291 271
315 92
356 284
150 424
123 88
37 39
347 403
163 299
376 232
236 177
324 258
251 176
277 30
60 199
326 279
438 155
74 284
129 203
42 391
37 156
300 302
333 56
334 26
141 31
203 197
150 149
395 185
95 50
341 22
268 316
178 389
92 81
400 413
62 240
195 422
28 218
380 417
71 252
34 237
149 352
135 354
254 373
131 112
299 175
31 201
114 27
137 309
270 55
431 430
146 139
409 429
272 73
299 323
275 254
430 193
397 79
219 197
419 309
223 249
327 195
367 52
109 282
187 117
215 169
371 214
380 215
292 108
390 237
102 49
44 283
302 281
260 228
4 397
287 428
209 413
209 39
413 199
258 362
282 368
83 414
381 190
398 115
246 284
400 135
244 85
89 396
399 48
365 70
262 49
335 190
288 115
420 196
392 234
412 261
333 408
379 146
260 77
350 106
6 354
298 298
337 300
228 438
270 319
207 393
242 75
14 268
179 130
189 2
133 237
415 1
227 75
116 263
272 164
149 440
15 401
60 375
286 418
9 36
71 304
211 189
274 65
240 72
347 394
66 261
157 202
222 387
273 429
29 437
128 204
17 67
109 255
425 148
21 122
435 250
219 123
16 250
72 9
434 104
333 187
133 64
11 422
278 64
347 410
9 335
415 191
63 381
196 295
215 313
10 150
228 116
271 76
244 288
349 413
254 204
72 39
259 428
120 337
341 123
143 368
375 336
281 93
179 401
390 419
71 407
312 258
20 113
147 241
377 239
428 291
71 379
399 271
43 350
72 39
28 288
225 36
185 385
198 170
314 437
53 271
205 61
415 292
90 182
166 221
315 49
341 237
186 36
92 390
283 169
344 12
286 126
237 355
303 92
395 18
302 158
105 153
351 185
241 340
418 87
133 131
160 323
213 410
151 360
342 419
41 364
353 355
343 51
142 48
290 278
68 322
237 284
137 310
269 167
30 154
419 415
276 162
298 3
101 198
268 198
422 82
174 429
118 308
139 4
98 222
56 115
178 355
361 93
230 25
399 72
317 42
422 52
167 31
201 26
345 255
15 153
201 351
266 429
414 317
47 56
414 27
289 109
290 262
168 108
209 191
99 263
302 327
34 381
337 300
34 245
145 76
332 149
428 14
435 128
153 426
181 274
383 152
404 372
18 279
178 430
250 123
327 99
54 345
312 439
4 145
184 286
407 240
150 8
200 110
263 112
159 230
32 61
386 161
438 309
299 120
225 137
176 401
307 311
378 121
194 425
67 325
427 243
253 18
239 38
53 312
432 160
97 33
321 86
103 56
390 2
78 183
2 372
235 27
112 421
400 244
204 106
294 120
339 169
175 185
25 157
60 286
393 146
114 312
177 410
154 60
284 272
217 51
191 122
376 340
379 421
345 215
223 63
131 4
78 69
149 362
225 269
22 58
435 300
234 226
382 98
116 358
389 329
249 185
406 357
96 345
306 155
29 422
72 119
42 38
396 56
233 188
228 374
1 392
394 54
374 234
289 321
253 279
7 357
98 48
402 401
61 434
148 233
199 236
352 76
129 159
417 17
191 291
405 141
8 25
179 70
435 159
278 11
375 57
159 360
352 89
377 133
213 11
296 364
289 150
206 188
99 231
201 200
290 108
239 46
105 120
94 288
293 338
237 72
92 197
394 320
157 213
396 164
398 380
321 364
15 306
22 281
101 304
267 368
249 396
89 248
99 111
340 172
45 323
424 284
380 358
203 258
4 240
226 295
390 184
36 336
294 318
353 285
221 358
410 293
107 320
112 387
40 439
100 285
193 339
369 20
85 292
331 254
141 21
440 32
114 112
37 310
399 263
398 118
368 11
272 210
155 210
28 403
426 224
210 55
435 238
305 175
391 304
369 424
62 389
9 7
190 299
145 128
181 149
54 405
345 144
420 20
34 88
366 345
194 412
246 182
431 38
269 88
38 245
248 105
422 275
318 269
172 342
200 230
147 109
175 210
421 355
407 115
20 413
336 11
286 134
218 3
324 424
35 163
431 383
196 294
170 69
72 336
234 186
310 44
164 417
105 390
140 301
28 8
16 18
382 194
430 5
167 422
106 232
342 369
182 331
436 145
194 190
256 203
194 276
101 148
163 438
244 226
276 160
292 337
31 147
108 295
8 214
397 84
279 283
85 378
253 257
384 334
103 216
270 8
229 406
181 431
377 194
16 421
413 199
111 155
123 61
406 440
94 254
155 275
159 252
36 265
349 263
127 282
273 147
244 1
195 97
25 390
215 267
81 303
319 19
186 396
277 154
269 379
396 398
265 380
255 182
261 260
12 197
69 207
171 417
219 289
93 21
145 307
17 7
435 150
298 413
105 430
163 181
286 22
74 12
26 419
394 335
393 335
282 2
349 439
221 352
301 352
319 197
379 351
69 208
285 264
256 373
287 216
120 109
185 403
319 58
103 366
375 197
167 385
372 25
192 196
182 158
103 76
379 376
79 149
24 111
174 33
115 304
397 282
103 142
342 154
396 190
108 57
136 141
98 381
133 61
383 30
340 394
208 427
131 380
116 19
206 327
42 138
21 74
163 167
17 111
20 203
39 302
167 28
108 213
339 271
60 130
141 262
329 63
162 359
126 33
379 190
68 176
386 119
270 362
198 75
23 292
212 379
359 334
265 322
78 425
285 295
331 407
233 69
145 232
125 27
67 133
49 193
51 202
24 1
435 20
247 142
324 261
192 363
305 54
272 34
130 40
254 374
265 134
126 303
225 350
263 421
324 141
402 22
308 267
104 331
4 49
399 417
87 80
280 420
204 220
240 2
36 260
404 180
195 320
152 88
110 364
222 2
263 399
15 174
47 46
375 342
141 359
249 117
44 94
148 174
404 368
33 181
319 377
406 1
432 57
206 59
364 96
355 418
337 283
95 437
160 236
241 359
282 397
216 419
374 427
30 258
146 279
227 420
113 216
20 239
254 309
139 189
353 258
411 276
323 80
286 66
30 53
266 22
27 232
134 224
210 266
353 328
280 410
288 43
390 66
156 13
50 173
25 18
421 357
242 389
183 233
14 165
37 338
166 347
362 70
90 181
406 126
74 397
360 2
379 343
252 417
192 410
59 414
372 65
115 290
336 151
72 150
14 386
245 113
336 114
214 263
120 364
325 145
226 175
439 325
45 432
333 337
341 424
276 403
312 178
280 37
419 398
53 317
169 77
295 272
199 165
317 88
47 156
431 283
398 252
233 231
83 168
68 221
395 417
233 314
55 346
181 119
425 139
295 340
409 80
370 355
145 83
167 150
291 437
207 418
312 68
431 272
362 330
38 144
16 322
349 90
387 259
138 149
163 292
276 207
238 364
248 114
297 342
75 264
75 183
300 144
368 45
375 33
106 54
222 98
331 342
146 58
267 247
397 266
205 91
423 135
29 23
40 70
27 263
422 50
316 29
362 197
33 102
419 45
321 258
261 269
146 89
403 42
290 327
60 416
333 183
435 142
13 373
253 194
253 430
105 159
58 117
346 79
207 336
436 65
23 60
132 349
362 14
171 154
171 360
33 211
364 282
252 87
355 367
59 232
87 437
357 227
118 78
385 49
177 161
104 44
166 226
268 82
394 12
310 211
108 326
187 148
370 407
245 54
423 20
181 375
293 100
340 264
236 426
352 224
158 425
87 36
121 348
157 186
365 346
22 15
131 39
132 344
36 35
74 437
23 158
413 124
261 99
128 349
334 344
148 100
380 317
132 122
189 106
148 26
395 372
264 83
329 79
20 254
383 237
39 390
128 253
96 220
65 385
282 324
271 352
28 142
419 216
278 2
3 195
62 152
210 39
337 181
292 396
277 79
21 389
315 94
265 23
170 87
193 373
16 337
413 68
352 64
299 295
295 439
134 135
408 158
272 277
294 141
110 26
226 183
47 214
256 128
304 149
274 391
417 65
35 102
70 263
40 362
429 370
140 360
167 372
76 289
270 302
202 42
427 31
105 134
205 324
205 214
365 388
191 296
49 167
151 93
127 439
263 124
154 397
153 64
18 203
212 22
180 147
346 406
223 436
302 311
156 436
71 160
266 44
270 109
86 264
362 27
39 217
89 99
141 438
63 120
202 74
251 283
140 72
393 153
315 317
226 421
199 2
85 98
229 416
228 152
223 59
411 73
375 26
433 116
430 342
278 53
198 131
17 19
52 285
17 382
286 307
285 65
288 222
17 346
159 379
98 3
88 281
374 225
186 100
208 150
362 261
374 402
19 89
440 258
345 21
110 390
82 115
8 297
311 113
223 132
147 31
8 67
225 19
115 303
386 163
92 123
7 203
416 294
223 311
240 22
115 177
281 288
12 222
268 125
101 30
128 49
249 142
89 320
265 377
133 322
45 327
278 163
387 311
31 228
236 27
291 193
223 120
56 165
329 99
295 367
165 123
380 239
153 228
257 83
179 322
278 81
1 286
360 403
39 340
283 156
55 315
371 290
329 417
43 213
405 166
276 386
36 54
334 295
348 64
311 122
326 348
188 382
17 12
293 214
68 159
114 35
20 135
376 247
435 226
218 312
349 42
221 330
83 391
187 405
39 107
218 356
439 76
104 126
341 27
352 190
240 419
118 268
183 106
392 23
230 403
169 34
109 356
63 358
122 97
422 430
105 283
282 399
378 394
290 150
223 149
135 246
104 392
228 416
36 19
339 298
184 127
90 7
341 309
440 235
193 320
307 153
365 364
178 270
386 239
342 293
50 94
353 20
207 123
433 88
161 180
417 235
408 112
196 232
10 201
330 183
220 358
332 232
308 181
343 419
31 383
323 348
204 193
36 157
99 275
109 255
342 380
322 97
104 297
316 435
385 52
6 396
220 35
48 112
128 233
258 238
348 217
213 123
67 19
210 180
153 277
41 6
142 54
188 58
45 231
280 202
105 208
76 278
272 171
87 260
400 331
18 153
209 294
20 76
54 357
341 358
202 262
305 133
188 375
34 48
173 89
252 80
313 184
410 351
201 295
301 165
259 249
290 130
150 350
325 52
408 161
341 293
369 232
403 388
116 301
249 190
309 313
304 33
72 126
131 11
128 304
255 343
259 353
62 50
76 360
215 326
322 399
225 266
305 218
427 399
23 154
199 438
86 420
405 170
38 201
437 124
382 285
349 195
217 170
260 236
25 168
235 82
399 78
240 17
27 86
238 243
163 162
340 1
134 331
44 267
380 221
15 175
30 15
325 288
209 18
61 437
345 187
211 302
120 319
164 270
61 233
220 58
386 240
346 352
115 268
304 263
61 367
371 61
277 256
419 319
276 7
325 145
412 273
143 272
43 238
68 283
288 104
373 434
246 236
197 124
190 301
438 3
197 427
93 345
392 41
194 301
432 258
12 213
294 21
177 390
164 416
33 142
335 160
291 189
343 236
200 365
179 385
167 231
346 340
286 400
106 309
249 30
109 52
378 201
272 125
89 332
249 85
30 392
24 50
78 351
392 115
281 17
226 380
187 413
212 239
160 267
227 260
147 208
326 332
305 421
250 13
292 332
314 220
321 335
112 219
137 233
374 198
39 44
338 399
371 115
351 287
189 341
99 150
302 185
300 339
388 393
200 185
137 323
2 125
41 141
151 274
353 116
16 22
90 106
357 211
78 60
218 402
274 236
425 97
133 439
157 199
117 239
305 56
217 166
388 111
357 384
338 128
373 105
337 291
243 132
352 70
33 230
7 414
248 72
427 326
223 357
269 406
66 48
210 328
173 353
217 328
180 127
30 70
207 408
21 191
229 71
118 408
246 219
173 187
242 171
217 144
287 178
63 13
294 195
346 154
77 238
115 23
200 40
163 399
173 320
389 143
109 276
91 9
211 36
390 337
357 279
302 261
330 287
220 55
15 283
222 281
249 311
294 321
22 37
129 400
164 341
82 149
378 369
50 147
213 96
346 84
56 127
227 280
353 144
433 251
382 142
183 401
190 207
33 223
74 72
79 412
167 157
165 371
178 414
342 334
372 138
319 92
2 42
246 24
282 333
108 360
201 394
301 76
218 427
135 6
309 360
176 190
139 364
137 332
165 437
257 211
108 348
170 6
354 184
198 325
26 30
225 189
325 287
224 230
41 15
147 347
258 268
375 3
268 428
96 174
145 340
256 279
271 126
345 392
91 90
407 158
216 358
195 32
32 272
287 436
9 318
286 2
304 12
156 193
307 340
206 432
104 37
22 9
429 182
41 51
350 415
241 268
233 359
29 101
279 238
230 150
191 144
67 77
197 136
58 1
86 142
217 11
299 75
357 270
81 39
155 393
243 78
316 167
96 162
53 345
24 230
264 354
8 359
177 208
271 408
162 92
50 407
371 302
182 107
30 378
229 27
387 269
283 51
321 396
69 110
221 200
246 341
353 190
390 289
2 383
106 173
284 320
421 125
305 308
253 124
134 414
36 9
294 280
71 409
225 133
190 265
26 278
302 386
382 164
289 393
139 316
129 163
62 221
250 14
131 317
169 340
130 256
150 293
102 17
82 114
393 364
294 339
85 425
409 373
209 273
89 310
215 407
348 38
283 140
418 132
274 345
35 156
59 183
288 168
397 31
173 300
248 396
379 146
326 58
427 296
298 286
25 271
55 210
337 355
118 84
81 412
122 373
331 129
437 49
249 285
288 17
178 164
158 187
165 427
415 123
99 391
411 26
331 215
148 104
439 134
51 362
28 66
91 121
400 32
218 1
303 342
198 91
142 352
180 286
367 380
163 428
212 209
217 310
371 224
172 439
3 90
71 326
225 246
299 186
75 426
96 438
189 335
245 328
60 371
44 171
12 60
299 271
372 310
3 280
306 245
131 17
357 155
427 347
400 110
75 417
437 221
275 175
60 11
96 406
84 108
350 305
276 329
160 431
339 425
355 52
388 409
238 121
41 235
143 437
252 167
290 321
87 392
69 300
339 174
232 35
36 162
38 120
308 131
186 156
385 145
195 31
112 327
379 114
3 254
45 298
338 168
124 433
315 38
228 268
37 422
51 293
220 378
80 54
282 269
236 156
11 154
195 68
254 162
48 12
133 250
228 266
340 66
403 312
364 7
367 317
386 293
175 271
186 238
130 61
401 132
10 219
412 382
31 224
436 333
126 269
375 402
290 167
212 3
326 13
352 151
185 371
331 216
234 283
161 434
220 389
228 316
280 424
243 221
397 14
425 188
91 253
292 426
334 16
350 48
304 186
30 282
258 249
311 384
73 370
81 92
162 183
366 252
265 162
276 217
384 161
382 324
403 335
394 419
435 409
132 324
13 92
62 193
144 198
22 267
236 253
92 28
185 341
291 107
295 409
355 405
140 162
180 101
153 125
153 174
215 252
179 256
259 116
394 281
39 440
295 39
191 332
66 80
345 184
269 82
394 136
342 132
419 199
32 53
217 86
352 407
346 115
280 104
77 10
163 1
286 231
135 398
383 59
36 181
410 249
298 64
208 114
126 46
5 26
204 320
104 5
203 72
398 119
128 57
268 384
241 87
49 396
372 88
343 126
200 19
171 299
27 316
171 186
52 81
213 162
283 141
251 331
323 291
219 230
375 239
279 299
349 148
431 360
417 121
349 397
345 36
130 120
103 273
26 79
317 386
192 175
353 120
54 410
107 9
330 155
178 53
62 59
111 38
60 156
290 393
318 406
49 246
383 336
28 370
58 322
231 253
252 9
309 172
340 426
67 159
350 206
260 32
11 264
36 17
263 394
336 296
339 344
196 87
332 98
161 139
133 168
152 224
15 321
290 159
288 75
310 255
368 370
10 177
95 362
410 435
183 157
217 74
317 119
235 115
435 19
336 254
64 81
225 46
27 71
212 243
232 291
156 65
427 296
429 302
295 38
314 220
371 376
28 221
316 428
105 417
312 180
297 34
227 337
174 208
435 343
33 196
192 277
132 178
135 131
355 399
322 221
55 92
44 409
357 170
43 23
36 93
392 360
79 141
252 3
252 219
238 359
426 168
144 45
12 394
178 64
89 27
127 107
237 317
166 377
314 199
308 125
398 383
136 375
18 116
47 309
415 117
270 15
327 345
210 357
331 232
311 220
148 9
394 396
86 59
220 63
195 145
401 288
65 23
44 398
183 235
218 440
327 301
320 83
235 1
191 153
328 178
23 139
294 118
348 356
92 359
152 246
185 270
181 400
181 335
152 199
202 117
284 169
77 146
293 243
399 256
148 418
102 42
370 218
4 248
364 46
43 440
362 435
279 337
212 368
43 143
250 356
96 99
218 114
155 210
246 235
149 82
350 155
287 176
275 413
343 95
137 11
370 126
136 45
214 256
363 402
320 23
292 327
428 393
227 5
185 324
403 226
61 429
130 181
141 27
390 422
340 125
224 1
86 49
382 348
192 148
286 236
238 221
372 207
100 19
393 258
139 28
31 74
177 72
179 417
176 334
355 34
49 103
124 150
141 108
230 202
280 325
123 400
238 311
341 103
384 226
417 358
224 267
349 255
264 390
242 157
99 310
178 260
169 25
49 147
199 430
324 325
178 249
403 255
258 373
306 75
156 157
255 118
77 244
399 67
416 385
37 144
142 106
14 8
12 130
300 409
338 71
119 412
79 355
316 376
68 235
71 181
49 414
131 387
231 251
80 403
437 71
74 363
221 72
12 200
143 319
61 375
375 332
293 346
414 34
128 405
214 419
119 231
288 143
108 22
289 249
149 359
107 347
409 383
334 210
255 364
173 289
2 70
152 185
166 312
213 169
46 417
135 1
233 89
287 194
239 379
99 196
129 279
75 209
432 58
114 121
41 42
199 323
162 142
42 150
395 191
188 238
349 249
258 411
415 101
391 4
290 353
16 249
65 251
433 364
122 343
365 287
359 208
187 195
235 232
62 368
273 282
221 10
427 339
248 177
139 418
233 298
385 24
39 437
93 283
38 316
392 315
348 195
355 107
434 288
289 192
22 408
70 174
159 427
431 7
287 340
156 107
183 1
160 174
228 121
266 196
354 365
267 289
341 387
364 225
385 346
392 427
400 61
91 21
314 126
319 75
258 288
234 324
53 130
116 184
351 126
174 332
332 253
314 63
400 135
165 61
42 170
225 191
49 94
321 291
3 377
334 209
5 336
60 307
225 438
359 346
38 321
129 219
272 346
314 349
372 116
399 431
205 244
113 406
299 328
87 151
321 423
80 396
183 25
83 366
389 306
299 157
95 417
337 349
119 362
120 95
14 5
206 174
116 60
363 204
55 206
287 116
300 203
198 374
356 423
44 208
267 192
10 433
135 79
67 40
22 232
28 342
18 326
358 294
121 319
245 84
225 47
291 310
146 6
359 330
37 181
93 63
72 431
285 237
226 312
9 17
236 154
170 414
248 149
69 406
62 38
301 197
397 155
77 278
439 189
263 249
90 226
146 403
54 349
230 29
182 210
248 125
216 105
401 42
230 171
139 402
421 415
367 340
187 435
243 194
364 120
108 393
166 239
81 99
107 11
402 37
337 196
56 231
360 385
117 12
249 110
240 387
377 368
113 244
132 27
257 142
356 216
406 70
367 111
158 14
362 419
375 158
300 422
386 381
242 68
139 189
96 279
7 367
123 114
161 162
433 288
409 437
259 87
169 434
132 437
87 229
110 403
361 178
349 422
269 5
101 159
174 183
195 270
120 228
201 214
232 203
332 4
5 392
238 238
138 276
388 401
65 401
172 165
121 188
238 325
23 390
103 262
279 17
173 102
267 258
245 15
431 366
354 31
143 7
439 325
352 228
72 97
156 218
19 174
305 213
255 348
416 252
46 143
289 241
151 154
438 178
27 287
330 65
44 41
391 209
204 91
207 189
379 66
353 44
59 369
2 242
438 162
253 92
150 274
73 197
259 198
4 5
3 294
268 89
255 304
101 422
49 234
423 401
369 301
164 239
252 71
6 321
408 424
232 282
75 438
99 59
217 224
47 199
235 235
346 280
129 21
79 196
415 105
137 15
291 61
190 294
302 151
226 409
180 405
103 181
112 282
416 372
31 161
241 203
402 391
193 152
399 424
61 432
366 268
408 391
100 104
9 252
62 94
178 186
362 338
417 165
402 194
398 126
141 342
335 181
326 329
306 173
180 346
86 257
82 324
134 104
366 99
114 8
141 262
186 201
116 260
411 245
56 118
164 135
406 151
396 135
415 69
342 173
333 321
289 113
18 222
438 279
359 413
233 238
294 108
281 19
283 380
308 34
126 12
436 256
62 100
10 284
121 13
94 76
216 387
404 270
309 66
413 137
307 89
133 330
368 413
41 262
188 391
132 355
9 285
103 184
321 370
51 93
30 11
214 60
361 250
58 392
189 299
55 204
273 163
33 313
46 242
382 415
336 299
309 342
417 214
329 212
219 71
359 194
51 204
114 249
246 157
77 87
363 224
219 136
349 237
272 423
188 292
16 372
430 245
50 263
245 406
17 283
122 298
422 406
282 232
213 131
357 82
220 111
410 70
136 197
392 288
118 139
274 330
19 387
435 117
428 361
174 33
356 189
315 295
35 395
414 281
15 396
283 170
284 160
346 248
137 221
122 160
285 394
389 240
188 416
383 113
259 401
115 77
375 133
336 112
52 46
89 284
153 59
27 222
261 35
75 14
436 146
388 368
49 115
216 50
392 309
9 80
191 143
326 299
312 419
346 327
354 237
19 38
386 358
1 181
341 354
229 261
185 149
367 207
268 180
156 386
93 155
309 101
225 57
338 216
360 171
164 7
231 117
354 219
171 46
102 168
13 430
64 204
95 24
403 403
145 235
103 149
338 266
244 348
190 18
436 48
24 267
126 288
251 356
435 86
104 48
413 249
365 231
322 191
56 355
62 35
323 413
154 8
1 343
213 35
332 354
363 18
146 383
375 341
437 67
300 279
155 174
70 159
80 110
174 79
414 169
189 195
6 343
243 390
384 294
75 172
283 105
30 39
71 150
275 74
50 335
418 362
119 294
440 404
241 338
408 160
103 208
90 209
142 439
61 248
297 175
149 43
187 379
157 375
415 429
55 50
17 325
51 88
257 203
274 317
339 137
17 240
68 307
163 71
232 223
373 237
150 39
271 321
426 239
290 251
419 394
315 125
230 248
185 258
431 1
118 292
26 53
201 292
297 96
420 173
2 101
256 55
46 271
230 201
318 433
226 297
331 53
367 233
313 269
201 368
243 1
191 285
339 156
202 105
66 259
206 98
374 243
123 316
185 246
200 355
370 281
193 411
64 343
221 317
31 270
229 235
348 72
26 254
289 79
359 247
213 154
271 88
402 32
218 290
382 200
363 128
283 293
369 49
286 185
4 174
275 387
103 142
301 68
431 181
293 264
431 176
186 76
183 422
172 222
397 394
134 238
207 336
300 345
131 429
99 376
364 42
154 271
24 361
298 221
352 381
263 384
181 164
256 372
331 200
106 43
440 222
365 108
119 169
294 135
12 163
193 266
123 398
249 205
22 195
106 48
91 11
351 165
361 182
132 93
350 76
262 139
118 121
376 205
402 159
431 186
336 327
59 371
207 46
250 115
32 34
416 371
98 10
237 342
225 46
353 343
47 78
96 111
352 274
230 323
361 419
31 320
3 276
127 203
20 282
126 379
206 29
365 295
155 17
184 369
225 75
346 320
377 96
184 190
241 115
63 321
280 182
363 409
160 171
279 97
179 176
24 129
348 278
160 282
293 389
419 195
351 396
358 360
324 274
34 65
79 188
41 118
99 270
341 150
373 111
99 18
80 151
284 35
53 149
166 136
129 230
242 131
403 163
52 184
285 42
242 168
214 29
309 129
1 169
216 118
193 370
403 392
63 325
87 31
362 303
271 87
192 202
93 203
344 330
316 417
340 381
98 217
239 91
409 207
353 322
154 252
395 408
167 24
65 301
160 165
321 373
135 215
154 406
199 434
411 6
52 275
75 345
294 378
299 421
101 283
417 394
93 24
300 418
284 207
20 328
183 244
382 46
165 180
315 310
70 310
358 182
80 250
51 209
27 63
179 327
323 324
228 155
342 376
430 122
138 411
67 405
299 72
219 48
183 52
30 94
297 232
81 289
436 411
235 313
195 31
88 181
184 142
260 37
401 17
284 57
438 160
51 335
133 193
68 3
438 37
386 102
53 329
154 56
58 388
199 129
247 37
18 287
94 138
183 78
371 79
80 273
126 27
278 95
199 124
201 318
3 297
195 308
79 298
353 334
193 351
338 298
141 201
423 334
295 207
186 315
359 16
286 1
218 390
93 401
416 331
35 315
124 246
223 160
189 377
334 94
86 205
199 63
360 426
250 272
290 122
272 104
426 251
11 66
411 224
278 156
302 48
214 291
409 254
321 74
438 9
321 7
112 152
102 169
211 296
97 79
172 136
13 112
207 421
73 114
153 57
70 153
386 145
235 127
234 121
123 64
361 7
403 427
415 377
380 36
251 139
380 280
197 373
405 313
430 408
319 292
92 334
11 342
47 228
229 235
106 123
143 208
392 372
365 76
346 204
