460
12696
13 20
59 83
460 338
81 217
230 408
245 125
402 100
355 348
154 136
47 185
170 330
267 289
140 224
124 447
126 51
18 367
304 358
188 259
330 336
397 456
112 19
436 442
384 177
30 50
357 266
276 344
436 23
240 115
308 104
19 43
347 410
96 162
59 154
356 279
373 274
333 17
82 43
352 460
187 27
129 406
226 389
229 448
157 72
243 23
334 341
139 236
28 151
450 91
176 209
290 322
396 274
420 135
264 449
195 35
156 352
24 167
315 386
420 453
85 14
47 149
258 384
126 28
414 246
355 9
50 219
294 220
40 278
270 346
240 149
217 173
329 229
232 71
328 300
2 417
175 256
86 321
457 145
364 202
250 419
385 55
406 80
381 44
455 139
90 31
451 408
339 376
114 422
355 12
13 232
36 312
306 326
447 45
375 178
447 264
217 268
19 210
269 134
232 435
98 389
412 361
452 402
361 295
351 253
364 173
266 287
87 289
255 153
142 87
152 153
365 260
99 20
67 249
343 201
314 38
457 256
129 344
257 33
438 26
336 186
138 219
94 267
424 170
436 422
123 446
419 66
171 132
460 278
187 7
71 388
252 220
10 34
51 126
13 308
349 247
4 377
357 225
429 319
351 329
154 159
33 18
367 373
13 394
227 110
190 208
292 66
388 69
71 107
331 288
407 168
377 406
335 407
70 431
400 266
236 441
304 325
427 346
249 368
371 115
176 269
292 418
270 129
221 203
93 255
155 48
421 381
320 189
351 281
204 152
204 299
70 212
62 255
404 163
266 213
372 128
61 275
190 400
40 448
437 67
257 151
278 46
339 186
397 362
90 3
20 407
33 58
189 244
427 235
423 75
258 336
430 427
114 4
207 420
12 447
338 230
139 247
116 32
21 52
429 114
375 457
308 283
317 326
121 370
434 161
396 384
55 434
136 259
404 133
386 209
150 241
444 121
172 406
350 382
256 43
332 239
132 46
123 422
273 119
413 366
101 167
263 355
123 11
150 54
340 252
344 232
412 155
391 378
73 412
276 421
129 400
436 172
371 361
273 234
267 401
371 216
8 96
45 446
244 398
119 216
436 108
352 234
171 296
53 305
233 80
47 441
157 95
219 93
349 207
369 204
310 146
142 226
85 306
152 400
376 397
115 265
83 244
338 366
219 49
43 413
311 240
48 306
38 326
96 432
166 303
335 233
86 391
82 394
24 79
458 155
250 457
368 227
163 72
318 3
271 193
243 138
453 419
194 232
72 301
185 1
258 382
149 221
348 288
233 167
307 60
14 293
74 70
31 174
137 237
81 179
90 120
48 182
126 244
5 395
441 400
89 415
338 8
385 377
29 238
403 71
231 398
284 268
29 198
166 76
68 156
270 261
106 384
253 257
407 349
182 268
307 73
144 167
3 200
334 402
460 53
255 223
51 299
289 48
333 437
43 452
150 372
194 162
295 192
269 108
85 100
444 263
25 2
374 118
101 454
234 8
446 391
38 43
331 293
326 330
83 59
363 61
8 421
260 156
375 144
67 454
292 131
174 299
127 196
87 99
227 1
83 259
282 187
102 428
38 128
339 7
5 2
23 264
356 98
145 92
123 367
321 46
364 51
412 242
213 290
52 270
253 224
8 138
413 87
259 47
266 358
354 100
299 190
58 140
347 4
258 165
296 79
418 441
334 170
24 402
380 245
273 368
215 44
63 245
44 436
314 10
247 337
105 399
374 61
454 211
402 281
225 63
350 353
226 193
96 336
169 199
132 89
212 19
142 44
229 214
358 85
346 437
151 1
335 6
351 402
410 105
430 187
195 198
365 117
103 244
305 378
250 240
332 270
317 312
185 417
153 229
331 161
31 329
140 251
419 384
87 230
366 386
88 287
139 316
344 240
415 108
105 134
78 115
400 310
242 282
135 275
243 212
37 305
290 21
448 426
389 141
45 8
168 175
331 60
393 203
444 51
148 228
30 211
19 130
316 209
130 366
311 90
72 347
429 302
101 246
383 171
151 401
168 217
112 403
227 179
351 434
140 205
424 350
120 440
322 141
243 275
52 95
250 248
221 459
357 374
330 10
107 196
348 215
289 452
150 439
72 249
218 23
19 108
376 124
225 209
395 43
38 3
217 425
105 89
234 139
233 239
162 238
204 307
296 426
71 397
238 277
40 290
291 316
408 8
238 60
212 237
58 372
434 62
59 451
108 109
262 83
427 363
43 168
76 261
198 69
405 395
301 49
312 78
416 274
16 154
447 290
424 183
129 278
43 353
159 135
50 394
440 246
98 113
218 42
209 420
226 399
388 320
442 311
319 310
125 63
278 65
319 173
220 350
379 281
186 270
386 195
102 361
448 238
74 66
235 103
456 309
96 254
216 279
231 103
118 333
320 72
200 196
379 376
19 322
181 367
11 274
406 306
232 410
84 385
171 338
148 319
110 145
350 321
338 309
361 310
160 374
35 62
402 329
126 385
115 222
304 367
274 232
440 382
326 369
45 50
414 234
169 358
269 298
209 395
126 5
150 372
418 336
414 222
30 332
189 160
188 187
456 350
138 420
23 429
337 316
82 378
433 394
207 410
268 279
9 50
374 307
216 316
348 333
305 430
296 230
241 207
412 89
321 20
439 153
88 212
54 386
109 300
365 440
80 375
188 147
441 187
167 399
254 149
258 127
142 443
182 224
182 168
162 147
25 105
415 169
344 406
213 278
63 348
218 118
336 429
312 460
391 135
192 315
257 425
11 181
105 293
351 160
168 181
280 3
417 415
51 295
248 388
267 398
86 18
447 158
190 2
206 377
401 143
51 341
47 177
254 365
211 434
258 157
314 234
153 92
430 94
449 305
352 372
83 217
156 447
5 435
68 214
147 131
383 273
260 406
201 78
175 281
344 288
64 18
274 302
368 270
110 158
305 356
412 223
226 247
42 248
347 199
330 161
308 48
383 211
315 346
48 197
435 65
368 47
180 49
98 60
409 342
314 342
413 325
154 102
204 258
268 321
449 105
404 270
19 256
192 278
325 390
400 294
195 274
62 247
217 332
126 192
205 371
117 132
137 250
140 48
242 292
331 39
315 70
14 69
392 398
331 226
173 355
46 122
206 199
143 330
400 459
150 285
426 184
379 138
165 79
264 331
365 231
121 50
422 200
353 70
385 351
450 11
130 417
417 199
253 236
296 384
62 203
410 53
211 248
68 252
82 302
321 420
437 323
413 54
145 261
108 148
305 361
44 333
30 66
410 386
288 4
140 285
246 378
17 265
448 248
169 360
346 418
319 333
360 140
143 307
361 459
380 439
396 41
443 59
6 205
425 28
441 417
86 237
322 443
125 436
86 273
265 380
173 88
28 42
156 329
448 359
338 52
424 431
170 143
97 231
141 171
58 235
284 374
181 131
379 28
139 398
42 85
231 5
384 386
244 344
76 231
172 435
7 80
347 436
196 330
222 172
178 435
3 429
173 169
412 67
280 247
460 315
373 119
258 454
253 163
158 451
3 265
358 53
184 399
408 360
84 91
242 212
184 13
396 436
168 209
264 91
387 318
148 92
295 281
100 107
8 120
280 200
415 361
172 76
367 234
392 334
415 373
247 344
96 449
140 426
157 178
149 163
76 91
189 327
404 420
235 42
401 166
455 442
113 193
184 421
378 385
417 422
40 362
347 308
223 30
102 188
415 21
273 384
52 451
54 334
72 262
94 84
8 390
74 86
48 133
348 323
433 63
189 414
232 419
193 251
343 137
335 117
209 10
360 68
35 304
121 205
143 432
54 190
116 352
107 198
430 132
356 405
242 223
84 194
143 217
40 363
128 110
260 103
424 245
350 309
331 360
102 424
320 287
411 364
114 224
66 128
73 295
70 349
67 13
194 109
122 190
273 436
196 147
201 24
381 53
206 398
139 157
319 292
102 367
430 234
440 25
375 426
336 385
96 103
157 258
235 255
349 80
167 234
112 347
126 301
76 453
121 265
240 94
444 129
399 116
251 415
363 41
328 422
267 83
384 124
178 29
55 296
26 86
286 184
389 425
354 201
141 453
361 172
22 106
128 148
145 201
35 406
354 343
159 365
422 2
293 361
47 442
350 455
17 37
84 394
317 456
9 247
37 304
231 177
109 260
112 451
238 429
111 421
444 115
458 58
167 13
148 395
321 381
202 298
455 192
68 282
76 107
12 323
393 228
290 79
366 344
153 193
171 323
360 206
276 304
438 322
358 94
246 363
230 199
456 85
70 104
253 420
164 196
219 297
373 439
433 392
283 28
314 297
301 82
425 193
218 56
72 214
338 103
359 319
75 449
231 261
260 150
347 191
267 275
62 412
262 421
416 93
95 101
38 457
306 244
294 259
57 107
250 238
228 230
195 451
280 371
418 308
357 82
158 194
442 172
219 350
441 262
387 190
226 104
6 84
108 413
342 210
306 21
160 118
117 433
335 73
11 93
196 345
134 198
150 334
441 135
295 183
178 247
119 34
196 23
437 377
311 438
51 345
282 91
34 53
288 26
368 167
321 438
346 27
99 53
341 381
280 95
304 334
142 401
335 404
400 317
260 124
274 20
421 209
223 219
378 152
445 345
214 138
175 132
303 363
365 304
343 294
181 299
451 457
82 77
447 387
179 1
162 360
80 382
351 381
418 23
67 274
233 419
334 7
89 4
435 376
60 227
87 116
45 312
277 255
144 436
363 402
259 262
312 408
299 365
67 77
291 212
61 330
286 304
230 274
217 331
323 146
191 216
187 288
30 23
283 307
117 157
199 194
36 202
459 100
92 61
13 219
318 323
136 77
93 232
312 244
230 132
239 259
408 137
313 144
173 197
356 24
75 332
230 79
132 405
389 129
33 339
128 165
56 369
97 104
187 189
403 426
121 393
212 37
34 388
99 259
312 168
71 113
69 260
157 54
204 277
59 49
242 234
166 171
38 366
257 50
31 202
384 338
271 137
244 210
394 379
248 185
255 48
287 124
79 349
398 278
349 437
129 150
445 198
451 263
264 386
268 413
245 348
74 390
99 176
123 281
299 21
208 28
255 363
333 347
11 217
279 210
355 414
80 55
35 117
141 267
425 86
262 455
407 98
382 391
11 304
144 183
448 119
211 144
334 53
31 242
34 126
158 29
426 33
214 246
287 80
322 18
177 368
236 209
161 192
148 290
250 398
339 346
342 267
58 297
138 93
309 279
121 406
332 421
310 436
367 93
416 310
267 430
263 166
31 102
214 167
342 138
184 334
349 387
391 241
90 113
267 31
295 312
65 134
419 309
234 3
326 389
275 123
65 98
448 43
43 234
276 388
164 341
167 55
169 344
308 341
147 106
47 73
212 358
338 409
302 411
392 265
423 381
26 455
366 202
66 102
90 6
108 59
366 443
410 126
349 317
7 189
229 372
344 326
446 408
400 26
443 395
209 414
365 95
237 239
121 338
89 102
430 118
356 144
175 151
386 305
418 421
50 156
240 171
228 397
101 43
217 139
94 189
353 288
323 261
191 163
72 386
189 262
337 331
362 273
246 433
130 399
416 408
51 396
452 208
364 367
358 285
84 184
180 55
122 32
172 170
140 219
131 134
456 157
384 252
26 119
3 369
368 138
96 187
430 405
155 214
241 386
180 279
49 119
53 239
414 42
227 283
379 367
17 39
36 447
284 189
355 225
14 336
279 32
346 384
270 181
134 426
241 52
359 171
360 341
194 339
185 219
245 448
91 313
42 272
280 75
190 121
364 185
369 312
86 11
245 167
116 70
323 91
369 33
281 246
282 147
63 133
285 30
314 414
122 20
12 405
186 413
28 411
63 365
99 68
173 149
190 211
161 251
269 300
447 199
376 324
21 140
159 453
345 393
239 427
17 175
4 236
341 203
145 59
358 52
139 318
348 144
336 252
445 433
250 104
209 165
108 18
219 82
179 85
243 139
192 241
215 429
72 225
333 43
152 147
127 288
113 219
57 383
78 409
60 337
54 35
220 165
124 40
408 459
444 112
375 282
349 20
267 292
161 279
406 183
243 257
297 413
422 131
422 37
409 353
91 313
158 264
147 210
389 404
282 405
156 193
212 290
454 95
399 458
106 325
298 180
128 155
23 448
85 236
405 409
411 449
203 142
109 199
168 379
166 234
352 107
185 357
458 316
61 342
121 84
437 67
43 131
278 394
32 105
336 193
277 187
301 36
132 233
146 370
136 242
3 98
128 404
169 349
397 75
373 260
246 173
439 195
87 326
376 307
111 319
74 414
95 428
324 126
429 213
88 6
94 329
349 31
134 224
236 230
392 271
51 432
432 250
61 350
19 165
180 38
143 15
308 425
434 107
434 42
459 114
70 88
21 308
284 198
344 419
151 79
345 114
122 59
346 129
458 86
148 19
285 304
450 414
344 218
167 146
229 287
366 424
68 423
445 233
236 276
229 410
325 269
198 186
288 426
71 204
381 424
449 72
196 362
420 312
129 37
113 412
336 279
56 420
181 121
367 29
438 326
138 247
235 131
394 50
273 437
125 430
321 198
162 266
152 373
351 243
417 12
127 197
71 120
401 380
308 14
424 210
240 250
219 287
93 222
110 142
166 285
56 443
137 36
71 399
36 147
364 337
460 307
382 189
146 360
187 292
255 387
29 256
54 387
51 424
142 420
294 380
352 364
105 434
233 307
222 368
175 33
59 42
128 40
119 205
291 67
410 397
183 111
244 390
261 118
262 324
330 376
43 158
201 82
338 247
203 154
228 280
97 277
256 42
280 423
179 138
357 143
88 239
57 274
10 437
237 271
111 151
141 53
163 133
113 459
289 370
56 335
49 280
187 27
33 95
3 235
263 227
345 101
415 435
170 413
241 1
82 255
117 293
307 278
11 397
82 174
429 17
87 169
55 87
243 249
345 14
212 191
153 27
143 50
177 38
17 459
52 428
243 265
298 1
414 428
424 63
343 74
284 402
197 433
59 25
321 321
88 323
364 356
76 35
20 214
455 299
216 1
335 235
106 133
137 69
419 298
292 306
139 51
160 397
149 416
341 238
236 260
97 340
375 338
307 16
172 272
103 43
392 176
298 320
183 335
425 180
57 8
189 51
271 445
241 397
239 347
5 223
446 77
443 139
302 223
344 232
442 412
345 333
193 282
249 447
12 127
437 132
451 117
178 131
138 23
72 194
125 450
9 173
120 53
367 303
246 341
260 101
100 261
389 308
129 436
67 37
390 101
132 347
181 265
179 147
134 426
268 119
43 299
20 20
445 169
152 421
235 296
40 369
397 97
221 403
345 340
377 286
5 5
45 201
103 231
358 181
45 214
56 27
323 395
155 311
313 92
156 358
147 306
80 351
121 334
438 328
319 420
426 68
7 341
213 373
336 151
241 100
64 354
324 204
349 86
140 337
384 433
81 352
233 251
139 124
367 133
449 405
136 408
442 25
75 460
310 184
238 336
128 42
221 137
221 172
215 437
244 249
232 397
215 414
322 100
163 306
370 31
133 120
174 176
57 327
262 100
419 248
150 187
45 70
412 152
113 209
301 14
448 170
100 234
404 327
412 353
17 21
153 264
97 245
175 442
438 35
30 124
454 112
459 375
85 301
71 152
100 206
363 151
272 422
260 97
18 298
337 428
390 101
147 370
11 48
286 328
317 343
436 396
360 146
121 189
23 214
422 375
439 333
271 269
424 454
88 31
5 148
325 256
228 171
113 309
60 19
226 39
157 131
145 92
84 87
29 269
441 14
204 96
292 139
93 446
186 240
388 370
72 326
149 242
206 449
208 332
40 378
76 451
259 441
290 330
366 99
359 320
93 193
92 292
213 323
8 51
91 227
158 180
319 82
256 327
438 167
318 216
441 452
75 165
447 98
268 220
238 307
270 17
26 354
175 326
194 9
112 373
379 409
200 266
72 318
169 430
56 402
342 355
29 151
81 144
357 159
24 91
330 213
398 99
419 286
6 351
68 287
315 317
261 234
174 291
177 142
229 157
420 433
452 290
421 136
426 177
327 304
170 359
95 269
437 306
144 83
9 430
335 361
66 327
151 383
396 176
33 206
137 341
211 60
206 62
246 358
336 242
459 288
36 444
250 322
407 42
456 112
191 109
2 284
164 70
36 204
268 413
320 101
321 187
148 374
88 300
3 368
34 115
223 284
53 54
126 51
7 415
86 238
413 214
209 36
206 448
390 321
180 131
432 108
424 92
203 261
295 443
346 418
179 358
106 406
203 107
199 199
418 81
205 452
262 386
56 373
102 23
296 38
214 84
363 390
400 38
383 382
316 258
158 372
199 383
425 24
162 365
162 63
198 432
84 333
170 239
425 369
355 277
35 35
20 423
138 233
25 431
148 8
398 4
454 448
239 270
377 226
414 76
381 187
442 107
29 249
350 250
215 190
209 139
431 247
318 247
13 156
316 114
87 165
377 454
161 319
255 223
201 448
142 162
30 42
165 124
125 310
402 430
396 209
347 53
64 367
205 390
198 374
237 437
255 422
130 7
171 402
391 459
288 79
342 82
11 1
140 148
254 357
9 8
400 233
395 34
279 455
444 278
227 370
332 453
331 307
83 129
277 115
3 117
368 403
46 283
188 429
147 426
453 339
184 454
278 395
233 43
420 90
311 428
414 124
8 407
75 53
102 449
220 135
2 387
150 372
82 123
375 122
355 135
396 43
382 108
125 460
20 50
227 230
343 346
86 77
326 163
218 427
116 224
340 5
315 97
110 86
304 457
382 445
382 245
414 359
409 303
256 436
191 338
271 344
323 376
418 297
406 387
190 109
438 272
90 331
376 192
259 25
360 103
24 393
9 353
166 79
269 273
339 91
248 187
174 185
235 134
53 424
309 438
26 110
25 357
335 238
231 14
201 333
33 409
311 308
171 26
63 77
236 24
362 13
185 344
31 182
255 334
286 162
216 84
425 56
175 303
261 272
273 277
458 186
359 385
16 226
252 67
185 209
348 245
97 12
42 356
314 227
128 192
335 109
87 126
23 91
174 153
162 185
95 213
138 205
203 381
447 119
168 32
400 384
284 372
111 162
357 114
300 178
178 338
448 26
282 133
131 175
373 330
31 178
407 453
433 406
406 182
187 236
359 35
27 259
18 72
130 332
83 286
157 49
174 418
50 21
197 2
7 418
325 378
358 320
153 102
284 172
290 254
297 29
140 192
222 226
445 391
72 353
206 365
342 448
133 286
27 122
294 17
233 408
114 169
359 17
372 14
29 198
122 172
440 166
136 201
284 234
380 432
91 207
21 60
157 238
7 33
122 118
85 411
37 178
118 219
99 235
339 3
382 412
309 440
297 41
42 118
43 272
140 373
299 400
192 53
339 237
57 361
142 375
244 414
219 82
94 45
72 443
416 165
7 44
418 197
25 176
97 284
307 404
370 96
391 30
77 103
143 339
383 160
366 307
209 419
191 439
210 309
186 159
374 136
217 339
190 291
344 183
105 237
81 139
83 188
74 50
433 322
299 360
65 382
102 138
60 341
126 3
419 163
130 299
459 230
24 96
20 184
340 209
139 121
92 17
355 17
297 63
447 384
195 367
249 329
218 33
368 76
291 396
81 293
67 337
331 406
161 173
3 343
252 9
66 80
78 44
231 271
53 117
22 44
280 48
70 9
85 160
233 266
34 242
444 216
424 345
47 398
6 375
392 93
101 287
227 94
252 243
249 46
387 220
227 384
336 393
212 248
255 276
17 372
227 228
354 116
329 336
98 289
401 350
270 218
44 128
180 398
127 355
420 65
25 144
104 137
321 316
452 26
135 291
420 309
285 276
423 212
449 257
331 240
236 142
103 92
144 460
390 415
223 227
383 342
98 129
343 158
210 346
97 276
242 394
36 340
338 273
40 311
61 256
119 96
48 20
218 229
405 385
91 168
336 355
8 304
390 286
17 156
87 26
267 41
276 349
274 427
97 73
384 327
258 180
192 95
275 179
437 282
122 263
316 106
183 409
20 245
215 352
386 7
240 297
447 161
257 400
186 30
154 283
287 282
405 266
350 222
325 71
244 138
34 450
323 277
84 266
81 384
182 219
109 148
314 93
311 381
42 321
130 225
232 13
430 13
140 347
366 310
85 430
310 315
346 83
72 205
397 189
332 137
290 58
186 9
429 185
460 193
79 357
328 144
177 243
185 437
440 257
244 214
413 380
434 100
146 42
71 55
71 200
295 121
191 269
315 386
304 397
66 92
445 227
96 58
457 261
291 431
346 144
128 177
19 338
340 65
302 25
372 109
214 157
106 427
312 31
10 12
182 272
169 296
225 244
404 143
451 362
429 119
226 404
9 438
136 28
235 187
384 402
252 303
436 313
263 39
186 55
115 292
247 441
200 60
88 19
305 179
352 457
280 377
456 163
366 212
227 250
56 41
401 381
368 51
420 315
234 63
239 89
227 370
376 71
150 425
153 274
307 48
358 366
282 74
150 379
96 237
67 181
3 34
338 274
61 277
249 24
19 230
210 252
446 199
22 357
433 152
417 406
298 329
356 395
192 14
269 26
5 315
151 190
272 174
282 211
68 157
106 253
167 348
439 104
86 290
306 353
395 131
158 182
140 448
227 99
403 329
167 45
90 91
310 234
442 57
234 319
285 295
354 360
43 359
378 100
456 242
145 15
309 360
81 151
137 353
182 378
20 245
364 286
446 167
332 451
281 452
129 252
199 6
142 451
88 227
225 36
137 224
454 391
227 119
252 387
40 215
312 290
115 139
103 235
179 166
245 373
402 370
298 410
260 190
140 249
155 117
418 359
374 92
370 340
105 166
188 355
81 10
311 343
167 415
67 197
412 365
361 398
163 86
16 136
49 438
55 299
115 144
388 71
132 348
331 5
365 391
435 212
268 458
110 444
78 421
134 88
187 457
79 120
448 256
317 256
333 226
86 417
274 285
109 446
277 146
170 409
302 342
123 436
354 3
427 244
107 408
232 127
296 140
79 287
22 343
179 37
279 363
425 420
324 363
292 437
355 402
80 19
34 127
428 123
254 118
158 206
445 109
180 128
161 283
385 9
374 334
225 374
40 393
423 225
261 437
81 385
5 139
91 113
260 138
408 375
380 259
443 409
126 332
364 319
387 333
381 150
261 416
293 145
247 353
173 387
401 252
173 439
280 347
266 367
137 94
375 252
8 238
68 378
286 261
375 338
210 417
372 432
86 401
272 99
301 48
18 335
419 308
242 157
197 101
98 56
195 359
80 50
244 221
340 376
57 18
420 13
67 51
158 273
294 116
261 244
17 253
4 17
30 282
360 332
261 430
376 266
447 165
236 272
111 436
134 255
300 328
361 19
412 438
120 100
431 361
360 313
314 392
367 157
3 136
285 415
218 417
143 122
128 244
72 264
147 228
153 227
145 24
21 208
373 88
319 33
420 8
242 48
225 443
130 124
85 39
379 281
25 267
234 334
139 414
190 117
241 250
164 75
60 410
70 369
112 6
129 133
348 127
211 63
139 405
349 231
384 183
228 11
375 450
52 98
173 43
197 276
183 358
235 345
132 109
280 155
129 134
309 91
280 434
398 285
36 8
253 148
88 306
414 357
274 318
247 256
35 414
47 444
422 67
438 33
389 390
250 317
281 47
314 239
280 341
315 324
297 36
22 138
360 361
235 41
158 266
370 83
184 390
360 235
94 209
413 126
323 430
71 433
444 57
327 355
411 199
119 267
158 77
127 228
196 289
326 249
425 162
244 118
236 106
94 89
376 402
457 24
192 443
16 128
45 331
43 267
358 454
322 457
217 457
375 145
305 330
211 159
317 186
108 419
224 327
431 185
58 197
386 325
399 400
320 196
403 425
221 311
326 385
62 18
37 60
390 121
260 332
307 100
89 299
74 335
124 205
410 257
405 132
125 4
88 403
58 420
49 357
110 337
216 193
47 394
41 402
91 121
272 344
19 10
459 15
221 150
319 94
36 358
366 98
268 347
117 329
96 297
396 345
433 315
360 44
255 410
47 232
436 431
204 74
443 384
213 51
251 130
236 261
326 112
458 306
69 15
430 391
36 78
265 135
391 38
257 363
88 73
199 189
63 130
233 73
2 400
206 181
205 378
413 241
163 207
23 414
223 338
238 344
448 307
17 371
443 27
23 372
320 121
60 180
422 8
108 95
403 5
219 208
115 53
390 279
360 178
187 39
415 159
431 369
174 133
27 396
213 205
41 452
452 4
399 417
174 68
455 105
139 130
399 30
443 129
33 111
187 379
371 306
79 196
424 71
160 73
209 292
396 423
249 447
297 364
356 132
22 92
290 23
68 444
141 318
297 57
457 32
96 178
183 382
193 85
400 303
374 307
57 52
144 391
431 1
440 357
179 201
414 395
180 426
255 156
456 66
80 203
104 373
278 190
257 319
219 225
53 386
293 19
71 229
247 376
80 286
249 399
163 339
179 227
349 270
119 237
130 20
16 238
166 451
327 211
38 9
106 112
158 418
425 63
146 334
189 297
212 218
97 396
14 414
395 450
174 8
214 140
68 141
15 433
440 94
170 111
325 261
215 68
381 265
383 187
456 307
451 368
359 28
174 318
2 213
233 182
328 358
276 246
62 136
163 381
27 375
312 276
176 352
89 352
299 343
196 323
194 79
392 367
35 125
39 158
159 383
96 280
454 138
176 220
144 269
86 66
332 98
101 433
82 266
31 327
161 23
24 153
152 91
72 376
381 416
4 188
244 195
320 356
111 261
174 247
168 426
280 278
102 193
13 38
23 316
211 34
341 306
331 260
275 20
309 431
242 170
56 85
217 252
387 239
210 167
215 121
212 408
299 348
173 6
42 305
354 245
120 80
207 87
343 259
14 365
196 9
406 160
399 284
72 363
59 417
224 298
309 88
199 213
41 61
417 145
239 69
154 402
459 123
49 186
108 188
96 277
373 301
188 34
43 345
278 276
398 322
330 237
44 240
10 245
301 1
136 218
82 309
392 363
313 264
134 174
25 64
212 363
242 109
273 407
439 35
228 256
367 397
184 126
352 299
175 274
215 449
156 20
356 216
411 166
323 26
276 236
84 335
105 169
303 224
335 134
34 374
214 209
278 278
441 31
317 124
143 61
300 403
403 162
348 74
208 60
52 116
132 356
410 345
84 234
79 57
337 44
84 430
24 101
385 2
127 393
227 166
384 33
456 198
84 292
236 343
236 18
211 437
440 305
201 37
283 182
169 343
28 306
207 196
68 229
242 386
68 135
257 49
24 153
125 424
23 328
457 298
417 457
249 56
202 137
282 64
110 3
298 440
424 47
451 419
377 326
349 208
424 264
282 314
414 196
82 174
125 324
6 324
439 291
382 307
218 384
65 409
158 343
201 54
309 104
395 66
212 153
78 250
184 254
142 404
258 142
242 57
110 338
101 456
362 131
108 345
17 413
211 109
362 185
335 402
442 256
343 393
392 6
272 111
301 420
432 94
349 322
263 265
250 76
340 81
137 156
360 441
59 79
443 321
110 43
7 309
145 331
393 352
350 250
92 399
1 170
272 411
276 81
108 199
149 283
132 449
142 274
458 445
365 51
297 197
445 372
258 373
69 357
43 265
125 438
437 112
126 292
165 131
288 69
317 113
109 355
162 142
308 383
215 5
34 205
175 56
203 296
229 379
249 89
88 204
428 284
20 85
333 84
208 207
398 289
187 402
276 24
128 372
208 438
216 33
75 444
392 114
394 335
76 260
294 226
293 262
175 128
38 89
367 175
381 320
407 272
140 281
189 199
197 255
174 134
453 458
361 135
255 328
81 31
165 346
165 54
102 322
338 8
252 375
181 13
426 355
95 310
432 168
314 413
283 370
286 458
338 405
208 121
110 253
285 61
273 3
62 129
129 276
287 24
223 365
363 411
367 55
352 71
421 315
196 274
380 300
137 194
419 235
160 443
109 392
317 166
365 397
134 309
32 460
267 182
44 130
179 21
61 175
414 158
355 113
365 233
332 413
36 270
200 374
198 423
330 25
55 169
365 425
42 198
47 227
55 58
376 326
30 176
233 154
401 267
408 193
91 297
64 39
11 212
29 354
234 459
26 308
213 323
262 325
17 196
189 67
366 66
142 412
359 260
319 179
368 387
73 202
231 263
231 327
100 238
29 440
148 254
412 342
58 84
448 167
15 370
423 365
145 5
75 27
317 250
147 432
311 39
252 329
103 245
78 458
188 211
32 325
99 75
172 101
80 221
90 289
55 71
139 123
163 112
184 383
434 9
155 21
317 55
121 274
198 50
427 54
365 113
149 268
243 115
54 6
384 318
51 263
159 338
15 129
157 285
405 396
376 333
171 172
348 355
152 309
178 187
30 268
223 117
311 288
396 24
368 285
193 41
86 139
104 64
245 435
149 347
159 194
225 75
403 325
179 4
70 24
128 268
76 434
136 199
448 183
416 171
75 13
86 331
77 330
319 400
120 438
48 400
392 370
131 142
95 309
138 427
199 168
198 190
287 401
335 381
339 427
69 302
454 304
121 78
421 86
48 150
200 69
365 168
249 245
289 69
210 181
393 115
195 239
177 43
36 320
360 422
348 216
459 70
40 410
213 66
41 440
207 334
261 19
343 207
18 274
335 405
167 422
379 188
383 325
156 87
296 74
441 362
54 106
44 408
155 3
353 386
244 332
144 414
22 42
25 243
133 280
31 98
422 459
233 267
407 244
435 271
37 4
412 343
9 240
296 332
89 133
274 85
297 86
393 433
343 314
203 235
400 408
248 276
217 177
172 302
129 151
133 394
5 173
247 118
224 330
48 236
227 162
162 314
180 358
280 227
230 67
415 372
459 12
242 262
48 338
251 231
334 298
204 284
150 10
135 231
329 32
390 349
194 225
5 460
64 77
128 39
111 445
22 234
66 74
266 361
439 21
453 58
161 123
53 275
147 332
274 16
229 226
268 380
83 42
411 343
288 92
245 139
244 435
211 229
296 348
256 364
276 128
167 373
222 290
23 317
88 149
209 333
443 219
370 284
340 27
381 431
81 272
109 338
380 371
392 10
254 8
32 128
170 140
290 263
441 365
220 47
106 242
431 149
41 140
411 80
365 386
450 40
452 269
137 341
12 209
225 389
93 233
21 145
60 316
297 289
333 191
287 367
355 450
252 224
127 391
378 457
8 332
453 360
107 199
50 432
362 317
223 428
271 101
453 370
44 273
161 9
406 53
210 167
254 202
343 292
311 326
368 383
51 282
133 151
415 195
57 196
255 156
43 382
113 181
23 327
57 77
351 195
286 243
136 282
253 283
374 277
350 131
443 64
447 215
60 283
378 380
150 408
450 258
456 314
226 136
142 412
319 322
274 363
218 43
341 169
301 221
6 120
321 59
330 101
3 243
385 176
453 306
189 275
301 143
206 189
353 77
86 328
313 276
52 281
268 283
12 126
73 334
45 301
245 323
17 170
370 231
412 408
401 5
108 291
418 348
107 138
147 210
12 188
255 306
115 309
25 286
232 364
192 364
151 316
260 26
41 243
23 108
64 258
415 147
183 216
403 359
358 191
55 90
305 32
324 288
25 270
142 395
72 309
421 432
343 251
294 46
416 43
167 198
124 361
140 407
335 423
106 213
249 229
312 75
170 98
215 112
128 425
158 144
216 267
87 330
47 336
176 413
98 393
397 306
271 168
113 95
73 219
11 306
87 1
440 432
329 81
192 394
339 73
90 375
385 102
345 25
220 145
144 128
26 424
200 103
375 156
426 142
118 425
236 323
190 193
199 348
70 434
159 149
424 120
3 132
428 194
263 137
119 222
185 129
196 41
102 149
120 261
407 146
181 422
382 390
11 304
436 95
68 87
289 220
190 12
66 177
368 259
50 252
450 88
8 372
7 359
308 45
151 111
43 253
372 44
392 254
395 391
121 318
86 209
439 165
223 148
274 302
358 177
177 77
389 419
248 100
268 388
447 410
364 380
126 329
399 270
243 298
149 233
116 29
1 266
327 74
221 236
437 345
136 328
129 88
60 242
203 8
339 116
187 73
174 356
110 223
10 69
188 172
210 36
144 320
213 325
199 213
287 10
308 117
145 109
65 30
421 371
70 181
203 265
370 153
102 108
293 396
122 240
310 446
293 381
122 421
378 340
402 11
340 342
440 411
256 434
444 341
61 199
67 178
311 223
386 186
237 376
206 104
116 428
299 242
302 390
79 158
408 73
240 278
348 336
258 229
143 123
366 334
313 110
381 32
277 402
400 83
302 188
388 428
36 29
192 169
297 227
401 119
271 247
31 77
4 147
389 126
169 99
171 384
35 322
453 164
446 147
277 129
413 437
221 365
96 380
68 364
439 118
299 457
334 174
426 185
424 175
324 300
68 373
447 144
423 377
92 313
230 277
261 397
200 30
333 327
244 53
32 249
103 437
377 179
148 319
62 294
6 165
386 418
259 19
288 183
198 245
145 164
73 344
56 277
156 106
287 135
412 171
106 192
23 320
97 57
168 198
34 239
187 444
51 263
272 186
45 92
53 284
399 41
265 364
1 241
180 48
406 165
65 257
110 225
93 369
143 88
112 281
319 442
54 426
97 77
322 213
182 231
432 216
46 348
137 55
109 15
430 249
70 5
100 228
448 48
76 133
178 396
252 350
398 226
409 398
398 153
313 143
416 284
312 440
224 283
241 403
61 360
64 404
128 54
151 217
106 100
335 36
119 259
134 225
233 337
38 440
131 166
152 459
72 317
280 437
105 295
70 284
162 399
219 164
178 188
243 383
162 112
422 236
302 74
165 101
131 145
127 41
263 233
99 375
245 158
281 414
353 122
284 125
386 197
387 364
120 323
238 161
300 132
222 52
263 206
126 243
290 314
273 359
360 71
420 358
271 425
346 362
121 39
318 364
177 208
106 216
387 55
304 201
18 112
72 408
114 333
8 293
285 388
330 303
246 430
250 152
255 309
150 98
90 337
91 311
99 421
458 357
353 459
253 390
132 281
117 203
450 310
308 406
193 230
453 14
444 60
427 190
416 171
41 352
34 422
449 145
107 41
179 438
346 262
134 201
366 369
89 324
209 84
373 266
125 104
58 242
421 186
213 3
388 196
249 35
51 247
223 386
339 319
189 72
449 391
309 52
250 208
234 73
208 204
275 435
308 193
381 90
41 280
51 9
169 287
35 172
295 249
288 180
397 292
453 102
232 390
460 67
253 34
169 155
255 444
74 66
6 180
141 243
315 246
117 344
375 319
353 65
420 261
206 448
57 243
50 123
311 107
452 435
98 440
348 55
94 69
274 402
368 445
267 40
168 115
382 80
38 421
84 64
356 384
407 308
399 399
408 36
370 435
239 231
264 33
73 324
278 287
399 145
349 268
240 142
389 196
243 52
352 225
440 234
191 137
357 408
198 37
438 179
329 378
281 33
438 155
136 423
126 198
417 199
110 206
8 367
192 145
311 455
76 223
309 27
346 1
314 104
40 3
372 334
423 417
129 156
69 333
393 207
260 183
404 409
18 460
235 385
251 397
22 107
395 141
254 368
314 66
210 337
131 395
20 178
176 20
159 123
141 187
102 405
87 24
197 242
152 174
321 172
155 152
412 123
289 143
441 64
170 227
237 210
351 364
423 108
23 451
316 329
187 426
143 185
248 390
437 365
243 319
284 455
51 392
356 311
453 103
390 419
20 127
70 44
16 221
228 415
153 341
408 97
175 203
203 425
271 385
288 280
105 315
394 413
242 122
11 364
51 288
179 376
77 329
359 184
396 280
29 279
186 435
79 33
256 230
352 312
384 314
387 355
405 145
66 365
273 331
293 453
244 355
140 386
353 355
23 249
408 94
60 81
173 321
295 294
194 432
380 398
231 81
56 394
107 57
100 410
337 201
49 112
368 419
263 230
48 208
182 106
105 294
291 307
435 404
188 96
26 179
44 12
28 357
176 433
306 217
163 382
135 132
382 166
174 438
78 91
208 185
157 253
211 247
350 457
122 197
289 416
91 144
95 240
161 150
30 131
148 96
160 316
448 311
442 248
132 387
442 114
312 333
376 397
426 346
444 52
354 64
230 69
379 149
66 15
312 294
431 72
451 155
133 269
127 239
316 347
324 408
212 334
88 396
301 301
402 69
288 343
421 308
161 173
454 124
322 223
436 347
311 153
295 32
11 411
143 253
55 247
428 194
144 250
137 327
15 402
220 354
230 228
2 286
86 126
375 53
161 102
430 87
59 337
380 220
385 130
321 88
125 187
213 42
163 369
215 216
238 306
216 72
220 260
371 189
380 418
455 41
144 200
363 82
204 132
220 162
82 280
47 406
406 217
179 58
311 174
378 108
4 236
282 209
254 343
186 422
69 340
432 424
426 76
43 213
123 288
318 253
152 410
457 426
61 325
139 448
258 395
338 150
436 147
222 417
77 418
312 389
244 457
154 130
221 432
410 398
395 320
245 267
246 56
292 20
383 270
401 456
452 301
52 456
26 148
100 345
323 293
231 135
315 219
304 366
349 133
257 140
219 58
359 421
125 263
114 137
126 85
93 324
168 206
321 406
382 294
450 178
395 104
410 387
202 92
380 288
241 408
381 248
169 270
372 143
227 122
172 205
348 170
245 269
239 249
458 275
158 432
211 228
68 354
115 329
100 201
409 364
49 110
195 271
342 263
436 307
278 305
458 177
75 297
326 238
265 54
12 26
325 89
145 106
427 181
49 104
269 289
246 31
212 404
421 294
67 457
338 207
70 417
360 401
221 140
210 89
305 207
48 219
16 182
194 52
230 234
229 51
209 19
61 358
118 65
46 176
336 185
56 75
296 300
213 345
26 4
17 215
5 47
168 123
176 229
244 242
333 155
214 92
51 398
73 102
160 218
98 77
221 294
188 374
16 437
204 220
338 278
104 428
37 56
306 76
2 377
110 86
353 315
375 446
91 447
330 119
159 429
95 402
430 147
14 331
214 441
9 2
321 304
319 73
299 73
183 93
448 36
305 410
452 243
47 344
189 161
86 48
255 126
322 18
243 132
91 106
292 25
256 374
129 270
255 266
178 344
245 153
248 232
244 358
138 113
154 315
419 69
311 158
412 192
205 371
113 441
356 244
47 265
150 64
328 93
287 430
187 244
30 66
394 197
36 423
285 374
441 305
98 246
199 331
301 215
149 409
104 233
157 139
457 317
216 201
112 245
11 289
239 323
87 438
312 51
37 122
97 451
108 51
76 419
444 133
30 374
420 423
393 313
271 289
175 320
166 368
107 241
233 182
333 67
169 404
81 144
225 73
39 140
100 172
142 73
106 351
18 443
51 379
157 54
219 16
259 189
224 326
383 259
28 3
228 2
123 31
92 409
330 376
102 40
166 122
75 309
448 34
431 80
101 176
117 296
407 296
288 14
183 422
131 431
381 167
438 436
178 404
160 139
149 147
121 304
60 317
111 317
259 364
240 296
389 126
148 361
117 237
224 167
397 407
325 361
376 45
256 323
156 442
372 2
344 77
298 113
86 292
60 228
80 74
234 186
295 297
102 26
356 193
66 248
151 17
168 388
348 127
63 22
109 239
261 328
425 46
263 436
103 266
372 393
416 392
22 445
211 14
251 332
276 327
195 126
6 325
69 297
384 417
33 274
185 240
172 37
81 123
383 192
394 60
253 343
417 272
38 20
80 164
171 435
29 201
176 315
316 386
381 329
121 460
350 143
184 41
197 282
20 341
154 200
330 105
453 331
51 383
140 146
447 67
267 268
147 379
424 83
110 362
92 450
444 452
307 214
409 431
441 374
324 119
227 162
124 157
257 333
324 260
48 227
398 109
366 426
290 322
248 89
236 22
42 222
188 10
365 87
237 83
203 219
211 322
429 63
126 22
91 162
54 449
56 450
272 398
236 83
218 301
259 415
46 79
177 108
367 285
395 44
377 444
449 398
327 101
68 331
294 283
56 111
58 457
429 334
222 93
305 252
46 160
214 265
47 47
107 250
228 98
377 32
165 273
261 153
16 211
441 422
106 350
180 307
174 194
210 44
237 344
381 412
100 83
393 317
217 362
247 250
224 92
80 3
221 93
315 175
158 192
334 153
321 142
378 299
120 415
111 181
104 40
376 395
122 204
231 126
311 138
433 125
43 1
24 145
98 328
350 390
326 346
250 422
390 365
138 153
255 371
125 454
99 57
88 335
199 315
75 90
59 272
404 276
184 396
396 43
107 47
61 38
16 144
122 439
150 109
246 25
171 63
121 425
95 242
371 363
440 28
50 241
371 138
435 301
129 362
239 69
60 349
329 238
116 47
222 354
247 158
352 312
300 299
267 98
15 354
441 283
16 149
374 81
90 99
84 144
205 108
355 101
409 167
108 144
12 52
310 278
212 317
377 190
451 62
20 240
82 68
368 384
353 44
324 71
100 259
221 425
194 224
273 453
334 335
384 8
335 304
159 334
225 399
365 265
247 155
181 150
217 333
448 12
372 412
144 65
355 416
100 56
284 152
48 116
427 43
374 242
27 288
381 68
404 390
246 313
71 214
65 293
334 40
326 232
76 132
7 328
287 262
283 379
407 162
265 308
174 435
104 334
408 333
48 88
311 419
162 141
148 194
233 121
42 336
130 273
391 281
454 53
42 361
17 435
357 223
443 224
216 326
233 244
206 238
230 56
217 417
413 437
257 303
276 275
385 43
99 441
90 69
445 303
140 18
79 61
444 352
258 210
268 73
38 403
403 84
18 189
360 331
138 413
174 256
185 345
23 222
6 228
399 373
351 62
251 188
90 426
128 172
165 347
95 128
445 117
277 381
161 346
213 133
152 65
346 106
330 153
35 354
42 408
446 24
312 147
221 133
215 28
140 164
454 81
340 361
348 148
352 416
43 390
416 202
338 155
300 338
64 372
437 327
10 200
324 18
71 61
81 314
129 395
15 99
448 181
241 323
270 322
128 337
218 271
113 118
12 127
201 128
40 204
243 95
217 436
112 117
414 357
147 256
189 367
221 120
247 175
23 232
213 293
26 453
80 188
149 88
331 247
199 90
322 133
459 2
126 17
104 195
137 459
150 460
265 202
193 284
53 220
254 70
71 237
154 128
265 230
50 341
446 32
373 395
158 435
7 456
444 18
206 458
181 299
129 189
126 128
48 282
52 364
261 442
136 40
101 53
319 319
383 442
120 117
122 82
272 253
55 213
11 52
429 94
25 80
219 114
201 252
26 168
453 262
314 226
445 425
411 31
114 270
419 140
179 419
98 59
257 61
442 240
312 65
31 285
261 279
210 168
110 423
117 264
337 339
89 370
385 365
50 187
104 296
109 121
295 98
118 312
51 445
437 110
58 453
279 186
202 192
283 233
47 398
350 170
108 242
167 212
450 426
40 165
452 271
200 34
185 420
109 455
184 430
7 443
148 82
155 319
165 283
365 8
276 222
283 300
401 325
83 68
323 452
90 191
125 424
143 95
294 263
142 35
351 455
379 18
98 239
202 148
399 82
333 252
413 453
356 309
418 439
414 426
70 187
413 201
277 236
99 142
383 52
93 218
163 306
135 42
437 210
34 138
265 363
183 456
171 99
282 134
332 364
93 138
448 45
82 396
272 329
100 376
421 148
276 142
96 77
102 23
1 198
26 50
420 219
72 45
277 38
44 105
298 38
175 245
89 242
23 453
133 81
112 298
91 14
154 207
417 240
226 88
368 181
164 330
110 409
151 309
20 23
2 236
214 7
381 37
416 80
457 230
53 398
413 394
456 140
426 213
53 383
243 300
139 40
373 305
198 455
101 260
361 429
196 375
368 87
339 29
375 191
313 376
136 268
134 1
395 438
431 339
248 261
138 443
23 51
213 38
387 47
262 89
138 72
124 83
320 56
429 41
382 335
106 327
389 315
196 383
163 203
244 257
27 408
104 86
215 356
345 338
258 281
375 126
280 115
75 52
74 312
458 50
438 247
272 270
292 136
207 396
169 327
435 387
205 138
203 442
241 379
275 252
29 1
273 370
291 259
98 448
369 357
231 189
64 349
431 117
271 147
179 218
12 295
377 205
137 220
149 439
307 392
286 118
24 13
337 334
106 430
392 3
51 121
283 109
313 432
28 419
419 241
450 60
36 348
201 185
72 420
297 234
431 382
191 429
48 196
273 98
44 6
79 266
164 419
200 243
376 263
92 324
165 438
40 147
24 200
339 76
133 368
170 34
45 344
333 150
31 326
382 183
427 390
292 348
12 444
418 121
358 90
229 113
95 233
450 278
279 124
222 333
273 393
208 93
11 391
445 50
187 258
199 351
108 354
321 226
155 422
172 204
67 139
440 11
57 150
368 3
130 289
420 401
426 325
319 101
308 26
368 87
339 68
76 185
341 332
173 322
141 239
20 380
427 326
322 140
171 448
89 95
288 293
75 335
403 224
353 220
176 176
218 421
451 274
307 262
177 239
291 351
27 395
336 4
369 305
86 414
345 234
284 237
213 62
119 218
355 189
341 21
26 275
363 174
359 454
289 34
212 419
25 355
388 61
235 307
264 363
75 352
275 169
331 352
140 120
260 121
456 460
9 258
286 345
398 340
234 273
168 165
103 314
69 123
320 27
314 454
271 221
262 205
282 392
291 297
49 37
304 75
154 246
334 368
330 324
243 314
264 75
384 17
141 161
237 429
296 232
410 143
171 265
147 350
322 196
460 315
378 453
421 393
440 5
455 220
357 319
337 92
379 16
453 212
123 217
317 203
358 216
236 326
347 269
274 423
134 420
33 285
218 444
218 42
193 421
44 278
364 354
92 345
399 68
180 106
92 310
202 88
110 243
389 300
66 186
362 73
296 413
329 124
209 42
54 220
423 431
427 43
20 192
142 74
1 442
425 155
436 39
457 67
36 324
291 49
422 38
435 179
294 244
339 388
391 283
401 369
95 205
81 96
419 73
91 97
229 401
258 295
171 366
321 78
396 434
350 245
58 111
157 145
407 98
106 373
253 17
206 133
359 232
438 40
186 63
9 382
141 254
19 280
3 169
271 315
138 128
133 349
197 460
176 278
188 340
42 102
383 155
54 51
177 252
256 208
185 455
305 73
354 35
23 429
87 159
144 376
268 267
101 434
459 161
94 396
421 110
121 52
152 49
394 373
54 262
56 11
438 67
331 268
309 206
72 262
1 16
365 134
115 74
203 372
97 390
286 162
221 57
251 438
103 198
319 422
93 187
4 176
459 451
369 388
42 344
432 81
438 82
427 371
167 353
170 177
299 7
301 61
435 420
321 156
397 3
251 305
131 243
438 272
280 309
208 247
94 300
328 40
217 242
423 220
108 214
45 279
348 436
398 71
125 58
45 229
2 393
113 33
417 34
249 352
234 452
382 142
274 43
343 93
37 397
91 32
296 199
380 113
331 229
42 257
307 237
357 69
388 108
114 136
245 284
458 349
236 196
60 147
168 371
393 168
96 296
356 304
5 8
108 166
156 37
342 402
89 395
301 279
48 281
101 455
65 57
414 266
16 353
69 105
150 73
331 108
56 139
364 222
340 246
142 167
453 53
161 382
229 134
363 60
151 348
93 62
330 28
395 95
253 68
421 353
432 66
308 455
88 263
329 316
155 419
9 9
375 272
334 340
224 416
379 251
444 99
405 146
342 94
380 266
37 221
396 154
93 68
57 163
110 353
391 314
64 205
151 270
61 311
416 264
256 67
260 206
271 23
130 300
75 196
90 234
197 439
301 164
108 215
8 155
84 204
398 99
191 191
205 385
58 455
458 66
244 286
15 448
182 159
127 119
180 157
333 29
317 194
6 312
52 247
9 434
416 283
361 223
287 249
135 29
159 237
86 411
57 274
185 130
19 16
332 409
278 150
169 262
210 110
181 20
245 352
277 42
20 2
362 245
190 112
346 329
274 217
119 192
123 275
122 2
417 249
94 231
123 397
76 338
337 38
269 178
90 321
45 261
191 229
342 112
394 341
373 236
59 180
129 288
111 214
420 434
313 125
327 220
294 281
157 126
76 308
74 339
329 202
6 421
264 351
14 203
144 281
8 204
262 211
61 173
301 378
21 406
406 267
76 362
401 384
305 117
88 360
253 343
158 222
178 125
327 119
451 231
261 419
110 54
23 70
265 387
437 394
344 52
183 204
150 440
440 311
14 354
358 394
149 430
327 142
447 457
190 403
387 406
177 119
382 349
259 218
310 107
398 77
58 137
316 213
453 173
125 8
274 182
427 218
41 411
457 410
160 150
391 201
460 223
403 118
379 80
408 434
271 345
181 333
283 139
290 294
81 422
184 445
69 265
271 47
445 379
408 280
104 25
425 72
290 125
409 376
329 337
451 164
17 138
210 395
397 63
428 315
119 3
345 8
319 134
273 34
355 393
348 82
335 14
329 104
316 259
258 138
397 346
317 103
251 221
180 9
298 104
424 180
339 363
252 225
238 340
439 318
331 189
202 119
306 346
174 246
244 355
173 234
12 235
254 398
428 300
200 433
150 162
348 172
301 450
426 18
272 266
2 460
192 99
170 162
391 245
220 119
450 396
32 459
334 383
328 316
347 154
306 82
221 5
363 243
287 403
219 105
451 158
387 315
432 45
161 141
145 368
60 74
302 73
71 427
162 118
109 4
97 40
346 160
356 45
156 458
81 229
398 46
156 244
48 382
88 179
16 457
76 292
281 345
183 15
202 82
61 156
183 301
142 278
28 372
348 225
104 159
287 108
411 188
221 228
209 195
411 326
336 212
303 246
86 210
310 232
265 292
315 393
39 250
449 270
249 64
420 217
437 61
3 273
413 236
87 13
398 74
373 338
151 395
151 317
91 51
354 403
352 325
441 58
169 52
78 177
138 375
313 198
110 144
97 88
438 319
347 435
418 184
205 53
268 337
6 162
371 76
303 393
14 177
272 263
319 186
185 141
299 282
391 390
251 249
201 170
174 3
374 37
214 197
434 337
328 307
180 120
347 170
283 408
57 89
67 241
17 95
68 159
290 349
413 458
433 36
227 208
184 361
25 375
202 174
104 456
161 19
353 267
204 215
102 326
21 165
192 4
367 103
141 142
389 133
315 283
185 333
338 222
416 130
366 238
154 119
380 2
424 170
209 210
167 275
338 132
65 117
38 137
138 23
235 345
33 297
409 365
53 149
132 33
3 364
340 289
94 94
460 3
185 268
283 437
21 110
123 149
159 415
415 391
432 169
395 181
321 279
31 152
214 341
171 104
442 318
321 337
412 237
113 413
151 43
198 387
12 421
316 327
17 137
422 107
238 46
43 421
298 14
394 46
104 439
181 131
220 204
297 454
266 241
171 3
54 17
91 225
322 116
15 200
409 364
129 8
32 170
398 162
375 7
355 77
265 171
334 306
187 332
46 453
375 249
275 211
213 228
91 287
435 176
276 27
33 57
42 244
261 164
173 144
9 96
271 18
434 349
336 147
314 370
367 316
199 41
230 129
366 81
440 48
349 331
228 309
261 374
353 214
34 358
122 304
134 130
152 164
383 205
203 385
348 220
224 204
75 264
273 420
305 212
412 91
205 75
293 265
142 396
285 131
44 370
323 257
65 172
350 367
137 97
127 37
426 122
343 111
253 57
286 342
142 87
136 111
276 9
432 330
386 226
435 83
375 457
20 422
185 57
89 13
427 101
403 110
163 429
410 287
297 71
110 213
218 76
423 231
454 420
125 367
432 284
137 446
341 197
172 98
143 450
451 231
65 115
289 52
346 361
182 281
304 350
277 408
19 163
335 16
326 244
255 204
267 321
376 398
50 298
4 100
367 30
181 248
140 358
152 371
339 1
216 24
269 203
206 161
166 93
358 190
309 350
182 6
41 384
347 11
97 102
274 76
25 118
140 370
447 365
278 82
258 244
165 116
92 219
189 176
341 129
125 428
32 203
297 357
217 201
439 54
191 408
100 390
429 33
18 23
320 392
291 4
160 307
316 183
288 81
254 425
57 241
163 355
78 217
154 158
328 379
286 372
357 106
123 284
98 55
170 41
228 202
397 140
65 111
275 319
422 393
448 142
86 199
265 365
44 265
187 302
387 217
164 97
389 136
201 185
445 21
90 190
283 119
439 412
333 217
41 372
142 198
177 24
140 141
247 397
34 330
432 271
301 136
150 215
292 121
201 210
68 152
222 142
274 365
458 298
439 40
455 333
413 149
337 174
409 364
408 441
69 327
13 158
261 305
257 370
127 229
6 353
223 230
346 316
53 259
392 448
178 458
327 266
170 238
287 31
395 286
324 308
197 162
209 15
446 449
83 400
234 242
235 114
28 263
259 135
457 335
26 378
42 46
148 237
448 192
402 386
310 8
92 261
240 382
306 405
363 39
123 384
410 14
361 383
298 370
279 181
451 452
307 393
125 425
329 382
391 64
340 2
34 390
377 384
314 348
176 24
312 191
99 306
12 405
152 107
174 387
45 249
250 132
60 410
386 237
377 224
118 103
111 307
448 79
267 116
192 439
109 290
454 98
289 198
230 210
53 258
34 38
125 371
364 52
383 286
36 51
148 437
189 150
433 29
112 338
74 175
152 252
30 361
272 69
177 442
354 279
249 29
151 252
310 212
206 430
246 34
255 138
411 12
425 247
180 21
337 413
77 375
328 49
328 84
390 290
74 106
8 35
147 316
221 393
256 262
82 37
394 423
5 407
164 66
61 84
341 215
356 23
302 271
33 334
254 140
247 65
443 272
205 161
197 302
83 345
5 222
74 141
51 121
392 235
115 320
234 427
251 349
274 53
198 349
327 67
305 17
182 296
129 172
151 255
145 58
342 212
412 187
93 320
201 249
50 167
161 349
208 22
300 55
5 295
457 118
381 408
41 46
440 30
359 47
54 348
62 245
11 299
442 22
388 9
272 260
120 233
9 129
252 312
290 124
108 177
25 289
386 28
39 260
122 361
443 332
224 86
188 39
343 419
92 388
51 5
451 50
47 429
302 84
275 124
454 181
351 196
13 116
308 382
160 443
191 409
12 420
55 454
319 140
278 9
366 177
2 4
207 43
319 190
353 175
161 459
231 137
205 184
79 118
365 312
217 244
78 182
345 154
44 74
168 365
400 37
397 177
339 439
282 394
158 308
328 424
10 90
316 264
399 319
143 237
426 5
369 458
176 361
429 37
302 339
217 208
328 416
150 158
390 265
389 428
185 91
333 183
457 401
315 258
169 43
230 16
230 100
33 51
258 256
117 27
263 316
269 127
458 459
85 255
236 253
166 6
301 148
258 124
272 238
69 13
236 295
344 426
402 334
163 308
146 460
345 233
20 373
119 144
264 219
222 100
128 67
327 445
343 34
267 348
262 280
131 205
405 71
359 394
305 194
133 113
171 256
366 114
22 25
66 299
63 107
46 420
286 323
148 31
48 27
343 107
39 291
376 209
234 457
105 332
155 434
109 160
166 44
403 199
424 246
114 259
220 140
419 442
165 432
359 182
221 214
438 377
295 370
239 55
312 257
39 354
182 2
431 265
218 357
237 193
393 191
15 116
332 356
52 435
207 64
151 280
382 199
235 66
423 138
197 52
41 255
138 386
136 402
163 132
272 427
246 323
154 292
444 388
78 260
369 213
314 152
19 192
336 159
89 3
430 367
65 331
383 355
188 200
212 319
21 128
220 100
111 442
455 200
239 88
94 411
253 371
208 298
173 66
96 436
261 390
275 260
133 425
388 277
326 405
306 166
294 34
235 170
73 133
357 107
379 31
372 347
121 48
237 190
112 212
218 114
83 4
138 347
431 402
170 289
422 260
310 9
459 167
421 173
236 309
306 432
130 459
123 8
160 346
350 143
198 16
335 411
229 320
195 49
437 143
131 459
117 384
155 416
387 415
322 236
39 222
294 92
65 89
31 61
378 217
108 387
172 395
213 427
390 355
82 223
327 1
236 449
285 454
47 226
165 45
448 138
342 201
414 162
144 157
449 158
79 424
55 421
204 395
268 346
305 298
397 106
206 108
356 66
286 347
444 438
329 388
411 21
23 250
171 427
80 160
69 29
9 152
45 330
357 7
247 276
266 32
459 418
55 271
206 393
79 407
311 198
66 19
233 127
43 419
43 331
16 288
105 208
165 115
359 325
308 218
218 31
38 270
266 436
256 454
211 339
172 236
19 267
278 69
97 63
28 442
339 126
125 208
7 421
211 239
333 236
76 113
174 414
310 107
366 246
70 58
284 286
51 75
392 352
280 434
356 108
350 301
35 33
143 152
440 171
108 287
16 2
346 35
266 130
41 381
138 398
208 352
180 390
273 37
285 316
230 311
442 76
131 15
79 88
185 380
217 185
274 1
318 150
61 28
285 395
119 384
414 88
74 395
102 261
248 144
158 84
204 33
334 111
416 277
192 136
242 358
214 360
243 208
400 149
172 6
438 99
24 195
305 102
67 448
435 366
10 32
408 216
139 89
396 309
300 353
137 308
81 269
70 374
79 20
219 361
365 202
185 187
172 120
364 56
388 229
50 133
199 118
11 108
344 88
415 119
457 180
102 360
215 55
419 358
316 213
27 407
53 92
437 368
321 228
376 288
126 415
115 317
254 40
214 212
216 359
401 193
359 301
227 175
55 119
317 72
366 108
442 316
452 181
344 390
387 326
122 14
203 316
341 320
222 310
114 54
174 223
68 330
358 65
56 86
31 424
446 389
374 249
65 315
335 164
294 80
431 126
58 111
360 293
71 357
374 96
382 10
446 329
271 35
69 279
136 48
264 200
16 188
63 380
387 23
36 193
56 134
24 27
17 100
311 223
149 131
401 274
343 53
120 67
185 106
279 252
10 55
292 138
168 191
348 361
453 308
219 165
204 374
208 321
450 336
109 316
200 88
101 195
274 363
163 244
282 345
120 166
309 203
323 176
216 330
112 141
440 256
214 406
55 246
199 214
93 87
349 2
366 183
127 146
274 56
194 248
276 94
118 367
338 70
180 284
282 330
280 224
19 167
11 57
71 43
364 66
130 172
85 178
20 329
409 78
218 286
197 434
51 325
116 332
26 231
452 39
392 313
173 418
270 373
152 79
400 186
404 172
11 194
336 439
248 396
264 152
320 261
146 228
448 176
52 434
101 174
367 124
29 126
351 142
397 77
255 217
381 13
114 12
7 174
181 265
433 26
414 296
267 312
406 184
70 62
53 154
434 296
308 168
168 455
348 161
447 227
10 86
432 367
444 136
78 98
342 387
144 113
177 445
139 262
38 50
203 419
56 3
97 204
298 135
84 88
440 70
126 194
302 119
380 221
450 401
449 78
365 373
160 282
407 197
400 360
11 109
123 178
399 46
432 105
78 82
373 168
176 396
5 454
186 119
342 286
339 171
197 178
269 287
369 289
300 179
181 441
308 241
230 409
162 243
126 199
120 55
203 96
58 400
454 257
458 310
42 285
240 236
335 104
17 146
229 152
71 129
223 170
256 437
57 88
93 248
202 401
419 337
83 447
242 416
167 140
32 24
109 454
343 316
221 330
198 455
200 12
34 220
245 422
270 195
286 182
235 328
97 321
21 423
460 135
59 327
133 209
20 68
437 250
110 197
327 246
375 441
296 454
399 18
369 370
456 186
403 415
250 194
232 233
259 22
66 383
90 26
103 176
3 280
177 126
18 71
417 287
165 416
12 192
59 41
343 140
218 362
295 326
272 311
15 338
88 415
272 368
409 389
454 327
313 65
197 430
402 371
255 36
247 23
185 250
325 98
216 340
368 271
454 315
415 75
453 161
255 244
451 331
142 238
374 49
17 358
408 386
161 327
422 287
135 293
310 390
333 377
162 254
70 266
395 176
150 354
213 428
12 414
212 39
360 241
309 325
400 120
18 381
209 42
254 383
189 207
118 2
440 185
311 218
54 278
282 64
335 67
98 122
266 160
283 173
407 423
268 460
253 195
152 80
125 336
66 146
76 275
30 133
172 200
386 397
318 332
138 105
386 30
118 34
277 98
374 86
24 160
308 328
326 135
350 394
184 100
181 214
39 48
114 118
139 340
65 446
94 50
350 224
446 417
433 76
255 207
203 273
54 202
35 199
26 384
127 21
460 306
249 172
418 104
320 399
98 377
434 285
101 455
360 436
414 283
168 370
284 225
68 279
369 27
385 420
282 181
415 410
357 323
443 229
358 404
128 363
119 92
124 237
153 278
434 359
65 2
237 377
62 287
325 167
391 50
206 405
63 121
355 96
64 112
347 293
58 199
218 36
174 330
78 363
26 327
2 399
110 122
415 210
46 368
359 87
211 418
205 334
337 448
393 410
179 202
218 330
340 67
256 208
434 77
136 231
200 325
268 402
94 278
106 162
10 377
349 158
406 161
19 44
312 172
279 459
122 384
17 32
56 10
132 369
379 357
3 86
103 348
290 170
437 414
31 303
36 267
36 162
434 108
73 275
460 362
289 201
158 408
6 170
200 208
166 417
250 431
281 377
46 184
395 97
113 46
135 82
309 434
380 172
165 240
165 310
187 53
87 11
366 211
121 127
224 418
223 244
431 244
77 450
22 13
331 304
242 6
260 60
234 405
40 48
299 384
270 193
246 21
279 212
375 230
335 130
173 369
369 169
160 108
329 391
222 235
431 377
231 447
331 427
6 172
334 50
221 236
50 149
169 295
138 406
54 447
226 121
121 433
338 53
388 369
367 411
309 79
339 184
156 63
417 308
257 45
415 369
269 67
204 293
307 234
270 347
390 109
138 258
15 15
181 43
139 80
326 281
218 278
296 359
158 444
313 104
292 240
337 137
148 167
394 439
125 207
32 202
460 383
351 300
113 266
425 53
147 364
232 433
348 302
258 96
368 328
314 416
243 47
156 107
357 275
215 238
290 358
66 57
408 370
62 297
228 444
263 56
382 291
102 429
200 86
410 272
452 237
115 232
131 218
63 100
32 210
185 332
62 181
76 175
239 312
26 446
152 89
405 51
24 327
103 359
397 362
108 362
379 458
360 281
445 238
93 7
162 388
193 15
326 274
197 56
316 419
82 169
430 214
282 48
244 5
98 44
140 353
257 144
175 393
233 285
276 285
85 271
340 20
118 406
231 67
365 289
108 43
47 148
173 159
264 433
68 11
168 219
217 331
154 220
136 102
93 279
29 258
129 38
255 371
253 332
439 4
460 210
13 123
225 115
192 199
452 317
181 1
285 207
115 430
16 302
378 288
11 349
248 408
431 232
131 289
336 437
346 314
29 264
367 51
448 48
353 34
228 281
318 99
340 391
146 118
282 34
430 178
57 260
353 315
107 84
335 171
104 96
132 178
146 319
217 17
349 30
97 387
432 67
69 222
369 32
60 233
51 399
339 122
294 270
15 430
101 228
271 445
356 257
264 37
94 198
95 75
459 243
96 110
156 441
61 214
300 42
98 22
340 269
417 25
233 215
221 331
325 290
357 288
343 45
111 83
163 420
405 189
272 409
175 278
201 6
370 194
399 332
57 235
133 42
394 179
101 333
336 294
421 351
261 70
259 351
364 388
299 305
296 8
218 300
354 184
449 224
220 2
369 424
89 387
10 148
43 275
427 336
155 189
169 380
208 345
186 436
93 87
317 174
329 386
315 320
446 235
394 164
239 125
177 420
458 168
402 211
201 355
121 246
224 293
111 241
221 128
105 177
448 290
148 161
174 318
401 374
328 408
448 309
269 60
74 236
334 233
94 432
26 448
6 240
73 86
238 166
126 312
31 148
245 380
215 291
392 337
54 255
455 345
9 99
17 228
181 286
271 195
198 6
257 413
150 339
137 251
352 89
75 377
316 97
148 80
25 151
343 191
313 76
11 184
271 447
357 229
107 305
53 157
379 244
200 28
143 195
39 239
379 14
96 328
406 75
264 178
193 351
449 266
97 100
265 86
185 432
372 193
235 82
236 442
309 264
180 333
439 288
408 16
235 189
223 59
218 202
385 95
262 452
355 38
347 401
39 412
415 93
156 118
55 35
319 351
229 222
174 138
414 336
231 435
356 202
180 65
286 196
196 409
460 274
22 48
16 143
8 322
442 138
273 131
364 219
183 158
66 382
233 452
448 380
404 253
49 405
302 128
261 212
174 178
206 247
1 115
292 262
339 140
219 269
298 253
200 238
304 6
118 69
387 263
214 30
373 260
218 20
124 59
9 37
383 19
399 389
187 268
207 209
349 82
292 44
141 353
223 138
294 65
330 454
251 320
199 354
110 400
97 214
295 218
14 275
145 291
151 362
290 59
405 177
96 6
414 279
155 93
159 25
365 59
56 294
408 338
99 86
136 328
285 58
405 35
207 291
92 319
229 197
5 229
19 21
106 273
219 246
280 72
402 433
89 308
37 337
151 186
413 51
241 334
346 97
248 146
399 215
319 14
241 73
96 228
233 195
341 343
59 287
306 301
92 143
370 187
106 110
93 140
236 298
7 152
5 112
86 302
318 413
447 440
331 109
280 148
222 302
348 178
264 308
226 412
32 144
297 256
351 375
226 351
416 319
153 10
181 237
324 430
119 309
117 304
71 379
200 136
269 354
278 243
265 70
198 21
102 36
40 17
130 17
156 240
37 256
396 458
5 26
40 457
240 79
331 338
32 224
169 312
351 8
408 194
375 442
176 300
78 349
178 106
174 364
392 358
121 61
119 246
300 318
185 27
4 100
217 407
417 341
8 347
441 260
247 352
255 46
376 105
105 81
243 23
102 159
126 264
147 225
424 223
174 447
155 65
367 26
365 91
139 273
91 436
195 79
281 85
10 401
108 391
242 239
87 37
235 220
288 276
217 387
60 295
254 337
55 88
288 389
304 157
354 254
9 104
425 57
418 196
460 291
82 291
238 79
402 258
346 218
205 234
223 65
281 200
449 357
283 169
424 306
131 23
38 394
356 433
308 330
216 237
316 35
360 9
405 75
307 106
109 360
344 107
280 199
311 62
405 18
184 344
90 110
9 75
293 217
368 296
86 324
433 448
226 92
238 123
34 146
35 315
207 186
11 351
268 230
64 306
372 109
386 70
402 279
141 146
106 13
246 445
230 447
29 124
49 122
211 211
328 312
134 48
417 428
95 267
297 221
449 134
73 402
13 137
266 84
422 14
65 118
62 117
359 377
315 168
363 330
90 11
344 453
250 116
213 171
19 386
347 148
346 215
161 126
117 172
427 333
424 272
224 268
51 200
310 437
79 410
361 6
311 431
240 148
298 239
159 66
46 328
449 397
422 391
438 381
267 116
145 281
170 166
99 189
142 460
172 313
191 288
173 333
361 262
387 6
94 393
123 25
209 173
29 29
438 183
33 50
375 202
207 90
401 132
378 235
353 421
212 385
414 395
119 453
263 48
219 360
102 44
275 94
67 16
271 99
15 56
33 445
450 154
7 207
154 363
31 334
63 429
280 285
122 94
202 350
155 56
338 12
183 31
145 234
225 95
442 70
235 460
19 164
5 375
194 299
185 343
399 234
448 392
73 334
223 401
206 326
94 45
23 458
38 362
378 433
186 126
61 257
340 442
399 375
152 13
373 226
43 216
25 14
451 460
220 315
175 443
196 120
267 438
325 259
7 35
316 58
418 194
187 273
203 444
398 297
172 362
326 269
263 148
35 332
112 233
152 344
263 126
308 300
383 209
8 405
438 49
238 36
263 143
185 344
401 276
300 237
215 87
312 14
314 403
328 460
1 360
22 49
337 301
212 408
420 383
57 212
348 386
11 294
48 126
447 203
273 332
271 10
450 125
447 195
114 326
264 194
279 388
87 344
417 131
453 372
167 188
145 31
405 166
324 274
127 138
46 20
389 50
270 319
204 434
134 222
353 86
248 186
182 387
398 296
85 351
135 134
243 185
141 38
140 6
36 343
272 368
323 354
279 355
280 329
169 418
271 314
234 127
359 56
242 25
120 250
260 306
41 442
1 177
72 108
339 290
379 90
309 121
350 292
421 334
193 14
212 375
33 152
82 251
363 325
401 295
34 242
335 161
28 142
248 407
303 239
291 409
154 80
289 390
151 440
121 334
32 300
341 112
263 386
156 442
450 353
337 399
174 111
371 124
290 380
33 231
431 286
298 398
144 355
234 355
180 319
8 183
38 108
433 126
35 94
175 77
411 403
230 72
221 113
111 239
49 112
151 456
144 298
339 31
357 25
50 363
348 319
220 10
189 2
417 29
116 45
161 119
434 286
290 218
146 430
197 38
288 425
332 233
294 258
356 364
304 69
213 39
396 160
414 65
377 8
223 295
267 60
85 52
219 453
441 71
102 195
114 415
207 47
177 419
222 89
428 442
162 154
270 153
423 417
152 37
229 301
84 356
429 283
8 353
123 406
307 417
94 133
349 447
296 146
80 397
88 13
405 443
172 437
279 202
114 370
64 376
408 444
287 26
77 290
433 418
440 311
181 449
223 302
144 258
45 40
105 325
147 307
8 92
412 257
287 33
20 377
449 151
315 312
302 233
330 396
380 396
325 393
200 4
415 54
27 81
214 225
87 124
199 211
18 298
5 49
413 395
303 150
99 137
99 421
106 227
267 238
84 34
160 431
386 61
56 453
283 82
224 370
410 73
368 436
41 217
43 154
23 337
306 320
385 369
261 137
44 82
453 439
404 41
186 181
36 66
127 430
357 350
185 444
374 393
231 186
432 267
42 243
411 240
311 298
121 265
169 409
290 95
173 44
88 330
445 361
396 289
183 452
110 427
209 81
369 450
213 69
331 395
219 234
24 71
31 23
351 184
94 237
265 371
343 358
309 384
404 438
320 343
138 152
141 57
317 300
303 279
414 55
391 354
276 430
406 460
269 107
343 322
366 16
384 346
316 225
259 27
422 32
181 398
326 47
11 427
408 228
92 78
82 383
288 20
52 61
207 118
449 215
51 88
272 440
192 12
304 367
313 403
134 364
442 334
252 141
287 209
95 69
442 355
33 173
272 309
351 400
126 452
122 262
323 206
412 460
171 278
174 154
251 269
309 92
97 277
222 434
414 115
395 87
263 258
446 440
101 287
221 369
421 357
445 447
239 13
212 35
460 427
418 364
136 423
104 435
388 316
329 389
246 185
405 306
170 39
311 338
195 320
375 370
127 66
96 232
176 320
15 208
69 117
300 121
110 185
34 344
188 163
23 49
230 460
269 32
261 428
328 219
78 219
29 60
219 451
220 388
385 207
69 8
278 284
251 147
99 393
410 402
405 304
391 145
258 444
91 332
410 255
68 195
365 143
434 52
272 158
188 202
388 349
99 449
185 293
341 106
434 6
100 426
241 145
426 248
193 81
98 22
292 191
121 165
458 137
409 299
213 275
165 363
171 147
257 324
453 197
54 141
447 362
35 37
13 52
212 12
426 19
357 369
77 81
189 3
306 37
146 437
283 337
24 364
142 302
328 432
455 326
319 315
88 356
178 44
4 79
125 219
336 41
177 81
319 279
166 44
458 14
271 369
357 459
259 397
271 144
397 217
82 283
63 279
301 308
304 227
450 236
359 183
132 232
212 250
399 103
234 388
126 442
171 415
164 165
214 303
167 323
457 346
274 6
238 308
318 76
292 108
286 196
449 324
277 368
362 279
223 427
276 57
85 370
96 73
327 34
117 141
141 322
367 157
66 419
61 228
201 105
249 199
16 323
22 267
263 191
285 142
218 18
43 352
285 336
141 228
17 439
62 415
196 112
405 363
356 273
368 443
439 275
28 201
198 428
159 426
157 206
38 143
250 437
58 235
153 66
25 222
125 199
73 8
417 122
432 416
20 429
85 360
442 157
130 410
95 279
8 111
24 305
426 434
296 380
82 283
438 47
167 245
84 417
248 112
278 45
253 326
337 437
216 25
306 141
361 4
64 249
17 298
260 298
382 259
174 68
249 402
320 162
429 389
191 334
345 419
159 423
110 86
67 110
281 196
10 330
351 402
333 299
381 7
171 21
246 242
37 44
48 189
377 146
21 363
329 361
156 438
447 403
40 256
423 122
221 343
73 191
16 115
20 121
137 28
78 91
384 427
325 57
26 132
397 364
248 50
321 349
386 423
77 329
68 277
352 213
17 299
367 120
73 130
283 73
62 232
231 389
259 84
344 118
199 277
91 151
153 291
154 152
61 332
280 416
314 95
308 311
192 163
272 134
361 173
356 432
449 137
256 144
26 148
226 434
242 190
359 274
178 75
203 27
15 313
131 72
377 460
273 416
191 337
261 248
37 46
388 133
8 84
399 374
67 415
80 361
100 345
356 452
327 213
409 148
295 111
256 275
343 182
420 86
237 219
189 198
374 205
270 334
69 331
404 84
333 127
278 430
174 336
329 452
193 3
103 412
427 393
295 108
280 144
413 102
271 242
209 208
365 32
81 237
371 49
285 208
35 434
416 339
386 192
13 394
15 286
258 133
317 274
67 163
103 264
73 346
238 430
206 428
140 134
376 338
84 80
369 115
322 149
102 197
102 275
215 343
152 457
45 413
194 2
409 327
422 108
106 311
19 420
218 434
244 176
241 277
205 226
453 333
316 309
276 137
146 117
97 368
442 391
56 391
103 185
401 69
444 90
301 268
287 311
27 192
158 283
376 105
94 148
330 49
321 77
267 374
198 64
20 451
212 456
45 360
33 155
206 366
184 453
269 276
317 361
115 139
203 324
361 187
235 395
54 217
279 202
317 409
375 128
12 270
417 213
321 53
269 68
384 325
223 18
43 452
305 190
415 284
356 56
131 247
202 44
130 268
40 274
428 277
17 295
400 209
364 129
28 209
195 417
342 95
66 196
241 276
403 37
57 98
24 365
187 96
120 28
328 81
163 194
248 287
349 209
16 388
443 49
390 57
102 435
429 153
446 180
38 415
376 239
295 384
397 145
398 223
453 93
44 252
359 370
85 328
366 189
243 134
343 326
182 403
169 427
104 280
216 284
167 112
458 127
318 77
7 113
403 113
394 371
306 237
392 110
353 55
190 271
176 400
205 366
180 277
7 399
429 237
242 455
6 354
123 219
298 165
441 38
383 213
15 92
6 58
209 257
254 301
178 353
339 115
211 48
172 386
296 408
102 263
180 360
457 276
331 69
419 257
417 113
167 414
134 327
434 149
222 256
262 430
426 221
39 71
10 456
34 195
147 329
297 239
338 132
185 204
303 237
331 201
11 454
4 157
3 383
151 367
145 106
298 445
368 187
449 227
265 152
186 267
275 154
104 373
82 256
194 300
408 110
297 273
91 304
162 426
259 399
342 123
6 176
203 233
320 50
426 174
29 87
120 39
53 89
20 10
275 455
429 41
242 133
79 402
452 323
370 412
418 211
441 97
445 222
183 440
6 271
65 366
356 231
408 121
230 460
326 5
274 179
442 345
328 229
166 171
46 92
301 3
229 54
102 455
106 259
345 278
399 271
192 38
7 262
71 360
86 402
375 136
399 455
432 268
400 351
443 141
299 53
134 424
209 366
236 226
225 272
221 140
411 222
181 216
170 169
245 244
181 124
80 198
460 66
377 234
427 396
405 231
208 322
390 245
202 136
272 78
133 224
281 116
427 180
330 349
82 422
453 122
125 390
88 290
58 311
369 132
209 240
93 85
5 168
245 163
52 70
125 57
342 179
140 325
269 241
15 5
74 393
301 178
273 164
96 195
255 432
442 377
7 459
143 16
269 40
318 428
431 359
102 40
137 129
324 372
372 157
159 40
84 287
179 444
134 280
53 239
72 92
247 235
397 188
278 446
61 252
15 215
321 168
209 350
133 8
175 231
217 194
335 29
7 254
183 286
198 322
122 378
284 220
379 165
438 379
69 75
293 296
91 271
372 410
353 168
121 414
121 73
75 14
358 404
405 229
131 34
78 16
390 147
236 49
58 272
444 337
134 369
412 248
213 263
280 236
173 411
298 320
46 76
384 28
96 18
327 385
280 53
154 40
415 59
136 58
149 291
367 240
250 246
377 250
205 132
378 337
356 371
262 65
411 454
240 214
197 347
279 184
256 18
270 42
191 289
20 190
253 250
384 253
270 132
324 183
75 184
17 358
451 452
103 267
119 378
260 245
229 354
83 367
361 352
355 159
93 258
329 113
121 361
96 85
117 386
413 419
94 304
323 144
281 161
367 184
343 227
140 239
404 326
371 40
414 401
423 360
251 145
112 180
302 45
221 320
419 275
339 332
387 295
136 79
149 70
215 284
262 166
131 191
48 228
459 163
255 302
156 337
453 218
397 163
214 308
128 138
276 105
294 336
281 197
3 114
261 278
402 162
308 284
87 113
323 144
162 258
19 206
405 179
180 185
132 291
261 367
392 216
304 376
291 285
243 2
460 65
234 386
375 230
233 394
170 59
386 71
20 186
267 42
20 326
9 52
299 6
200 212
93 146
68 187
56 58
208 452
327 306
394 418
153 460
305 172
13 304
267 360
222 152
422 111
301 304
231 2
263 63
332 297
254 415
125 258
386 169
439 447
157 365
13 277
79 148
144 452
277 50
374 344
48 222
141 81
385 67
335 137
330 303
91 409
324 123
369 314
161 102
260 120
219 322
314 98
61 455
140 232
350 440
357 452
17 200
275 223
374 28
400 429
63 385
424 127
298 336
186 65
453 77
250 414
185 149
17 454
6 456
174 61
241 96
446 457
318 287
105 2
41 395
274 159
224 171
309 11
440 441
348 410
212 143
156 151
297 381
271 432
126 256
175 424
251 434
406 81
368 196
252 35
247 51
447 107
403 151
433 115
123 43
297 266
146 400
23 321
71 379
441 318
438 426
105 134
272 230
153 28
449 44
134 387
80 166
83 17
122 256
200 310
268 391
358 117
160 190
84 146
40 144
142 191
196 334
365 136
384 336
297 37
326 352
10 449
44 124
20 294
5 341
168 287
109 28
23 388
190 186
396 236
205 56
174 64
23 379
420 13
420 79
162 427
114 66
383 61
76 97
452 449
109 286
298 108
348 243
117 288
416 255
458 139
126 42
223 38
277 125
99 265
143 267
204 116
319 69
251 172
56 139
450 248
224 111
437 210
433 152
216 366
250 135
46 456
262 276
3 184
432 245
94 441
384 316
315 15
174 235
183 84
411 369
202 287
166 264
161 283
262 455
274 365
62 142
2 181
86 200
116 325
413 250
321 243
57 175
99 92
443 125
398 108
276 69
325 148
449 387
407 142
87 18
285 132
253 56
50 89
180 110
71 10
325 409
32 398
305 295
141 212
58 172
7 120
358 12
180 325
419 378
74 153
313 430
178 22
70 59
276 397
414 248
429 394
434 424
289 345
241 102
88 263
280 16
335 182
362 115
29 281
430 458
422 174
346 414
73 298
358 147
324 297
258 142
368 339
1 439
200 253
295 48
55 134
7 67
445 305
232 62
402 456
453 80
411 196
390 379
253 450
31 438
304 360
449 13
332 436
214 132
318 146
146 292
18 388
168 67
137 358
203 312
131 180
298 148
247 140
229 210
50 171
85 67
126 346
274 407
336 193
346 454
323 68
44 422
242 334
312 249
408 197
331 211
363 145
117 319
233 143
361 24
174 355
57 55
363 137
94 160
442 107
266 267
381 123
331 20
329 71
338 252
421 56
294 139
389 16
141 287
28 404
354 179
228 193
218 16
255 451
450 424
319 11
184 135
30 261
290 53
34 308
261 332
226 119
319 437
208 157
417 62
427 315
118 30
38 59
183 99
422 408
66 179
397 365
386 150
249 57
48 442
371 431
260 50
215 311
450 37
68 52
261 5
140 9
6 276
231 210
292 459
207 451
16 247
276 109
33 285
32 392
44 334
352 307
176 30
65 11
305 22
264 21
377 219
441 327
15 374
89 112
169 73
433 266
111 159
447 328
207 408
194 66
228 266
140 200
112 236
334 390
367 126
405 191
33 384
104 11
194 364
437 161
452 393
154 3
276 334
301 400
3 423
222 260
93 334
243 357
26 101
332 418
447 345
266 67
108 415
112 427
333 200
43 328
19 411
169 445
369 30
39 39
64 224
86 411
153 310
327 62
288 240
276 130
190 92
330 366
100 264
411 400
427 284
203 183
115 91
34 252
382 167
102 103
168 381
234 166
90 95
65 183
423 88
332 2
101 402
27 345
80 388
415 28
288 458
348 452
413 58
387 221
130 409
139 177
343 40
304 440
22 64
245 17
38 115
182 190
296 290
85 256
213 340
390 417
166 457
319 456
170 303
17 280
294 426
165 342
46 277
117 334
323 217
205 56
37 453
249 35
364 115
290 240
344 291
54 77
6 229
404 387
174 116
143 165
159 91
338 80
265 35
193 92
414 414
452 290
456 147
177 260
15 281
169 169
54 380
374 127
169 258
201 148
217 413
164 40
10 60
265 372
68 225
352 12
283 164
378 65
276 97
208 204
349 236
312 330
199 34
193 71
124 60
47 348
220 366
300 65
459 119
8 417
27 118
406 375
391 391
177 281
459 50
98 435
249 363
292 315
76 159
82 418
200 61
358 272
196 255
311 42
451 442
138 431
94 365
437 330
383 4
281 62
410 70
200 346
429 192
90 187
314 63
72 196
61 424
452 350
236 228
96 324
277 262
444 134
247 147
190 379
270 448
460 54
342 429
430 277
178 453
167 68
419 35
88 288
413 31
278 297
244 51
100 173
283 334
412 156
79 81
131 6
155 35
73 371
276 205
344 457
27 34
443 151
80 383
344 199
27 190
79 292
155 38
348 96
419 210
431 380
278 450
248 359
275 287
17 257
382 329
296 11
168 66
173 331
15 288
389 342
259 225
316 105
3 210
130 236
299 195
83 116
61 418
448 437
459 190
376 190
369 79
246 444
369 34
361 27
288 374
340 413
261 197
432 53
241 131
323 291
275 242
275 7
243 170
34 261
428 290
332 66
398 86
284 393
287 186
86 390
82 239
86 308
164 256
26 442
363 147
435 3
332 301
283 298
125 455
174 326
384 249
285 287
430 34
249 195
304 77
5 453
159 305
181 86
112 69
128 303
379 451
47 170
25 421
336 267
140 359
35 319
23 378
392 57
28 373
100 121
141 172
305 174
359 300
149 220
271 17
238 223
41 203
189 10
111 264
75 208
232 124
454 329
61 201
281 314
257 346
94 399
447 93
334 371
206 74
377 229
177 405
155 122
437 211
416 413
216 293
261 311
369 295
152 380
241 423
318 205
367 452
369 364
193 448
223 433
200 394
75 264
30 20
174 316
3 13
8 237
137 225
239 431
2 295
364 236
148 154
118 117
39 322
437 382
78 278
142 296
387 121
79 168
200 179
414 411
226 261
323 82
112 233
432 260
284 343
374 93
370 322
304 214
230 326
243 447
351 222
87 64
206 233
378 90
352 219
251 89
54 261
191 162
356 305
440 15
223 311
416 184
342 98
105 237
311 52
13 131
104 375
132 449
189 234
79 86
447 422
457 35
31 8
125 339
228 58
310 42
354 199
169 431
114 332
21 132
430 181
241 359
369 56
401 446
426 104
358 342
419 368
252 451
110 238
257 186
260 428
150 105
189 53
206 346
201 221
434 57
104 156
7 227
405 181
335 446
87 328
154 118
263 52
148 222
12 453
299 324
136 121
42 150
247 369
82 136
304 32
95 41
175 374
117 302
421 424
337 172
197 456
443 456
127 40
391 204
67 378
238 141
410 162
170 314
59 344
221 432
138 351
196 185
146 103
116 146
51 162
393 269
84 355
426 441
161 256
231 206
27 339
30 287
274 369
384 452
161 75
310 208
193 328
99 363
371 218
193 321
60 416
137 54
155 267
333 426
362 262
161 375
64 152
307 167
147 418
400 14
282 389
374 144
329 1
197 281
374 357
254 50
14 114
110 163
306 227
15 194
240 290
97 178
383 223
263 218
253 356
292 133
106 142
87 440
340 177
399 171
302 406
428 376
25 404
168 183
347 56
141 245
328 382
152 163
133 185
343 283
341 382
424 5
285 324
253 196
222 315
198 174
213 294
84 185
309 300
54 85
402 1
456 123
21 345
211 349
377 332
44 448
148 124
351 117
260 394
344 356
301 423
206 440
336 369
220 375
360 91
311 420
352 244
130 14
172 363
73 275
353 313
47 251
184 102
342 407
265 408
233 298
223 374
4 264
276 146
402 210
87 379
342 162
8 13
119 9
324 118
400 165
48 270
82 36
320 197
140 434
209 149
141 260
420 72
223 424
299 121
98 225
388 243
27 216
315 164
252 21
94 410
156 410
389 209
93 4
310 393
311 46
204 140
146 75
192 310
191 456
345 331
24 91
59 298
29 65
250 331
414 239
73 440
175 122
292 50
116 209
6 341
37 138
216 78
142 85
54 360
22 236
112 117
26 334
371 11
152 226
31 36
325 457
403 33
270 101
164 320
315 34
304 127
49 298
363 346
209 404
75 428
409 252
148 148
249 245
210 365
196 77
90 155
100 437
106 208
156 425
105 264
30 202
204 48
355 145
87 298
16 429
420 60
324 48
420 183
171 7
300 20
100 19
19 32
135 69
203 266
151 177
218 386
369 173
4 261
12 347
392 129
192 173
32 337
356 439
283 25
392 28
72 2
243 271
312 43
215 250
187 331
430 114
448 392
92 36
267 252
141 46
365 278
154 27
200 26
227 226
39 127
8 256
56 230
314 150
221 36
239 210
2 53
234 280
53 441
101 8
340 350
6 306
109 347
102 143
145 89
269 170
384 413
447 393
397 51
107 56
355 185
4 342
409 422
335 454
323 419
442 361
45 170
247 184
243 387
399 284
362 12
4 435
56 225
108 339
281 365
412 249
258 186
105 113
281 409
420 45
235 205
17 274
154 122
186 41
451 42
215 345
326 445
148 82
26 382
176 34
454 40
61 117
39 442
309 363
247 329
308 248
26 96
87 303
304 34
352 438
262 424
324 336
397 207
364 430
242 406
352 330
14 112
207 97
404 364
315 340
228 450
114 271
253 337
205 319
90 41
229 334
240 254
297 223
24 402
270 103
75 45
271 256
221 278
93 372
421 144
76 228
321 270
279 264
209 68
203 61
33 302
362 50
208 199
345 76
36 458
381 158
334 402
435 227
73 395
47 252
299 352
301 412
5 36
256 259
427 422
185 122
111 179
34 380
118 201
8 291
105 206
213 351
94 411
319 8
102 342
143 236
286 16
260 190
149 402
3 305
399 421
424 192
189 256
424 128
265 31
4 408
401 292
407 208
222 266
166 338
92 350
301 185
150 228
319 311
176 292
281 89
22 370
341 308
436 288
370 3
125 120
417 291
41 49
418 294
105 173
132 265
144 243
46 307
245 308
265 9
296 135
127 169
319 379
59 242
244 86
87 338
227 30
426 268
225 158
101 159
338 208
345 316
346 134
322 91
225 440
383 331
112 140
425 407
398 306
50 142
401 41
118 202
143 397
196 276
141 420
298 331
29 88
310 428
133 423
338 458
413 232
393 242
273 36
226 402
20 266
240 176
319 234
116 401
164 280
325 250
126 303
34 370
287 77
19 429
390 373
152 362
448 336
257 445
159 226
427 27
303 160
413 234
389 94
244 443
241 142
188 302
272 142
358 416
28 159
55 213
364 166
386 336
11 47
335 220
75 47
72 364
119 79
31 228
341 64
4 88
451 197
30 350
408 324
3 15
309 14
326 116
18 251
300 193
29 285
312 130
193 175
150 151
74 339
132 215
239 233
177 251
203 18
107 385
61 267
411 415
149 104
277 370
81 183
178 93
100 331
90 71
132 223
143 460
339 369
19 25
377 417
400 376
376 430
427 40
25 326
429 62
437 89
49 305
12 146
430 140
334 422
392 138
179 417
93 305
146 162
252 196
318 57
324 4
10 394
410 418
345 84
317 112
431 379
215 342
37 329
350 345
65 157
82 254
141 207
421 212
219 404
180 128
452 7
379 203
94 35
415 158
55 375
412 369
212 166
435 106
355 1
210 44
56 414
443 241
119 430
180 453
456 451
199 269
1 280
215 375
294 204
284 19
112 419
137 431
332 235
139 282
109 70
382 279
86 367
20 146
309 336
263 389
259 308
351 438
280 201
252 302
54 272
157 208
370 292
161 427
294 240
445 30
235 86
55 105
130 248
173 453
459 79
345 136
65 261
310 36
82 424
354 442
95 368
392 387
127 52
354 15
292 58
291 4
380 311
35 398
147 311
74 221
226 62
179 242
451 62
347 139
9 226
424 125
251 335
11 63
135 267
322 341
394 434
285 332
213 167
108 220
441 413
72 292
240 84
26 223
212 76
260 316
248 116
304 321
330 216
304 73
285 61
96 86
453 311
119 318
132 221
189 24
371 436
176 121
411 36
321 241
103 238
245 48
370 367
303 161
110 331
161 458
171 407
341 133
348 143
27 424
123 251
207 326
445 401
130 118
176 114
80 81
157 12
251 183
25 177
39 60
376 278
222 391
248 308
383 95
310 394
451 39
314 240
372 297
346 168
63 26
142 18
337 459
322 16
371 14
171 33
218 263
313 124
194 286
61 331
21 196
60 403
190 386
398 397
312 393
111 189
405 77
356 40
221 352
12 266
128 189
232 215
379 147
415 60
193 212
368 73
312 183
107 224
374 288
123 101
302 59
91 120
30 272
71 280
341 299
70 290
41 83
160 30
426 396
85 335
182 55
31 10
225 57
294 362
28 14
363 126
363 373
116 326
53 199
457 288
213 143
129 360
293 134
201 82
205 231
231 457
172 107
35 327
366 441
347 176
248 343
363 52
312 133
80 71
68 282
230 203
304 53
216 21
397 182
280 154
166 322
239 157
121 131
159 232
148 311
220 426
8 397
5 139
446 285
447 162
291 316
195 93
436 3
134 378
108 115
413 47
318 39
376 118
163 249
447 150
426 292
234 350
138 174
39 421
164 179
152 341
349 87
20 163
125 35
186 99
183 226
5 259
189 26
117 403
118 175
159 456
388 97
20 63
122 339
424 221
24 113
355 324
265 276
331 24
67 62
456 87
403 387
169 368
406 49
109 133
129 327
438 87
458 433
79 85
222 286
54 172
227 78
301 129
395 275
273 391
156 314
362 422
195 230
179 321
229 246
29 153
277 401
364 402
164 202
137 26
400 341
282 148
406 313
176 128
63 242
104 317
68 307
341 178
420 256
16 11
212 93
340 339
214 180
447 301
108 191
445 457
251 157
114 22
207 304
26 58
52 305
373 199
122 329
198 77
286 289
368 269
456 109
251 165
70 382
444 16
410 110
5 196
171 275
43 292
101 250
258 347
334 165
375 212
13 97
260 315
335 205
282 170
155 340
132 243
7 353
157 130
85 401
343 135
76 306
273 18
404 346
305 448
417 239
405 32
293 296
318 415
129 68
192 124
338 288
9 374
127 434
92 235
147 223
46 25
216 103
419 332
143 24
30 170
119 203
12 262
100 178
383 134
160 340
184 146
133 115
274 369
59 364
251 346
340 26
131 367
53 351
367 25
29 275
230 421
415 391
331 224
394 2
405 137
45 97
290 17
267 5
188 273
428 149
435 200
137 48
351 14
120 143
67 336
363 63
126 452
194 175
278 330
82 113
309 8
43 353
228 151
110 317
423 62
229 248
293 42
188 364
142 406
131 348
438 193
414 186
14 413
163 255
355 272
382 269
264 139
415 329
431 20
8 23
192 105
440 51
316 208
29 443
76 147
402 145
232 380
291 453
15 272
21 210
248 1
372 388
408 427
282 272
295 170
326 3
173 404
324 375
104 267
161 184
439 426
452 374
418 181
79 321
373 83
256 42
174 226
443 266
352 436
247 115
41 415
232 214
253 84
331 238
241 265
316 448
67 218
121 327
425 18
419 454
39 433
202 350
441 26
244 410
358 400
9 250
358 445
67 97
371 127
108 452
104 307
135 150
58 108
180 312
158 266
321 161
299 251
423 329
57 50
47 324
342 125
68 243
225 74
363 369
432 414
5 143
67 138
331 25
416 378
451 108
126 352
278 165
133 209
387 242
120 359
290 60
228 142
235 454
363 387
273 305
298 73
208 251
294 114
158 434
411 308
53 136
221 315
279 375
62 237
79 131
376 329
286 274
10 380
285 381
378 189
413 141
223 40
263 25
279 384
38 151
159 440
391 106
119 394
450 212
186 21
362 266
295 277
437 164
454 447
322 132
124 197
242 127
230 221
347 295
126 136
338 94
75 108
19 458
214 410
366 69
182 397
277 254
108 156
271 116
192 255
251 167
217 13
122 33
191 421
26 128
261 386
195 155
149 286
454 31
144 114
28 172
217 122
20 133
205 378
215 292
93 440
150 27
313 47
424 129
376 107
386 293
114 289
146 223
22 95
160 386
207 128
380 55
192 262
234 420
116 189
76 430
347 166
431 338
348 83
389 205
432 92
147 403
425 148
317 324
152 88
418 313
225 263
253 35
307 104
43 354
180 52
351 280
64 153
369 444
261 32
374 373
201 355
262 452
135 174
252 406
170 333
62 51
365 38
431 252
402 70
75 393
458 428
221 320
392 164
432 78
93 69
102 408
138 354
205 113
248 230
430 362
226 443
390 405
323 292
211 370
208 428
134 335
272 223
290 18
418 150
7 321
275 124
205 358
170 160
56 266
240 456
423 264
280 306
9 385
198 398
139 352
102 128
196 224
444 41
101 258
410 135
64 252
6 323
7 121
136 451
33 455
217 67
23 242
12 274
185 346
334 46
164 34
332 231
157 4
380 388
154 368
121 185
405 223
100 197
436 208
279 227
363 422
15 287
407 91
428 430
290 105
147 390
453 174
274 23
259 388
325 104
21 459
385 335
26 206
177 376
382 254
407 52
432 154
297 125
56 186
166 274
295 214
7 66
175 202
424 79
11 434
11 387
272 338
387 161
65 197
150 91
349 312
16 57
432 130
24 276
298 393
148 169
305 156
332 249
38 311
105 90
70 191
178 102
281 139
330 305
148 344
192 80
176 4
434 436
373 356
218 287
218 437
244 167
187 56
196 23
262 133
17 310
260 372
248 152
379 306
172 444
57 153
102 277
87 220
21 15
221 409
421 224
165 413
193 396
12 247
307 196
356 425
243 395
80 355
149 401
172 393
217 98
183 220
177 209
161 60
289 42
249 189
291 452
432 71
90 249
212 50
314 23
65 446
111 325
253 185
398 267
311 122
95 226
371 426
60 158
211 143
11 316
268 342
295 143
247 275
35 378
382 34
219 201
357 190
312 251
265 360
163 406
91 83
226 3
134 283
25 266
406 458
32 8
382 437
44 18
54 392
86 414
305 436
82 410
436 319
266 44
125 144
250 351
325 126
391 142
385 426
204 37
398 454
450 277
108 66
214 393
271 225
247 371
146 21
276 291
167 290
370 146
245 330
101 143
179 404
413 404
167 145
237 353
77 167
41 330
18 456
150 415
259 323
192 439
329 159
124 53
277 83
346 362
243 78
95 136
36 383
435 372
221 447
241 88
103 346
156 116
396 144
252 57
156 113
231 170
258 322
458 417
268 209
89 232
383 247
28 359
95 442
321 280
110 164
7 200
338 58
280 379
283 63
334 28
351 129
268 397
253 429
55 448
157 238
387 15
294 100
101 111
359 68
23 100
281 44
341 201
322 318
177 298
333 410
128 79
422 265
338 41
75 378
284 272
157 166
318 336
110 165
3 248
408 287
292 80
386 322
428 12
49 125
62 431
399 177
191 411
61 126
244 138
388 361
47 377
426 47
153 205
413 261
192 228
318 436
265 274
175 297
245 330
25 48
391 422
354 256
112 161
421 279
118 290
17 78
120 205
85 274
290 375
116 287
47 291
223 229
460 159
250 275
430 205
54 268
364 238
401 444
80 405
39 31
303 179
11 454
83 181
47 317
211 295
159 206
136 69
34 234
290 342
201 339
358 179
25 301
90 76
204 307
271 227
131 166
43 444
436 204
114 189
175 240
372 415
250 102
213 392
6 77
90 368
18 236
144 18
198 172
406 197
204 407
170 115
54 5
87 105
203 140
365 334
356 359
117 383
36 222
419 301
274 252
49 229
377 302
293 349
230 362
392 19
2 116
408 129
204 53
131 2
59 52
142 255
453 1
430 376
28 407
200 163
438 223
221 27
349 350
160 174
390 247
386 341
264 217
199 210
342 199
281 247
129 206
133 184
236 319
379 285
123 167
409 340
25 257
62 58
200 317
422 76
356 236
300 315
329 314
366 452
77 85
228 432
294 24
47 109
43 2
92 460
351 259
300 85
310 308
56 247
320 205
182 394
375 224
379 169
228 334
144 197
240 39
372 61
286 131
451 57
328 248
343 440
241 162
412 211
302 145
7 90
287 222
259 43
368 255
322 118
133 59
419 60
178 169
257 109
46 34
164 281
327 299
105 182
275 326
12 51
393 131
441 80
217 198
116 379
322 423
61 150
387 442
131 422
18 70
321 283
420 126
96 366
92 425
344 413
253 170
6 359
127 13
272 381
20 99
46 433
385 346
76 384
330 250
155 186
82 310
48 395
147 356
377 97
29 270
429 176
415 15
363 447
363 104
337 183
106 447
240 425
95 123
443 439
262 88
262 316
340 369
364 386
310 210
123 311
73 404
104 408
318 44
388 194
270 425
76 418
47 7
189 221
121 415
374 37
26 56
77 13
295 376
457 57
290 175
233 22
370 132
378 426
214 114
30 28
195 225
70 409
175 242
129 310
35 214
341 435
210 108
187 53
427 332
429 427
113 332
293 22
51 433
354 140
60 295
391 260
280 227
131 197
332 434
157 388
170 344
85 331
394 376
124 140
71 265
183 431
1 341
308 435
107 284
434 124
451 181
448 426
147 281
435 293
346 35
198 405
55 263
255 100
242 125
453 56
349 167
57 321
421 385
169 446
460 381
313 80
429 215
396 366
400 34
339 161
136 231
372 1
175 49
398 1
201 415
236 413
425 71
278 293
145 21
142 83
358 278
229 236
127 125
417 351
283 255
273 2
387 304
424 433
460 328
449 307
445 269
98 30
149 145
257 357
168 326
70 148
334 162
64 254
400 297
24 23
170 159
295 405
175 246
196 320
36 392
197 322
330 256
306 191
65 41
35 382
388 427
237 144
344 171
429 387
285 259
351 145
137 306
12 299
397 23
31 185
374 369
28 375
142 298
235 354
447 97
18 237
157 330
133 383
253 207
361 378
178 381
141 288
286 337
64 359
447 148
217 324
265 86
193 379
74 147
336 260
91 169
114 265
186 452
59 384
31 438
10 248
425 202
32 235
39 39
279 262
212 459
185 244
410 134
252 351
265 396
449 398
203 140
240 321
381 185
436 295
7 76
397 459
207 221
373 446
64 431
291 109
47 124
285 387
73 81
62 59
351 19
429 161
242 31
158 18
191 136
352 178
193 325
109 341
460 287
120 199
2 184
236 294
396 359
283 47
270 298
224 167
288 73
287 343
73 8
158 249
170 151
74 19
257 310
435 352
356 270
116 56
195 292
279 423
333 171
49 108
276 313
323 123
291 455
452 420
367 105
350 119
50 340
21 413
294 452
97 388
104 40
366 41
389 153
36 41
28 66
90 60
182 444
368 66
319 167
56 402
40 156
148 333
374 340
152 276
167 444
262 354
180 300
59 199
102 99
168 284
169 268
103 421
159 318
196 87
414 107
171 201
84 37
88 19
443 408
145 302
388 449
393 233
338 139
71 147
316 329
103 392
420 394
298 14
223 49
233 123
141 28
185 260
280 309
63 89
337 98
12 250
336 280
199 153
210 98
206 414
57 322
320 389
81 217
21 445
396 303
226 44
115 105
410 61
140 281
274 78
88 429
72 373
231 117
140 144
171 2
44 356
449 151
78 223
9 307
291 232
240 62
351 148
91 121
454 208
394 71
356 422
171 326
28 363
166 124
283 405
24 162
26 206
252 404
24 336
110 294
359 435
447 439
205 221
198 192
408 36
354 49
325 136
222 238
14 172
319 271
316 133
323 213
315 29
369 90
253 156
113 95
225 93
449 22
301 236
36 80
200 102
201 311
351 361
221 299
226 85
418 364
288 190
206 44
340 423
266 383
368 440
433 369
85 127
456 25
193 49
438 422
160 34
339 136
434 161
386 309
284 194
259 109
203 333
204 194
269 23
154 203
254 259
275 185
65 178
51 234
440 158
107 59
371 248
193 396
342 205
262 106
433 292
262 414
366 42
114 372
338 278
92 277
368 142
305 314
110 319
400 249
310 70
217 385
112 399
371 215
123 109
337 35
243 431
174 239
36 95
419 227
271 208
219 230
197 237
273 48
125 277
179 112
421 181
12 281
151 362
267 42
305 101
139 453
425 88
82 338
58 350
18 156
2 281
20 227
414 55
65 262
283 29
250 171
245 154
245 44
198 172
16 109
420 393
18 63
19 246
357 423
407 344
254 202
155 93
158 281
96 276
98 411
214 118
436 319
106 165
333 409
58 39
388 340
142 357
284 341
69 134
61 47
296 184
175 430
191 222
254 310
456 41
71 219
445 102
360 50
74 246
162 165
338 27
168 457
394 159
285 371
217 142
296 221
212 425
345 60
278 364
392 16
386 147
157 240
358 352
61 147
289 1
154 440
204 117
132 13
75 111
43 396
89 67
143 224
255 369
394 280
207 240
401 119
113 292
347 80
460 280
258 126
268 170
434 460
179 285
207 291
32 28
9 224
60 175
128 87
271 256
50 298
223 348
233 275
174 270
350 210
373 49
378 195
347 437
341 190
220 63
104 225
28 35
150 348
413 453
334 314
460 379
74 250
329 34
405 393
424 119
256 370
425 34
282 96
68 304
378 297
25 296
166 417
394 452
100 263
148 88
108 158
109 355
125 152
239 139
342 237
200 303
133 381
395 276
68 303
147 234
173 416
104 214
439 458
373 13
349 256
321 391
118 395
270 108
379 282
72 392
399 425
61 61
184 59
366 404
239 397
276 28
127 186
372 60
109 152
435 271
456 252
207 436
158 54
413 18
348 142
159 449
350 439
50 92
355 109
351 124
243 130
366 96
237 103
329 133
2 455
116 147
172 210
112 94
137 145
30 55
26 246
384 34
250 79
246 403
287 83
129 249
420 200
361 58
457 448
432 168
394 3
64 26
328 410
122 75
55 268
252 138
252 196
290 143
362 100
37 257
161 246
137 187
189 428
126 87
116 174
434 41
350 55
72 6
328 56
98 308
139 175
45 190
88 301
368 385
428 309
388 449
168 328
58 181
142 194
135 452
209 251
425 234
165 441
325 59
458 61
1 388
341 400
210 211
225 242
110 85
400 125
70 153
331 45
115 187
434 141
279 456
192 84
36 432
409 427
65 54
316 284
284 378
355 457
309 320
313 98
316 97
165 18
223 279
1 91
312 381
443 385
428 309
202 218
3 109
346 163
182 413
247 42
361 356
346 97
240 14
24 128
225 316
375 186
328 62
277 220
304 40
134 163
291 292
255 172
292 138
412 388
333 231
337 150
96 300
159 199
298 44
195 419
394 340
43 274
23 436
109 126
53 420
67 182
95 343
233 261
345 444
1 68
273 5
150 48
29 378
203 184
343 50
337 348
352 454
154 291
344 337
252 35
196 199
244 288
261 123
370 425
314 243
382 277
213 31
91 174
238 418
398 357
67 441
430 304
358 413
10 160
454 392
289 302
224 434
331 231
295 53
262 430
246 431
406 409
368 312
229 287
5 386
168 433
178 241
199 168
178 365
139 423
432 57
106 452
143 158
33 368
87 380
66 75
448 114
173 225
332 364
96 416
412 77
218 277
290 428
112 420
185 98
42 95
460 449
406 6
280 253
275 445
354 61
328 75
347 358
230 170
310 272
337 57
172 186
197 432
96 12
133 320
256 221
145 5
37 331
117 291
35 449
353 282
278 212
54 7
51 89
138 147
383 228
310 454
125 315
364 130
345 198
406 249
312 93
82 32
369 115
402 166
187 411
227 345
375 273
371 364
23 142
207 231
118 459
48 398
55 387
135 6
81 95
124 78
170 66
139 197
382 210
345 434
394 273
210 87
303 41
429 112
278 363
136 317
14 150
294 366
374 397
248 104
65 204
424 166
181 250
357 446
185 299
421 156
210 129
321 237
52 128
241 108
14 422
19 230
412 66
94 305
425 225
283 316
209 423
237 95
305 16
129 267
346 281
439 51
37 87
259 129
49 305
63 309
178 256
15 150
188 204
199 239
428 168
321 287
396 278
375 219
444 26
251 432
233 262
297 35
362 400
274 327
12 179
245 8
29 446
183 195
277 108
47 355
263 191
312 241
410 352
410 98
452 244
34 322
338 136
453 449
381 275
126 107
409 195
347 252
453 107
102 16
394 87
245 223
454 176
416 130
383 441
152 149
234 2
282 251
357 6
26 44
329 231
406 309
163 101
110 316
393 183
246 100
257 148
95 293
263 65
419 177
373 434
232 323
135 145
304 175
409 356
253 182
410 336
24 319
126 100
118 88
226 299
49 452
448 108
88 78
252 21
39 325
366 331
269 428
202 235
166 70
422 131
223 342
185 147
93 187
421 280
177 257
399 129
204 64
391 437
190 225
250 369
32 165
188 2
143 440
250 67
143 175
327 317
10 156
60 448
375 373
5 17
219 182
75 321
189 313
162 65
58 328
321 192
220 457
96 387
61 254
339 164
128 412
155 106
168 112
371 63
118 263
29 355
126 267
188 437
185 9
426 263
236 409
33 53
277 262
18 12
251 199
16 292
213 318
300 394
102 309
8 15
194 157
152 333
94 275
68 389
222 443
143 259
319 444
394 400
436 386
189 272
246 347
29 115
49 372
438 191
2 283
47 440
457 45
424 122
274 291
208 34
48 184
395 446
275 57
152 235
169 447
96 186
125 383
383 50
215 142
113 327
373 367
360 402
292 400
294 56
31 341
327 170
146 242
109 326
269 91
375 165
180 113
135 319
244 355
161 371
147 322
460 292
349 456
76 163
125 16
119 110
82 262
25 458
292 227
437 301
408 355
415 277
423 86
53 288
124 312
195 275
30 184
315 374
91 151
144 61
331 337
313 71
216 173
267 126
156 33
15 73
312 146
339 210
128 47
444 134
151 249
353 437
225 12
11 374
457 198
212 368
61 241
9 12
416 48
394 257
201 436
265 420
32 140
252 272
425 110
424 152
229 380
225 265
391 247
396 371
50 405
320 107
7 45
342 455
102 377
458 184
372 284
86 13
102 399
216 135
371 345
328 456
269 312
369 30
130 207
304 82
388 429
161 117
425 207
36 270
210 456
440 343
25 340
330 213
148 36
417 305
386 389
385 4
433 14
83 16
431 449
19 447
297 95
41 311
167 18
54 274
116 30
192 412
297 285
296 389
63 118
41 283
59 199
265 223
405 95
327 111
114 299
346 108
45 342
442 288
346 121
374 437
312 228
301 298
329 21
332 362
32 291
224 71
354 102
104 445
290 220
189 64
244 387
199 94
457 66
108 189
33 154
214 314
40 365
414 102
328 452
400 130
112 135
199 57
436 197
61 93
327 270
209 346
167 431
74 445
206 133
319 29
244 41
260 334
61 23
402 244
22 189
131 125
107 283
62 244
214 68
207 150
411 261
153 265
170 124
196 362
295 380
157 242
229 416
38 148
271 319
346 403
440 376
269 79
360 272
100 319
61 185
299 196
208 421
24 19
372 369
333 251
69 15
449 244
290 182
156 8
202 373
18 139
382 133
220 323
294 4
44 248
156 248
161 383
27 171
119 43
26 107
407 160
393 165
152 452
79 263
112 148
436 18
337 407
252 297
326 237
203 91
395 144
41 13
300 438
378 96
144 85
398 405
121 282
121 52
199 70
21 113
133 91
51 378
20 344
255 178
64 311
215 351
285 391
105 235
219 426
373 84
392 442
303 443
460 138
180 392
118 221
297 368
208 54
384 456
452 291
254 348
440 16
56 58
214 392
88 277
124 359
407 394
152 138
188 360
437 208
12 326
435 38
106 238
27 44
62 5
251 429
190 51
379 160
406 159
160 186
128 403
277 159
361 265
70 317
334 304
279 251
209 357
106 438
186 321
12 395
227 314
148 7
240 198
284 333
306 386
120 246
85 153
184 365
312 16
173 455
353 162
268 33
435 119
222 17
100 269
130 101
132 256
19 430
39 288
394 147
224 201
132 10
308 333
321 19
94 97
189 94
393 444
342 355
174 236
20 284
259 222
454 314
139 91
318 357
228 121
293 203
184 362
274 416
273 105
108 51
412 444
421 332
346 250
243 454
359 101
293 215
108 301
110 427
84 215
139 119
277 249
403 317
295 77
296 326
197 27
222 285
251 108
311 136
69 335
287 262
45 354
398 149
441 104
159 147
98 414
337 122
224 362
229 230
331 114
402 164
402 207
327 353
307 340
386 133
136 130
445 394
10 184
284 332
390 304
70 247
127 261
80 24
173 383
84 118
275 290
288 99
168 422
6 457
26 207
36 268
226 393
425 79
175 360
449 135
363 390
40 301
398 197
176 94
267 79
172 347
35 132
135 124
222 388
73 30
100 32
128 64
237 224
38 425
460 275
345 451
279 229
355 193
328 21
429 405
170 47
238 419
102 428
100 239
45 139
436 23
341 416
7 111
148 449
227 431
281 59
375 276
460 329
19 283
444 319
399 327
19 365
45 333
283 10
439 173
313 274
268 340
92 452
204 403
280 44
48 438
205 81
90 98
16 409
240 307
64 457
322 260
357 349
355 197
94 60
98 319
14 412
179 144
35 426
242 452
357 311
263 357
107 458
102 114
250 413
331 103
426 81
30 161
433 352
346 148
258 102
136 391
286 453
452 392
342 21
352 78
21 161
77 257
298 237
379 186
340 418
329 15
393 55
196 358
236 313
339 9
263 377
314 400
279 20
13 365
58 363
288 49
391 292
332 215
279 38
294 220
132 152
94 427
317 401
168 260
33 325
131 250
382 46
196 336
328 247
228 367
203 419
280 18
377 363
458 168
238 43
59 224
121 427
112 22
199 374
389 332
376 454
178 371
456 143
397 1
437 346
151 235
337 220
215 422
356 389
101 416
255 4
74 151
67 151
417 36
125 442
265 33
3 306
9 377
301 273
117 433
26 272
281 102
143 244
68 10
351 178
265 233
385 249
268 452
127 179
6 410
383 45
396 210
107 24
394 209
453 365
205 127
170 374
51 157
124 285
400 347
201 387
120 283
240 264
365 329
355 142
387 111
449 334
316 56
193 187
440 263
446 339
438 416
25 243
57 243
87 36
254 16
322 348
358 318
404 444
56 457
25 296
385 94
195 450
57 97
444 59
333 282
370 156
133 245
327 311
348 234
58 320
333 175
359 229
266 75
125 251
227 414
226 449
183 343
250 162
344 292
418 254
209 235
339 75
61 63
83 316
355 391
244 447
436 43
153 251
345 20
188 68
55 386
343 243
412 429
231 215
6 361
181 69
199 66
177 359
442 223
375 342
38 7
327 365
358 112
320 409
455 206
5 59
287 362
299 312
14 188
65 131
207 43
330 396
238 198
453 236
8 459
311 200
214 71
293 322
68 109
112 415
166 456
28 437
443 233
204 387
392 64
406 121
330 68
122 94
415 423
129 326
137 141
200 171
170 350
8 309
293 265
218 327
168 136
373 371
221 157
344 83
428 267
420 436
271 439
28 131
289 28
121 306
455 363
51 11
371 291
17 312
86 160
361 141
240 243
339 44
449 52
446 426
330 166
453 241
217 308
183 15
385 40
357 427
262 286
297 127
433 140
83 93
344 433
50 411
340 216
370 320
289 7
106 176
373 60
12 208
353 198
16 232
114 305
369 206
216 104
201 392
348 387
31 260
349 364
274 425
260 223
365 16
413 214
6 409
373 59
49 6
322 78
275 176
414 164
63 314
249 259
14 253
205 265
186 149
76 438
134 51
84 104
131 6
315 286
332 52
215 297
440 51
253 293
252 25
271 345
277 106
101 222
51 45
173 164
393 380
280 234
328 297
79 253
338 259
176 145
158 113
288 431
10 218
2 170
220 51
345 61
413 237
163 369
286 122
248 289
369 16
439 193
63 145
210 1
286 197
233 113
80 55
190 109
173 310
13 368
38 311
95 12
37 185
107 371
6 371
151 423
361 307
186 376
14 161
206 404
179 445
193 62
106 3
348 272
132 92
294 76
332 202
300 49
36 398
102 274
400 284
193 142
53 430
137 53
297 338
150 136
165 11
412 106
57 370
369 440
145 171
277 296
283 378
386 13
19 107
28 26
280 264
135 249
381 249
377 267
94 366
356 221
59 50
140 262
136 189
142 297
384 458
255 230
161 72
45 395
287 125
225 374
197 175
249 228
342 403
86 354
217 9
261 328
183 188
136 94
420 147
133 454
238 338
71 271
317 156
261 392
194 458
297 34
349 172
206 199
17 89
411 246
453 311
99 69
446 223
243 291
188 103
288 82
349 358
246 140
164 61
183 252
32 343
184 334
286 35
199 202
118 258
354 452
225 282
146 1
43 304
116 279
359 400
106 231
285 125
430 73
281 157
178 66
19 72
179 419
302 163
124 75
153 190
375 226
140 87
31 426
230 160
209 133
253 115
286 24
139 86
209 331
342 72
266 406
111 164
317 233
231 190
399 278
42 100
303 89
328 71
348 33
208 460
111 281
111 216
245 72
95 272
334 90
134 66
279 445
82 86
327 17
288 252
101 234
142 1
376 369
85 219
144 402
71 161
100 45
389 148
331 438
120 125
347 438
255 68
366 216
76 14
400 10
26 435
52 53
448 239
224 250
177 312
252 243
56 333
68 244
201 133
365 173
455 329
287 264
145 430
400 436
195 115
76 365
433 387
442 438
35 236
266 108
453 28
457 204
2 72
99 401
341 99
343 333
451 206
79 142
77 86
431 30
166 93
413 123
131 388
312 300
433 68
168 366
306 147
8 171
171 112
430 406
422 205
245 379
52 360
110 192
232 41
181 198
125 399
366 37
209 214
326 214
380 91
360 364
381 67
445 308
301 386
60 349
23 91
186 284
270 85
204 450
62 45
345 140
406 428
251 384
229 384
304 456
163 451
43 90
399 188
381 182
458 408
56 259
362 343
403 251
197 211
34 233
370 157
138 178
388 234
392 314
71 426
412 48
19 382
252 317
12 394
244 193
195 429
31 266
392 47
114 76
26 413
76 86
90 378
359 87
325 273
400 350
409 207
278 55
98 43
55 369
128 292
439 442
327 342
200 179
191 216
253 174
73 24
150 275
167 433
205 131
96 324
34 18
104 188
236 284
450 280
46 283
365 263
167 343
104 90
32 115
24 248
357 276
377 71
262 134
429 132
77 185
324 300
359 34
34 405
399 182
108 147
350 241
192 71
250 320
58 227
303 148
76 397
62 140
1 400
84 395
446 320
101 256
