460
8464
115 385
283 169
305 224
377 413
391 258
216 295
281 325
11 206
223 275
231 97
411 227
111 335
66 95
404 378
205 322
77 40
92 279
345 36
288 238
278 391
98 358
350 401
133 213
145 418
262 95
210 320
310 74
268 455
299 180
76 293
382 385
32 398
407 453
397 219
288 305
28 330
200 18
127 92
73 378
17 411
397 456
1 175
3 166
418 450
213 68
95 430
34 2
49 116
123 239
327 146
324 11
67 300
417 166
329 218
411 146
260 129
75 69
333 160
248 408
119 388
290 306
14 280
369 379
392 159
338 180
400 384
273 309
226 213
62 78
206 201
211 34
51 123
175 42
135 150
201 194
44 211
133 399
296 445
231 123
34 121
39 195
359 168
330 433
439 14
352 196
158 147
358 39
99 290
249 262
323 446
420 379
274 32
235 153
357 156
437 115
216 391
396 271
211 212
127 148
275 204
168 416
399 381
90 129
98 148
419 277
426 403
287 280
334 76
25 270
51 221
268 1
425 275
175 372
205 239
427 151
34 75
245 256
216 393
459 204
158 412
176 328
200 312
174 378
82 98
58 407
185 52
65 321
395 399
391 45
411 286
295 321
97 289
312 153
326 20
30 203
2 66
155 248
362 147
11 155
315 228
258 101
240 207
207 184
327 384
78 42
10 296
420 426
421 451
30 402
16 110
202 246
369 84
254 351
183 407
115 441
450 191
210 353
4 331
106 111
306 34
306 42
407 203
435 246
354 413
176 311
225 336
432 247
460 82
214 355
272 295
343 102
336 424
78 111
59 252
46 176
334 297
325 398
195 98
181 235
383 330
273 441
175 318
457 80
225 354
248 9
206 230
198 142
179 91
290 243
379 341
260 207
268 12
181 410
381 436
258 173
415 366
443 338
269 346
245 352
31 422
416 43
266 38
310 318
306 192
160 326
12 112
78 108
331 169
109 143
193 177
373 232
4 417
186 214
266 204
191 323
81 262
206 247
367 221
18 214
101 33
104 258
143 239
360 45
376 207
205 419
275 449
217 4
386 343
208 126
433 263
385 375
409 351
289 310
237 115
87 287
367 459
201 427
196 420
435 85
256 374
136 447
207 127
205 115
347 408
337 301
314 314
20 123
379 1
321 211
457 255
197 13
420 256
312 48
6 226
296 237
397 399
384 179
135 280
361 366
115 89
370 215
232 215
93 241
147 205
215 108
243 386
215 119
283 319
61 403
147 86
194 365
15 204
19 80
301 400
365 279
221 355
44 379
297 17
420 198
36 250
327 92
420 328
155 71
47 48
100 357
59 212
330 287
76 308
450 172
395 259
422 143
351 311
274 301
403 372
346 174
63 426
214 414
122 153
167 446
402 299
252 34
180 424
198 248
430 414
125 221
367 190
457 72
181 420
148 361
332 171
108 3
384 88
329 423
342 82
117 186
32 446
343 451
298 444
385 199
404 54
445 324
354 91
382 356
47 342
327 93
87 194
454 21
15 111
102 428
343 263
16 407
64 164
183 345
407 352
445 365
194 203
166 75
83 305
191 75
415 131
305 76
342 293
397 383
279 58
310 103
75 452
135 56
90 116
242 281
423 341
75 444
261 227
53 260
290 189
227 151
346 2
362 225
28 250
53 45
325 127
460 287
290 215
352 438
127 277
379 232
298 197
385 181
45 153
126 331
6 446
57 127
261 54
127 293
21 261
193 86
93 142
217 400
423 144
330 417
412 49
101 349
163 274
350 51
184 151
123 8
44 293
80 73
407 191
72 23
299 74
119 439
321 173
264 10
342 216
283 342
184 20
138 316
75 196
20 279
340 39
397 102
148 140
70 446
406 77
316 328
369 291
28 12
38 401
119 275
76 128
423 340
337 260
45 315
149 20
198 381
67 295
339 247
187 179
214 353
340 322
276 156
80 232
415 121
409 295
230 428
210 130
312 437
403 225
34 310
90 16
226 212
365 414
396 289
270 126
452 201
377 118
310 309
47 188
172 163
181 120
38 77
444 162
227 103
64 148
140 266
323 88
370 387
342 70
71 328
383 393
389 379
173 396
352 264
296 369
26 44
348 417
20 145
105 227
33 35
106 106
47 124
148 356
328 305
180 147
109 32
415 373
250 387
69 244
293 37
377 360
47 185
242 181
427 397
215 275
292 333
456 155
186 99
41 108
102 451
50 228
226 165
239 275
167 22
143 308
305 454
202 448
164 224
430 137
81 14
377 344
388 420
439 205
392 396
453 153
191 138
408 115
8 81
21 320
402 207
176 430
216 399
312 182
73 105
118 208
455 301
16 219
443 226
52 457
321 417
56 337
326 169
302 2
300 174
448 376
281 406
65 364
405 224
71 56
176 55
113 10
398 312
49 114
301 234
294 353
406 139
411 289
457 320
114 145
138 417
304 170
33 154
269 105
123 40
355 109
244 127
376 421
355 95
322 224
437 91
282 272
94 222
48 235
286 437
435 237
351 291
85 295
89 408
183 29
394 336
445 413
245 22
181 321
340 446
18 455
61 409
197 1
282 4
124 164
60 46
213 208
277 245
94 352
231 370
102 314
70 68
260 233
110 310
437 38
174 443
433 262
13 436
333 389
234 380
261 372
367 399
220 100
125 287
70 348
11 433
123 85
444 236
22 435
27 301
293 451
202 147
389 380
406 7
366 15
168 295
56 163
447 438
272 271
90 159
382 308
198 137
346 403
360 207
178 21
349 329
317 155
279 56
47 293
94 223
324 130
241 405
389 324
65 361
440 242
436 2
205 317
247 127
130 50
234 310
460 247
97 454
281 172
93 139
36 403
385 27
147 266
224 209
80 61
402 324
203 97
253 200
221 10
322 103
37 340
242 383
3 179
383 197
229 314
131 254
176 178
106 54
213 413
367 425
213 49
270 257
43 77
418 181
20 415
218 240
389 151
89 383
106 161
295 351
248 121
314 56
283 239
264 157
230 393
31 145
410 454
27 70
136 403
154 20
85 297
181 298
291 223
339 53
369 176
219 164
360 239
315 457
35 269
76 96
279 356
5 316
191 196
172 19
33 252
49 393
327 350
273 307
129 331
330 399
62 360
306 236
300 48
335 101
201 176
72 134
90 239
438 307
24 374
196 75
250 61
285 144
119 91
131 353
433 9
397 382
401 268
433 76
218 19
389 228
119 354
331 224
118 360
286 187
144 420
373 278
52 94
36 357
124 242
101 367
323 399
115 75
446 456
431 195
336 385
460 389
153 300
248 143
309 212
342 293
153 264
46 388
277 102
386 124
409 261
129 196
438 249
459 204
89 415
115 13
271 256
354 411
317 205
155 8
38 11
263 36
273 190
346 140
165 208
441 405
267 132
291 293
65 404
413 145
7 185
205 187
268 83
297 388
28 193
373 435
17 135
206 414
11 14
290 399
258 428
46 313
406 145
400 172
128 46
323 337
35 325
153 188
339 242
54 442
206 438
328 140
391 280
311 438
411 137
80 201
304 119
136 367
232 410
87 75
401 41
132 177
37 232
399 46
410 414
35 136
376 140
134 114
44 307
345 258
282 154
27 143
133 106
135 84
99 182
353 207
292 271
361 431
378 238
347 61
356 360
306 431
416 53
58 68
222 306
62 297
219 224
162 460
426 269
350 211
200 367
358 165
442 23
242 220
357 227
198 229
34 345
383 148
41 211
33 197
348 120
446 364
87 230
172 416
163 201
314 368
449 27
418 353
237 106
208 125
459 160
446 372
223 396
325 386
91 337
105 325
3 222
434 16
421 166
85 236
249 31
273 443
356 185
83 417
147 279
83 198
40 214
442 101
306 406
225 113
106 224
197 74
381 401
233 407
140 5
91 55
230 452
278 121
90 286
165 410
277 181
215 417
217 186
407 107
180 429
138 56
102 448
342 352
452 363
414 275
200 131
442 425
388 188
3 54
46 79
196 327
126 10
206 396
204 224
103 90
388 285
199 82
46 248
93 201
278 136
117 117
143 456
366 96
184 359
427 289
245 30
223 422
223 356
270 403
386 135
107 279
253 435
171 210
319 255
425 273
296 333
324 422
448 443
382 52
412 185
104 204
301 43
416 77
221 169
138 135
100 186
294 270
369 40
158 131
421 244
153 244
456 21
266 11
214 335
347 441
384 311
123 276
312 130
52 21
201 216
68 218
115 76
399 200
183 266
188 196
359 328
199 72
63 335
253 6
24 178
295 423
60 76
332 123
232 223
16 156
357 82
34 296
224 131
188 352
389 342
421 360
201 387
442 404
223 30
431 143
190 224
402 61
186 156
110 320
426 18
238 446
324 283
75 251
73 102
378 302
231 195
2 327
342 129
157 312
143 424
75 406
33 233
445 116
386 145
104 436
450 256
209 170
262 144
51 212
243 317
179 215
125 10
388 152
158 199
265 252
400 282
376 229
8 321
26 277
200 76
261 441
391 421
15 263
322 391
165 315
419 398
10 396
279 417
216 454
319 385
90 278
120 97
200 207
265 171
448 333
385 297
349 147
282 129
315 416
56 439
440 95
198 313
162 211
344 230
350 181
55 299
456 39
18 388
173 209
271 371
170 15
293 116
68 444
291 104
391 265
148 30
20 11
386 107
450 441
353 377
437 308
384 373
101 405
309 389
101 194
186 458
428 421
361 220
446 76
199 99
226 442
453 458
419 191
152 216
202 235
279 437
348 149
213 267
194 107
321 153
291 452
56 40
379 365
266 189
295 255
39 383
434 438
294 438
435 190
352 146
145 379
454 162
114 156
146 185
83 30
97 373
411 413
94 54
279 338
55 57
289 424
207 115
90 398
286 53
11 13
319 346
434 400
353 373
106 408
164 2
185 37
262 183
258 182
383 200
401 304
58 431
113 377
375 162
142 221
312 229
130 117
313 408
127 359
348 418
414 190
93 427
154 433
202 353
276 66
118 437
218 150
307 395
295 249
111 400
226 331
244 441
278 316
266 290
312 174
280 224
458 423
453 115
251 274
44 353
300 58
267 390
322 384
310 293
57 455
107 7
345 379
130 188
445 439
39 128
29 84
76 17
115 392
140 356
234 204
453 202
329 270
393 157
399 200
188 214
432 19
150 431
84 135
316 78
62 408
341 200
198 433
92 209
39 384
218 142
226 13
55 340
372 37
51 290
214 225
434 253
308 445
186 389
192 266
202 364
215 448
16 163
54 196
10 31
28 35
352 204
294 244
433 17
84 406
357 394
431 408
36 144
100 405
319 421
374 427
349 290
405 127
216 304
458 238
417 439
44 360
128 412
257 105
422 19
235 397
385 335
175 296
219 258
36 410
331 100
185 309
315 222
431 67
129 407
84 272
316 54
439 341
455 312
460 211
143 129
266 459
33 277
293 284
206 321
28 333
361 397
392 295
102 349
349 90
320 186
236 228
114 415
295 112
33 239
192 453
194 211
308 143
174 110
428 207
424 105
249 200
262 284
351 75
32 142
253 179
341 280
26 67
32 189
93 56
295 178
240 74
436 226
369 215
314 126
411 133
370 33
261 328
159 237
377 296
106 275
189 69
161 440
179 296
351 33
102 38
368 442
424 187
101 249
159 190
60 414
351 221
234 423
216 4
245 293
249 306
151 39
322 381
146 330
176 56
228 218
21 228
311 1
276 56
223 61
64 209
283 85
71 62
143 284
21 120
121 251
319 208
444 174
359 71
333 340
203 379
379 457
18 280
311 439
31 87
426 323
151 438
139 384
320 396
167 405
341 364
4 397
313 41
200 365
157 61
459 376
317 135
96 356
408 422
414 2
117 102
188 176
38 37
409 452
423 434
339 188
130 224
239 81
363 445
126 73
308 366
455 266
100 103
253 28
322 173
59 332
135 328
87 382
431 35
212 86
65 256
90 274
290 38
403 215
449 182
49 325
12 435
69 110
58 233
309 153
32 220
236 341
257 427
312 5
410 176
116 23
70 275
46 24
34 256
410 160
264 423
25 202
349 231
234 158
442 348
309 383
226 237
236 198
96 77
63 341
342 301
133 435
73 335
7 383
246 215
5 8
162 130
180 77
25 20
450 28
103 352
385 380
48 443
363 440
40 339
413 271
265 441
190 48
196 60
138 349
337 324
77 407
117 408
57 237
439 57
152 279
344 386
70 368
89 165
223 154
57 400
296 197
251 286
7 24
312 275
358 249
371 321
286 151
155 104
2 311
305 206
92 274
395 161
445 457
368 230
112 160
57 2
12 255
144 24
1 223
243 221
298 318
325 17
143 32
113 254
284 218
140 253
226 274
302 460
399 447
114 149
93 205
342 272
210 67
135 32
364 55
118 226
366 189
219 66
27 184
127 155
216 137
315 132
330 410
100 297
72 140
153 216
205 309
57 364
169 384
190 59
422 427
460 124
302 320
292 230
133 162
446 76
49 245
376 312
434 343
190 382
250 411
121 198
426 118
343 114
269 131
389 237
332 312
265 429
268 139
86 70
41 222
35 179
8 227
32 105
202 458
188 432
412 27
431 418
407 366
319 10
363 319
407 183
169 432
177 303
223 193
98 262
428 452
168 367
81 192
434 48
453 303
192 92
252 297
263 42
292 295
340 43
279 198
161 449
262 245
147 146
368 116
321 441
227 388
229 435
37 417
63 178
20 367
339 107
316 439
81 229
419 282
186 180
22 393
249 51
82 44
213 424
371 205
359 263
134 150
56 63
218 328
438 330
3 199
334 242
324 297
44 324
363 264
359 228
141 303
166 376
188 378
116 189
34 398
11 55
442 240
29 129
85 358
406 350
9 446
460 240
286 285
129 262
152 366
191 323
32 172
260 177
232 280
9 382
326 284
257 151
199 156
292 311
334 448
256 14
396 215
279 437
243 368
106 253
179 281
412 326
377 195
227 249
438 304
225 44
138 431
318 293
6 148
61 331
383 138
370 103
248 297
458 96
69 328
33 414
130 416
85 242
301 237
140 153
252 55
13 396
271 249
78 359
182 128
449 43
308 1
103 456
84 200
5 452
438 278
244 406
133 226
239 94
122 249
54 14
97 212
329 299
356 437
33 262
213 91
123 39
89 176
425 15
383 259
56 223
6 379
344 311
310 152
162 359
392 255
115 147
407 38
129 306
389 447
327 248
207 452
35 419
124 434
46 243
5 161
432 95
398 168
282 292
376 217
169 340
430 65
283 150
421 427
147 449
380 58
68 227
275 282
183 282
341 428
210 1
438 410
68 96
259 93
281 225
164 36
426 265
43 91
294 20
391 7
390 11
66 327
107 293
311 439
247 22
62 29
271 313
137 255
203 55
254 211
215 183
107 293
93 390
120 134
65 214
394 196
433 232
128 387
158 245
41 352
349 442
439 234
24 89
213 192
219 254
27 33
332 76
133 452
399 324
243 63
411 440
56 450
147 105
168 12
208 338
287 284
29 426
174 55
142 257
101 284
424 366
277 216
71 216
73 57
219 403
223 11
141 439
345 334
383 265
89 339
273 317
4 148
143 278
383 292
150 33
93 75
200 283
412 85
107 255
119 302
366 331
159 170
383 204
150 154
356 333
459 411
379 190
315 456
427 8
434 362
355 212
21 453
239 70
336 413
118 157
286 132
127 332
270 217
366 285
364 240
408 352
71 358
188 359
121 235
329 302
46 73
353 218
126 416
415 225
177 4
223 64
43 341
387 10
400 118
243 57
89 91
331 150
59 404
80 32
362 290
107 51
401 214
420 299
80 97
17 26
122 317
168 350
315 34
338 420
437 165
269 224
418 349
222 172
245 57
168 218
185 108
132 80
238 170
122 299
207 213
150 414
63 337
436 180
175 453
182 137
277 79
190 37
282 178
438 180
370 34
100 328
397 313
275 45
111 403
84 9
266 378
30 414
444 188
314 313
362 338
203 236
135 26
418 171
357 8
41 324
152 309
220 247
110 254
441 173
244 178
179 53
10 222
349 223
38 434
169 66
246 190
299 137
89 380
436 92
421 138
388 97
439 155
59 107
318 39
418 148
401 446
6 388
428 315
339 80
452 341
339 409
204 223
363 260
57 396
87 74
260 234
377 78
82 263
443 208
114 85
379 328
209 271
418 426
41 371
115 424
288 10
439 297
94 302
26 398
405 302
154 240
132 107
420 168
50 198
80 445
179 278
341 283
80 317
22 211
84 42
106 242
183 378
152 199
309 43
335 298
387 278
447 433
69 373
146 429
429 312
289 282
165 251
241 39
218 459
256 98
285 41
402 47
170 51
127 337
19 321
316 211
133 313
285 420
121 364
229 405
274 205
102 4
253 314
56 95
77 249
295 337
76 424
240 455
284 89
376 304
285 307
383 126
452 314
240 115
157 237
341 45
224 235
385 323
425 12
243 231
316 227
368 116
348 181
316 153
74 119
355 114
47 342
96 189
375 68
364 61
257 10
90 303
381 24
31 24
12 235
453 278
365 460
316 283
289 436
159 347
2 411
284 272
412 125
425 176
287 39
307 172
52 319
78 261
307 379
337 276
289 419
12 212
223 116
126 127
259 142
51 330
382 300
106 325
370 105
119 199
312 348
301 6
213 225
453 67
95 308
112 188
33 216
285 215
408 252
442 257
330 9
310 56
80 245
450 415
361 411
165 61
104 68
123 323
325 388
420 426
187 34
1 292
158 43
225 186
195 338
456 67
457 407
446 265
89 144
155 58
313 228
288 96
309 224
215 145
62 65
223 45
302 394
341 9
380 185
195 258
223 8
253 16
314 63
117 76
74 79
433 226
183 445
23 94
330 450
344 85
438 153
217 267
223 100
83 199
408 157
2 278
423 343
148 397
65 144
232 266
88 106
104 373
179 459
449 376
32 117
251 58
441 335
386 81
197 392
174 242
86 20
27 173
373 453
41 125
160 17
144 199
270 245
318 248
102 1
232 157
19 141
446 402
96 439
38 7
230 270
7 130
250 457
2 128
184 153
353 430
441 21
256 458
90 322
51 277
405 295
458 119
305 158
452 225
432 383
445 275
422 336
323 312
232 127
372 299
262 71
250 407
309 435
344 253
347 148
85 300
18 310
448 48
366 183
141 280
375 230
75 299
9 352
267 268
84 372
8 302
391 317
193 341
55 373
171 130
317 373
35 34
138 441
298 143
387 224
426 208
134 380
410 136
189 240
268 119
244 288
103 204
248 296
265 173
12 167
245 316
334 426
199 246
153 374
252 76
296 45
435 103
455 143
118 149
155 182
423 244
442 392
188 249
160 190
198 413
294 325
385 54
243 53
288 13
291 210
136 127
135 298
198 160
456 89
26 140
108 316
221 200
334 375
288 343
167 164
23 205
172 338
425 111
378 322
29 23
112 256
204 155
276 98
383 415
53 42
374 184
314 51
53 452
395 35
328 229
304 381
343 448
424 265
61 79
446 186
123 38
60 420
26 445
407 418
284 321
23 227
4 57
385 255
235 197
289 428
93 240
210 184
412 288
348 48
248 367
337 288
90 293
261 444
399 36
253 20
421 308
316 127
415 375
7 274
38 197
124 79
316 16
310 419
125 291
277 377
330 203
459 220
89 339
168 189
208 310
421 135
432 147
166 384
121 325
257 385
40 176
310 358
251 420
117 55
397 134
431 446
365 120
193 281
188 49
350 449
28 251
438 348
122 45
158 242
423 302
249 206
220 24
196 442
302 269
326 360
194 425
408 361
270 405
447 191
17 422
401 253
103 203
14 345
313 21
178 120
380 170
364 125
437 261
74 45
168 280
167 430
266 155
196 352
6 346
12 2
368 39
169 146
353 449
133 430
394 50
98 388
342 59
42 24
28 457
385 124
270 31
113 289
321 42
101 58
28 326
236 55
407 140
338 136
191 234
201 355
213 414
169 272
98 172
363 200
90 209
265 84
300 173
233 269
438 246
24 62
325 234
166 179
213 395
242 279
258 193
29 435
160 27
383 4
277 34
153 73
201 449
336 433
149 394
335 243
425 236
224 297
151 98
214 163
329 24
290 96
414 257
69 358
141 29
287 441
318 360
445 89
249 452
241 98
448 374
47 17
25 456
433 212
86 387
120 421
334 188
365 429
159 244
130 102
382 23
72 180
412 260
339 190
217 49
205 103
319 20
178 14
272 44
245 329
105 24
82 337
336 154
170 450
308 314
183 366
218 221
281 158
242 303
352 245
87 11
396 440
336 248
142 101
351 272
384 26
73 100
69 385
302 44
63 136
396 376
31 326
272 209
250 197
296 361
358 118
7 83
219 91
209 433
100 256
256 307
251 73
432 279
329 116
410 319
96 321
407 380
320 174
173 403
101 246
354 415
263 379
196 139
384 319
233 142
284 247
11 59
34 317
293 133
302 7
238 355
214 33
407 54
249 455
138 140
392 387
306 290
156 100
322 206
238 29
59 263
35 34
295 266
355 154
372 35
9 381
140 291
74 85
324 344
248 21
452 18
218 299
153 86
411 16
262 430
409 374
370 147
378 212
435 133
151 437
264 60
335 306
76 50
319 264
236 437
38 174
327 6
222 208
159 453
194 4
73 140
359 201
217 5
205 266
442 86
459 389
59 120
415 347
211 449
125 178
273 82
430 406
460 376
420 151
121 432
240 129
69 229
84 282
50 345
417 426
220 381
324 406
433 310
318 384
268 343
376 49
414 424
373 446
137 302
390 36
355 117
267 334
341 99
76 247
57 418
280 84
443 104
285 344
40 298
252 171
424 71
70 174
263 337
210 342
251 273
263 210
23 440
278 419
369 143
384 160
346 63
220 376
338 76
248 348
126 403
419 169
206 179
29 391
51 328
397 309
373 198
74 103
286 236
360 89
194 334
400 112
374 25
290 331
149 137
221 82
380 364
59 57
30 135
35 186
99 25
281 343
208 420
430 119
302 414
378 238
146 170
423 210
213 351
414 124
146 150
27 279
389 44
274 270
442 145
297 8
350 147
423 317
398 169
443 55
452 418
129 211
91 206
441 49
380 34
169 143
309 60
410 62
324 187
108 282
410 259
449 291
101 79
395 397
325 48
169 177
137 6
209 209
239 372
418 396
207 165
394 185
259 138
457 99
296 307
44 437
79 27
284 6
173 124
344 272
314 49
283 191
250 138
99 362
242 359
285 356
344 169
5 135
165 286
201 171
398 88
128 44
55 269
429 314
433 244
135 298
98 227
313 286
71 71
214 77
194 310
309 425
143 98
351 443
32 393
323 171
446 398
149 347
435 127
44 291
227 91
341 235
452 414
322 169
273 194
188 258
283 105
293 397
274 194
42 350
380 88
423 359
121 410
184 235
361 445
362 108
384 450
203 343
360 319
112 318
439 335
335 347
91 171
137 286
128 187
390 10
7 329
305 51
143 14
265 142
188 101
11 316
263 178
155 231
241 252
240 349
458 92
181 9
55 50
179 157
416 338
126 283
55 42
238 16
433 316
49 377
193 78
230 344
18 267
299 104
53 365
30 192
196 63
402 134
4 310
148 14
247 237
354 57
389 309
390 341
146 166
235 180
241 329
241 447
55 283
133 43
262 225
320 94
401 432
286 363
313 87
357 9
380 79
70 346
34 449
176 78
279 118
413 435
282 428
300 31
375 192
277 453
331 216
176 305
129 98
437 458
422 301
240 276
330 301
135 302
104 113
399 118
106 201
109 391
248 458
380 262
26 296
444 444
348 336
284 382
251 248
205 306
11 335
293 172
34 340
221 120
423 183
105 270
151 247
285 401
399 150
375 300
371 342
411 309
109 302
377 34
418 124
341 63
272 28
190 178
32 176
207 118
68 348
423 253
456 334
200 377
161 89
94 139
344 331
204 344
428 389
275 412
37 259
58 179
188 407
375 82
16 300
27 426
313 153
349 216
147 83
436 64
123 319
29 193
118 58
224 84
188 392
167 193
309 123
32 46
95 181
278 32
82 28
199 359
8 279
251 266
39 143
421 454
133 209
94 412
460 206
14 152
298 402
180 415
217 8
23 32
128 148
191 37
458 182
51 403
406 20
338 247
303 166
437 363
266 297
420 100
357 154
27 90
118 274
352 77
296 38
209 46
431 265
233 18
139 404
207 150
225 137
22 393
44 165
279 393
191 129
306 325
311 314
232 248
428 20
87 108
148 314
296 193
402 123
220 85
209 132
390 91
161 330
134 452
396 312
8 248
196 341
205 13
405 221
276 10
5 16
80 415
101 293
416 176
143 51
23 202
438 72
337 455
351 38
16 305
386 360
234 260
367 88
147 408
181 323
273 232
40 66
275 187
351 433
339 345
391 176
127 318
66 286
25 110
337 308
401 427
394 341
294 122
172 71
126 325
180 267
10 147
182 179
240 53
62 417
279 101
42 254
44 423
102 53
31 302
366 255
230 119
155 197
264 438
305 3
284 135
362 121
49 57
324 265
202 236
419 348
425 213
219 80
148 270
433 280
230 141
320 277
88 404
353 458
186 269
176 28
227 415
45 230
243 436
288 147
281 18
456 170
276 156
127 130
433 420
132 256
166 125
25 396
282 196
6 291
360 147
330 332
190 359
326 276
277 77
142 143
66 224
365 265
185 371
258 196
409 8
382 145
279 252
449 417
340 306
343 149
21 318
315 374
137 265
277 395
1 424
53 209
308 155
311 208
329 172
453 81
340 427
271 268
110 233
330 15
1 230
411 54
369 372
203 111
137 445
150 377
7 177
17 109
327 411
363 22
459 10
358 126
384 82
306 2
190 104
352 205
328 71
274 145
26 353
118 50
452 443
82 388
218 346
346 366
328 136
75 69
130 416
75 229
353 147
81 347
84 78
174 13
91 86
187 239
271 37
254 363
199 459
371 3
119 121
166 28
84 399
154 29
70 210
242 208
339 388
196 21
396 310
115 205
279 275
76 98
82 140
359 127
85 139
351 370
382 397
179 5
261 317
203 314
420 302
217 239
317 215
416 373
349 274
429 428
210 326
55 406
260 320
193 63
35 175
40 416
368 179
280 319
89 397
322 383
308 229
341 160
385 452
128 24
7 179
433 281
179 209
448 268
138 200
348 8
140 241
122 339
434 108
21 441
457 440
229 439
301 33
116 283
115 137
458 406
59 40
435 72
362 92
437 13
80 294
84 445
79 449
192 184
308 44
398 105
327 353
440 406
212 459
201 30
319 323
140 279
360 209
274 38
244 157
40 294
320 194
227 205
194 20
292 13
51 10
160 142
412 39
161 6
38 74
330 234
61 157
369 94
144 91
85 384
119 387
298 294
322 325
48 51
224 61
305 456
107 65
2 375
359 325
456 108
67 247
64 170
452 301
170 314
401 165
93 209
39 399
366 376
417 402
191 259
455 300
299 308
345 155
78 357
173 455
451 101
3 165
136 285
295 392
330 174
177 371
408 312
246 348
63 276
454 204
222 91
58 417
203 127
14 250
284 218
221 346
84 121
265 59
8 342
194 397
257 153
339 409
77 184
287 25
432 220
172 15
42 314
129 273
26 284
184 173
368 323
430 68
188 185
71 321
157 162
180 49
419 253
23 456
245 402
315 70
87 274
355 252
83 190
218 436
30 33
107 254
438 185
140 172
180 387
45 217
127 354
431 239
355 337
207 99
405 326
114 33
224 92
88 230
54 158
455 157
349 383
350 438
132 24
169 247
194 276
51 89
406 222
28 145
114 202
30 422
96 348
9 103
335 142
138 105
167 227
398 74
331 265
318 4
18 338
410 355
11 392
202 197
94 233
357 379
286 109
85 192
76 170
353 251
443 374
124 59
320 274
389 457
304 301
58 240
3 7
320 411
451 427
152 209
212 167
26 185
285 389
347 400
206 99
124 222
180 430
247 307
172 120
358 407
69 142
341 384
51 320
212 18
105 203
153 452
211 299
130 377
287 378
261 335
67 186
16 90
396 140
395 311
376 294
366 79
309 261
433 106
381 137
80 370
351 176
308 414
36 114
393 86
342 110
347 305
313 226
331 325
202 77
450 220
63 277
242 364
297 407
25 403
386 376
381 232
323 286
151 246
330 169
388 366
53 47
152 188
450 394
325 323
54 272
128 387
28 167
248 275
128 193
436 326
342 280
417 179
121 269
343 193
450 201
254 423
370 248
305 133
187 172
144 70
351 200
306 87
292 66
374 275
57 199
372 114
284 78
222 222
44 270
429 314
76 354
63 38
422 415
159 162
294 240
75 425
397 61
162 386
61 23
276 444
79 283
429 271
153 177
137 52
176 214
301 345
264 343
398 213
428 414
385 453
437 294
56 134
303 129
244 126
128 307
209 22
459 290
88 371
135 128
94 12
271 25
412 49
238 32
307 210
451 151
65 89
3 42
27 56
181 445
373 334
399 9
71 435
353 230
316 351
146 36
387 26
418 375
114 393
259 250
176 402
317 438
200 9
370 324
151 140
236 451
207 222
352 287
105 150
359 37
37 179
75 23
137 329
192 38
240 101
161 33
236 113
326 148
257 134
437 211
285 86
19 56
60 357
185 253
259 360
209 115
274 276
449 110
439 240
399 86
4 279
100 278
44 90
348 211
37 173
365 53
56 212
322 89
166 416
198 75
28 141
383 378
31 279
40 96
164 15
28 141
17 19
418 261
331 89
175 190
242 429
93 175
324 328
99 286
237 230
297 202
176 131
132 95
58 234
208 415
60 389
47 429
437 183
6 32
299 11
31 447
241 434
143 123
246 202
211 89
268 186
347 36
87 397
293 269
181 203
195 282
318 339
391 159
276 269
248 70
432 303
392 30
409 249
203 385
230 33
214 361
444 225
202 61
27 114
376 128
30 352
122 295
1 318
41 40
381 112
353 293
289 300
46 316
249 260
90 417
369 90
149 416
390 167
222 426
145 217
37 158
234 209
206 335
368 414
167 445
266 278
39 376
353 303
414 419
96 141
298 143
266 208
1 391
441 308
91 328
379 35
42 422
68 407
273 126
114 167
407 302
165 291
17 79
278 77
217 163
200 22
157 137
63 427
89 381
323 390
358 404
123 381
249 41
460 11
366 182
175 162
107 282
113 276
4 138
61 156
392 300
355 264
222 70
129 450
94 449
391 434
285 102
251 106
450 52
118 343
43 369
21 452
31 445
452 91
88 433
346 122
244 453
305 419
229 372
203 390
157 211
169 381
403 317
272 117
186 276
180 333
393 186
39 448
352 56
402 348
306 226
373 181
239 323
401 20
416 122
28 209
234 360
182 397
459 336
82 26
363 141
385 338
73 288
8 45
167 164
23 341
162 412
119 55
433 321
381 351
344 395
349 135
444 426
244 30
212 350
116 421
213 449
302 89
233 140
353 40
89 350
148 367
137 109
107 72
36 244
117 98
456 370
239 237
41 44
191 416
286 118
208 1
365 84
362 126
388 244
214 148
389 259
273 300
338 304
229 9
429 452
438 305
430 62
221 402
200 128
328 174
417 293
101 328
446 277
161 94
391 306
227 271
188 377
192 326
403 58
195 174
90 423
7 269
141 405
201 297
335 316
215 117
208 341
228 265
134 140
345 200
244 385
360 371
62 410
357 410
134 338
211 319
16 451
429 122
330 416
309 44
359 45
451 133
222 236
120 422
145 249
105 229
217 251
349 126
346 320
190 307
215 9
143 52
210 156
17 250
32 217
414 455
71 217
15 37
45 195
425 236
392 285
52 369
244 54
378 209
137 192
122 86
398 315
440 384
49 452
61 115
375 294
289 255
443 156
120 417
359 301
357 296
380 31
86 7
412 136
317 94
266 80
151 142
196 127
324 436
104 258
38 336
240 371
424 328
314 176
152 199
410 325
460 457
388 270
286 387
156 254
117 78
147 276
205 291
10 238
290 187
135 433
310 111
16 200
372 233
139 353
420 222
102 146
36 380
254 250
377 359
283 441
309 458
457 391
383 409
171 130
331 91
50 453
69 58
251 4
116 459
90 296
293 110
95 202
221 74
349 250
143 43
199 42
298 108
208 111
127 358
206 167
303 228
2 341
401 149
271 311
163 220
83 132
8 164
369 176
322 17
186 9
282 242
143 11
206 411
213 244
373 278
410 152
307 417
406 101
54 23
218 42
70 110
154 381
247 9
30 182
233 52
22 445
217 144
10 212
127 69
335 180
160 109
239 350
201 360
103 119
231 334
281 285
211 177
395 180
317 170
366 245
111 430
258 25
187 121
283 97
29 222
319 365
183 128
108 13
79 435
387 174
130 417
13 8
80 206
348 12
367 294
361 454
460 268
286 131
288 171
358 57
350 317
160 201
226 247
349 319
320 165
126 357
160 56
247 399
201 346
458 152
128 192
222 445
79 169
401 379
175 232
192 74
292 188
212 447
369 355
351 162
35 272
242 273
85 65
67 307
269 424
172 162
136 202
177 187
192 135
448 206
341 238
155 220
20 188
219 134
123 171
119 135
162 224
170 418
93 72
363 136
216 239
284 155
87 38
36 329
323 149
455 236
68 311
128 7
217 345
264 36
174 374
103 460
91 6
44 172
363 387
229 198
169 141
166 198
21 313
399 439
225 4
216 179
413 345
103 337
440 69
41 148
404 307
246 189
206 453
379 57
311 101
162 350
73 124
349 356
103 74
85 88
181 434
31 28
214 305
97 172
417 366
137 192
310 449
377 117
268 180
203 317
366 82
342 432
460 342
101 28
261 240
206 436
377 281
344 259
18 195
31 226
434 187
15 8
95 111
134 352
418 43
266 390
361 349
445 358
74 382
338 211
360 166
419 446
9 223
50 263
87 180
197 249
265 300
75 334
7 166
307 157
52 430
240 146
422 11
442 385
294 123
37 456
278 173
195 41
115 363
16 268
141 355
109 223
407 106
301 34
212 368
205 66
8 257
177 399
44 358
356 160
384 345
379 81
351 26
66 42
371 185
110 281
283 31
181 205
323 396
53 392
414 180
269 342
247 351
371 197
294 19
259 435
288 12
436 150
287 19
292 265
399 253
322 201
48 425
198 111
297 163
106 226
399 216
264 331
153 224
54 124
198 95
24 339
46 102
131 342
457 66
436 125
177 405
215 244
65 96
286 459
222 114
254 134
139 103
389 94
293 341
215 452
35 55
428 31
221 83
246 123
320 117
226 204
316 117
449 108
193 75
325 221
228 16
51 134
315 455
428 46
114 116
222 407
84 403
320 34
334 366
200 7
143 30
148 136
340 154
424 293
222 338
204 36
255 457
245 456
365 394
8 371
265 57
449 418
97 161
106 47
100 169
443 117
266 211
385 440
397 229
344 335
18 186
241 235
400 106
163 456
433 283
138 30
160 317
444 340
295 172
138 44
244 221
133 232
166 131
400 420
131 342
12 112
66 210
116 324
232 338
109 25
391 226
421 287
243 128
426 302
253 111
17 338
155 118
51 97
301 29
341 24
129 122
307 89
426 441
441 245
113 418
305 42
316 82
391 335
194 249
417 243
277 370
286 106
132 32
293 229
54 66
264 76
421 15
127 133
366 383
133 376
296 372
254 378
211 320
53 325
273 421
252 99
233 48
95 59
214 29
410 303
427 346
65 361
329 104
335 343
167 137
459 182
94 361
325 53
185 70
86 70
426 386
360 32
155 349
128 177
243 85
241 323
140 65
348 197
14 247
238 81
106 146
189 358
204 18
299 118
146 154
384 256
132 287
259 306
302 163
385 261
316 328
375 141
316 59
251 240
126 289
219 286
360 439
252 235
294 389
133 66
9 287
56 122
257 117
252 36
249 16
180 122
79 391
136 454
280 22
425 306
363 66
130 3
28 319
107 425
345 413
33 176
82 352
90 340
69 171
238 67
184 429
332 47
162 227
33 433
405 163
318 371
191 393
409 8
195 250
360 145
209 22
108 193
128 294
144 440
410 236
428 355
228 409
417 415
97 323
449 310
47 151
194 442
319 186
234 348
430 446
175 372
106 380
171 270
162 64
125 459
441 133
185 104
40 291
133 102
247 144
8 56
27 39
245 14
39 148
74 300
26 338
275 59
105 213
101 321
3 110
151 367
251 305
307 455
458 67
180 104
58 237
162 346
425 9
424 1
83 342
60 292
148 442
243 114
114 96
281 313
344 203
235 135
89 227
29 156
124 76
288 403
53 230
134 331
6 309
125 337
179 156
444 190
413 118
363 75
375 284
371 271
287 128
334 385
26 72
208 399
433 232
7 165
197 240
455 130
4 14
3 190
291 349
140 312
9 191
386 377
15 102
291 301
245 57
113 102
128 184
424 442
299 414
313 87
185 415
137 419
380 52
345 164
121 249
216 155
14 411
160 209
113 358
318 52
402 183
29 295
415 124
419 25
99 353
316 434
193 420
72 236
105 191
205 25
287 250
87 370
272 57
11 266
399 388
373 376
9 267
448 53
142 106
349 422
1 364
78 283
161 311
416 318
449 207
164 51
23 66
92 354
155 414
340 43
198 110
65 136
377 234
260 270
319 113
320 219
62 424
199 245
241 336
147 174
211 12
152 341
189 122
208 194
384 9
164 371
53 151
425 285
395 284
148 202
98 411
7 93
21 346
136 105
432 265
19 5
93 216
365 448
221 239
424 190
422 63
315 29
388 4
157 431
447 57
206 456
399 75
130 8
64 125
460 333
59 176
342 399
1 186
317 194
329 274
247 448
306 21
390 293
302 211
272 454
459 221
145 436
239 432
279 30
133 351
129 409
175 336
302 273
321 245
62 58
370 70
418 216
232 224
248 381
208 259
200 235
229 315
439 365
318 35
375 300
265 287
341 256
394 30
5 290
437 384
235 61
62 106
281 336
304 157
48 309
18 249
193 397
387 96
92 36
22 431
340 25
363 42
36 93
83 90
434 55
102 188
307 203
398 62
251 334
241 287
136 203
109 6
132 405
269 379
25 211
419 22
106 273
198 267
254 401
337 381
104 443
277 2
105 40
180 258
279 248
201 277
144 76
75 224
444 282
282 228
421 177
240 44
425 287
443 238
53 24
70 239
306 69
408 214
362 224
322 355
217 383
217 411
298 162
206 6
71 222
204 110
177 164
266 46
178 134
245 135
131 49
293 290
326 328
163 381
440 370
17 280
191 327
384 248
422 371
460 95
233 413
168 272
262 267
256 145
127 421
263 270
101 88
351 109
165 171
119 455
117 35
274 79
255 327
206 413
122 141
304 444
257 9
263 125
125 370
283 47
104 267
397 203
371 419
86 360
154 255
310 81
165 286
143 231
32 4
186 281
266 328
227 272
187 21
70 94
324 276
440 95
146 221
259 452
8 113
424 245
421 454
132 458
167 152
336 218
442 341
336 99
324 97
95 216
68 171
269 355
337 261
262 270
151 315
276 139
307 276
101 112
105 354
164 163
167 154
337 144
14 95
457 428
51 418
342 124
397 444
108 128
443 255
453 183
271 34
435 376
353 126
319 197
406 74
377 288
323 176
444 356
307 187
397 446
20 227
160 296
166 410
4 218
18 379
390 15
272 179
294 323
410 217
360 374
318 389
259 169
229 47
200 112
321 408
442 172
68 449
450 137
359 225
400 313
269 406
226 135
335 7
179 209
180 259
264 71
390 96
249 99
219 352
63 121
253 38
450 360
149 440
443 313
340 35
201 140
205 242
219 30
227 406
136 41
106 321
454 231
67 401
262 299
436 335
187 167
258 257
92 245
387 24
343 7
279 131
150 58
307 377
28 306
42 223
353 152
402 73
259 378
63 217
319 210
445 55
410 283
328 247
431 213
4 379
61 54
95 360
433 80
34 253
113 113
67 349
93 295
215 347
421 433
446 277
21 131
423 446
147 281
122 363
7 393
220 442
387 364
202 437
371 160
391 295
333 46
296 363
457 238
450 213
149 41
302 168
27 58
333 224
235 60
239 55
148 136
181 300
401 197
186 123
112 180
312 394
442 127
280 457
62 85
31 204
455 301
381 112
31 385
406 56
335 435
302 92
160 184
225 148
198 250
334 253
91 432
359 83
255 304
116 68
71 215
330 401
434 445
5 42
115 150
141 347
404 434
108 445
84 359
4 345
171 1
233 439
331 234
23 95
131 389
232 105
165 243
389 267
457 441
430 324
200 272
326 41
422 225
108 117
428 353
255 132
294 304
210 197
65 415
418 59
404 213
140 40
136 189
267 97
183 26
182 365
324 430
261 426
338 441
162 204
132 73
32 407
235 125
67 187
338 185
151 132
333 81
344 440
358 357
42 410
308 11
161 401
294 358
207 88
264 278
38 231
287 253
138 4
432 323
50 426
78 148
411 30
237 320
294 368
378 197
49 376
28 352
155 319
248 175
451 171
244 266
54 286
147 70
333 238
262 360
397 302
80 287
368 410
377 41
322 280
220 184
48 187
174 358
412 32
195 213
321 62
78 250
419 143
300 355
269 290
339 204
110 367
198 192
460 274
108 188
459 174
176 57
375 323
121 39
314 172
279 258
377 133
337 104
414 161
95 246
420 449
316 20
372 158
310 59
415 324
39 174
256 115
87 30
40 6
453 150
318 349
269 242
446 116
163 225
425 445
212 130
206 166
295 284
365 369
156 86
240 437
417 220
80 402
25 185
58 421
125 428
29 203
279 408
385 152
283 272
424 435
113 294
290 247
295 429
218 431
37 341
423 137
325 448
3 374
278 118
192 52
211 198
310 370
398 427
58 325
318 25
403 169
223 59
33 194
356 272
255 350
313 314
425 351
459 442
259 185
86 22
369 402
66 93
413 334
239 447
54 446
425 79
160 348
106 357
429 11
170 14
219 405
39 332
312 246
161 438
197 381
100 134
327 243
249 155
405 310
117 455
422 132
338 240
103 23
358 18
206 97
389 317
87 228
235 370
264 246
115 32
397 274
379 413
306 441
48 5
205 73
56 195
234 120
329 450
153 53
15 344
87 164
255 394
317 153
455 59
26 156
253 195
6 55
32 1
273 186
231 235
29 425
397 77
278 61
378 220
352 273
46 145
16 299
324 65
370 315
88 343
415 370
92 175
352 273
144 75
378 447
413 295
429 419
162 425
37 61
113 17
321 435
207 446
250 61
211 132
57 73
448 120
178 304
233 42
283 334
403 272
139 348
37 441
295 102
451 83
363 405
78 159
321 353
163 301
334 118
448 405
21 126
275 163
7 318
330 127
402 322
44 237
174 279
21 213
244 172
195 20
286 250
277 12
372 206
19 88
68 98
134 218
219 327
150 73
169 285
153 355
429 447
424 427
253 425
22 139
414 374
254 82
230 154
119 219
424 292
258 3
230 195
459 381
327 403
403 406
72 294
231 279
30 246
187 439
35 183
122 216
71 12
103 216
319 177
37 397
304 283
399 76
17 192
221 349
313 318
224 349
356 380
349 170
115 7
232 330
270 130
289 338
207 230
205 52
266 28
60 255
343 248
322 371
346 43
104 445
135 295
260 445
295 195
216 363
79 41
410 77
22 175
315 324
179 429
202 199
257 254
392 454
338 339
428 31
293 361
44 392
132 414
179 272
126 238
162 362
244 357
365 75
429 191
279 43
107 197
160 243
83 407
74 34
391 201
279 130
305 157
161 156
321 214
156 69
352 427
91 342
234 134
232 122
444 280
94 129
390 87
227 252
23 399
421 154
230 65
430 121
55 254
76 198
295 292
431 119
428 429
415 362
277 357
102 286
291 103
325 73
379 76
201 78
167 343
345 4
272 395
367 197
172 322
148 410
398 228
228 297
364 141
167 226
233 98
314 111
449 91
4 396
117 214
288 66
35 432
270 433
77 382
201 277
354 309
158 239
63 89
415 224
138 242
181 89
402 72
228 128
355 98
180 362
85 49
172 176
307 3
296 447
208 422
270 10
460 68
140 199
111 293
313 241
70 397
424 412
291 95
161 177
116 181
434 400
315 348
38 87
236 6
215 275
149 131
368 21
365 75
355 445
271 136
162 5
399 86
280 285
237 260
94 330
42 11
258 262
89 135
16 430
222 37
384 75
441 326
381 244
104 210
416 183
52 250
274 48
344 246
67 375
322 430
242 320
260 449
282 175
202 57
223 170
75 89
125 90
283 366
92 36
453 67
375 28
402 257
420 85
35 12
148 88
22 49
268 362
440 453
341 429
211 90
106 33
5 406
313 199
402 345
350 244
104 325
299 135
44 393
279 230
96 350
134 459
435 136
251 218
155 405
157 40
326 366
372 213
71 145
309 329
319 37
10 247
158 64
12 325
143 5
349 19
128 354
393 240
128 350
163 321
259 264
115 41
171 382
359 159
102 37
426 81
404 375
110 157
169 117
366 381
26 186
281 306
151 175
345 148
448 235
254 419
382 282
13 433
446 412
293 69
42 360
406 4
132 160
121 290
407 295
84 246
362 133
186 299
113 128
270 370
73 401
394 273
81 156
51 355
171 446
338 384
62 331
6 114
45 391
326 202
129 243
133 340
328 280
94 260
342 134
205 51
318 172
29 348
436 246
224 171
448 343
248 196
146 266
77 162
448 185
321 5
322 161
127 380
279 341
120 374
458 131
212 146
165 160
290 12
335 300
359 198
379 419
158 313
75 174
455 159
390 289
276 394
356 93
197 99
1 373
417 103
46 243
27 101
191 180
75 273
73 425
128 52
254 418
20 353
251 43
263 107
182 165
200 231
88 240
380 254
360 434
88 127
263 39
230 458
239 39
219 139
282 73
243 307
181 107
3 130
305 396
285 11
30 143
15 274
403 181
80 171
368 164
326 375
388 185
378 230
66 210
90 386
138 43
407 196
258 201
379 161
201 348
25 394
41 104
12 180
296 39
449 41
445 321
130 388
91 89
188 40
289 242
218 306
313 429
110 447
453 111
153 310
172 400
255 296
91 120
279 202
362 46
401 101
152 214
21 88
394 457
286 280
39 149
199 322
399 364
388 357
269 416
187 129
407 396
204 17
150 42
98 44
421 21
9 109
183 39
292 62
388 162
172 238
144 238
198 213
238 399
255 93
136 59
344 327
249 254
401 236
346 395
420 223
244 332
18 220
145 397
41 226
224 46
156 401
43 450
394 254
199 184
434 267
98 280
293 169
401 262
252 307
18 16
137 336
405 88
408 365
324 90
331 47
88 259
434 71
138 312
295 129
407 116
74 268
2 325
288 427
345 204
21 340
7 352
337 49
279 419
414 62
324 449
460 393
233 222
367 393
188 244
173 417
332 212
8 266
23 382
18 328
1 459
249 81
343 204
392 117
178 448
314 302
49 204
179 17
96 42
296 112
450 45
460 276
238 320
291 12
217 305
255 398
199 455
117 300
54 253
94 27
102 211
97 34
13 153
438 3
243 5
111 157
225 154
228 376
71 198
295 286
61 402
342 231
34 104
234 122
376 56
26 26
65 309
73 296
152 275
185 415
255 196
399 274
245 406
414 413
356 445
166 437
144 423
60 428
271 391
20 35
446 449
250 297
410 251
167 99
26 161
87 182
44 25
63 335
440 146
222 453
138 79
262 47
308 403
145 366
292 175
432 403
232 241
76 277
167 340
238 144
72 186
21 246
315 268
396 365
112 78
265 386
116 217
381 414
80 408
206 86
20 212
305 204
176 382
126 290
326 211
150 390
408 70
38 269
258 362
354 289
460 395
283 293
387 108
293 3
352 100
446 148
260 398
89 456
89 129
366 254
317 379
149 431
1 399
19 154
24 22
305 197
81 376
51 403
318 121
205 255
169 76
200 378
268 76
247 212
373 69
56 62
34 317
348 179
75 346
216 364
210 161
446 352
365 373
374 151
287 33
284 25
292 253
225 438
102 54
59 97
343 448
445 377
406 74
144 458
351 129
83 114
228 243
292 108
48 438
373 200
331 425
67 155
211 407
310 199
176 371
276 341
405 169
8 350
74 170
282 127
54 420
315 326
326 331
161 168
452 253
407 376
18 87
400 54
200 246
442 454
75 58
199 180
414 240
327 172
290 369
329 322
3 238
296 348
49 292
219 143
357 202
73 411
263 52
203 83
282 88
456 336
156 265
164 222
350 175
252 41
247 312
196 239
172 126
452 386
277 199
377 145
267 440
113 407
139 49
451 330
384 150
106 231
443 379
370 67
325 376
283 189
116 159
135 343
346 260
88 212
185 82
451 175
252 120
173 118
156 449
358 233
404 176
248 225
344 1
270 18
347 229
186 27
69 388
459 393
53 259
311 62
349 375
32 112
273 94
230 291
199 273
221 99
327 447
357 282
20 224
399 379
225 333
355 73
310 119
206 17
392 316
211 329
182 357
59 10
417 121
420 122
232 340
95 228
314 399
58 204
301 106
441 416
353 200
113 158
233 168
109 373
38 244
311 80
420 143
296 205
260 89
456 56
406 329
395 386
230 285
405 314
254 200
88 59
373 52
249 431
313 424
192 82
5 80
172 395
62 364
70 298
9 403
179 293
168 75
266 150
298 346
347 420
291 226
210 368
170 403
451 372
237 267
68 213
277 74
297 161
131 235
60 458
177 344
309 192
260 169
113 107
136 114
56 421
108 42
48 90
249 446
105 145
102 14
421 378
133 342
41 151
239 57
415 263
414 386
278 22
35 216
393 221
455 113
363 439
228 246
31 232
235 52
308 178
403 385
46 255
132 95
286 116
12 432
141 239
178 253
368 138
155 84
294 204
271 359
407 187
354 302
456 415
133 345
61 252
343 51
43 301
359 399
335 104
276 329
16 410
406 18
441 45
209 119
339 407
139 423
228 346
218 133
134 132
425 154
226 198
449 200
394 263
383 280
153 214
296 77
188 306
9 331
175 114
180 248
182 239
15 3
12 367
330 387
266 221
332 207
452 146
71 78
367 113
165 75
390 22
360 335
382 16
367 10
417 37
38 435
449 409
69 137
18 319
456 433
163 27
50 219
376 80
126 450
261 432
243 267
226 184
21 444
452 170
409 141
459 377
43 234
375 142
434 60
2 53
152 402
353 229
4 427
367 167
415 271
110 252
414 359
47 146
339 19
101 309
100 203
185 257
325 228
280 427
290 235
167 379
98 127
84 257
307 96
287 140
143 29
429 124
144 110
107 9
130 45
37 419
175 120
256 445
296 249
67 376
125 34
234 258
22 436
113 94
171 83
448 315
268 370
374 169
428 81
373 147
260 184
212 353
138 4
142 458
20 370
358 162
287 414
24 300
4 32
440 233
30 390
451 30
362 129
22 372
408 210
301 288
173 186
364 263
115 237
416 223
387 285
409 381
278 65
96 305
144 22
359 275
246 203
322 3
424 184
193 123
439 458
37 22
171 157
23 232
105 411
160 175
272 63
50 348
283 135
227 348
373 330
434 440
300 355
311 237
290 190
306 311
275 75
176 131
22 290
50 236
343 315
428 357
452 27
153 459
237 56
295 250
400 394
97 458
127 26
430 61
230 45
58 184
239 267
208 48
277 300
179 361
11 156
441 355
428 367
66 432
427 421
244 432
313 360
324 55
78 17
128 351
291 20
317 329
443 129
243 331
131 201
259 40
210 310
275 350
338 59
123 344
411 459
333 122
68 359
294 205
457 3
402 458
37 220
101 240
145 80
255 357
68 227
20 264
209 365
444 145
159 438
154 270
188 142
224 250
217 360
35 448
378 343
430 303
108 449
213 362
185 321
40 391
56 175
424 370
200 301
361 189
145 267
119 78
132 217
450 407
68 327
132 366
86 323
6 388
32 355
262 281
348 73
237 340
413 173
2 356
74 438
317 4
61 108
384 165
207 302
391 436
258 100
450 137
109 309
78 168
336 76
428 224
305 51
378 397
368 443
271 179
248 211
41 260
25 125
269 130
448 124
137 327
435 448
20 289
217 239
389 381
192 415
57 60
350 366
416 117
401 262
146 268
188 25
357 243
353 150
313 433
207 181
386 259
196 404
330 172
40 378
117 289
165 305
47 113
223 171
41 356
46 411
137 59
134 272
18 235
296 201
161 417
335 361
34 398
287 22
66 194
56 154
241 159
358 129
407 228
305 27
387 160
429 241
1 217
354 96
112 197
272 286
208 45
225 364
399 296
440 208
333 375
337 423
459 307
144 385
330 332
145 437
42 31
178 254
289 22
408 50
229 427
39 289
217 99
179 317
404 344
29 397
400 346
393 403
357 218
326 179
424 390
194 2
365 76
326 2
87 213
20 338
4 354
342 307
344 314
29 378
102 343
66 332
246 261
268 37
338 441
17 178
119 430
326 255
82 165
197 88
10 423
2 342
16 338
218 417
219 165
351 313
360 233
427 153
168 246
31 272
307 428
67 430
373 283
272 392
392 39
158 127
403 320
197 72
282 430
381 106
138 114
322 330
400 241
152 120
251 192
20 212
315 419
409 357
73 302
351 128
430 89
189 259
193 126
240 414
124 318
279 276
236 180
34 162
410 336
309 112
267 145
128 15
95 280
101 446
86 79
1 298
95 173
30 251
336 31
163 115
420 52
432 207
420 43
195 447
295 432
175 127
325 290
92 458
263 371
303 431
430 254
159 392
276 89
451 440
24 84
255 350
112 268
185 204
22 233
396 452
9 38
143 426
386 195
230 39
431 246
344 437
59 303
71 263
383 439
332 279
144 451
317 118
141 386
402 426
270 113
118 390
2 416
385 14
328 291
73 374
358 53
117 312
122 228
291 386
284 303
200 191
76 122
157 352
405 313
390 240
79 368
385 425
423 108
238 424
273 459
6 89
393 7
334 254
396 413
447 67
209 365
353 198
437 458
279 115
135 21
124 333
18 200
400 236
385 172
93 187
193 433
444 111
201 440
436 229
453 255
347 204
410 314
187 108
265 35
419 334
226 452
190 415
143 100
420 418
62 208
435 268
92 126
419 63
206 62
308 429
164 457
52 311
327 329
295 256
261 320
260 340
123 193
207 240
448 246
94 293
91 298
384 353
52 15
128 427
300 67
340 55
320 458
11 212
262 281
147 428
440 288
352 304
429 104
228 207
279 249
441 421
93 28
295 246
417 382
145 283
328 186
358 1
255 127
375 134
444 269
22 298
365 48
222 273
179 264
343 53
129 95
301 142
316 400
125 45
215 77
149 103
71 55
24 22
315 162
215 40
281 93
53 112
327 335
100 303
148 108
53 80
393 65
329 136
326 22
90 274
100 402
114 117
413 96
307 307
49 389
39 459
82 216
396 231
19 376
45 17
315 247
398 232
371 99
150 150
286 300
370 335
129 208
109 276
23 79
111 182
310 77
113 400
264 316
358 357
217 245
196 396
228 169
428 441
295 338
11 5
457 67
377 30
279 386
177 187
173 423
262 45
216 446
15 14
416 84
310 330
359 243
399 235
252 165
221 39
39 110
291 189
39 24
413 210
418 279
428 267
62 30
349 182
70 52
24 71
380 191
249 55
453 119
194 396
358 242
218 7
442 291
136 263
43 137
298 75
440 244
314 94
383 91
424 288
180 416
252 116
371 430
351 283
305 231
391 257
457 404
201 257
118 455
381 248
131 151
360 208
377 186
201 35
336 180
174 52
166 184
452 102
220 311
426 236
302 110
239 436
46 202
394 237
261 154
293 371
173 323
88 261
449 182
344 402
44 162
280 396
127 203
63 17
70 365
317 329
459 427
236 357
95 24
145 386
100 46
176 301
377 365
97 427
178 140
283 173
265 406
57 278
262 192
402 227
384 93
86 320
426 237
321 200
54 67
231 452
424 109
42 348
222 235
361 420
86 457
101 240
92 191
95 60
131 200
23 19
144 427
443 456
6 121
336 28
12 440
402 179
233 160
43 230
92 76
303 207
101 261
122 410
325 301
153 443
95 16
405 329
359 218
149 337
237 249
61 77
123 446
37 243
200 277
189 188
173 353
25 147
38 223
442 134
341 14
218 5
220 91
232 189
189 71
112 87
255 247
114 262
272 406
203 400
14 394
339 457
332 112
365 32
76 369
95 114
309 58
42 309
26 342
47 317
289 284
447 117
90 155
360 324
13 185
365 160
301 128
63 53
47 243
455 240
223 29
262 451
218 347
4 321
346 177
372 369
107 79
352 303
459 276
371 81
78 336
87 289
174 358
132 145
202 330
41 284
242 90
238 239
358 402
32 120
173 117
126 181
224 97
390 37
341 393
66 229
324 224
405 460
163 404
44 28
145 44
182 41
116 379
307 224
213 207
305 277
188 108
393 350
355 170
308 141
54 454
318 304
248 329
116 81
323 351
150 244
251 76
7 178
23 332
103 432
102 269
135 133
79 26
243 158
110 86
143 209
75 277
8 128
111 168
217 320
119 191
376 448
355 428
178 345
187 89
264 416
206 451
136 87
20 381
56 142
7 358
344 78
142 220
167 377
225 444
137 383
441 436
92 457
96 110
188 85
357 372
113 430
151 17
354 272
267 303
328 128
199 354
164 92
82 439
152 22
86 346
245 40
339 18
47 406
179 305
55 297
303 203
353 31
455 266
219 200
348 96
151 256
95 444
186 321
406 309
63 339
4 139
409 14
229 432
54 414
350 110
32 409
248 54
120 67
129 391
279 305
407 90
288 436
309 60
81 198
61 293
160 176
188 143
270 177
234 67
127 120
455 74
79 415
380 190
82 181
190 2
332 126
164 329
381 150
74 317
153 382
182 85
289 348
68 362
406 108
80 210
133 365
267 402
373 405
297 439
216 161
223 261
156 396
116 360
338 375
22 410
140 340
394 401
324 292
455 97
450 54
360 374
377 267
396 428
404 198
157 42
1 318
148 295
44 140
368 152
37 251
353 310
182 74
438 408
68 75
313 36
274 285
167 85
75 409
53 415
313 267
301 46
207 375
413 326
204 451
283 363
68 339
64 146
197 442
350 100
182 275
86 440
27 387
270 448
387 30
182 118
90 67
199 357
71 383
435 320
449 110
105 129
183 344
10 315
317 339
30 385
52 323
94 438
54 327
448 209
289 389
93 165
332 37
237 9
58 142
363 95
23 51
420 227
176 352
379 221
69 240
411 94
103 133
437 264
312 139
338 222
362 15
258 207
346 164
219 282
164 439
257 314
147 309
355 81
55 259
384 311
177 160
443 270
428 222
180 77
454 67
386 208
131 445
304 321
36 190
346 457
448 261
121 56
456 253
74 151
139 337
439 329
436 336
160 426
423 17
435 44
294 328
406 74
197 23
240 146
374 195
45 151
359 369
234 170
39 388
111 129
80 329
55 314
429 30
454 345
369 28
449 276
246 197
313 314
277 238
286 299
25 138
281 236
306 349
88 363
261 396
91 81
215 410
27 369
450 191
165 455
242 353
361 380
313 321
398 338
124 112
321 150
354 219
434 231
37 259
326 353
449 443
348 376
42 196
429 452
323 32
216 456
444 288
78 243
447 351
15 134
449 268
15 405
322 378
188 347
333 285
358 336
449 404
93 334
23 298
23 275
165 120
23 105
226 192
443 318
234 322
153 156
331 441
200 273
35 164
395 123
132 236
119 36
22 34
273 45
83 26
239 348
86 237
400 84
214 291
293 296
90 409
135 242
439 128
368 401
102 266
95 431
49 250
455 226
64 126
84 460
387 259
94 395
175 226
333 262
322 140
314 98
303 272
7 427
371 291
166 170
244 222
204 75
104 159
357 279
115 200
321 318
153 51
41 431
347 316
185 408
203 357
81 152
353 236
415 249
458 262
415 158
427 338
291 402
377 241
361 170
228 451
423 341
345 300
405 392
339 267
38 237
370 268
314 61
217 326
352 141
459 288
68 257
25 389
359 40
395 12
20 218
214 57
39 68
228 312
364 351
239 208
345 189
221 16
207 200
437 89
144 374
328 171
357 47
6 426
386 213
318 43
101 5
381 144
118 399
222 42
460 392
427 36
69 455
273 170
155 213
348 205
315 441
450 63
102 171
193 243
241 226
316 299
126 442
267 135
165 415
257 315
247 344
269 52
365 272
227 11
437 144
128 99
72 362
177 254
402 371
175 14
320 442
65 239
256 195
354 424
134 32
329 374
291 158
12 50
52 249
241 242
194 12
34 152
157 85
391 431
74 317
198 66
52 347
346 149
94 162
298 433
261 159
145 434
10 9
171 459
183 128
398 347
159 340
367 324
398 142
150 298
140 224
22 200
89 359
173 387
252 324
356 381
197 75
371 133
59 205
443 35
291 431
377 311
48 352
10 257
343 89
211 243
331 448
356 231
263 135
277 26
98 403
306 394
59 246
34 422
11 451
350 371
86 436
367 418
297 452
3 14
40 244
390 452
155 381
434 340
317 222
360 425
116 231
220 186
64 245
27 368
212 135
386 141
437 153
109 57
454 306
430 230
336 328
139 403
319 408
456 156
124 337
432 196
159 285
379 307
23 65
217 34
155 181
35 330
290 33
447 427
404 245
203 132
425 105
241 241
132 287
196 113
404 342
313 319
134 333
167 455
128 124
69 388
405 385
92 424
216 390
174 141
103 97
234 92
388 258
217 78
247 235
229 259
414 73
73 344
266 444
430 67
343 358
262 131
380 110
59 454
337 134
270 393
235 227
406 77
128 426
60 208
247 341
355 145
144 163
85 441
181 29
249 191
428 170
298 164
27 444
428 188
176 113
33 151
64 279
43 104
204 405
228 11
338 169
422 230
126 300
449 375
107 166
280 352
409 388
119 209
369 218
259 380
192 277
427 416
454 106
165 17
388 358
364 40
216 345
150 138
223 148
345 74
355 152
438 410
305 406
84 173
258 286
54 252
103 460
150 10
321 337
4 106
341 244
1 51
218 81
111 294
142 438
448 64
186 346
410 299
296 446
298 13
334 346
420 432
403 127
151 455
2 377
86 368
298 291
135 345
343 236
270 188
296 303
308 386
212 192
133 436
254 374
109 152
311 65
178 287
420 108
240 345
44 246
206 44
210 316
236 78
135 219
329 333
160 299
352 278
344 267
36 240
447 13
112 305
327 51
164 86
174 423
382 206
203 208
226 131
73 11
196 349
136 48
11 351
108 347
426 418
193 155
211 370
451 367
442 335
318 220
233 145
78 270
314 125
349 46
158 183
388 270
343 154
39 285
423 425
302 316
270 373
246 386
457 18
17 358
13 225
18 12
440 291
446 30
27 391
285 234
400 69
455 79
101 145
9 361
1 132
272 138
400 197
103 217
380 361
300 7
397 46
380 74
127 42
85 343
445 116
2 305
448 450
394 342
125 268
408 284
266 267
400 260
313 28
265 281
55 128
164 348
231 30
60 146
198 214
34 313
362 322
331 38
394 173
418 223
318 109
46 241
67 48
147 326
295 158
84 416
203 353
90 143
174 68
407 4
64 363
6 401
75 262
391 290
186 402
250 332
384 79
92 59
425 412
441 444
120 381
281 131
339 456
115 300
265 91
56 255
212 247
343 347
422 127
257 324
365 77
407 114
452 253
436 46
129 421
421 42
93 168
322 278
284 169
455 63
231 45
395 311
275 120
323 283
306 460
425 116
310 447
87 414
54 268
93 80
324 113
53 364
43 93
49 385
412 81
305 290
7 360
243 225
357 274
454 371
246 264
83 246
213 150
348 437
287 85
308 320
217 127
398 338
101 89
185 76
52 327
289 75
282 98
196 370
384 252
404 317
279 125
248 42
382 39
79 248
409 281
161 148
81 235
431 135
246 295
134 38
164 173
429 264
413 413
375 206
290 284
149 170
227 50
167 91
285 294
311 357
105 417
54 251
331 396
178 290
79 165
454 351
387 417
356 153
301 389
196 121
336 33
229 66
133 242
102 389
355 59
364 358
101 401
267 4
94 352
422 352
136 405
115 171
407 78
22 241
41 101
91 274
87 414
213 147
339 310
62 315
84 448
240 172
363 177
261 119
278 339
381 184
421 285
308 64
239 33
319 266
442 49
64 343
405 271
278 12
73 311
52 222
376 138
427 188
101 415
213 247
441 173
97 173
352 358
300 321
269 285
48 93
83 186
317 232
131 117
443 217
268 17
246 109
268 167
384 233
342 175
254 394
28 30
198 252
96 126
221 242
455 287
54 94
8 236
229 123
388 41
331 237
67 404
5 13
212 99
12 182
359 377
51 418
257 322
132 413
371 413
56 384
295 444
404 335
153 340
260 41
29 322
135 89
90 263
239 444
306 138
259 116
143 57
79 44
195 167
109 125
4 281
163 185
400 317
276 196
63 240
25 425
184 71
89 282
382 129
144 393
93 372
318 441
132 258
276 209
122 412
215 93
324 191
244 339
271 458
135 303
26 138
416 443
425 276
271 415
21 155
232 367
155 132
36 187
109 121
55 85
169 197
37 96
233 16
362 265
170 79
305 435
357 316
314 250
28 314
270 304
317 82
37 193
259 32
49 391
299 47
109 112
21 345
316 247
126 3
58 278
316 229
276 311
307 264
456 409
287 433
119 216
20 117
351 3
236 364
69 229
364 375
143 404
147 306
394 331
112 162
445 12
216 367
46 57
239 105
429 116
273 85
203 19
14 24
76 280
411 222
283 254
3 270
176 245
270 398
18 148
268 383
217 321
24 350
386 441
141 268
388 85
406 128
368 154
402 223
266 114
358 256
15 183
354 119
402 36
295 376
43 240
244 206
302 434
287 437
149 37
290 449
179 215
34 135
66 48
422 89
23 68
45 233
394 120
287 347
412 56
385 399
382 79
165 121
207 354
305 357
405 119
178 386
373 182
46 346
450 216
48 423
46 439
333 284
347 263
249 349
40 233
293 191
403 381
133 322
220 24
281 341
349 22
406 116
423 91
220 309
1 434
360 206
349 67
448 215
180 158
186 262
385 339
224 167
91 225
275 323
357 149
397 135
135 326
172 456
306 370
127 65
233 435
380 405
184 62
82 33
303 138
32 401
132 218
109 136
214 188
336 2
25 281
384 400
46 368
236 152
355 61
290 12
87 120
212 333
156 403
313 119
134 128
79 405
117 362
231 457
169 94
14 365
366 189
88 207
436 65
203 158
146 2
79 356
107 9
334 120
416 426
359 415
429 52
411 77
84 306
213 363
407 438
367 181
120 215
245 58
421 194
167 132
58 14
360 27
396 278
179 222
278 189
377 329
438 36
105 58
94 208
413 73
352 198
176 195
118 17
403 331
162 222
428 44
381 102
95 123
289 313
51 84
91 154
96 161
262 432
443 87
438 302
431 63
414 212
348 196
334 238
140 311
242 34
71 353
70 278
350 381
381 353
265 285
137 360
62 115
211 364
32 315
174 438
400 211
290 200
175 9
326 64
45 192
57 253
426 213
180 243
358 173
54 192
427 228
102 292
226 160
37 77
282 217
388 453
204 197
185 251
99 6
417 173
366 448
407 7
109 384
175 143
369 210
405 459
372 46
253 229
376 397
199 344
122 346
402 304
449 62
132 337
264 344
446 237
457 374
93 371
367 378
296 75
69 202
266 22
285 305
256 440
359 265
280 70
125 371
364 338
64 345
47 113
48 273
373 366
451 364
128 30
123 435
106 444
137 200
27 151
418 277
136 65
211 76
136 228
458 294
341 44
35 290
420 323
7 227
299 293
202 346
67 250
54 447
43 453
221 395
326 140
315 444
322 111
288 332
331 424
267 58
14 245
24 191
280 196
372 251
82 375
168 327
19 156
395 265
207 344
225 165
72 6
8 51
349 308
238 214
160 214
218 197
122 221
102 172
116 96
18 308
358 403
190 144
46 141
174 274
174 434
263 434
427 107
235 5
264 438
411 166
223 307
180 367
381 75
32 255
73 392
385 237
110 277
135 391
15 232
163 38
170 79
31 280
164 146
419 459
454 410
83 324
310 243
349 86
294 196
207 426
130 307
252 21
385 318
237 409
210 283
36 170
247 441
137 299
98 150
211 117
36 217
8 450
60 156
1 323
444 226
228 373
117 39
233 19
45 245
139 121
304 7
272 92
104 1
219 177
95 20
60 233
324 100
41 422
226 51
132 389
399 49
457 292
211 207
219 307
187 233
355 304
22 317
428 409
140 455
145 16
150 351
34 285
284 455
242 312
113 91
9 352
218 445
86 407
79 437
119 10
158 145
16 245
215 360
199 102
421 122
5 162
337 348
359 23
276 362
195 58
418 192
445 63
99 151
243 275
278 135
239 117
20 234
115 211
146 299
250 408
183 244
220 365
106 454
164 410
420 107
80 252
124 235
416 76
268 59
441 352
199 419
325 292
428 284
390 68
79 129
1 315
235 442
386 227
110 47
185 383
185 46
110 52
138 339
193 378
153 311
326 332
137 207
290 230
46 188
44 366
68 84
33 246
421 183
50 71
389 416
60 41
221 108
204 123
434 93
297 314
30 1
428 224
181 432
165 2
77 401
8 170
322 310
438 232
359 199
296 245
228 24
460 256
136 151
249 33
204 132
300 26
332 266
418 297
403 44
270 265
43 271
126 328
162 52
247 240
419 285
297 24
399 130
437 210
446 88
83 62
426 249
100 159
363 232
236 303
453 277
427 269
229 221
316 197
300 100
357 441
398 415
246 58
230 427
243 153
459 304
309 345
257 454
104 70
6 162
434 429
59 275
160 444
294 50
336 337
231 448
135 381
85 391
460 290
108 15
304 353
435 372
95 441
336 272
236 381
425 125
34 193
53 356
232 163
384 142
342 170
131 180
361 271
113 249
173 139
363 370
416 8
116 156
79 218
194 33
296 180
220 327
377 102
44 333
144 378
409 68
313 16
259 430
459 392
26 329
260 247
135 130
23 338
148 457
44 369
428 29
19 342
185 179
92 394
369 429
247 359
229 405
262 324
37 67
269 113
394 246
291 302
322 353
54 287
382 48
128 448
20 26
183 297
272 225
247 440
218 171
266 192
30 253
194 199
458 75
115 436
383 203
420 33
216 82
180 66
350 256
348 327
301 138
24 285
11 193
39 111
356 204
89 278
29 429
140 340
316 102
294 213
334 140
422 45
153 279
241 436
207 257
451 217
304 112
215 329
387 44
181 197
309 2
448 262
29 267
349 349
295 117
58 133
132 254
112 168
77 448
52 116
86 166
305 347
247 131
455 369
47 74
177 361
428 73
238 125
300 203
457 280
56 221
223 94
356 148
397 200
455 101
333 455
311 437
247 77
159 231
147 17
194 167
185 51
2 245
168 5
305 218
72 286
439 170
310 70
173 291
168 3
409 432
80 322
17 72
95 309
394 401
458 202
89 421
9 430
407 220
143 389
289 125
3 314
397 21
192 417
363 395
211 339
3 294
95 219
424 2
39 311
262 425
115 246
327 362
294 312
416 233
272 18
374 152
431 226
455 333
358 398
407 206
451 319
317 433
273 429
103 190
336 305
198 343
95 90
75 348
112 198
20 350
304 441
113 183
13 184
196 351
410 399
146 268
82 44
330 77
161 400
401 116
143 265
219 219
121 80
147 91
176 274
52 97
405 132
365 213
205 134
386 283
241 419
405 436
201 279
191 302
228 415
389 168
275 298
354 282
328 398
5 370
172 242
8 121
238 343
419 432
2 72
374 370
98 17
193 338
434 167
313 166
269 176
236 351
306 335
159 329
193 195
202 32
103 445
143 330
207 158
132 381
31 327
144 338
134 219
448 459
124 144
338 125
49 361
347 302
97 43
203 403
296 120
240 157
187 452
239 249
233 70
419 280
413 5
437 328
187 282
338 380
394 341
70 14
420 103
378 325
268 170
434 20
40 134
243 103
236 70
114 221
43 8
186 374
286 209
431 328
339 330
112 331
81 33
262 397
328 192
335 311
456 352
68 15
34 442
350 248
160 179
51 211
48 450
148 326
220 265
375 289
85 285
56 231
386 10
211 69
384 306
264 261
285 343
415 269
376 93
262 148
224 250
384 234
74 190
128 224
45 447
391 416
230 395
194 445
219 443
443 16
153 384
118 401
250 299
438 56
253 253
411 440
258 89
346 198
339 205
184 328
311 42
145 152
166 327
91 149
340 156
13 89
160 126
94 222
300 148
456 355
450 7
155 306
353 25
329 234
95 168
289 39
391 201
366 225
287 421
327 390
309 181
145 349
403 433
368 103
63 333
284 240
393 102
301 232
8 132
379 273
395 51
425 65
268 79
178 87
40 242
79 249
399 37
176 56
202 103
196 118
145 367
211 134
358 214
44 278
414 383
45 40
232 388
340 103
192 18
80 66
323 460
424 100
225 284
440 133
301 85
447 61
239 125
103 257
399 288
8 186
254 409
429 231
335 161
194 97
405 156
194 398
88 119
312 226
39 209
290 131
22 7
354 424
17 48
369 444
221 356
28 250
69 206
360 47
286 419
393 17
393 430
54 73
5 36
169 210
210 26
205 452
331 106
33 17
39 158
366 339
112 227
251 352
327 93
64 60
182 229
410 119
221 430
122 386
442 262
79 449
214 308
137 310
419 287
105 344
146 354
448 219
417 423
184 278
61 27
392 195
281 150
64 424
177 265
198 113
243 345
384 228
8 396
130 190
413 265
277 299
360 318
403 166
7 413
383 343
375 382
249 57
456 74
34 201
83 432
152 336
63 68
284 377
255 299
25 164
108 369
155 315
309 318
79 432
383 377
237 261
390 17
141 276
277 353
262 375
443 136
19 149
368 137
316 89
50 384
45 226
385 418
233 334
326 220
346 138
285 113
450 141
73 448
1 393
88 124
152 328
131 134
148 131
107 325
213 435
52 428
95 368
233 276
79 178
372 317
270 188
195 165
201 442
358 9
306 310
14 441
169 137
186 210
351 200
347 391
232 310
416 416
344 92
82 425
239 361
440 237
99 387
20 358
318 210
322 268
47 176
206 278
59 216
1 249
255 328
35 52
366 126
162 394
339 253
9 235
355 311
144 453
195 158
209 378
397 243
219 381
99 377
233 247
291 123
451 436
275 339
245 181
286 243
342 52
351 281
96 4
253 340
208 258
5 150
216 205
25 401
183 361
454 382
417 163
456 188
271 214
86 240
290 106
205 131
316 119
163 334
173 54
182 82
279 244
108 23
418 163
117 150
88 22
321 282
274 370
302 226
385 102
442 84
110 56
101 253
185 298
104 348
195 396
37 334
351 73
35 324
449 169
307 102
167 95
390 198
370 17
209 171
204 67
41 77
458 253
27 61
422 278
5 292
369 321
408 209
110 375
35 244
321 348
276 437
109 398
389 316
184 347
435 159
296 349
237 288
417 15
246 368
110 158
347 404
49 221
178 122
224 375
30 452
18 243
286 130
343 194
350 307
292 286
291 360
11 122
198 209
320 306
35 69
111 189
77 430
173 137
384 95
439 243
312 415
151 451
56 257
218 316
301 222
406 70
67 91
140 445
113 126
55 271
391 408
406 181
455 435
109 34
106 313
215 410
204 327
76 290
255 409
302 144
282 69
391 29
31 129
101 45
103 187
69 254
55 249
180 248
141 416
212 457
278 409
207 242
335 398
221 55
96 232
57 316
7 456
260 110
364 206
78 23
168 272
217 287
279 270
142 39
150 11
368 375
160 95
235 41
301 321
255 38
80 88
236 456
91 110
293 64
298 299
253 384
94 84
208 419
433 194
334 404
99 225
13 432
146 371
187 452
448 38
411 438
436 242
295 70
445 316
46 325
135 107
216 305
405 112
189 405
161 80
383 432
116 187
104 293
317 60
383 34
124 423
447 393
180 21
197 322
406 460
117 247
189 364
363 343
407 363
192 90
407 299
407 252
442 138
170 186
267 32
46 370
160 85
387 297
420 338
242 383
162 87
179 51
373 451
137 320
408 353
196 253
440 127
434 159
440 174
248 9
437 199
164 164
209 97
432 351
199 301
43 278
420 57
78 274
189 247
146 144
133 90
274 348
177 284
20 265
335 15
258 412
433 390
314 409
108 205
217 232
28 368
33 365
187 395
443 95
336 168
434 439
201 156
158 374
287 432
232 413
272 379
263 342
134 443
153 241
102 370
79 334
295 224
339 150
403 72
193 344
124 73
302 195
259 441
205 445
143 42
387 207
102 329
373 428
451 269
329 201
70 183
80 382
390 328
1 53
138 123
289 448
68 4
379 319
229 35
38 419
225 16
71 78
380 151
115 360
113 291
280 381
24 441
264 446
343 107
80 17
421 419
237 232
406 113
347 116
213 99
188 312
349 77
329 286
269 31
14 72
286 15
16 332
199 191
168 334
223 348
439 146
385 448
232 203
278 165
360 6
186 325
270 354
271 383
181 7
384 47
361 106
211 228
267 59
73 126
371 415
292 434
349 330
382 163
346 435
285 151
8 98
21 151
244 335
438 285
137 442
89 290
73 458
445 119
8 299
291 384
153 124
71 93
394 36
246 408
338 355
60 120
336 111
382 406
362 110
10 284
207 41
129 333
115 218
449 407
377 220
317 447
339 184
69 433
358 335
85 399
282 252
82 154
63 456
177 61
238 127
18 353
