460
4232
79 176
310 174
40 320
345 397
432 418
303 355
300 78
141 232
386 187
216 247
91 103
327 144
284 165
74 221
428 4
284 196
193 41
389 62
353 165
381 203
66 432
104 218
236 23
455 162
210 245
119 249
79 446
382 364
116 82
283 248
119 301
193 392
98 445
215 164
208 445
431 351
209 369
132 208
77 37
160 390
232 452
314 332
220 15
122 46
374 419
403 202
116 60
46 332
166 52
61 425
264 36
109 44
161 381
54 182
111 170
158 238
38 374
433 25
451 210
151 263
296 413
431 64
245 303
419 355
31 460
40 83
43 255
400 413
260 127
276 383
360 269
221 326
103 316
185 262
371 11
427 70
417 16
285 130
90 438
45 10
66 78
219 314
225 57
153 354
452 328
160 67
279 66
346 111
255 313
235 10
249 396
78 115
90 321
284 442
40 455
306 386
447 346
459 107
447 31
341 211
70 122
143 87
414 15
420 458
10 438
425 54
195 445
287 255
158 1
354 12
417 206
429 432
371 3
231 94
357 280
39 17
400 302
173 355
181 45
216 102
128 45
98 408
172 157
292 374
351 78
386 245
153 189
165 269
213 343
128 436
275 47
120 365
20 401
325 331
266 51
81 438
415 61
196 274
378 26
20 291
67 307
421 431
106 354
141 33
277 44
130 123
209 344
171 201
355 241
220 393
203 338
12 411
138 333
390 238
83 196
327 247
76 65
169 296
336 359
96 164
243 448
415 450
31 300
102 123
384 308
320 255
74 304
217 2
78 445
385 58
365 88
225 98
83 22
377 65
395 218
161 232
128 282
61 308
226 449
161 106
244 30
443 118
348 286
288 441
3 32
65 26
163 208
409 343
122 123
288 166
186 108
368 55
386 255
223 121
307 141
42 256
131 148
281 189
192 306
234 70
368 310
392 344
8 150
57 235
66 49
74 195
419 271
433 57
398 51
219 414
205 27
432 160
130 256
386 20
371 1
302 282
452 26
210 113
6 377
212 60
277 358
280 366
432 136
232 24
91 11
410 330
95 420
318 24
413 406
227 181
224 243
458 33
174 188
446 64
22 8
308 111
430 9
318 46
111 339
20 104
294 39
362 122
138 134
59 362
140 9
406 11
456 234
269 142
270 364
345 3
29 359
346 438
267 387
78 310
408 236
405 155
74 256
282 320
236 88
383 146
365 361
233 415
395 408
291 302
415 319
296 55
393 436
287 104
409 97
169 40
180 230
90 188
443 110
317 397
277 145
324 19
399 226
99 84
396 231
125 163
272 46
260 28
62 283
311 12
370 352
191 85
89 62
285 35
430 390
232 294
186 121
271 54
342 190
155 149
257 199
279 72
338 27
258 265
237 215
371 335
59 277
413 431
153 51
399 71
195 26
457 170
350 402
94 411
281 205
361 212
228 127
351 255
92 397
322 229
229 189
297 59
427 341
203 42
61 324
100 207
292 243
347 399
102 256
200 270
392 221
50 285
207 153
302 359
243 184
315 134
285 118
355 3
423 417
179 297
38 375
227 336
302 260
329 52
155 410
359 415
134 455
383 377
101 47
60 84
218 402
269 44
450 404
11 231
63 155
95 62
151 366
26 155
324 331
204 40
80 292
59 147
70 90
156 5
139 455
7 290
101 114
70 425
276 67
229 164
195 26
192 174
112 371
261 93
217 55
72 382
231 100
263 123
212 159
309 105
57 134
444 100
344 63
272 138
37 11
76 274
117 311
154 223
352 192
190 64
417 450
273 265
173 101
293 198
154 325
305 409
452 442
259 262
433 192
168 347
42 280
288 452
95 372
446 459
15 439
102 261
165 368
85 321
306 88
292 179
191 121
129 366
209 94
223 419
228 60
236 238
367 73
257 85
292 399
289 192
377 259
298 95
329 348
9 26
451 378
392 270
216 271
417 270
260 33
51 175
200 259
98 407
377 28
443 303
21 423
304 68
101 199
47 260
390 35
207 42
61 371
102 446
230 216
72 33
20 228
60 13
33 321
170 131
340 357
246 333
31 438
432 40
234 430
275 316
151 236
283 368
382 324
374 104
391 36
173 220
196 348
368 105
91 38
378 307
395 97
45 176
368 420
309 248
312 360
291 231
201 421
174 128
409 396
323 417
144 146
266 75
237 240
169 261
385 298
370 16
384 112
8 456
163 297
345 185
362 300
448 307
98 40
310 327
290 164
454 324
364 260
272 61
165 200
8 249
15 374
199 366
16 99
102 104
397 199
395 81
358 446
416 79
331 194
349 81
294 192
347 22
37 436
445 173
29 9
128 105
324 192
450 275
221 405
363 213
300 241
72 443
239 368
295 361
33 31
208 78
417 39
242 355
150 411
342 387
364 177
146 65
184 87
346 269
73 279
7 176
417 75
111 42
29 251
417 407
310 377
244 384
309 132
28 417
318 268
441 177
70 420
287 39
283 66
405 403
208 88
156 314
285 378
18 83
215 90
99 179
261 24
141 41
153 78
172 406
274 68
347 73
353 45
431 74
130 161
335 316
17 433
21 356
98 326
401 312
312 365
306 89
439 228
50 177
224 153
26 288
338 40
450 19
2 412
447 223
153 243
406 362
61 334
196 262
232 460
109 94
400 119
267 53
175 65
196 234
423 310
422 150
342 207
74 388
8 220
396 376
59 414
130 217
24 425
295 147
418 311
272 191
29 372
458 387
294 38
429 315
382 428
293 34
5 379
239 393
344 377
164 313
38 144
152 37
316 42
409 427
458 370
157 336
204 238
274 19
29 446
343 254
403 269
285 386
285 438
233 452
104 219
289 62
21 280
22 243
292 39
273 345
422 445
442 59
259 292
392 439
379 185
366 271
66 244
177 147
437 61
412 460
385 252
331 312
40 420
410 55
252 157
83 42
385 253
302 32
389 288
419 404
391 323
333 238
310 19
448 238
354 250
449 257
34 182
300 437
26 346
459 330
360 270
47 73
443 419
353 381
136 275
177 211
168 404
45 98
335 97
94 2
95 100
377 334
24 301
1 291
115 267
174 238
115 348
395 22
298 269
334 281
304 141
433 255
72 460
9 126
236 375
24 28
6 341
122 98
206 401
35 118
372 305
223 201
434 182
393 284
104 424
266 147
2 386
368 280
28 279
30 271
147 358
282 90
163 239
281 28
196 97
314 84
115 130
4 246
142 362
52 172
222 2
241 413
181 376
37 312
227 206
242 236
300 188
392 455
176 158
144 25
3 210
129 71
294 377
45 90
238 409
426 429
351 221
329 41
430 13
218 11
41 109
275 41
44 365
344 135
79 449
238 347
297 367
275 140
239 17
400 429
346 25
351 352
179 408
152 391
256 140
392 68
23 262
369 26
318 388
101 170
186 321
139 220
312 430
394 113
246 396
405 146
377 34
239 285
299 397
281 395
164 338
95 145
376 75
415 8
162 11
274 18
97 368
319 310
175 421
382 31
287 203
270 321
25 355
229 241
388 385
232 398
458 402
423 33
145 102
442 143
84 157
404 229
191 362
422 428
135 368
157 351
58 441
100 266
2 309
117 260
191 118
307 281
62 66
313 198
190 396
43 162
172 214
41 178
416 99
231 126
457 319
12 280
109 412
105 285
423 139
51 288
280 415
184 193
449 194
72 186
357 17
10 250
161 139
334 137
320 104
210 36
228 413
113 430
304 104
420 56
78 414
116 43
301 233
201 430
198 280
74 454
362 100
401 247
451 75
210 424
449 387
334 11
112 105
374 38
299 403
41 146
8 312
127 10
418 344
172 355
98 102
182 146
183 412
57 27
71 1
112 75
175 418
119 214
76 384
237 87
350 338
63 372
194 459
195 43
358 259
407 413
253 453
137 234
223 321
21 345
437 376
166 117
423 313
436 130
203 234
383 269
174 123
74 210
156 371
210 427
109 451
347 43
141 315
310 437
348 40
392 93
363 343
102 228
397 325
227 279
365 93
314 208
253 286
74 153
292 344
425 18
126 439
110 142
66 360
355 86
362 319
104 123
263 78
148 293
362 418
178 132
164 261
185 71
33 248
311 212
36 129
123 289
37 324
30 126
459 87
270 421
90 199
29 281
105 458
204 453
155 267
438 340
243 306
60 292
103 176
99 118
177 276
137 138
293 189
5 251
53 15
127 34
205 98
392 41
337 271
115 178
317 329
143 166
148 53
445 120
151 259
286 2
91 84
246 234
226 406
10 395
145 352
24 30
323 380
299 357
403 314
325 32
278 23
369 271
59 347
52 331
154 196
335 14
185 255
402 273
448 68
51 460
143 66
253 85
255 444
401 161
228 221
40 333
237 398
440 71
290 101
361 128
21 221
397 74
296 12
229 222
439 280
274 373
404 430
424 408
194 108
37 434
54 37
266 177
65 305
231 280
270 51
308 323
170 287
394 38
78 211
262 201
106 457
384 145
251 371
402 175
417 231
325 128
409 403
100 145
159 253
439 253
338 53
225 292
343 216
296 102
269 334
292 384
129 372
32 419
315 108
409 202
296 66
277 379
388 40
122 321
72 107
339 364
45 371
230 265
241 426
394 446
230 131
123 183
28 20
151 391
54 149
278 163
376 353
421 292
332 197
243 456
318 21
202 329
81 160
72 419
182 143
40 74
324 442
104 87
276 265
118 409
122 85
9 249
430 366
383 55
10 194
215 438
29 341
310 99
454 272
253 73
148 240
100 155
78 347
68 343
38 401
242 347
55 122
86 258
269 111
15 315
335 289
10 392
356 321
342 417
263 270
244 118
32 30
122 143
378 399
365 251
16 361
419 2
35 2
48 120
163 44
401 415
403 162
457 396
65 336
337 24
199 211
385 425
283 300
25 215
81 277
281 376
288 407
166 276
27 383
443 202
146 291
309 365
445 275
342 270
187 136
448 330
167 435
28 435
401 221
201 264
4 421
291 343
384 217
80 346
236 156
332 85
200 255
175 216
419 259
279 313
258 193
194 414
18 382
388 70
323 119
128 55
106 233
319 170
124 274
164 30
182 241
235 333
316 354
251 243
27 3
406 250
122 373
112 421
324 201
126 3
131 215
79 292
153 417
295 193
130 283
39 129
33 7
152 276
264 176
320 195
310 423
11 398
380 380
290 279
90 364
137 319
402 195
135 229
213 302
59 409
9 239
117 382
207 365
206 322
136 18
430 278
305 135
80 388
104 371
61 268
38 88
295 407
438 278
207 194
438 340
410 210
36 405
256 90
183 140
391 364
403 284
198 114
446 74
319 65
213 337
26 402
56 186
315 262
176 101
219 236
48 25
406 347
430 266
325 223
218 294
239 200
383 246
122 189
412 452
179 162
68 133
348 294
452 173
321 15
105 293
15 414
47 418
365 204
80 308
86 72
81 185
319 96
19 416
183 352
301 225
63 72
458 277
161 173
414 230
370 432
274 390
100 175
145 1
135 377
385 288
162 188
293 8
334 226
397 28
271 399
306 189
199 349
106 272
84 48
237 393
163 119
250 400
187 311
244 256
300 164
48 318
28 238
443 255
51 17
11 438
11 282
354 197
141 311
228 198
86 158
250 176
445 43
388 150
269 305
365 310
47 88
169 158
127 72
135 419
182 34
317 353
115 415
428 310
287 450
290 75
15 132
439 217
363 176
59 6
306 128
1 419
442 351
74 407
324 176
126 150
278 429
271 156
386 144
287 244
390 253
419 41
316 371
80 323
182 45
214 215
429 112
184 46
333 299
71 42
203 162
12 386
174 148
244 28
133 236
206 29
72 230
272 36
387 31
387 77
130 213
284 12
171 275
126 49
99 453
357 333
265 390
197 187
367 369
106 158
365 223
133 159
105 11
216 290
44 272
302 252
208 144
365 134
441 326
315 112
203 335
112 429
137 44
215 246
55 132
231 12
43 295
238 320
23 155
445 100
206 430
230 406
239 231
440 316
134 166
408 184
199 249
114 354
437 260
128 258
421 170
115 313
366 296
47 161
67 173
225 347
185 85
430 174
197 148
381 149
54 363
256 27
53 274
297 221
199 334
69 175
273 445
432 137
13 119
300 135
413 320
169 246
397 409
46 392
271 355
247 185
84 84
127 337
124 457
434 284
143 347
272 377
65 328
453 180
173 270
26 380
112 242
296 146
189 335
266 291
121 9
258 170
199 2
143 324
345 289
108 211
264 264
117 10
427 363
7 22
364 209
284 93
311 299
143 228
414 422
14 327
305 129
161 292
256 195
28 160
248 360
450 214
429 347
113 388
389 21
149 148
46 95
323 199
258 323
274 205
170 432
248 167
42 154
189 317
136 36
251 278
71 232
283 297
115 3
209 201
163 422
287 105
447 326
42 332
214 358
201 112
424 94
241 291
404 102
342 212
91 203
247 303
452 46
97 154
113 68
318 344
271 379
233 269
431 66
272 341
295 449
194 404
96 168
302 284
20 302
320 32
245 169
62 315
312 109
186 37
318 12
342 67
403 318
24 160
365 241
247 294
98 314
187 46
300 126
217 120
388 74
151 124
83 90
429 102
349 269
142 306
437 455
331 236
141 138
258 237
109 159
181 227
93 370
341 300
208 379
183 356
316 252
416 259
122 252
156 101
279 32
158 448
289 26
432 184
287 220
180 79
127 306
75 125
186 102
77 341
383 269
357 338
288 380
101 18
340 145
112 29
415 96
346 429
210 208
385 14
120 376
350 176
310 120
87 346
349 422
294 226
131 416
458 145
95 421
429 321
201 364
332 116
320 225
275 74
315 401
238 345
120 62
25 50
423 39
157 311
79 126
14 239
345 16
316 325
305 111
342 439
293 56
119 236
25 190
342 121
414 355
33 289
60 347
430 124
86 216
128 414
385 165
319 225
439 301
367 15
80 73
297 421
68 145
450 385
425 436
444 178
151 351
81 450
195 348
108 384
30 299
385 319
263 213
452 404
290 214
129 159
253 407
167 38
426 306
71 91
254 124
414 204
174 323
278 199
129 392
218 460
394 20
205 409
320 202
321 215
293 411
255 168
329 139
98 386
330 148
236 454
44 271
225 442
214 182
94 193
133 143
251 262
181 135
301 324
42 234
203 437
279 312
294 400
450 96
250 8
276 45
232 401
455 42
329 302
415 120
207 351
127 118
20 429
249 237
128 41
30 342
100 195
332 153
325 376
171 387
229 128
216 278
226 18
115 385
75 81
143 246
51 384
425 371
110 100
180 337
91 460
309 441
186 311
12 178
130 122
111 324
228 252
381 459
381 204
67 434
176 263
115 197
102 289
295 64
336 184
425 85
181 35
458 34
442 167
178 82
115 4
251 71
178 431
155 421
177 239
139 434
188 279
151 242
18 97
24 58
456 179
95 127
150 195
299 128
25 263
213 371
309 121
327 199
46 389
128 29
18 349
385 136
259 122
60 311
219 221
350 389
374 150
283 459
199 178
241 119
31 363
396 152
328 247
266 195
445 101
168 263
89 430
225 135
14 162
236 406
101 228
270 57
246 290
360 234
388 190
265 259
176 24
103 394
190 90
34 173
188 400
174 132
328 349
163 4
392 278
256 215
447 80
242 418
301 137
207 120
418 170
273 195
363 133
342 50
65 169
225 358
205 291
134 215
390 53
110 16
122 397
248 391
379 194
139 40
426 21
403 181
90 217
302 432
455 407
458 403
35 384
14 227
101 143
397 272
79 17
120 215
288 24
20 310
3 301
373 317
438 81
323 2
40 96
97 252
210 113
323 37
273 15
352 68
268 427
332 399
342 422
30 227
441 212
261 45
72 206
17 62
17 139
368 284
162 45
377 304
412 412
46 80
162 48
307 64
283 320
187 84
95 225
437 254
72 185
381 136
436 393
31 422
335 243
166 383
297 223
193 185
97 266
79 168
161 87
322 316
270 120
379 121
428 264
231 359
227 295
275 138
24 320
112 425
286 2
425 231
229 167
352 58
334 215
416 91
362 304
47 446
437 116
389 391
85 177
372 62
387 208
413 42
206 402
123 194
338 111
188 311
193 164
376 397
355 38
393 317
451 254
459 82
328 48
448 336
365 127
197 193
292 180
143 373
166 151
312 24
452 324
434 275
136 400
338 430
57 247
163 81
290 118
312 119
24 384
362 248
73 383
280 160
220 244
279 229
114 319
207 250
127 76
448 108
320 72
219 312
310 96
86 283
68 324
256 41
23 94
360 132
196 429
446 128
18 382
74 427
40 415
183 120
10 175
351 169
111 143
436 9
433 331
166 125
246 273
121 407
365 19
259 317
176 17
113 172
412 118
193 207
18 323
26 254
45 322
438 3
167 155
50 395
120 428
142 319
413 415
328 149
405 446
115 256
300 329
230 349
406 281
424 264
4 260
243 444
103 340
3 182
94 33
423 174
6 37
438 152
422 99
167 460
322 122
75 387
51 307
364 1
217 185
318 441
189 163
86 287
130 197
395 185
125 236
260 308
271 142
130 406
39 50
281 75
334 353
316 454
112 178
241 75
216 224
127 73
354 61
2 404
29 226
328 326
383 391
334 239
199 25
228 137
222 78
353 194
236 209
41 157
142 51
166 3
73 66
460 42
213 441
50 347
260 124
405 113
405 54
74 283
9 454
181 170
204 440
20 321
310 365
47 369
415 339
401 122
11 276
165 293
415 65
216 393
360 122
176 121
360 330
398 370
455 456
452 422
219 332
301 190
248 307
321 63
341 108
358 437
83 354
449 438
34 53
219 294
121 262
9 416
396 11
386 208
162 88
387 161
99 444
251 16
346 362
440 342
121 378
426 272
240 267
61 63
32 380
373 70
208 375
44 248
228 56
31 115
20 94
408 58
175 65
298 392
210 394
333 47
399 158
160 300
254 322
379 455
2 43
113 189
331 364
325 333
373 323
161 317
136 404
107 153
194 104
171 273
58 278
396 409
257 456
406 206
12 330
269 54
134 423
112 170
161 365
71 432
198 242
52 412
128 411
102 424
450 370
266 310
311 95
97 157
147 349
224 14
241 232
319 213
424 446
85 361
183 114
428 109
73 428
132 248
209 131
196 396
308 415
344 278
3 164
247 114
459 296
444 459
68 248
256 189
398 230
110 60
132 26
306 259
57 245
257 15
95 29
278 362
250 315
27 459
419 52
171 384
127 112
240 147
339 244
164 215
171 408
412 241
78 446
400 300
351 49
371 363
54 291
106 247
298 188
280 191
364 156
95 287
241 312
245 357
264 441
252 36
408 146
272 49
282 330
192 62
343 119
453 38
406 5
260 196
135 115
35 310
92 342
212 244
194 387
153 64
163 236
445 55
418 123
112 305
7 191
179 48
408 331
328 324
357 129
301 325
305 137
1 211
430 230
390 285
12 219
9 357
196 146
443 383
324 275
13 13
320 399
240 50
60 389
252 270
15 361
19 299
457 116
192 69
345 100
26 172
373 1
150 456
126 385
67 139
315 177
329 160
269 287
330 102
424 424
137 61
132 81
431 190
214 410
225 144
377 55
87 67
187 321
416 288
113 294
192 66
72 414
385 203
242 247
313 394
272 397
308 124
292 292
295 351
319 394
91 152
223 454
300 369
52 207
356 52
196 324
360 277
360 108
98 205
195 255
237 112
236 162
86 177
371 293
93 452
276 126
4 272
260 421
235 331
209 122
408 250
281 361
350 453
109 81
280 93
169 193
354 218
240 163
388 8
155 45
172 241
410 273
212 271
300 33
291 339
284 80
79 457
87 69
105 229
250 42
371 49
24 51
245 81
425 267
178 222
422 52
53 101
177 184
19 243
180 296
294 279
81 356
309 324
356 252
83 365
97 94
114 105
239 36
247 382
278 240
248 60
441 343
455 59
356 193
55 190
120 215
341 358
336 91
282 275
156 399
131 6
147 343
42 32
270 153
267 418
179 204
319 320
122 203
413 342
408 59
375 341
403 392
287 382
301 357
164 191
386 84
202 440
306 358
117 398
258 458
355 325
98 175
388 324
20 424
358 406
327 70
326 201
194 28
34 391
265 143
267 141
439 297
61 140
352 224
18 316
369 379
53 20
236 39
337 167
157 41
456 399
144 413
314 317
454 34
383 253
334 129
386 220
325 266
460 226
119 181
413 279
305 392
287 174
438 70
386 281
74 8
399 316
43 129
184 179
152 79
197 49
296 282
12 286
360 297
35 403
325 32
81 88
83 318
419 42
27 270
432 223
53 128
228 410
322 173
350 302
215 301
327 371
16 85
437 441
160 429
361 362
356 179
431 346
460 12
35 448
382 46
149 187
10 346
369 147
270 82
285 307
357 410
357 457
74 312
299 427
143 353
19 16
140 402
85 154
128 296
133 278
253 322
245 321
436 168
170 267
92 17
137 165
15 205
120 333
324 165
446 328
29 417
453 168
309 184
215 177
414 351
404 191
41 334
346 48
207 45
386 207
132 150
208 14
6 434
409 247
137 36
456 270
314 283
200 39
63 263
210 225
212 244
78 325
422 88
157 238
215 271
286 217
423 372
263 388
73 237
167 402
458 171
320 264
409 375
189 424
326 193
356 130
34 247
287 62
140 270
234 281
381 348
334 332
256 196
126 399
291 375
221 404
52 136
83 134
84 156
120 351
335 285
378 339
270 216
308 117
44 11
100 227
361 99
220 57
331 370
362 417
321 185
338 188
16 285
390 353
219 143
205 68
6 31
340 231
174 388
82 387
381 229
139 451
275 175
225 158
88 205
363 211
97 19
421 61
199 456
437 372
212 125
248 422
265 316
270 168
131 115
23 360
202 69
64 362
456 93
140 281
459 383
326 302
360 58
218 269
27 294
24 346
298 181
230 90
398 295
285 151
149 120
118 80
428 436
53 20
437 352
153 454
291 253
6 405
17 27
206 9
113 235
158 133
32 453
288 113
378 253
146 306
61 205
47 379
387 212
354 387
195 113
285 194
224 195
224 427
283 435
436 218
67 50
261 225
354 20
269 119
119 164
426 332
287 116
343 346
102 62
226 90
223 19
186 253
395 117
345 304
27 460
1 174
228 203
410 176
96 445
38 447
429 362
256 144
198 22
88 155
242 327
110 362
159 191
258 405
436 367
4 453
454 233
77 446
439 381
164 314
55 375
225 122
335 44
190 112
231 61
103 21
129 102
137 339
273 182
4 116
108 101
174 161
164 248
169 194
115 279
318 410
19 227
141 150
4 368
352 334
269 353
446 221
38 374
235 264
425 8
150 138
347 26
286 30
396 421
190 312
287 202
30 394
435 140
295 213
92 339
336 294
51 46
220 455
409 316
365 459
3 313
199 357
147 169
69 17
112 181
250 163
38 199
130 159
426 285
1 251
38 188
156 271
179 103
402 167
385 243
315 412
383 60
231 251
139 308
294 442
324 407
390 451
193 431
152 97
168 179
175 308
103 362
247 347
125 345
357 452
222 200
336 259
311 31
28 371
452 89
51 4
2 223
377 339
222 118
67 86
61 358
275 189
15 366
208 44
52 340
455 187
351 7
357 430
246 441
205 105
107 404
385 45
330 104
238 430
318 36
43 445
315 438
159 93
440 4
224 296
107 221
310 267
125 104
23 411
248 30
179 35
211 425
284 370
392 3
116 48
180 77
42 112
197 314
227 269
417 330
108 122
106 351
282 212
138 342
179 274
49 390
75 245
184 339
344 40
136 237
142 326
365 29
13 175
374 158
142 425
439 309
320 314
45 139
120 415
433 322
115 349
419 304
153 279
32 238
101 315
59 439
183 266
108 308
301 177
171 144
148 116
250 85
442 184
127 366
331 47
205 205
364 162
212 112
437 364
46 108
234 70
305 360
370 270
42 285
143 128
390 301
378 88
388 16
278 3
98 287
19 87
213 339
103 349
202 52
401 113
316 374
346 257
322 34
327 436
408 234
413 22
276 215
227 359
32 46
443 165
115 437
282 288
388 222
93 13
170 367
418 214
118 229
212 361
152 299
62 197
244 162
123 361
402 252
430 277
411 43
193 248
365 278
418 401
232 453
43 120
288 228
31 313
217 132
122 196
322 36
117 458
283 29
437 52
205 15
133 425
72 268
453 344
70 341
81 312
333 270
396 187
152 68
410 365
359 178
115 293
356 35
233 13
294 106
369 83
306 440
57 411
114 21
319 156
207 191
101 87
130 120
137 447
88 134
386 447
366 300
266 277
178 52
330 433
341 63
404 356
380 291
20 165
459 60
61 176
208 229
67 85
47 354
221 200
5 433
284 263
177 156
130 174
115 310
372 189
209 265
352 203
2 223
275 222
449 114
443 434
445 141
102 70
85 89
69 68
150 220
190 178
227 222
436 98
317 323
360 279
294 407
99 127
415 35
239 255
35 393
355 296
353 256
77 210
191 288
388 7
113 104
315 56
242 435
137 389
246 139
358 302
363 54
314 384
113 434
182 102
104 460
188 370
381 443
305 444
400 340
21 245
189 200
100 416
305 284
94 68
415 52
161 375
435 299
442 451
335 296
424 331
440 311
447 200
374 314
286 37
52 297
220 144
61 23
22 352
302 421
179 151
348 372
288 243
292 79
450 153
193 194
261 315
400 362
285 121
367 174
355 126
36 447
363 68
303 196
203 126
435 12
64 312
62 411
14 372
112 116
191 183
275 282
389 258
384 242
421 436
56 13
168 135
289 21
403 105
211 93
392 429
72 184
200 368
96 130
176 388
364 84
236 321
54 435
12 28
30 406
242 2
21 270
342 250
284 419
246 127
54 368
274 359
117 237
391 10
155 91
86 322
388 168
239 417
349 38
47 256
141 429
98 81
336 275
287 360
459 177
49 357
443 257
429 323
168 96
163 363
380 82
264 70
53 281
164 356
273 15
54 13
73 392
272 402
72 436
32 208
120 249
405 321
146 390
220 132
364 363
388 458
97 244
146 103
260 368
205 247
8 404
104 178
311 318
368 140
138 149
26 291
326 433
204 108
427 235
431 201
89 367
410 230
114 307
84 379
336 428
78 173
23 75
240 451
100 411
11 263
393 111
107 81
288 48
188 75
360 79
225 321
156 144
401 217
441 72
312 338
435 294
274 448
221 216
398 149
288 272
302 192
18 131
421 348
171 127
194 49
143 11
199 225
19 93
337 148
117 218
260 378
70 446
221 34
391 126
264 80
282 212
383 211
163 327
404 399
80 362
404 336
42 8
187 60
390 239
458 69
134 171
7 373
137 402
161 380
328 4
62 340
366 361
22 206
396 84
60 20
180 109
27 37
217 404
418 338
207 346
165 277
416 401
456 432
195 274
390 450
160 328
74 423
111 225
71 277
227 33
276 88
277 315
384 132
290 452
284 329
443 450
233 179
230 11
294 21
172 39
440 214
402 331
434 338
323 91
459 99
29 305
133 131
96 219
62 164
459 24
267 131
154 168
260 450
362 197
452 373
48 327
38 286
29 49
100 117
116 96
441 26
51 214
15 64
455 153
103 368
73 346
222 260
114 195
13 358
4 402
411 433
183 115
396 45
159 257
327 44
153 18
208 252
319 103
271 12
354 231
103 201
54 311
386 378
114 299
356 384
77 179
338 379
251 410
264 372
281 424
86 278
420 34
404 238
340 72
122 5
296 362
133 63
159 100
81 394
383 271
107 102
394 160
143 293
32 200
174 121
99 334
393 255
39 434
256 61
69 316
222 295
218 410
339 391
91 405
119 420
30 262
222 111
121 453
421 400
424 278
23 56
271 32
21 163
417 317
245 374
295 284
244 162
9 62
380 357
271 409
129 288
326 398
111 347
130 258
420 220
303 293
307 281
51 348
371 284
99 214
132 210
247 413
40 247
58 187
265 286
351 186
441 375
293 214
151 363
81 320
43 122
190 197
307 18
174 12
394 248
316 332
337 160
226 59
143 316
301 217
325 11
221 276
195 217
28 197
416 72
182 106
438 149
35 412
121 108
213 339
244 21
71 218
398 345
448 236
238 388
247 261
441 345
280 312
410 103
341 144
309 262
195 346
197 270
53 48
273 177
208 413
57 445
402 49
359 156
247 20
379 96
113 115
215 337
108 250
221 69
359 209
187 294
287 227
176 164
352 453
397 248
74 300
381 378
103 23
376 94
368 348
438 133
347 340
379 446
180 261
5 98
399 109
379 16
266 173
282 411
454 215
25 456
107 45
62 135
361 288
458 275
171 8
143 231
70 129
58 307
91 18
272 316
195 325
300 85
79 100
119 319
441 9
80 335
226 242
410 99
148 89
219 421
260 232
212 126
161 289
445 210
47 39
232 360
409 97
130 304
262 119
44 238
456 362
437 299
124 170
297 171
271 19
92 341
136 350
318 455
307 230
348 6
275 324
99 430
322 179
233 375
282 43
227 237
338 244
286 17
295 127
39 313
409 393
229 398
271 226
405 7
445 55
262 236
322 297
281 209
157 406
397 196
54 163
214 170
78 17
336 227
330 380
287 301
150 212
458 300
61 407
66 238
395 220
371 304
273 144
235 426
327 99
381 179
236 228
124 246
314 22
210 452
92 37
320 264
53 42
380 292
423 52
60 336
318 151
418 347
177 71
197 451
136 50
256 172
250 179
67 258
194 300
163 307
1 271
204 266
431 166
364 277
188 349
322 140
318 112
218 357
8 354
175 216
337 240
397 353
224 177
226 229
377 106
393 54
260 223
170 257
453 325
208 168
181 273
414 336
454 343
43 79
288 342
281 435
414 329
365 351
145 421
405 192
333 114
135 33
458 195
394 92
143 188
234 294
271 406
270 325
211 208
198 341
295 369
384 98
243 402
39 166
407 35
294 200
431 194
152 448
220 306
443 235
457 450
85 342
143 441
117 85
208 37
198 191
181 3
446 32
195 388
165 111
196 139
450 17
437 442
428 125
329 313
166 371
255 63
431 384
426 172
427 388
319 280
176 6
349 147
190 289
445 183
76 4
112 380
90 137
405 375
340 321
175 264
265 93
67 414
66 389
42 291
318 154
443 63
326 412
101 249
336 18
456 451
302 230
378 176
77 18
155 336
137 159
342 137
86 317
95 425
393 391
357 138
202 79
366 341
444 174
403 254
413 5
290 188
117 216
59 276
362 273
106 273
188 274
258 184
375 271
246 77
411 262
310 300
370 111
265 61
183 201
251 85
10 387
33 221
293 281
206 230
456 454
191 393
364 267
382 417
101 210
180 443
86 112
107 223
244 5
99 405
377 305
309 373
383 255
274 406
173 383
324 436
259 223
401 118
66 31
91 90
204 384
233 450
193 417
267 195
166 70
294 362
334 79
362 332
163 443
284 282
172 266
412 422
338 311
441 335
131 239
446 300
420 389
139 304
112 57
167 129
275 2
435 143
277 201
54 45
302 57
315 409
400 391
426 433
454 81
73 246
311 382
452 47
4 191
255 38
344 210
371 415
389 217
269 242
85 221
422 96
47 431
257 237
214 204
402 231
254 391
307 184
239 50
108 78
329 180
135 363
67 228
250 31
396 221
288 380
56 262
199 98
429 103
70 35
19 82
157 412
431 441
131 113
346 92
54 5
448 366
102 336
162 352
185 203
218 417
231 120
139 331
95 315
135 22
105 133
374 41
105 441
403 456
136 298
185 197
137 408
397 254
275 270
157 316
381 178
401 105
435 208
233 120
221 301
211 204
435 448
79 148
276 211
217 332
407 244
388 176
320 224
148 163
393 241
86 360
176 9
432 349
206 359
311 370
436 282
236 115
188 243
126 23
156 213
21 107
417 151
409 171
375 354
219 209
314 108
443 143
76 40
255 169
376 60
42 223
368 170
265 209
139 341
253 204
100 79
337 311
106 428
454 448
244 269
263 434
9 396
376 89
27 410
140 238
161 28
83 311
301 312
398 32
54 51
303 313
358 12
452 198
61 239
68 436
302 402
228 138
318 121
222 381
170 209
112 187
115 351
456 177
328 168
38 447
64 321
99 216
210 84
40 221
405 154
234 227
279 268
452 219
359 357
328 283
204 198
35 213
85 160
276 309
379 104
149 202
157 127
435 265
16 1
365 151
246 299
120 109
35 61
426 203
422 348
214 46
130 286
51 274
12 66
360 95
357 405
101 92
261 423
247 175
195 77
305 436
245 361
426 113
142 67
234 340
169 250
131 243
156 198
105 105
415 217
130 123
31 91
337 308
29 401
22 110
238 70
114 400
190 398
276 188
82 184
237 401
243 72
274 456
413 12
319 88
384 283
365 58
49 378
328 139
309 305
138 402
28 100
436 209
235 188
278 395
170 150
265 236
398 384
252 33
24 250
48 87
394 215
349 207
208 246
223 163
176 223
69 381
24 157
21 113
84 229
380 256
414 38
59 175
121 335
229 311
399 60
295 83
381 131
94 274
96 46
126 37
340 359
177 347
44 372
26 151
229 382
273 155
11 80
364 221
294 319
300 248
272 169
435 34
279 379
349 308
173 435
436 193
92 424
264 296
323 220
234 184
285 253
430 38
44 109
286 338
84 277
229 89
294 9
405 149
449 435
217 131
51 455
264 180
460 63
12 210
375 254
181 359
245 53
164 438
335 184
174 58
237 36
132 392
214 61
447 42
182 3
75 353
371 139
174 61
371 304
79 29
37 399
460 368
316 200
435 254
60 60
292 116
113 420
393 389
93 75
407 88
119 285
430 130
30 407
130 425
111 78
286 272
37 19
260 371
3 440
7 97
309 314
160 363
245 408
411 453
391 58
25 334
386 105
209 183
19 325
172 250
240 143
155 223
125 455
56 6
163 312
343 15
325 159
460 17
36 308
451 353
20 77
251 402
114 59
47 348
177 107
367 218
325 3
81 247
281 362
278 183
68 271
418 116
403 381
312 304
171 12
448 157
326 38
459 102
160 447
125 365
268 243
64 267
176 374
256 344
445 2
448 242
266 261
139 235
139 439
301 220
294 111
434 264
416 95
205 83
2 449
415 235
201 29
412 66
399 208
250 197
304 455
240 300
284 234
71 27
52 350
163 22
412 452
380 93
328 265
182 336
269 25
454 75
94 322
82 212
430 379
423 218
232 133
173 196
300 410
212 426
292 74
43 128
460 132
192 406
263 14
345 125
185 446
2 59
377 422
314 412
306 230
58 84
390 162
384 258
137 74
194 338
36 358
243 235
98 319
259 305
15 404
236 240
419 417
389 368
254 171
235 49
174 374
31 35
205 365
399 162
369 83
358 262
220 157
195 320
446 15
167 65
366 330
436 2
234 81
87 139
213 442
311 264
144 114
55 68
90 279
297 385
176 229
52 363
131 391
18 46
259 228
290 374
345 169
35 19
59 199
328 9
351 450
198 440
29 333
94 358
250 319
401 98
148 43
325 279
351 267
230 428
276 213
135 91
362 72
188 290
134 331
47 218
21 306
450 70
279 365
19 430
261 354
62 201
330 122
81 295
81 34
17 457
227 210
88 293
394 135
34 403
244 340
114 303
448 387
12 92
6 126
286 287
135 196
200 412
381 428
76 456
111 212
10 39
70 8
414 106
183 83
332 122
11 302
176 89
145 176
422 433
262 139
401 9
52 429
48 51
270 380
274 263
159 277
278 62
74 119
121 120
325 452
223 341
124 204
393 61
132 346
240 236
320 51
122 92
175 115
235 212
373 332
277 16
448 24
71 239
253 293
290 417
419 328
95 415
60 436
157 230
43 356
188 373
381 241
80 418
415 418
265 130
82 9
18 275
158 28
454 420
441 265
417 425
258 345
25 85
58 98
13 189
339 286
101 459
274 5
89 54
48 359
15 15
395 186
229 250
371 330
345 296
148 367
332 159
23 170
458 285
44 207
118 47
246 126
129 237
221 404
191 202
73 197
211 8
183 248
231 425
276 281
278 331
249 299
199 398
314 26
201 417
413 80
450 127
328 24
113 340
139 196
163 347
443 279
265 362
76 373
203 220
345 191
293 196
22 221
392 37
108 416
254 416
448 434
340 306
287 38
106 86
413 175
12 199
228 187
362 198
287 224
433 305
133 273
157 279
175 325
70 142
300 295
163 54
36 263
379 360
395 289
27 138
389 350
160 296
40 290
156 215
375 15
327 434
396 323
101 209
129 320
398 212
33 404
141 123
413 150
88 147
205 7
213 140
410 165
80 172
145 125
245 131
54 18
211 421
41 251
422 308
403 252
205 187
101 189
288 365
281 33
214 401
240 351
420 77
351 123
429 194
266 229
441 225
228 427
272 318
16 450
165 59
150 411
275 261
4 66
97 323
338 92
378 187
237 13
293 209
407 298
336 404
60 176
454 134
232 152
394 443
396 447
204 342
298 235
160 101
375 27
147 445
360 352
317 256
340 417
66 206
458 372
144 222
420 182
191 278
239 182
175 201
181 401
289 388
262 345
15 138
133 46
91 103
15 365
363 345
423 38
360 189
294 371
378 443
106 169
288 299
141 299
178 135
98 435
44 197
378 346
5 256
211 413
151 240
427 155
455 82
157 101
84 392
69 380
216 191
40 390
213 269
354 51
338 287
246 313
425 101
111 144
301 14
384 66
242 256
270 271
71 51
408 217
305 212
320 272
279 133
384 187
104 430
168 458
35 66
216 441
315 298
268 31
146 15
88 196
282 109
237 133
336 457
195 34
277 155
362 240
432 311
19 352
3 161
359 359
98 281
64 377
418 354
136 300
233 110
246 45
459 410
239 384
354 120
283 236
137 224
346 391
234 186
348 382
200 80
335 302
386 100
333 413
209 215
39 338
108 100
157 48
387 405
55 11
159 24
402 14
67 27
211 268
112 289
165 377
88 278
108 354
247 212
26 320
325 114
213 95
165 453
10 346
422 168
448 251
253 426
385 285
302 381
55 132
350 401
92 448
217 97
160 270
161 237
382 354
50 215
318 24
234 194
411 71
314 65
31 455
243 390
132 389
376 451
388 197
33 154
33 254
287 184
207 89
58 320
372 105
427 44
211 459
239 213
300 371
175 252
319 263
11 74
324 62
391 154
76 387
205 3
177 315
241 27
15 171
443 175
175 256
378 97
76 18
16 384
377 325
334 427
182 99
303 25
168 307
117 372
140 42
163 251
60 18
286 270
233 79
185 257
28 348
196 43
400 411
73 150
215 123
397 323
119 392
357 259
95 138
108 408
337 317
319 13
206 28
152 252
255 387
204 362
140 317
399 76
111 365
388 227
405 338
332 121
267 100
202 122
43 316
239 342
182 413
221 99
