480
6912
450 8
19 434
469 428
416 362
480 85
445 260
47 352
248 262
399 414
378 431
198 387
219 466
328 247
338 315
173 453
358 337
404 4
200 61
360 53
11 383
326 61
98 356
176 137
142 345
296 430
314 432
393 349
303 381
118 149
7 269
104 28
211 123
415 96
375 464
162 412
75 114
199 50
67 88
197 373
127 350
75 285
34 99
294 418
432 381
372 95
467 412
161 33
88 116
31 235
432 5
53 270
423 332
480 124
161 404
319 34
31 128
347 348
227 230
466 324
208 327
202 126
10 310
460 248
360 140
219 187
264 83
38 205
387 330
56 291
265 246
418 180
120 127
54 149
187 212
446 129
415 364
153 437
95 339
75 476
219 334
48 448
78 97
435 97
381 390
118 220
443 462
400 36
243 70
209 454
10 46
223 58
289 409
322 27
274 224
220 443
419 39
223 369
171 112
344 153
367 370
64 307
406 69
213 208
6 392
162 335
434 179
464 117
255 359
60 218
461 116
25 340
200 31
292 52
273 353
193 289
202 34
55 177
385 312
252 126
386 28
180 411
164 464
274 356
372 294
104 14
82 354
190 119
218 76
213 301
377 162
60 391
364 298
273 265
90 33
247 249
391 260
355 123
258 3
220 392
201 71
146 348
49 361
284 329
343 176
377 270
426 22
325 151
197 258
219 277
354 291
431 341
444 28
11 316
74 290
382 72
161 56
7 311
380 17
345 457
99 223
115 355
202 453
148 428
15 458
363 437
456 196
249 83
160 311
344 77
54 380
433 333
152 209
215 222
343 221
458 398
409 178
331 50
471 256
298 202
190 75
478 373
474 14
19 409
335 349
364 177
469 271
429 350
382 465
294 31
134 79
59 274
393 103
375 328
85 240
369 447
69 390
381 424
277 208
385 362
401 237
330 233
200 330
184 60
282 17
136 50
37 277
15 309
25 267
39 418
453 317
36 369
33 436
187 18
11 411
118 127
298 56
370 72
245 5
279 364
407 142
312 426
72 436
416 120
146 211
479 385
360 190
450 271
248 449
462 36
403 459
421 173
399 148
128 41
30 115
26 308
424 256
255 242
292 191
472 146
398 357
158 334
383 431
25 88
136 199
87 387
240 210
46 390
225 369
289 357
197 185
50 311
78 111
84 205
123 339
79 397
214 110
352 217
331 320
187 318
288 59
396 163
396 173
184 232
335 183
385 405
309 10
92 320
84 171
18 301
457 189
67 418
200 89
139 189
91 262
88 226
195 407
22 166
191 87
200 306
359 320
132 151
209 54
76 9
231 100
192 105
466 57
273 263
431 126
261 237
356 219
450 124
328 210
56 76
200 21
293 423
75 303
108 366
203 427
399 277
389 208
432 167
48 257
327 173
441 439
446 327
475 464
461 373
246 347
244 2
224 437
440 196
124 480
466 315
61 13
431 255
110 439
204 464
452 436
244 300
321 265
467 165
129 47
350 467
262 133
297 342
114 37
117 117
399 188
95 388
451 400
27 406
69 325
346 458
246 311
43 325
461 353
12 256
290 119
387 314
362 153
458 457
328 419
423 186
165 37
468 38
294 192
129 235
319 341
222 321
316 362
265 85
125 389
168 130
294 184
90 67
424 352
314 326
65 363
205 204
321 225
387 173
159 455
402 27
392 189
69 231
207 467
206 156
375 257
295 450
471 226
95 120
348 112
109 177
113 159
11 26
469 215
334 278
346 223
425 336
452 336
216 402
256 47
134 226
49 162
12 420
471 319
165 101
403 42
154 426
476 441
217 265
64 431
278 27
151 303
191 197
307 148
389 401
380 94
109 360
128 386
395 5
443 186
291 152
118 13
11 175
228 288
406 359
83 90
70 88
302 71
213 72
320 20
286 30
438 325
196 338
49 452
195 81
266 38
370 197
406 176
104 335
31 182
465 58
289 190
360 335
219 54
432 321
140 26
169 356
66 6
366 346
124 142
369 254
165 96
226 376
268 352
415 427
368 203
116 21
438 74
180 423
51 32
102 202
431 107
472 154
233 150
126 263
148 436
323 195
259 203
298 106
144 97
17 33
384 73
423 283
213 461
68 59
374 475
327 29
452 267
325 93
1 380
377 346
203 332
284 95
208 51
54 20
116 274
292 176
443 472
370 403
433 406
373 121
366 99
349 196
86 29
190 464
111 255
75 228
84 287
301 7
58 165
90 329
182 281
339 261
144 249
114 178
238 304
301 264
392 119
250 86
199 472
445 238
355 278
65 457
79 395
147 379
322 211
102 153
222 464
134 387
222 120
363 256
474 47
364 470
338 344
44 464
274 395
387 42
139 221
375 223
230 351
29 112
269 149
89 317
184 139
24 175
232 94
140 32
290 228
306 435
113 60
478 47
456 417
99 43
276 139
269 391
140 435
188 168
369 3
302 9
108 287
328 125
360 9
370 292
55 24
303 257
229 389
111 449
227 43
474 168
182 95
164 315
127 352
52 399
191 464
387 142
225 259
98 390
125 1
303 414
474 113
338 77
403 184
80 350
260 44
409 152
77 74
427 120
154 276
348 141
382 334
97 56
347 107
55 260
333 124
2 91
35 102
85 126
264 399
372 261
98 83
286 280
110 62
292 345
267 431
454 177
188 329
97 94
392 218
120 331
154 418
316 382
438 98
399 311
464 288
286 318
425 25
348 197
373 316
427 304
177 122
199 449
326 100
84 54
285 425
326 279
377 179
57 279
103 388
44 49
153 246
223 409
205 297
305 138
213 257
441 176
236 466
401 353
140 262
178 428
187 179
306 415
3 235
63 152
382 142
175 334
196 392
239 370
77 361
48 98
28 263
383 165
136 164
231 132
427 398
91 124
432 320
98 311
314 95
346 146
417 178
295 405
361 391
115 37
258 52
383 54
110 22
30 320
65 344
214 124
335 344
312 442
264 404
59 416
325 218
47 435
106 28
86 167
455 30
311 416
169 50
366 102
440 311
103 411
456 408
250 251
219 311
453 336
296 188
199 41
406 156
78 315
181 459
44 107
3 439
311 370
233 473
158 244
33 238
375 21
211 52
27 397
114 41
74 356
251 367
213 459
310 381
223 278
46 172
264 247
1 141
130 2
353 396
46 432
193 294
103 473
302 447
445 344
157 138
411 414
293 420
345 7
381 84
342 289
125 179
293 267
466 340
118 80
203 265
480 430
267 302
285 212
243 30
87 73
334 126
406 301
303 178
27 384
389 17
175 341
145 189
479 254
64 245
214 220
241 440
417 177
97 87
403 164
339 406
287 457
197 426
181 142
179 259
273 431
250 35
269 85
117 352
343 222
415 441
393 325
56 174
320 472
104 151
189 236
59 306
215 308
136 343
291 123
372 440
371 190
206 152
324 6
367 231
272 179
479 150
10 172
328 16
234 471
45 218
451 390
178 323
156 65
73 429
175 311
137 192
456 356
478 182
224 171
102 368
340 124
15 115
154 130
307 423
97 115
4 449
368 260
455 126
215 333
214 26
19 429
8 164
118 8
195 300
390 327
217 420
332 170
437 153
55 474
39 19
171 415
333 473
130 475
288 450
41 377
265 115
119 60
451 266
172 297
245 64
166 31
79 180
106 100
257 102
13 472
247 360
355 479
37 181
359 378
49 477
342 453
194 76
217 169
223 319
474 181
123 193
279 8
265 463
86 201
72 21
336 152
459 366
37 327
233 219
96 197
19 392
102 112
192 36
59 64
295 152
340 381
96 353
450 278
287 327
222 370
402 64
397 140
45 420
41 304
243 150
16 170
251 185
310 302
289 35
282 417
7 401
456 354
329 14
181 239
465 324
181 272
366 341
165 228
254 164
459 76
348 10
338 87
45 400
310 258
124 287
5 85
158 368
479 292
231 194
349 201
164 436
374 2
154 165
450 303
265 333
78 413
265 43
459 325
184 356
360 173
466 163
248 433
271 62
37 163
181 47
58 147
387 33
480 66
18 375
315 43
28 262
335 429
147 331
328 56
225 168
268 154
352 345
339 33
326 277
414 7
349 142
67 349
469 49
383 461
280 303
168 384
150 452
141 418
327 460
41 377
460 447
227 412
426 96
66 220
238 360
347 95
268 136
475 321
61 226
96 248
273 280
97 374
186 130
184 306
84 127
444 122
208 308
179 185
340 331
174 119
230 282
241 407
387 214
251 395
382 362
453 455
395 320
439 185
36 254
153 80
477 204
457 50
146 456
235 433
420 139
154 1
287 428
197 157
277 54
12 163
85 291
82 438
215 152
19 16
116 270
181 358
82 393
362 362
475 242
168 37
91 8
342 67
378 463
311 227
18 64
36 461
415 469
353 183
103 170
128 237
283 159
223 282
396 312
357 412
383 286
281 468
130 30
275 401
151 365
123 211
11 150
216 46
307 378
352 348
314 89
286 155
292 239
254 363
180 266
339 442
442 427
38 133
268 366
319 17
240 240
297 269
144 127
219 228
16 222
20 186
427 39
2 28
321 41
133 197
194 373
27 47
13 82
62 166
105 423
150 456
299 143
269 315
24 33
329 77
432 192
462 291
125 112
252 170
43 144
18 86
397 429
193 105
471 256
457 331
354 425
50 53
158 119
339 317
243 299
352 51
124 99
57 338
92 291
464 381
478 41
106 354
21 241
182 153
293 197
159 429
57 25
115 340
3 142
267 89
9 53
391 297
22 220
261 440
460 434
152 469
251 151
269 448
242 476
186 419
320 2
280 472
72 111
458 21
461 78
65 459
131 345
430 353
411 44
327 250
38 147
70 235
22 274
185 148
435 197
225 6
2 43
321 100
152 191
205 112
166 30
168 416
398 145
384 379
231 90
471 121
20 432
445 241
315 31
132 465
427 133
32 418
327 194
66 431
24 389
312 128
384 48
413 116
373 127
88 193
131 129
131 129
414 354
286 98
99 372
232 275
126 204
246 396
318 227
110 125
275 459
158 353
41 79
15 171
95 99
139 126
381 251
125 415
266 165
282 379
208 194
309 154
39 389
68 278
362 446
215 82
30 362
476 75
150 101
180 158
360 459
166 371
164 20
170 14
184 380
443 338
421 95
460 453
469 397
360 320
414 297
201 428
219 284
14 311
288 332
246 109
284 211
172 452
190 373
188 228
420 480
32 272
304 254
67 183
358 461
120 290
250 331
52 359
274 468
157 371
198 411
131 214
137 369
73 28
247 229
336 247
334 193
178 434
196 326
59 398
91 142
447 38
55 203
237 294
220 424
147 304
354 274
353 172
330 50
295 281
42 234
172 214
288 40
396 331
411 249
416 218
78 319
217 261
22 450
245 279
217 407
260 142
450 468
27 188
322 319
169 229
296 30
67 475
270 123
436 83
402 452
52 245
376 72
187 57
468 347
77 321
457 146
186 352
397 384
35 268
187 270
363 387
471 126
254 104
144 99
423 161
126 80
477 187
221 29
113 345
336 280
275 120
114 440
31 453
260 59
347 430
460 68
385 200
26 408
153 154
122 52
60 121
111 465
255 27
276 153
50 292
318 165
275 69
157 271
284 37
43 223
475 317
246 471
83 191
464 168
405 237
57 453
183 391
346 88
144 24
180 123
66 287
415 307
337 87
236 9
342 301
206 359
287 18
63 160
468 261
463 196
480 328
441 40
324 363
359 266
13 447
231 228
439 138
424 51
413 91
357 237
29 235
320 461
102 100
310 81
131 8
2 193
294 72
405 108
262 288
127 415
434 67
223 414
420 3
442 186
47 283
425 419
432 183
250 405
436 475
242 45
424 252
383 439
147 355
80 368
194 400
74 64
149 426
386 256
359 164
200 296
452 119
365 349
248 480
478 216
229 339
357 421
278 390
50 361
4 242
283 70
444 18
129 286
430 479
404 346
241 231
458 138
410 296
309 101
56 427
103 419
202 451
186 89
267 441
304 229
104 215
370 421
179 475
223 99
278 220
304 79
28 257
49 99
365 48
325 68
430 230
8 378
304 303
372 263
163 419
225 433
57 33
355 65
451 65
429 90
283 1
443 205
18 54
365 366
448 397
268 72
188 384
387 157
320 338
382 238
72 205
204 376
16 247
190 351
309 282
258 69
153 111
108 289
325 272
392 206
293 308
377 429
226 189
45 418
271 347
3 331
331 375
444 73
391 27
473 111
226 69
17 46
477 195
226 308
42 116
142 86
413 104
313 185
150 73
291 420
83 1
63 54
125 324
22 407
405 402
48 91
233 455
219 180
303 421
459 315
236 438
313 145
63 152
164 319
61 359
62 68
95 281
469 186
435 328
201 368
100 65
38 327
322 346
303 325
19 131
262 292
437 92
292 334
379 434
219 363
239 269
320 199
36 200
301 388
251 93
386 259
382 165
455 338
380 240
243 415
126 324
5 202
362 253
452 133
340 132
351 65
225 10
309 442
41 101
28 426
399 400
366 449
313 48
37 428
159 348
420 314
339 155
94 58
273 220
455 380
265 448
319 401
375 156
85 144
199 271
280 257
358 466
37 57
186 366
243 376
302 86
86 82
128 181
77 457
452 22
442 63
38 128
424 45
386 116
16 40
174 105
59 430
332 155
77 57
146 279
197 237
49 105
101 222
237 410
188 438
67 439
67 153
298 238
450 373
384 205
352 93
122 350
456 468
383 195
108 213
89 219
164 53
477 28
435 364
180 334
480 66
327 51
135 1
385 396
169 235
472 252
195 61
112 80
383 150
323 79
267 214
350 116
95 386
137 392
145 22
116 120
37 428
252 91
249 48
319 129
158 425
378 246
366 396
5 392
214 9
247 441
394 214
156 267
290 304
253 26
467 361
226 7
220 375
148 194
454 423
391 207
69 154
372 139
136 148
193 184
363 335
273 149
99 207
320 189
264 151
62 367
114 432
428 211
76 138
20 168
238 198
362 5
417 226
322 339
182 435
20 313
477 169
452 405
318 32
400 120
406 359
382 418
317 143
50 408
132 389
413 191
348 367
172 460
145 356
292 185
431 112
27 352
425 16
123 441
349 212
115 72
66 459
2 367
224 330
77 239
14 349
266 426
4 300
159 371
210 88
252 204
277 452
339 349
249 421
226 293
66 358
347 280
259 362
106 458
389 131
223 19
287 395
122 306
227 17
243 104
151 110
466 426
377 395
130 275
121 212
350 63
196 51
476 443
221 339
419 33
345 396
288 302
451 33
245 479
296 236
151 24
240 432
397 24
455 190
368 288
444 307
294 92
183 220
210 139
255 237
473 425
172 319
462 413
242 394
441 65
138 408
112 454
398 379
393 480
196 105
88 205
277 89
201 17
390 92
302 432
55 230
167 273
272 371
42 70
95 192
106 249
197 456
167 360
204 284
118 416
98 247
433 62
462 295
332 404
468 148
9 149
416 472
79 348
260 287
305 113
169 223
131 157
234 5
330 396
238 385
8 129
396 47
256 329
353 1
178 77
20 249
120 70
318 433
79 33
50 475
381 413
167 193
121 255
163 169
83 146
80 471
433 208
163 234
206 239
401 391
385 208
95 69
67 80
393 472
154 182
132 357
25 406
376 458
215 85
183 174
253 447
324 160
157 333
88 392
45 379
268 260
112 13
379 300
119 444
410 338
221 175
259 283
263 175
344 10
24 257
71 328
223 80
30 336
424 58
186 214
220 402
54 46
116 247
473 368
344 35
89 10
444 161
209 423
147 339
295 223
393 194
314 238
129 19
209 55
78 303
98 477
233 244
108 303
104 380
293 411
69 17
214 109
420 463
388 208
47 82
457 50
43 259
9 159
52 414
20 9
478 335
189 295
227 96
429 421
278 37
301 5
298 273
265 99
254 199
277 351
71 334
254 459
370 442
299 347
104 14
261 284
182 362
473 252
43 255
302 44
189 217
142 7
460 452
452 480
321 219
323 420
172 244
83 212
394 45
305 146
469 305
36 380
206 84
238 419
82 63
125 187
250 13
12 225
196 415
251 223
137 205
470 90
135 292
203 352
423 103
271 148
437 240
242 221
148 113
144 46
272 147
74 454
285 326
344 466
452 249
466 121
182 62
241 240
464 111
274 37
163 145
274 192
465 231
69 348
347 101
338 338
427 305
146 89
114 9
327 121
375 305
304 416
350 142
181 98
214 414
263 291
430 103
14 247
23 217
27 430
312 14
233 42
309 202
412 235
210 427
5 296
87 375
1 178
304 328
454 308
336 349
430 96
285 408
162 137
27 236
79 339
474 436
142 169
176 157
169 403
43 13
340 465
98 337
293 180
474 123
164 115
302 100
433 103
128 122
260 23
147 337
326 157
128 272
335 43
183 48
10 359
289 422
107 134
3 192
469 279
201 290
69 51
173 287
342 420
421 134
473 339
124 3
68 39
2 449
371 376
56 54
426 425
189 83
44 29
458 323
277 16
89 455
134 178
40 263
85 149
27 228
296 375
276 229
75 387
37 132
273 116
308 211
476 94
387 365
233 380
168 362
62 267
352 353
141 182
427 299
314 474
213 13
409 93
394 103
299 294
289 368
272 43
186 349
356 262
384 39
69 378
41 401
194 94
463 289
243 252
463 16
12 219
120 334
397 404
428 178
329 343
133 253
239 29
377 347
160 333
455 63
338 247
159 81
59 286
127 374
268 201
444 286
245 456
139 101
98 247
382 250
190 75
472 233
89 92
48 255
287 316
140 402
304 54
28 68
157 8
418 407
310 369
214 100
166 158
397 194
284 39
169 92
14 368
165 180
440 391
217 461
180 461
100 425
368 392
221 216
39 461
98 283
95 433
8 204
328 162
319 281
36 275
382 339
31 237
387 85
362 150
91 319
199 45
305 454
455 59
58 1
14 296
243 404
363 414
203 280
420 90
300 271
398 283
41 33
301 6
364 419
409 422
1 77
367 414
24 363
176 289
427 356
261 165
301 276
215 185
451 52
243 279
89 457
239 223
68 207
153 410
98 122
321 422
27 378
465 434
409 173
102 345
433 466
469 319
431 263
341 304
403 388
302 452
226 39
438 37
409 18
430 390
379 223
108 453
380 478
200 150
372 62
18 426
70 107
45 21
343 225
9 159
75 390
145 350
467 391
273 466
437 454
480 263
296 94
479 373
351 17
388 302
174 125
62 67
203 53
178 84
234 62
116 230
248 197
187 447
413 236
229 473
73 128
354 6
447 209
329 283
5 435
158 30
195 128
120 83
426 32
373 147
287 296
277 231
235 251
75 398
366 57
8 304
415 159
347 235
285 162
61 389
422 62
76 19
461 160
165 109
89 461
3 434
59 318
46 400
392 110
174 410
33 464
294 187
430 351
84 112
89 417
22 478
370 186
326 306
79 352
350 440
74 232
394 149
351 338
163 434
334 264
413 458
207 253
109 259
282 287
41 165
191 233
463 388
368 334
29 471
262 380
69 403
152 6
433 465
476 2
165 149
399 119
218 65
88 85
216 211
274 427
80 316
121 305
281 337
48 476
161 409
479 204
104 26
376 385
462 79
116 72
411 64
319 367
148 463
127 370
328 361
124 176
281 79
32 122
362 399
188 447
176 114
1 35
304 220
41 348
363 425
134 283
467 319
391 154
99 256
58 76
89 458
55 88
390 374
271 31
460 19
462 203
296 396
440 269
470 258
220 253
394 298
412 331
14 414
327 36
39 108
105 227
249 26
394 4
365 133
90 479
410 301
50 279
392 3
18 476
247 310
229 179
212 191
61 214
256 393
238 243
346 344
223 184
244 350
129 273
197 114
298 178
187 423
383 61
445 422
330 362
478 93
99 237
91 393
140 429
17 32
150 14
424 89
388 164
189 227
456 232
339 36
379 367
204 280
336 404
312 108
61 195
347 469
460 50
285 298
7 344
266 308
462 16
83 241
285 155
427 52
53 155
316 226
186 87
47 305
65 461
170 72
76 470
129 125
234 163
144 27
477 104
315 225
197 390
76 290
334 215
288 290
310 264
328 299
65 194
411 291
392 348
220 337
129 477
248 159
44 9
330 340
436 13
133 202
318 129
400 253
398 405
5 472
217 77
7 319
207 400
267 11
111 119
311 129
478 313
404 5
261 406
119 203
49 343
443 139
4 146
179 440
66 184
16 25
309 412
396 450
385 12
174 95
100 405
171 122
102 79
156 264
265 10
333 170
164 309
329 445
372 82
402 127
172 154
363 413
301 235
66 363
155 185
459 424
217 102
402 387
22 36
172 246
149 411
78 40
317 119
156 397
403 134
13 337
394 16
320 400
107 235
470 178
28 433
320 90
187 79
364 264
437 473
431 342
144 406
457 427
30 470
377 78
92 410
395 114
447 237
336 60
222 421
265 152
219 105
64 340
6 396
128 142
283 104
186 159
471 457
232 393
100 209
207 299
454 110
412 198
328 24
233 382
475 172
471 158
110 380
90 98
44 152
45 46
285 154
205 336
274 425
326 167
399 409
168 431
382 165
29 251
73 245
52 400
281 325
51 472
479 134
161 36
318 91
429 5
288 235
456 390
138 224
145 237
257 218
247 369
391 119
98 299
351 4
176 354
216 98
436 361
429 377
77 450
139 310
312 174
107 204
113 151
2 475
243 42
444 149
115 357
14 359
263 342
168 151
380 101
193 195
39 389
339 329
414 294
106 161
30 112
258 39
412 168
476 368
57 346
101 289
469 85
56 21
330 434
153 27
396 359
418 477
89 74
304 84
308 354
119 7
250 438
336 294
417 404
443 237
380 317
252 94
467 381
13 211
427 89
94 478
76 252
1 90
384 462
159 34
59 330
54 45
60 464
174 355
307 450
437 1
72 286
238 396
165 341
330 15
73 102
196 307
322 4
403 461
205 414
159 238
72 126
148 219
247 126
144 455
140 364
233 6
165 236
133 378
179 474
19 138
67 214
13 282
182 323
296 453
290 155
321 257
164 86
331 227
295 31
381 182
4 411
154 312
93 463
331 410
78 366
144 248
344 20
131 38
399 452
456 168
334 445
80 90
145 67
73 233
69 211
330 335
104 416
157 87
176 315
430 467
117 400
128 118
321 384
226 299
114 365
173 347
340 335
357 117
429 204
427 242
294 242
355 302
339 255
257 132
456 131
184 297
470 74
359 441
131 210
105 131
349 143
45 293
343 125
319 94
301 103
370 274
355 478
424 411
314 130
471 239
293 409
255 307
158 259
74 318
202 347
332 476
372 132
361 193
41 134
385 291
165 289
285 304
238 319
28 152
479 292
54 185
274 137
171 474
108 256
123 146
233 212
256 472
367 86
98 78
40 307
76 469
47 75
315 56
332 65
210 110
290 147
350 88
337 38
255 93
277 255
73 217
215 41
199 218
51 383
433 352
472 362
214 18
241 431
126 207
302 442
437 347
268 291
334 78
174 237
368 164
15 408
120 78
291 478
5 7
60 43
195 21
215 116
350 402
438 199
371 304
32 166
89 49
251 53
51 57
399 186
91 242
167 48
440 216
315 251
457 261
67 240
461 135
52 130
370 17
310 414
14 376
214 284
381 16
426 153
247 170
77 87
175 117
146 208
176 254
126 157
162 39
238 446
428 199
474 182
451 115
450 240
283 59
357 383
228 280
85 220
399 416
109 158
239 105
440 122
211 349
80 454
438 163
95 177
203 51
369 25
233 4
172 349
430 15
40 333
239 52
88 403
85 439
325 172
375 445
90 257
221 226
181 281
239 254
302 217
447 26
288 456
244 306
444 338
422 175
340 93
334 231
273 40
30 47
455 171
459 262
295 30
403 335
156 275
175 287
372 122
376 237
424 362
365 281
122 79
151 116
200 263
214 21
336 101
237 310
325 307
193 221
316 434
341 239
4 159
271 316
303 300
193 377
374 51
131 434
210 204
289 452
329 206
121 289
249 87
354 42
180 109
260 109
100 301
354 134
430 167
273 480
460 32
41 171
270 461
63 332
257 106
290 69
337 79
232 25
337 56
213 401
294 103
317 139
287 357
413 445
257 344
329 279
438 237
307 192
133 29
279 447
446 142
55 162
337 35
90 475
186 108
42 318
417 122
249 149
231 453
281 203
404 317
39 41
386 216
475 303
127 124
176 22
435 37
456 298
253 7
245 349
373 99
346 435
465 158
453 333
424 336
56 324
343 369
236 359
109 225
148 209
3 216
390 411
417 348
116 370
6 114
20 23
101 184
390 379
96 259
277 107
401 125
212 429
28 348
302 366
245 167
136 38
33 444
82 170
18 13
57 122
36 325
176 289
233 320
172 341
155 347
206 17
325 20
117 448
287 417
12 272
4 71
181 31
365 53
58 23
421 135
172 414
195 233
192 309
68 274
449 423
122 162
226 70
47 430
270 324
305 366
330 200
465 307
152 187
81 351
18 166
300 94
313 39
300 411
244 345
341 30
49 183
21 470
288 25
199 23
244 212
313 443
386 112
430 302
59 360
6 382
318 297
358 131
184 428
26 344
56 6
200 160
102 455
346 208
478 130
243 107
151 159
153 136
409 54
457 118
108 279
200 448
440 178
203 246
140 225
233 396
470 95
96 137
201 433
25 117
306 160
121 182
251 402
430 83
452 273
60 66
45 427
385 262
142 286
61 9
202 134
85 282
87 278
318 385
423 96
257 361
419 461
473 103
83 276
167 150
376 109
19 475
6 268
471 237
386 77
231 16
476 162
355 460
149 63
437 366
390 20
50 348
238 296
97 293
23 268
254 380
388 85
393 119
138 276
212 241
244 319
412 10
476 162
327 379
62 138
475 257
319 34
335 399
13 328
430 395
14 317
429 340
467 379
203 134
125 50
211 128
450 480
247 297
196 193
412 444
260 413
136 270
365 346
144 30
423 260
240 21
197 441
320 421
310 94
37 14
478 334
212 300
51 193
84 22
360 276
143 424
224 415
278 70
274 405
98 267
418 108
401 259
42 138
241 443
162 430
144 375
371 275
123 223
306 325
394 118
257 123
347 232
17 318
212 269
190 275
185 463
45 328
253 317
107 408
282 221
193 136
257 181
15 449
59 250
381 330
89 36
167 79
5 43
422 73
209 442
295 67
263 152
443 176
335 86
399 38
348 469
111 480
447 311
348 130
433 309
271 384
63 339
97 106
412 427
392 337
33 283
263 446
442 332
354 440
386 391
61 22
181 287
273 360
314 417
100 227
6 159
32 279
272 170
460 150
46 424
58 58
22 334
26 43
468 440
431 189
362 26
370 367
232 387
394 93
233 409
90 117
317 4
473 139
364 3
254 358
62 382
222 374
331 193
321 25
282 273
237 361
457 393
176 121
460 78
164 475
65 467
274 433
443 65
441 179
197 393
212 213
269 324
6 421
308 464
32 367
82 458
467 104
191 185
189 224
443 304
57 155
19 214
171 29
57 303
183 425
312 440
389 441
429 390
176 202
360 299
62 228
30 110
432 53
396 116
454 162
305 443
273 272
13 17
260 84
122 125
358 368
81 351
279 192
401 446
361 453
164 460
79 113
328 170
111 64
428 470
377 389
276 205
309 80
181 158
86 404
144 244
193 179
162 134
5 262
80 290
284 371
35 443
425 345
200 322
248 98
329 110
141 93
135 121
50 415
216 149
161 424
281 287
237 46
341 111
106 315
65 194
38 119
328 191
87 466
462 84
455 377
229 87
90 480
424 65
55 342
450 204
41 434
469 160
412 376
349 75
268 315
323 128
194 478
470 370
92 190
442 142
218 367
26 289
171 280
196 271
259 405
387 167
124 442
301 211
88 213
335 192
472 331
1 189
186 286
226 236
382 132
268 298
475 425
389 27
427 470
40 249
126 359
276 420
435 276
241 225
463 201
97 385
444 202
225 235
48 370
251 349
231 35
120 9
13 310
140 388
240 411
142 436
244 197
208 24
285 236
167 162
453 62
339 417
121 289
213 116
474 184
323 218
110 443
151 437
181 314
461 194
149 300
191 64
187 399
407 149
30 445
31 158
327 414
443 250
153 153
432 14
449 118
467 379
6 312
122 456
410 163
472 147
473 334
3 425
254 427
221 277
153 425
431 163
437 176
474 432
359 375
361 251
223 379
252 15
32 238
91 199
439 431
289 271
163 402
273 49
447 192
277 73
206 443
171 426
88 271
8 60
68 450
61 22
95 303
435 45
403 23
230 447
128 313
276 350
378 237
269 361
159 331
256 239
394 396
294 227
31 287
272 122
161 380
147 122
322 244
319 288
459 278
403 166
402 303
347 300
234 445
149 300
417 175
45 371
430 64
160 84
194 313
26 391
29 116
136 413
206 138
230 380
68 116
280 458
273 283
359 175
365 77
399 153
431 236
270 111
34 396
250 43
297 480
277 390
388 130
354 67
297 104
86 174
358 153
89 312
77 221
38 244
135 150
90 79
387 466
75 454
116 88
105 240
30 150
414 158
242 357
457 188
181 185
152 437
477 128
220 390
428 168
35 379
260 166
191 193
1 242
304 421
283 288
222 118
252 121
114 432
197 126
64 180
328 123
294 107
269 243
251 45
15 320
304 120
204 238
242 171
405 289
317 97
474 467
119 10
53 14
316 220
41 316
461 354
102 237
213 423
320 429
418 279
227 134
434 219
248 221
8 143
215 225
227 373
285 134
239 419
44 72
62 280
226 274
413 225
80 122
46 73
45 149
295 107
443 5
342 340
186 66
248 271
184 383
1 379
276 279
57 400
244 109
277 56
77 197
21 228
392 108
103 212
354 57
184 462
480 392
155 108
307 174
357 184
153 59
45 284
121 206
351 299
286 333
178 123
478 277
253 439
177 294
411 425
437 327
187 283
69 406
442 201
290 134
83 394
33 376
240 240
350 136
199 180
1 364
235 82
249 63
479 158
151 65
252 306
448 117
48 280
96 471
112 299
310 275
120 172
242 192
179 177
213 91
375 412
330 3
313 24
253 434
449 84
320 454
376 120
185 478
25 335
403 184
327 456
368 98
190 133
77 337
458 298
424 93
133 165
336 415
366 283
90 176
259 118
199 468
450 305
51 260
227 79
340 210
281 447
37 27
202 46
420 310
209 281
122 17
131 385
147 427
289 433
80 243
341 19
199 183
169 434
207 213
287 190
331 176
257 213
208 251
389 425
444 445
195 80
355 102
350 49
6 63
111 329
248 121
468 472
147 419
145 384
40 204
410 137
304 39
43 254
82 194
162 77
105 394
233 71
20 413
208 171
158 319
115 416
443 332
67 339
304 66
314 428
397 207
288 372
210 176
34 173
450 84
283 59
171 363
16 140
464 295
278 249
191 251
265 8
25 15
21 117
77 384
247 449
480 125
405 41
201 451
297 174
455 360
224 31
422 301
410 477
216 276
411 158
148 405
209 117
313 227
55 252
406 28
194 3
201 131
308 111
224 10
31 466
28 118
443 428
412 449
311 258
245 233
304 283
172 31
178 479
330 97
345 86
383 112
18 108
136 36
351 444
126 367
10 181
104 14
72 254
274 38
97 327
431 425
265 110
442 50
399 118
174 311
104 461
190 254
187 436
331 235
365 451
83 122
57 71
349 411
222 76
208 47
304 39
474 279
206 449
268 231
117 448
420 386
78 261
424 197
120 367
22 328
76 340
446 204
470 160
172 430
374 79
102 20
167 246
199 440
196 65
218 358
83 259
216 264
217 5
124 90
346 165
136 281
372 422
36 155
467 59
358 325
189 419
246 290
53 179
440 347
187 188
292 308
395 208
222 221
388 469
478 154
416 295
338 260
1 24
110 308
461 132
467 288
62 207
409 433
230 254
370 467
195 318
182 331
132 16
297 385
30 262
297 21
284 7
308 222
292 1
51 12
114 148
4 254
107 316
469 198
150 310
203 296
92 237
56 289
158 415
328 136
53 358
389 413
409 35
296 288
269 10
364 297
334 125
290 93
449 397
353 266
197 340
301 457
349 80
204 349
284 143
310 211
343 368
438 93
175 144
240 221
343 349
333 85
365 59
283 336
155 336
262 175
361 303
405 23
77 315
153 334
401 238
441 163
284 459
416 138
344 453
371 256
60 104
38 195
321 185
477 310
473 179
419 382
33 477
422 336
176 380
274 196
390 395
164 453
472 388
386 97
139 213
409 184
246 1
190 442
324 84
313 321
8 162
216 351
97 27
341 152
289 96
59 92
252 78
49 21
189 300
94 420
106 168
265 125
24 292
66 206
68 461
323 381
410 263
237 268
89 126
276 178
197 90
341 330
29 261
343 361
340 378
332 444
243 174
375 469
374 149
338 287
380 127
270 47
242 429
458 277
171 469
27 145
268 476
430 133
435 107
454 95
448 176
236 302
467 433
397 101
425 155
263 260
156 271
401 440
387 310
38 230
117 154
358 55
457 133
455 337
134 287
361 16
364 296
416 43
110 229
210 394
61 443
308 335
349 166
271 24
152 71
471 62
140 36
408 293
38 305
253 104
37 192
3 91
166 348
77 103
210 107
105 472
237 379
173 247
70 196
338 267
439 455
136 416
262 102
222 386
168 178
297 375
474 243
109 467
75 399
469 118
240 102
105 450
235 129
155 193
20 139
7 323
194 46
291 270
127 22
274 201
67 316
110 472
181 7
177 250
182 196
474 420
245 92
38 112
354 383
184 309
470 99
25 351
124 311
99 230
74 479
469 427
284 426
197 135
237 141
442 269
347 383
120 200
223 422
346 395
299 181
131 104
262 371
350 343
190 476
287 272
303 380
243 237
464 258
217 212
63 67
474 439
168 396
43 8
8 400
390 253
72 233
321 396
30 344
326 121
284 141
218 127
264 14
222 82
466 411
45 279
168 323
410 78
244 107
113 414
345 247
458 379
424 236
150 466
274 111
451 306
260 163
369 13
136 203
334 351
305 451
272 275
161 137
280 436
450 1
14 200
90 91
161 122
82 125
449 80
73 289
178 287
116 38
7 196
240 330
137 144
386 469
64 437
151 206
385 220
5 177
441 436
91 69
150 101
34 269
167 405
431 452
221 279
15 148
446 145
357 215
313 346
209 190
113 383
416 448
213 96
315 94
78 146
14 411
90 469
103 60
277 453
183 235
68 406
258 178
460 362
190 297
23 71
367 214
238 77
196 243
430 154
372 175
317 142
233 96
117 390
62 155
298 229
291 204
251 449
172 258
190 396
476 137
283 392
418 191
48 320
160 100
412 467
445 16
94 204
154 419
18 375
66 386
107 293
431 177
314 467
113 457
421 156
82 132
73 187
339 108
148 225
205 214
25 328
467 247
221 53
209 155
365 203
463 241
222 156
464 242
190 368
446 100
412 353
313 349
82 251
345 10
421 142
463 367
406 354
176 386
10 461
131 241
380 400
16 346
427 96
194 406
325 44
299 416
417 178
39 371
446 281
155 12
122 122
444 79
368 308
353 293
140 144
445 214
207 138
89 388
143 132
137 162
152 260
275 443
356 308
109 265
146 340
269 285
45 24
48 70
22 259
411 262
335 310
119 54
304 362
325 217
331 295
332 75
371 349
104 209
463 83
27 123
142 188
366 197
126 440
296 205
249 102
177 237
379 458
78 69
102 439
66 303
146 356
67 63
48 247
349 318
352 240
55 205
122 76
408 296
67 257
175 289
79 125
13 270
453 166
472 221
459 302
47 118
249 109
217 153
297 28
427 211
254 179
382 324
65 81
76 80
92 7
419 202
474 60
280 372
226 467
101 206
321 245
406 426
44 203
465 54
330 82
167 286
403 19
370 156
441 221
239 259
22 404
328 419
72 377
322 79
438 164
93 318
266 266
454 440
72 325
161 379
308 73
60 350
291 88
452 338
435 118
334 339
13 457
117 307
173 12
323 378
198 223
473 360
165 93
317 480
415 66
166 203
81 471
123 300
274 402
20 259
393 417
331 239
366 202
272 331
291 87
180 140
184 185
307 477
337 308
339 416
286 174
331 102
126 9
136 39
434 371
120 142
399 167
229 117
223 328
143 118
350 143
472 152
383 35
389 432
135 307
123 72
48 155
437 259
461 340
319 226
414 302
236 401
92 299
288 281
378 12
232 423
344 85
25 153
160 420
87 186
13 26
203 464
173 273
359 87
309 186
303 468
99 111
172 130
305 91
189 48
325 113
174 339
82 94
258 325
386 306
340 67
94 225
361 137
92 276
114 205
223 300
107 456
277 49
470 294
133 270
304 92
370 81
347 199
363 276
350 158
124 281
186 313
215 72
406 32
427 450
96 150
141 20
444 157
16 201
420 226
169 429
396 418
388 171
305 337
269 285
461 93
365 457
8 469
305 65
464 272
451 283
15 319
184 123
24 120
238 177
196 392
470 439
286 159
5 451
461 74
137 210
311 61
476 11
229 25
307 369
420 218
212 254
385 292
173 467
402 403
218 309
235 419
60 18
109 297
299 403
205 380
332 256
14 221
314 60
168 170
147 179
231 406
262 378
213 296
439 85
293 227
445 303
50 156
196 169
9 422
281 290
67 33
471 90
445 385
437 400
188 318
41 230
185 224
125 169
138 13
163 455
94 205
323 418
133 78
397 127
239 49
432 277
85 92
50 70
188 360
212 335
342 82
364 52
344 20
134 366
326 72
238 14
272 398
433 160
269 47
387 23
171 368
386 178
95 38
337 257
308 256
316 81
309 104
246 72
279 319
411 191
444 275
96 9
313 431
179 154
364 429
273 318
49 64
309 373
26 335
173 316
356 430
458 315
338 459
405 184
126 20
83 68
472 268
231 378
315 43
427 42
1 96
83 399
91 215
125 36
351 110
252 277
308 466
242 323
153 274
311 267
65 447
260 116
59 194
291 367
458 26
373 99
421 187
354 441
185 221
182 187
100 59
351 222
393 89
465 273
320 396
427 347
233 380
424 12
42 26
145 304
375 278
377 461
325 418
180 98
374 89
334 228
314 403
103 331
480 245
261 10
385 83
353 135
95 414
242 426
225 454
458 130
190 116
420 109
205 295
252 430
297 119
10 323
14 417
224 109
4 73
113 29
468 91
29 15
91 254
190 435
239 349
249 384
203 118
428 393
356 266
244 31
391 226
224 325
296 68
67 306
476 376
75 251
466 8
60 123
207 376
51 294
379 319
103 20
171 8
124 324
274 232
271 36
441 209
149 338
253 423
101 303
418 324
43 376
190 412
326 91
215 209
93 166
9 90
332 309
316 161
70 471
224 263
196 291
466 378
430 287
118 428
458 117
184 468
139 284
12 407
133 208
434 55
338 455
346 76
475 98
212 266
323 378
114 151
236 298
48 382
106 133
61 77
259 29
229 274
296 46
199 314
92 180
320 176
137 148
337 416
96 213
469 441
463 344
398 473
35 62
276 469
429 408
225 280
119 83
347 479
199 356
119 128
96 305
93 36
459 384
427 256
440 306
475 8
65 97
454 74
323 90
255 381
381 128
195 105
477 233
449 134
358 173
151 413
188 70
321 103
107 32
174 159
456 386
406 18
62 286
22 260
246 13
433 144
258 2
406 240
91 202
280 5
391 447
24 446
147 96
212 6
406 184
219 85
345 211
323 399
261 387
29 62
409 163
366 189
443 340
461 174
35 12
273 97
316 261
72 140
175 85
226 69
165 184
346 180
214 89
401 222
61 195
456 143
308 353
66 414
474 374
77 309
468 384
388 136
421 84
7 12
299 324
397 386
164 273
449 83
419 464
123 341
96 6
402 42
280 255
243 222
298 196
230 474
349 136
319 442
207 419
174 350
282 303
338 463
422 409
464 119
268 53
246 85
219 435
302 222
99 343
337 271
118 426
449 170
297 334
347 473
463 397
231 230
440 83
2 376
27 469
371 386
199 207
172 347
203 24
242 47
448 35
443 433
34 141
397 230
279 163
151 229
248 106
369 447
137 368
17 36
143 390
459 469
387 362
84 66
149 75
266 280
152 274
173 210
325 214
51 193
345 63
323 457
460 38
252 331
465 316
12 256
320 450
259 237
140 436
351 270
91 284
327 378
160 220
92 209
182 321
276 20
295 199
463 382
95 39
316 6
4 167
275 312
231 478
88 261
15 131
82 376
185 43
183 322
166 413
163 472
424 60
287 236
154 306
239 176
144 246
270 119
184 432
78 333
395 271
130 158
83 370
42 249
344 377
84 48
72 34
472 391
107 194
291 208
98 385
296 269
114 381
231 91
341 457
229 149
404 101
38 373
246 169
39 383
462 177
342 326
442 4
130 397
303 103
277 226
367 121
426 93
425 36
324 206
390 345
16 452
364 231
236 430
315 307
436 275
71 360
273 339
394 66
425 454
416 436
130 333
206 13
356 24
45 167
175 147
408 430
34 256
184 156
308 277
63 367
471 289
346 390
159 362
213 205
310 152
200 53
340 36
80 289
300 464
42 353
224 467
33 467
189 133
299 393
388 4
451 350
128 203
316 118
261 106
400 456
203 443
86 324
330 205
211 170
6 269
225 80
209 48
105 329
203 357
68 286
12 114
140 226
119 478
187 220
326 28
375 300
442 234
380 48
36 109
420 287
270 146
284 410
287 439
307 92
144 462
438 18
271 147
105 158
466 181
180 363
202 148
293 337
132 39
161 146
254 18
208 296
29 140
169 403
162 195
24 238
165 133
379 134
240 209
115 223
52 110
476 271
76 402
72 169
171 58
455 440
205 358
205 152
22 142
447 13
240 262
148 202
199 73
473 114
31 85
427 113
446 163
237 204
145 58
176 331
28 159
46 241
415 462
261 186
367 429
81 397
97 307
207 350
408 37
240 223
159 244
476 9
335 143
292 217
379 138
367 270
207 376
124 168
153 173
54 362
32 282
124 107
146 41
439 421
414 356
349 215
460 208
119 37
215 297
66 417
123 199
90 327
343 355
278 327
262 279
394 101
61 220
364 55
210 108
366 16
319 203
394 34
169 78
245 202
452 425
101 141
177 89
275 84
359 167
42 154
202 372
141 141
153 424
362 397
8 103
239 256
368 117
454 350
133 256
312 393
341 434
366 6
86 455
265 394
211 28
33 255
429 202
224 249
290 275
283 335
367 18
442 456
249 84
294 49
285 27
254 8
151 297
144 161
408 344
241 49
180 211
465 331
225 411
102 62
182 339
6 285
114 416
238 143
102 25
149 220
302 353
253 456
464 399
105 260
386 365
452 399
464 300
18 102
474 7
8 255
389 183
402 265
397 251
54 7
109 224
101 382
104 270
15 339
292 44
428 74
305 413
117 241
210 417
326 186
381 62
174 440
176 363
275 426
316 105
62 225
41 372
178 451
26 138
403 310
195 246
398 99
229 221
376 280
146 387
120 25
55 85
286 273
397 101
392 23
354 400
92 264
37 7
441 209
376 229
115 440
180 263
470 344
397 44
236 372
269 223
52 347
361 41
133 433
13 298
318 291
185 383
175 103
176 318
262 214
262 96
268 25
158 340
186 208
173 454
429 148
284 196
358 181
383 92
22 177
93 314
11 64
161 362
210 367
269 378
78 14
320 328
9 31
457 49
232 397
406 275
352 408
71 58
417 47
80 39
444 281
312 229
210 99
93 361
29 217
224 349
333 323
299 365
181 259
64 53
17 429
301 368
119 335
273 40
27 364
44 212
102 426
88 248
89 329
54 68
338 397
252 417
391 453
480 112
351 75
278 352
288 312
395 309
369 132
96 308
174 182
449 401
111 58
163 375
220 332
118 287
425 314
381 475
27 469
477 80
254 170
67 250
434 151
351 476
54 388
191 475
293 38
136 60
62 282
66 267
109 419
46 269
278 98
305 109
141 442
353 32
288 349
235 425
73 75
239 337
409 423
9 32
104 197
358 480
366 167
266 47
348 300
113 244
324 436
69 470
376 186
186 277
169 329
409 117
106 375
116 58
454 260
432 378
201 418
330 349
68 58
149 113
293 95
450 300
294 24
23 134
219 299
311 448
18 447
378 204
304 41
57 225
122 437
133 202
280 265
220 163
319 317
321 389
450 296
461 324
331 230
206 208
127 458
338 241
357 378
387 367
166 428
361 317
463 399
232 185
291 330
413 121
234 43
409 134
220 365
342 158
347 145
242 337
111 19
138 260
403 84
259 227
121 15
464 304
222 402
250 270
256 384
180 430
111 89
415 389
42 476
425 34
186 154
156 23
332 237
235 250
127 292
477 282
63 426
462 263
280 139
181 281
59 119
323 386
321 436
103 429
223 428
18 367
216 337
297 214
282 382
84 127
217 82
133 207
332 123
431 174
224 402
472 25
59 20
59 60
288 53
266 185
172 370
413 247
189 112
336 310
75 229
439 209
331 120
367 331
239 153
94 287
245 270
416 275
221 71
259 131
431 220
189 178
1 473
19 145
270 380
458 111
165 298
66 454
311 155
118 332
414 436
422 48
139 310
371 177
155 160
148 432
319 205
84 70
282 255
192 112
68 375
362 164
211 266
312 256
202 314
332 305
280 169
350 37
355 279
134 78
247 319
229 382
358 265
280 378
452 65
411 40
263 218
424 312
202 469
199 465
344 460
73 147
403 164
416 164
302 398
206 49
9 102
138 295
198 73
258 138
91 149
476 381
354 117
16 341
206 283
57 82
62 85
455 278
386 2
456 48
448 168
156 430
422 29
306 87
379 280
203 357
45 180
474 112
317 367
416 287
473 224
318 82
77 334
397 458
366 48
191 145
346 132
320 287
87 236
387 227
244 79
56 91
334 245
177 150
447 239
305 252
188 424
434 460
208 100
149 461
448 439
29 348
259 251
179 393
178 262
6 144
264 277
278 251
152 289
422 115
56 340
399 438
190 224
413 202
435 55
155 131
245 40
236 158
319 411
24 188
343 477
18 130
225 64
333 68
270 157
170 130
398 386
200 225
225 26
457 81
116 376
399 42
377 14
457 35
188 407
176 188
126 300
7 373
212 322
236 142
351 388
268 388
195 189
173 433
138 207
275 448
352 443
306 165
228 185
12 438
168 397
339 258
375 215
318 382
209 432
315 284
97 438
162 319
405 4
118 427
303 479
185 434
80 54
73 170
39 328
409 470
38 46
234 311
215 238
329 184
251 317
26 460
258 435
355 445
420 256
361 47
183 107
201 233
430 102
134 226
87 6
260 230
256 163
9 337
205 345
168 92
89 217
209 226
265 323
67 58
97 322
428 255
367 361
376 306
42 320
72 95
388 398
232 117
291 35
139 281
359 235
289 441
116 169
326 433
15 117
331 317
171 228
429 464
359 6
171 343
314 271
51 48
46 426
432 219
180 307
419 22
454 366
13 476
2 110
188 429
367 104
227 358
205 185
331 234
342 324
153 236
295 418
45 444
356 175
148 330
46 291
398 56
424 360
474 57
207 218
356 113
2 152
375 366
177 301
227 94
432 312
373 272
249 328
102 305
453 80
243 172
277 471
283 38
6 157
56 122
357 450
440 2
87 471
25 69
52 21
245 274
124 285
390 80
330 20
217 428
176 387
377 67
312 307
115 335
389 25
365 12
322 315
273 273
263 348
332 262
47 322
295 295
206 104
9 323
76 477
325 18
324 208
187 453
354 361
40 212
341 365
431 424
142 215
321 341
411 202
347 272
161 256
324 81
435 326
75 46
304 435
233 418
448 305
187 370
373 465
374 351
263 113
194 456
468 195
459 389
109 312
461 31
60 154
304 379
169 225
350 338
50 150
86 168
429 416
310 336
61 192
142 164
323 257
428 363
267 169
416 366
75 17
229 278
167 181
108 18
272 231
392 297
432 201
323 392
225 469
117 320
243 464
36 311
139 94
426 55
189 278
230 473
175 287
478 443
338 399
16 172
446 303
435 138
160 466
152 92
307 185
467 95
15 424
221 348
142 409
374 142
232 371
110 96
32 426
381 241
456 347
181 395
44 125
267 319
245 402
7 226
6 207
388 271
418 293
269 103
34 420
285 74
263 188
474 182
219 256
392 206
67 427
473 403
360 377
287 442
301 254
387 342
355 339
209 192
118 127
453 476
463 36
167 232
167 443
340 456
218 79
3 45
234 347
183 200
385 86
257 366
39 81
423 289
463 415
432 404
337 366
307 30
431 432
51 126
174 370
37 204
384 371
173 288
147 218
235 204
162 307
431 54
5 52
168 450
159 311
468 5
357 369
151 212
245 479
168 192
442 49
435 228
83 64
229 153
61 213
8 336
356 214
198 15
67 351
196 231
472 398
107 111
321 305
442 30
145 241
62 440
229 33
168 308
77 177
449 393
377 382
223 417
459 26
145 367
361 325
21 160
115 33
222 291
348 90
307 392
297 429
479 352
445 65
112 139
93 354
408 91
205 361
68 86
442 177
95 127
406 114
125 331
41 27
263 323
340 202
325 365
345 102
203 374
206 89
232 356
268 228
201 30
430 48
240 130
154 54
350 223
321 450
84 144
448 135
48 406
188 84
329 177
194 90
380 30
466 455
435 249
407 385
216 390
53 237
49 162
51 467
158 6
293 441
382 287
219 449
463 281
12 74
453 93
100 189
360 355
359 275
9 110
34 56
220 466
338 345
60 265
168 137
90 42
23 218
47 456
105 270
403 459
224 435
304 310
51 3
336 173
142 463
476 333
131 63
274 36
398 85
353 112
21 134
81 315
115 68
51 82
199 326
346 20
390 68
98 202
429 223
314 385
242 91
364 121
160 397
98 8
71 54
63 149
213 134
142 48
373 143
102 171
81 456
443 467
382 56
315 266
440 327
313 76
6 251
8 170
190 223
102 31
66 165
440 152
380 41
315 214
271 61
7 294
212 66
311 298
440 227
323 274
326 151
458 470
88 174
237 35
470 309
270 257
347 457
443 448
404 262
70 343
468 420
330 139
460 158
153 465
233 172
141 159
101 435
150 304
264 129
371 36
98 245
449 275
240 269
16 71
306 402
416 133
204 291
37 258
381 348
369 381
274 45
456 124
363 4
306 464
108 234
326 274
405 415
386 56
432 139
344 362
363 335
164 279
474 384
188 238
120 440
137 150
233 186
26 197
397 336
251 163
246 194
271 328
363 301
200 452
391 373
117 16
297 318
259 378
477 176
214 458
196 104
138 394
108 153
218 176
347 125
66 347
364 137
357 295
294 404
401 130
120 85
410 132
356 267
236 419
398 120
398 413
258 63
109 87
426 12
181 191
393 12
328 18
338 35
168 180
79 403
445 255
106 92
271 307
354 269
439 272
215 16
139 197
93 178
415 70
390 47
104 17
352 110
425 423
178 416
72 32
39 183
427 87
305 268
315 3
85 195
237 88
438 422
363 398
272 28
356 28
140 345
433 182
30 387
273 303
294 24
131 361
356 108
259 190
479 253
78 312
43 343
96 371
169 332
384 161
64 77
16 122
349 360
214 228
49 157
48 352
71 109
83 116
249 143
393 236
20 449
143 90
338 126
43 283
312 16
37 221
311 448
138 343
152 361
476 400
207 19
105 336
355 79
14 364
33 477
463 111
142 365
391 134
100 298
37 41
228 400
200 72
356 339
344 218
117 273
297 464
352 412
284 337
96 416
423 460
278 306
180 298
379 335
141 144
66 193
158 91
477 86
189 241
9 139
342 296
263 256
166 110
103 459
422 380
79 127
221 264
81 317
432 133
284 28
58 229
255 233
278 444
221 275
19 26
286 435
295 102
399 73
90 65
14 260
45 474
379 222
85 4
178 18
302 179
150 353
433 416
268 269
179 389
381 451
338 234
226 362
108 183
22 279
281 411
264 32
78 29
4 71
109 168
94 24
206 246
20 21
293 282
293 155
327 468
37 26
264 270
277 34
412 382
306 394
117 409
189 422
126 80
394 341
130 293
117 356
35 403
76 101
82 224
450 223
385 291
15 377
134 160
71 308
216 318
183 135
140 308
357 82
162 210
398 383
378 320
218 141
168 285
103 126
164 110
479 394
25 216
100 199
464 242
344 450
11 374
217 266
249 323
387 381
275 128
115 329
161 329
203 93
293 9
441 57
161 158
48 225
301 369
87 24
85 382
8 272
205 318
13 308
151 351
346 463
128 24
379 249
459 451
459 417
182 410
220 195
109 292
226 150
252 142
234 119
19 298
64 268
135 222
236 84
360 209
256 471
465 21
388 332
51 224
409 131
467 11
149 155
375 50
475 128
124 326
274 461
444 420
208 114
218 68
308 477
12 360
168 280
333 272
226 474
350 170
403 380
282 67
24 277
370 224
203 201
239 324
399 412
68 238
409 362
39 324
245 208
244 75
71 216
369 308
310 269
299 7
345 429
244 376
244 51
189 339
350 330
183 405
140 454
328 45
211 272
480 242
234 237
278 99
387 7
27 142
219 477
154 198
480 374
420 444
72 183
86 239
445 262
301 415
436 23
433 104
50 205
39 288
454 424
360 386
91 105
203 173
360 316
460 65
165 221
332 267
100 158
240 391
304 262
217 305
426 204
228 427
455 414
335 343
289 274
291 56
275 27
235 340
224 169
76 74
340 133
439 202
66 360
400 136
336 410
258 340
405 98
348 341
389 104
345 157
229 158
168 473
153 393
423 316
235 381
466 16
388 321
298 415
125 329
46 308
42 250
334 210
269 189
261 204
391 427
319 94
457 121
266 276
271 7
133 162
262 154
120 438
417 426
180 307
120 477
57 272
102 260
353 456
436 108
395 73
321 188
145 323
175 426
15 439
383 244
134 447
126 478
373 401
147 260
296 242
346 465
225 70
202 398
349 316
58 2
422 123
433 223
447 59
353 49
345 19
277 200
457 282
320 410
408 336
206 477
178 248
441 88
7 295
365 102
347 329
97 355
215 12
119 287
217 479
362 322
328 155
211 319
333 437
43 233
348 138
104 54
39 337
199 449
57 75
50 317
277 259
363 365
148 76
10 314
461 3
385 386
343 22
326 65
428 400
210 342
278 13
429 100
176 211
307 89
65 208
63 128
303 355
260 174
354 280
90 282
267 211
308 301
412 287
64 273
229 340
272 283
144 85
291 211
102 300
304 64
380 450
327 451
306 89
212 59
351 91
407 284
414 262
211 300
177 392
79 468
385 432
199 5
204 61
206 171
194 130
410 43
149 282
389 379
203 145
204 13
177 479
9 121
74 203
287 40
177 191
358 369
344 461
308 377
253 288
479 100
349 288
349 1
171 308
303 300
280 181
98 31
167 288
255 344
206 372
467 450
142 170
365 107
433 168
376 100
166 177
285 340
233 194
460 156
9 419
22 127
348 379
6 412
210 373
227 170
214 268
265 197
231 288
168 102
391 18
142 104
238 239
215 271
389 252
317 457
208 218
222 477
414 108
74 232
346 472
405 409
183 94
68 97
265 439
8 380
302 366
341 480
334 378
352 41
88 40
284 302
301 199
170 212
138 110
128 203
63 215
106 426
216 192
83 292
22 75
31 61
464 249
370 248
77 75
425 64
218 142
59 413
212 65
67 123
119 301
104 2
4 6
295 373
160 330
1 163
106 91
174 52
272 449
115 87
222 455
49 308
336 49
96 213
240 337
65 291
4 244
163 376
412 153
455 218
7 101
162 437
130 86
458 373
192 41
293 9
294 186
352 10
53 321
196 369
387 314
166 279
134 380
367 391
144 7
451 473
104 163
184 417
103 346
15 10
331 126
51 107
149 84
5 134
9 178
158 69
83 357
76 281
340 164
189 11
18 191
424 84
245 42
306 146
219 393
148 151
282 2
5 411
175 417
455 42
414 142
8 349
391 242
464 425
23 262
225 118
262 192
46 216
370 205
6 1
310 216
196 82
214 4
352 90
76 457
385 282
48 396
330 226
120 9
161 76
366 243
423 69
356 402
272 444
153 178
300 189
332 42
139 52
303 104
263 125
302 216
188 293
351 169
407 243
38 370
151 112
453 37
137 121
415 199
42 243
114 186
65 222
67 167
73 169
261 232
270 420
50 207
58 130
172 295
204 412
360 55
440 280
153 244
452 75
228 309
245 376
248 201
272 80
405 156
156 31
395 325
189 233
138 123
441 225
202 107
462 109
128 160
308 290
226 391
249 3
10 161
204 465
469 395
117 464
265 126
186 174
368 273
302 459
3 297
121 64
452 146
351 97
246 305
432 379
179 157
26 282
8 305
224 136
248 295
333 83
42 319
217 313
74 79
369 358
195 286
381 382
32 128
471 440
383 230
200 205
396 212
40 116
186 242
244 248
443 301
76 18
340 436
353 62
476 8
102 148
157 359
397 177
74 10
345 311
5 143
440 340
448 67
20 155
77 105
287 70
4 243
103 434
222 276
255 356
254 260
340 2
339 426
196 445
379 445
477 119
440 356
146 414
121 422
195 85
463 271
55 439
297 471
122 280
241 303
71 350
49 262
466 25
291 158
242 241
7 220
266 370
269 42
205 306
294 297
478 184
401 289
30 48
448 242
182 391
364 442
68 383
291 182
199 260
48 432
427 343
309 478
6 264
323 96
172 438
476 160
238 119
388 76
167 92
371 457
215 19
197 476
395 181
274 340
19 81
213 291
67 265
326 139
66 310
56 17
408 70
461 452
394 441
318 342
454 221
304 151
52 59
155 119
142 165
397 326
198 36
130 353
257 460
463 233
436 15
72 468
236 178
403 192
148 305
47 353
267 93
331 478
267 363
428 458
266 381
64 410
116 449
142 107
135 157
331 155
331 336
209 347
194 345
125 458
34 292
344 411
440 369
338 141
356 415
371 141
442 416
279 480
97 301
225 136
148 457
14 144
409 46
360 26
66 46
171 408
330 138
220 351
330 151
133 426
331 407
264 329
368 456
365 133
373 455
160 158
390 250
276 175
236 454
419 128
136 279
73 68
212 22
161 108
291 434
162 221
326 231
403 427
143 224
185 345
131 464
80 329
223 175
196 9
178 463
435 376
270 215
172 70
191 274
11 155
247 368
205 336
223 194
370 25
38 79
172 187
348 306
153 241
217 329
58 300
10 386
232 94
17 378
458 289
192 471
172 111
470 134
256 477
458 354
111 242
136 327
19 446
456 17
427 282
67 67
57 73
133 221
404 412
276 66
21 192
209 447
75 316
468 348
250 193
277 207
200 350
105 480
12 186
386 38
7 471
288 27
262 319
24 339
15 307
143 366
390 273
296 93
438 75
272 343
77 241
170 333
241 225
259 312
12 147
160 80
429 401
472 401
395 65
67 479
157 271
449 138
456 479
93 323
449 329
463 32
120 165
171 32
279 470
93 130
177 207
81 349
462 179
162 321
183 244
349 65
149 291
7 298
336 319
321 367
119 183
284 146
108 295
231 152
335 186
15 333
114 49
261 341
444 275
132 80
102 266
129 398
431 269
237 48
74 10
123 8
368 302
64 403
462 353
280 443
413 276
172 251
217 403
260 77
259 136
294 262
172 445
237 3
234 109
369 331
165 438
311 426
344 362
162 404
205 117
204 97
29 249
428 464
73 148
17 76
64 197
289 263
252 185
444 300
367 198
99 125
406 337
387 175
25 309
162 126
84 131
472 89
426 299
16 330
209 52
60 105
87 394
440 156
90 226
335 397
258 368
377 303
187 84
114 33
424 95
107 229
400 60
310 63
129 327
93 93
43 158
424 196
335 15
245 229
213 25
97 171
45 345
233 339
473 370
115 376
294 371
192 109
125 437
230 82
231 126
112 326
469 355
90 320
222 148
332 155
352 439
415 91
168 181
214 97
318 47
105 399
200 293
416 360
198 292
173 175
167 245
158 305
141 35
35 82
34 358
26 335
71 223
35 329
234 316
15 189
208 305
403 456
469 314
361 106
121 229
46 451
388 234
91 452
421 349
162 308
4 432
25 299
373 141
2 381
254 265
300 240
170 419
170 217
478 185
300 370
14 68
178 88
42 136
182 438
74 250
338 372
370 218
104 42
256 301
235 282
235 85
405 171
445 19
217 212
274 381
319 393
87 117
336 224
73 98
480 345
396 192
179 476
363 72
107 254
478 332
439 375
420 29
369 295
362 155
32 437
135 191
282 233
320 394
454 250
185 471
234 308
13 387
208 393
437 387
209 79
75 269
321 314
220 195
391 156
456 259
226 139
110 2
171 191
402 364
387 359
260 451
234 72
256 232
125 321
168 400
466 253
258 138
151 376
229 379
253 77
153 92
120 402
163 129
32 308
308 38
236 442
213 13
381 417
312 276
101 178
347 403
220 396
151 65
152 136
345 224
66 9
416 65
171 360
295 162
345 30
236 166
61 363
476 152
335 126
302 94
280 148
233 70
348 292
60 2
256 15
132 166
305 198
87 407
276 466
444 43
114 281
195 113
416 295
373 272
405 195
393 100
163 411
105 295
190 270
374 233
30 237
315 474
133 173
213 316
238 405
255 358
21 274
330 188
267 473
358 65
240 217
208 339
467 149
297 449
18 281
78 355
62 415
178 183
72 45
455 178
96 253
50 262
15 140
16 124
215 212
161 331
22 249
317 247
48 203
391 214
130 10
62 391
304 227
308 43
327 98
478 451
257 196
288 197
238 456
277 24
160 450
283 326
363 160
240 40
473 87
335 296
448 377
67 26
201 279
192 324
279 2
351 328
234 349
452 422
60 246
293 477
40 6
63 121
403 250
362 194
382 176
70 166
181 202
204 449
176 34
381 251
181 288
274 382
343 24
149 126
345 195
253 341
342 14
309 306
138 463
50 221
55 413
83 377
144 414
54 224
384 89
243 409
289 303
121 29
425 159
391 359
283 226
43 101
69 193
200 218
131 312
441 216
181 454
431 436
132 188
270 129
260 45
414 49
50 3
121 459
29 102
15 406
267 294
415 431
198 83
365 213
156 336
28 30
166 304
63 197
140 381
473 72
126 100
211 456
259 371
307 24
238 476
319 164
465 359
359 44
423 224
418 10
301 237
73 310
389 102
318 159
61 427
174 394
304 254
286 429
95 297
267 218
132 423
138 19
147 67
250 312
249 422
148 162
397 105
461 81
22 7
253 226
3 44
400 202
433 290
155 415
407 444
368 215
179 479
425 378
4 313
413 18
369 164
312 31
264 58
362 143
110 472
16 270
54 299
84 51
279 299
420 152
478 272
17 143
430 426
231 127
336 72
86 163
80 433
263 184
180 120
13 246
6 222
119 49
121 248
367 320
424 317
446 125
77 233
249 450
410 289
36 241
196 245
142 12
156 469
337 273
65 212
419 226
290 176
25 150
446 74
60 382
125 333
245 197
439 4
397 95
350 197
314 309
181 317
326 449
50 258
156 454
423 183
207 238
32 409
457 382
246 160
420 221
334 126
123 68
204 5
269 254
478 390
43 350
98 239
267 297
396 82
233 476
266 447
432 160
438 62
440 436
93 87
444 424
383 227
180 68
232 3
226 479
153 321
345 217
391 399
210 195
