480
2304
167 378
78 66
341 183
258 196
54 297
399 313
385 10
76 284
158 147
86 425
213 284
479 157
72 99
94 204
1 98
145 307
429 24
198 65
455 380
440 301
458 176
183 425
146 227
195 316
249 303
97 4
247 306
415 428
161 187
200 112
239 162
85 56
429 412
38 181
366 308
169 342
421 163
462 427
123 360
448 401
403 351
203 447
454 368
127 265
405 227
192 346
419 281
120 460
210 263
246 335
385 466
413 186
463 303
93 174
60 65
285 268
433 353
415 364
113 42
413 49
165 367
242 177
162 361
235 197
268 45
42 135
124 226
418 237
237 108
138 305
90 50
135 266
226 32
158 256
65 334
48 363
35 53
91 65
341 20
21 380
272 458
109 75
245 418
128 359
287 203
78 83
129 163
96 80
46 169
22 284
21 316
392 193
309 148
408 17
251 71
400 246
85 271
109 153
429 250
24 48
232 387
69 189
264 463
51 55
378 440
96 26
95 344
449 145
231 76
195 336
38 94
315 446
130 466
399 31
167 265
188 253
376 134
277 235
428 109
143 85
471 42
316 447
170 365
325 233
21 413
199 102
58 250
431 409
357 313
237 161
442 95
192 60
208 242
71 144
184 402
45 420
123 467
244 441
253 280
144 78
417 252
128 17
134 327
467 434
210 262
444 413
116 70
25 248
44 89
54 338
176 468
423 412
347 367
279 336
37 22
362 114
126 69
375 415
108 178
360 394
429 27
378 22
137 39
193 351
124 339
218 368
51 407
411 76
302 211
258 476
196 360
160 76
209 159
164 479
334 19
28 356
231 13
434 10
412 280
74 408
265 100
239 139
22 133
76 274
13 275
463 282
59 392
225 241
11 192
422 55
317 300
47 252
403 252
48 410
193 280
457 268
478 365
27 230
118 130
332 274
26 235
62 365
111 447
472 57
408 130
456 394
209 69
383 438
148 375
283 70
143 340
18 279
469 202
215 221
265 142
400 355
413 319
149 342
36 370
332 150
296 295
255 256
375 103
328 89
270 214
226 170
141 234
144 5
145 292
98 28
153 130
92 475
125 46
466 160
78 177
475 37
154 155
346 378
376 2
143 181
200 189
68 182
346 300
77 169
247 200
150 328
189 213
401 426
199 379
463 64
346 93
135 61
299 270
213 71
425 48
223 460
363 347
112 469
57 224
292 38
431 201
214 21
478 20
23 223
249 255
352 365
436 384
471 451
7 379
345 305
101 390
151 283
54 365
82 479
339 395
452 121
359 302
404 350
94 141
398 62
27 444
217 321
475 329
394 459
180 400
344 144
152 113
345 437
321 151
408 166
191 340
55 408
64 349
273 28
348 468
140 48
198 196
205 274
229 227
208 77
3 213
359 435
467 110
307 333
18 295
207 205
36 248
380 30
181 376
9 313
79 173
280 442
370 457
427 260
296 403
390 451
100 156
50 385
399 16
148 290
462 118
182 33
85 67
37 126
175 251
325 376
427 246
461 380
10 147
173 369
160 167
179 343
334 423
202 162
158 217
283 311
162 257
67 112
201 231
63 164
33 280
169 96
148 243
40 329
143 337
195 303
99 94
130 447
138 331
443 467
212 55
153 359
468 349
132 63
85 448
303 313
67 6
180 20
148 472
198 357
168 355
298 19
339 107
84 403
58 367
203 452
244 299
205 416
24 132
348 49
217 64
230 312
387 201
219 466
262 47
42 328
479 306
469 226
208 46
417 319
160 92
212 138
79 9
417 88
95 114
182 419
277 381
323 454
29 351
9 41
45 392
472 117
227 352
202 462
439 229
463 461
193 274
338 367
375 167
143 39
153 355
11 241
48 112
371 53
53 249
15 385
281 214
368 295
208 385
221 333
178 124
291 423
351 438
52 217
38 391
393 364
375 253
319 11
478 41
441 456
465 26
349 321
109 5
361 313
260 95
366 119
336 90
19 27
26 51
446 315
168 459
385 81
439 43
255 273
328 164
461 375
463 455
241 194
393 125
191 129
66 292
278 51
22 406
312 197
157 145
274 313
437 305
91 32
161 84
320 308
432 230
149 428
9 301
249 432
227 340
273 450
386 409
254 126
214 389
198 199
226 372
317 368
189 457
254 174
406 44
219 238
408 388
468 126
258 206
209 145
8 210
121 70
314 192
32 291
34 94
196 105
141 435
3 80
297 7
36 472
38 335
162 167
103 351
290 446
381 352
148 403
72 60
312 344
359 210
334 333
178 442
336 188
262 10
78 193
360 192
361 108
356 290
332 304
15 55
211 357
338 10
269 62
333 221
35 266
5 71
295 262
6 167
68 90
197 385
227 260
7 389
205 373
321 403
17 462
478 177
153 10
149 400
217 162
25 323
331 143
20 322
310 108
25 477
308 42
198 36
75 326
158 141
343 383
74 282
158 71
64 25
136 156
38 125
52 155
474 328
44 197
109 19
247 413
422 446
117 44
106 252
407 365
364 310
140 354
147 258
35 192
231 407
219 106
106 347
80 298
222 424
368 22
194 192
396 65
420 176
341 307
16 214
430 111
479 142
477 71
315 479
427 151
451 143
391 189
164 351
470 374
184 23
289 41
61 460
222 241
206 78
418 387
384 20
48 218
295 281
33 473
161 297
353 282
344 278
283 188
34 40
336 359
229 73
97 253
54 426
148 201
112 143
444 457
88 435
390 324
113 110
190 406
42 243
373 393
435 463
134 373
255 192
143 400
349 75
57 347
217 397
217 333
296 5
208 217
290 335
88 82
46 368
338 11
233 116
189 15
190 302
414 101
424 12
214 6
480 394
173 100
295 319
38 396
188 147
248 422
205 202
232 119
392 51
441 82
216 199
246 324
204 19
255 337
251 478
137 293
169 338
55 4
114 147
361 296
384 406
443 438
64 89
68 170
51 158
270 249
193 433
142 329
2 401
29 80
417 204
288 315
223 160
148 225
192 106
316 282
73 136
408 397
353 418
290 350
245 107
257 447
347 193
370 372
360 194
19 398
232 409
359 418
265 160
73 468
466 256
405 70
418 23
34 13
309 110
420 15
231 37
443 180
2 294
232 327
39 52
150 476
230 76
412 180
170 254
320 40
133 312
229 289
149 68
166 253
265 279
172 151
46 324
14 76
285 465
368 378
421 224
404 274
164 43
476 464
184 380
474 393
154 136
36 209
232 266
345 326
354 91
423 308
58 17
89 407
303 6
228 354
201 418
76 418
285 198
26 18
124 236
311 376
309 219
362 335
437 257
108 182
277 267
142 177
68 355
203 35
184 267
350 150
192 227
360 276
292 328
65 176
17 435
443 271
474 217
89 380
210 232
416 436
447 257
359 123
168 175
281 185
407 398
204 152
132 120
18 470
101 64
63 224
312 151
113 295
54 49
115 397
320 11
243 167
239 347
241 404
6 300
477 302
371 4
303 221
414 234
119 104
329 417
181 110
166 41
221 93
365 72
322 36
34 298
103 119
112 92
373 368
251 405
242 411
281 127
328 91
75 65
109 331
412 396
52 165
130 111
350 253
201 98
108 95
16 246
91 142
464 320
435 165
47 468
400 237
97 167
333 100
443 14
318 384
464 121
72 27
345 316
21 54
153 122
82 254
147 292
469 397
228 229
298 265
100 443
159 201
368 34
446 199
285 274
434 257
228 99
26 33
358 338
304 231
195 15
79 4
354 143
419 107
64 204
458 197
252 297
21 88
373 107
200 412
203 120
85 417
362 99
84 404
410 420
442 343
225 29
69 378
169 454
450 441
68 450
311 467
37 308
223 470
439 316
311 103
209 258
68 418
304 333
339 181
72 36
332 211
463 421
8 284
248 288
93 111
209 83
430 430
257 255
13 181
467 242
114 153
439 65
205 107
45 320
382 19
470 371
315 63
79 193
2 59
24 269
207 189
199 410
58 294
197 162
50 402
116 48
301 419
237 432
430 275
238 66
417 23
417 62
314 279
320 410
427 178
191 384
306 271
95 332
207 63
421 119
276 119
238 309
97 289
323 447
115 67
403 137
137 167
339 70
336 76
132 372
138 191
438 123
259 380
346 461
152 111
263 317
130 205
417 384
409 203
24 222
47 323
137 11
437 32
69 15
456 352
16 471
162 430
97 406
287 47
155 362
211 398
292 115
435 386
257 125
479 453
172 428
201 23
35 201
404 262
314 456
184 459
165 50
442 213
150 186
407 450
201 59
417 465
210 97
69 214
416 38
148 262
82 48
378 115
150 34
153 110
411 248
298 92
55 246
281 354
342 462
173 445
451 106
65 37
361 76
218 167
338 191
192 214
467 76
304 103
260 277
349 199
359 469
73 471
21 433
65 9
171 20
418 24
25 45
411 150
187 241
205 296
180 212
164 359
233 30
275 134
330 169
389 57
281 372
70 451
204 412
273 473
113 298
111 326
128 278
134 319
124 296
179 192
201 235
156 79
95 288
183 393
169 200
115 420
354 229
59 406
464 418
130 170
69 183
331 246
92 446
157 410
325 317
474 91
11 439
118 135
209 22
36 33
58 394
241 241
219 328
119 219
219 136
402 402
56 321
157 144
9 300
287 64
116 155
164 104
445 65
437 19
413 103
465 95
446 382
124 312
272 148
69 2
191 296
11 170
359 96
141 326
186 396
74 187
45 156
433 242
241 441
88 331
123 3
247 198
382 172
224 453
430 345
354 137
478 33
395 220
284 201
448 410
153 76
7 442
101 289
140 375
96 163
68 245
339 427
221 197
109 86
290 425
102 163
22 81
129 390
264 384
157 346
161 268
261 364
124 60
478 128
354 301
116 206
274 432
15 222
39 268
60 178
23 450
457 476
324 249
80 209
476 129
375 280
188 380
166 244
110 232
413 281
253 240
305 299
212 122
320 264
97 345
141 247
375 104
37 82
3 436
375 201
52 124
102 75
406 356
249 102
64 45
252 229
250 60
238 294
369 58
353 106
154 291
41 264
454 125
210 354
175 9
131 78
49 191
206 453
199 295
211 19
449 343
21 393
88 328
41 24
387 163
277 96
308 46
66 301
105 467
248 262
359 132
69 476
175 146
163 86
454 329
259 299
380 108
244 338
413 281
367 25
476 342
103 335
179 376
48 129
271 17
238 403
220 387
394 261
336 177
130 139
360 174
210 124
49 328
411 403
90 323
217 78
459 157
343 448
388 434
201 17
268 367
342 323
419 28
417 225
226 313
341 338
72 351
109 300
268 28
85 404
178 232
58 112
35 7
426 7
114 319
87 385
224 437
480 183
38 480
178 470
262 191
254 198
108 448
391 307
353 60
440 109
115 326
355 2
305 272
143 330
253 134
345 140
125 157
103 89
88 415
87 422
414 97
418 259
259 250
433 471
395 150
477 45
164 248
415 416
259 188
81 367
335 407
13 192
85 137
39 199
452 356
468 252
74 326
2 421
4 5
106 26
189 69
255 247
167 128
433 145
448 434
106 164
344 193
475 109
464 34
364 268
172 391
156 440
334 223
239 371
163 121
62 92
42 133
164 447
288 105
127 441
223 292
296 459
375 362
302 116
171 255
252 371
282 178
406 362
199 198
280 206
309 380
349 295
152 185
472 434
367 254
241 343
211 379
442 127
447 432
20 170
21 5
225 58
311 328
459 382
347 212
163 359
235 67
457 435
107 95
41 72
370 236
351 106
135 351
353 197
433 83
258 69
258 227
265 437
70 227
240 224
136 392
414 211
28 451
72 175
345 265
30 32
139 170
183 107
327 178
213 172
184 414
275 333
354 273
415 343
193 383
33 189
380 219
383 85
340 236
359 283
313 423
32 285
147 268
125 362
424 327
80 407
178 220
446 281
137 157
254 432
385 433
178 454
158 429
131 104
364 443
380 102
112 168
178 333
310 449
263 294
471 190
410 411
73 315
182 85
49 188
83 237
452 425
196 188
241 198
420 364
327 402
426 71
345 234
202 271
222 341
322 211
153 173
447 458
383 398
289 363
190 153
359 294
74 342
438 258
34 239
60 329
396 102
39 267
111 475
279 357
393 14
413 100
108 202
466 41
325 291
89 450
433 202
196 278
144 53
78 432
59 361
466 223
379 28
460 239
50 206
129 14
377 82
297 314
373 30
354 274
81 11
17 344
184 40
134 429
72 297
217 436
270 456
318 167
378 211
319 107
309 6
391 111
388 117
108 305
35 392
34 278
337 266
465 228
332 25
347 33
200 440
418 430
34 175
273 30
306 277
278 40
153 298
441 256
133 82
168 231
149 89
390 317
433 42
466 106
322 357
461 450
303 283
63 58
156 164
86 175
98 354
302 193
50 110
331 316
113 95
298 399
299 284
43 389
457 208
292 292
215 302
97 252
314 474
60 216
157 471
120 47
34 109
462 90
131 90
434 272
463 68
39 394
161 242
131 82
86 475
347 322
335 420
449 443
278 410
370 284
229 34
384 475
24 428
109 412
171 320
255 122
461 282
313 111
153 250
52 299
454 163
438 343
368 82
275 320
189 333
247 477
354 296
331 434
133 196
47 283
8 282
291 397
153 432
465 165
351 137
259 394
253 331
202 90
385 378
388 142
478 291
23 221
311 377
124 421
2 111
251 197
205 143
324 472
236 256
148 326
458 346
433 375
87 127
187 284
469 202
105 45
43 358
169 425
237 127
420 200
233 20
340 123
381 320
48 144
359 191
344 445
311 387
328 209
258 403
371 317
413 166
11 311
321 129
79 147
189 362
291 1
2 342
470 224
108 43
338 395
469 143
65 36
292 418
173 360
22 423
100 420
410 391
362 417
283 68
263 402
425 173
265 310
265 281
69 360
390 56
209 280
381 239
293 420
97 353
199 449
311 237
229 392
207 217
134 101
465 235
223 448
79 475
263 181
256 158
103 336
476 291
397 383
150 110
138 34
80 165
354 26
213 242
197 386
137 269
301 304
363 150
367 20
201 450
73 150
192 395
21 447
265 5
96 225
376 317
194 145
375 371
3 452
165 117
221 421
447 151
390 412
435 398
214 310
248 359
478 347
338 103
218 465
384 143
307 3
300 213
284 345
143 64
337 78
427 29
288 100
50 332
358 10
271 421
384 84
100 418
31 440
419 406
179 36
172 91
17 202
199 294
164 15
386 477
304 344
396 298
240 127
291 440
105 57
360 364
302 374
155 138
164 475
226 327
172 160
86 456
162 335
3 308
145 372
96 290
178 305
408 427
6 118
206 90
431 6
340 203
143 260
143 460
308 214
8 42
426 179
145 18
307 108
196 7
360 375
476 457
344 116
303 20
280 409
107 323
317 460
366 314
402 406
16 465
193 455
119 230
325 280
148 56
430 10
424 385
175 179
79 410
320 168
166 39
303 201
338 176
357 319
323 187
356 215
109 3
1 156
131 120
381 248
218 391
296 227
262 254
184 208
237 431
35 470
377 461
42 98
453 222
261 148
450 462
469 136
273 170
9 151
238 22
434 77
27 410
434 285
217 38
73 134
60 308
173 109
41 292
309 56
423 130
371 5
172 3
113 362
308 70
286 235
24 188
246 106
388 362
35 139
225 347
78 351
171 35
457 330
161 425
92 80
93 462
471 470
464 286
219 454
291 239
268 469
254 182
151 441
19 293
92 291
109 317
269 261
188 264
373 392
413 15
356 406
441 172
423 131
17 360
262 108
82 50
5 302
297 295
87 313
320 324
418 72
236 4
298 302
282 324
234 58
358 186
438 6
374 240
335 303
307 317
33 100
322 334
446 240
363 182
315 168
314 373
57 325
118 272
305 151
21 227
147 480
226 432
67 43
32 315
172 20
45 54
223 249
112 345
38 439
262 186
239 211
479 469
285 333
6 397
115 179
27 96
362 217
99 187
210 323
200 102
354 278
271 86
78 287
259 393
456 222
171 57
304 415
175 465
267 414
84 81
52 450
453 204
60 18
475 41
452 354
9 169
237 366
432 286
197 134
398 390
268 153
263 7
166 422
303 204
157 164
393 250
126 36
139 165
153 82
268 89
127 57
364 393
162 158
50 289
325 8
17 397
405 51
56 412
418 190
468 66
352 329
160 192
55 146
182 433
397 362
392 322
144 415
164 349
111 145
18 25
212 148
236 295
38 325
123 459
59 193
129 236
111 356
25 91
403 436
315 9
410 331
13 44
2 456
163 453
389 430
49 70
226 327
251 34
443 442
14 250
314 427
128 329
18 386
461 45
362 173
190 390
252 345
94 361
355 200
259 69
197 197
52 435
464 129
110 206
453 309
173 73
374 479
257 379
10 120
323 42
82 132
311 282
71 220
67 270
404 348
193 271
300 205
141 156
350 396
464 281
450 4
139 171
319 216
10 166
468 265
189 35
293 450
352 453
365 20
437 467
155 290
97 194
214 197
320 119
380 256
319 81
221 242
340 377
381 306
330 422
79 233
298 404
111 62
69 282
417 378
277 461
440 285
105 128
437 251
171 260
391 355
18 122
95 290
365 185
363 439
4 256
474 17
288 258
430 247
63 10
472 128
67 124
445 414
61 181
45 58
186 373
17 254
399 145
372 310
125 432
207 264
78 124
408 81
380 465
115 386
26 344
272 23
284 445
8 204
216 409
52 370
245 3
306 132
441 329
3 123
4 374
289 127
200 257
39 95
478 226
134 338
80 345
169 197
82 276
200 366
399 342
292 135
182 74
317 108
387 144
422 118
167 398
319 278
53 432
450 50
414 135
25 349
195 196
131 281
6 178
33 441
292 353
294 275
106 341
150 381
256 253
329 303
225 384
246 148
479 253
245 251
61 266
249 413
384 446
453 355
165 152
114 37
107 372
326 308
378 270
248 385
288 247
122 139
456 15
270 109
219 1
307 342
36 77
380 127
33 336
273 362
271 395
260 441
157 23
149 366
73 361
223 118
110 24
175 100
206 210
72 63
311 429
196 249
454 357
366 433
309 307
360 334
460 135
231 310
168 316
78 461
71 381
124 126
393 176
128 268
402 157
25 168
145 286
336 378
139 383
443 37
317 168
148 259
148 162
158 342
88 69
51 427
357 24
19 432
415 282
287 391
280 148
159 191
28 63
275 57
215 314
447 168
218 388
117 383
323 401
125 294
116 227
91 130
11 477
96 347
166 335
274 294
197 430
162 254
66 412
98 23
38 283
416 175
307 361
43 462
347 455
17 443
216 260
301 344
133 247
251 45
209 388
318 261
399 358
150 33
235 434
400 430
230 410
89 324
251 100
336 229
355 418
20 249
105 469
146 264
462 404
248 27
36 372
277 468
421 148
261 238
277 22
363 192
437 295
190 245
67 258
286 60
379 197
100 421
285 129
21 368
247 132
368 234
409 110
201 69
311 140
247 396
409 41
122 432
141 37
308 455
408 365
288 149
437 23
77 26
398 219
57 464
462 431
465 194
351 69
202 157
127 463
377 3
215 15
400 328
232 12
260 359
171 347
157 474
386 236
350 312
380 241
301 391
390 157
391 65
2 47
471 454
452 348
13 248
372 84
327 352
86 308
384 265
32 95
470 379
455 175
422 279
476 424
462 138
305 86
459 472
245 464
403 59
223 28
299 331
34 196
9 160
265 86
177 475
381 8
67 227
444 31
258 253
329 323
329 476
334 15
355 415
455 401
253 12
28 451
239 296
265 113
262 412
85 414
255 83
440 37
456 143
438 358
200 227
189 97
45 306
33 393
36 368
314 224
333 430
132 222
478 236
366 51
171 116
393 328
155 289
173 24
219 120
383 6
447 214
3 417
98 165
305 269
347 364
337 469
85 187
68 400
308 152
425 294
263 253
155 385
279 261
47 205
87 160
57 13
357 101
332 154
117 428
6 249
4 441
414 60
424 370
54 176
361 265
316 247
249 41
451 351
211 172
362 190
165 193
257 9
332 356
193 330
309 154
195 109
42 169
227 363
115 301
186 114
468 294
444 306
457 408
85 133
174 71
71 245
411 459
325 420
211 311
177 471
371 274
37 2
434 379
245 92
228 150
124 330
149 278
154 303
439 446
90 386
452 93
36 422
251 43
439 284
263 145
338 296
182 104
258 303
414 35
68 399
250 181
51 418
173 104
325 133
233 78
31 61
288 412
418 413
86 133
243 54
67 286
30 373
243 135
463 224
377 4
163 171
476 115
320 30
462 91
225 212
480 133
374 474
283 404
377 382
430 446
209 135
82 211
380 199
264 129
291 322
96 139
463 67
307 342
88 220
392 252
1 305
37 474
280 83
346 471
100 473
51 30
164 152
243 110
474 374
216 276
339 284
216 285
258 418
162 343
65 277
121 276
436 394
406 291
319 467
69 159
276 47
143 376
97 319
77 63
380 386
108 106
400 424
285 74
448 177
105 446
261 112
331 37
203 164
100 346
297 107
426 296
49 41
34 261
122 290
460 38
263 326
1 102
395 140
151 113
197 5
134 366
340 274
226 217
326 241
118 398
252 338
