480
4608
374 436
187 346
5 12
472 227
433 291
24 259
130 177
322 386
182 469
139 179
308 244
130 389
63 97
234 434
275 355
26 258
283 473
301 72
196 157
204 12
30 163
428 129
210 4
15 240
242 60
130 13
356 8
229 16
180 70
152 458
272 403
303 238
380 88
436 204
410 464
62 203
242 108
297 63
106 111
164 372
224 13
2 231
278 87
352 91
233 231
175 205
173 233
163 46
355 21
142 472
426 442
172 438
326 91
458 326
247 431
401 227
155 232
431 128
11 66
312 115
392 380
253 145
216 403
49 293
265 156
184 48
275 270
66 325
367 32
396 377
147 341
82 244
57 62
345 442
368 62
196 61
409 432
55 204
377 406
13 221
142 349
328 389
321 319
258 223
252 84
468 115
284 135
292 13
257 235
119 168
59 305
470 357
418 10
363 450
231 466
210 259
39 375
440 356
71 201
8 347
100 389
199 10
113 302
55 160
396 356
94 119
236 248
189 170
332 154
419 389
289 89
170 444
73 119
361 181
123 27
35 458
202 391
334 352
288 229
386 274
183 361
469 357
401 243
47 398
116 21
137 344
299 380
79 397
209 219
93 2
65 278
112 35
145 412
141 459
470 110
379 19
342 435
56 84
337 175
412 186
313 248
67 471
386 455
54 121
350 246
306 92
46 378
429 257
315 411
162 160
438 150
183 124
354 156
154 449
271 42
376 263
468 419
477 125
104 131
459 251
139 380
317 459
300 102
372 470
128 404
279 57
468 261
277 352
259 99
206 431
254 303
164 221
150 411
1 120
373 444
245 469
332 23
160 20
185 343
462 120
307 252
424 478
300 190
95 130
169 378
241 229
464 73
349 97
333 323
105 100
263 222
365 24
457 303
302 450
143 26
175 158
65 321
462 366
181 359
23 191
274 371
269 295
380 463
227 230
179 442
89 244
210 192
29 219
301 317
279 57
31 345
40 131
307 476
437 247
154 228
157 330
361 339
370 431
171 432
123 200
200 216
103 46
433 431
201 317
472 164
353 45
275 197
401 449
313 123
465 227
344 47
421 181
15 471
175 183
406 204
353 300
179 245
253 418
469 349
75 276
114 354
221 290
409 398
210 144
93 24
321 407
347 333
36 303
364 464
305 159
445 219
302 274
318 173
203 235
153 396
296 85
195 268
236 190
231 108
29 469
436 462
95 208
156 341
254 163
249 386
349 347
438 256
235 281
320 159
228 46
52 329
83 206
204 137
328 211
255 329
34 201
126 125
420 336
158 324
266 250
243 231
357 294
330 89
329 419
478 370
68 155
375 116
134 453
16 172
10 230
257 111
170 22
53 243
32 232
433 463
239 270
410 216
286 375
259 98
322 125
345 185
367 178
339 149
417 89
134 410
140 328
365 420
438 377
111 12
247 90
220 401
93 355
477 87
80 422
42 34
365 408
259 305
306 411
406 113
422 236
263 359
329 10
384 188
181 261
181 380
315 165
141 363
295 380
430 70
286 188
429 244
357 442
164 174
146 160
427 158
121 113
247 128
466 320
357 161
425 105
444 431
323 165
332 72
433 156
435 380
299 389
40 424
358 283
475 423
277 143
133 193
149 378
164 231
29 6
10 76
270 197
334 344
145 468
466 330
379 99
13 206
106 350
443 285
467 124
304 437
334 370
418 180
371 74
123 339
280 2
354 10
197 149
192 35
210 452
430 223
395 311
3 247
300 335
441 163
70 149
85 147
105 253
326 108
86 30
379 364
291 43
400 106
108 480
225 191
479 32
241 220
294 303
285 467
199 362
174 69
309 92
147 108
427 280
369 292
272 84
97 37
137 85
203 255
419 463
98 56
330 283
438 384
247 117
346 94
381 407
90 124
63 366
383 12
24 319
410 357
279 9
100 164
288 218
234 300
399 119
295 380
290 396
12 57
474 354
253 259
4 380
20 244
208 75
155 111
326 263
53 254
355 360
196 226
127 125
15 133
184 452
87 333
457 367
221 167
471 119
456 244
280 365
103 258
274 235
225 251
138 446
326 128
388 329
411 416
325 230
290 5
412 279
469 156
232 400
394 332
293 191
81 383
242 117
87 234
141 17
41 58
78 372
112 277
459 218
171 120
400 330
142 46
174 132
347 467
473 120
243 46
168 246
288 475
352 443
246 2
468 38
445 366
7 311
142 340
158 462
223 305
429 325
332 32
393 18
254 444
90 96
57 472
189 180
197 375
46 417
178 208
107 302
22 205
391 142
90 242
244 164
156 410
462 157
21 390
108 125
440 129
291 13
95 76
117 52
314 212
449 469
162 66
281 51
68 224
466 3
147 27
259 261
118 400
227 291
52 480
273 447
402 302
460 337
231 307
134 190
213 260
419 382
228 313
328 40
474 451
228 108
478 450
257 229
28 191
115 254
151 258
94 199
134 351
352 27
243 300
281 40
226 72
177 213
372 167
24 77
353 242
59 403
369 313
70 332
346 355
48 437
472 95
43 336
207 171
366 297
337 109
392 253
223 20
373 367
47 421
313 28
367 8
325 80
37 389
12 273
404 193
198 180
349 64
384 414
153 459
145 293
28 152
322 43
252 452
384 324
69 284
217 84
377 113
167 81
26 336
314 222
412 210
211 121
321 13
420 96
440 225
54 334
61 341
147 300
447 5
56 78
69 367
28 478
6 23
305 18
117 388
428 144
168 410
327 69
239 126
474 175
5 478
306 203
224 92
223 286
217 155
306 234
415 460
422 422
32 49
473 320
270 64
164 366
406 107
92 372
204 119
331 138
343 133
325 102
424 211
390 111
468 68
100 304
143 92
346 62
219 20
147 3
453 43
302 292
331 339
349 239
356 18
38 66
233 316
398 260
381 307
221 241
66 462
116 105
77 366
423 311
305 244
157 140
327 96
282 193
254 329
279 407
33 480
251 226
253 174
5 216
17 156
136 310
405 446
7 416
98 276
418 127
273 389
137 329
61 423
332 113
191 252
47 266
356 222
266 235
172 158
2 379
440 220
215 143
304 60
80 156
314 251
6 460
470 188
469 427
420 21
118 388
283 424
210 376
401 444
66 129
128 387
452 287
214 269
430 405
374 246
354 148
318 358
276 200
8 31
225 402
192 10
283 426
24 127
378 218
190 201
143 269
426 191
279 125
107 221
351 254
320 6
8 406
421 413
210 65
182 301
255 236
306 32
424 170
177 194
473 478
219 224
477 108
138 329
434 29
422 218
47 74
181 157
105 238
397 479
396 270
22 478
464 134
38 221
302 8
102 200
151 407
68 355
410 200
89 314
215 399
469 287
359 95
186 288
42 307
446 207
312 198
419 319
232 61
88 257
366 248
340 289
390 296
172 240
135 253
129 392
165 202
57 88
244 151
288 154
15 7
137 419
384 172
96 414
225 275
395 384
477 119
138 335
449 133
342 53
446 433
113 450
243 140
393 15
461 27
343 1
261 267
396 453
77 446
141 219
129 46
25 172
322 73
156 129
270 404
419 354
453 17
263 326
382 434
437 45
281 152
174 139
274 366
447 157
472 134
76 387
284 29
51 73
314 226
406 48
333 219
365 1
460 178
334 91
22 187
172 468
462 75
318 389
17 241
327 441
144 99
69 295
47 462
381 408
31 383
446 282
10 150
357 149
43 186
82 336
471 473
356 305
434 192
151 184
98 239
293 371
269 99
21 21
59 8
109 275
248 155
440 151
39 451
449 82
142 177
58 102
192 251
87 144
323 195
123 190
161 306
165 480
23 477
417 410
378 374
470 191
215 102
438 322
408 45
22 382
274 279
131 135
293 152
422 42
127 61
150 159
258 210
473 73
233 311
4 442
367 394
229 140
86 52
351 239
198 137
105 317
43 133
259 457
437 221
38 268
55 278
17 177
85 79
81 77
77 304
220 413
324 300
81 146
329 10
266 243
341 136
389 138
114 83
449 218
308 169
114 98
53 149
414 202
293 374
75 137
200 218
197 477
413 105
308 253
231 351
391 252
57 93
71 381
145 150
397 233
8 79
100 68
342 446
149 304
422 154
5 48
56 149
188 306
477 355
89 2
195 378
122 368
183 245
427 403
359 297
284 425
158 455
353 374
198 270
333 351
338 462
367 434
389 87
318 220
116 210
233 48
289 470
56 165
86 442
460 132
356 80
218 191
334 435
72 364
358 60
387 121
113 206
201 252
215 247
203 94
32 61
154 133
425 21
300 162
315 295
113 424
36 301
207 267
417 354
364 163
201 400
264 115
216 182
203 444
388 179
48 137
180 473
187 395
138 412
52 395
262 105
152 398
404 296
70 476
120 117
41 147
51 320
308 23
323 369
122 408
252 71
181 85
54 406
253 160
338 34
402 202
253 43
59 206
293 205
149 36
479 18
367 367
258 176
126 429
429 104
390 302
474 341
345 87
54 53
137 29
404 14
28 166
20 79
305 346
443 123
57 46
55 235
289 375
466 395
350 378
180 93
343 292
313 142
315 67
239 352
374 159
340 413
25 430
362 197
54 169
239 419
321 174
479 263
276 118
172 179
181 168
246 389
158 390
313 254
436 216
113 76
113 290
45 401
406 303
15 346
204 386
147 363
457 350
292 350
14 41
236 162
50 4
395 366
310 192
13 256
217 257
336 329
313 177
198 185
99 102
283 96
175 170
178 411
155 465
438 175
56 186
35 252
274 316
197 182
70 426
197 202
124 446
371 238
122 287
306 355
115 452
114 422
384 354
471 210
465 140
349 26
193 116
99 379
280 299
250 68
390 427
372 151
117 29
150 194
51 155
56 440
202 353
400 462
339 227
4 267
31 292
53 254
309 292
82 459
63 449
210 202
343 391
148 325
101 209
419 291
388 141
441 459
310 102
217 257
467 421
9 459
96 364
248 7
163 140
121 343
12 65
255 50
183 178
127 449
186 365
4 41
424 143
384 149
2 79
261 327
321 66
468 413
40 318
411 120
387 251
219 121
240 319
248 194
314 439
356 399
455 312
116 64
105 368
299 185
127 451
128 68
113 25
189 449
99 284
330 173
69 360
206 74
437 83
132 227
185 51
365 7
18 117
252 217
62 350
381 334
309 36
35 418
182 310
463 265
50 95
286 392
52 223
364 51
25 114
347 195
245 351
301 254
411 162
274 11
326 357
378 165
162 374
154 256
256 139
388 178
372 445
76 369
242 386
227 336
186 214
196 196
358 101
336 253
457 155
172 170
337 256
139 37
471 320
283 340
370 423
112 44
100 239
460 146
146 78
402 152
326 443
302 275
116 431
21 141
109 257
31 441
223 154
3 173
239 416
227 371
270 378
130 389
321 132
226 274
28 241
99 132
197 419
16 39
255 242
276 247
357 479
453 147
375 151
339 344
250 116
187 447
120 27
368 151
1 323
250 262
408 170
125 28
351 60
282 240
437 403
468 319
89 418
118 146
472 253
275 5
165 150
273 101
304 72
193 286
36 71
161 149
381 385
457 49
189 75
351 464
465 449
83 358
195 168
305 454
179 284
249 356
262 316
244 391
415 441
114 281
91 20
124 317
436 395
370 278
157 73
216 48
353 176
301 17
196 379
269 317
359 307
90 50
94 71
191 14
441 170
13 255
365 440
352 189
357 272
233 402
445 109
389 144
402 1
241 269
237 26
19 184
440 184
92 174
116 111
278 468
431 89
430 247
188 112
258 106
103 337
117 28
169 221
149 361
186 354
204 144
403 246
258 378
91 37
332 25
47 179
451 372
275 469
318 190
417 75
34 109
263 78
392 72
345 342
182 298
110 333
22 18
168 270
163 116
154 199
390 184
470 219
54 53
10 455
256 354
365 241
230 62
127 211
363 59
29 80
374 126
69 427
219 238
210 458
9 413
194 164
193 345
469 121
94 335
239 25
185 187
475 394
331 138
317 284
279 429
453 264
44 280
53 463
212 242
99 280
422 387
394 52
151 166
194 243
19 452
403 283
281 419
355 26
389 317
353 474
465 373
210 156
265 424
366 396
23 416
30 144
257 209
195 329
259 142
392 47
418 384
62 191
163 95
349 34
465 402
50 335
142 275
419 267
164 468
227 180
161 336
64 386
87 208
172 185
142 413
349 453
425 189
110 408
404 455
241 104
281 478
157 336
147 37
190 135
318 58
24 433
30 161
259 7
57 397
234 232
221 322
426 392
11 160
2 442
30 439
138 265
52 333
292 423
382 390
178 160
229 431
176 233
107 17
73 250
362 235
63 41
263 302
134 345
448 118
44 310
27 317
148 431
234 300
430 257
28 86
257 115
114 362
219 439
412 422
329 39
190 56
65 12
43 372
108 166
284 80
25 353
117 328
21 287
172 45
456 8
115 346
310 301
132 240
193 4
457 445
136 64
246 417
178 167
232 140
90 85
194 13
255 298
83 385
411 95
209 356
232 196
212 314
447 29
63 400
298 6
44 406
76 65
188 313
184 177
404 6
149 354
127 233
455 279
357 286
354 168
324 123
119 480
82 159
32 19
83 21
160 99
408 355
306 184
451 6
370 17
187 477
121 50
445 388
8 228
382 222
210 420
159 169
372 416
13 12
325 200
409 325
109 70
475 473
225 302
416 277
269 47
74 246
367 333
243 193
98 461
434 151
232 441
216 262
241 234
379 310
252 172
277 333
138 82
84 73
326 272
332 247
65 373
361 238
304 255
377 96
224 356
120 448
167 93
407 348
387 28
411 281
271 452
253 472
36 104
400 21
286 236
122 248
178 346
250 337
213 214
41 302
328 131
213 7
23 41
287 321
280 38
259 130
428 245
101 332
100 153
239 454
421 144
416 9
385 246
262 146
34 227
174 40
430 401
333 68
430 390
456 226
96 226
30 390
236 186
238 465
199 129
457 338
171 406
168 448
222 388
49 397
109 466
2 412
94 110
5 240
93 392
257 225
188 240
265 167
128 291
212 263
78 271
277 339
429 37
347 426
299 427
110 458
110 214
356 466
205 160
23 452
98 331
354 59
405 335
64 166
471 111
156 37
20 112
111 477
169 127
75 101
309 280
317 410
23 4
87 368
294 182
140 30
20 450
378 138
20 121
138 102
204 207
178 165
192 240
310 163
86 250
379 192
256 232
345 288
401 353
366 335
75 269
347 65
240 362
36 283
209 466
407 419
11 455
192 288
114 162
274 8
288 146
35 171
292 367
212 417
335 75
367 338
397 33
38 52
439 401
332 257
209 325
337 459
329 364
232 477
17 246
262 466
11 123
347 156
130 6
297 194
207 107
338 23
96 388
268 24
200 278
467 77
370 15
479 173
356 227
220 48
30 395
115 157
180 415
159 120
126 161
332 85
435 344
85 308
371 171
377 79
201 129
393 21
227 271
385 450
9 459
167 37
146 253
329 134
348 1
28 415
467 10
74 401
153 200
289 114
117 51
328 164
324 313
450 439
87 339
329 164
25 330
54 132
164 361
144 474
176 263
93 84
102 259
391 276
309 277
25 210
133 255
201 226
381 358
9 293
62 465
14 110
281 258
365 127
461 345
270 441
126 188
181 472
283 104
468 372
153 320
417 72
229 308
376 122
414 156
272 299
211 430
342 321
387 369
317 362
349 471
124 450
179 148
171 423
209 210
116 31
175 193
58 161
234 327
357 414
403 7
190 411
404 427
293 97
305 1
302 160
459 92
389 42
209 410
45 26
259 425
75 299
286 358
90 183
468 186
179 26
54 183
421 255
16 55
220 405
298 203
465 317
91 290
464 187
371 42
257 332
341 460
319 300
30 68
298 49
332 355
285 272
344 108
411 14
227 89
66 80
463 334
36 245
360 246
11 260
160 268
113 164
267 437
219 174
16 460
136 345
308 31
425 95
128 109
257 471
383 56
382 256
478 368
106 17
333 169
120 182
424 413
308 89
187 111
254 411
210 144
17 447
430 395
217 220
446 316
315 260
61 461
235 312
298 302
343 369
479 255
252 100
374 380
408 356
251 113
239 134
5 328
232 125
364 129
231 47
424 284
308 293
280 205
120 1
382 223
15 126
413 389
400 461
5 390
198 252
196 117
183 196
257 442
349 438
23 381
380 143
91 271
12 109
360 350
285 21
264 391
187 65
472 26
338 191
352 364
114 324
153 145
171 435
158 198
350 333
349 258
443 358
441 190
55 345
202 330
323 306
181 421
323 318
139 213
353 297
416 442
412 208
265 343
240 112
476 265
439 458
120 79
290 185
329 22
227 421
325 424
3 165
235 158
87 140
432 31
85 39
125 361
93 428
191 50
412 453
421 369
246 67
428 353
247 309
323 243
15 129
87 111
476 260
139 41
463 24
122 143
271 209
159 288
171 140
58 230
59 194
120 40
142 138
369 180
264 380
82 172
47 339
415 180
221 78
230 90
307 185
361 432
52 177
387 198
213 337
354 25
319 214
227 431
80 150
202 25
429 435
152 302
94 111
87 426
395 395
455 44
282 259
182 460
229 75
232 404
417 244
470 188
331 228
479 301
299 414
292 319
467 345
452 401
195 410
405 471
124 447
478 308
410 254
330 153
21 310
441 274
319 401
310 208
6 219
332 386
413 47
304 349
357 426
382 430
196 222
153 200
308 432
233 46
423 300
325 323
169 120
464 179
450 107
230 471
96 352
54 55
303 53
422 434
115 388
458 156
45 473
260 144
156 60
317 418
347 242
201 78
4 398
443 387
385 426
305 120
44 197
278 429
210 68
243 253
206 298
405 14
395 119
167 259
420 336
122 273
297 334
99 440
35 140
49 128
428 158
86 376
329 248
452 468
144 14
436 367
365 355
268 42
52 220
187 403
411 255
259 60
228 214
336 30
27 206
372 352
298 57
131 340
263 280
3 80
428 85
381 211
357 323
142 12
108 142
143 273
102 181
106 115
124 370
456 93
57 373
100 47
256 235
14 312
57 240
69 196
298 448
113 35
237 334
357 430
202 449
51 257
463 132
342 8
293 366
449 89
123 184
274 365
65 316
413 235
397 38
342 376
400 248
126 269
116 419
318 183
56 41
295 249
387 441
65 72
26 341
378 98
137 432
466 243
460 279
185 358
53 225
84 191
357 379
126 250
263 384
296 268
318 224
208 270
456 146
186 344
431 426
391 89
413 129
221 88
47 418
285 71
137 137
103 285
213 467
182 325
394 358
470 178
16 44
149 133
102 416
301 265
187 72
100 243
275 451
422 466
459 158
408 318
325 378
155 29
352 334
103 312
277 27
83 58
6 139
238 320
100 53
164 134
290 466
390 324
49 241
292 388
359 363
72 280
134 245
371 344
456 230
65 117
174 166
240 104
6 5
242 374
192 119
77 210
377 210
367 378
453 289
57 448
219 329
371 197
189 99
241 468
464 383
159 83
449 374
61 299
451 322
376 379
193 399
353 167
409 244
119 411
326 271
64 322
19 222
258 292
90 259
209 390
396 219
364 375
95 470
142 363
418 341
54 58
475 449
175 391
108 451
475 176
398 368
417 224
128 383
371 192
301 470
477 117
291 132
131 245
116 335
225 102
216 66
384 7
264 203
103 140
310 304
97 340
412 350
264 403
58 300
401 276
41 210
334 313
386 236
347 79
297 359
203 434
16 212
202 258
319 8
10 374
228 133
222 288
126 113
68 432
71 216
391 114
450 243
185 369
50 458
100 448
142 396
331 270
453 302
33 204
308 312
94 348
27 346
432 409
411 291
1 169
437 9
330 294
333 209
217 107
154 461
284 422
138 424
217 140
341 281
473 69
129 307
74 43
114 143
375 382
203 75
461 378
321 172
192 403
243 117
88 291
110 213
130 348
109 395
352 147
463 406
1 24
457 469
378 54
289 48
171 405
16 3
128 95
438 215
129 7
192 224
77 95
181 283
476 243
143 259
146 10
180 217
378 250
87 189
417 18
389 273
179 243
215 281
229 91
467 88
152 463
46 84
455 420
171 466
284 92
453 263
309 56
347 457
409 190
399 350
251 276
386 242
21 149
413 40
48 454
228 293
185 89
319 444
477 381
326 99
203 8
452 215
211 468
11 421
401 322
364 156
92 372
188 383
420 376
387 166
297 478
167 277
297 85
392 42
68 16
7 333
151 297
357 476
344 249
250 150
392 207
416 58
388 254
128 368
179 177
239 415
214 123
455 352
321 276
433 283
333 125
283 432
53 292
111 312
206 471
27 268
117 377
87 275
244 347
88 14
199 115
3 244
264 289
95 319
294 13
117 138
409 289
459 84
434 237
466 108
449 310
30 405
338 145
455 449
429 194
112 247
241 431
351 460
291 184
360 401
378 362
187 234
273 398
186 117
377 58
341 10
286 2
62 175
465 198
27 437
169 111
321 136
99 383
39 224
442 212
237 273
298 72
118 262
263 313
388 414
399 254
56 301
27 426
134 312
277 246
40 217
453 95
431 143
392 212
313 214
196 432
388 6
137 276
381 405
217 348
232 195
214 321
447 422
57 435
342 12
154 117
113 414
16 17
334 245
398 14
380 129
255 396
324 3
467 260
344 438
192 361
368 444
47 410
386 304
404 41
245 310
472 312
327 338
406 275
10 123
185 177
223 218
286 344
68 127
257 357
204 161
111 204
374 287
83 135
86 234
476 441
129 187
154 381
109 362
432 201
168 463
411 432
162 71
80 6
242 141
21 323
398 43
385 85
25 10
242 159
6 280
211 471
69 101
125 326
218 473
353 246
198 160
306 92
370 239
52 262
136 161
301 419
445 58
119 367
215 384
33 73
267 193
280 190
405 451
343 351
84 83
303 451
182 181
288 271
141 24
49 68
341 349
161 20
141 140
146 216
118 246
187 99
205 177
198 138
287 450
165 213
428 215
409 14
444 200
437 348
138 417
286 262
333 74
252 15
105 139
442 92
325 31
50 217
191 113
280 290
470 327
471 130
261 244
50 263
353 286
281 324
332 447
315 355
171 333
395 136
359 346
433 401
120 272
385 427
94 216
62 436
185 471
359 283
464 92
273 422
9 172
158 337
391 366
290 73
108 262
19 209
165 39
1 144
122 411
339 157
56 424
343 438
94 422
197 385
111 258
362 338
369 385
353 1
247 422
45 464
331 55
212 285
430 320
3 338
353 260
235 329
149 174
472 160
180 23
370 135
267 200
246 297
144 27
50 307
133 151
227 455
279 112
369 58
239 120
160 123
167 251
328 457
160 292
216 452
468 233
44 384
129 424
133 272
182 225
322 211
133 290
329 19
217 275
433 254
335 142
323 300
292 201
304 218
293 65
353 388
29 401
157 124
90 81
79 251
147 380
157 258
368 139
140 61
424 431
236 184
193 470
78 8
353 260
434 392
419 319
19 87
92 12
89 245
29 60
268 164
410 193
402 103
56 420
17 458
368 473
296 253
403 177
311 266
332 235
341 300
390 140
70 91
75 280
461 42
462 123
147 392
240 268
139 48
473 452
417 227
439 298
307 301
457 360
85 1
122 318
146 155
50 70
7 249
58 176
387 422
212 215
346 129
140 248
255 230
291 394
58 17
426 24
332 212
383 462
385 259
261 180
290 407
294 462
301 311
157 246
14 182
289 186
43 474
330 35
474 302
357 277
65 35
192 410
227 475
72 291
143 480
192 22
362 459
469 135
329 189
468 415
387 468
159 27
111 212
84 473
369 82
319 360
154 414
334 162
120 120
256 81
42 219
66 375
190 101
201 453
29 358
283 452
384 433
430 192
115 6
416 9
140 267
139 138
53 165
459 4
440 296
242 90
204 211
356 147
430 356
346 210
454 198
82 213
98 462
457 386
216 321
121 178
460 142
318 152
258 58
27 73
114 13
290 384
91 405
478 307
243 111
383 412
410 276
408 73
393 64
136 154
325 330
87 182
434 389
387 79
170 55
282 259
369 231
192 430
94 333
219 35
206 6
252 64
472 43
61 378
343 383
356 123
415 68
187 122
190 478
94 111
89 366
96 394
72 222
331 55
388 419
206 400
113 369
341 244
147 102
94 196
370 279
413 192
333 447
217 191
473 314
176 94
414 61
78 204
429 295
162 177
178 304
151 65
108 382
198 281
179 359
430 176
457 240
49 161
365 211
459 310
218 137
310 52
379 428
114 237
190 472
290 320
359 99
14 416
139 185
251 422
237 325
288 349
440 288
361 277
441 447
441 320
179 362
103 23
297 448
41 9
158 336
104 281
275 213
30 61
146 293
147 438
319 269
417 259
112 443
303 155
330 86
399 357
208 466
53 71
468 28
216 258
62 193
53 75
32 361
283 237
410 357
20 413
233 72
265 415
53 6
312 366
420 78
17 229
225 66
417 330
118 369
246 359
251 76
394 29
11 469
264 94
377 271
250 101
279 200
2 212
93 432
219 353
309 131
266 61
162 67
391 5
366 191
323 462
299 140
296 47
211 125
204 245
343 271
152 411
423 442
406 145
90 255
48 472
246 435
467 172
197 322
56 478
222 106
210 333
83 465
263 343
212 333
202 91
244 64
179 201
109 193
454 405
323 65
80 228
1 60
235 262
98 3
4 302
309 65
238 70
457 317
195 219
412 241
377 4
66 329
256 265
444 322
129 167
91 204
74 96
446 338
122 291
243 348
461 413
368 260
476 332
233 332
436 410
322 460
159 8
280 152
231 21
16 376
212 382
152 260
379 453
6 315
310 278
12 40
236 155
213 439
383 417
460 135
305 64
401 174
470 209
289 350
255 33
112 290
65 308
293 177
355 193
129 272
335 152
263 476
122 240
297 55
313 309
235 390
408 301
6 204
437 293
358 175
278 455
356 313
349 338
286 201
223 81
43 214
58 442
166 110
165 218
402 258
109 459
134 312
173 39
1 439
235 164
104 436
19 275
272 124
371 237
402 116
398 339
214 89
84 115
355 214
439 58
424 257
257 147
81 371
389 71
315 132
10 201
221 461
239 281
327 469
335 249
423 387
363 464
343 232
132 111
395 341
295 459
113 180
242 130
82 83
250 199
90 458
314 227
246 433
428 466
336 384
146 385
75 9
291 235
141 176
263 254
125 244
58 251
206 163
96 298
129 449
263 420
34 74
288 261
35 144
431 454
423 85
288 191
437 358
199 151
311 86
291 467
245 197
239 98
158 116
38 8
92 16
393 83
410 401
273 370
284 170
198 49
77 173
247 7
360 315
5 31
63 479
350 165
283 147
281 109
286 358
57 396
375 388
395 281
138 204
48 340
37 251
193 359
144 119
442 261
242 413
472 209
35 114
432 37
130 417
328 150
248 79
430 435
26 16
211 165
256 477
64 468
356 384
441 361
366 132
23 55
197 427
156 207
162 52
52 2
29 255
359 196
378 365
193 311
233 91
286 72
372 192
255 381
92 147
413 101
116 117
256 318
17 451
311 375
434 194
172 388
371 328
471 27
61 270
58 304
410 381
196 364
175 15
165 3
147 191
206 188
21 397
126 158
211 140
158 140
152 42
315 25
125 202
84 276
191 69
108 479
287 311
279 367
316 446
386 91
156 71
82 284
141 404
154 60
303 211
233 245
319 315
89 152
183 477
303 432
327 264
297 433
262 442
446 175
23 232
368 36
54 87
222 182
187 303
291 323
442 398
353 348
1 377
297 13
162 443
296 171
26 114
67 461
23 19
453 426
411 341
173 464
409 304
290 235
261 310
409 449
392 59
258 240
65 388
392 374
168 452
212 161
249 428
324 45
180 204
450 219
330 477
434 264
449 26
260 319
255 76
203 240
395 387
32 477
141 208
69 155
129 79
477 91
7 324
193 344
252 111
77 291
456 480
461 57
208 178
418 25
313 215
199 474
7 383
432 80
62 164
474 338
470 103
243 330
391 420
410 422
353 20
136 356
200 131
311 277
98 349
283 326
235 43
362 19
408 335
165 183
160 111
147 245
235 89
261 364
454 431
219 363
333 448
16 170
10 302
210 315
369 347
31 165
189 89
147 12
176 456
30 394
471 44
34 326
382 118
163 333
415 372
277 428
27 110
105 260
456 295
281 56
425 336
215 349
219 215
374 375
336 251
18 193
54 248
126 111
291 256
215 332
159 181
261 360
11 303
425 306
328 152
226 47
142 244
349 268
387 405
433 304
469 433
125 175
155 287
288 360
194 61
266 111
56 460
410 194
298 112
210 368
423 339
465 51
8 334
65 306
355 363
171 133
224 222
55 20
459 351
433 253
124 246
246 278
226 112
249 6
163 63
354 220
110 82
99 120
367 24
99 467
462 150
139 220
102 400
322 155
202 101
77 373
295 84
274 380
13 382
176 164
168 37
5 147
151 83
24 424
109 194
58 310
34 70
390 39
394 33
274 409
187 3
470 232
273 311
72 129
207 144
164 259
38 451
243 14
123 253
216 417
464 343
100 45
9 381
238 33
39 363
46 3
181 477
326 403
363 285
127 304
323 379
272 226
79 56
178 370
442 292
95 358
380 77
146 34
83 53
188 366
337 278
273 223
247 463
341 470
320 107
19 11
210 401
348 38
28 428
446 237
176 70
476 104
370 85
395 32
37 474
282 462
407 275
369 136
152 39
385 91
258 280
442 436
145 285
73 128
425 266
372 298
177 364
95 316
452 362
467 310
370 31
37 230
43 254
411 29
387 433
338 205
120 478
219 269
475 99
249 30
70 436
341 262
354 266
135 278
307 160
21 199
82 153
121 244
328 412
164 420
101 283
91 66
106 204
83 218
225 256
47 62
343 8
195 376
31 279
215 397
351 270
164 277
23 222
101 296
285 273
329 433
164 167
384 293
167 175
248 293
151 478
72 199
27 231
176 206
396 211
227 352
250 32
466 331
25 88
75 202
30 147
170 383
295 297
421 202
116 98
248 433
416 43
274 392
461 160
147 5
113 225
246 347
402 286
65 255
196 103
127 214
57 135
126 363
272 45
278 216
291 279
247 478
209 180
25 433
450 380
31 405
34 443
315 48
397 322
10 51
79 208
324 324
303 139
246 440
315 475
212 17
438 22
31 3
56 362
387 232
138 395
226 414
442 41
391 266
239 128
96 372
388 161
277 62
330 196
91 314
163 109
306 49
421 172
460 112
63 155
106 186
49 266
290 393
377 38
219 411
72 407
326 269
357 434
321 245
351 463
213 72
42 454
134 271
145 431
274 174
376 477
161 397
330 199
149 46
105 336
393 34
101 434
248 212
430 251
2 106
428 271
92 146
331 179
191 242
3 379
32 208
203 400
67 49
239 266
204 356
231 304
386 166
321 167
366 88
10 56
466 231
267 126
78 431
83 78
35 61
435 340
343 336
192 424
353 461
127 70
130 283
306 302
219 241
276 445
260 92
302 188
4 206
259 346
80 427
49 193
254 11
413 294
176 445
146 215
22 72
428 387
90 324
354 170
445 128
405 323
318 291
139 397
122 429
208 274
404 2
167 439
264 132
272 251
142 405
122 324
269 24
311 26
3 324
244 254
48 58
246 321
474 8
26 200
19 275
202 115
93 302
399 75
141 261
161 116
40 273
9 128
133 210
255 89
98 80
13 406
162 140
122 472
254 463
254 40
244 227
315 401
271 6
219 127
230 305
169 415
323 24
261 65
148 34
280 405
88 471
156 379
454 430
368 14
177 411
182 422
266 20
265 221
480 206
411 461
126 342
131 12
118 149
268 222
203 367
364 17
330 370
413 283
3 333
299 273
30 319
55 218
408 420
340 59
146 323
231 26
269 150
401 474
269 231
128 37
428 93
360 166
250 262
364 249
120 288
221 163
143 359
287 193
67 198
345 363
413 171
183 110
405 158
323 228
296 299
479 323
287 202
121 44
253 54
178 234
42 306
392 221
456 64
394 286
208 452
127 213
321 269
100 220
249 390
262 57
360 180
147 57
13 458
445 290
378 72
422 315
71 468
249 93
270 299
470 96
409 453
29 207
193 403
219 160
214 91
285 78
6 338
151 228
330 113
209 297
467 379
244 213
86 194
240 194
4 49
318 420
79 427
426 340
444 88
386 122
372 250
276 99
137 416
254 217
265 105
239 35
29 357
384 358
230 48
252 466
447 284
23 272
460 256
459 324
423 286
113 57
134 299
130 298
395 237
99 236
18 478
119 415
261 118
424 469
451 435
276 302
219 141
245 143
153 244
478 344
133 343
324 291
140 332
112 13
197 304
429 178
23 297
103 212
3 416
301 421
328 130
227 141
255 376
105 252
307 472
395 317
246 420
99 137
30 129
258 67
360 65
468 132
64 351
37 147
96 99
129 145
301 415
472 16
173 251
72 334
81 426
37 411
29 326
208 216
191 308
100 138
332 382
335 30
408 241
342 354
207 391
277 199
166 474
455 87
386 395
480 147
416 160
467 361
150 332
143 397
172 318
140 373
210 271
311 43
395 447
229 421
411 268
426 157
236 139
123 21
287 230
442 360
83 386
290 76
232 229
52 225
101 294
200 334
58 395
107 321
365 20
53 28
446 401
371 354
2 154
257 311
114 247
38 123
148 346
377 186
86 291
70 6
15 398
261 413
106 469
165 344
107 264
363 117
305 235
81 176
343 61
98 173
199 346
59 1
478 288
71 105
42 28
198 470
218 460
151 377
259 9
347 363
17 364
49 315
70 119
467 328
151 459
319 342
205 392
277 303
222 200
174 372
399 287
294 417
333 221
76 47
444 452
15 336
4 169
26 75
82 183
1 5
391 303
256 141
336 454
93 3
386 415
211 432
85 459
354 72
292 5
386 439
44 212
252 363
80 86
474 134
434 410
403 183
195 441
149 476
152 251
248 106
112 331
468 412
134 248
96 147
327 257
68 147
355 13
269 348
160 435
321 456
61 347
128 401
387 367
139 15
226 136
391 163
309 320
220 133
335 333
281 241
49 131
150 329
308 93
393 291
340 46
150 78
244 402
315 2
263 413
165 424
275 450
46 190
184 334
182 47
313 207
267 350
289 365
72 337
66 448
106 256
435 311
428 274
218 244
173 18
252 19
328 459
296 42
426 207
439 415
281 327
271 477
245 13
57 186
83 412
181 427
437 80
444 5
242 443
164 106
17 162
261 336
9 155
126 242
162 7
434 456
406 401
6 180
110 251
151 99
315 13
371 466
30 41
239 266
197 454
440 156
103 110
238 242
382 90
174 88
299 323
4 426
227 381
359 65
6 373
63 247
479 258
170 465
92 99
214 32
105 297
427 309
322 51
110 430
17 186
288 50
133 21
205 169
330 472
122 58
216 250
106 129
214 359
8 355
240 394
328 23
250 113
165 53
138 416
92 368
189 382
216 22
119 121
224 275
417 28
353 117
54 352
286 60
95 91
149 298
418 476
452 72
234 295
299 206
382 232
57 416
54 460
261 199
214 458
266 31
216 26
87 241
192 197
338 323
342 239
18 70
40 412
109 359
203 169
438 48
65 28
32 333
367 110
356 298
1 473
74 221
307 53
271 428
465 95
353 337
470 10
126 22
33 389
233 21
243 93
307 446
187 479
401 294
320 264
452 1
433 28
216 178
289 297
288 244
262 157
479 283
291 47
131 304
421 249
237 322
418 294
30 409
454 341
388 28
102 208
133 333
34 478
99 90
301 347
163 243
132 36
422 186
262 447
70 360
105 413
92 77
441 410
393 437
378 407
43 295
360 263
218 178
35 230
156 88
279 41
134 18
57 148
60 263
457 196
33 308
321 139
182 293
7 81
130 180
409 90
159 203
79 344
337 282
321 89
345 146
395 313
120 233
139 328
115 410
202 51
340 375
470 276
436 177
210 49
82 464
423 178
298 330
371 119
388 96
164 7
219 466
89 33
66 248
244 271
27 282
420 340
125 408
238 345
195 34
376 239
312 255
387 393
300 410
372 423
433 458
36 81
409 361
349 257
125 313
414 338
330 382
240 413
414 451
294 152
455 427
183 211
16 205
210 245
364 67
259 305
108 3
187 56
440 311
373 88
80 51
383 366
145 112
142 202
162 399
339 303
312 82
103 58
61 372
315 428
6 329
15 190
26 224
203 429
361 332
99 258
175 103
466 130
260 25
127 480
325 180
391 10
87 354
201 91
32 237
294 108
238 416
368 254
294 353
168 208
357 320
403 179
190 349
354 386
91 47
252 402
49 391
404 59
475 363
42 396
354 267
430 37
231 39
73 20
172 320
2 84
73 175
356 372
210 435
214 82
164 265
314 37
313 102
82 148
165 216
54 71
333 241
79 431
121 197
320 15
427 357
411 102
254 165
62 44
68 139
374 43
30 465
359 472
81 17
103 61
261 45
324 116
259 450
329 123
195 343
153 19
373 431
472 194
167 401
273 58
83 461
228 308
302 267
280 350
364 135
268 283
366 215
142 298
342 34
171 150
465 328
460 303
393 132
424 364
8 39
268 94
347 426
413 314
449 330
353 224
275 58
36 308
291 80
112 188
226 410
291 204
376 123
399 254
47 17
321 271
202 158
442 309
211 115
148 477
34 398
143 8
15 404
204 299
281 424
303 22
204 316
335 348
267 427
371 30
147 80
85 156
220 345
81 423
9 387
390 312
348 69
396 238
56 355
291 385
291 234
166 196
455 402
450 405
154 332
255 145
108 201
282 23
400 467
364 309
15 128
168 255
42 222
125 467
160 281
241 339
299 324
245 45
192 450
124 127
258 192
384 85
169 326
83 115
116 286
325 104
363 149
118 328
470 424
409 296
444 442
160 54
54 208
262 290
324 348
126 302
420 174
361 102
478 313
263 469
222 236
251 257
419 239
452 76
58 391
70 86
46 477
304 477
430 421
306 284
479 266
369 248
205 247
425 159
159 112
174 385
349 65
113 143
116 282
73 461
353 55
260 428
136 70
220 296
10 34
407 413
158 365
38 124
209 350
453 453
85 389
157 369
297 22
72 428
329 151
271 438
392 240
120 391
352 376
465 381
6 395
405 105
34 389
238 159
439 95
119 32
351 470
21 454
5 435
412 477
364 254
125 156
33 210
383 135
457 413
153 445
11 128
205 293
276 248
253 278
328 295
248 250
359 452
309 467
115 2
163 407
459 334
394 269
206 232
168 271
170 130
276 130
330 390
17 358
433 479
65 48
319 419
153 7
418 371
372 281
309 92
42 20
65 261
327 374
399 477
375 464
5 369
264 280
248 124
250 455
133 288
211 360
123 100
390 326
240 94
445 58
313 437
282 79
80 421
151 228
338 52
470 477
88 439
452 166
398 269
471 62
384 281
2 162
278 112
300 461
267 234
459 10
416 238
292 473
137 162
62 258
145 371
86 25
50 394
100 380
347 221
460 278
211 285
133 16
241 326
173 292
142 19
73 271
274 186
381 42
232 460
294 373
466 111
224 396
181 262
473 314
315 164
158 384
222 247
421 329
418 81
164 151
165 267
478 443
318 85
470 306
54 185
209 284
94 12
467 77
21 434
423 126
275 92
296 75
218 192
52 257
280 477
391 345
67 180
226 300
240 214
41 250
51 238
195 476
304 120
193 432
424 26
391 106
355 318
54 368
333 163
72 184
243 28
196 14
12 179
173 19
461 137
351 4
198 335
393 124
29 157
457 126
141 64
9 79
66 365
411 446
260 74
21 423
339 31
381 259
195 26
119 423
373 128
245 398
306 161
132 132
319 361
28 227
320 458
98 98
418 403
260 69
363 141
316 28
242 201
371 268
154 382
223 305
364 19
441 199
350 284
47 6
71 357
459 313
357 117
189 125
194 188
480 69
171 301
471 204
82 459
105 105
293 439
475 258
330 137
370 227
468 267
16 479
341 277
319 475
96 462
283 14
379 291
87 26
131 41
454 432
114 153
443 87
399 80
205 305
463 222
47 188
107 413
120 24
180 175
175 346
269 124
67 215
477 360
156 283
276 332
45 33
344 404
56 239
138 431
133 203
479 107
51 344
360 182
195 278
374 325
303 130
166 335
141 379
305 470
209 405
56 436
75 123
314 465
279 234
314 216
25 292
387 169
282 406
215 372
86 247
268 236
146 39
315 292
186 417
304 56
195 56
379 139
151 115
289 419
456 231
194 352
287 333
413 440
86 400
20 208
33 435
330 320
10 143
425 208
303 88
31 300
146 172
249 474
27 230
3 231
296 149
248 64
291 127
346 192
192 312
407 62
211 44
451 32
133 371
346 211
161 262
44 21
12 57
184 398
166 92
308 184
138 82
428 31
101 282
187 149
121 337
184 156
98 289
105 446
162 256
10 372
332 276
276 146
91 266
246 115
208 156
208 376
440 2
284 321
109 378
138 441
23 213
132 423
405 250
347 105
30 283
401 72
476 300
80 61
409 320
165 473
38 69
323 312
464 313
209 106
148 479
421 136
102 161
202 223
216 332
278 340
232 278
222 54
23 249
144 105
262 440
104 14
321 284
340 149
351 29
178 468
309 297
421 199
411 59
126 292
8 379
134 385
190 253
75 253
436 188
39 46
293 408
316 64
18 294
357 183
426 161
292 25
188 40
20 452
271 248
361 439
440 185
92 353
148 446
297 2
116 54
39 142
467 226
169 37
257 76
275 65
263 30
352 296
178 138
464 480
191 133
335 34
140 315
172 474
281 466
228 280
171 243
248 201
409 43
366 183
362 15
154 225
83 215
101 272
65 338
457 414
241 257
212 269
150 149
462 30
292 184
109 460
20 209
382 468
228 261
381 341
189 304
157 306
392 4
433 149
379 379
187 456
327 37
181 237
160 467
362 154
475 415
252 151
47 412
408 61
69 405
365 320
315 456
189 283
390 239
219 108
96 302
210 378
408 454
245 352
459 211
97 33
317 465
180 298
261 371
478 436
213 115
128 375
364 307
367 91
194 352
412 27
204 424
312 207
360 41
386 214
113 291
284 451
457 320
61 66
17 51
292 315
149 53
406 418
