500
12500
219 94
110 393
37 368
243 316
198 165
339 127
396 225
368 350
204 378
101 124
324 97
159 63
176 196
377 114
28 104
269 489
479 125
411 292
174 250
370 456
123 234
88 447
305 479
189 193
5 295
133 467
449 240
165 391
338 439
364 485
310 395
136 6
42 154
36 68
229 493
42 270
89 272
214 178
54 137
287 31
372 460
476 70
179 452
99 46
474 94
166 480
393 152
410 434
165 129
499 343
393 315
144 80
419 231
258 160
143 294
227 81
73 4
185 183
83 212
409 500
355 447
361 65
295 196
485 108
87 200
338 193
132 270
393 423
386 175
350 219
180 43
372 291
224 149
123 419
264 473
172 280
109 147
109 492
253 327
102 270
190 491
246 221
58 176
268 256
173 428
120 93
270 429
471 57
432 11
181 98
483 135
74 208
282 165
431 57
129 370
363 274
412 432
221 345
104 120
385 464
233 190
20 282
31 188
30 323
363 477
461 280
271 139
109 347
455 428
29 91
297 421
250 470
168 397
475 165
448 270
268 107
102 178
134 461
7 109
104 284
338 457
9 355
270 176
167 310
251 405
43 479
326 362
96 262
338 380
427 130
283 474
97 288
255 351
237 254
231 487
479 240
489 284
288 199
277 130
478 223
297 28
465 261
165 396
229 484
91 489
248 486
168 255
283 77
78 99
72 333
161 76
347 415
218 129
287 264
271 232
404 496
186 240
264 6
165 413
169 480
72 422
128 71
138 320
225 230
415 58
441 336
165 354
337 5
149 444
453 190
475 288
194 414
386 430
164 298
384 46
290 418
150 304
173 447
490 204
406 460
70 299
248 379
241 331
59 14
121 452
102 122
251 302
25 373
320 499
254 17
484 337
448 442
307 192
131 233
4 235
167 85
17 399
123 439
372 35
324 363
36 380
157 467
86 89
252 330
134 161
481 93
154 151
288 232
240 37
381 357
372 405
21 236
375 488
89 122
391 405
259 394
375 313
298 136
7 97
203 470
102 337
256 305
31 382
264 54
412 478
250 4
364 408
30 317
384 205
389 461
268 270
469 77
155 228
273 346
98 96
78 391
150 426
32 190
163 248
468 142
85 62
238 382
204 26
367 23
478 475
249 107
214 483
330 76
415 69
10 221
265 288
408 259
245 143
30 73
398 163
18 43
288 34
302 1
473 207
350 414
250 499
283 420
294 240
155 256
384 95
62 307
224 451
197 255
264 55
154 406
24 323
462 126
345 78
92 12
488 318
70 283
379 485
417 28
257 173
394 122
107 276
44 479
147 96
366 187
257 488
239 317
140 436
395 171
486 80
452 236
373 85
213 126
170 127
343 435
76 121
8 365
189 73
100 404
79 160
458 226
364 420
326 339
157 181
408 193
315 427
337 61
232 16
188 74
241 272
353 347
314 188
420 168
321 431
6 18
38 192
418 5
133 11
103 176
385 391
266 78
53 400
119 387
324 470
70 257
78 159
384 209
423 71
385 29
484 310
368 243
169 212
389 261
266 406
417 407
3 266
283 377
376 429
385 69
379 100
399 158
311 264
369 301
8 185
363 333
433 235
87 124
482 213
91 154
442 169
335 418
420 441
88 67
247 263
114 392
398 431
217 108
44 378
476 143
280 149
32 361
275 458
82 289
441 281
358 223
293 366
431 286
285 487
455 335
234 149
413 99
265 296
451 8
293 470
396 468
167 454
434 414
455 299
260 93
245 30
110 252
57 487
476 241
210 86
406 74
463 279
51 131
327 472
455 284
281 178
117 332
59 478
130 287
198 200
221 127
147 239
329 69
425 47
436 230
3 338
267 491
346 221
112 347
275 73
234 263
390 226
383 157
292 329
18 190
194 130
35 483
166 56
2 473
161 305
55 217
363 339
228 455
279 343
451 200
405 87
318 450
53 229
30 298
377 434
367 74
449 447
268 450
124 215
188 108
73 237
483 192
372 367
488 201
294 25
176 46
460 397
314 309
39 125
195 302
457 277
441 130
209 301
188 445
274 283
496 233
35 193
283 143
45 136
129 11
20 492
466 214
152 30
214 467
154 420
328 400
310 1
340 247
371 100
251 265
487 44
279 464
462 334
151 99
426 414
78 400
266 97
292 400
126 403
245 95
455 407
430 278
181 332
203 100
249 36
408 3
103 165
325 92
360 322
194 410
428 255
426 333
207 393
272 200
69 135
237 211
223 84
82 12
201 387
144 32
500 128
500 490
389 122
284 113
445 259
315 260
45 55
124 397
199 216
61 465
484 140
206 490
129 2
500 155
265 296
289 393
79 320
67 349
434 385
70 241
161 446
401 93
175 231
229 58
239 495
421 174
20 71
250 300
379 300
147 499
317 205
394 125
416 70
342 108
499 425
486 368
209 123
9 22
421 90
119 49
339 405
223 449
412 425
20 267
106 26
49 37
322 436
382 195
179 315
441 204
486 337
210 199
447 284
199 78
414 354
165 108
395 176
272 24
271 159
41 362
107 397
194 95
325 278
153 50
267 56
330 396
326 182
94 147
60 220
477 478
95 425
80 478
29 383
228 413
208 307
13 162
162 473
298 322
336 106
395 388
472 459
349 279
179 94
468 258
119 66
463 379
85 261
383 445
149 214
470 10
272 79
9 105
395 393
58 459
463 296
176 255
413 15
159 96
167 192
149 297
322 359
201 206
396 369
284 378
187 172
21 468
142 66
190 344
267 349
116 42
394 277
262 6
157 360
335 302
42 151
413 47
377 195
436 416
132 54
51 174
186 495
202 383
448 147
20 22
91 316
7 148
149 278
419 244
336 170
413 379
90 427
151 315
155 156
313 312
116 232
155 1
411 269
168 212
215 119
320 150
105 200
224 280
476 383
58 4
214 113
498 308
266 202
305 451
242 303
121 146
306 89
428 369
497 113
438 43
237 336
283 3
110 455
490 438
468 5
61 301
406 406
387 26
211 28
109 66
71 333
473 481
313 360
388 30
343 286
18 307
315 63
114 452
241 130
142 318
303 303
389 429
426 27
171 315
293 291
324 172
56 348
279 266
314 225
26 65
211 240
113 20
282 229
406 111
176 237
493 253
186 471
128 199
221 88
338 426
218 276
327 14
195 348
222 234
438 196
231 169
218 307
64 133
141 197
200 183
160 393
411 364
42 463
220 453
41 405
146 317
378 233
325 113
362 444
8 329
288 59
331 21
26 376
412 28
478 340
214 443
453 245
346 279
2 146
205 392
389 317
497 282
416 196
75 98
42 452
324 415
450 309
328 167
394 156
348 32
423 372
426 230
27 19
37 311
247 74
437 336
261 327
447 171
336 8
295 327
155 490
309 385
241 301
241 62
170 240
406 221
56 176
89 122
405 16
385 402
403 219
130 75
86 310
457 413
385 89
364 170
6 299
415 452
494 248
351 101
433 138
382 338
468 365
370 472
259 392
154 373
149 154
391 293
147 86
354 202
435 279
414 152
299 2
312 63
268 479
133 447
42 458
474 461
68 122
11 414
205 172
314 498
102 460
264 117
231 371
61 381
377 191
454 152
186 431
36 163
144 365
320 245
3 434
196 235
182 213
108 354
10 414
174 154
5 145
12 338
299 262
146 19
463 89
59 277
279 272
43 494
362 393
18 366
450 423
99 489
471 151
447 400
453 88
190 444
462 24
221 290
170 291
365 370
334 472
172 101
318 352
306 31
69 231
35 297
386 137
324 81
106 221
317 226
478 277
150 40
281 431
76 365
115 111
475 471
389 324
253 169
4 250
116 215
112 476
452 313
19 15
387 385
450 334
424 325
74 53
254 172
247 231
228 98
75 439
52 396
145 219
403 225
388 98
486 479
105 410
35 295
391 238
362 468
155 201
420 43
268 160
266 301
232 272
262 403
227 225
478 476
474 428
394 215
392 14
356 453
123 340
214 394
272 91
222 391
268 157
309 41
125 420
46 297
420 430
85 118
399 224
364 46
412 194
137 73
408 39
272 172
353 343
50 413
499 217
131 142
401 276
255 212
425 357
363 22
466 77
78 41
106 451
356 490
81 65
279 134
388 154
482 279
459 381
218 327
303 350
427 257
415 320
392 88
456 373
333 377
334 44
333 433
443 164
388 271
342 383
197 431
317 285
294 127
128 348
50 201
173 311
373 352
1 33
429 258
318 293
33 97
318 275
479 241
337 408
227 199
105 109
106 79
145 348
5 202
203 130
262 455
248 391
337 460
197 173
138 198
340 270
454 476
343 243
185 142
238 243
492 52
206 144
77 457
395 412
380 107
373 500
319 500
29 413
207 171
391 200
71 411
286 364
417 173
202 152
9 203
489 431
422 368
24 120
327 10
283 338
104 11
432 80
419 215
248 244
424 65
322 341
93 159
209 366
186 264
233 195
197 8
187 207
358 241
396 83
449 255
366 408
90 83
185 354
379 153
282 179
352 163
215 387
108 136
351 85
147 307
216 328
369 85
40 18
124 315
250 435
61 393
242 426
24 421
152 472
349 114
387 70
292 493
294 118
276 109
483 150
421 479
165 199
243 146
357 48
241 344
203 436
9 141
347 427
312 104
414 106
23 8
322 86
242 162
198 224
210 18
413 152
183 133
212 295
309 271
148 77
20 242
147 180
215 339
457 325
477 77
158 420
450 25
342 155
182 329
419 282
199 238
276 399
255 73
176 400
333 411
131 315
246 426
184 269
448 208
72 224
1 136
459 362
375 204
161 300
226 117
132 468
367 21
208 490
500 483
205 477
354 469
143 193
85 130
344 299
217 135
423 437
358 181
288 452
473 231
220 365
354 119
309 43
263 17
3 473
177 221
29 316
437 433
227 321
485 54
345 372
97 375
235 326
285 418
452 355
415 224
312 193
431 154
478 265
131 376
315 459
268 495
420 324
30 422
356 339
180 335
161 373
159 139
200 57
67 182
183 33
37 389
204 480
313 192
201 231
450 208
38 154
55 263
105 281
279 3
178 326
46 102
250 424
392 207
457 410
498 38
365 171
132 361
244 234
486 224
115 202
335 195
130 116
325 297
402 132
397 478
67 358
288 62
21 179
178 77
143 467
116 250
245 198
103 265
155 294
197 262
24 429
462 85
171 346
122 236
364 252
283 442
370 486
163 402
405 155
13 157
38 98
440 211
303 457
497 407
170 156
145 230
358 30
397 131
263 297
277 93
153 194
366 41
37 313
14 474
287 188
206 340
279 199
243 128
241 39
280 280
430 424
121 280
281 170
69 305
268 480
420 91
293 81
188 52
327 253
271 19
251 299
339 315
7 370
458 339
349 312
190 322
320 278
174 479
81 29
57 203
445 180
458 17
435 68
44 484
53 484
250 25
162 491
498 490
383 189
348 66
114 51
282 272
159 195
205 318
69 225
398 288
265 202
454 420
463 127
168 249
370 387
439 170
334 404
9 427
252 346
500 3
479 46
366 363
116 368
64 313
450 23
456 467
448 9
462 42
56 328
237 9
265 434
477 457
371 35
168 312
391 178
255 198
41 259
255 485
377 392
200 255
43 84
103 66
300 174
247 201
456 422
277 180
318 408
13 117
117 99
91 67
190 134
489 256
100 487
63 133
355 44
384 53
194 48
201 12
40 62
106 42
361 193
218 198
451 215
161 381
243 383
201 242
113 228
242 4
389 328
166 394
73 492
365 435
297 380
254 437
400 295
252 138
436 397
417 307
70 193
416 390
2 150
139 216
136 174
416 414
381 95
390 268
193 497
122 321
465 149
359 224
455 249
325 279
200 100
205 53
475 311
277 272
345 361
175 123
314 365
112 378
485 369
313 184
379 252
90 218
286 40
223 146
122 135
153 222
247 92
389 372
214 422
336 229
380 424
394 74
323 408
298 268
349 411
486 392
221 26
240 119
412 468
317 381
391 494
459 445
458 238
296 443
161 114
118 59
118 380
153 469
397 106
374 307
54 491
432 121
306 177
310 349
117 250
163 146
183 390
45 1
397 39
48 326
193 1
34 111
26 497
466 246
180 215
339 33
225 147
303 479
187 40
469 215
128 229
234 114
241 247
25 41
388 256
160 122
229 168
102 339
223 66
486 300
412 283
383 460
383 163
355 446
85 236
170 343
162 245
83 21
248 223
34 94
245 246
435 192
21 293
38 486
458 413
244 160
445 64
122 266
153 136
118 3
181 479
69 252
6 50
129 438
222 277
224 456
219 492
500 265
48 28
143 380
178 191
410 276
138 489
414 24
116 362
262 49
115 254
229 253
385 213
456 369
165 416
458 340
270 269
288 428
164 115
152 230
164 260
125 333
467 422
285 497
377 470
150 210
486 96
110 83
308 362
94 435
494 272
148 403
347 48
493 461
62 191
366 478
360 312
498 33
73 265
39 486
50 222
167 482
200 274
494 357
153 61
68 296
281 101
480 356
168 315
354 170
5 441
167 329
81 443
23 168
205 18
294 226
257 158
474 497
57 36
350 374
21 75
201 329
424 258
264 97
215 445
121 367
313 194
406 276
441 225
102 21
467 141
332 227
140 62
256 494
295 405
394 399
73 128
387 482
457 176
128 397
336 320
230 442
25 84
99 499
379 45
216 214
93 407
490 240
357 335
67 358
87 246
87 141
487 370
184 10
120 188
281 461
462 399
444 328
127 205
464 36
23 276
401 421
178 306
113 332
300 467
18 441
37 79
211 473
107 157
106 296
430 322
128 73
246 474
191 256
133 34
215 307
223 451
265 87
29 437
267 369
90 46
52 354
1 482
431 265
469 267
50 326
298 291
356 275
281 450
232 246
310 413
135 347
98 327
371 273
1 148
56 93
171 334
317 158
319 471
480 426
429 80
447 415
109 328
177 88
468 178
478 39
371 258
217 66
51 64
95 116
349 317
473 67
102 354
55 449
58 183
122 175
323 19
345 180
295 492
179 209
180 394
390 182
465 4
37 109
435 201
297 235
245 398
492 318
402 75
346 344
265 467
456 361
89 19
48 333
432 496
368 457
345 490
51 297
309 168
123 222
247 9
58 416
419 69
40 464
389 237
306 311
137 315
323 44
343 367
334 269
315 53
20 279
407 4
461 163
63 119
148 271
169 139
497 297
191 56
329 497
335 263
177 108
12 120
343 407
246 324
142 222
92 168
81 399
117 355
381 109
362 78
61 219
206 28
2 350
115 483
404 443
247 432
391 98
498 384
229 81
55 385
23 76
191 382
315 433
458 286
16 22
100 447
272 223
444 104
109 370
431 35
93 272
318 306
143 481
464 141
333 189
57 369
275 70
436 352
395 490
493 203
171 359
500 452
107 146
122 306
328 490
430 192
119 19
432 367
47 482
203 362
150 37
483 487
351 296
406 277
424 4
269 354
311 94
421 211
77 93
377 436
429 66
218 186
234 132
44 450
195 100
384 166
142 247
294 431
94 458
500 256
409 397
209 223
91 9
172 339
339 176
158 241
1 423
229 105
72 82
43 296
223 357
257 370
397 267
372 224
305 167
225 324
123 110
257 213
196 402
130 121
421 305
89 274
203 259
53 53
73 183
214 377
294 389
136 3
438 277
143 282
339 408
285 364
496 418
248 160
65 202
199 355
371 202
304 142
209 407
237 360
424 316
417 416
224 100
322 355
287 234
152 134
90 443
221 242
330 461
64 258
490 157
313 200
420 427
219 455
193 110
79 237
131 394
271 151
226 51
214 383
291 392
344 447
258 487
219 308
350 330
420 404
369 421
466 208
217 457
319 406
379 230
102 13
488 359
87 307
144 70
472 384
304 98
247 229
321 266
182 398
320 193
361 385
203 185
461 140
50 240
472 245
359 194
291 69
359 452
273 31
356 408
399 42
73 242
461 53
37 53
237 228
311 316
144 319
395 54
232 283
38 119
369 160
229 362
303 376
395 170
60 98
189 175
335 245
40 96
406 124
455 407
183 62
74 48
115 378
360 375
406 130
211 286
487 268
144 170
378 360
346 471
15 205
489 121
314 191
307 246
318 261
482 411
335 193
117 162
295 29
117 10
97 486
430 79
203 444
60 369
176 442
273 434
256 344
326 423
345 359
171 372
133 271
53 74
376 131
271 69
1 179
332 125
9 127
194 73
233 414
361 461
104 392
480 138
81 470
8 432
246 374
74 58
280 357
43 283
44 208
254 147
312 17
2 482
236 275
63 80
288 199
273 184
120 39
242 265
284 370
156 41
295 266
292 401
490 21
351 76
100 184
175 385
374 429
94 432
358 93
364 404
77 394
498 374
189 51
342 405
140 176
405 181
425 292
39 103
252 282
367 435
239 177
9 222
477 382
371 221
219 338
308 271
438 90
470 178
100 210
23 491
357 235
77 9
105 129
432 160
200 160
124 99
243 27
167 94
290 477
148 52
106 203
234 246
96 284
18 19
332 387
209 2
341 47
468 413
12 314
225 248
181 42
498 443
192 282
246 431
336 66
152 346
438 474
258 366
71 251
267 61
371 179
167 395
35 164
469 249
446 242
256 286
341 302
487 49
128 40
374 47
142 171
160 10
86 5
240 292
73 406
472 322
243 27
279 266
164 259
337 32
348 4
475 54
316 72
97 374
111 208
222 199
424 204
328 13
68 32
398 356
24 268
463 116
263 267
124 44
241 258
475 100
467 57
82 434
203 124
444 309
235 424
453 90
481 367
12 179
317 406
113 200
378 238
146 336
108 123
457 181
102 329
92 243
248 106
28 224
278 95
239 64
143 370
456 106
55 465
369 357
114 331
406 171
72 210
276 279
305 373
401 20
296 87
120 239
494 307
450 230
419 229
213 404
192 109
137 482
453 378
429 214
98 419
215 273
96 356
107 131
496 161
485 52
248 209
271 386
137 434
50 229
187 379
312 454
210 40
237 256
99 300
464 237
434 358
77 374
452 350
161 65
341 369
63 178
244 263
488 210
362 32
23 384
227 13
477 441
183 17
85 85
41 267
478 484
133 60
466 200
81 306
366 339
63 176
240 210
236 223
375 338
255 481
199 66
195 268
258 52
119 385
475 230
64 40
239 135
39 410
39 473
489 300
327 202
471 91
239 455
304 284
19 323
253 447
443 468
219 423
468 145
56 274
112 406
65 134
409 399
217 271
10 7
14 373
228 57
177 191
488 12
360 408
192 98
291 411
277 298
268 463
425 316
252 98
466 171
292 312
337 11
388 171
492 265
472 367
224 33
122 254
57 339
283 27
30 44
351 382
138 485
75 425
53 422
15 401
182 36
290 475
483 13
195 249
212 350
392 190
464 115
59 253
373 306
301 133
149 186
414 5
481 212
150 9
406 399
14 458
361 181
484 484
195 172
395 392
406 173
169 342
300 425
303 198
371 86
106 193
108 292
457 263
149 424
427 172
426 421
102 90
342 363
99 32
304 9
200 67
431 456
352 425
123 152
223 279
181 429
380 113
148 8
141 412
151 382
40 292
143 438
114 320
80 112
268 140
80 448
173 77
395 41
421 131
371 451
133 1
375 445
430 39
173 343
168 433
454 160
323 359
302 232
388 63
172 224
250 196
195 34
265 277
163 234
500 67
292 41
14 230
450 33
305 250
469 118
170 308
308 51
250 127
67 293
146 417
347 92
13 347
206 461
358 218
376 96
308 249
187 96
194 107
398 403
182 472
359 340
470 119
344 255
67 69
56 42
412 495
452 222
256 211
51 141
55 333
127 469
278 92
465 406
333 114
273 224
305 109
242 152
157 218
291 299
76 324
433 226
200 185
489 399
460 481
107 112
112 405
118 219
81 42
269 166
264 302
123 406
365 55
356 180
357 115
234 223
124 451
92 484
434 174
68 143
288 404
154 267
31 392
305 331
415 247
175 90
187 446
318 121
240 43
254 345
144 254
144 457
206 259
287 308
132 407
360 271
457 459
314 365
465 468
195 312
113 293
402 261
46 45
482 231
355 491
357 45
241 156
481 63
481 430
222 482
364 220
30 297
124 272
239 370
263 22
308 401
340 428
149 413
385 409
368 262
494 129
352 109
269 145
129 469
321 233
395 219
288 191
315 40
270 40
337 198
192 237
282 173
53 13
197 88
493 297
468 412
197 123
150 56
498 422
123 384
450 232
93 235
320 188
500 495
337 328
343 117
487 160
464 110
93 95
331 169
127 268
232 269
472 252
196 220
14 332
223 101
196 439
186 398
147 164
178 299
455 481
179 79
346 218
225 389
80 65
280 435
49 352
162 321
163 324
339 137
315 115
487 156
85 88
412 117
327 154
28 353
138 67
438 405
419 276
149 61
179 60
452 115
258 306
284 57
430 227
71 32
483 314
290 316
122 289
204 216
17 491
220 122
493 119
275 204
279 394
4 104
401 445
97 1
82 489
302 207
315 110
355 105
97 51
383 156
428 140
291 362
198 262
225 247
104 484
348 124
359 195
144 387
57 455
217 125
26 360
42 443
17 140
209 10
196 278
234 69
65 418
427 23
348 293
92 438
214 21
333 489
273 231
264 310
355 461
127 170
52 22
210 70
406 351
9 267
410 40
394 94
361 151
137 128
113 65
49 194
230 395
336 129
145 191
385 159
378 294
132 37
487 401
236 449
444 327
407 237
88 480
218 142
472 231
149 405
23 307
352 422
108 405
315 464
62 325
14 102
491 465
268 159
150 413
206 298
457 89
312 62
320 380
5 425
1 364
154 462
318 221
149 87
107 112
43 85
158 483
147 301
6 181
342 415
299 378
438 8
4 143
478 79
436 196
119 284
9 141
468 427
284 105
240 333
86 105
464 192
295 497
255 322
465 62
32 34
95 115
68 213
16 268
203 494
418 193
407 417
76 431
247 182
78 240
29 444
199 359
320 236
207 2
361 4
427 497
64 411
176 2
142 303
30 272
485 351
77 391
112 57
380 456
79 107
223 165
204 23
31 376
323 181
131 494
445 415
260 137
238 303
191 286
480 257
228 444
442 492
306 295
474 380
353 87
398 444
268 354
171 336
223 193
306 242
227 119
180 116
302 96
326 170
252 325
33 441
415 59
303 342
178 248
427 121
479 352
238 111
343 388
92 359
263 185
312 476
14 53
189 445
435 43
261 164
222 133
227 412
423 233
281 355
298 190
351 7
270 490
101 65
144 212
484 429
230 144
56 87
169 70
90 272
339 169
86 157
127 73
460 338
306 395
269 119
403 480
34 488
456 254
131 36
148 386
119 471
68 464
172 129
445 211
273 305
166 209
115 10
30 387
41 246
339 241
268 20
130 482
20 270
81 284
441 74
331 280
12 4
495 234
236 135
438 431
346 193
412 438
430 268
433 245
79 411
431 451
27 486
326 483
326 42
65 246
495 461
361 300
108 116
437 94
245 469
172 34
375 283
45 439
138 471
3 322
265 280
333 54
138 359
72 256
434 53
69 434
340 327
124 26
123 130
236 296
73 183
199 97
460 3
208 197
27 256
160 244
188 15
103 409
232 472
25 474
489 353
84 401
377 406
188 205
227 498
311 371
406 15
248 471
318 440
205 307
204 91
328 134
140 481
58 401
68 67
185 388
258 82
292 480
218 154
204 23
182 146
103 81
40 225
159 356
381 378
122 497
370 405
82 447
206 32
214 495
262 203
433 254
322 168
209 207
231 42
123 139
162 448
35 25
243 334
486 21
349 129
319 171
377 234
240 479
299 29
97 56
307 388
374 470
367 177
48 296
142 397
100 309
417 102
407 207
335 432
186 290
65 218
116 343
148 279
173 250
142 306
198 238
76 463
17 124
3 285
113 232
334 181
296 200
25 142
3 268
302 192
269 303
27 214
42 269
316 431
244 344
315 17
431 120
439 446
269 233
241 67
53 208
220 196
18 479
271 238
157 78
91 75
41 219
108 159
210 280
442 225
486 426
237 235
145 409
82 15
438 346
55 4
299 211
394 297
184 141
280 375
473 110
282 452
183 164
59 355
372 499
139 196
23 377
15 317
350 416
452 172
239 124
385 455
50 15
413 165
126 137
90 228
391 183
273 419
28 127
406 236
428 358
275 461
313 143
464 35
277 400
372 99
114 336
276 200
274 281
106 196
450 201
411 485
431 419
276 487
364 171
259 379
25 226
339 271
326 58
93 372
60 471
111 75
448 145
318 164
277 174
335 161
280 83
159 475
490 314
176 387
31 382
373 238
19 79
227 245
415 65
409 12
481 156
440 250
442 347
375 365
50 289
327 294
272 490
297 41
199 342
162 203
484 127
84 332
437 361
355 282
499 423
140 99
468 325
210 489
107 383
153 239
330 230
366 148
258 36
341 24
339 51
243 225
282 282
374 58
12 129
403 442
178 246
318 457
439 97
433 252
128 460
449 53
164 288
44 483
308 20
85 39
10 273
179 444
362 407
27 193
275 430
349 49
168 414
138 238
333 429
374 368
198 76
287 287
1 40
143 67
302 158
54 183
6 297
233 218
144 253
216 215
132 224
402 2
477 295
322 366
264 334
424 223
253 288
345 251
428 436
157 78
436 413
216 283
373 217
189 500
145 412
495 75
264 480
310 337
281 435
254 211
258 39
87 268
279 18
448 133
178 254
336 402
197 199
200 63
255 419
266 245
140 10
325 54
177 136
190 135
422 40
35 206
270 376
289 21
368 39
128 400
72 254
327 70
125 309
485 231
92 51
82 435
79 305
176 409
219 298
403 100
94 7
428 410
67 95
41 412
419 355
7 357
187 364
333 169
191 2
396 248
286 382
66 482
35 433
23 465
202 391
181 239
279 72
107 31
271 91
218 359
118 308
249 472
110 462
185 327
271 395
145 127
466 312
172 459
389 421
267 436
320 336
307 356
331 198
82 374
149 108
54 311
265 155
446 47
268 106
394 26
207 318
239 473
259 99
499 22
261 349
181 335
288 228
24 12
388 202
1 267
39 178
270 31
353 187
43 46
490 124
45 87
242 8
7 199
132 214
491 78
37 300
326 486
475 43
292 488
269 94
338 214
385 101
466 333
345 212
358 456
283 476
434 458
152 178
254 360
45 410
292 131
49 286
270 254
451 362
13 234
104 81
181 407
293 205
318 398
451 297
420 315
239 242
44 350
373 273
308 58
379 177
413 150
40 329
152 25
435 246
145 457
78 284
125 330
242 84
196 341
36 220
23 379
396 315
118 464
428 391
172 189
267 27
473 162
1 382
320 358
239 163
183 234
198 301
423 223
245 470
477 417
198 56
58 246
55 293
469 285
56 364
275 163
241 189
244 18
23 219
268 31
1 356
378 475
359 65
403 18
163 57
232 500
262 261
293 165
236 83
352 449
464 218
385 373
443 67
349 350
422 371
324 314
338 341
456 492
214 143
86 36
113 47
2 370
211 467
343 166
138 403
309 105
96 94
455 175
55 160
437 96
184 359
261 447
339 334
342 472
139 172
175 279
355 197
70 60
294 181
340 353
486 176
298 462
18 148
447 1
422 325
34 93
497 415
464 446
235 64
136 102
453 424
92 298
369 174
495 322
138 315
149 330
487 333
100 90
35 183
124 265
158 101
453 55
330 178
237 457
146 448
141 418
226 219
438 185
331 50
487 403
195 127
253 92
176 467
287 417
168 85
188 84
466 278
275 15
29 398
143 371
292 250
408 435
216 358
474 384
275 341
348 97
306 11
9 482
448 437
95 254
235 63
394 51
83 6
422 365
78 20
34 128
216 136
461 49
89 338
144 88
437 375
249 409
465 216
119 459
102 249
233 236
194 349
51 42
305 270
109 256
483 267
222 147
181 189
215 245
10 118
4 137
161 439
62 474
100 38
25 1
77 107
112 444
257 209
487 215
443 281
94 17
44 321
209 53
148 429
396 194
63 428
361 19
238 34
333 441
75 435
476 99
191 76
296 244
206 465
227 262
284 304
231 474
486 106
378 23
187 382
435 145
378 119
47 292
2 135
440 499
93 273
67 160
404 479
417 224
323 122
455 174
88 2
16 185
169 261
9 253
325 480
192 466
256 222
5 147
165 67
309 309
94 365
475 172
90 71
210 493
55 430
6 133
182 292
327 10
277 438
390 7
122 459
86 139
140 216
367 48
410 90
241 375
362 240
24 296
116 295
113 402
246 145
178 59
76 211
342 441
62 464
370 148
224 115
120 2
193 300
108 185
239 40
230 131
71 75
478 48
147 332
112 420
344 494
335 267
117 337
189 244
174 399
2 79
437 145
323 372
260 75
40 251
233 85
139 439
141 380
150 156
32 174
359 55
311 274
245 65
277 380
412 75
246 395
471 263
261 421
135 207
192 443
429 73
302 26
314 15
231 284
431 199
140 309
209 204
454 58
256 334
122 369
417 179
217 319
270 246
85 249
92 458
479 88
240 398
11 285
159 328
231 473
176 408
260 312
402 486
240 232
254 493
102 497
293 61
39 462
67 45
218 46
468 255
475 79
8 227
74 309
19 44
50 1
404 78
46 275
359 268
129 126
46 34
269 32
369 266
335 210
466 246
5 401
292 228
224 142
265 130
211 392
121 111
384 488
403 178
110 36
24 481
221 248
259 161
262 469
64 191
104 149
409 493
103 58
404 79
225 112
199 408
283 435
113 467
112 416
294 442
195 462
215 73
83 92
42 173
34 285
162 374
293 329
141 76
139 476
473 20
407 320
462 66
496 206
340 25
64 450
327 483
369 184
33 476
105 322
445 427
378 216
98 496
381 492
439 84
54 172
355 477
343 445
146 81
437 428
429 445
113 138
485 273
471 163
243 459
429 4
177 334
411 322
334 263
240 8
221 100
315 134
14 128
487 253
21 209
414 215
57 34
396 380
157 88
319 182
82 190
461 206
104 195
498 42
139 213
116 44
187 257
466 383
252 450
302 76
276 436
22 417
311 362
292 480
31 68
363 395
145 58
394 86
368 27
265 405
212 184
387 494
404 305
307 445
298 369
327 238
265 474
495 266
77 305
171 83
348 414
227 41
4 53
11 203
284 420
418 499
382 268
93 70
485 352
471 297
232 213
23 189
394 194
329 303
417 221
183 37
453 366
392 84
383 242
484 453
33 195
279 166
42 351
257 383
268 380
479 20
179 300
208 469
195 89
328 155
231 435
74 313
320 131
63 329
382 290
454 297
473 452
242 439
166 14
226 265
462 171
115 2
9 345
219 282
454 480
399 259
417 125
178 225
35 4
169 168
409 467
75 464
113 161
229 119
192 491
278 499
46 200
496 73
25 195
134 357
497 39
262 127
473 369
350 451
369 260
22 433
102 346
486 151
53 159
41 96
270 346
286 43
163 436
399 236
400 359
340 348
304 144
209 403
151 80
325 379
152 419
174 227
185 177
424 15
218 119
41 114
33 59
342 30
298 202
161 474
134 480
361 277
234 468
115 196
352 215
448 113
202 206
140 404
478 148
277 91
252 24
463 455
323 459
486 307
427 229
148 193
441 34
448 473
271 21
295 144
75 247
86 208
310 442
379 357
471 437
13 378
164 130
364 434
179 179
60 21
138 348
444 302
114 465
179 489
312 1
233 102
215 401
95 341
166 141
125 340
439 302
155 146
308 114
418 61
428 262
99 429
74 144
238 245
296 177
323 6
406 480
316 279
233 447
234 119
36 214
472 195
57 492
7 389
371 51
146 467
191 287
46 405
195 27
22 413
385 98
56 467
299 105
20 36
257 370
33 170
281 417
94 96
339 221
118 415
193 21
320 328
291 153
366 280
206 279
218 103
270 347
259 77
474 303
292 31
384 2
306 245
345 471
43 397
447 141
21 130
160 366
21 147
338 48
465 264
200 26
131 117
288 148
368 399
299 165
415 16
154 46
213 312
208 259
242 399
142 363
2 144
374 477
428 354
142 94
189 149
43 310
254 284
33 80
50 342
164 71
160 347
63 312
443 493
29 296
2 317
82 100
350 392
275 179
23 70
247 90
39 413
239 217
8 12
374 452
469 30
82 291
131 308
146 124
61 216
366 336
263 209
143 475
278 286
375 482
167 69
302 7
474 419
305 324
400 192
162 385
201 305
233 118
170 414
232 101
183 433
80 92
399 461
391 164
420 330
121 285
488 157
415 57
440 52
58 410
147 223
483 289
30 373
262 135
1 48
299 270
336 351
42 486
244 100
174 205
8 92
98 294
337 14
274 217
309 362
15 108
432 323
72 207
112 454
188 295
44 320
443 400
274 480
24 231
208 448
414 405
491 151
429 407
117 174
428 324
222 87
401 204
143 283
356 162
83 179
365 23
25 159
260 72
38 399
124 232
118 118
439 171
363 241
266 44
345 62
484 388
199 369
273 199
153 221
59 313
409 167
48 151
182 346
495 93
61 315
339 212
116 325
209 54
315 54
275 241
412 200
140 405
36 307
195 307
303 434
34 293
143 369
311 23
76 445
173 447
121 360
398 53
325 351
17 106
71 434
371 52
364 43
176 300
315 3
444 476
367 270
364 323
300 3
212 137
293 213
290 185
206 497
194 44
489 199
286 466
493 353
373 33
274 216
494 65
326 401
32 489
192 223
397 132
162 434
78 281
265 357
195 175
59 228
199 185
385 94
436 354
450 377
103 163
410 180
10 216
113 41
102 172
388 20
65 185
417 240
191 302
134 358
292 221
57 48
458 454
298 206
297 252
256 32
356 67
43 22
280 137
437 283
212 178
346 268
109 36
405 174
440 380
137 51
140 295
39 267
429 175
261 300
145 111
210 7
221 172
151 99
361 205
204 62
499 272
164 362
198 304
96 174
317 281
82 341
405 217
367 33
451 485
18 430
183 301
182 340
387 335
437 158
14 404
315 449
342 467
38 427
174 365
4 99
499 122
443 12
90 134
422 206
366 341
364 33
237 277
406 323
234 207
224 292
442 468
222 338
498 303
88 292
172 292
52 402
491 145
303 14
499 313
279 40
380 364
10 266
472 141
431 215
368 421
25 456
171 68
167 446
7 173
149 41
117 240
83 327
335 82
353 171
168 451
466 265
122 307
317 278
135 318
171 120
172 106
499 394
373 224
464 389
403 140
375 488
439 377
432 375
360 58
469 200
245 155
21 237
238 487
421 405
365 474
398 300
483 343
282 429
20 4
394 257
190 375
283 397
499 109
314 407
368 83
314 74
223 500
202 265
134 438
453 268
81 474
244 426
157 119
167 304
443 375
321 71
458 227
433 13
134 37
405 413
331 112
53 225
57 123
258 56
263 418
324 326
1 462
106 397
341 427
233 133
454 187
484 163
449 164
23 200
402 303
136 20
336 316
257 134
243 419
320 204
235 76
445 134
390 402
275 215
269 405
229 267
235 81
18 6
156 61
423 229
360 3
139 454
363 298
40 95
15 112
329 447
146 51
219 357
146 76
50 137
153 86
153 219
459 62
108 65
5 288
305 289
476 214
276 437
250 290
9 324
385 415
291 375
250 151
70 76
466 398
207 229
430 347
72 56
225 77
409 468
177 106
204 178
447 305
92 166
401 193
280 371
14 274
166 50
192 435
103 193
473 375
190 17
291 76
236 268
366 225
174 430
422 146
171 400
178 481
240 26
452 172
461 269
24 13
162 281
489 266
499 485
148 380
348 344
279 320
279 100
299 163
365 447
408 278
221 190
92 6
101 23
216 187
15 373
12 70
77 142
79 293
168 437
175 77
435 24
255 235
450 159
258 103
342 498
353 356
431 140
292 116
376 451
215 230
139 197
432 477
383 211
412 125
265 415
40 475
170 228
172 402
460 406
318 261
311 15
270 139
319 460
175 156
381 499
424 309
56 64
266 144
472 268
441 371
391 302
380 454
187 374
134 457
397 225
180 155
271 326
272 264
49 434
264 295
285 93
198 358
426 125
462 179
132 169
303 62
224 110
242 75
421 305
402 62
151 196
155 225
59 87
360 84
235 165
37 231
115 226
424 374
444 442
440 228
297 292
421 245
268 7
486 28
144 454
448 219
497 379
442 359
13 27
407 244
98 192
4 331
424 456
395 140
335 180
8 351
482 315
478 472
200 130
59 437
19 27
457 160
365 342
68 216
248 185
467 466
327 384
358 184
454 151
466 219
158 161
395 359
355 281
412 74
441 184
31 279
77 2
392 450
77 280
323 414
152 49
77 235
499 211
478 270
38 432
495 482
347 74
349 499
428 328
363 283
270 468
357 280
348 195
372 497
163 124
218 405
52 458
11 432
237 457
390 335
441 181
118 37
99 168
409 458
13 117
15 340
294 473
286 467
58 359
325 372
286 165
341 187
155 13
88 38
182 331
191 330
389 194
290 495
176 432
94 474
212 426
213 250
229 345
195 58
320 307
238 322
54 365
109 58
216 235
84 479
461 347
432 139
449 5
499 245
74 469
152 229
434 339
338 331
467 341
39 449
388 25
335 327
172 283
62 315
356 439
399 225
217 490
400 67
108 185
67 1
27 428
209 452
484 47
39 87
380 184
230 474
311 209
252 70
296 236
497 93
277 490
393 160
103 130
355 108
400 298
341 160
37 487
423 156
463 266
102 476
149 187
295 231
123 179
411 137
97 471
246 400
236 492
48 321
87 458
434 491
396 271
237 148
430 105
382 20
62 22
291 333
487 63
116 365
464 96
139 367
39 357
405 295
385 390
354 164
60 221
462 242
171 273
136 186
424 77
291 436
9 314
256 7
280 136
418 498
470 481
68 75
438 17
41 447
191 151
16 45
423 271
115 445
226 98
145 131
83 9
105 471
122 15
467 219
16 443
377 232
313 392
157 144
350 403
260 289
127 206
120 467
315 251
103 327
54 314
37 296
18 229
134 21
43 235
193 271
472 43
158 6
77 209
319 161
420 111
68 116
33 423
354 57
405 142
112 298
174 268
355 314
406 433
172 246
464 491
279 166
3 241
138 245
428 464
151 220
148 224
94 347
155 150
457 412
140 117
40 21
457 108
449 369
314 17
376 382
273 378
304 172
345 136
252 110
193 387
333 74
319 348
197 310
222 202
328 120
105 237
297 339
76 200
203 412
310 339
48 326
491 190
180 335
325 164
15 114
158 371
422 380
170 232
257 310
368 12
28 241
36 77
496 131
81 75
28 124
128 72
72 403
215 183
284 368
394 479
205 299
394 491
96 74
293 204
98 492
207 147
480 119
12 62
121 12
108 149
466 49
323 304
211 133
221 107
208 492
280 298
435 75
28 462
34 90
333 193
30 319
470 200
246 335
262 97
405 144
62 159
38 89
204 279
30 343
86 340
157 230
161 253
223 81
193 117
466 440
415 241
31 281
335 178
379 350
147 201
23 209
135 312
226 212
170 146
415 142
174 253
307 452
174 372
341 154
89 472
256 312
157 157
215 214
466 447
12 235
416 75
242 148
148 461
354 64
260 133
498 111
51 371
447 203
233 172
102 434
358 109
13 485
190 462
210 493
394 353
323 431
333 300
430 229
77 457
142 152
438 169
146 387
66 228
458 114
281 317
38 115
123 347
448 421
109 319
43 57
333 385
124 87
20 61
11 32
174 132
187 5
202 2
98 285
491 86
71 204
115 179
431 456
374 419
174 355
133 351
391 108
398 327
88 257
268 441
143 316
267 356
90 196
167 446
290 223
62 127
266 195
19 410
222 392
99 270
263 238
388 120
263 183
372 342
369 77
65 67
450 313
303 195
450 197
441 99
152 132
144 403
55 49
437 428
231 246
440 135
147 154
47 365
23 495
273 446
212 175
428 380
149 78
12 332
193 444
434 463
140 390
484 211
322 233
213 344
44 260
216 392
428 447
285 207
486 124
91 75
207 126
464 449
489 449
498 214
312 371
333 296
404 493
84 428
28 184
252 481
386 453
144 195
491 386
105 112
426 193
337 438
416 400
267 257
362 327
314 157
371 222
358 400
360 229
449 144
6 187
160 250
486 421
59 66
487 399
89 274
102 363
297 453
280 330
443 8
47 146
377 398
186 376
472 175
166 484
113 198
454 140
266 360
431 480
464 310
223 381
338 192
452 371
268 66
204 255
140 154
380 477
317 238
344 404
347 321
263 35
188 227
279 328
161 86
173 482
224 455
15 420
156 456
414 440
102 146
326 77
48 353
396 464
299 209
77 417
312 437
432 481
121 409
196 374
297 35
37 439
274 392
391 168
103 478
301 128
290 236
116 403
36 34
393 16
456 388
77 315
402 204
417 244
271 124
194 92
71 199
279 399
271 311
473 314
494 371
411 175
297 374
415 295
347 216
219 233
72 261
223 410
348 326
96 372
464 418
104 51
279 495
454 379
458 436
260 200
12 178
344 481
46 324
294 144
80 54
231 441
91 461
246 89
152 43
101 219
397 377
247 178
363 281
315 157
258 191
347 257
326 268
111 398
162 141
310 395
250 378
388 286
22 51
49 338
422 370
238 32
252 42
421 20
340 337
353 373
201 163
412 329
240 13
121 440
462 173
155 209
138 206
84 352
470 62
187 371
433 207
142 72
160 350
33 434
364 162
15 89
91 381
485 272
430 500
123 13
142 275
55 408
21 234
63 13
157 454
12 284
396 415
450 198
252 269
302 248
372 149
135 39
62 119
357 179
409 258
201 454
131 221
484 284
50 229
181 464
335 169
367 371
325 426
457 84
389 346
404 481
443 111
327 237
226 298
179 147
41 189
32 259
476 384
201 242
240 279
177 369
191 387
277 460
352 351
71 322
394 237
12 238
393 215
319 131
119 302
437 7
247 414
150 64
22 443
287 132
235 181
388 57
475 225
144 141
428 420
77 270
22 197
361 28
200 381
468 159
440 240
46 154
472 211
374 56
157 467
418 171
272 376
112 492
144 193
133 126
479 319
305 192
21 325
213 305
407 206
310 263
90 275
365 425
453 8
186 307
423 35
288 203
269 442
275 388
197 273
487 2
398 104
68 490
98 143
280 490
478 500
212 75
416 138
256 28
478 420
458 459
296 114
301 312
181 298
60 467
314 180
262 115
136 44
394 306
420 126
500 486
129 20
466 6
368 125
482 279
404 45
50 197
425 336
132 62
413 110
22 265
33 39
254 84
165 240
108 281
34 315
110 234
313 169
76 384
29 37
383 384
268 4
359 191
262 337
403 159
243 359
64 74
83 476
97 55
7 455
194 319
241 438
408 432
9 230
78 97
426 176
318 248
326 486
205 401
183 464
440 207
63 464
130 442
143 268
443 371
480 48
77 443
435 477
377 193
232 276
438 160
431 24
155 454
206 170
312 254
194 361
193 175
68 278
500 299
242 36
118 465
465 11
309 122
216 324
355 435
389 324
414 486
261 149
478 208
213 438
384 88
39 152
218 104
434 476
399 213
464 449
50 82
469 113
71 386
394 256
266 247
331 422
290 206
61 136
103 372
379 60
17 8
3 203
221 316
25 352
81 12
239 460
464 346
72 276
44 459
261 26
497 361
39 67
303 119
82 195
490 36
41 355
294 60
180 312
289 243
479 52
116 45
324 26
277 134
182 321
426 398
29 167
263 7
454 336
5 397
86 412
81 452
419 161
407 164
98 284
416 407
243 132
49 164
233 60
62 4
163 289
487 332
299 88
434 443
169 462
270 488
167 397
470 319
3 183
300 350
486 397
197 69
108 146
485 292
178 100
34 414
255 221
433 385
160 442
318 432
488 247
492 281
138 147
351 152
232 91
276 295
474 162
425 106
328 163
11 74
282 172
176 460
281 85
11 349
155 444
370 227
402 251
426 162
239 334
212 307
484 326
480 264
50 269
16 304
111 204
228 322
23 253
107 36
37 428
163 153
430 140
60 135
90 403
171 172
401 238
156 61
416 157
185 71
457 78
209 276
91 165
445 432
236 424
45 435
311 482
353 56
245 250
165 407
153 127
122 492
417 170
293 288
330 263
441 352
297 298
366 479
477 188
454 160
426 431
264 190
113 451
493 129
118 271
78 90
118 402
418 132
125 20
302 404
404 157
45 115
402 17
192 310
174 493
233 298
8 96
73 341
44 221
211 469
129 58
329 393
249 141
177 215
139 444
32 165
322 364
363 89
309 286
71 86
122 110
174 298
12 418
138 363
309 216
197 293
366 317
127 89
42 341
413 421
64 83
291 315
116 27
89 496
469 131
398 239
260 29
110 335
472 462
265 419
24 476
254 154
381 229
265 477
370 252
184 85
71 465
256 35
424 125
462 13
137 149
333 467
333 39
251 475
77 78
411 413
53 1
62 481
185 380
413 384
89 169
246 9
35 92
115 137
17 423
240 171
491 178
476 22
36 157
238 174
326 88
386 255
307 382
480 393
213 496
289 236
402 145
289 334
138 161
96 138
260 262
428 167
305 352
252 187
419 486
489 276
113 454
425 195
85 315
362 72
220 334
146 252
291 261
224 148
452 442
336 399
165 179
391 96
175 90
328 35
275 216
254 84
351 341
269 464
304 249
118 150
97 136
362 279
124 337
337 281
324 205
200 287
482 422
467 7
437 95
160 230
382 261
398 45
420 383
436 350
128 429
139 46
203 131
221 118
335 184
57 324
347 375
6 111
8 28
141 110
149 184
131 413
375 193
323 209
98 125
138 48
278 373
459 161
175 39
314 210
474 343
150 263
239 296
108 174
57 143
390 249
189 480
375 249
188 363
12 345
381 241
458 113
109 28
19 89
63 390
159 449
330 30
490 363
117 321
8 151
8 76
149 398
52 121
313 399
338 228
108 478
308 442
346 242
247 104
421 429
395 328
411 414
431 339
372 462
254 26
487 457
60 455
179 464
159 108
423 423
341 320
329 100
401 206
254 257
415 394
74 385
50 459
109 418
402 464
210 155
25 301
386 387
262 443
43 367
458 164
113 132
275 42
261 393
267 395
141 217
186 141
227 98
318 199
351 331
360 303
485 316
482 133
234 232
63 265
354 153
404 366
45 453
105 70
2 479
156 249
436 344
317 375
417 39
201 106
89 468
471 253
334 41
387 319
327 386
451 230
347 229
372 430
203 450
211 485
70 174
244 484
155 337
303 25
128 323
271 411
323 259
231 32
412 469
438 350
99 64
199 90
238 167
62 191
161 259
460 215
89 213
33 77
383 144
35 248
311 72
267 333
84 211
302 452
468 79
482 446
395 51
202 84
232 191
210 317
489 473
402 295
207 495
482 393
371 170
243 53
344 232
190 340
325 248
51 181
3 348
491 219
158 370
104 465
104 389
52 445
35 242
350 410
81 85
166 232
199 124
109 11
7 411
203 367
165 460
349 456
328 431
177 277
451 233
297 72
434 197
486 231
477 183
468 380
423 109
36 420
133 106
303 349
408 109
482 248
321 8
436 282
184 45
344 363
112 186
94 83
360 121
307 25
190 207
163 364
389 370
263 118
129 21
444 441
146 102
34 327
426 153
152 122
480 101
135 471
6 40
161 419
311 234
30 417
14 359
56 291
311 459
164 436
416 348
58 294
432 461
100 65
138 272
241 394
136 181
485 51
195 407
22 29
402 425
39 480
144 421
145 77
32 315
376 132
39 159
155 190
405 391
319 412
463 121
184 212
217 42
270 276
338 372
458 71
207 465
180 122
444 254
307 153
140 484
410 187
262 264
326 498
37 339
316 329
441 483
422 350
137 32
315 176
289 205
41 152
276 118
88 369
10 484
485 45
307 249
133 116
116 290
147 82
30 406
486 477
392 135
166 133
12 159
102 151
309 178
304 108
209 282
227 168
98 178
283 210
448 172
392 308
104 151
493 318
217 200
302 310
36 371
137 225
66 305
71 462
485 182
402 207
113 313
38 314
71 127
172 168
225 371
197 117
281 123
229 78
228 185
142 211
136 462
190 51
280 111
190 26
79 31
423 24
203 413
494 342
2 314
309 123
275 296
261 327
238 268
431 406
309 91
121 259
91 500
92 408
107 67
273 432
208 45
244 60
277 119
176 155
449 436
401 460
83 70
347 68
189 396
26 270
239 189
242 206
122 449
232 232
40 404
294 41
345 278
250 42
381 42
178 110
324 397
208 443
210 16
102 289
153 454
174 231
66 359
188 246
90 66
39 179
282 1
283 188
327 161
323 150
198 335
349 38
339 55
394 60
257 80
98 460
84 412
402 217
4 417
165 142
199 63
346 453
241 69
111 150
298 396
276 50
197 431
79 481
499 422
4 166
287 230
158 264
55 252
350 371
191 356
166 342
227 285
219 391
481 462
350 312
231 131
29 406
25 93
318 422
212 392
471 114
37 491
408 309
226 301
140 245
476 297
16 478
30 262
362 240
164 17
209 424
436 253
265 13
449 127
334 18
266 186
191 187
121 429
337 101
173 218
28 310
206 192
152 40
301 125
197 480
135 4
267 88
253 453
191 207
279 419
430 97
226 451
119 378
300 294
276 296
18 208
439 162
319 143
149 167
424 168
61 410
245 469
449 45
223 54
71 240
454 401
491 430
324 359
305 244
309 57
113 269
460 198
491 55
176 490
461 269
376 147
252 31
264 283
323 482
205 27
73 160
16 488
109 126
64 312
105 436
309 93
449 152
103 192
129 128
86 213
262 73
253 386
240 331
134 266
480 466
455 371
179 109
12 10
272 18
121 200
226 57
56 312
230 203
470 430
207 492
66 369
104 26
427 96
269 471
322 404
348 108
25 31
254 65
111 409
217 190
174 418
140 131
211 113
231 433
430 232
100 28
102 375
305 158
276 302
363 151
327 223
66 153
234 196
310 443
365 261
312 50
331 48
134 301
445 455
208 74
408 446
73 21
346 491
68 57
212 108
378 477
491 464
244 330
162 364
399 372
9 362
206 2
487 357
118 69
251 299
435 398
486 169
168 112
309 185
433 268
192 403
490 315
190 170
437 286
312 346
414 294
479 253
106 65
179 465
55 15
413 149
190 222
248 111
240 479
329 210
446 351
146 79
457 466
245 431
214 61
96 482
241 492
56 22
260 230
180 119
215 252
45 275
491 448
397 365
365 415
87 82
241 122
372 3
1 214
436 272
463 101
211 31
83 17
322 161
451 310
390 384
173 427
159 441
326 316
82 202
249 97
144 118
155 426
237 252
388 426
45 443
494 20
50 475
216 446
419 317
127 57
500 338
442 93
352 365
384 111
342 298
273 140
430 316
432 166
290 11
204 130
60 229
318 202
228 262
41 170
168 421
374 175
454 237
43 231
377 339
49 55
57 497
137 376
367 223
381 264
197 112
234 254
323 124
446 56
248 413
33 384
54 194
412 354
185 454
110 351
467 274
473 35
268 356
135 276
189 191
116 44
402 54
212 234
6 437
353 173
448 315
437 105
387 103
168 435
224 136
49 474
108 444
196 342
151 163
47 416
455 331
132 268
314 384
113 176
82 413
63 52
34 36
395 401
341 321
320 318
75 145
32 113
377 318
316 202
329 207
107 338
169 445
249 309
264 61
339 199
257 329
338 83
434 459
500 244
172 148
363 460
81 196
97 238
374 102
390 487
255 260
424 100
147 476
14 413
356 460
266 450
267 113
125 406
202 417
442 134
410 37
447 74
437 486
247 210
42 384
66 285
454 427
456 375
25 280
124 396
180 21
383 399
115 89
114 275
175 164
317 242
48 365
452 204
461 166
439 456
90 346
177 69
58 115
375 332
157 222
308 105
478 414
483 124
367 460
67 306
438 492
31 183
386 465
314 266
230 149
482 435
422 377
70 267
257 306
169 297
334 440
304 308
471 182
401 305
309 49
207 412
110 498
282 311
71 410
327 251
259 217
242 112
124 358
19 497
187 76
383 115
387 190
149 138
207 66
143 431
149 288
309 448
86 166
226 252
435 499
84 464
339 299
370 438
401 132
373 317
287 495
474 236
134 74
420 226
262 246
109 8
390 200
328 442
232 384
269 360
10 277
472 300
143 179
471 20
492 183
437 151
470 299
102 313
280 119
369 251
390 134
409 458
156 224
14 279
484 85
9 195
83 33
402 329
315 121
127 268
325 69
104 357
8 232
111 445
472 12
181 360
228 118
249 92
465 254
106 149
319 306
409 355
43 450
437 15
317 164
103 219
399 469
27 6
211 175
209 337
475 335
246 378
249 139
376 158
360 395
433 65
127 23
219 26
250 387
158 54
162 116
41 331
365 374
464 74
58 266
475 116
97 422
309 279
193 367
497 439
4 114
376 317
250 143
173 459
446 62
376 44
229 198
243 155
218 494
482 147
168 194
202 203
343 231
264 444
476 340
473 316
123 436
295 430
491 341
124 138
243 92
114 28
452 230
494 449
156 280
252 314
249 223
320 353
373 5
324 292
33 432
417 176
454 450
378 248
39 488
186 234
19 364
397 104
352 80
128 287
63 88
418 27
464 43
15 92
259 61
373 143
107 206
454 126
393 179
291 263
402 386
168 12
37 490
466 369
239 170
232 491
402 322
500 64
273 274
97 332
74 204
445 169
188 347
37 403
255 138
235 206
30 122
489 346
60 157
432 31
115 447
22 351
113 335
442 260
46 111
163 320
391 432
181 180
258 151
155 122
264 291
353 139
228 418
252 373
296 287
403 30
339 280
477 237
273 418
483 268
313 276
212 246
118 428
396 437
358 476
205 295
447 419
354 470
169 414
110 315
309 133
62 468
29 254
215 352
236 412
373 101
47 134
422 235
475 348
339 3
64 434
124 197
461 313
384 35
277 404
149 383
70 149
344 304
410 293
411 442
346 117
488 199
161 124
266 441
348 51
376 110
156 96
32 421
376 425
54 276
286 259
416 339
356 87
197 337
51 125
360 477
380 85
372 145
4 204
259 204
7 124
441 273
198 362
83 194
312 172
437 200
158 436
229 472
141 341
240 318
62 412
244 258
374 13
442 264
12 102
159 30
137 127
431 290
257 277
437 266
378 144
445 39
428 451
31 20
494 322
154 362
286 145
253 433
461 318
165 271
330 147
1 267
176 252
184 72
336 203
23 19
48 431
249 332
112 9
403 35
393 260
327 444
292 31
84 5
329 115
175 247
295 67
461 214
146 24
457 66
323 87
133 130
255 67
160 362
123 281
47 74
435 117
484 270
210 492
422 94
342 490
169 466
424 449
348 318
3 77
194 168
76 164
180 77
262 463
397 296
97 248
213 456
252 297
425 295
171 134
289 177
322 113
449 324
167 63
375 2
185 319
328 367
431 230
407 326
153 192
438 4
84 23
421 287
487 175
119 468
204 48
324 37
230 419
94 33
127 13
12 151
295 383
407 331
352 485
410 363
455 64
190 199
377 388
303 223
94 306
74 277
269 301
28 161
172 325
363 317
334 119
74 481
442 174
495 242
202 97
455 194
36 357
277 360
140 483
351 110
367 18
321 21
485 153
270 234
187 344
249 402
89 459
401 487
406 177
109 115
65 483
430 133
208 223
60 117
448 433
221 268
378 380
11 211
474 2
479 319
210 43
138 85
6 120
164 243
36 88
492 490
252 492
382 406
209 84
361 269
183 214
425 103
448 11
45 298
109 408
429 438
178 484
476 209
335 300
456 271
444 263
287 297
345 197
353 304
205 167
248 427
443 371
399 142
167 11
133 386
244 441
26 327
137 109
170 143
321 7
290 372
169 187
398 409
228 471
484 351
135 414
213 383
15 273
125 269
53 133
96 66
125 209
88 422
379 212
234 150
39 492
402 41
324 95
186 333
34 39
6 133
10 11
135 223
464 311
317 346
193 453
259 226
38 182
252 261
489 377
36 13
399 475
334 54
33 448
382 332
231 5
470 99
158 207
56 235
89 370
446 377
9 93
155 204
73 183
58 381
91 39
448 253
166 323
446 457
141 498
170 68
393 127
249 71
11 40
291 210
382 437
202 320
336 85
9 458
365 330
80 114
358 137
117 193
182 4
99 342
113 386
46 442
334 451
272 437
22 477
346 87
90 334
310 457
129 408
40 131
8 473
167 336
197 297
179 60
178 12
477 419
332 482
466 223
249 448
455 105
282 270
325 310
390 361
329 174
36 148
19 62
187 298
89 408
33 263
149 19
29 50
483 374
7 390
338 309
246 425
169 460
455 236
236 62
279 21
116 331
418 140
274 100
226 357
131 144
196 487
468 91
269 278
307 162
25 84
38 80
243 31
120 307
280 172
431 267
410 451
411 299
380 433
223 456
310 211
481 192
420 362
197 67
250 42
128 9
248 92
271 341
76 195
165 7
404 264
125 461
102 449
381 197
172 274
83 195
286 35
302 120
273 454
49 180
328 60
250 47
145 259
187 189
443 214
5 280
101 420
216 97
439 144
218 417
227 141
168 282
207 184
328 61
115 145
405 192
222 466
440 177
143 277
349 116
104 269
379 316
335 74
212 258
163 128
268 138
318 494
231 38
202 403
308 31
442 94
164 419
134 18
429 387
149 183
262 180
141 478
312 17
106 39
357 376
42 366
232 128
172 440
100 352
188 288
383 410
151 345
181 366
295 475
145 69
437 478
79 132
175 282
469 435
227 445
256 448
128 234
262 328
18 241
104 236
277 416
500 153
92 240
7 92
28 27
45 144
366 375
398 192
286 320
355 273
386 388
231 27
226 7
302 484
97 30
408 297
118 57
301 302
2 387
475 426
443 500
403 246
481 257
150 429
313 379
454 58
152 411
139 135
132 66
53 423
76 470
316 306
18 287
492 373
17 67
495 165
295 402
491 12
250 31
135 362
48 140
285 96
400 355
123 11
497 402
456 427
398 375
423 340
93 266
271 355
318 188
427 376
339 120
357 133
260 466
323 408
32 445
195 208
142 152
225 216
53 318
412 31
360 202
26 457
442 133
427 282
143 475
417 307
410 385
179 361
187 284
284 79
56 440
144 83
306 230
134 73
227 380
364 38
427 244
91 403
238 295
82 220
299 118
209 252
437 82
381 281
171 12
120 493
101 466
461 56
474 381
258 407
410 89
339 285
389 191
259 226
309 376
493 354
283 239
131 468
151 125
233 44
27 35
27 389
178 42
178 456
366 383
191 29
300 116
295 131
399 51
380 428
11 488
18 262
246 453
78 439
470 170
227 185
359 77
399 202
370 13
66 45
292 217
275 60
440 445
120 482
51 226
3 234
31 180
144 262
50 261
208 462
467 385
344 183
283 417
179 386
24 175
30 289
420 444
219 245
234 118
206 11
21 249
477 212
452 497
314 275
244 395
403 4
45 500
481 263
17 347
49 268
303 402
334 403
291 388
451 353
274 60
345 460
176 370
148 206
483 211
83 64
410 380
425 205
78 122
31 408
67 216
29 424
34 132
207 283
400 275
308 376
440 139
342 335
325 396
53 33
294 429
490 23
337 87
411 45
448 78
379 432
174 387
395 57
49 247
157 54
357 441
49 84
297 306
246 395
385 468
269 362
381 5
289 193
136 445
376 393
147 360
153 201
485 388
375 465
468 398
484 298
308 395
405 382
442 450
290 157
498 195
242 498
288 459
146 367
157 300
103 186
295 214
494 49
98 470
370 483
296 281
341 21
234 335
23 322
199 5
79 407
74 318
112 52
179 29
8 140
373 459
41 44
435 343
58 345
308 79
206 141
332 418
268 14
357 48
172 314
235 134
296 28
47 293
269 485
316 156
61 266
341 37
362 339
405 62
484 272
333 290
220 330
412 141
14 116
471 143
212 41
230 491
152 172
427 70
344 401
463 302
167 487
160 350
202 104
457 372
350 138
499 78
340 219
479 400
409 492
392 231
477 390
463 134
445 90
485 380
311 413
42 288
93 446
185 389
17 206
135 141
111 228
13 266
138 100
34 409
410 129
391 96
217 332
422 439
112 482
102 453
119 94
55 257
208 188
360 393
354 231
34 60
266 245
277 376
311 324
12 170
318 199
321 345
44 337
148 11
318 84
432 263
455 61
21 418
471 352
66 304
433 336
69 135
79 445
64 361
243 107
235 436
342 3
371 435
496 29
42 244
66 228
238 253
157 414
181 85
496 202
461 429
114 245
475 254
461 64
419 333
453 477
475 396
446 256
233 191
323 187
444 23
467 470
286 46
228 285
391 54
303 383
315 45
410 110
322 377
49 368
68 40
117 456
280 396
276 123
469 298
303 329
174 273
489 432
58 350
23 404
494 148
284 458
71 159
162 395
487 45
368 21
410 220
288 169
85 470
41 195
188 327
101 388
109 139
462 375
361 19
330 182
302 233
419 135
346 324
132 286
73 113
206 456
434 344
135 487
50 386
311 136
336 152
78 164
315 293
279 349
228 37
255 13
305 465
302 114
229 11
56 222
467 231
442 431
367 89
309 172
272 339
137 429
140 213
30 311
12 36
398 409
429 419
134 333
214 425
446 318
483 370
495 46
494 121
54 438
240 336
452 153
205 94
8 165
126 484
457 199
196 335
150 276
356 209
291 457
8 79
354 120
265 290
276 348
436 160
251 232
17 41
224 70
73 497
128 499
420 277
23 70
421 413
372 72
178 327
386 455
471 422
194 107
103 171
35 220
461 374
40 25
241 376
252 390
445 297
370 444
383 448
490 43
1 270
425 92
93 37
456 18
171 433
464 212
94 364
8 137
315 36
91 214
188 415
180 327
198 451
83 263
113 116
228 484
245 361
248 129
406 274
473 99
35 274
74 390
168 172
382 59
345 185
226 458
291 460
178 69
72 144
42 441
313 47
449 453
327 102
251 350
313 104
15 425
246 321
237 183
352 187
276 101
420 349
446 366
300 57
37 128
385 37
218 423
384 294
215 383
468 157
355 343
260 203
448 473
435 185
119 39
417 393
115 325
305 46
320 148
384 413
256 446
151 305
448 72
412 41
445 381
1 217
482 309
218 169
94 325
488 157
407 96
413 497
175 428
245 307
460 91
282 377
84 6
384 201
153 472
207 24
168 72
191 318
450 402
500 48
102 18
355 434
369 469
177 489
189 212
227 471
489 431
481 81
223 468
134 138
366 162
478 433
208 18
359 32
391 377
39 27
34 344
185 146
199 292
9 4
277 340
186 400
459 29
94 322
294 482
296 458
183 468
499 215
282 275
86 226
462 76
297 406
201 96
86 384
414 367
168 168
186 376
448 19
268 200
397 213
40 403
37 326
103 65
339 50
43 441
211 23
92 409
293 409
353 358
245 153
342 198
45 433
375 446
278 385
123 413
220 487
4 279
260 237
149 219
126 374
308 36
22 335
260 458
73 155
319 9
90 84
215 481
229 366
201 159
490 270
14 88
195 79
52 374
259 197
240 20
170 242
298 424
369 40
207 366
474 152
392 151
156 315
277 303
296 8
199 431
61 287
99 49
146 83
149 232
122 77
61 14
184 3
293 3
48 71
47 337
44 94
468 50
232 34
165 91
367 86
203 134
112 437
424 337
218 324
117 231
408 457
227 305
236 328
401 324
194 155
70 438
145 311
138 330
100 294
500 93
194 489
89 436
463 423
115 23
491 297
158 260
466 198
252 418
448 347
53 439
204 94
464 113
122 481
328 363
200 305
428 314
169 281
374 249
55 426
19 417
187 104
73 152
21 7
235 392
194 473
489 230
288 397
135 323
340 340
106 452
154 373
466 411
118 349
40 235
102 23
435 423
257 382
418 64
252 39
144 361
102 382
379 467
435 135
410 354
13 68
475 24
204 457
125 86
96 415
325 175
105 180
92 298
156 408
14 317
71 207
302 314
371 183
120 299
202 370
37 35
296 228
82 3
407 235
112 42
432 483
308 93
224 216
314 228
136 473
215 417
475 353
158 177
103 204
383 304
458 79
333 81
149 321
375 286
378 56
301 32
298 418
77 92
258 69
183 22
209 371
11 234
226 116
370 143
444 223
217 146
116 229
28 6
142 371
222 310
45 416
462 68
164 22
385 202
427 79
492 31
493 107
267 322
251 478
229 258
74 466
367 6
478 470
260 209
49 203
99 462
397 130
25 466
411 484
30 130
312 202
135 476
292 163
470 500
498 497
171 245
212 303
11 232
179 96
174 316
460 460
331 486
233 393
17 7
461 312
167 108
223 78
202 163
196 375
275 331
358 78
257 475
196 405
182 358
47 252
66 468
50 355
470 385
196 39
494 453
481 168
144 169
35 345
100 47
136 398
127 269
307 428
260 168
72 203
188 387
164 194
472 130
359 413
416 263
282 322
49 443
122 346
31 60
327 63
233 401
337 279
114 113
381 265
276 24
249 84
156 236
244 166
360 194
15 483
374 444
78 484
64 8
212 419
241 498
477 424
168 101
47 163
468 487
432 309
15 320
220 27
119 249
457 416
187 161
84 122
299 138
115 440
178 238
406 98
483 13
323 223
113 192
466 255
179 250
141 488
485 469
97 173
55 412
259 382
211 275
29 161
314 270
495 60
36 149
105 380
28 36
436 251
247 217
316 315
124 75
474 402
416 189
124 134
151 285
4 256
22 292
102 256
307 346
234 411
76 135
12 146
486 351
457 23
22 225
467 208
177 258
57 326
1 196
70 396
304 304
299 382
432 38
448 205
236 471
52 233
391 135
110 118
403 450
99 422
76 1
314 62
199 32
115 402
180 144
332 205
237 241
89 393
418 133
65 234
469 184
391 457
15 301
91 81
236 45
25 219
3 212
357 332
467 472
490 328
381 395
67 462
204 7
74 332
435 266
359 202
449 190
438 145
379 350
24 125
486 475
106 341
304 247
488 488
207 372
158 471
282 43
121 363
64 181
366 243
348 455
282 401
59 291
373 390
412 280
432 197
205 247
453 71
230 172
85 276
119 187
479 490
361 236
341 489
247 147
467 469
266 491
318 5
68 419
353 105
410 17
464 187
436 6
218 341
202 418
468 298
47 463
131 370
103 193
189 104
398 248
28 378
228 271
310 347
163 255
322 388
214 491
11 344
416 222
353 253
376 88
75 112
193 181
378 326
190 85
131 96
197 51
354 413
314 474
390 255
5 12
279 478
58 60
10 489
258 471
23 51
36 344
207 284
432 431
169 11
361 172
140 368
375 378
405 257
163 230
370 359
401 377
326 298
70 318
353 110
94 449
456 354
259 127
182 9
144 237
203 257
371 345
326 110
151 46
404 220
161 428
358 43
334 458
449 276
441 372
157 99
327 373
475 10
118 202
60 357
316 166
65 411
327 57
260 389
194 176
145 384
236 355
380 88
259 313
490 399
270 119
1 365
57 94
227 23
299 148
185 109
281 74
224 153
424 106
440 390
426 117
119 286
185 194
381 401
373 256
115 360
196 318
146 453
296 351
478 500
263 416
461 85
329 56
70 476
472 185
241 378
132 261
72 424
300 63
184 344
350 179
326 353
124 158
416 428
2 303
166 489
238 60
259 39
10 158
46 447
172 156
2 278
187 273
111 46
320 244
378 393
113 130
86 118
186 179
147 259
25 70
283 47
18 43
333 389
375 290
175 216
245 242
198 186
348 318
190 327
247 170
282 233
134 107
125 299
40 491
188 395
184 398
395 303
114 323
424 26
44 307
185 483
280 367
415 13
337 318
177 345
277 445
338 10
457 326
356 141
291 167
25 438
240 54
95 35
236 226
69 185
233 136
310 286
36 60
232 259
472 373
482 282
311 265
299 263
440 189
35 302
247 209
177 333
148 208
237 457
266 289
40 221
19 176
77 157
327 183
183 81
213 358
458 135
418 268
319 105
128 236
25 497
276 64
393 489
25 350
75 386
194 41
310 420
355 308
302 365
146 410
342 35
353 203
491 425
246 197
231 460
410 18
164 328
322 194
337 497
93 466
6 126
238 204
118 269
225 465
408 211
271 39
164 255
417 34
113 210
266 309
313 65
391 336
163 318
308 2
378 242
211 256
494 319
196 197
2 484
26 398
35 16
24 276
211 40
179 282
254 158
60 155
431 369
163 360
152 47
31 399
172 200
203 462
233 90
394 261
313 457
419 311
18 173
359 154
229 389
118 133
20 447
4 265
103 173
79 424
202 116
318 240
183 314
444 159
48 164
42 153
298 43
207 48
121 25
439 386
407 22
26 246
231 214
491 132
149 169
99 375
119 437
157 313
168 447
287 158
440 222
318 500
28 383
420 137
308 31
304 453
485 241
242 27
246 24
86 239
387 100
266 212
229 467
298 287
258 239
248 445
463 43
274 277
174 380
451 134
187 42
125 494
440 27
271 371
372 78
133 238
62 66
320 13
353 415
27 439
321 300
354 288
450 162
386 378
274 456
22 98
422 180
288 382
468 311
309 201
275 27
114 437
276 441
391 285
243 239
27 267
185 251
116 217
32 314
359 373
136 216
420 16
224 497
118 401
256 332
426 165
246 34
113 128
277 324
306 286
294 355
274 334
457 90
295 272
317 336
283 431
23 167
18 403
85 339
28 259
178 10
348 201
375 82
376 175
55 76
11 306
65 309
85 378
6 458
266 459
283 403
163 70
282 144
199 28
369 348
174 197
227 472
177 231
441 225
434 148
361 95
245 430
375 169
124 459
323 252
276 385
406 288
339 364
38 404
341 175
106 225
370 54
288 108
423 413
432 50
370 462
448 359
72 284
194 110
270 129
396 420
118 336
367 123
493 423
498 272
148 73
151 466
401 360
259 203
399 251
189 319
15 180
373 403
306 487
403 9
55 494
404 173
177 481
198 284
420 240
294 64
227 140
499 249
74 460
267 104
194 326
483 49
49 362
223 50
245 13
379 423
484 66
33 418
267 57
242 491
379 143
260 273
107 109
163 487
109 260
110 477
480 197
378 258
302 500
241 473
331 2
456 29
272 98
202 221
170 229
483 140
401 478
373 310
237 252
396 157
185 271
62 80
254 497
267 415
197 44
25 463
226 104
448 121
269 322
164 305
90 421
124 251
128 419
72 361
356 124
80 57
188 250
470 191
437 87
44 267
175 218
395 255
60 291
132 98
208 493
6 145
475 500
263 280
397 79
93 145
2 27
370 140
159 192
223 200
82 236
155 458
52 443
491 55
173 118
226 254
221 251
240 67
473 99
134 261
231 198
498 283
99 381
31 307
34 3
366 412
185 374
325 465
33 274
117 38
176 481
288 360
3 195
279 151
412 127
326 427
74 208
151 276
22 153
427 163
58 499
83 144
413 401
161 494
176 487
265 208
226 171
348 388
242 282
119 427
338 319
167 272
38 145
381 154
200 297
364 427
493 231
228 237
285 118
260 60
384 26
240 292
322 277
312 494
125 359
456 374
318 89
257 69
74 174
361 228
294 416
31 167
151 135
25 97
50 227
271 122
391 408
372 88
294 441
121 471
128 11
54 67
497 74
78 210
327 158
322 240
280 106
391 22
249 38
129 55
164 460
163 432
223 102
269 317
277 256
189 353
303 116
374 346
384 488
383 132
143 339
439 490
316 457
494 17
9 146
127 41
348 251
288 485
386 71
51 208
287 372
129 43
453 57
233 283
79 108
165 211
425 258
145 469
281 281
434 389
395 417
379 40
278 6
186 208
113 83
322 357
347 145
113 249
276 155
376 22
500 13
126 74
193 95
262 70
219 452
286 446
86 101
316 217
117 128
352 144
35 483
495 439
161 382
305 94
230 160
54 20
444 81
237 172
440 483
497 158
464 472
462 28
123 279
113 30
184 36
7 243
95 56
350 310
80 313
208 111
369 365
350 166
408 52
377 458
152 112
56 467
486 423
5 93
235 443
159 281
423 89
65 471
229 81
151 333
320 478
57 189
164 389
39 62
117 112
296 186
415 442
107 366
174 149
51 244
320 481
75 359
452 127
158 189
86 285
273 350
392 208
443 118
124 45
267 425
251 96
349 477
174 457
316 195
415 209
253 290
189 207
175 133
359 315
492 419
182 497
357 16
198 226
464 308
70 415
272 478
478 259
162 283
262 470
367 278
340 98
83 295
368 112
100 417
238 291
43 284
90 465
413 313
62 215
89 173
383 301
92 328
259 384
97 382
145 415
71 115
32 24
385 149
329 247
366 420
486 331
310 313
432 211
186 60
182 74
45 63
457 52
252 424
389 273
397 332
120 388
185 265
386 86
446 130
90 359
34 189
177 230
443 7
78 451
210 416
353 189
61 106
400 335
223 53
377 200
296 156
366 317
497 126
11 239
173 423
48 498
430 307
292 33
331 204
214 261
56 423
425 286
473 469
414 436
205 377
223 215
365 74
351 448
362 414
114 195
429 138
207 39
150 385
189 378
30 165
20 7
440 87
155 289
247 329
18 454
153 462
341 490
256 82
364 99
92 418
401 333
201 335
159 9
192 151
247 213
382 4
280 467
188 407
199 362
486 490
360 1
283 21
136 132
240 56
355 367
352 217
496 418
290 161
198 310
382 40
290 407
27 367
436 371
226 216
436 24
90 373
446 434
336 162
497 231
10 89
453 232
487 37
319 262
203 193
397 116
3 488
475 169
264 238
426 35
346 201
249 448
217 297
353 213
452 149
316 20
175 127
62 72
158 371
11 341
435 183
399 89
163 245
332 434
205 42
298 20
311 270
225 272
117 119
396 38
422 395
489 245
153 232
177 405
433 123
190 40
257 22
220 21
94 364
218 177
161 84
307 420
218 354
472 262
303 292
92 110
108 72
279 194
432 388
279 472
446 267
338 15
128 494
469 341
282 352
156 5
225 301
18 17
342 91
181 30
86 81
238 211
255 273
455 383
429 48
141 408
205 237
500 229
500 239
43 150
335 131
384 141
471 89
277 68
450 379
450 259
489 125
196 403
463 441
241 408
373 421
277 376
318 34
17 366
121 394
119 465
139 319
178 56
324 103
417 171
295 45
103 431
412 262
192 53
158 57
288 497
70 418
361 438
21 26
425 53
479 151
126 175
115 66
86 212
295 17
187 356
165 492
25 319
235 407
303 53
60 167
497 462
17 380
82 365
283 5
29 290
489 209
440 306
134 288
471 189
34 394
124 9
419 23
198 252
454 91
445 382
491 442
476 376
118 406
96 388
108 314
114 200
276 291
99 7
320 479
460 414
257 433
90 202
373 108
18 497
257 41
35 314
314 442
141 437
47 197
205 445
346 300
329 424
307 258
370 320
387 7
357 393
242 153
77 39
2 407
223 323
240 323
113 446
166 147
372 394
146 27
311 378
326 455
111 306
157 182
36 189
186 67
63 309
384 45
163 467
24 432
394 468
383 371
225 282
333 102
137 462
304 203
352 154
284 6
433 9
442 254
357 351
475 198
404 158
17 10
492 237
500 202
1 79
139 408
229 99
393 454
346 365
79 430
397 412
173 259
183 93
224 202
248 368
239 11
343 385
297 459
410 176
146 484
234 200
277 369
15 350
58 250
402 28
281 330
120 306
164 493
461 352
353 72
475 115
51 473
328 229
481 317
378 311
319 380
439 498
61 64
354 342
497 452
361 409
384 491
81 310
326 392
276 318
308 43
395 47
56 86
186 298
72 27
414 24
9 53
276 23
214 346
467 89
480 453
468 364
460 424
54 210
165 408
343 355
481 213
384 254
455 407
324 486
17 50
77 275
436 49
210 493
334 107
315 30
352 43
488 182
192 188
149 467
161 369
224 122
462 441
254 287
27 141
425 148
80 277
455 55
194 307
232 387
219 84
403 484
445 325
360 70
262 326
204 288
21 196
491 327
171 381
3 95
204 320
441 470
343 126
107 163
459 386
101 296
480 77
340 458
379 285
171 27
433 481
243 411
435 497
318 441
39 89
127 337
429 123
4 63
496 416
326 301
243 196
237 427
289 429
451 219
265 363
392 121
137 444
169 165
480 395
483 284
15 171
442 399
499 477
65 404
348 1
237 376
284 364
242 397
165 483
219 474
177 156
357 237
482 330
424 264
422 234
77 473
139 126
67 428
99 285
15 40
213 187
397 120
185 348
483 222
205 106
419 387
312 183
70 193
126 298
74 471
312 322
346 452
401 190
344 193
406 143
450 38
110 360
392 21
500 424
468 445
490 162
423 468
403 145
127 336
335 231
146 79
213 208
6 489
125 363
407 244
420 55
7 284
19 310
83 130
91 173
475 370
402 376
401 322
140 303
225 472
477 415
261 425
302 471
6 148
404 338
318 101
343 47
9 198
44 290
201 456
339 378
37 331
174 473
12 55
59 414
362 386
344 445
321 54
411 350
390 226
30 415
303 146
206 197
312 498
239 179
215 88
361 462
332 191
1 233
203 398
430 496
206 176
415 59
312 313
229 449
9 32
485 387
122 391
106 294
129 175
258 27
237 50
45 2
434 158
434 228
203 173
374 467
262 448
76 337
404 46
466 492
54 194
278 321
274 98
330 480
235 365
69 234
184 132
192 354
188 337
226 147
316 285
195 340
344 94
59 326
476 238
156 463
463 461
23 77
444 297
91 258
281 307
261 325
92 106
336 141
27 286
270 159
54 21
143 458
166 219
243 345
141 213
471 237
392 126
76 412
113 54
443 67
433 305
332 392
299 373
345 1
232 124
26 308
420 158
372 102
452 65
336 240
472 254
138 368
344 169
36 123
353 451
205 444
23 429
348 418
250 476
55 77
24 202
123 253
119 157
137 119
448 134
103 393
83 154
216 310
255 7
182 30
200 88
239 229
402 152
309 255
382 456
383 462
384 231
196 82
32 117
427 382
65 237
22 281
393 302
313 292
463 425
303 466
167 8
448 437
282 126
328 26
136 289
244 405
414 218
286 325
297 379
414 90
400 389
108 312
263 17
325 22
257 389
388 416
72 1
211 260
225 103
223 263
39 355
425 469
306 470
249 212
284 358
481 399
407 215
242 155
218 6
70 194
112 197
468 116
53 16
294 271
40 324
66 348
156 412
366 193
458 142
61 224
79 250
459 201
375 411
364 28
183 331
88 264
262 378
39 219
324 175
357 88
319 493
404 160
365 471
479 224
195 248
303 468
58 177
79 274
383 480
398 72
257 324
155 390
328 473
428 175
7 84
198 11
348 400
91 37
65 151
465 216
408 108
375 292
199 21
383 252
229 413
488 481
4 172
262 70
98 414
441 245
18 4
218 224
118 30
433 141
424 446
400 93
308 177
77 224
44 312
349 15
126 151
403 266
7 27
359 456
467 15
250 214
189 122
113 400
402 85
129 189
63 445
24 212
187 21
134 353
100 172
68 360
86 289
263 244
136 474
61 60
458 475
221 410
167 139
343 160
58 356
160 217
311 408
346 388
80 260
80 469
137 147
208 184
172 308
344 294
409 293
227 364
34 357
226 497
133 270
249 156
315 429
1 160
451 355
266 186
283 314
311 457
271 412
29 289
171 347
479 273
360 211
232 131
10 152
176 122
409 208
136 366
54 281
401 139
433 322
71 442
356 212
213 484
74 194
219 235
461 37
155 275
250 142
167 166
208 284
79 240
64 437
17 166
65 332
120 78
201 426
29 184
58 87
2 293
332 195
76 123
223 434
219 262
351 148
183 477
480 70
443 103
323 263
367 216
248 60
278 70
176 85
52 58
37 392
108 291
214 349
88 337
376 299
259 127
218 490
437 196
368 68
121 182
174 183
139 452
242 389
200 74
381 157
264 128
174 53
396 166
370 341
404 226
203 199
314 405
100 379
441 412
434 41
310 451
307 17
350 261
295 317
237 264
206 287
479 268
341 209
477 334
294 299
140 483
106 171
458 498
313 474
473 102
479 146
54 323
336 304
92 239
483 71
121 102
242 84
63 99
413 262
245 81
388 404
280 389
332 64
8 148
83 434
474 226
207 457
385 141
361 264
44 251
416 250
159 349
118 415
18 15
258 424
418 79
278 295
222 244
217 57
367 64
324 274
437 262
44 143
45 475
349 351
99 121
396 316
134 206
393 295
145 472
14 38
132 318
114 118
86 318
246 72
197 418
238 205
78 341
52 89
433 77
307 95
173 499
46 164
411 50
320 281
97 447
289 463
131 135
261 491
42 266
488 368
190 98
324 313
118 285
338 388
436 87
189 326
397 352
350 166
496 408
73 23
252 400
361 52
397 131
166 285
265 112
74 297
287 134
156 398
120 108
347 84
137 183
91 475
390 174
56 494
349 481
278 190
124 188
137 16
90 124
43 313
187 33
97 306
436 149
394 142
108 301
466 446
54 285
408 390
55 41
361 245
275 218
378 230
410 429
289 166
66 258
398 387
46 372
274 250
369 241
337 416
108 361
360 307
225 273
480 304
65 277
158 252
329 136
258 441
366 230
194 130
117 358
304 224
239 76
351 163
32 455
399 202
121 103
398 233
480 198
345 67
480 227
92 72
104 93
197 23
7 426
112 200
41 246
297 309
367 46
305 214
146 175
438 243
96 399
341 386
161 490
446 86
7 446
387 213
207 223
319 1
46 338
123 326
209 410
100 226
175 495
490 305
232 221
49 132
226 282
73 176
466 231
199 450
278 73
276 223
384 488
170 247
421 66
223 477
422 213
73 229
104 306
14 493
51 173
342 100
358 457
274 65
23 349
438 421
144 203
353 125
146 357
15 178
162 442
451 178
370 440
405 178
59 213
147 311
492 178
413 415
6 38
214 222
202 472
373 351
179 72
292 310
269 371
39 477
475 156
286 321
486 475
322 232
65 325
86 114
224 1
157 62
122 292
377 328
468 25
487 48
121 258
438 204
307 246
347 219
197 140
117 3
5 482
65 87
309 293
368 334
15 204
207 344
176 441
290 20
489 385
392 456
357 412
363 375
85 409
296 420
253 57
215 259
43 9
17 385
426 414
353 373
183 190
191 174
187 123
311 414
469 436
472 109
82 205
374 198
449 272
448 68
194 386
2 115
293 38
389 113
266 444
487 140
402 236
22 500
205 366
271 297
474 480
40 4
386 110
459 324
44 400
11 306
266 4
368 496
217 278
195 436
362 194
265 445
51 489
311 452
416 118
249 326
347 157
444 344
187 451
481 474
116 483
125 239
228 450
188 412
406 234
220 311
475 172
100 365
246 270
420 281
394 398
91 46
61 401
440 297
281 298
44 404
431 180
464 250
387 455
134 43
95 269
48 399
194 282
85 239
22 109
389 152
249 212
421 85
236 207
458 461
162 225
323 473
277 270
249 481
143 118
196 123
143 416
190 192
100 365
489 326
148 318
30 80
131 237
427 316
58 235
237 153
80 261
113 489
252 485
211 206
442 439
485 208
224 77
457 369
118 349
385 108
92 196
4 270
422 303
170 29
63 286
497 325
198 26
26 326
139 484
262 135
311 94
378 400
130 450
298 217
323 256
210 22
384 111
367 443
113 250
59 51
385 400
418 140
157 292
487 479
254 452
154 111
447 324
113 321
372 360
465 185
499 312
144 211
473 181
254 205
435 19
389 474
106 426
147 368
485 154
249 374
268 315
95 42
452 120
54 408
393 95
39 329
124 376
479 143
54 336
10 53
48 290
417 361
367 401
337 48
455 100
16 301
77 151
474 45
326 292
455 381
459 180
111 311
220 203
416 155
423 208
28 13
126 343
37 247
419 280
342 212
232 283
363 485
201 486
230 348
477 154
449 397
485 212
17 221
260 84
378 241
124 450
444 359
498 437
11 396
324 468
333 32
225 156
435 293
377 230
130 87
230 258
303 205
114 31
210 106
428 201
68 110
478 171
476 201
271 37
310 377
54 130
253 71
299 111
265 117
471 61
137 270
233 283
443 251
198 407
379 198
151 264
312 70
5 444
196 331
280 161
445 495
383 150
400 110
95 265
44 382
439 419
418 61
65 400
471 103
462 201
103 267
46 37
116 146
328 35
124 332
110 227
60 134
333 218
73 356
362 163
10 201
70 204
123 345
496 119
104 308
420 307
410 258
216 219
210 132
271 80
498 64
314 471
258 282
495 30
93 119
488 260
68 115
101 241
315 356
171 225
34 342
339 165
38 185
498 292
107 422
371 122
305 40
317 463
177 417
417 471
440 490
17 15
207 197
494 71
53 234
157 50
454 33
241 136
277 288
281 325
322 164
137 22
422 419
256 457
490 110
434 444
131 251
443 83
184 205
249 246
289 281
442 384
403 131
461 75
284 304
415 318
179 396
225 142
388 229
103 414
318 214
33 402
123 58
452 399
470 407
439 144
139 2
58 85
390 12
337 218
413 484
385 257
326 215
212 38
98 481
135 79
483 316
54 425
27 189
123 357
247 89
251 215
357 94
394 139
43 309
353 285
313 244
265 270
378 439
408 464
436 336
24 317
384 400
462 85
344 39
219 1
344 262
206 198
438 366
472 485
363 389
277 207
265 420
473 283
149 22
297 122
413 408
279 257
375 494
140 111
435 411
166 492
86 384
243 450
126 445
264 21
293 197
40 167
2 8
375 282
296 178
469 45
203 379
259 403
213 405
427 359
500 20
305 102
111 166
292 143
152 39
44 361
473 288
446 229
190 212
398 74
161 283
323 496
453 28
136 350
406 432
424 88
365 493
306 119
155 99
122 416
319 249
16 124
252 107
215 487
169 431
190 496
75 40
125 292
29 499
228 220
480 311
419 488
385 239
61 466
170 20
321 89
94 315
81 219
9 148
358 188
4 246
402 267
309 150
89 246
422 303
143 328
464 497
310 10
13 338
246 239
241 432
111 417
429 498
310 311
65 419
350 63
355 58
394 308
41 188
284 356
167 431
284 183
160 160
447 49
264 411
370 134
271 175
378 57
151 458
458 95
118 212
231 145
248 100
194 47
111 226
148 123
304 23
468 292
443 457
169 208
14 255
121 264
201 66
455 447
180 342
145 472
172 138
104 295
99 85
347 38
357 261
384 51
236 154
112 131
143 147
159 349
236 153
396 316
61 10
433 251
497 198
486 24
364 174
477 155
56 455
310 130
188 48
25 103
359 459
94 110
238 47
6 157
213 391
332 161
469 409
473 483
293 291
306 334
229 352
181 83
199 9
54 427
108 365
62 148
440 104
432 356
375 130
291 127
484 150
332 482
216 382
62 467
148 397
280 83
230 482
71 60
49 279
440 127
278 363
383 427
481 421
180 325
429 220
297 188
346 319
20 344
388 114
158 149
160 69
327 12
38 275
68 148
324 327
123 53
56 409
273 480
270 312
458 364
123 241
478 487
96 496
417 99
289 108
64 396
90 418
296 40
430 416
327 25
86 120
145 378
475 205
498 193
220 212
1 474
113 169
389 37
262 271
373 156
92 331
255 457
239 137
27 43
332 142
271 314
465 255
398 32
487 83
442 244
437 437
399 401
431 301
171 213
71 136
112 163
124 88
76 376
259 395
182 405
110 459
72 403
15 101
87 218
108 74
159 148
240 394
195 183
430 383
179 39
201 51
183 57
318 20
321 389
463 390
88 115
254 227
53 232
328 487
282 436
414 222
474 390
198 406
189 394
197 188
51 159
92 309
235 148
200 285
142 462
320 493
104 126
243 323
195 59
123 434
117 460
471 26
230 106
313 300
11 346
476 484
210 189
409 404
428 119
141 71
210 38
490 292
366 411
422 471
486 5
474 335
42 482
460 374
380 275
22 474
224 32
224 229
467 494
218 134
286 199
257 58
99 342
230 260
237 478
500 124
47 68
407 437
388 125
496 223
263 499
458 283
446 89
103 396
340 383
353 274
180 465
465 332
307 256
183 264
269 358
384 211
239 186
339 372
31 397
5 176
418 464
147 306
136 446
102 331
394 499
230 263
405 21
142 415
114 242
287 127
189 23
2 121
228 277
34 264
149 435
327 61
384 114
352 5
238 70
207 104
299 14
472 368
147 84
217 284
338 170
255 420
258 455
399 119
441 227
128 276
44 122
376 2
178 415
74 374
313 208
245 256
101 352
320 159
174 318
242 447
323 33
20 16
78 395
315 477
6 320
70 318
443 497
264 210
332 213
286 327
103 24
32 18
86 179
322 315
182 482
340 400
22 126
236 257
260 42
91 14
317 477
472 69
163 425
74 8
199 413
101 169
232 27
221 429
243 425
204 30
315 281
288 381
251 134
427 385
425 403
199 439
102 255
180 436
74 191
392 57
420 96
231 114
220 186
344 453
238 118
364 52
9 157
261 32
169 375
417 477
405 222
465 412
161 130
234 394
249 436
479 103
125 443
451 270
149 191
444 493
29 474
436 277
55 110
299 46
447 344
155 70
482 190
120 352
6 200
88 308
168 83
85 7
162 56
154 346
439 29
167 66
404 67
285 92
95 322
120 328
449 352
338 371
168 440
280 96
191 368
436 399
192 224
351 235
166 290
391 381
473 232
265 266
232 389
166 102
178 484
428 160
485 231
440 79
268 197
1 350
291 90
177 8
403 11
156 105
272 108
305 498
382 4
88 477
171 195
269 108
117 218
256 445
309 34
85 300
28 78
12 63
95 445
353 252
398 266
323 308
399 187
72 311
479 94
477 99
173 353
136 59
279 285
426 392
136 483
194 103
333 89
248 14
50 143
226 56
466 347
480 477
3 493
63 3
142 446
474 403
120 146
421 486
111 245
466 44
60 478
283 29
371 230
357 297
321 317
169 267
496 436
70 444
488 305
3 145
399 184
365 82
351 404
13 352
389 246
194 344
361 256
17 262
211 449
321 266
93 267
360 267
171 401
331 76
68 150
49 381
32 238
392 379
217 282
406 123
351 167
192 200
35 220
433 369
305 437
227 253
352 380
316 411
428 159
388 131
99 371
196 39
229 127
430 50
411 320
434 300
56 343
46 448
389 257
367 275
330 260
165 381
102 391
320 324
259 26
196 246
438 264
355 305
123 479
484 82
476 294
461 156
116 250
383 321
62 57
343 420
285 302
39 116
281 195
357 238
416 277
371 150
299 31
477 494
295 41
140 139
15 494
137 144
261 391
368 461
67 196
72 193
190 240
131 87
344 295
44 127
149 325
122 463
52 391
111 274
57 17
37 212
57 315
309 91
289 323
197 104
184 88
242 284
206 479
212 12
185 142
409 392
143 211
374 426
405 474
219 255
177 266
412 150
415 268
160 272
74 278
259 144
345 468
416 129
285 136
255 352
486 348
154 11
488 442
335 201
230 302
312 230
123 359
259 331
183 87
269 122
268 166
99 314
114 412
381 319
404 43
336 4
13 58
24 341
483 56
391 297
8 369
153 187
220 254
439 177
180 357
73 251
353 259
394 310
371 45
43 438
144 243
313 156
60 150
405 234
33 414
484 300
208 426
441 451
163 477
450 443
168 390
43 480
476 334
233 79
393 410
367 5
20 423
271 436
210 87
329 106
479 450
173 325
130 484
99 267
383 490
393 132
221 295
478 318
450 449
125 229
268 75
380 218
102 59
143 24
52 32
190 310
292 495
292 438
57 220
76 470
17 175
119 10
284 359
257 296
242 63
327 376
40 271
402 44
95 431
227 173
18 419
136 333
280 255
317 107
479 131
366 151
314 189
30 178
478 352
472 133
24 412
113 187
379 415
185 340
228 439
71 112
483 347
14 323
460 225
72 235
435 161
403 466
368 100
104 381
52 227
51 481
25 439
48 9
177 241
245 19
421 303
54 12
118 362
203 384
202 438
36 299
447 53
112 218
463 144
249 281
255 386
84 192
218 179
432 127
91 215
65 1
332 456
381 35
310 295
324 105
388 306
373 220
271 9
449 408
242 109
27 372
39 76
254 424
55 214
148 108
434 332
24 267
480 399
123 100
175 10
222 454
365 407
78 488
93 94
363 102
324 145
435 63
140 236
144 107
113 350
237 246
331 453
433 307
90 494
257 157
345 8
77 50
349 136
109 337
447 337
290 371
249 186
310 216
160 474
160 453
376 359
366 203
34 94
243 411
192 94
360 222
253 221
220 108
129 137
286 210
54 388
227 467
162 496
352 413
309 353
250 162
136 500
195 437
206 77
46 458
28 129
32 277
229 68
300 113
293 205
269 275
173 224
479 63
285 358
500 141
160 421
88 52
282 361
87 433
72 345
440 120
488 338
289 317
36 6
385 255
234 93
211 311
414 104
285 306
314 420
281 27
247 208
62 189
5 55
495 438
266 248
116 390
205 432
171 424
452 493
474 456
147 339
174 256
182 118
309 379
266 189
307 222
299 25
62 277
397 478
86 189
471 492
174 79
379 382
141 170
249 356
303 398
186 117
140 378
391 320
293 91
273 417
69 11
219 330
191 197
315 387
406 263
189 117
15 223
418 266
112 471
137 340
119 483
383 143
267 380
500 104
339 43
394 68
125 58
215 255
332 316
283 438
114 143
73 448
110 307
152 187
36 410
46 376
454 392
154 211
16 245
364 251
122 97
466 217
162 84
246 494
256 227
88 85
235 415
80 331
402 251
287 358
497 38
31 19
459 428
142 329
91 186
66 39
372 79
420 473
109 440
88 346
51 225
10 187
445 191
310 401
462 71
299 268
450 186
230 67
62 333
419 67
346 422
302 312
257 18
395 410
16 44
400 139
304 335
363 427
404 72
176 355
299 368
204 17
203 15
57 499
404 328
482 86
206 488
95 415
3 294
199 372
99 55
309 57
324 10
486 92
184 358
20 382
415 108
316 414
291 270
486 204
347 481
123 340
201 175
480 11
215 315
22 92
162 366
96 96
466 478
346 217
286 116
200 313
345 81
476 110
438 304
415 131
295 370
465 254
466 376
402 461
123 211
377 39
92 55
253 135
386 455
42 133
204 142
166 257
114 442
355 268
307 352
478 435
213 483
298 271
157 119
170 167
49 75
187 20
482 54
186 59
385 453
472 461
206 363
17 31
67 32
348 238
497 133
263 167
495 432
8 251
419 263
27 158
179 14
357 31
269 157
132 318
436 351
208 236
34 153
17 166
306 358
356 400
150 311
289 202
313 28
383 2
48 72
180 426
180 418
461 258
45 119
451 270
376 283
74 145
233 338
167 244
122 462
318 483
78 161
166 64
316 281
405 429
108 240
411 204
155 285
121 159
315 28
106 409
386 254
241 428
209 422
34 165
37 67
84 356
435 119
359 386
152 500
277 262
334 335
163 498
217 80
73 412
93 439
140 259
410 447
388 69
446 203
166 400
179 209
259 176
308 275
100 411
265 82
62 496
324 354
109 413
269 289
98 441
42 171
202 272
124 347
237 62
332 56
139 44
317 159
202 435
22 493
334 163
306 155
88 500
461 294
27 317
468 296
186 164
497 458
412 263
286 427
334 481
137 291
217 439
378 158
103 43
382 107
176 433
191 152
145 283
25 180
375 459
123 141
284 319
128 326
499 478
267 401
151 37
481 293
145 332
23 486
286 323
452 389
188 358
437 372
182 346
110 407
106 384
197 157
65 488
50 302
310 498
416 105
389 315
438 412
475 351
90 348
160 355
398 151
169 205
361 474
174 248
202 95
221 410
216 74
182 83
400 409
187 193
394 296
453 324
154 56
166 68
157 359
23 265
27 85
472 201
442 222
362 212
66 492
372 26
181 408
403 114
484 488
234 477
320 389
8 172
150 208
414 88
244 432
45 28
438 361
350 171
210 203
35 305
401 190
80 218
420 263
281 52
119 223
138 44
303 222
161 434
66 485
265 175
427 230
459 215
393 426
491 368
143 293
249 68
232 313
428 290
71 430
252 278
27 88
138 291
388 492
411 24
91 110
371 244
367 157
431 390
247 341
180 175
127 98
447 101
10 25
235 109
166 24
410 215
228 275
52 353
143 202
269 227
394 145
64 369
242 11
202 483
110 60
386 177
6 157
286 351
411 65
27 499
36 145
90 205
219 77
27 402
76 452
296 148
39 1
142 462
321 438
350 432
256 265
229 269
478 220
325 147
316 291
296 288
440 49
159 208
167 247
316 33
269 115
1 481
356 370
263 199
193 200
401 184
29 249
199 244
440 244
52 442
22 183
464 468
186 423
342 441
317 45
431 460
18 490
410 42
475 180
354 41
26 15
52 389
171 66
146 488
201 161
473 287
78 387
499 157
4 308
299 219
101 120
60 394
202 393
398 36
490 252
304 21
26 154
122 433
240 302
464 230
45 450
210 184
474 191
439 166
193 344
19 399
486 65
114 344
312 39
322 147
358 447
14 117
461 49
345 146
469 278
155 330
65 189
250 83
14 21
242 209
367 136
385 363
211 500
111 180
280 367
180 258
21 199
454 438
470 393
137 206
234 93
160 6
77 4
367 269
213 214
442 481
136 476
314 245
437 333
339 293
346 278
73 357
309 476
4 329
104 31
471 234
192 280
209 353
52 222
33 192
126 498
358 333
57 34
237 356
78 55
303 357
364 404
383 187
466 147
178 49
27 13
319 106
341 48
236 365
101 87
13 449
365 159
174 271
373 70
162 373
299 475
156 52
302 483
481 98
36 32
105 300
397 9
273 429
196 298
85 397
183 455
190 476
213 424
478 133
396 486
265 121
392 418
366 214
160 391
441 112
16 18
438 123
257 55
29 114
324 276
496 413
34 308
122 377
66 22
381 86
445 371
403 136
2 378
367 142
454 11
138 493
240 18
354 172
371 52
235 151
28 416
26 214
407 267
293 142
209 119
19 246
50 89
307 175
4 219
395 195
488 234
28 333
44 106
206 409
68 493
129 15
446 177
272 394
500 313
196 319
373 233
227 266
414 24
266 418
127 26
313 124
459 152
365 99
54 489
418 461
295 48
75 310
260 71
216 35
183 192
12 274
354 175
400 138
19 53
292 300
369 3
188 15
377 275
126 227
22 241
382 178
246 385
427 370
123 134
327 67
436 78
21 233
165 118
186 463
324 30
303 435
293 126
410 300
325 310
435 195
255 326
259 73
400 360
310 112
402 267
455 323
280 267
353 190
56 152
294 430
463 20
130 2
390 302
183 333
302 315
120 473
70 250
217 319
33 170
309 443
1 152
89 139
222 154
352 254
104 114
334 306
181 2
41 273
72 440
480 200
180 336
104 62
354 112
50 301
408 80
12 313
109 242
337 462
483 18
76 389
57 242
377 355
382 492
323 182
151 461
280 277
46 210
148 207
147 167
289 263
495 53
56 304
26 138
255 22
209 102
173 279
307 211
189 339
173 376
231 485
466 328
308 133
80 117
378 60
294 218
184 313
194 194
313 343
24 105
215 295
377 160
378 149
376 28
40 294
209 34
96 403
374 224
254 489
277 32
197 193
156 221
149 7
438 324
205 214
17 19
493 446
12 73
436 150
77 7
421 307
183 32
69 174
129 463
174 307
72 57
460 187
224 51
45 468
152 4
236 221
453 51
377 209
293 387
107 126
63 492
153 251
386 312
357 279
40 270
213 404
11 429
459 214
469 54
153 365
306 195
33 496
89 271
120 274
419 162
56 24
400 51
351 170
19 154
36 490
65 74
449 233
431 48
129 91
417 169
50 377
483 37
47 116
429 298
178 480
185 390
311 65
182 411
264 45
146 262
233 119
483 298
486 192
36 23
65 288
358 209
135 355
417 255
381 379
401 328
87 22
137 164
373 362
232 484
219 226
21 32
140 145
152 126
167 335
337 153
308 499
366 146
104 362
155 338
10 300
292 362
357 109
257 316
78 180
112 140
371 336
149 261
225 104
351 289
60 83
129 231
356 115
442 472
478 454
286 99
220 411
8 99
381 274
189 410
39 413
48 165
53 180
202 291
176 378
280 358
286 491
205 89
403 25
52 127
131 432
408 287
134 348
470 180
364 341
45 209
441 300
249 228
259 477
73 160
55 421
273 194
377 336
118 377
435 22
329 93
278 435
319 28
143 372
314 236
190 233
239 286
62 300
85 219
413 265
103 383
284 351
356 260
178 212
379 500
364 37
248 6
4 112
425 361
317 398
442 323
364 62
123 427
142 186
227 141
55 161
203 399
172 371
413 82
313 110
210 345
281 364
210 439
29 108
242 7
154 185
264 58
177 11
424 271
349 272
127 239
391 52
360 373
324 166
300 126
233 436
448 280
346 186
124 259
213 284
305 66
235 238
479 413
182 231
447 64
467 323
208 104
484 430
80 344
321 281
4 158
91 483
120 137
260 243
378 381
278 43
116 211
466 206
88 464
10 412
367 306
13 318
267 420
91 232
209 214
346 214
112 354
52 445
320 411
157 7
330 379
432 110
9 211
209 18
253 37
149 226
462 208
16 20
390 213
112 205
359 90
420 37
267 429
202 180
494 386
132 26
152 477
403 235
416 53
271 69
133 311
206 304
499 449
155 102
432 193
203 487
224 433
353 99
274 369
362 446
393 40
263 397
268 295
238 54
390 121
238 393
227 66
461 20
497 409
166 275
392 187
113 110
276 9
217 54
230 61
382 276
468 290
322 433
467 236
43 322
110 208
26 291
332 423
378 352
382 253
87 163
164 300
219 34
137 481
266 102
246 440
211 313
264 27
267 100
144 401
232 494
189 128
412 389
325 187
233 108
500 268
441 203
130 16
396 370
30 202
207 103
52 279
208 206
383 431
58 354
236 282
367 138
471 176
74 111
334 161
370 224
137 123
52 112
317 31
411 142
240 242
343 335
155 6
397 229
452 366
237 338
31 271
259 87
249 284
447 417
102 223
124 345
42 239
346 405
46 146
133 290
421 429
168 52
500 355
308 169
112 267
447 494
196 64
492 291
201 91
263 471
305 8
404 4
382 16
76 139
376 303
112 217
456 288
493 319
259 237
438 226
116 88
135 463
105 243
467 340
146 193
91 322
313 44
485 208
189 438
312 206
179 229
64 24
37 486
283 377
442 213
462 356
184 13
65 52
270 315
293 368
445 136
383 190
188 425
439 489
380 219
257 397
391 58
129 77
117 128
71 69
444 15
32 195
255 485
393 151
434 250
456 235
298 102
350 165
16 471
202 315
52 468
351 24
66 71
69 429
230 409
387 331
232 228
144 128
472 151
70 335
428 111
373 297
207 231
174 13
120 94
393 394
295 423
99 227
49 104
364 267
254 199
365 113
194 120
232 248
500 443
102 464
409 188
113 264
469 101
129 481
45 497
14 323
424 442
211 200
165 199
104 119
342 95
105 209
251 151
170 196
121 326
291 222
461 16
342 370
213 52
283 23
434 353
24 70
225 277
212 160
150 168
308 344
123 145
313 66
373 16
132 22
11 41
61 37
480 249
438 343
294 180
491 211
421 82
350 434
386 476
209 340
107 301
247 221
115 358
432 292
238 67
55 234
310 128
400 419
110 41
153 74
430 417
80 453
29 417
203 153
7 365
387 68
147 194
160 435
468 420
314 202
500 142
318 114
305 98
337 126
376 96
140 159
472 167
433 45
295 188
375 106
489 292
438 209
241 361
299 166
416 287
439 234
37 141
470 423
59 73
456 58
184 350
431 43
201 42
335 49
88 52
313 265
239 443
25 90
169 234
320 366
145 10
431 304
407 256
197 473
5 292
495 417
404 94
161 2
324 146
499 95
96 195
255 291
283 110
277 334
40 217
417 325
196 186
350 369
191 419
349 236
431 94
174 439
341 490
320 111
203 306
424 125
389 444
67 348
421 436
389 323
207 474
480 245
206 169
162 366
141 90
383 206
100 486
77 153
173 465
433 201
203 488
168 27
487 147
497 317
352 17
39 420
325 354
142 394
113 420
335 250
74 72
299 411
193 289
43 211
168 329
440 67
424 298
355 472
51 470
339 145
14 307
251 417
311 465
327 168
354 182
274 186
12 52
439 169
26 61
18 22
473 233
48 196
486 407
374 7
67 31
488 75
33 492
363 326
9 411
131 254
473 288
15 378
162 372
191 369
331 298
427 305
133 20
430 4
233 189
11 102
4 229
408 66
11 226
404 30
376 152
88 4
77 486
34 218
500 308
221 257
96 133
68 143
419 270
390 60
485 111
138 454
351 31
138 436
155 416
402 63
341 62
12 260
476 6
14 151
202 467
144 420
239 390
493 93
286 484
499 182
175 114
164 401
286 363
399 218
247 36
166 216
252 35
254 139
369 113
65 212
339 197
399 480
226 394
81 144
31 460
371 249
41 270
316 27
177 182
199 412
466 446
469 212
141 72
295 79
272 303
164 170
324 4
119 102
159 128
148 129
133 220
21 416
357 393
147 211
231 54
231 404
33 482
369 397
302 110
226 394
216 71
180 483
392 408
408 253
228 207
98 54
370 331
468 103
189 64
124 13
75 368
453 298
377 444
58 328
163 146
195 151
300 334
495 238
133 348
79 404
20 132
363 10
150 396
495 221
139 104
332 131
355 344
127 210
36 59
277 91
303 72
428 434
328 54
500 102
16 3
385 286
458 479
278 182
71 303
420 70
353 189
334 276
368 439
168 363
494 261
379 207
453 65
58 315
51 495
465 131
154 233
447 405
462 95
295 325
115 97
260 176
54 35
126 232
382 11
7 123
7 11
7 165
6 421
70 1
344 353
158 238
135 301
90 28
66 202
453 190
318 375
257 94
367 499
383 81
199 374
402 204
348 344
409 319
369 446
247 265
138 206
340 108
86 88
192 336
319 374
229 158
282 43
50 348
86 173
77 193
125 76
169 498
59 48
455 19
150 173
339 138
274 167
5 475
474 82
399 166
236 477
373 318
306 118
41 323
428 309
66 31
298 109
149 135
229 430
188 63
78 481
55 172
393 234
497 495
406 66
271 171
137 105
158 480
280 328
104 492
69 200
467 32
249 416
8 430
159 496
301 111
121 486
413 210
70 151
163 356
257 347
424 267
65 176
441 28
415 274
51 34
415 485
372 202
288 471
313 491
103 84
332 442
483 408
110 32
271 327
105 345
106 185
412 95
105 224
36 338
276 310
164 469
457 327
252 82
459 355
176 241
245 186
44 429
368 226
148 95
227 453
27 88
104 108
339 386
471 412
414 352
28 29
194 17
80 210
284 410
450 76
73 356
222 265
264 284
272 448
66 173
427 293
319 43
9 185
289 53
24 474
379 217
457 208
449 92
265 417
129 428
356 72
94 156
352 180
490 59
321 77
296 81
132 175
102 446
14 237
42 335
92 145
331 90
273 21
135 499
125 480
267 358
111 239
22 391
1 448
125 424
428 391
123 204
455 246
108 37
336 168
121 175
344 42
121 490
29 245
431 121
17 125
463 100
282 40
336 175
478 172
425 3
54 74
35 64
134 316
9 302
1 73
41 149
9 427
26 204
164 152
164 111
411 403
472 303
433 106
198 436
225 256
148 5
376 305
342 473
178 497
104 345
118 94
363 84
84 289
182 384
300 213
301 137
260 100
280 266
257 260
194 342
227 137
486 427
72 381
394 332
276 8
286 59
324 279
278 478
170 421
124 340
85 370
182 364
118 331
36 338
106 30
170 315
240 324
468 33
149 373
81 391
446 214
399 373
85 89
462 486
455 188
226 394
264 383
464 48
454 342
435 217
132 220
59 111
142 246
326 450
278 278
299 266
423 325
133 116
345 472
91 366
157 54
334 53
231 43
29 468
145 428
272 246
431 183
427 436
56 165
238 65
48 261
55 364
313 25
260 321
15 162
121 53
402 178
54 376
125 315
266 67
250 162
197 72
165 291
348 132
439 499
181 48
27 479
488 135
108 310
457 164
293 460
407 322
33 266
12 64
311 393
486 469
427 272
18 118
413 456
41 245
158 264
250 118
173 490
451 138
323 398
422 43
366 423
171 321
151 181
178 205
275 176
26 5
197 334
466 310
327 366
200 89
211 235
272 271
236 25
236 438
118 421
136 34
33 317
356 270
275 121
237 71
124 288
364 49
127 336
376 220
71 413
174 42
287 189
7 208
207 215
237 299
412 454
47 257
409 434
159 222
452 328
384 192
103 192
81 458
231 497
298 174
284 442
291 293
416 59
19 244
475 229
424 132
36 70
427 270
312 339
137 141
323 146
18 323
17 185
8 94
275 404
120 485
86 67
263 367
492 217
240 357
32 408
89 375
58 297
10 483
413 150
51 457
128 36
191 375
433 483
138 15
388 192
177 140
27 84
355 405
127 146
122 48
295 390
29 492
322 146
249 330
416 364
11 432
393 55
93 440
159 380
471 278
491 379
358 359
62 196
48 61
208 303
177 391
149 99
70 200
85 277
410 348
203 419
273 239
50 14
315 494
266 148
50 419
270 135
307 306
79 191
488 8
342 23
147 365
246 260
113 42
145 201
393 25
372 461
105 74
231 103
381 308
485 368
295 219
405 253
177 324
481 310
138 335
173 260
447 250
40 44
47 11
5 202
86 381
65 131
201 491
256 51
51 477
156 316
434 471
344 496
435 12
394 57
397 309
97 392
464 254
313 452
446 445
368 300
56 84
205 194
353 290
360 55
87 81
484 298
445 139
477 216
486 275
429 190
372 37
431 302
273 329
453 382
323 365
176 310
169 238
333 10
149 500
350 132
211 422
465 327
438 231
396 184
251 182
112 483
361 390
51 161
496 460
230 418
450 346
107 332
256 17
191 67
141 236
291 166
71 184
449 141
403 285
438 128
372 39
315 114
86 462
354 231
258 132
281 384
161 222
207 484
334 210
362 393
290 416
66 87
461 303
97 499
232 343
194 396
42 325
161 66
407 295
456 435
463 273
247 444
23 240
278 19
199 104
270 160
385 134
189 492
189 418
43 348
105 317
40 48
368 453
119 45
101 241
15 20
171 488
245 361
268 203
394 187
350 427
478 376
167 432
57 424
63 101
389 464
323 250
101 137
110 195
498 135
49 309
455 331
288 80
421 220
251 438
478 364
412 344
308 451
258 412
403 241
316 61
21 351
301 8
156 167
328 90
115 281
353 183
383 199
413 314
255 345
76 497
208 456
488 35
174 9
473 37
407 331
219 224
498 224
33 143
492 25
204 60
192 17
50 250
309 374
38 291
172 460
245 200
128 268
112 288
352 461
367 216
300 451
171 187
248 93
277 42
92 49
13 92
292 472
495 35
10 488
98 258
304 59
88 36
60 487
172 89
420 91
126 289
188 39
35 410
368 198
496 341
438 369
281 465
498 392
71 365
395 332
319 216
337 53
114 170
276 358
404 181
372 50
421 469
253 202
394 177
77 122
153 140
495 130
165 466
288 77
186 249
496 43
498 52
175 244
70 12
66 54
363 362
110 186
225 329
272 380
214 342
284 390
212 422
450 277
213 436
361 282
164 222
481 332
490 432
227 137
113 28
262 84
435 199
240 338
405 45
192 16
427 434
149 305
102 46
112 154
77 96
16 86
449 317
52 311
358 21
133 295
381 476
197 315
271 6
324 345
168 489
108 469
145 51
379 164
490 454
10 177
452 382
426 9
123 221
481 104
318 375
230 392
172 144
492 195
201 305
432 415
275 341
6 131
216 148
314 420
168 38
202 67
413 88
289 436
433 15
125 401
314 395
414 291
122 436
445 166
81 271
69 248
378 294
165 448
238 484
84 329
474 463
482 97
67 290
203 271
1 70
192 121
473 199
15 386
391 469
204 419
186 449
323 41
27 280
499 200
483 106
26 27
470 192
335 13
27 495
337 415
419 458
75 163
180 289
69 38
203 500
409 46
190 276
279 385
236 77
320 144
60 364
145 120
16 63
191 124
118 223
222 61
125 44
260 162
75 144
318 424
109 20
365 411
270 232
439 413
316 475
210 444
170 37
22 452
320 29
200 484
314 239
278 282
134 11
109 399
58 461
465 410
216 372
467 491
459 432
366 75
266 185
366 353
63 123
162 197
152 277
124 481
341 404
463 433
53 119
174 304
89 14
25 72
431 94
296 450
287 321
455 39
436 182
178 420
141 27
323 462
298 389
277 122
403 240
253 102
168 495
388 458
250 351
492 429
124 108
442 41
490 120
83 192
17 480
327 427
303 35
75 362
214 358
462 260
145 211
73 167
465 37
369 500
9 254
161 16
47 83
454 26
126 130
293 148
215 426
398 48
322 66
87 23
253 8
318 67
90 388
20 331
68 456
361 453
77 70
54 417
472 480
369 418
18 59
319 235
422 286
57 376
120 339
456 49
59 478
465 359
386 68
285 473
442 181
370 237
440 121
424 360
114 143
314 298
308 124
345 108
283 380
374 80
496 451
193 79
107 264
278 189
190 219
453 82
289 159
396 74
208 142
309 474
45 399
419 60
477 392
78 37
480 291
391 495
195 439
82 432
469 324
324 330
153 329
475 262
223 474
119 15
92 170
10 310
158 440
173 69
485 90
300 246
337 356
209 148
264 478
15 101
474 1
306 159
399 199
257 41
480 385
366 17
492 258
118 340
415 442
196 183
383 270
249 460
229 27
130 313
453 158
361 367
413 265
325 322
78 6
77 268
343 200
284 254
275 222
230 175
71 127
48 227
404 17
399 69
426 184
450 1
59 202
388 110
456 387
46 83
30 66
346 316
276 14
229 139
296 9
361 279
341 48
349 22
260 121
259 495
354 473
106 24
3 468
387 168
159 398
336 432
341 398
469 461
229 207
331 61
201 313
303 392
127 138
19 391
461 321
94 241
431 162
456 253
105 361
2 203
336 453
453 122
472 156
241 2
419 235
490 368
131 86
366 140
273 48
132 488
422 288
75 24
494 421
500 174
474 341
161 96
157 490
393 245
54 122
214 376
483 269
158 468
422 327
209 249
30 469
74 347
414 201
19 198
306 398
226 27
112 234
244 125
267 244
280 192
41 2
22 459
129 438
174 392
162 374
413 95
16 268
134 254
166 446
270 386
425 408
256 393
269 226
246 340
120 270
171 484
103 223
461 1
342 94
390 303
321 304
493 208
407 106
339 216
41 331
68 470
135 48
278 214
352 193
