500
7500
225 317
37 344
379 348
82 235
460 122
197 40
368 338
98 212
87 392
350 237
179 116
470 286
182 433
89 125
187 162
126 285
199 484
425 485
296 464
41 325
328 167
385 311
370 456
348 468
162 113
240 431
429 295
58 477
393 268
458 498
11 37
384 266
232 494
226 106
343 393
256 454
278 454
312 263
432 413
180 7
232 320
194 145
455 250
229 35
183 495
47 302
500 96
270 409
384 78
313 392
402 90
308 14
259 259
147 254
286 249
240 258
467 289
385 294
330 28
26 492
110 181
245 362
250 255
1 233
338 289
449 238
405 266
319 150
243 156
361 218
417 316
342 185
24 484
224 291
131 423
403 324
289 437
322 225
390 467
192 104
160 455
483 319
250 125
233 239
293 434
128 305
301 313
378 399
300 487
339 482
432 220
162 268
81 278
423 310
377 379
487 384
319 78
237 101
92 462
354 132
265 201
82 175
409 406
344 82
274 404
6 329
20 207
388 161
254 56
384 299
353 457
370 496
204 127
181 43
309 33
412 480
83 14
439 187
20 67
380 109
303 289
460 23
287 420
131 376
167 425
480 83
93 158
389 415
456 178
183 353
158 43
148 217
395 406
2 106
339 400
147 127
275 472
115 51
109 240
477 87
98 222
243 9
223 70
57 493
57 500
410 420
327 90
86 402
267 458
202 411
22 416
422 164
409 481
300 19
459 93
98 92
429 283
101 199
379 437
219 445
170 90
75 218
31 346
269 494
396 324
429 79
206 250
165 160
389 183
27 196
226 488
16 233
299 270
273 372
353 431
231 381
234 339
345 439
175 408
453 35
191 88
22 272
447 134
380 424
182 466
59 482
284 498
36 302
113 162
109 391
167 17
207 339
122 333
319 283
217 257
424 449
415 304
187 248
88 427
96 451
355 146
64 235
187 38
136 301
239 106
210 116
156 216
369 425
165 216
301 307
389 441
489 167
395 297
414 203
184 492
184 196
19 232
382 66
21 158
381 125
442 346
141 217
127 391
473 270
115 210
316 218
26 83
353 461
468 92
257 105
476 37
26 123
464 46
166 206
33 457
229 390
324 55
317 373
238 13
259 142
19 55
78 431
477 33
376 116
233 17
41 28
85 460
342 102
401 422
95 339
423 455
192 296
161 408
242 212
399 320
62 261
420 217
272 142
109 175
113 394
84 243
121 215
241 383
494 496
159 490
80 306
270 206
472 240
88 188
321 224
224 336
127 373
98 428
75 41
323 391
87 386
138 124
194 227
171 331
296 169
399 441
287 389
424 48
261 92
44 435
45 428
190 41
139 96
402 1
385 445
382 185
352 139
432 448
357 355
209 357
451 480
484 438
161 453
35 168
429 119
133 314
157 153
152 329
159 292
270 240
228 212
49 322
305 261
487 486
258 83
74 205
147 95
182 106
116 500
436 185
51 414
132 172
193 484
444 446
323 395
34 422
286 245
202 449
316 293
64 52
78 385
128 471
276 24
348 408
28 79
187 426
224 82
291 419
66 38
31 175
68 239
370 456
258 381
241 289
429 24
58 63
306 100
68 450
239 218
149 102
167 456
492 404
294 259
179 256
286 31
313 185
252 270
229 335
219 489
202 276
196 227
351 373
205 285
116 130
497 47
320 397
349 20
247 120
462 385
388 305
402 498
208 315
48 75
142 16
233 159
245 435
191 489
104 49
17 476
280 106
254 203
394 200
121 86
72 261
209 89
174 158
110 19
332 343
225 266
166 197
420 18
24 169
109 371
63 418
380 217
115 141
1 405
278 80
297 102
217 300
393 206
418 194
500 281
138 23
55 309
164 437
294 303
478 96
195 273
10 114
190 96
161 271
117 355
46 374
77 450
427 298
471 199
125 476
329 481
99 389
403 119
51 440
309 458
296 54
355 31
419 128
189 257
129 215
243 9
240 117
184 244
83 221
103 353
365 319
212 464
101 89
275 37
75 301
470 17
327 189
81 178
280 61
493 319
11 351
227 467
484 23
383 382
410 52
187 309
54 172
404 15
343 423
226 386
281 67
3 246
493 327
184 142
114 20
231 341
111 419
389 5
140 438
381 128
286 32
334 184
271 321
217 306
374 357
81 482
21 470
204 297
482 295
199 334
134 20
99 207
65 434
342 157
262 277
62 354
155 436
23 471
236 87
44 391
45 262
360 268
321 23
436 437
1 37
481 353
4 63
34 102
258 160
22 173
164 188
405 267
144 223
356 243
144 349
171 378
147 268
262 419
425 80
141 491
152 130
314 1
384 178
251 141
399 160
325 482
49 91
64 485
88 125
443 310
384 411
79 354
222 217
365 429
216 151
185 349
245 65
398 4
39 295
286 413
356 368
258 411
1 451
387 207
491 497
347 483
388 327
430 65
136 176
291 51
271 284
402 75
329 142
13 148
380 156
254 344
51 449
63 60
309 102
69 376
85 185
143 224
368 15
360 80
423 236
31 271
300 270
397 367
252 345
150 137
285 399
353 342
62 82
174 219
78 271
189 27
85 295
275 407
411 214
259 407
182 89
448 379
161 390
373 229
18 205
46 313
325 437
275 346
185 307
144 286
23 12
315 481
187 426
422 148
400 119
237 177
441 320
403 355
37 405
208 393
371 82
448 180
177 359
376 32
210 145
34 458
316 340
255 416
364 240
208 38
410 28
359 283
396 400
328 167
74 282
421 133
232 467
395 488
351 486
42 385
204 200
485 237
124 272
405 344
5 261
191 380
49 103
67 455
103 247
123 434
418 457
401 67
408 90
428 224
86 496
395 276
470 100
303 208
411 12
18 284
278 289
181 182
423 340
329 95
34 14
286 203
426 251
239 485
349 456
456 130
122 431
179 143
434 173
377 29
402 344
210 207
481 177
67 471
396 185
173 129
278 231
82 494
126 289
300 211
314 463
410 321
338 300
229 457
201 82
247 270
38 370
83 180
271 498
140 410
474 466
465 32
483 449
182 26
305 207
416 216
22 114
292 42
79 208
37 112
182 39
223 343
386 125
343 277
223 110
214 97
453 307
143 311
182 394
418 460
353 50
98 371
313 406
42 286
314 347
430 95
248 244
387 24
356 355
499 351
135 192
241 128
471 442
348 452
175 133
327 14
178 150
347 340
496 125
378 145
84 109
267 497
437 495
398 429
161 395
137 52
481 309
281 267
112 486
404 124
396 361
444 172
172 90
206 125
272 443
174 402
4 79
134 330
200 42
319 279
371 221
435 193
108 37
385 294
246 152
199 71
389 147
215 286
374 166
432 355
289 137
352 30
198 112
22 454
61 433
194 418
436 206
105 268
86 54
24 71
250 254
174 352
428 288
388 21
87 78
427 372
444 29
432 340
112 376
50 165
77 336
438 194
207 446
27 450
442 21
253 141
171 14
110 245
53 227
67 97
151 75
139 46
428 338
17 297
394 373
235 373
106 41
15 184
56 142
339 386
91 441
466 336
485 327
65 446
25 91
237 176
323 376
446 186
59 124
365 208
23 414
388 411
131 159
50 398
354 363
344 40
339 52
357 447
167 23
184 148
60 372
481 367
179 16
204 253
219 223
258 261
453 162
408 467
120 364
456 467
57 442
288 178
327 26
476 351
125 43
382 352
378 121
20 463
449 143
140 308
59 444
131 345
177 348
399 460
22 111
80 328
252 328
150 425
61 70
282 389
364 149
157 324
7 329
356 472
370 178
357 292
336 439
492 361
122 150
432 83
156 21
153 320
35 120
327 296
339 422
430 482
307 270
63 356
241 435
194 44
137 112
341 93
400 112
369 297
134 407
360 320
220 225
369 436
274 86
439 399
202 474
193 182
364 37
148 411
233 193
182 456
97 21
255 95
456 94
226 455
266 125
11 400
168 103
88 286
127 299
317 230
1 371
230 437
299 153
26 101
483 300
484 421
255 60
73 394
278 56
120 430
332 135
350 400
308 85
65 350
424 317
270 73
395 211
12 388
67 116
485 434
256 29
386 272
230 415
252 183
282 431
255 449
472 155
449 84
47 299
327 334
53 265
305 61
53 386
66 108
316 212
468 23
29 104
249 52
228 37
342 322
379 436
256 128
155 25
487 470
362 347
15 46
190 274
209 130
101 47
417 322
229 398
273 250
490 474
409 114
15 480
296 70
433 381
405 22
433 451
273 330
264 253
440 232
113 150
192 33
263 457
303 183
226 285
193 465
478 210
80 450
287 371
168 21
190 233
324 351
275 301
430 257
404 437
463 494
177 99
399 205
480 307
343 320
341 485
382 280
259 39
184 455
283 310
98 23
478 401
107 454
302 442
429 329
452 2
273 58
183 37
264 250
213 44
135 40
131 197
188 31
131 424
326 19
281 449
496 413
41 126
488 184
250 266
23 42
245 453
143 12
203 464
465 367
25 259
325 315
309 340
256 289
198 500
70 88
280 480
382 374
122 380
213 424
1 78
123 178
479 42
138 335
399 320
317 299
350 256
35 270
160 245
394 235
354 260
416 488
384 448
349 185
276 402
413 215
95 220
72 408
362 197
196 475
76 200
415 382
192 91
281 468
147 436
305 124
386 136
408 245
251 453
487 452
88 493
93 122
368 483
275 436
241 285
319 324
332 382
441 80
374 169
435 229
382 204
192 339
252 114
40 482
232 450
291 33
471 310
191 357
460 406
103 404
31 343
337 49
303 121
299 176
307 236
155 489
342 412
315 123
74 133
262 3
355 148
386 19
33 117
296 109
246 56
195 302
482 453
121 243
464 392
13 228
210 182
152 58
294 205
102 386
390 22
139 68
113 40
155 81
395 86
144 321
442 395
355 378
22 216
441 60
177 191
167 133
457 337
114 83
263 493
161 214
304 373
196 127
264 226
348 126
444 445
212 375
237 391
353 466
80 366
482 422
326 303
222 95
110 422
45 194
152 292
247 438
232 446
287 201
225 410
327 122
11 259
437 466
12 328
167 346
485 217
400 221
196 478
342 442
460 35
153 64
301 45
385 456
317 267
308 77
195 8
40 86
218 263
296 341
473 343
297 103
313 220
441 54
386 326
2 374
436 262
44 447
58 414
19 174
307 203
106 19
119 419
148 3
306 72
95 391
113 412
102 55
179 383
480 304
259 296
118 211
151 196
183 69
36 330
179 16
435 285
79 42
257 257
190 136
31 262
233 14
294 10
435 67
358 159
86 33
477 113
284 334
377 205
222 416
122 231
330 439
491 4
19 178
197 90
315 43
54 83
103 239
325 474
238 284
306 367
105 320
213 423
36 106
339 75
108 223
258 59
134 187
331 160
120 86
367 57
488 219
193 36
485 299
33 356
435 242
136 300
356 413
415 491
273 86
21 72
256 479
275 101
25 38
171 147
377 366
217 126
8 154
246 327
314 20
132 403
29 374
437 308
62 174
402 303
280 281
470 377
358 141
35 5
489 171
103 394
205 161
495 244
436 69
242 125
202 354
178 290
121 254
404 466
393 184
277 348
258 154
284 400
9 192
169 338
247 131
59 109
291 189
56 146
221 240
357 396
431 326
178 153
104 280
301 124
103 219
469 105
369 34
132 151
308 438
344 399
169 158
293 134
248 203
439 247
124 39
86 277
328 3
142 305
137 473
62 209
276 301
402 96
191 57
107 214
157 210
192 491
157 149
353 114
103 138
376 431
126 251
165 169
348 398
269 441
383 132
31 63
473 311
256 466
460 481
486 271
152 142
442 20
496 256
284 53
216 158
176 426
465 324
28 455
329 320
310 207
236 103
221 285
470 496
387 93
212 194
74 416
210 492
5 217
364 62
160 113
48 271
349 69
289 250
383 130
378 18
82 291
349 245
115 4
144 299
330 424
463 35
360 251
199 137
293 133
258 305
279 254
244 380
357 257
116 251
487 469
391 35
333 154
226 253
450 499
328 4
197 401
222 25
174 211
25 358
350 163
61 130
223 485
41 83
232 313
141 7
471 165
17 451
416 176
375 431
52 367
232 400
107 330
358 183
346 435
476 90
152 306
48 132
449 130
15 398
376 2
129 243
196 74
412 367
365 345
140 377
441 138
196 84
301 357
123 215
111 464
314 36
443 182
419 185
481 410
142 455
239 88
483 77
205 162
11 406
186 168
121 226
133 383
365 178
99 500
190 264
100 293
266 211
166 245
34 38
266 488
214 50
300 353
401 283
294 398
388 500
362 371
121 238
186 322
141 115
15 255
382 32
203 47
405 369
266 213
465 422
304 31
176 150
435 9
88 283
67 93
183 85
163 281
344 102
440 244
257 88
26 430
494 443
294 395
419 490
124 239
184 426
48 482
37 274
78 399
491 492
428 383
279 354
71 200
107 350
384 52
374 371
113 116
80 51
436 415
208 111
388 396
184 368
393 98
310 224
342 127
145 13
24 414
271 184
238 278
40 500
200 48
454 30
109 36
188 70
251 374
431 372
332 281
406 457
315 312
231 430
297 236
210 431
256 152
233 153
62 78
394 147
87 273
342 376
281 221
368 370
47 470
368 454
153 106
466 453
179 348
179 322
213 211
225 166
443 309
15 451
107 173
142 395
305 287
222 18
268 81
162 234
70 332
495 95
246 343
39 246
222 139
142 202
327 9
241 30
257 315
295 158
185 33
48 417
360 64
70 75
121 124
147 205
75 407
116 84
18 305
361 400
313 35
453 78
194 113
256 85
110 135
171 419
341 357
374 64
398 472
373 233
327 61
18 156
22 142
367 359
113 371
294 59
351 404
108 193
391 32
431 264
260 311
22 2
3 409
89 356
439 32
246 277
17 400
169 277
63 327
344 216
105 449
271 257
292 470
173 58
426 308
357 485
346 391
132 478
481 246
4 176
360 364
278 402
363 151
104 482
170 326
226 273
145 337
148 499
405 221
90 381
239 359
219 480
446 148
22 476
32 186
159 98
102 419
478 362
481 465
271 56
249 108
104 179
151 16
365 295
247 124
229 24
376 136
402 445
378 458
360 101
271 300
263 241
12 457
73 411
191 320
168 88
18 283
224 283
103 440
494 484
302 458
446 485
187 66
416 245
426 483
373 497
47 203
178 489
325 417
114 456
414 62
63 116
142 323
43 105
12 190
149 174
66 137
77 307
451 224
68 320
68 482
240 485
33 122
319 394
381 337
361 159
384 223
472 189
482 20
483 96
254 489
98 380
101 176
1 438
419 328
428 102
271 155
106 401
262 423
443 389
31 93
402 335
277 386
302 438
49 20
89 132
263 417
193 314
24 231
422 157
324 242
324 482
212 157
334 482
349 164
52 119
411 124
386 360
192 288
198 29
21 307
353 472
411 500
364 336
426 277
488 482
378 135
195 422
209 88
451 480
300 316
446 221
306 206
219 286
264 92
256 408
134 69
240 159
426 461
287 242
344 331
284 493
451 482
294 361
488 190
430 139
246 295
309 272
418 440
130 120
425 71
182 261
168 119
89 435
167 208
195 430
171 172
168 377
371 440
456 389
172 256
334 157
270 334
59 212
4 473
191 274
313 437
239 301
315 325
151 328
459 58
80 369
274 170
105 241
338 440
227 49
284 319
64 478
196 348
62 210
398 248
132 209
261 389
129 108
135 457
5 440
276 346
40 74
500 457
377 382
326 203
177 131
88 202
400 41
105 456
311 99
229 473
434 372
375 480
435 179
207 323
282 470
111 203
208 392
267 247
80 87
21 165
212 451
4 462
213 5
62 255
477 20
29 141
299 219
75 461
187 409
122 90
95 42
354 42
207 331
474 327
389 473
109 236
243 18
80 3
23 31
87 90
466 225
175 5
180 187
401 162
45 23
252 124
352 184
330 228
295 338
129 92
449 411
115 134
449 136
449 296
479 198
494 132
175 52
409 13
264 287
485 475
161 456
46 277
415 148
81 317
350 5
306 394
101 118
27 430
274 8
107 389
216 245
471 474
287 323
311 438
460 377
323 132
362 455
65 149
446 421
9 230
256 380
385 323
130 3
442 219
433 393
135 119
306 276
319 406
165 461
473 464
210 314
112 379
64 19
118 272
50 468
480 18
48 136
309 359
324 316
8 320
438 78
472 356
174 385
299 430
361 123
296 105
304 40
105 292
289 166
433 344
379 182
244 389
244 45
389 483
44 235
251 116
370 395
259 205
463 110
337 441
219 179
180 160
448 125
309 235
177 184
97 87
190 68
182 322
69 75
275 484
209 459
89 90
134 151
107 93
361 365
480 240
452 337
427 496
107 68
234 454
326 391
81 183
129 106
64 132
247 213
25 417
5 324
200 494
450 243
433 79
302 166
386 308
333 276
447 29
301 237
497 300
244 101
225 62
125 443
109 409
236 132
201 211
147 490
190 287
177 186
422 450
153 102
61 496
496 88
145 449
423 164
210 175
63 362
97 212
160 16
30 31
457 477
143 208
332 174
7 279
451 256
203 215
75 149
472 165
305 68
13 139
61 280
146 493
419 70
153 485
448 31
188 400
318 211
178 254
156 423
33 356
410 424
351 197
425 300
31 168
352 338
495 224
45 472
346 355
340 375
115 207
296 395
144 273
411 207
491 38
500 5
213 236
34 177
462 422
48 34
62 316
321 6
259 163
267 62
121 372
207 438
266 225
490 322
466 405
41 468
238 341
136 68
403 356
60 116
148 410
498 470
40 231
268 320
275 96
368 376
429 479
73 284
414 293
495 453
83 499
80 203
228 188
304 54
133 395
293 432
143 449
395 144
80 204
274 452
127 175
496 299
49 41
156 123
342 203
397 196
37 192
187 76
75 392
156 381
262 478
167 256
308 227
373 359
10 14
213 18
40 241
453 50
499 313
470 134
249 236
179 27
361 51
340 69
498 252
78 290
208 72
217 466
81 382
288 332
334 300
497 245
104 199
221 219
401 405
465 63
200 146
275 331
423 146
223 109
380 192
204 46
457 469
130 406
479 280
249 148
494 283
278 280
400 53
357 349
253 298
467 59
322 343
330 217
244 133
26 486
471 260
72 256
450 399
445 463
24 339
10 342
262 77
330 147
364 310
156 274
435 103
371 240
380 392
132 81
381 327
31 314
208 122
136 438
132 122
208 153
492 480
307 186
298 137
485 264
13 337
345 202
13 317
426 280
181 324
62 270
15 349
498 21
445 111
458 307
231 13
309 458
214 187
353 86
92 327
6 237
190 439
182 246
191 72
109 435
412 299
28 437
416 270
37 132
407 102
286 426
188 276
407 170
347 443
423 148
232 325
415 136
203 144
166 44
238 194
400 58
392 500
243 78
55 267
236 222
90 404
264 482
326 127
379 171
106 453
350 373
353 45
280 418
129 120
129 385
246 258
368 198
134 131
451 174
149 476
181 316
140 189
83 78
300 180
90 29
334 268
184 52
71 7
359 1
104 396
485 120
262 488
396 252
492 245
156 140
454 167
185 398
339 410
466 342
78 246
410 162
388 14
9 489
75 372
49 454
245 234
124 143
282 102
127 254
498 238
393 68
240 384
215 67
8 221
47 275
444 451
182 259
454 205
307 360
30 416
193 70
200 294
77 312
311 470
179 286
254 452
121 157
26 160
193 307
282 313
391 380
371 432
355 349
196 89
213 450
343 163
484 114
97 443
344 52
288 322
343 237
489 393
121 2
231 466
92 421
473 458
412 135
224 155
75 90
218 57
248 156
437 349
454 116
114 95
421 241
293 193
32 388
142 102
126 25
139 57
138 188
138 28
187 445
275 72
173 67
277 456
326 199
402 302
383 146
381 288
395 409
97 306
190 236
361 161
264 231
376 358
25 3
400 357
317 133
252 73
251 271
386 145
17 35
62 234
292 152
347 71
462 134
463 147
280 208
5 202
272 144
418 42
369 313
208 346
218 412
155 252
189 479
397 150
474 304
57 240
423 397
334 415
187 126
91 238
99 15
412 47
62 118
483 308
198 228
90 102
105 297
369 287
378 318
355 206
16 321
309 36
155 480
142 468
307 177
293 185
129 8
325 238
303 36
273 225
216 329
146 452
77 184
254 19
194 59
484 218
85 442
147 162
343 483
472 316
277 193
384 270
456 25
354 196
300 446
224 300
120 79
110 52
310 259
377 493
239 308
119 279
490 357
157 133
194 395
237 118
92 59
19 426
479 255
191 225
60 275
157 152
468 292
21 90
15 427
428 231
228 220
274 182
314 217
265 222
371 218
294 477
7 69
32 307
469 298
219 226
164 194
366 362
347 374
115 123
186 495
329 373
222 104
123 163
273 396
179 42
425 433
245 320
242 132
309 285
268 44
397 290
160 183
498 18
72 185
108 239
484 163
457 262
295 193
445 149
167 271
315 40
492 493
489 482
197 128
124 475
179 3
461 411
305 95
343 324
16 499
125 294
399 113
237 457
479 119
258 220
344 6
202 66
312 49
218 282
436 426
274 283
441 478
407 80
220 425
464 255
183 488
350 380
86 384
322 403
60 335
331 412
306 440
8 268
139 217
302 214
454 292
404 223
93 134
479 301
47 434
175 414
180 211
162 329
237 55
90 417
448 84
432 343
108 166
429 96
52 55
397 419
270 17
99 478
159 265
309 474
178 298
244 385
252 402
100 235
399 483
333 356
129 31
192 122
497 155
103 464
441 457
460 210
209 171
364 290
281 500
62 272
53 420
460 173
401 144
321 319
111 324
497 35
318 161
129 377
172 348
70 44
373 63
165 361
40 413
288 401
144 260
435 223
273 357
18 303
78 81
353 131
155 453
428 159
229 22
45 82
91 115
446 9
84 483
420 7
281 321
51 406
29 210
386 58
233 149
113 130
174 446
334 452
318 146
239 447
5 110
212 194
58 156
462 128
24 381
408 62
267 88
391 213
279 273
46 188
32 242
79 485
95 450
113 47
490 398
59 46
150 408
103 451
68 230
209 228
309 429
13 357
425 88
308 395
213 71
116 391
228 389
31 208
105 252
128 93
388 381
287 275
426 396
133 324
80 382
68 99
13 185
403 98
9 484
88 196
201 226
333 52
456 110
245 166
158 141
149 453
29 62
44 374
478 125
448 138
212 134
497 7
407 59
20 103
162 456
319 99
84 448
411 120
492 344
60 224
270 495
351 115
453 114
474 306
43 125
64 499
307 314
263 176
406 42
81 234
283 256
238 110
12 72
447 448
414 124
234 342
108 464
467 78
499 5
484 201
86 222
422 72
185 218
47 36
109 199
252 385
184 265
428 1
347 6
171 126
99 126
486 420
130 178
153 40
397 172
476 188
120 491
338 390
180 224
459 452
132 354
185 398
217 307
101 43
488 288
132 476
334 363
156 190
45 88
466 86
169 262
338 286
447 71
123 259
102 163
234 166
16 463
101 381
396 369
103 135
96 5
470 136
60 395
455 97
112 152
102 24
165 142
109 4
318 459
170 267
361 150
321 169
315 492
476 358
20 210
276 287
427 419
38 347
187 268
263 312
387 133
50 422
142 112
219 472
337 183
47 40
1 171
488 447
445 498
214 470
218 183
96 100
21 19
312 12
10 379
115 139
216 438
264 273
500 246
115 357
436 430
436 273
300 165
471 139
283 142
264 218
186 498
187 122
398 493
426 241
38 212
115 133
140 465
472 375
412 3
455 299
23 431
407 130
437 337
26 482
332 279
235 179
444 265
175 467
124 426
299 83
312 28
256 295
411 459
315 109
404 436
136 221
117 138
431 199
434 372
19 156
139 81
440 401
348 324
28 6
485 472
385 456
358 391
370 101
381 406
34 288
389 415
237 206
331 462
496 97
382 471
136 234
163 186
299 241
258 414
226 223
181 499
298 274
399 186
180 257
215 162
344 358
460 477
476 249
457 158
50 345
413 315
242 385
444 269
419 258
229 217
280 92
19 345
324 182
450 475
227 351
308 495
48 3
409 123
295 169
230 107
157 409
407 314
151 118
419 285
206 470
1 238
96 485
117 307
469 457
421 84
233 64
374 161
45 176
149 395
325 98
144 170
293 420
214 383
217 277
137 343
164 415
129 375
147 341
319 116
326 138
270 428
237 112
492 86
405 138
183 205
367 167
409 99
186 467
84 434
2 421
324 436
27 262
340 351
159 72
475 318
443 236
488 410
339 180
431 44
391 288
352 225
265 62
170 208
482 341
1 461
113 383
263 199
301 363
181 315
395 329
125 471
452 438
128 330
487 168
265 103
411 489
280 80
101 132
241 245
129 442
53 213
321 467
94 100
135 23
305 335
36 43
365 463
344 102
285 74
397 494
58 145
175 153
211 320
500 433
369 47
23 428
180 433
154 34
464 33
38 470
351 252
290 63
410 6
174 17
100 414
364 139
479 122
178 39
356 244
184 173
394 126
172 369
481 380
118 239
291 167
421 204
422 298
411 146
84 485
1 385
389 292
22 84
60 16
380 125
345 342
416 167
312 355
44 216
199 196
92 29
373 434
175 56
78 156
85 156
349 32
485 118
430 308
237 488
214 91
187 404
211 195
408 105
129 159
315 93
440 314
425 208
119 112
389 225
208 420
322 263
323 430
239 74
329 384
91 179
316 328
49 251
499 373
204 406
151 64
262 255
455 280
463 97
44 118
46 296
298 246
217 207
471 153
292 337
14 428
203 231
294 145
402 65
365 254
493 387
370 161
386 164
325 144
232 187
42 316
169 70
64 162
212 399
411 435
291 101
361 483
242 500
331 441
415 264
20 378
142 197
362 214
62 76
253 185
316 125
3 205
150 124
468 404
206 103
340 408
368 497
196 308
209 176
12 486
215 470
205 299
71 16
338 445
245 243
219 454
128 60
279 54
218 76
38 32
333 240
6 223
178 38
24 18
428 467
132 59
481 273
330 11
477 177
153 280
384 87
382 479
180 34
169 331
409 46
342 477
14 323
361 425
415 69
296 126
492 217
165 141
445 474
43 405
225 323
22 378
141 234
207 55
82 212
122 37
331 170
198 230
416 62
316 85
402 231
428 84
296 202
199 120
459 322
187 314
116 82
110 120
297 330
141 66
412 162
6 18
270 43
116 458
115 359
255 8
410 197
213 270
86 464
124 441
174 36
266 222
181 261
119 231
254 214
255 182
206 426
339 493
250 372
198 397
220 409
68 334
163 442
345 195
362 4
185 411
13 369
176 441
145 121
188 394
236 480
356 7
31 380
454 437
89 431
208 359
431 388
177 2
78 452
124 314
360 493
161 6
300 259
356 226
469 22
173 422
473 427
348 212
125 15
161 39
261 78
459 39
303 30
337 137
21 126
294 397
179 95
165 220
117 55
217 392
260 207
233 302
451 120
406 195
166 291
104 182
445 397
348 290
401 340
327 87
192 121
326 409
339 217
452 425
24 320
36 254
487 257
42 136
275 252
358 245
44 215
441 259
252 471
48 149
382 333
398 146
475 426
326 165
401 311
267 329
186 491
440 204
437 393
38 259
191 202
490 86
108 497
22 473
294 354
148 17
386 15
26 41
112 97
421 61
67 296
83 50
37 435
258 161
240 368
402 265
136 261
406 61
117 127
146 278
358 246
349 379
305 369
371 224
205 40
290 169
81 330
281 249
266 186
43 296
103 223
327 93
192 353
433 140
328 472
317 340
319 191
332 288
321 420
196 318
418 36
23 267
456 139
495 27
49 443
194 147
485 425
375 54
366 37
257 166
394 460
223 491
296 410
245 268
156 27
254 54
340 458
345 273
94 264
336 494
458 429
268 467
397 102
306 317
225 148
55 391
73 190
109 141
123 497
450 491
282 466
471 40
460 67
482 339
436 98
148 191
221 51
363 29
149 371
53 12
35 280
98 495
353 489
490 107
486 452
115 314
260 163
80 332
343 401
309 319
324 369
386 160
301 385
111 20
124 212
368 402
112 321
446 389
331 449
278 59
414 92
410 163
209 479
134 342
374 90
82 160
401 200
470 62
265 271
129 24
14 210
397 83
324 201
446 346
131 145
160 36
419 89
377 474
482 379
426 251
250 283
131 312
124 453
153 272
229 341
318 479
362 485
352 189
309 398
196 381
121 369
31 13
194 63
210 428
214 411
137 382
76 323
91 287
253 445
150 367
235 329
63 451
362 44
389 403
460 349
265 274
19 397
163 178
231 404
240 56
128 231
444 447
103 40
47 241
384 349
402 67
423 7
365 105
19 114
178 302
488 138
295 261
368 153
323 35
459 243
347 214
348 167
374 58
58 32
199 280
383 303
180 9
219 410
33 414
469 432
76 495
209 94
111 90
279 128
315 106
79 400
378 326
408 463
88 60
122 338
300 5
367 187
220 464
396 205
492 293
276 478
337 360
98 231
140 428
140 458
93 309
471 348
102 82
404 18
335 130
243 288
293 269
103 24
128 146
463 409
50 176
409 339
324 259
19 176
126 130
22 95
223 419
113 232
424 424
289 103
469 5
405 478
151 93
24 302
397 290
266 298
126 160
468 184
49 25
117 294
247 281
369 93
249 67
430 241
459 393
360 107
454 443
32 79
167 485
499 378
39 455
268 269
136 180
435 104
149 7
353 168
57 34
474 375
99 439
246 189
273 344
15 361
437 306
281 418
348 478
16 232
330 124
61 368
393 301
485 237
6 322
272 217
456 103
409 214
124 469
50 324
235 387
31 265
253 451
470 315
149 115
310 410
281 217
481 88
124 31
476 65
79 24
445 71
439 359
238 46
348 318
19 258
111 132
297 61
139 175
278 365
426 50
176 192
3 96
391 283
24 118
241 57
77 77
292 21
197 373
304 426
328 125
294 362
232 200
85 188
326 191
50 61
175 380
55 90
466 313
15 129
353 165
437 181
440 474
245 14
68 256
112 74
376 68
409 22
374 35
219 401
152 149
325 7
173 92
292 400
408 399
92 190
81 384
13 457
8 446
306 167
489 470
42 185
348 190
309 52
171 315
176 65
437 368
469 460
77 398
473 58
261 446
302 134
393 393
148 155
466 419
362 211
486 138
483 41
424 206
153 118
438 176
226 259
54 387
96 70
326 329
431 349
79 27
454 395
499 281
368 416
4 315
74 126
467 258
6 490
223 291
208 461
196 80
340 178
454 332
317 49
163 263
112 446
86 304
78 296
63 124
417 54
409 39
17 431
266 58
466 283
71 90
195 217
429 279
230 120
198 265
428 319
421 457
418 336
114 461
298 386
224 310
166 158
56 485
378 421
322 449
268 328
220 203
463 471
288 234
394 181
405 379
487 393
164 57
156 209
278 88
57 322
124 88
78 83
361 298
102 401
224 281
54 193
365 281
307 43
85 286
349 236
175 229
276 93
309 447
392 292
104 252
281 77
304 167
79 407
14 411
229 40
180 419
474 238
489 273
127 180
150 34
236 201
388 219
279 41
254 51
445 268
467 123
275 412
50 364
226 202
142 314
458 432
359 120
137 45
301 346
341 370
266 59
177 152
360 480
438 119
47 1
236 400
250 43
59 208
269 38
262 38
22 480
223 344
357 486
407 439
264 156
360 386
267 319
444 443
416 221
34 87
218 165
475 303
433 316
398 456
292 78
313 181
329 478
186 152
59 197
129 393
272 235
378 435
301 50
155 93
253 298
448 394
131 268
115 110
205 353
253 496
423 48
370 27
285 32
122 403
333 289
400 135
61 141
487 1
208 228
477 47
430 135
135 453
122 363
147 364
234 169
313 170
38 21
14 166
400 144
381 405
206 24
91 409
453 348
347 430
374 56
267 194
168 344
483 145
342 7
259 106
16 454
432 237
36 152
404 28
101 302
81 134
277 391
4 53
27 147
314 178
264 118
394 75
235 154
472 141
163 211
449 126
334 441
419 104
181 92
290 457
142 44
129 184
181 432
139 161
208 361
125 65
414 460
195 272
110 39
305 216
306 235
254 68
280 364
341 298
329 277
475 429
439 325
478 215
383 190
496 150
235 158
398 471
273 118
494 10
51 70
437 4
40 430
489 335
296 405
147 147
125 25
499 380
5 126
283 492
244 123
267 187
179 456
471 267
410 439
237 310
49 359
476 2
197 164
171 296
41 38
324 413
94 71
262 383
338 404
489 126
176 70
12 272
202 270
400 434
482 38
162 76
305 122
153 426
42 75
378 343
311 82
395 172
483 447
63 96
216 198
8 464
232 496
226 5
372 212
300 156
460 209
225 314
124 302
43 442
274 105
458 142
262 446
190 34
135 398
253 385
230 43
25 384
85 48
337 301
462 282
267 113
344 27
300 170
345 99
426 463
83 291
357 405
223 140
8 372
382 258
440 448
85 29
277 175
57 432
344 238
192 202
217 31
321 200
155 77
221 177
454 328
402 350
132 393
473 315
49 62
383 92
249 334
156 363
37 348
321 407
226 372
336 186
436 415
430 272
353 172
136 220
230 271
471 107
38 465
338 12
287 490
4 287
344 368
158 176
285 25
77 26
390 450
418 324
449 281
223 95
117 498
91 319
103 385
148 212
1 274
311 51
355 343
241 30
306 17
472 448
256 346
467 305
258 442
59 241
131 317
466 344
169 56
446 241
379 267
193 77
30 487
490 358
148 45
168 207
7 220
309 296
90 404
438 17
476 247
162 185
164 6
60 181
223 438
397 237
88 436
303 274
56 127
305 34
274 478
422 388
246 373
190 200
190 222
386 217
312 408
450 500
433 64
304 493
338 225
14 32
138 310
264 115
486 408
363 81
88 296
155 320
488 459
398 469
440 140
414 79
273 115
224 373
264 54
312 300
214 129
80 138
227 204
119 383
253 94
439 240
110 448
99 260
334 379
72 368
493 405
335 354
310 349
407 257
91 103
500 131
219 215
420 308
84 203
96 28
42 220
319 250
51 329
43 139
27 340
86 117
488 34
265 484
433 399
146 405
6 429
255 291
174 217
177 38
105 189
158 36
97 339
9 180
409 488
145 132
293 349
203 434
112 266
218 39
230 260
438 59
100 75
372 52
332 382
279 117
492 226
330 379
68 267
238 136
219 232
34 99
2 20
479 460
69 78
95 171
372 431
398 426
38 18
158 175
156 389
94 397
218 90
271 331
222 403
57 228
331 317
427 137
245 182
286 436
214 485
369 180
155 279
288 3
299 141
421 184
232 268
274 250
373 204
294 118
46 312
349 105
213 434
434 47
89 260
60 389
372 480
288 57
406 389
317 50
295 37
403 366
467 358
451 33
234 437
107 399
353 306
71 339
45 220
482 401
312 324
193 354
446 91
249 51
18 400
142 197
485 274
134 65
411 423
212 92
418 129
300 267
210 470
416 146
226 264
289 3
206 269
281 488
31 317
322 83
366 345
172 212
154 274
178 67
317 290
407 270
250 442
471 224
157 318
294 114
189 208
150 264
187 74
56 119
292 417
374 92
386 124
268 430
335 432
364 61
476 285
132 7
391 172
259 478
278 361
314 285
30 222
396 245
95 312
36 440
482 69
215 345
339 400
367 100
62 30
303 367
441 241
155 132
324 4
31 25
135 259
436 327
236 183
123 280
40 147
410 497
225 197
143 167
78 89
487 176
429 361
197 442
445 216
186 261
498 336
484 465
445 131
282 258
287 90
95 122
489 132
459 11
69 378
283 25
407 291
300 379
63 131
338 409
204 104
388 273
344 53
26 239
474 428
184 477
166 220
269 24
162 401
263 306
153 10
267 317
243 127
318 261
475 46
185 358
229 36
431 411
180 147
451 174
474 243
91 258
66 312
130 442
216 341
308 296
224 3
470 425
391 129
25 237
442 398
355 397
242 463
493 2
422 105
491 419
417 123
329 189
236 96
435 85
250 97
461 137
81 235
299 221
182 438
338 233
262 390
308 440
442 497
100 439
291 375
142 370
387 209
254 482
11 352
292 241
379 82
180 212
151 167
87 153
431 410
460 282
88 105
204 461
292 66
470 15
50 150
44 495
392 52
300 348
308 355
356 62
338 341
13 31
363 422
335 361
34 474
34 347
314 422
38 242
345 160
369 481
195 35
384 478
360 425
363 354
355 95
250 175
140 224
383 202
247 182
177 435
355 73
103 290
59 41
228 430
494 140
176 364
250 253
322 457
390 244
139 372
308 353
182 351
21 14
218 73
56 415
132 196
61 473
67 352
498 485
314 336
288 384
210 314
263 202
474 416
350 140
452 303
318 466
191 7
475 229
40 280
447 297
490 416
486 146
100 464
453 40
334 164
397 356
428 420
51 104
260 255
215 231
103 234
347 201
323 11
381 84
359 109
28 445
45 461
258 343
101 108
33 249
8 399
222 87
25 142
447 112
408 331
80 328
182 192
378 167
214 425
372 93
263 375
497 188
67 356
206 126
371 104
296 348
430 410
387 241
330 321
258 492
392 205
378 351
291 30
297 3
248 469
418 399
311 308
59 305
219 355
289 407
444 420
449 404
296 260
170 108
392 118
313 217
103 463
338 243
283 64
216 187
72 213
330 197
171 399
463 213
477 360
394 167
69 67
145 206
285 99
54 355
79 55
445 457
324 159
254 310
236 347
333 191
97 405
347 243
63 381
280 109
266 190
425 318
386 14
281 120
232 396
296 267
471 414
122 177
401 86
217 273
196 260
305 316
122 113
107 399
309 249
12 256
33 297
209 388
459 141
471 471
325 470
393 188
148 340
476 178
53 441
9 401
372 309
238 371
161 35
370 423
113 111
386 234
208 21
382 449
476 289
315 461
418 249
233 399
202 163
104 117
400 339
337 476
212 83
355 19
223 382
177 475
248 109
21 389
20 412
321 435
336 134
373 168
360 131
451 138
217 75
131 135
459 340
347 232
280 315
71 11
479 150
316 11
328 207
22 392
218 456
36 498
390 16
224 35
107 456
239 171
373 321
35 487
213 338
500 360
303 425
391 191
394 171
36 374
56 289
253 225
461 485
8 141
442 126
188 303
201 245
262 406
409 436
247 186
119 476
489 134
143 181
246 152
209 184
350 93
216 464
432 27
436 498
404 484
106 266
36 84
406 259
160 147
62 376
104 115
56 306
102 404
184 332
379 307
418 479
495 348
189 395
235 186
226 342
13 20
440 457
55 238
33 149
479 48
178 276
482 285
148 106
478 250
483 10
348 474
94 41
254 73
285 212
348 200
459 122
156 230
76 23
299 455
498 461
20 407
453 289
33 63
103 366
392 263
477 102
435 21
143 253
484 155
168 211
116 364
500 356
328 86
54 266
315 346
59 444
98 206
65 345
230 199
70 392
80 485
247 246
168 388
137 354
285 285
441 439
183 134
96 112
475 45
290 82
161 44
316 181
239 329
53 205
305 350
404 383
63 172
349 14
432 109
234 387
447 131
391 137
488 56
99 52
409 382
453 292
199 262
167 403
389 82
323 104
151 422
128 292
18 340
188 452
64 133
422 276
347 467
363 439
480 244
420 477
269 397
83 50
215 272
122 330
366 229
92 498
156 449
343 264
107 184
31 88
320 161
122 334
223 252
419 302
468 229
115 433
354 334
141 376
431 475
458 344
245 212
437 320
331 290
296 149
77 11
444 4
23 472
268 378
403 345
461 106
479 456
309 457
486 75
486 461
232 270
90 441
372 153
309 245
411 165
449 274
130 124
444 190
152 399
490 113
51 485
308 51
137 38
234 401
36 227
286 211
55 421
196 473
187 299
247 80
347 127
64 270
226 498
448 309
427 64
303 178
118 71
445 126
76 106
489 385
302 289
476 112
415 481
391 150
124 19
139 11
317 159
348 292
491 47
412 50
276 123
162 119
129 397
176 448
361 177
194 230
61 196
67 232
332 65
318 136
311 285
132 447
372 422
434 493
73 473
149 189
311 58
421 31
383 407
124 259
417 334
99 123
259 408
47 20
449 64
98 8
400 273
243 193
67 288
483 271
374 129
229 127
335 450
82 137
450 17
315 110
348 399
272 201
291 49
153 118
215 32
308 148
221 141
189 2
147 256
412 314
314 459
265 412
349 211
254 111
147 164
162 392
199 163
494 407
110 479
39 201
145 220
296 266
174 16
69 204
147 298
57 147
31 79
412 273
165 376
419 134
211 35
415 301
437 182
264 49
265 34
373 194
240 36
147 251
310 441
228 468
200 248
379 95
193 405
7 367
429 350
39 125
92 109
8 368
300 354
99 159
428 221
50 8
441 65
69 112
214 349
493 137
215 405
353 111
245 496
57 129
440 20
318 155
339 119
488 454
1 118
482 200
177 301
447 145
21 169
339 148
352 268
129 251
308 195
66 392
153 145
480 80
478 131
99 177
83 357
111 261
84 376
158 329
68 498
58 191
23 198
317 53
195 46
87 83
105 40
369 210
165 195
293 80
409 437
427 442
26 108
62 353
482 203
372 368
413 91
493 38
472 382
51 331
468 251
230 483
27 309
295 235
453 254
244 159
2 404
87 367
420 431
177 189
30 107
71 439
137 307
94 267
185 81
390 236
458 330
494 42
15 177
315 367
261 433
456 204
92 383
464 449
321 125
109 31
84 271
13 353
424 10
39 262
273 263
51 131
5 91
321 433
48 257
39 98
191 150
61 104
190 65
2 461
50 101
365 476
280 203
480 32
396 37
329 468
129 481
248 39
217 216
83 257
489 142
203 343
169 432
230 363
233 353
46 151
452 48
261 158
370 188
62 451
308 132
277 53
72 85
396 73
143 331
418 4
380 483
241 256
465 52
471 244
486 34
178 403
200 294
173 412
230 187
406 361
135 423
421 436
328 349
186 131
175 271
128 106
27 240
232 92
419 78
299 455
325 326
293 317
233 496
406 228
285 26
314 210
40 80
204 152
116 354
29 210
251 488
81 85
374 298
399 480
224 8
205 427
67 124
166 430
100 84
187 387
193 470
94 179
172 156
198 30
149 52
174 280
164 442
29 359
8 473
184 301
1 52
423 296
129 288
442 184
214 357
78 30
28 365
406 440
348 91
224 44
452 130
368 458
95 418
361 413
481 167
271 329
136 195
73 4
151 253
378 382
340 42
45 203
69 72
125 164
157 54
112 340
361 155
210 122
492 42
229 214
498 450
280 441
280 402
133 371
174 211
195 48
325 449
446 128
2 221
354 83
312 373
489 248
60 443
99 114
323 246
229 158
204 490
119 68
150 381
425 168
470 49
152 72
439 444
421 361
136 138
160 308
482 461
15 323
210 161
353 148
177 141
31 25
8 351
127 332
352 81
191 46
498 112
370 168
41 27
18 105
229 225
243 176
323 42
49 143
366 251
388 194
6 233
267 395
218 238
54 361
307 156
166 276
17 128
155 220
399 484
480 82
41 70
336 316
101 132
346 361
303 134
491 327
3 389
449 273
139 286
268 157
485 221
172 191
444 119
435 321
104 116
310 83
76 184
342 152
298 75
432 15
494 255
463 338
10 186
8 78
414 399
279 317
103 376
254 132
58 202
416 283
132 433
339 401
458 29
34 349
363 466
338 307
212 278
66 354
326 23
87 137
312 287
294 18
478 117
399 113
361 80
146 500
166 489
247 492
124 275
319 46
122 490
252 233
208 127
349 5
477 429
87 30
205 247
447 470
122 355
218 450
432 323
148 91
111 11
444 363
122 430
423 158
153 470
359 374
6 418
427 245
168 159
123 225
278 348
164 357
467 46
361 25
106 48
53 318
461 191
15 24
243 161
489 108
210 500
74 169
422 169
308 218
344 256
424 157
231 464
155 333
275 242
351 218
179 395
191 28
286 498
275 84
409 52
84 107
423 482
335 120
238 499
8 152
76 339
439 355
19 489
297 361
211 62
306 99
50 150
362 440
376 373
13 440
189 104
401 238
316 4
444 305
432 425
240 485
167 119
254 408
213 182
424 101
136 11
92 363
388 115
144 292
359 359
310 165
37 445
132 262
26 377
420 487
268 34
95 87
22 309
142 294
485 392
414 210
261 385
31 226
473 477
10 325
35 14
303 43
91 326
156 441
356 19
233 24
433 84
84 161
185 383
335 202
56 148
268 364
467 360
112 408
210 232
391 252
306 463
190 338
174 160
347 295
181 275
164 213
441 253
377 375
234 446
350 122
225 254
224 451
200 405
423 105
383 100
48 179
70 333
99 397
389 41
312 198
381 133
355 34
270 230
256 161
387 365
339 439
82 277
394 246
318 260
63 43
155 393
287 306
487 187
487 155
285 442
300 395
384 457
11 176
371 53
133 244
314 463
194 336
455 79
387 415
61 428
328 33
230 404
469 293
174 376
321 394
88 258
3 182
170 302
446 108
424 455
330 90
302 436
124 120
240 297
29 216
194 328
223 398
24 138
215 155
193 457
105 171
365 389
224 41
71 212
213 44
475 76
286 483
201 217
41 387
88 262
41 429
396 161
450 264
493 131
153 281
375 267
7 78
276 5
450 18
136 107
102 240
469 28
365 133
40 318
290 83
169 443
228 210
316 67
363 315
261 267
497 486
358 359
405 188
300 265
56 365
309 289
299 267
296 492
110 312
155 252
142 335
259 62
351 220
374 374
95 68
321 95
317 479
199 413
28 205
186 313
144 495
165 193
192 299
340 493
365 1
23 432
343 207
175 357
219 424
389 199
333 132
330 223
161 207
221 318
107 290
107 459
488 176
485 278
128 452
394 157
157 171
392 206
212 499
289 252
212 453
196 270
433 210
419 115
126 222
497 291
224 287
275 64
426 403
166 418
339 233
401 13
426 301
404 468
396 491
169 67
235 287
101 163
317 256
357 4
485 315
416 25
401 230
464 295
18 273
350 274
243 148
202 213
96 42
218 465
476 247
386 496
294 21
237 248
498 299
153 459
174 227
167 124
149 128
88 204
296 470
34 401
313 454
480 271
114 129
242 333
430 13
387 4
116 95
400 179
372 213
351 279
402 424
267 430
245 491
341 395
203 448
266 123
174 216
455 140
364 437
263 28
251 424
55 302
152 317
262 294
71 459
472 312
9 465
53 446
499 49
83 123
347 10
489 220
238 206
244 146
379 168
170 452
381 352
119 488
104 113
250 184
488 37
278 460
480 150
228 458
273 97
412 219
413 102
90 151
285 18
41 320
18 166
153 9
188 360
293 304
455 266
385 178
67 432
413 473
189 178
292 433
296 439
406 3
300 319
181 76
173 154
103 201
25 145
220 27
115 185
251 451
180 266
365 289
456 360
276 172
365 86
128 391
443 45
20 236
124 204
234 361
305 67
485 472
317 117
350 1
204 138
133 68
139 103
284 136
237 213
241 455
340 41
377 228
166 266
68 162
213 266
462 484
266 169
208 357
260 486
451 367
351 470
57 1
166 477
495 45
463 123
391 239
487 216
27 327
161 38
297 139
68 423
204 488
372 5
452 384
481 258
94 311
464 154
381 239
57 116
460 331
213 172
394 37
238 253
215 106
222 494
445 358
249 478
360 179
308 233
328 177
424 153
191 156
29 61
229 315
183 29
265 240
51 258
376 11
7 486
289 259
494 199
325 386
371 260
443 181
248 6
53 448
320 177
410 70
341 253
434 334
350 416
363 386
54 112
201 217
102 86
192 455
51 114
346 131
432 70
42 316
486 344
152 421
247 131
230 475
255 327
293 199
136 267
21 99
185 356
324 1
410 70
383 393
308 168
62 103
405 326
311 70
459 118
329 202
224 440
258 455
369 26
136 256
264 208
375 118
334 127
136 12
6 231
280 208
347 487
294 139
58 1
174 418
433 127
22 343
331 479
412 272
387 381
201 444
131 226
3 483
183 291
326 310
245 464
53 30
77 370
127 297
136 301
66 453
38 45
446 224
205 186
245 100
445 432
263 241
378 34
440 23
248 302
283 212
308 134
200 45
418 178
489 62
292 488
216 56
159 482
126 78
278 456
378 409
381 274
327 470
208 220
157 34
147 135
158 404
308 490
370 164
190 111
384 123
186 80
358 252
173 371
65 305
135 360
382 125
135 361
413 462
393 399
130 113
428 217
70 482
161 220
413 445
342 42
289 264
145 111
88 52
193 58
34 187
279 108
63 213
289 108
121 144
336 287
294 346
441 18
159 4
193 385
139 495
73 247
229 178
466 424
73 278
38 35
363 311
294 416
67 269
181 422
393 98
183 213
460 248
436 430
138 229
466 373
453 150
226 397
125 411
163 92
405 320
58 149
269 114
254 255
469 345
460 472
297 288
68 346
137 198
183 452
307 30
328 19
369 204
85 44
194 11
93 181
443 160
169 87
369 430
100 316
153 260
76 285
459 309
377 197
415 487
206 490
150 375
202 266
249 95
25 153
124 109
219 447
246 175
39 360
308 337
79 115
461 329
198 29
476 61
114 406
195 416
478 494
334 219
114 243
86 215
160 416
382 293
2 35
231 178
258 211
452 141
166 401
387 13
391 7
257 74
484 423
109 476
361 422
94 188
254 209
289 110
344 1
32 403
375 297
312 85
41 329
1 248
308 494
17 181
214 26
267 459
54 104
318 266
255 211
10 444
260 366
69 115
357 192
153 230
97 370
476 102
358 216
12 470
415 79
252 399
209 431
486 188
394 196
141 285
292 427
441 393
70 247
364 392
346 314
222 386
24 280
242 254
327 383
221 499
7 214
237 305
335 428
101 206
93 1
275 239
493 1
7 194
41 132
322 463
494 285
28 496
232 34
321 104
76 458
422 364
218 49
210 315
102 174
455 248
186 417
417 249
44 445
247 441
232 468
382 473
298 464
25 167
493 361
407 341
444 265
224 159
242 483
203 155
105 335
134 469
366 83
176 208
391 293
122 484
218 89
129 117
353 407
256 399
215 56
256 32
160 64
135 430
219 493
176 475
282 259
393 165
291 249
169 176
128 352
373 409
387 103
370 280
476 299
483 457
1 245
41 361
66 370
128 271
389 204
282 175
359 398
122 187
377 474
209 382
95 349
189 225
256 275
205 155
268 458
467 306
389 426
46 89
86 353
231 73
45 478
439 468
99 157
442 415
66 298
273 468
178 476
402 3
296 32
232 342
206 97
72 250
39 447
176 397
216 403
253 284
119 496
34 407
198 479
316 484
374 82
153 277
244 40
413 337
99 389
354 122
364 56
366 427
399 491
209 127
452 370
52 308
227 367
360 116
197 232
367 356
110 43
490 499
78 428
312 486
180 370
119 216
340 419
451 332
280 91
474 335
116 168
205 257
172 193
296 240
18 413
43 120
198 284
199 98
448 267
295 118
307 357
96 95
272 138
108 82
352 424
458 78
102 158
149 439
23 12
36 29
27 142
274 419
257 116
122 75
121 75
164 199
38 282
402 54
363 82
179 496
22 283
473 193
327 254
465 63
87 399
480 346
416 181
110 74
218 85
384 12
46 284
171 17
293 113
344 475
330 40
133 5
239 55
27 363
176 56
259 256
100 86
9 332
422 96
370 228
130 115
20 36
483 221
413 261
231 346
375 104
426 269
475 491
460 407
385 67
481 245
377 385
266 229
202 45
254 479
122 151
264 76
480 181
438 143
288 103
53 432
139 363
68 297
222 245
145 432
489 110
251 401
379 1
365 392
203 203
192 469
282 386
251 99
165 18
339 479
475 45
256 182
3 257
30 325
17 277
339 494
393 23
398 245
162 93
28 442
31 335
189 172
304 202
57 433
396 1
392 85
268 241
69 384
267 296
437 131
29 299
33 127
155 299
111 351
240 438
23 488
310 454
466 178
485 161
374 165
476 7
337 100
371 111
378 466
309 366
137 422
301 477
345 287
68 87
323 44
266 255
110 389
15 242
414 125
326 163
129 44
297 437
376 191
386 324
236 218
403 336
492 43
411 10
267 17
101 278
385 70
109 384
361 107
238 220
55 270
236 193
383 365
162 44
195 303
305 312
25 356
89 468
308 355
491 231
498 86
232 132
217 287
133 74
407 353
427 12
426 35
296 202
230 396
31 25
237 165
409 154
260 223
338 326
243 89
185 474
482 77
56 41
333 336
348 142
33 288
84 481
7 475
421 58
366 216
151 76
239 318
270 323
161 205
258 54
480 243
10 487
252 226
212 344
410 447
114 187
450 5
79 89
475 17
456 9
304 255
366 180
426 194
55 188
460 420
467 181
25 231
166 374
89 485
232 325
133 92
159 313
155 370
318 105
152 407
147 31
448 311
90 343
170 232
174 113
40 156
485 459
493 459
151 160
334 10
474 468
180 466
102 225
423 204
402 332
401 476
206 234
17 490
206 171
89 71
152 192
95 142
157 417
352 198
456 369
469 15
73 12
391 360
372 95
59 23
198 107
466 197
273 439
101 43
388 330
162 104
272 223
361 339
38 311
168 254
63 232
431 216
212 354
89 375
333 21
306 122
479 257
71 192
2 114
226 242
171 78
172 152
255 178
88 334
193 33
37 209
50 150
20 202
482 1
54 290
376 467
398 83
176 328
233 430
176 169
217 279
45 433
310 476
102 214
444 18
239 162
307 271
305 389
386 231
125 251
119 468
258 338
96 310
21 161
366 469
488 405
415 447
25 281
394 470
359 471
140 293
179 438
450 159
439 376
351 218
339 316
472 229
330 333
161 399
179 254
317 27
196 315
230 6
434 126
55 70
84 196
250 211
438 31
80 451
417 228
367 294
213 419
178 366
12 116
500 226
277 198
120 43
38 337
218 284
48 423
189 2
95 394
476 320
202 91
41 272
381 98
302 241
291 250
197 418
163 309
388 393
266 7
132 323
429 71
391 81
185 399
375 494
194 359
71 461
318 54
277 93
178 421
72 233
113 285
282 56
51 79
404 305
139 131
350 380
281 78
178 369
462 366
346 325
179 380
334 163
92 309
392 45
36 438
9 94
256 376
195 441
88 52
491 464
463 84
209 71
475 67
111 419
436 307
123 119
175 321
25 86
124 356
181 16
54 264
219 143
435 43
401 498
11 358
431 359
391 342
207 474
446 265
26 85
120 74
176 36
256 458
299 418
319 176
173 400
4 406
189 80
433 151
50 135
97 25
484 124
217 141
218 196
288 421
294 62
166 173
467 51
95 126
368 195
402 246
349 92
55 469
352 55
479 359
442 235
277 224
431 186
223 363
51 403
2 385
296 60
266 19
348 392
261 247
429 32
298 357
154 382
395 148
5 165
442 46
350 26
171 324
478 248
479 425
123 351
21 45
111 254
254 449
221 234
138 200
472 137
161 432
335 485
116 63
426 244
449 112
499 88
444 120
83 323
229 125
338 464
31 399
291 192
473 166
335 485
77 83
235 412
450 25
113 269
400 493
56 359
96 93
276 471
192 105
444 472
477 194
490 20
283 193
458 254
87 342
444 463
178 424
67 101
279 100
69 170
440 155
255 65
208 186
201 24
269 388
104 283
196 87
275 42
199 105
29 107
345 15
255 358
358 278
217 418
72 469
90 93
190 444
489 326
434 344
71 92
389 146
200 412
59 21
484 119
126 397
444 1
33 484
296 48
362 365
490 1
320 8
169 32
348 274
402 1
8 60
302 484
328 29
410 287
8 125
215 241
451 174
416 284
431 489
80 379
419 403
385 407
215 323
192 317
317 219
249 213
446 251
436 160
197 327
476 51
257 45
437 41
128 445
466 9
433 474
230 382
273 159
161 436
484 274
328 327
336 338
319 362
360 238
466 66
330 225
295 56
381 72
239 300
33 66
416 391
259 55
402 142
446 451
334 489
3 16
415 145
283 177
61 337
440 155
353 127
18 334
133 33
437 271
177 462
243 53
32 343
305 37
166 351
268 118
286 454
429 133
87 332
319 61
238 71
359 57
454 7
198 39
333 110
293 19
95 492
182 53
494 27
291 203
249 489
199 461
218 393
187 463
31 270
392 495
254 60
314 287
147 464
149 367
280 180
181 405
442 414
56 321
202 343
441 131
25 197
233 121
215 35
108 54
271 49
76 187
10 453
222 381
331 247
315 359
321 165
5 115
454 305
241 371
390 457
70 353
87 417
217 87
201 181
462 490
498 473
324 484
373 442
259 304
32 26
324 393
116 94
437 165
63 394
383 25
330 430
448 21
272 275
9 476
490 500
160 487
408 111
308 342
210 183
309 333
220 216
500 179
234 132
167 244
257 433
75 159
13 440
124 5
293 94
70 236
295 8
121 135
256 331
427 345
344 328
483 393
421 436
473 260
461 395
106 465
26 483
182 323
465 500
167 9
8 299
483 89
154 198
254 461
88 80
496 285
316 378
80 493
237 436
490 25
342 387
411 137
120 500
15 161
346 1
463 76
24 157
404 60
259 349
457 472
112 144
255 117
403 469
34 425
21 314
215 256
488 358
272 41
278 476
33 352
44 352
127 233
66 338
454 489
293 378
333 153
316 17
191 499
229 132
142 384
204 161
103 426
245 241
435 146
222 353
23 82
305 491
405 388
369 241
20 358
366 125
32 400
128 14
247 494
395 129
314 500
339 279
377 465
174 51
103 195
73 300
347 110
19 208
83 410
352 308
441 221
442 157
193 162
135 353
391 331
33 216
362 303
434 474
14 20
100 342
199 261
154 329
191 485
37 114
354 259
492 55
339 161
198 222
255 113
177 397
69 385
1 419
451 398
406 191
250 161
232 42
85 453
263 118
297 403
85 75
465 1
397 196
483 294
66 116
382 275
317 300
217 459
146 70
174 370
306 482
171 4
247 97
85 336
331 273
381 467
77 301
217 292
5 102
393 476
361 268
219 349
137 249
109 183
208 52
124 32
418 161
131 494
275 71
280 461
70 287
91 129
156 150
314 352
97 7
365 338
89 202
383 195
315 313
358 410
221 459
395 280
383 242
438 391
367 484
90 104
464 209
402 425
71 361
291 331
223 492
461 296
298 118
96 396
77 145
481 382
130 186
281 91
265 295
445 380
251 388
134 379
157 200
332 293
381 329
395 71
116 332
129 388
215 254
39 108
468 259
198 406
300 63
120 137
169 290
400 456
99 109
338 415
299 187
47 293
30 282
399 58
282 156
173 497
185 181
50 212
444 7
312 64
68 380
469 433
493 472
379 234
322 428
276 192
37 314
164 352
125 263
90 260
426 451
499 210
242 394
411 43
458 423
219 288
80 374
227 141
131 242
355 113
467 84
489 295
203 162
4 422
311 14
232 374
47 315
432 150
455 128
50 51
457 397
461 8
315 87
386 170
172 456
283 121
439 204
330 492
359 193
174 214
338 94
310 345
195 269
363 383
455 194
51 453
279 391
415 203
263 442
104 65
10 404
389 417
124 137
4 94
170 24
482 141
88 397
443 297
42 438
311 132
152 367
470 156
86 371
250 146
69 300
465 186
12 186
167 72
120 492
129 250
3 356
405 99
399 428
230 413
180 21
60 140
465 431
23 442
311 483
275 291
25 176
39 428
352 159
139 157
408 463
148 379
213 104
293 272
143 137
435 366
131 397
147 207
191 472
93 264
459 305
287 131
294 321
300 265
32 269
479 309
204 432
132 499
154 120
334 299
195 172
362 75
405 34
479 460
218 419
90 57
432 476
399 339
8 17
361 374
127 439
100 76
121 267
486 21
68 449
136 392
214 400
214 255
399 186
386 82
135 139
40 383
413 445
308 150
314 59
107 468
59 184
191 491
217 117
212 57
212 170
274 240
260 99
85 447
466 335
293 453
179 486
47 64
475 417
357 368
317 488
187 217
327 51
206 476
486 184
284 42
373 238
94 217
204 338
258 22
133 10
228 253
289 444
155 448
304 20
39 17
336 410
182 212
419 174
331 169
333 8
488 444
241 75
423 498
344 145
213 462
210 272
4 364
366 450
368 74
463 10
32 438
20 416
87 150
3 117
319 5
277 267
317 240
172 436
25 282
488 443
77 242
364 451
255 160
1 207
228 31
160 390
397 450
61 431
377 393
410 301
111 183
460 23
491 77
414 38
152 315
499 35
47 92
486 140
187 349
65 202
473 445
325 311
92 45
426 378
426 454
267 410
218 371
30 82
131 212
211 393
455 292
402 56
406 62
143 45
177 119
190 161
163 187
40 142
180 437
453 429
323 252
446 446
365 88
401 489
147 363
392 305
500 348
156 125
143 6
28 288
111 416
321 288
301 190
205 303
187 282
41 4
160 485
324 151
365 328
406 456
225 222
152 304
46 169
418 184
412 407
91 500
90 300
500 105
25 331
253 135
98 50
282 392
318 108
462 354
425 352
378 205
1 76
41 472
265 424
247 461
397 233
175 373
186 246
70 60
105 7
489 258
380 397
480 483
43 232
494 226
51 331
399 229
427 166
419 485
365 232
147 304
65 277
462 223
153 140
243 433
126 425
415 252
59 288
347 143
99 267
1 191
47 35
427 295
288 348
313 495
12 452
233 26
44 175
328 232
228 18
420 415
384 330
123 438
146 475
479 68
403 143
446 292
30 205
78 197
444 131
395 302
71 473
448 277
487 249
471 380
226 456
98 260
6 87
158 169
104 402
348 186
144 364
496 275
246 10
7 220
500 136
23 392
275 43
106 1
309 274
114 144
286 69
145 76
411 411
475 426
270 157
322 203
81 170
98 333
484 332
290 247
211 151
254 121
154 243
202 294
79 98
394 10
41 333
39 425
339 149
215 385
299 307
71 249
436 438
368 172
463 61
269 328
289 425
83 217
260 176
334 255
132 295
171 89
239 458
44 62
180 154
237 124
100 445
74 424
112 241
115 70
492 340
352 345
477 47
3 498
306 418
258 144
292 393
83 433
101 146
264 169
129 486
365 287
253 32
467 288
113 306
47 90
357 295
66 478
249 109
290 449
384 201
8 296
60 168
72 455
191 29
493 217
102 34
295 423
422 455
92 264
105 437
303 409
94 344
323 477
466 238
412 72
328 379
226 129
227 230
146 387
237 459
222 430
451 48
9 325
464 287
2 197
480 80
226 409
243 164
344 342
368 349
354 236
25 326
104 368
439 424
458 279
208 95
25 51
219 450
180 305
460 216
293 468
135 480
258 218
394 363
110 132
80 363
430 441
465 225
400 23
155 201
163 410
360 205
389 436
402 387
35 473
141 123
342 129
377 495
299 57
349 243
74 346
413 175
100 390
177 494
107 409
178 44
165 46
228 391
68 175
465 387
384 463
259 271
491 61
198 348
270 390
172 251
82 152
93 21
206 359
277 401
178 402
221 280
118 174
56 37
419 88
498 164
316 407
467 97
227 51
56 206
85 302
409 206
192 106
268 184
316 300
482 277
376 214
194 298
406 429
99 185
168 119
286 435
402 287
47 37
226 359
309 265
183 344
324 263
489 445
271 350
78 201
39 283
86 496
129 424
451 129
420 301
435 437
335 252
16 44
275 86
464 182
269 262
116 119
23 218
65 118
78 396
287 219
265 481
280 130
465 300
397 488
191 212
227 228
388 247
200 223
22 206
387 281
395 468
405 161
352 179
292 446
215 360
358 352
489 256
293 458
353 9
265 224
135 65
90 369
25 186
78 299
403 220
281 159
472 242
81 256
428 464
471 102
34 438
66 259
205 73
291 62
350 209
196 425
55 392
24 246
335 191
396 103
85 286
197 86
376 101
294 328
290 285
498 184
405 414
494 499
162 468
189 319
364 178
232 222
305 313
362 455
490 10
218 243
445 163
322 22
379 300
201 169
15 139
188 67
468 399
265 490
145 264
287 254
442 440
49 290
223 448
202 99
325 136
366 36
123 157
41 378
181 132
128 280
270 313
103 193
478 47
196 149
301 399
443 499
152 213
467 364
23 391
472 67
464 471
155 118
426 207
465 470
105 210
139 253
416 75
194 426
491 387
40 66
441 274
91 95
302 141
281 424
470 294
101 258
277 403
397 417
58 442
280 468
407 19
26 292
263 165
291 385
372 116
249 398
50 2
308 367
241 145
347 280
401 214
461 413
9 298
432 299
53 416
413 228
335 442
104 126
474 76
368 418
224 216
212 278
13 446
214 30
434 393
118 89
307 173
343 264
98 403
252 360
186 378
491 441
445 257
490 101
58 226
277 19
340 60
312 411
431 52
489 1
496 220
455 175
492 77
388 38
97 19
361 390
131 463
460 402
486 31
77 305
399 146
454 359
216 113
346 78
367 261
120 135
65 178
41 331
399 106
371 51
345 300
301 48
53 78
187 365
383 174
406 416
103 384
355 238
322 463
217 211
328 3
74 149
149 98
149 364
498 74
2 269
171 185
384 43
470 33
3 98
37 61
115 195
126 424
209 84
179 216
127 333
191 372
24 201
54 495
270 334
316 145
291 114
9 491
44 493
335 284
227 433
37 122
98 246
261 335
250 205
400 403
194 153
494 355
446 315
409 469
494 174
483 170
53 372
369 96
373 218
287 24
87 415
369 241
415 130
34 216
292 471
177 117
352 184
365 413
143 207
433 316
479 34
288 160
149 125
439 441
428 299
418 487
156 481
357 275
346 279
217 200
14 56
265 477
184 146
459 419
284 373
133 22
315 170
47 350
199 363
73 378
104 192
278 399
251 263
459 67
316 429
292 254
179 333
165 338
84 255
289 14
16 429
73 431
21 342
356 301
354 173
226 25
260 466
409 71
439 191
488 353
458 187
54 417
70 380
205 321
300 148
500 171
376 257
438 193
117 394
388 180
49 482
409 105
62 403
246 352
167 190
279 293
91 312
113 439
321 244
96 323
209 411
410 115
181 461
290 210
370 375
357 486
244 291
349 327
221 481
5 449
154 411
490 415
437 93
385 357
231 164
444 93
258 221
299 412
470 46
297 264
477 82
91 441
482 249
377 308
404 273
177 143
380 268
365 40
380 207
352 417
223 421
249 144
23 400
159 280
407 296
478 9
19 367
457 348
187 322
385 128
165 209
163 376
184 346
474 129
328 460
202 98
27 18
187 61
60 288
159 158
448 96
397 405
281 59
203 419
254 260
218 380
140 362
438 101
59 281
438 202
225 240
319 381
307 489
307 61
470 273
149 80
449 198
25 399
418 183
4 164
434 366
472 265
172 314
331 412
412 92
153 240
441 359
202 176
397 317
361 411
150 157
120 369
322 248
440 362
256 176
36 239
433 231
98 75
405 166
81 432
483 340
273 288
436 452
372 204
6 372
33 185
431 73
146 71
48 59
64 371
290 399
463 151
90 486
356 282
389 403
179 67
417 414
442 437
310 48
228 262
150 368
208 263
353 322
433 396
231 306
347 374
119 450
62 82
7 142
182 167
314 228
134 383
163 55
390 141
496 167
80 446
269 209
493 391
103 207
324 95
230 148
229 114
367 443
336 52
385 276
465 39
381 331
22 58
166 489
247 404
110 10
244 381
157 435
465 399
57 280
483 381
367 202
125 28
58 112
202 209
323 350
385 119
494 240
172 223
286 287
122 161
63 453
269 354
490 122
381 262
12 297
161 370
366 178
288 32
158 409
383 425
188 99
53 285
172 485
33 392
313 28
321 240
434 367
311 156
11 29
9 357
348 340
387 311
495 56
83 131
335 485
98 90
394 468
26 207
293 16
109 29
447 242
397 262
72 229
456 112
409 487
376 84
5 331
216 282
9 153
180 301
156 7
262 21
239 388
314 429
194 442
202 270
352 311
211 223
59 23
400 174
336 414
76 275
168 221
379 110
298 392
2 433
129 370
304 360
160 353
26 177
85 23
426 394
274 280
233 433
355 437
77 89
319 212
457 159
263 195
114 132
87 43
48 34
420 46
110 63
315 471
373 457
201 363
496 443
402 452
481 413
361 321
103 267
373 484
342 9
306 272
216 216
271 338
79 239
500 104
304 388
79 155
186 264
452 46
432 89
304 12
58 471
3 42
17 9
245 331
355 253
97 80
244 445
131 145
122 272
415 46
231 5
49 113
19 410
419 47
406 262
106 474
262 161
336 203
16 261
165 295
139 312
347 304
138 403
290 236
492 349
241 65
114 294
313 487
336 289
214 482
62 187
77 369
15 325
280 402
265 457
222 495
75 317
121 372
403 5
216 234
455 25
144 260
120 367
360 444
409 280
197 414
460 323
453 494
269 179
286 273
25 429
11 9
146 287
188 426
492 9
412 289
