60
1800
23 48
22 30
18 16
31 55
50 10
55 8
12 36
58 41
18 28
21 41
37 6
48 9
20 32
10 39
10 30
32 34
18 52
55 39
14 56
52 49
2 53
48 42
57 48
5 60
59 28
41 16
60 55
45 44
11 8
2 7
10 42
48 50
38 3
16 25
39 17
47 28
20 30
5 18
50 13
3 29
6 10
45 48
44 27
26 6
15 4
56 17
13 14
18 3
57 41
6 55
49 26
25 30
55 40
36 56
7 60
8 38
16 18
51 47
11 24
27 16
7 3
53 50
5 39
37 26
46 26
11 26
22 58
28 14
19 25
9 40
14 40
29 45
55 29
33 34
19 58
28 48
20 37
13 34
31 16
50 54
28 52
1 3
31 49
58 28
5 24
55 48
60 59
16 33
56 28
35 43
6 15
37 32
29 8
53 8
21 29
52 56
49 27
55 42
46 36
23 7
44 41
32 8
9 16
15 37
15 42
30 24
32 16
24 53
52 11
12 13
29 56
4 17
9 47
40 34
58 40
3 55
47 16
29 28
34 4
42 14
53 28
23 46
4 59
51 14
23 55
48 4
17 43
35 2
20 24
46 29
23 6
32 39
32 32
35 31
18 49
18 21
18 46
6 37
32 15
57 59
5 56
33 44
18 8
50 32
58 17
16 45
1 35
41 12
28 54
45 14
55 38
22 53
40 4
22 7
55 3
31 50
29 12
9 27
33 18
15 35
20 31
29 2
14 22
21 15
20 51
24 27
18 54
12 54
19 11
24 48
20 5
6 51
57 30
60 35
1 56
19 41
6 20
9 22
37 58
40 52
5 13
39 19
16 2
13 5
40 58
10 35
54 5
39 43
51 41
31 4
16 36
48 50
35 59
40 5
15 35
40 1
57 34
11 59
55 34
24 6
4 60
6 50
18 7
16 14
47 22
23 30
23 29
8 44
38 26
57 14
35 36
25 54
21 32
47 40
34 22
49 46
45 9
49 50
20 5
39 51
6 51
53 15
46 19
42 17
22 6
50 13
39 48
26 25
41 19
15 47
47 1
22 23
2 36
39 37
48 46
57 54
2 47
11 34
10 38
38 51
47 16
59 25
17 12
40 38
11 10
9 38
31 14
52 37
9 44
56 33
43 20
55 51
54 55
36 1
34 42
56 60
20 53
14 34
23 10
46 22
57 41
23 44
50 15
8 6
44 9
1 3
15 52
13 20
53 49
20 28
18 26
17 49
34 38
5 30
35 10
13 37
45 10
35 8
60 37
34 28
2 19
37 5
24 1
34 45
2 10
28 47
52 55
7 49
12 11
26 57
20 28
60 20
32 1
45 58
29 20
52 5
8 19
38 29
40 39
48 21
35 23
42 40
11 9
53 33
26 6
58 17
51 12
18 53
46 13
35 36
57 44
57 36
15 29
48 2
59 45
21 35
44 20
34 6
50 52
11 59
39 36
22 38
17 15
8 21
42 58
47 52
32 11
49 55
38 40
1 25
40 40
31 18
48 58
37 56
10 49
34 18
54 28
54 23
29 23
49 60
57 34
8 57
60 15
60 59
22 53
4 12
3 34
30 3
6 16
10 51
31 51
34 9
27 59
42 10
31 46
33 2
32 1
30 16
21 41
1 20
9 14
18 40
26 23
21 17
38 3
28 53
50 32
30 26
25 26
8 32
57 53
11 40
21 49
10 1
37 33
12 17
45 50
50 3
34 51
29 19
51 40
17 38
21 50
4 19
55 33
11 20
49 41
52 50
8 33
15 17
31 49
9 27
33 44
24 34
43 29
55 38
41 40
52 49
27 27
37 22
1 48
52 23
8 47
16 21
26 29
47 37
15 43
27 46
22 5
38 49
27 59
6 8
36 19
49 60
12 3
12 36
50 46
41 58
35 5
27 56
23 55
13 50
22 47
44 22
51 6
33 16
40 46
3 51
14 27
10 33
7 14
39 37
17 10
32 15
37 16
37 53
39 59
28 56
60 39
29 21
4 48
10 9
41 51
24 27
16 35
58 34
7 46
5 25
55 38
27 13
5 12
53 17
52 41
17 59
4 29
4 46
38 12
56 50
13 21
9 22
46 33
8 10
22 17
51 35
30 27
39 36
21 34
55 20
52 29
34 31
31 7
7 18
32 47
15 18
45 12
26 29
35 25
57 17
44 56
54 34
44 11
42 37
59 26
9 41
55 16
21 31
52 7
30 6
39 3
31 1
41 40
12 18
18 31
31 49
30 45
50 4
46 12
32 33
38 29
23 60
31 52
10 4
20 33
49 37
40 54
55 38
52 41
34 60
30 51
58 29
42 11
26 14
60 45
55 54
27 29
54 54
48 45
39 7
28 31
28 25
28 4
49 57
48 55
18 33
43 19
6 44
16 59
55 7
31 41
37 1
57 42
16 28
18 32
57 18
5 39
21 24
17 23
41 11
5 23
50 19
29 60
5 13
16 45
54 47
13 24
10 44
21 54
17 40
36 31
30 53
50 16
22 16
56 40
58 17
59 9
33 10
59 23
36 10
50 52
36 17
45 32
38 6
55 55
35 25
14 51
3 41
8 5
42 38
34 29
15 10
48 50
42 48
14 3
34 25
27 21
48 32
54 12
37 50
32 17
58 14
41 1
32 27
4 39
15 49
51 59
45 40
51 7
33 23
41 37
43 3
8 52
27 11
54 34
52 21
1 3
13 59
3 3
32 13
21 58
11 23
39 43
60 41
60 17
4 55
10 21
1 56
39 28
45 10
25 49
16 55
13 34
55 44
34 33
56 47
28 42
30 21
42 27
21 54
25 53
10 58
56 52
18 44
27 25
43 20
8 39
29 36
35 13
59 19
49 36
18 58
11 59
36 27
55 21
60 13
1 18
56 19
37 20
2 12
46 56
38 32
30 52
15 19
7 49
8 41
50 33
17 8
30 44
22 10
13 3
43 37
49 39
26 53
2 54
30 54
11 3
3 36
6 14
37 9
44 34
8 44
11 42
53 2
52 28
21 51
45 40
42 52
28 6
47 51
48 51
44 46
16 9
41 26
45 55
53 53
38 8
38 2
1 48
44 45
21 20
54 2
23 48
35 47
9 21
7 40
39 26
14 48
35 15
46 17
2 24
29 7
60 34
44 46
46 5
25 47
12 8
56 58
6 9
4 25
9 43
23 58
55 29
2 36
49 7
56 42
35 57
11 55
26 29
27 22
49 31
39 33
52 5
39 38
9 19
16 15
43 41
32 32
51 50
54 8
9 41
3 20
27 2
45 40
32 27
21 6
60 41
42 33
36 59
31 13
55 53
60 31
17 48
31 20
4 54
46 38
53 32
23 49
30 31
15 35
27 16
16 21
17 41
45 1
15 39
51 26
23 49
19 50
19 22
43 57
54 7
53 59
14 27
2 39
56 1
59 24
13 49
1 8
42 27
50 6
1 56
10 38
53 42
50 7
12 39
30 7
43 20
51 47
24 18
24 34
3 56
59 22
38 57
47 5
43 33
55 60
51 32
41 60
21 53
58 31
13 13
12 3
52 40
39 20
18 28
28 4
16 29
47 36
9 16
43 21
36 43
49 1
58 60
58 28
59 50
58 23
53 55
55 28
3 42
11 14
30 34
52 35
21 22
44 5
26 3
24 51
23 31
7 32
6 4
14 44
1 13
58 11
19 17
20 41
5 16
31 1
32 42
7 17
54 48
38 25
54 47
1 21
42 56
8 47
52 30
4 36
29 3
7 13
39 24
35 6
52 29
53 50
10 38
36 29
17 4
20 60
20 20
48 27
53 60
16 25
22 3
30 9
13 9
50 40
4 18
51 31
49 37
55 53
38 39
46 57
5 10
21 37
21 55
57 5
46 22
7 25
10 38
40 53
3 6
23 6
32 14
56 55
25 2
39 13
51 20
23 25
11 36
47 16
11 7
10 18
28 24
53 25
18 3
15 48
31 19
29 8
8 6
30 35
25 6
57 60
34 20
6 50
26 17
31 23
8 51
5 10
51 50
12 53
28 31
53 47
22 21
54 41
52 34
19 58
14 43
32 42
60 34
8 46
55 24
38 40
16 38
19 13
60 6
19 57
29 57
13 15
47 28
28 31
50 6
36 39
31 34
43 28
46 36
52 45
54 30
10 56
41 10
42 25
52 58
43 18
50 47
42 1
10 34
38 40
47 31
8 44
30 1
20 25
1 50
32 38
24 45
32 59
32 7
60 49
18 36
22 45
35 54
31 46
59 1
36 15
27 9
43 22
21 30
51 36
50 25
43 19
55 30
46 6
54 60
24 23
10 11
6 54
60 52
4 45
46 56
50 48
13 39
49 51
11 14
38 7
5 54
48 47
1 25
14 39
40 46
15 22
48 29
19 46
47 25
49 30
48 3
41 45
23 4
59 39
38 24
51 50
20 47
50 23
44 32
59 25
42 30
31 57
1 13
8 54
7 43
37 8
43 12
30 42
34 40
48 21
26 56
27 60
7 33
9 6
12 28
57 32
43 28
59 17
22 6
16 20
21 20
30 45
36 53
35 34
15 34
3 3
5 14
10 25
57 5
54 29
34 5
54 54
4 28
13 50
22 31
45 21
26 53
59 32
12 17
56 52
19 30
50 40
51 30
5 13
46 23
17 5
52 52
44 26
40 42
4 10
16 19
16 51
29 58
36 5
25 31
60 7
1 50
54 34
60 48
14 46
6 15
32 27
32 53
52 43
46 5
24 2
21 36
22 55
52 15
16 56
35 9
24 50
54 57
4 13
9 23
5 22
29 11
31 38
60 14
1 15
3 53
15 5
36 7
36 24
21 58
30 17
19 10
58 39
35 42
5 18
58 32
41 54
20 4
4 40
1 54
25 37
2 41
10 58
30 37
51 3
8 1
37 4
19 2
48 1
28 55
52 59
2 42
42 21
40 21
50 7
55 2
10 19
35 33
54 38
7 58
43 1
22 12
23 28
45 56
26 7
35 7
27 56
11 40
18 21
50 29
18 60
53 36
45 16
56 46
18 21
43 28
3 36
12 59
39 23
36 34
44 30
48 47
7 5
20 13
39 53
9 52
51 8
53 40
12 33
51 48
6 60
41 32
29 56
25 3
14 50
46 42
6 54
14 45
39 26
17 33
32 44
21 30
26 56
1 36
49 21
5 39
24 57
53 15
33 16
10 14
14 7
56 21
41 15
20 20
14 26
2 16
37 26
13 9
49 30
15 44
50 36
51 28
43 25
25 50
44 60
57 38
12 30
36 58
9 12
54 22
35 36
55 18
57 44
38 19
22 24
9 19
22 13
15 58
49 57
60 49
6 9
4 11
9 21
44 51
43 41
31 57
14 18
5 33
6 39
20 38
46 2
26 57
33 16
25 30
47 6
49 8
28 29
1 41
16 14
41 42
19 51
23 22
44 38
3 28
20 7
27 36
44 56
41 55
2 37
60 5
36 11
19 4
9 34
34 55
39 54
24 41
42 2
43 13
24 38
39 8
13 11
20 7
3 46
41 37
53 42
24 19
9 49
25 35
45 60
36 33
17 14
2 29
54 7
1 51
26 14
31 11
23 32
6 38
20 22
56 54
16 4
47 36
45 21
44 5
26 25
30 41
26 47
46 36
17 3
18 34
53 19
12 2
25 13
20 20
48 15
39 13
42 32
41 59
44 54
16 37
32 39
29 12
49 3
47 35
32 5
30 50
37 57
32 15
32 32
25 47
52 44
16 52
24 2
25 53
44 22
45 59
36 57
46 16
2 6
26 39
34 25
10 49
56 32
40 51
40 35
28 32
48 36
36 20
6 10
49 45
38 7
57 13
13 22
47 35
22 3
43 47
5 55
50 4
20 40
45 14
56 17
56 33
45 60
57 58
14 2
59 45
54 36
60 34
44 49
46 25
49 49
1 53
16 17
42 9
31 30
22 6
48 2
4 12
10 39
30 5
21 52
45 12
41 50
59 40
15 23
19 40
25 33
56 20
15 35
50 49
51 2
31 34
49 13
30 32
19 44
42 3
22 30
20 49
22 60
32 49
23 31
20 48
6 22
11 25
30 18
22 20
35 37
17 21
4 7
21 24
41 50
59 34
50 44
32 56
6 22
52 3
18 59
52 56
16 14
26 10
31 17
18 49
24 26
33 11
35 60
53 37
14 53
15 1
59 55
16 34
25 7
30 48
11 32
6 53
28 22
48 50
32 49
13 55
17 37
20 53
45 27
5 8
7 42
9 22
41 41
58 23
31 56
19 57
57 59
33 57
25 50
44 43
15 46
23 4
43 5
16 26
51 27
37 43
38 2
16 20
1 38
23 31
42 58
32 6
37 38
51 41
42 1
34 54
32 1
22 2
51 23
36 26
21 42
33 42
24 50
29 19
1 57
53 4
57 28
27 17
26 28
46 60
32 38
59 25
58 18
16 17
42 59
58 54
34 50
39 2
23 7
6 30
43 4
1 4
10 23
14 5
28 7
41 24
55 4
49 55
7 20
32 10
27 9
49 19
54 26
18 3
24 58
35 42
30 59
9 12
10 7
36 15
5 51
50 47
11 56
50 20
18 37
41 12
17 17
9 17
48 26
21 54
56 26
17 8
51 20
47 14
15 13
12 52
49 25
13 38
54 29
2 31
56 51
33 11
45 2
50 35
53 6
28 28
55 9
18 55
27 52
29 52
38 6
23 35
49 26
45 16
13 21
20 26
24 48
47 55
30 26
55 33
58 53
22 1
54 11
10 22
11 53
39 34
46 7
9 44
52 7
55 37
44 1
60 24
10 20
19 2
34 29
26 9
29 19
59 11
3 24
15 25
35 6
19 36
56 33
39 26
3 11
47 16
44 29
34 42
6 27
46 9
4 52
10 14
4 10
11 43
4 60
8 15
13 42
54 11
33 46
6 45
46 22
38 6
55 21
4 57
45 5
53 51
49 58
4 57
2 22
25 1
34 34
32 34
50 9
47 54
46 43
8 38
33 45
24 50
37 19
7 42
42 41
24 41
28 30
60 8
54 53
10 48
47 53
30 33
42 27
56 42
50 25
23 59
9 29
29 43
37 46
35 26
5 1
8 53
5 26
46 1
38 17
51 13
54 8
58 9
54 31
56 60
11 41
60 41
16 28
23 2
45 35
56 51
14 34
60 55
46 33
5 29
59 27
9 53
37 24
13 36
12 21
9 2
13 15
35 40
18 38
44 42
40 60
31 7
50 10
3 56
49 24
33 46
31 34
30 39
7 27
35 29
21 22
26 58
49 37
17 52
17 51
30 37
28 17
2 52
24 38
51 21
5 49
54 60
5 48
47 45
11 59
50 44
59 21
3 40
12 52
45 28
46 46
8 50
38 22
60 22
2 6
16 60
59 39
42 3
43 48
44 9
21 44
38 29
58 2
43 16
23 25
44 59
45 52
25 2
34 39
21 40
29 36
16 47
30 30
53 7
28 22
44 36
37 11
54 20
6 42
28 41
4 6
47 24
21 35
42 18
56 19
33 50
27 12
36 46
1 31
5 16
8 44
35 46
1 45
5 4
47 27
24 56
7 8
29 6
50 35
42 1
1 6
14 12
15 55
33 17
39 40
24 29
29 53
25 5
17 6
10 8
39 23
21 44
10 32
56 20
45 32
6 58
51 42
24 58
29 56
8 43
36 47
14 44
26 31
30 42
52 27
39 21
9 12
31 29
50 50
30 20
60 24
37 11
13 32
36 42
11 49
24 6
26 53
50 8
33 33
2 23
57 55
35 50
24 23
37 29
34 34
35 47
41 54
38 14
25 26
56 55
51 42
56 40
43 41
50 15
31 42
20 55
27 43
44 44
12 15
31 25
47 38
23 31
43 1
56 3
47 39
43 20
13 10
5 28
60 50
8 8
43 11
7 60
41 38
16 37
60 36
29 45
1 57
8 13
37 37
42 21
27 51
28 33
24 43
50 6
56 51
52 55
44 52
11 57
52 45
40 40
23 48
3 54
60 57
5 20
46 41
2 48
26 6
56 16
5 4
12 47
20 55
27 28
11 8
53 35
19 51
58 20
23 45
7 20
15 2
57 59
36 60
1 14
22 18
18 31
8 27
10 12
49 41
23 21
12 46
9 25
29 3
60 57
30 36
1 59
55 13
54 57
44 21
14 56
21 23
