60
1080
58 51
2 22
34 21
55 25
18 17
43 23
33 39
59 10
45 5
32 11
49 16
23 27
54 3
55 50
50 48
33 52
14 13
40 41
19 3
17 41
32 15
23 10
34 6
37 33
6 54
9 37
28 26
27 40
35 57
16 18
55 9
39 11
45 1
38 15
35 49
5 46
47 25
29 55
55 33
3 24
37 20
40 45
5 14
52 38
37 7
30 28
4 7
60 8
11 52
16 56
41 9
12 5
43 7
17 31
45 7
49 50
28 42
9 47
41 6
15 35
18 24
54 51
5 25
25 23
59 10
60 39
44 51
9 32
10 55
59 53
14 24
26 17
18 44
17 13
50 39
46 15
21 1
7 9
42 13
19 53
24 1
9 9
23 37
47 35
38 18
29 25
2 4
28 39
11 17
10 27
12 16
49 8
6 53
22 4
35 44
54 6
30 44
21 7
28 42
54 9
6 41
24 48
19 13
11 27
58 30
41 17
31 9
32 59
25 24
10 54
31 42
40 19
2 42
44 33
19 9
32 21
22 45
4 34
37 53
4 21
56 50
23 13
44 6
19 9
41 27
20 19
50 29
10 29
25 21
14 33
12 15
56 43
43 45
42 2
40 60
18 37
51 57
33 2
32 3
21 8
25 3
24 29
30 8
42 43
14 50
39 20
55 17
8 21
27 56
28 13
14 58
31 32
45 42
39 46
6 48
15 44
16 60
54 32
13 33
11 17
27 42
59 27
44 4
11 60
51 9
4 51
55 50
60 15
54 20
16 34
48 15
11 24
28 33
37 59
35 3
11 27
27 13
37 5
16 12
12 5
48 29
28 41
35 37
31 42
52 28
1 23
60 35
17 22
53 1
14 35
15 37
56 24
44 20
55 29
31 57
12 42
25 50
25 12
46 56
26 3
49 8
4 3
28 7
24 1
18 47
1 42
31 13
56 43
10 15
34 19
34 17
28 36
48 55
52 24
26 15
26 7
58 39
19 39
56 28
30 57
53 2
27 39
59 25
31 40
41 29
33 9
60 5
52 40
32 21
8 19
17 35
38 56
51 50
36 6
17 26
46 58
27 54
36 1
43 51
37 19
40 1
40 1
7 56
35 35
29 9
10 30
53 20
10 28
48 58
8 39
50 37
47 18
44 54
14 12
4 3
24 40
51 25
53 21
47 42
34 51
48 59
11 52
32 12
43 9
35 4
2 39
35 6
22 5
58 46
56 13
17 49
4 18
47 10
54 1
58 46
38 14
52 49
23 11
1 35
50 30
28 28
28 5
11 15
45 41
51 45
4 18
30 21
29 48
9 40
34 14
15 60
5 47
12 37
30 36
18 55
40 44
44 30
57 2
28 41
16 51
7 41
16 12
56 15
43 53
54 42
18 54
10 40
36 34
33 37
57 9
51 9
47 7
1 23
28 44
46 10
38 11
51 39
25 58
54 49
25 2
44 44
49 54
9 33
9 13
25 17
4 29
48 8
41 7
56 15
16 54
45 28
41 32
24 26
49 57
32 14
19 48
3 5
20 59
55 46
35 56
47 30
5 55
7 52
44 56
27 51
1 48
1 3
53 56
30 56
7 58
59 56
58 59
56 9
35 11
53 19
48 60
24 58
51 44
16 4
11 51
44 56
4 57
40 46
41 8
41 32
47 30
58 9
1 49
53 47
59 55
43 30
47 19
40 56
37 33
12 58
12 8
17 3
54 44
18 50
19 44
14 15
30 6
43 39
30 48
53 51
27 35
42 1
26 29
7 39
15 3
49 47
44 39
12 60
22 1
30 16
28 22
34 53
55 34
53 27
22 2
9 19
17 19
29 51
49 51
41 32
7 32
51 3
28 59
1 49
17 37
6 52
59 41
30 43
37 38
26 33
18 53
53 49
8 27
52 44
37 22
51 9
13 40
33 3
15 13
29 18
25 58
33 10
36 19
5 27
25 31
23 47
48 21
25 44
60 17
12 5
9 35
8 42
7 57
27 27
25 29
34 8
32 11
50 42
55 26
16 17
6 46
8 25
57 47
33 58
48 3
21 52
26 55
54 43
39 45
31 23
14 11
1 52
58 9
46 32
39 48
48 45
4 48
2 47
53 19
17 43
20 1
2 31
35 5
49 11
58 6
19 44
28 47
41 35
3 21
28 52
25 7
54 25
10 46
22 35
11 46
48 58
59 20
1 9
27 33
37 43
29 43
35 18
29 58
55 28
35 32
7 25
35 3
41 47
6 2
6 22
21 37
28 17
11 14
24 32
17 40
59 38
23 3
49 12
8 1
11 2
42 58
49 16
44 38
39 4
40 4
56 10
23 47
43 41
16 26
46 33
3 5
60 11
44 49
36 41
29 35
37 44
41 17
57 21
17 17
59 17
19 43
3 19
59 11
58 11
58 23
52 45
54 2
36 57
18 59
21 23
30 37
5 6
28 15
58 35
58 42
28 20
60 1
11 10
35 12
3 21
34 45
54 30
58 46
20 8
18 33
9 37
42 7
23 9
10 15
55 24
27 20
5 3
50 49
57 49
4 26
57 58
42 58
10 14
10 3
33 37
19 29
56 12
17 54
22 39
45 43
34 52
9 18
13 5
58 16
8 51
60 52
53 24
21 34
43 37
10 5
47 5
39 44
30 9
35 40
34 35
32 52
3 4
17 8
48 29
42 33
56 25
13 51
1 32
20 48
9 46
2 7
10 19
54 8
10 18
4 53
28 27
45 47
59 39
22 3
2 43
49 30
58 31
49 16
46 51
55 44
40 60
26 24
54 14
54 52
9 36
26 17
26 42
59 31
21 38
14 50
20 38
39 29
25 48
15 1
17 32
26 35
9 46
28 55
60 11
17 24
57 12
50 1
21 15
60 34
4 8
33 3
48 39
39 5
35 56
44 35
39 20
19 29
35 12
13 56
52 52
32 29
39 17
46 17
16 27
15 15
45 53
38 25
20 47
11 53
5 5
4 53
8 56
47 46
9 50
36 38
50 11
5 2
5 52
7 38
51 14
36 15
32 31
4 36
48 16
19 45
27 15
8 24
54 45
9 27
17 43
54 37
33 7
47 7
27 44
24 59
32 2
59 42
15 15
37 50
44 40
38 46
17 40
54 43
38 9
37 10
16 17
5 4
4 18
1 7
1 51
56 27
25 57
4 22
34 16
49 43
7 57
41 46
27 49
57 31
54 7
2 28
28 22
42 44
58 27
27 21
17 60
24 42
27 3
52 54
34 10
11 55
55 9
28 41
54 7
26 5
5 23
58 41
9 36
16 6
6 6
59 1
11 44
31 22
20 12
40 38
18 57
9 1
16 35
8 24
51 12
57 31
50 9
34 13
18 51
47 58
55 16
19 48
24 8
52 19
48 41
32 6
37 9
2 19
18 7
39 56
28 17
5 3
11 58
26 44
41 31
25 2
33 17
59 52
23 11
36 33
5 2
27 44
47 33
28 50
8 45
14 53
13 32
3 21
4 54
17 11
56 1
35 46
47 8
10 60
55 53
43 13
48 57
44 8
25 17
13 10
10 3
32 39
40 30
9 17
3 46
31 2
46 33
47 43
50 54
44 34
19 31
4 4
48 52
43 30
59 51
46 40
49 60
54 2
46 48
2 8
4 37
51 30
31 1
30 54
10 32
45 42
23 21
33 4
20 4
28 43
30 10
16 60
32 58
23 19
8 39
43 17
27 53
49 26
43 18
8 13
23 6
54 1
35 42
4 42
42 51
19 60
60 20
17 13
9 54
12 32
1 32
32 59
41 42
44 34
6 38
36 27
51 21
45 30
54 4
47 54
39 29
21 45
58 28
49 18
5 47
25 29
29 22
46 45
49 48
1 3
45 56
43 19
48 16
33 54
58 37
35 46
23 9
51 40
49 32
43 43
56 55
53 34
41 33
60 35
17 23
29 5
11 49
48 24
25 40
29 27
31 40
45 14
3 8
42 8
60 54
40 36
11 18
47 16
26 28
32 3
58 28
12 34
21 22
51 58
32 9
13 19
9 33
52 52
45 11
7 17
15 48
49 13
13 5
38 5
14 45
46 13
28 36
33 40
19 48
24 23
30 32
17 16
6 47
32 8
60 42
18 14
3 20
41 27
14 25
8 8
48 18
1 57
56 5
18 7
25 54
15 48
25 56
24 56
4 21
39 30
46 20
30 26
45 3
10 28
46 18
54 22
25 46
50 13
14 43
28 57
49 24
47 55
43 33
15 46
28 32
2 54
9 16
31 17
16 50
51 10
31 60
2 35
52 56
39 43
2 46
11 25
34 58
48 38
9 52
12 52
8 16
52 59
6 29
29 13
35 35
16 24
14 41
15 49
42 20
29 9
26 47
7 58
19 11
18 38
8 13
16 56
32 36
40 55
38 60
59 6
49 20
53 20
10 50
41 57
41 47
49 48
37 11
45 8
9 39
31 1
41 19
25 28
45 55
23 49
28 32
14 16
9 35
50 30
41 33
23 34
43 20
49 38
38 51
53 59
36 56
2 5
16 35
37 35
39 37
16 58
41 15
9 5
31 2
17 13
49 45
60 54
34 55
53 9
46 15
39 40
57 38
4 20
55 58
17 54
22 46
60 55
47 55
7 46
3 44
57 29
25 29
22 5
55 47
11 45
13 45
60 54
4 52
11 47
58 57
49 9
8 27
9 11
50 28
36 6
28 58
48 41
43 18
34 26
3 9
5 25
45 46
15 28
32 41
10 25
10 25
36 54
15 17
58 36
5 58
8 6
25 50
23 33
43 56
23 20
3 52
33 20
12 33
49 15
7 9
33 33
23 45
34 5
8 37
47 30
35 4
3 59
57 15
14 46
58 32
54 14
53 49
53 30
41 26
9 38
28 57
38 60
16 17
25 39
13 55
2 57
