60
288
50 17
1 38
17 52
24 32
9 4
39 2
18 48
10 37
10 49
9 47
40 28
49 31
50 14
34 37
2 14
5 39
45 59
4 38
10 24
52 21
27 21
54 36
21 15
2 51
51 47
23 58
56 17
10 58
16 51
20 26
41 14
20 42
21 17
7 36
13 60
44 40
30 2
57 28
55 46
27 17
51 27
17 1
5 2
50 16
3 25
4 44
8 6
18 41
18 55
16 15
28 23
40 7
30 49
43 16
31 9
25 42
16 18
54 27
39 25
28 31
23 5
14 54
11 24
41 56
43 19
33 35
14 40
21 25
51 15
35 51
41 20
29 54
33 56
51 1
1 35
56 23
32 8
20 56
28 26
43 13
38 1
40 27
1 32
30 22
36 6
3 15
60 55
39 44
23 36
24 7
26 48
22 60
8 21
21 35
43 5
43 23
34 26
28 55
52 24
11 27
38 43
52 51
24 22
19 57
22 36
60 49
13 32
10 55
28 18
43 38
51 4
24 46
16 8
13 42
31 53
25 34
29 33
43 50
21 22
1 29
3 6
42 13
3 41
57 55
3 21
45 49
51 7
19 5
41 35
5 28
23 16
47 16
40 6
2 35
31 10
31 19
11 16
18 48
18 48
35 6
39 27
58 35
53 54
55 35
60 46
21 18
12 24
14 44
36 58
24 60
30 44
32 47
60 59
15 47
44 46
54 5
19 29
60 29
41 51
36 49
5 6
34 51
21 47
39 50
56 4
31 35
42 43
59 30
28 3
28 43
14 31
16 19
18 44
40 2
56 13
34 33
22 6
7 53
35 52
29 40
51 30
51 53
48 3
23 34
16 13
10 10
60 58
1 17
46 56
47 53
6 36
59 11
41 42
27 53
19 45
54 34
7 36
12 53
42 15
27 11
17 54
16 36
18 15
25 54
50 30
49 5
41 12
10 15
45 4
51 20
59 24
1 6
40 47
36 19
46 25
44 31
31 15
37 7
27 35
42 25
36 39
9 11
3 33
54 7
26 26
4 49
36 52
58 46
46 25
57 55
5 49
44 30
35 27
2 43
47 46
33 20
22 2
49 54
23 16
16 26
8 10
53 24
17 8
39 20
26 53
27 2
29 29
22 53
22 6
52 33
18 33
53 40
35 59
50 14
38 29
4 10
41 53
54 24
56 48
28 37
14 24
17 4
13 40
44 16
12 51
10 37
5 3
12 48
38 56
39 10
44 54
21 9
23 19
35 12
51 47
12 1
28 18
59 3
1 53
23 50
12 29
4 1
11 2
27 28
30 46
46 47
56 12
13 33
