60
2160
44 50
27 43
27 13
6 46
31 59
14 14
13 14
33 53
32 28
32 4
27 25
59 8
52 25
24 25
4 32
39 9
17 49
53 23
15 15
28 38
41 20
59 25
53 9
43 13
30 39
7 51
51 14
5 43
26 41
54 57
52 59
19 57
46 38
20 45
54 10
41 39
13 57
56 43
39 49
10 32
19 52
2 13
56 17
7 21
22 33
24 26
41 18
36 57
11 59
10 53
53 32
54 37
6 1
24 24
55 52
32 57
32 33
52 40
57 55
45 42
20 27
37 38
6 20
33 36
19 51
45 23
11 19
19 20
55 47
55 38
40 22
14 22
14 45
12 23
34 19
55 29
28 7
11 14
7 6
8 37
39 21
60 33
53 30
26 53
44 54
55 13
2 17
14 40
52 1
11 9
7 54
32 36
44 25
15 27
49 37
23 58
18 1
13 17
26 35
19 49
23 60
19 50
50 8
46 52
15 23
28 40
24 56
59 33
32 13
11 54
42 56
35 36
57 41
12 22
15 12
60 16
44 56
16 21
15 7
49 15
24 37
23 11
43 25
30 52
30 10
14 60
32 53
8 25
2 31
54 24
51 44
28 20
30 11
34 11
40 20
3 19
60 24
3 17
27 26
57 52
29 35
33 19
58 11
19 28
41 50
52 39
2 11
1 43
42 19
26 35
32 58
34 41
27 44
59 30
27 31
53 58
25 45
31 46
57 36
57 55
36 18
45 56
20 37
2 53
12 23
5 39
34 2
34 34
38 18
21 5
42 11
39 30
49 28
42 56
45 46
59 51
39 13
19 50
35 38
55 1
29 22
34 1
17 32
26 19
58 41
13 5
44 16
31 21
8 43
17 1
40 27
5 20
46 8
55 57
18 59
52 26
34 41
43 31
17 37
26 58
2 60
14 51
38 56
60 25
24 26
30 9
57 34
23 56
9 22
15 44
28 38
57 55
20 31
15 32
13 48
4 9
53 40
2 32
29 52
41 56
12 59
4 25
47 35
31 16
35 12
35 17
52 32
59 52
15 42
17 54
49 13
5 53
49 37
21 3
35 24
58 9
27 55
18 25
57 15
49 20
30 5
27 1
39 27
3 49
54 34
38 34
44 8
36 19
9 24
15 11
43 44
12 9
27 41
25 60
55 39
25 33
46 10
53 10
25 16
38 30
25 15
17 12
17 31
19 37
31 10
33 55
58 51
2 39
40 1
49 33
2 26
55 38
20 17
37 12
23 46
9 9
10 28
11 9
39 3
8 47
60 19
40 48
27 5
19 22
26 18
39 25
57 43
48 27
60 33
6 46
45 44
20 41
59 13
15 56
9 57
24 47
55 29
22 30
28 30
23 36
24 32
5 14
55 5
20 43
9 22
48 49
29 5
33 37
20 13
43 49
6 25
26 30
60 34
25 1
40 25
33 46
7 3
50 16
45 29
22 19
3 59
51 20
56 43
30 34
15 41
11 3
32 28
3 3
23 41
38 8
12 23
47 14
37 57
23 29
32 33
16 17
49 41
13 9
36 19
59 13
40 44
28 4
42 27
58 5
46 37
1 29
21 38
32 37
6 6
3 20
44 47
15 10
25 55
49 26
16 16
3 51
29 16
50 36
44 47
43 23
27 21
48 56
36 40
39 34
43 39
34 15
59 16
20 37
58 47
33 56
56 5
2 18
58 32
6 55
17 54
35 41
57 23
26 37
37 46
42 9
58 45
10 34
15 24
20 14
43 18
30 4
40 35
2 59
2 55
10 58
50 3
42 5
50 54
39 15
35 43
33 34
53 6
49 46
8 6
29 36
49 16
21 35
26 34
1 29
48 36
30 33
15 38
22 51
32 4
27 48
51 13
21 13
36 17
48 40
46 49
34 2
1 41
39 3
17 34
16 57
14 21
2 30
40 6
22 43
22 7
34 18
25 15
58 38
21 8
48 53
31 55
51 8
18 10
58 6
24 15
59 45
13 59
15 26
51 34
57 54
8 44
53 45
53 46
28 10
58 4
29 33
22 49
36 7
30 40
36 41
23 12
30 47
33 26
3 21
27 52
19 17
10 23
38 47
29 19
51 33
16 45
25 7
12 48
18 12
45 60
25 38
28 6
1 1
16 5
53 15
32 33
7 18
60 27
20 20
11 37
23 27
42 51
35 38
34 52
30 4
49 17
7 7
11 18
10 45
30 36
47 29
5 60
6 19
47 4
16 23
2 4
58 44
11 12
31 50
14 4
58 12
48 18
47 4
42 35
58 24
51 19
57 4
58 49
36 39
3 48
35 28
11 9
16 30
11 23
29 34
30 19
47 28
38 18
6 57
5 5
44 5
30 51
18 43
59 55
40 55
23 38
50 7
39 5
14 52
60 34
58 35
44 4
54 41
29 36
26 17
37 24
47 52
35 18
35 21
35 24
18 59
12 15
52 1
24 19
4 20
4 16
55 33
12 55
9 17
21 23
54 22
28 53
47 37
2 21
27 35
13 23
17 11
13 50
12 18
54 31
38 37
41 49
18 53
54 48
16 36
24 55
44 35
60 59
5 53
14 20
3 7
43 41
10 15
12 46
1 50
20 41
7 47
46 55
13 26
9 53
17 59
2 3
52 21
31 27
34 40
11 42
33 14
20 50
52 33
9 48
51 6
7 13
38 33
45 15
45 24
20 8
33 15
14 57
55 27
40 5
47 12
33 49
22 51
50 17
14 58
54 12
53 11
39 30
8 32
29 30
30 39
15 52
8 51
5 58
3 52
20 10
58 52
49 53
29 40
44 38
22 39
25 25
58 29
41 26
34 29
35 60
7 55
53 38
16 12
32 30
38 14
50 46
23 3
39 26
12 56
50 3
46 34
58 5
36 6
14 53
25 50
49 49
30 36
18 15
37 60
19 29
14 27
14 34
21 40
25 17
23 29
41 43
14 15
26 14
16 24
10 39
6 51
52 7
7 49
48 41
51 29
44 16
20 52
9 34
42 49
22 1
16 52
45 41
26 34
17 35
56 4
3 18
46 19
29 44
26 58
37 48
9 24
44 7
27 2
53 7
53 54
41 33
44 6
13 6
50 29
18 36
55 5
1 41
41 6
36 9
45 45
43 12
44 31
24 21
21 14
41 41
45 53
31 20
2 39
31 10
15 48
31 3
24 59
31 23
27 41
24 44
1 39
52 21
48 32
10 24
1 43
29 31
7 5
39 52
26 41
34 17
20 7
24 21
13 3
55 43
43 58
60 37
59 45
10 14
20 20
60 12
45 53
41 49
2 9
16 10
11 23
22 23
55 51
28 39
52 36
48 4
24 14
59 30
24 34
5 44
11 18
59 58
40 29
29 58
22 60
32 6
2 43
53 47
48 1
19 53
3 38
15 46
29 35
11 13
13 35
59 54
14 42
53 52
41 32
55 44
36 31
24 42
9 56
31 49
10 13
27 40
8 54
14 24
47 33
8 26
46 21
18 1
24 59
40 57
12 9
5 10
35 52
28 20
34 43
16 36
45 57
33 26
43 43
52 21
38 59
34 18
60 51
26 56
18 25
4 22
29 37
15 25
59 14
53 38
33 54
16 21
19 50
19 48
45 55
13 20
14 22
60 11
56 14
46 16
8 19
1 57
23 55
9 7
4 18
59 49
43 20
19 1
9 21
53 9
42 50
41 11
58 23
14 23
32 60
32 3
60 28
27 33
37 3
49 5
24 10
47 52
5 59
55 5
13 54
7 6
4 60
18 42
3 58
53 12
22 14
38 41
43 11
34 34
26 56
31 18
50 30
26 49
34 60
38 1
41 55
34 59
54 43
52 23
52 26
26 21
53 59
7 56
27 57
23 10
12 6
13 4
24 39
28 3
18 51
35 49
43 51
48 12
38 33
26 5
29 2
59 14
50 12
1 34
8 22
19 17
1 49
7 60
4 11
19 29
25 13
50 22
23 46
47 3
19 8
6 5
21 10
60 46
8 1
13 47
54 29
9 44
46 31
24 8
25 15
25 48
27 47
12 4
39 3
49 37
22 15
9 35
16 32
7 44
4 59
50 14
30 11
27 4
23 7
26 51
16 28
46 56
1 60
34 41
13 1
2 44
53 14
50 27
48 30
20 7
45 8
41 53
46 31
54 18
19 19
43 36
7 29
52 36
26 5
1 3
36 21
43 51
55 50
8 42
59 19
53 35
15 1
51 24
55 54
20 7
58 44
53 17
28 42
13 18
11 17
21 39
2 34
60 38
45 43
29 52
50 37
16 15
45 22
20 19
60 39
3 60
5 51
52 45
9 11
30 55
39 26
46 49
11 13
51 15
7 5
15 57
4 26
31 7
45 57
58 53
2 54
4 60
37 1
46 43
8 39
2 53
31 46
21 55
42 48
2 24
24 51
24 54
44 57
49 49
40 50
52 58
15 45
58 23
14 59
46 10
43 4
34 29
49 37
7 11
38 46
30 25
46 58
15 40
20 43
6 30
37 3
50 46
17 32
32 38
15 60
9 12
60 44
10 31
20 31
22 50
54 5
45 9
50 40
37 49
11 44
19 31
28 9
58 29
44 53
44 50
60 40
50 1
2 14
2 12
13 60
55 1
51 36
60 54
33 22
1 27
14 33
60 43
41 26
2 36
39 43
25 30
3 54
47 4
5 11
33 31
43 56
12 33
38 59
19 48
35 34
34 45
44 27
40 15
58 55
45 53
32 1
47 20
56 19
16 59
59 8
22 58
58 22
54 37
36 55
58 13
51 48
6 13
24 57
45 39
4 24
41 47
33 35
41 31
53 44
19 7
56 9
46 1
19 31
36 42
55 51
54 23
45 28
36 47
12 38
42 2
16 1
28 51
41 45
9 9
23 23
11 16
32 2
39 25
16 35
40 59
7 45
50 46
14 25
17 3
19 52
43 5
38 32
38 35
8 3
17 10
39 4
26 34
33 52
48 9
3 29
5 60
20 57
56 37
52 47
20 21
50 35
43 30
43 22
51 57
2 51
32 43
35 19
3 4
60 14
55 42
52 52
46 34
41 12
57 16
17 39
32 24
39 14
21 49
57 19
50 32
29 40
57 26
15 24
29 28
2 3
60 26
16 45
21 21
27 21
58 36
59 32
26 53
1 24
47 2
37 10
31 53
55 29
52 57
8 15
9 26
54 13
58 32
33 23
23 34
22 17
56 17
47 51
19 15
16 22
10 16
16 44
39 21
59 48
39 50
29 48
37 4
34 13
52 40
48 55
15 31
11 55
31 6
16 47
1 40
9 48
55 17
46 11
4 13
13 49
4 28
10 22
24 30
43 44
51 53
13 47
21 47
54 36
1 42
15 7
18 47
54 34
52 43
47 60
50 3
45 56
2 36
19 36
48 24
29 48
51 52
22 12
14 15
40 50
57 9
44 55
23 30
49 17
47 44
25 24
57 4
20 18
44 43
22 13
40 23
23 1
33 10
43 1
12 53
21 55
53 32
50 13
57 39
57 2
18 56
11 53
12 11
40 41
49 57
58 25
5 46
40 31
37 27
57 59
49 22
39 6
25 16
21 1
57 36
43 8
55 35
43 43
53 3
29 56
14 22
5 1
39 26
40 9
42 40
14 31
48 17
20 16
3 24
51 45
18 23
52 24
18 25
4 43
5 17
60 39
45 5
30 36
42 13
41 12
20 17
21 42
25 44
8 17
24 40
13 17
18 42
7 56
40 24
3 40
32 10
34 18
27 49
57 41
9 35
56 29
48 9
4 46
19 2
43 11
51 28
5 57
47 20
35 48
2 48
23 6
37 31
34 21
26 17
3 20
28 22
55 53
28 48
40 22
9 42
47 10
56 31
3 41
38 57
36 1
23 1
58 54
6 10
16 50
21 19
19 1
10 14
54 3
36 4
58 6
50 46
25 3
49 34
27 3
1 44
21 47
18 27
59 52
35 9
32 9
54 56
3 40
38 49
15 54
16 58
25 47
38 45
23 58
38 53
43 30
60 58
4 14
47 38
33 6
58 39
47 34
46 56
55 23
11 26
33 14
29 21
11 6
28 7
33 45
57 59
57 30
24 54
57 24
42 11
53 43
10 18
60 18
27 26
16 36
43 39
26 40
30 32
22 50
4 36
13 31
18 43
24 2
11 3
32 54
26 10
20 18
29 22
13 56
23 54
2 45
20 47
31 21
3 27
31 60
38 45
16 40
1 44
44 58
2 22
39 49
49 27
18 57
57 35
52 35
40 33
8 59
58 49
22 53
6 43
14 46
29 9
10 8
32 49
49 9
58 12
11 51
13 30
20 12
54 35
15 55
52 44
16 41
36 41
21 59
37 26
8 17
31 31
10 9
17 43
17 32
20 44
59 12
33 19
57 50
8 18
8 10
53 35
41 24
37 11
19 19
51 57
20 11
42 29
34 50
55 3
60 44
3 19
24 13
22 5
55 54
8 4
27 25
43 43
21 28
7 27
11 11
12 4
41 5
13 35
56 46
45 33
5 6
52 10
22 50
34 43
27 53
39 51
18 35
49 30
55 47
7 21
35 32
6 49
7 43
25 58
17 39
3 42
8 45
3 24
41 40
7 11
36 8
19 7
54 59
41 9
39 44
6 13
60 3
39 43
26 37
7 55
10 12
16 42
53 6
36 32
42 5
7 21
26 58
47 57
26 21
44 45
27 1
33 37
34 6
22 31
43 32
1 46
54 3
9 8
38 20
36 42
38 36
58 7
4 3
35 53
36 26
27 24
56 1
53 35
2 13
32 41
54 54
44 11
16 27
23 49
32 19
12 13
36 27
53 32
20 28
35 47
1 15
60 9
24 57
52 10
7 2
8 23
5 46
12 11
53 51
58 26
45 40
52 26
48 18
32 39
37 46
48 32
52 52
49 54
28 28
47 8
29 42
8 15
52 11
22 39
54 9
17 36
7 4
52 18
59 33
6 36
58 41
34 16
50 9
28 51
35 51
55 24
38 49
35 54
21 53
18 40
21 43
45 28
41 59
44 55
13 46
56 24
47 13
39 23
52 58
26 33
55 53
42 17
46 9
12 40
1 32
35 55
44 33
45 48
33 45
32 19
45 22
10 22
1 21
11 10
51 30
12 7
38 58
60 44
58 10
6 39
26 32
31 31
55 42
6 8
39 12
41 51
16 39
20 10
26 31
16 19
2 50
22 20
18 44
60 52
60 2
24 35
60 58
20 30
2 48
34 37
38 12
8 36
35 50
48 1
12 9
23 31
28 24
22 3
28 60
52 12
11 16
4 47
47 9
49 5
38 58
30 26
27 29
1 28
53 49
9 42
32 51
10 41
5 44
24 10
42 59
7 32
58 45
46 31
33 31
19 28
14 22
17 54
1 32
57 20
21 13
43 19
38 26
27 26
4 41
25 31
3 46
33 18
8 56
36 33
31 51
20 53
56 37
39 45
3 5
50 33
37 60
19 56
22 12
23 15
14 43
5 2
40 9
24 16
43 1
14 35
55 11
51 39
37 50
34 23
51 45
55 42
40 10
25 47
17 58
5 56
26 58
7 37
34 56
9 14
52 41
29 3
51 26
44 55
36 24
14 6
23 34
31 39
1 8
17 47
9 35
31 15
7 44
4 51
58 45
7 2
37 9
17 13
42 24
11 47
16 23
52 15
35 60
37 54
2 5
3 52
49 53
57 32
44 13
34 36
53 31
28 56
31 14
1 32
55 16
49 27
58 2
10 5
51 18
16 51
35 42
25 55
7 9
12 4
42 10
57 12
15 46
19 5
6 30
52 43
26 9
27 16
53 23
46 33
45 11
26 2
33 1
16 1
52 13
10 53
7 10
58 1
14 59
47 2
44 49
46 46
59 8
11 60
24 55
33 49
20 40
23 46
5 24
20 30
40 23
60 8
18 27
39 60
41 27
15 43
43 52
22 29
7 31
43 56
11 60
22 41
3 29
57 28
38 16
48 44
22 51
58 7
28 52
3 29
19 35
17 41
22 48
14 36
23 52
50 18
52 49
25 53
30 26
22 1
14 54
45 57
30 38
30 37
38 41
23 24
8 44
51 59
13 29
31 33
33 1
9 8
30 40
59 24
6 1
26 54
16 47
40 49
39 31
51 18
8 24
60 31
36 48
19 2
18 58
25 60
52 2
53 44
49 35
29 36
29 19
11 5
35 37
44 7
40 21
24 19
15 12
54 19
47 4
21 51
50 25
58 18
43 9
34 33
59 28
23 49
52 24
26 23
12 16
12 58
44 35
59 57
54 58
57 40
39 53
28 13
55 26
7 52
25 30
3 2
29 33
32 10
57 47
11 54
27 51
29 36
16 49
26 31
42 54
39 19
5 39
36 38
57 54
52 30
8 34
34 1
29 26
8 15
37 51
17 25
56 19
38 56
29 7
57 44
55 19
42 36
32 23
13 45
3 4
33 36
30 53
1 56
48 45
32 41
43 33
30 49
5 54
49 39
40 14
4 18
12 59
35 42
6 11
13 47
13 43
51 15
43 22
6 26
43 22
56 52
36 32
36 10
47 58
50 53
13 50
5 10
28 30
52 16
26 19
43 41
4 60
57 20
8 31
50 53
2 38
22 58
25 39
11 33
43 40
15 8
11 48
6 8
23 57
48 34
21 19
39 17
9 26
16 56
47 44
43 36
16 16
27 53
26 15
51 29
3 37
10 46
8 58
37 15
8 47
19 1
13 31
38 28
24 50
53 12
28 40
33 37
37 32
39 45
56 32
8 9
2 8
41 59
15 12
36 2
21 8
17 35
20 37
24 25
55 15
31 41
34 16
50 18
42 50
48 18
23 14
5 1
43 14
50 21
28 27
36 1
18 41
20 56
2 18
2 34
35 43
9 37
14 54
40 38
29 55
35 43
31 4
52 29
28 2
35 49
23 13
10 35
5 33
26 35
29 9
18 37
42 53
17 47
9 58
12 58
50 44
7 38
33 37
28 30
3 17
29 1
37 54
9 40
57 41
39 1
48 42
30 39
57 24
18 29
34 24
30 7
30 29
17 30
1 55
31 59
22 18
17 21
3 7
2 30
14 20
47 56
55 42
38 45
32 5
14 60
58 31
4 33
14 37
14 30
28 13
55 12
49 21
42 56
59 25
54 16
42 31
42 41
8 44
34 1
3 11
39 11
28 9
8 59
28 21
43 4
12 43
32 18
4 47
12 45
56 53
55 60
53 21
45 31
41 26
47 3
59 31
49 30
42 58
40 28
36 52
58 15
53 43
9 7
20 41
39 44
55 59
18 44
54 45
9 50
25 27
53 3
26 21
14 3
31 29
43 56
28 19
25 28
22 12
9 50
34 34
49 55
23 31
49 27
38 28
13 42
32 4
48 9
10 8
55 43
2 6
24 30
23 52
36 30
41 30
48 11
5 43
10 22
59 53
36 57
3 48
23 20
37 47
41 22
19 14
44 40
25 26
57 57
5 58
4 54
25 30
27 2
3 57
35 42
41 23
43 37
39 58
20 58
4 10
17 10
29 35
20 45
53 54
48 56
29 58
22 39
18 7
1 30
28 21
5 8
54 18
19 9
31 34
38 60
45 47
15 37
46 32
7 46
19 42
10 43
35 23
1 41
12 40
56 36
26 38
55 40
50 14
2 54
9 34
46 35
51 51
49 47
26 18
18 48
10 45
59 18
1 30
7 39
14 33
25 40
5 45
25 28
39 45
43 22
18 21
17 44
56 52
18 43
7 40
43 45
27 44
31 41
47 48
50 31
26 29
44 50
48 39
27 13
21 56
21 24
48 8
