60
3240
54 31
29 13
17 32
37 11
18 34
28 51
26 10
22 43
34 57
34 50
1 56
50 21
37 57
33 22
10 29
47 35
29 4
26 39
23 50
15 50
1 12
17 6
35 25
21 34
34 14
28 33
26 12
11 52
25 11
37 10
25 2
25 21
30 39
55 34
45 4
32 17
21 53
59 11
36 34
58 38
7 4
5 14
17 15
22 9
57 50
39 9
18 38
11 7
37 57
25 1
26 58
6 52
24 15
55 19
13 52
30 15
60 14
31 18
29 60
60 17
27 59
17 50
23 57
6 18
43 51
7 39
31 17
23 29
16 40
9 15
34 58
43 54
20 36
14 35
48 32
28 34
39 49
15 58
55 55
50 39
56 11
45 17
52 32
39 6
53 24
45 47
34 46
51 50
58 15
16 50
57 46
3 42
9 19
45 51
17 17
20 41
1 40
4 39
59 35
19 54
20 52
52 50
29 58
51 5
18 14
48 13
13 8
52 8
49 34
17 9
55 25
48 51
51 13
5 33
49 14
50 6
16 36
9 41
44 7
42 13
10 49
10 8
10 52
6 29
7 38
18 47
18 36
50 10
41 20
47 25
42 51
56 54
19 59
47 19
9 2
37 17
3 44
2 29
49 1
50 14
5 2
7 27
27 46
25 45
29 36
51 37
13 51
59 9
52 37
3 50
10 35
53 40
8 29
38 20
31 57
40 4
5 37
59 19
47 34
37 17
15 47
28 14
58 9
60 34
34 50
35 54
31 24
38 42
30 56
38 60
53 43
54 26
5 16
18 47
5 34
55 16
27 7
31 36
51 6
56 43
16 48
34 39
54 17
56 47
49 40
38 35
27 45
52 35
25 39
48 58
1 8
46 49
32 48
4 54
57 15
6 31
13 4
60 47
29 28
47 8
33 33
44 53
32 54
13 29
13 39
20 5
33 8
36 31
11 57
38 36
29 2
8 57
59 20
53 40
55 16
7 22
53 33
22 24
10 57
51 1
23 54
19 49
26 9
25 21
22 38
23 35
14 33
26 5
30 35
19 6
35 23
14 15
52 37
5 30
16 2
25 38
52 8
2 43
55 44
58 8
55 28
36 56
24 18
42 8
53 51
58 47
46 24
18 19
36 53
36 58
3 56
45 39
3 3
26 48
58 26
15 9
9 44
50 56
54 42
24 43
1 11
39 40
29 43
42 16
4 18
50 47
2 4
36 5
12 33
59 23
38 45
12 31
34 55
38 57
55 55
33 42
50 52
41 53
47 34
3 50
57 12
45 38
27 54
14 26
34 3
26 30
37 51
37 55
36 25
20 1
23 22
29 3
17 54
46 18
22 48
8 10
29 52
53 30
60 1
36 35
9 47
23 40
2 21
3 19
45 19
54 27
54 38
29 7
24 55
5 28
53 34
43 30
10 49
4 8
56 34
31 35
5 39
10 19
36 31
21 6
47 37
18 8
48 49
55 58
24 27
55 6
42 39
52 49
34 27
30 16
2 7
60 2
3 36
51 19
38 3
28 33
10 36
30 60
49 43
17 7
41 22
24 37
51 50
18 30
30 25
52 40
26 19
23 32
2 60
26 21
15 52
8 19
2 54
17 22
59 31
15 26
54 13
32 11
12 58
37 4
45 55
53 47
26 43
60 54
35 53
31 59
27 17
16 39
36 10
35 6
46 41
57 27
57 48
57 59
10 6
15 15
32 30
10 57
30 19
22 42
13 2
42 49
23 46
12 21
22 59
31 40
7 15
42 31
15 8
48 24
38 50
27 6
30 37
20 6
23 30
33 35
60 33
3 28
8 40
22 24
28 10
6 13
51 21
41 54
12 28
54 23
17 56
57 42
24 12
33 38
44 5
53 28
34 25
45 32
25 15
6 37
8 21
56 32
43 55
41 42
28 6
43 10
60 14
47 48
15 23
11 23
47 32
2 32
36 34
18 18
44 20
38 56
4 9
8 23
13 3
58 52
14 1
34 22
3 18
50 17
40 20
9 19
36 14
57 39
53 1
5 41
1 32
43 27
21 19
15 39
47 54
23 13
36 3
39 22
53 34
45 30
15 2
11 21
11 25
54 8
34 4
25 47
45 2
33 37
10 33
43 37
18 8
1 21
12 10
3 25
8 15
45 45
1 41
46 56
36 7
58 43
59 42
56 16
35 56
54 19
24 43
43 24
36 37
3 36
21 39
60 16
54 35
8 21
50 31
27 43
15 12
8 55
9 31
52 25
38 45
3 50
37 25
54 25
23 2
36 42
16 45
12 46
11 12
51 4
13 1
45 12
35 31
40 8
4 60
26 43
13 14
51 38
44 57
25 11
47 45
51 38
37 54
56 40
31 32
15 41
6 30
30 19
41 33
29 37
36 35
21 2
23 7
57 27
11 47
21 36
11 27
44 11
36 1
24 57
3 54
47 24
31 53
16 43
59 8
36 22
19 22
25 11
4 29
20 14
5 24
28 40
8 15
10 2
37 44
10 59
29 6
51 19
19 54
28 29
52 28
49 20
11 30
40 39
51 53
52 37
29 36
58 42
37 46
43 22
15 20
54 11
33 55
1 47
31 52
41 49
2 11
17 57
26 52
35 16
18 28
44 23
55 50
48 20
47 30
12 50
49 54
1 49
55 56
24 7
8 14
16 14
53 23
21 26
39 12
7 50
38 36
55 53
45 18
23 19
21 44
23 49
25 12
48 10
33 49
32 55
49 44
21 7
20 26
43 25
35 43
4 8
16 56
57 42
18 4
12 50
13 50
36 19
58 44
6 6
8 12
3 53
13 7
56 35
15 46
27 34
18 47
57 48
3 54
59 48
49 36
28 47
43 58
2 56
46 60
26 42
38 14
36 23
48 18
2 47
42 9
36 21
9 43
56 23
36 25
55 46
50 13
12 44
8 15
54 42
53 37
52 18
24 17
28 43
52 14
53 27
14 29
30 14
45 10
57 59
58 32
36 23
42 41
60 44
18 28
39 18
13 38
11 15
60 54
15 50
46 58
60 8
9 42
33 11
38 19
44 52
28 24
15 7
29 2
4 34
45 4
32 28
11 41
1 34
5 38
18 56
56 36
17 28
4 6
2 18
50 27
43 60
5 13
52 59
1 8
26 7
8 49
38 50
6 41
3 4
19 57
43 5
40 5
56 19
29 3
22 23
21 24
9 8
21 16
38 42
55 31
14 19
42 3
13 18
36 30
12 49
5 5
52 23
24 23
24 49
42 40
33 44
56 38
58 20
13 3
55 54
27 2
40 12
43 12
52 6
4 30
23 39
15 30
20 32
17 58
4 10
53 4
41 49
15 31
2 1
51 55
9 47
49 18
43 48
46 47
35 33
1 48
10 19
18 37
59 14
60 48
29 17
33 37
26 33
56 16
17 6
48 24
52 22
45 36
41 9
2 31
38 14
49 6
57 60
52 41
57 30
51 25
25 29
54 18
40 6
54 43
13 23
8 55
26 6
29 28
15 13
13 1
25 17
39 7
1 25
39 12
37 31
38 52
36 43
54 26
32 25
8 45
47 39
22 4
46 35
20 56
1 11
11 36
30 1
48 15
51 30
50 3
28 34
9 19
45 7
25 15
16 25
51 48
38 40
16 20
11 7
33 41
36 54
25 40
7 20
42 16
14 21
28 42
54 51
56 10
60 56
23 9
54 47
44 26
27 42
40 4
20 52
59 7
23 42
21 14
2 13
57 13
48 11
55 31
22 51
41 49
5 5
10 55
52 45
55 2
6 43
10 15
57 3
15 51
55 10
38 53
8 56
29 33
12 13
14 8
46 54
35 57
37 10
30 43
54 18
1 55
24 25
51 22
17 35
44 3
51 9
47 30
32 4
17 51
23 11
27 32
1 34
46 18
43 25
46 38
54 18
52 58
60 28
52 48
41 18
33 15
48 3
48 35
13 53
43 55
4 10
2 49
57 2
5 48
8 13
3 59
17 31
12 25
54 52
52 56
43 30
14 11
38 42
36 27
51 5
58 34
15 22
25 10
35 34
11 5
33 7
1 30
45 51
20 35
34 23
32 55
3 19
13 31
41 29
39 3
6 40
35 26
9 25
51 55
9 33
57 20
1 28
27 38
51 9
58 32
10 46
10 17
35 8
36 20
52 17
51 2
43 33
36 14
26 14
28 21
21 33
2 48
30 19
28 43
45 40
59 33
21 5
29 32
22 13
8 11
6 47
24 48
33 13
42 34
47 17
47 3
60 4
33 23
42 57
39 35
1 55
32 56
56 13
9 60
59 49
16 26
47 51
51 6
31 9
21 32
49 19
40 31
52 42
10 14
18 15
14 37
28 54
55 3
53 33
51 7
55 21
18 20
11 31
49 53
37 33
28 10
52 59
44 52
42 19
18 4
31 56
54 28
21 14
16 36
26 57
25 40
19 11
22 44
13 9
13 37
24 20
59 56
2 48
23 24
33 3
33 59
60 11
41 16
58 22
34 54
54 42
4 33
17 45
28 13
39 22
16 56
29 58
15 17
54 54
58 44
4 53
15 12
17 16
45 41
2 25
55 6
12 8
5 54
45 26
38 25
54 27
18 16
50 44
4 52
34 44
52 48
58 48
53 13
32 6
37 52
24 3
47 30
36 37
21 39
19 20
3 35
58 30
24 20
22 16
37 55
8 25
27 11
37 48
55 27
3 26
24 54
13 1
54 6
4 7
46 22
50 35
18 49
5 38
17 36
50 57
23 19
24 38
56 33
42 10
56 35
20 26
38 59
11 33
13 18
48 43
1 33
15 16
32 47
4 18
22 44
46 40
1 11
35 6
59 58
48 49
30 28
34 41
60 29
51 47
45 31
16 58
56 1
28 52
24 58
49 39
44 11
26 20
13 12
15 5
30 17
33 57
4 32
58 55
3 38
6 39
52 16
31 43
21 12
26 39
59 51
39 3
28 16
27 38
43 30
26 44
18 9
19 11
12 28
34 36
20 25
13 30
14 41
21 55
56 28
3 60
8 32
58 20
21 1
41 23
3 22
1 25
38 6
43 40
10 46
24 56
54 14
14 43
45 52
7 2
47 11
30 54
55 57
41 31
40 55
31 36
12 56
32 25
12 3
22 53
27 23
41 58
11 42
27 36
11 8
37 41
17 25
21 2
59 33
42 7
4 31
43 43
54 14
2 22
45 49
60 10
56 49
7 2
43 29
21 16
56 17
21 49
42 51
55 10
46 60
20 28
6 37
33 42
8 53
24 28
15 24
17 59
38 55
33 47
1 51
36 59
33 6
47 55
14 30
19 16
28 1
30 35
8 12
24 34
36 11
42 6
60 55
37 3
27 29
44 57
54 21
50 55
15 32
47 46
12 53
35 48
54 2
53 41
10 16
31 15
51 19
27 16
45 53
34 52
57 24
55 54
6 16
41 40
12 28
16 29
26 60
26 46
44 36
59 44
57 32
52 51
27 57
26 1
51 14
46 43
35 32
38 56
37 47
38 8
22 1
59 7
2 46
44 23
25 49
45 11
49 13
50 45
7 56
20 5
4 59
41 18
23 24
60 24
35 60
26 55
53 33
13 60
29 6
55 60
45 1
18 37
5 31
4 30
18 16
44 5
51 34
38 22
43 38
17 24
37 55
30 12
32 17
15 17
54 20
40 35
48 56
17 50
41 51
52 21
55 5
50 13
38 10
21 32
39 31
8 2
41 1
11 51
9 54
45 16
7 24
14 18
32 55
28 37
5 20
11 10
32 43
43 13
23 45
44 27
8 42
25 2
20 34
36 1
24 45
14 58
52 18
15 50
50 44
35 49
1 4
8 22
58 6
30 28
57 8
46 20
44 54
4 1
4 54
7 42
56 27
59 4
39 41
25 52
9 14
45 38
28 49
6 54
56 2
28 52
13 31
49 28
27 2
57 32
19 29
41 22
3 48
47 48
32 40
4 42
51 9
31 21
46 31
4 22
40 59
17 10
49 38
23 36
47 12
30 19
20 47
29 59
29 32
60 14
59 47
37 6
49 21
51 14
24 54
37 33
13 3
27 41
13 37
9 57
27 2
44 16
36 12
57 56
40 24
58 20
25 45
48 41
6 52
40 36
31 49
43 52
57 36
51 14
2 45
42 10
37 42
43 8
6 52
6 18
6 28
42 59
27 40
6 12
24 16
58 46
36 45
44 37
1 35
59 25
40 3
58 38
28 23
48 17
43 57
60 57
16 9
29 20
55 18
53 39
39 21
6 38
11 1
37 37
48 16
15 20
29 4
26 27
9 11
31 59
11 2
35 35
3 17
32 7
59 33
1 1
9 3
40 53
10 59
11 21
2 43
24 6
9 2
45 44
49 33
9 23
48 54
51 4
1 45
41 34
3 15
41 4
18 43
49 13
30 36
49 32
5 47
10 47
21 5
22 49
25 52
34 39
30 11
2 56
38 41
22 21
46 57
23 23
7 41
41 51
17 35
45 35
38 49
36 18
44 20
4 29
58 16
50 49
44 24
15 27
6 26
16 29
14 3
19 18
40 47
47 48
59 19
6 25
35 53
53 15
12 55
25 45
9 25
42 6
17 14
54 1
20 19
2 50
9 53
20 60
1 41
16 42
26 34
25 29
44 11
3 38
11 27
21 15
42 49
53 40
36 5
6 8
31 19
21 15
49 19
58 44
26 16
18 27
51 5
45 46
58 14
28 22
29 46
2 32
53 6
43 58
16 5
51 52
42 51
25 8
11 43
3 49
9 19
10 26
8 40
26 2
55 56
20 31
48 26
8 8
11 27
16 59
22 46
3 39
58 15
43 30
42 55
42 11
35 57
35 60
35 22
23 26
51 19
41 7
39 27
45 13
34 38
40 33
25 35
58 36
36 12
1 48
45 13
11 36
34 58
57 3
10 27
42 21
11 50
54 18
58 17
20 18
28 31
37 1
59 9
54 24
44 15
49 20
36 41
52 18
45 29
27 59
29 29
55 42
1 22
9 49
55 24
28 53
54 3
32 36
34 34
20 18
38 52
36 40
29 55
5 20
6 24
47 13
49 48
10 10
27 33
17 24
52 22
17 31
47 35
45 42
10 20
29 45
22 34
41 35
43 47
49 56
24 31
15 28
48 11
8 46
46 16
53 23
19 39
18 47
58 9
12 48
33 1
40 31
48 42
2 43
32 56
37 9
15 59
55 42
46 28
7 53
34 18
25 13
1 32
15 35
39 53
40 58
13 29
13 53
28 34
54 7
11 21
57 10
5 44
51 55
60 14
3 50
47 55
30 60
52 51
4 41
25 52
11 43
53 46
11 56
36 51
24 33
11 38
50 35
5 9
29 37
57 57
44 51
8 45
53 7
25 20
3 49
46 37
18 52
57 11
39 47
5 19
23 23
23 4
44 18
30 18
36 13
55 8
57 40
4 31
40 31
37 41
30 30
20 47
4 8
50 2
54 21
6 34
43 20
11 46
40 2
28 13
42 37
12 31
50 37
55 31
36 25
52 43
2 14
53 40
50 60
59 30
2 34
14 6
6 4
22 9
59 10
8 15
2 45
56 40
9 3
35 14
23 20
13 11
47 12
35 45
22 15
20 34
37 43
27 22
60 37
25 25
56 6
48 58
1 34
58 48
34 44
32 43
15 10
11 10
18 5
48 47
32 48
1 4
57 50
60 4
50 29
5 28
42 28
22 31
11 47
20 33
17 12
14 30
48 27
19 2
18 48
54 24
43 50
34 37
23 39
39 28
18 37
18 20
22 26
38 21
56 45
19 58
29 44
30 32
15 48
19 16
32 10
3 4
51 24
31 57
29 38
26 1
38 56
25 44
29 3
6 38
43 10
36 57
3 17
29 49
35 59
3 58
27 37
39 19
17 41
43 23
43 49
31 54
15 18
42 2
43 31
31 31
60 19
41 28
2 31
41 4
27 40
40 11
16 48
54 19
42 48
18 58
52 4
41 47
39 15
31 29
10 32
49 11
57 2
28 60
53 43
26 30
18 51
8 35
50 26
45 29
28 48
42 17
49 12
37 46
57 10
1 33
27 27
36 54
8 46
20 16
22 26
7 10
28 4
32 37
53 46
33 36
32 25
29 55
38 54
36 19
38 19
9 44
22 13
19 29
31 9
57 10
19 56
30 40
1 36
43 4
57 2
21 7
44 46
5 60
18 40
35 18
38 51
53 20
19 59
10 13
31 3
45 6
15 29
10 5
44 20
6 1
24 16
2 17
10 8
19 11
32 53
15 29
59 12
49 28
7 10
29 9
58 19
7 39
27 21
35 39
12 53
21 2
55 48
46 7
12 37
34 51
21 56
6 51
6 59
52 6
26 14
16 55
45 1
40 32
10 49
5 36
33 6
33 22
42 17
38 19
47 40
50 41
5 22
36 54
33 26
5 10
48 49
41 12
30 42
18 54
9 2
1 11
48 53
39 53
49 23
12 57
33 20
60 12
58 11
24 58
9 21
56 13
27 5
26 36
1 25
31 55
3 53
25 23
41 5
29 17
42 45
16 11
3 39
45 19
10 30
42 17
32 11
33 21
58 28
32 14
36 29
36 56
16 19
42 37
60 8
41 52
42 19
45 1
19 57
29 19
30 60
40 9
46 45
13 37
39 34
34 29
49 4
32 21
22 27
36 16
2 22
25 9
29 35
7 47
27 3
20 47
3 58
15 1
6 20
30 2
19 20
57 57
47 35
43 41
40 54
52 47
19 27
56 1
20 9
40 43
47 4
11 43
8 21
26 28
13 11
23 16
46 20
37 6
37 40
35 2
36 43
44 13
18 33
8 10
41 17
35 37
5 14
10 60
12 38
33 34
58 14
57 31
26 41
6 27
11 25
21 47
23 50
46 40
30 21
41 18
10 1
25 5
46 51
58 32
14 47
41 22
59 41
42 1
6 50
54 35
54 59
23 26
42 16
52 1
29 45
13 44
39 53
28 44
44 23
12 53
52 38
40 45
7 27
7 18
25 53
20 39
35 3
57 33
6 40
25 18
52 25
35 30
58 27
26 10
5 36
42 55
25 45
40 33
37 20
13 38
24 13
56 44
55 36
55 29
6 13
7 10
30 43
50 11
48 50
60 22
28 48
35 19
25 20
18 19
36 59
50 32
37 48
43 47
27 44
35 8
15 15
35 3
17 37
24 38
6 2
16 7
48 7
53 40
10 7
43 23
48 11
53 3
6 28
38 58
42 58
44 28
28 52
30 38
46 39
50 60
24 50
17 48
52 55
12 23
43 33
12 8
31 59
27 6
50 4
29 23
23 54
2 16
32 7
57 33
6 41
50 6
50 49
55 27
46 20
47 33
24 55
55 29
54 11
59 47
13 7
5 21
16 36
36 5
58 48
27 2
19 35
48 6
19 32
49 15
35 53
28 49
58 13
36 11
10 25
4 44
48 25
29 7
45 45
5 34
36 45
35 9
8 55
17 1
19 1
54 6
23 52
33 44
53 2
44 15
34 49
40 50
38 35
54 18
39 36
16 6
13 2
3 14
2 17
40 17
40 44
3 19
49 25
32 41
47 43
18 21
44 3
31 22
6 38
15 45
59 20
60 57
13 11
51 20
57 9
47 3
25 28
16 12
16 12
21 29
14 12
16 21
50 43
5 29
7 51
43 13
48 48
59 35
10 11
9 35
17 58
15 48
17 13
45 44
39 54
10 13
19 34
21 19
15 45
31 60
13 37
38 51
30 8
10 25
60 38
51 45
30 56
47 37
32 49
45 26
27 33
47 37
49 41
14 49
20 30
35 37
57 43
24 15
57 39
31 20
9 58
12 48
36 16
20 30
47 38
12 45
38 29
35 51
30 30
42 32
38 55
22 35
51 1
17 29
13 38
40 29
28 53
28 25
35 55
56 8
46 55
42 52
24 56
12 38
7 23
53 8
22 12
58 54
34 24
36 32
12 22
21 48
18 48
42 15
12 38
39 48
28 17
20 38
36 46
24 46
43 7
22 32
41 3
55 33
59 25
21 59
12 25
6 9
12 45
19 12
11 20
59 35
5 22
33 8
17 12
60 25
19 19
55 35
58 13
36 3
9 56
4 50
52 47
18 46
26 21
49 30
36 25
56 12
24 17
21 57
59 43
40 39
29 21
3 25
45 49
19 42
51 47
16 54
27 40
27 47
57 21
42 53
45 11
26 43
14 40
57 43
44 12
12 5
45 22
49 9
46 7
1 9
20 24
46 42
45 41
32 2
32 23
43 47
25 57
46 46
16 48
20 1
16 32
40 47
24 24
38 49
14 29
17 43
21 20
18 25
25 21
47 45
7 53
10 29
11 32
1 20
30 21
9 49
48 49
39 24
3 56
51 24
19 7
4 41
10 60
14 47
18 7
53 59
34 3
60 36
53 22
32 60
7 48
38 2
40 20
5 5
24 33
3 59
10 33
47 26
5 47
52 40
51 12
10 51
45 12
60 3
11 19
15 46
15 1
19 31
10 23
13 13
31 45
42 50
58 14
36 12
39 48
32 11
54 33
59 59
52 2
37 16
59 35
43 31
8 25
57 15
38 38
52 4
9 60
35 36
30 38
60 36
21 12
6 37
22 20
40 44
36 33
7 19
47 31
14 4
23 22
54 50
46 21
17 37
21 21
11 5
15 13
14 54
44 41
47 56
16 55
22 37
52 2
11 45
7 47
48 27
28 38
29 23
10 46
58 15
15 9
10 25
26 53
15 48
6 29
51 17
8 41
51 20
37 33
40 13
57 43
1 50
52 30
24 12
4 28
57 11
31 9
28 37
50 30
18 27
37 9
59 41
18 40
30 35
51 9
10 34
40 34
21 56
26 21
9 49
40 49
21 25
47 55
34 34
47 25
47 16
50 4
3 35
4 11
3 1
47 49
35 18
29 19
30 56
26 8
6 38
10 28
7 11
4 39
50 41
55 55
54 3
53 56
10 13
5 30
7 39
55 31
48 41
30 59
55 60
36 58
7 54
49 4
53 30
20 39
26 24
4 21
44 20
29 23
42 49
1 45
33 52
18 46
47 1
22 33
52 31
12 15
9 41
3 59
7 2
48 41
35 17
55 6
60 42
21 34
23 14
42 22
13 58
17 21
14 14
45 17
55 21
39 48
35 36
28 26
7 56
60 6
13 6
14 2
55 8
32 4
36 49
32 4
47 53
51 4
35 48
5 17
19 28
23 45
38 6
35 42
19 34
15 49
40 55
18 22
19 57
6 30
41 21
11 10
53 18
13 12
22 31
54 54
4 24
16 59
56 25
11 58
34 22
39 37
32 45
11 48
8 55
31 43
9 51
24 49
17 13
30 51
50 42
6 4
30 33
32 47
42 21
59 42
33 1
28 4
37 45
8 14
59 34
29 42
24 54
39 58
5 11
18 11
36 44
43 49
53 21
24 11
7 30
34 56
29 50
24 47
27 51
51 38
54 56
3 57
36 52
49 52
46 17
48 7
8 32
12 4
47 60
16 2
14 19
21 57
2 2
28 60
2 44
39 22
43 13
28 34
34 10
59 8
41 13
40 14
47 43
59 48
52 42
53 32
32 56
8 51
13 47
42 50
30 15
41 20
46 20
40 26
3 57
35 35
7 53
55 20
33 14
41 1
46 10
31 5
6 45
36 35
43 58
22 51
16 3
41 11
37 24
46 41
7 40
39 29
45 26
50 4
39 4
60 44
11 42
32 23
51 22
47 34
1 16
56 4
32 16
2 23
30 6
11 59
41 5
22 31
43 44
13 57
16 4
47 12
6 14
27 28
32 6
29 20
28 46
5 51
52 3
5 8
2 31
23 15
54 9
40 58
21 5
8 32
4 11
20 37
58 51
24 56
17 16
42 4
56 40
43 30
26 42
50 3
6 50
57 45
42 41
39 10
34 14
49 51
52 12
4 14
48 12
33 21
38 47
42 18
1 51
55 39
17 22
22 43
5 8
28 60
53 2
24 6
13 3
22 58
23 38
16 7
27 11
59 39
13 47
17 58
31 32
48 12
13 52
42 4
44 37
47 43
23 38
25 49
49 40
34 25
44 42
13 59
16 59
42 6
30 1
40 43
58 56
11 1
44 28
15 22
55 28
41 20
43 43
35 22
37 54
27 32
26 55
55 50
52 31
11 9
28 32
55 12
1 14
54 30
16 32
46 48
33 51
22 47
55 8
58 26
43 1
50 52
36 32
3 3
42 6
54 19
13 6
21 4
22 23
5 28
32 40
4 40
17 45
14 33
22 53
17 19
15 21
27 53
4 1
9 48
43 3
42 53
9 58
34 3
18 56
24 32
55 46
7 60
49 4
4 45
23 3
20 43
29 39
35 22
37 23
44 45
21 34
44 37
22 19
7 27
45 43
46 47
8 30
45 34
52 48
17 6
54 20
30 52
14 34
45 32
49 40
59 35
46 46
34 26
34 60
50 5
50 19
36 25
44 37
34 44
21 18
48 24
39 5
46 32
37 27
11 42
52 49
1 25
3 36
3 47
4 20
58 42
30 52
6 9
25 49
27 37
40 49
11 24
36 30
6 13
3 54
43 34
12 11
35 38
3 50
11 43
11 2
53 58
58 33
8 31
52 18
15 53
38 53
29 1
42 57
27 8
35 47
40 5
54 19
25 24
46 37
43 1
34 12
38 20
6 19
17 50
19 3
1 31
19 46
57 38
58 57
6 44
21 48
40 5
29 25
34 13
50 8
37 28
51 15
26 43
4 30
19 4
13 5
24 49
8 40
6 55
60 40
9 29
12 39
16 24
39 16
4 11
32 48
58 24
43 41
12 60
43 26
20 58
19 48
29 3
33 19
20 3
33 11
23 5
54 4
37 15
23 3
41 7
17 41
35 23
52 45
7 47
29 26
50 8
15 4
49 50
16 56
22 57
12 2
52 46
42 6
40 2
34 33
23 28
34 43
35 60
3 8
48 14
16 39
60 36
39 20
41 5
5 12
46 52
27 50
31 60
38 32
37 45
58 21
44 2
7 56
14 43
60 6
46 9
57 39
42 1
48 46
54 33
14 18
36 58
39 34
9 16
7 34
37 26
21 52
40 20
21 1
2 59
8 3
3 9
28 45
59 7
27 5
20 24
27 27
13 32
39 50
20 37
26 7
36 11
48 3
56 55
50 44
45 21
31 60
39 9
56 18
17 56
46 33
30 44
51 39
32 8
45 48
41 44
28 34
18 46
36 16
32 34
2 48
15 30
25 53
53 48
53 44
57 8
45 36
16 43
40 52
34 53
29 48
30 12
24 10
34 45
1 44
2 25
8 1
55 20
41 55
35 53
26 49
7 44
50 29
20 49
12 29
49 26
58 30
51 7
43 18
19 42
9 3
51 53
47 30
34 8
46 36
22 32
11 3
3 7
19 7
60 46
52 29
36 42
45 44
57 10
9 32
59 38
47 21
2 23
16 34
9 48
28 38
28 32
33 45
44 12
55 11
16 51
20 2
5 11
21 7
44 41
54 41
25 54
8 22
2 3
46 44
59 18
7 5
9 38
1 20
8 60
24 6
58 34
37 41
7 13
54 41
33 43
23 43
12 7
22 2
43 3
9 55
10 16
12 20
9 18
1 17
22 57
6 10
26 28
9 23
35 54
9 18
7 8
51 17
33 5
2 40
20 53
22 34
60 16
43 30
13 22
18 39
33 39
20 51
45 7
40 54
47 18
33 45
39 9
27 18
6 44
7 50
30 39
11 20
47 4
27 40
55 20
13 29
60 23
46 18
7 8
13 53
22 34
37 57
47 17
56 33
43 7
43 1
56 30
46 43
16 53
60 18
1 20
11 15
55 42
38 18
46 2
7 2
59 8
38 16
32 3
12 6
37 34
18 48
49 18
2 52
44 55
21 51
42 12
50 5
34 24
21 4
33 37
12 7
7 36
7 14
7 42
41 56
3 44
23 47
23 58
39 54
41 34
4 1
46 42
22 39
32 16
28 45
57 16
19 50
9 20
50 60
1 15
51 35
24 8
39 10
15 10
41 33
46 12
17 46
28 60
5 26
37 41
60 57
35 50
36 41
50 2
30 1
53 54
34 52
37 31
8 24
8 31
21 31
29 29
7 42
35 25
58 4
9 44
15 34
38 57
55 37
14 60
29 42
55 4
59 3
20 15
28 42
18 51
4 40
12 57
3 32
18 35
7 12
35 19
15 56
47 31
47 6
41 7
7 27
35 18
32 38
14 49
28 18
3 45
32 57
32 57
12 7
39 42
13 27
57 5
1 33
51 10
18 52
30 5
13 3
16 40
34 33
13 2
57 27
48 37
36 42
56 52
13 51
20 59
32 15
18 24
36 13
38 28
13 58
52 30
27 36
27 48
52 59
45 52
17 30
59 5
51 37
46 17
1 2
11 38
54 8
33 47
20 14
20 10
14 2
38 47
8 5
21 29
21 40
51 41
48 54
42 25
21 9
29 28
27 1
46 23
18 1
18 48
1 16
23 38
13 25
26 52
52 59
6 55
48 49
16 24
58 56
59 15
48 32
20 57
46 43
60 2
20 60
60 17
30 60
53 21
54 44
22 34
44 44
33 19
30 18
56 53
2 43
11 59
1 47
49 5
5 50
37 26
38 36
19 40
24 23
52 46
60 3
24 15
32 58
16 34
27 59
29 15
18 49
17 45
36 38
5 1
