60
144
60 35
1 32
52 21
49 26
56 18
48 44
13 17
35 54
31 26
7 36
2 6
17 36
33 45
28 41
24 24
56 54
36 3
37 55
10 27
39 22
42 46
53 32
50 25
48 40
1 43
40 2
41 11
5 26
23 54
25 28
31 7
46 27
32 50
55 28
44 22
18 25
32 23
20 40
54 57
55 47
51 20
56 27
1 58
30 32
58 54
37 2
30 41
41 53
30 20
3 17
7 5
14 22
44 55
48 49
58 11
2 17
33 34
19 3
37 53
49 27
44 18
52 26
2 37
35 3
6 28
54 1
15 21
38 47
50 18
30 18
55 34
10 15
10 22
15 35
25 7
43 35
5 7
33 35
47 44
22 42
50 48
33 13
28 40
17 6
35 14
52 3
19 16
14 2
42 25
29 27
49 1
45 24
11 25
8 28
45 33
57 8
2 38
19 59
15 29
18 14
41 54
16 19
46 31
25 53
25 32
22 12
42 17
36 16
48 50
10 19
45 11
49 52
40 53
60 24
26 44
46 19
37 48
54 27
25 23
29 29
4 24
42 50
19 33
1 6
3 42
58 17
23 53
50 10
10 4
50 33
29 51
39 17
53 25
7 14
5 1
29 51
60 9
12 6
35 55
30 17
46 2
14 8
38 57
52 19
