60
720
20 29
25 30
27 50
27 33
57 20
53 21
46 7
53 43
11 35
12 25
29 38
15 5
3 16
59 16
22 15
42 23
39 48
27 41
7 7
36 27
40 24
20 49
7 53
3 27
57 19
7 8
28 21
23 54
25 10
51 13
20 7
1 36
25 23
5 3
33 35
39 23
29 41
29 46
47 16
44 17
47 39
52 11
45 24
19 60
4 11
43 53
6 21
3 7
17 56
55 25
20 4
27 41
12 5
32 21
50 21
57 44
53 45
49 55
15 33
46 55
8 6
30 26
58 8
19 49
55 2
8 28
51 12
38 3
5 54
38 35
47 40
44 33
14 52
5 30
8 46
41 52
42 50
51 50
3 13
46 24
25 16
53 12
31 29
45 17
51 53
17 24
27 34
2 48
5 47
24 60
18 24
25 7
55 1
58 49
56 36
37 22
17 1
20 57
7 9
54 6
41 50
16 18
55 30
58 13
30 36
37 32
1 31
52 21
51 54
58 45
1 44
6 32
23 32
24 60
7 56
14 37
55 55
29 8
9 7
55 9
46 55
48 15
44 8
38 24
60 57
27 9
9 13
28 36
30 46
5 31
47 30
38 36
9 36
3 12
3 9
31 51
33 32
39 12
14 43
60 53
4 19
9 51
26 32
8 57
60 8
59 36
47 36
17 11
4 23
45 56
52 49
38 58
9 19
16 22
44 48
23 42
17 43
50 43
46 24
26 43
8 37
20 41
26 3
34 8
13 26
46 42
29 14
57 28
9 12
49 58
15 8
53 57
6 37
30 23
44 13
27 8
10 7
6 12
9 36
51 37
14 14
4 53
30 43
12 51
38 46
4 17
8 9
49 56
39 9
22 55
21 51
46 26
22 41
18 31
55 55
38 15
35 10
23 53
18 3
52 55
40 48
32 47
56 10
47 23
17 6
16 15
32 27
25 4
34 22
8 33
55 25
56 57
22 53
35 16
58 16
59 1
12 33
29 30
12 37
5 42
41 58
7 19
24 2
8 26
14 5
22 33
25 30
14 35
50 32
42 15
20 29
4 8
45 45
43 57
6 10
27 12
46 40
9 9
40 55
49 3
53 37
46 14
29 50
20 49
23 16
18 49
57 22
30 30
42 13
48 25
10 41
50 34
11 14
17 19
7 11
25 14
54 58
32 4
41 7
7 22
12 22
27 55
60 8
29 60
45 3
29 58
11 48
35 7
31 1
8 23
22 32
60 20
1 54
49 20
60 44
11 53
52 56
46 5
3 23
60 43
35 56
8 60
57 52
45 3
27 45
51 13
51 41
38 44
7 19
3 29
26 49
46 4
24 44
42 27
52 35
25 18
32 43
43 39
32 52
24 47
36 11
32 4
48 33
36 20
7 57
38 9
17 44
16 29
35 34
7 41
53 43
18 2
18 22
45 28
21 31
5 18
17 39
21 8
58 32
6 19
22 36
22 52
4 40
36 58
29 31
43 39
49 6
13 31
15 11
54 59
9 47
6 60
2 37
10 29
23 18
20 9
43 32
39 37
50 26
17 50
20 2
54 50
31 20
14 18
52 17
59 7
34 21
60 27
3 22
22 33
25 42
34 3
3 16
21 25
34 48
25 26
36 24
12 27
42 48
18 24
53 56
17 18
50 25
29 59
10 57
54 32
23 11
39 47
25 32
35 30
51 33
52 54
39 23
50 30
51 43
7 42
23 24
50 17
34 31
43 16
19 60
32 17
22 18
36 20
7 9
27 8
56 19
39 26
22 28
50 13
17 46
47 55
44 55
22 35
3 10
50 35
10 44
13 43
41 12
41 39
15 1
40 37
47 14
24 42
40 40
60 50
14 42
52 25
38 14
17 42
43 54
14 52
15 45
43 12
18 58
10 14
60 48
43 27
58 49
59 5
55 10
21 10
5 24
14 10
14 59
36 31
43 22
16 32
26 58
58 49
50 47
43 57
19 3
38 36
8 43
4 52
35 57
35 26
16 17
47 5
38 34
43 36
21 45
24 6
7 2
39 41
48 42
14 32
44 56
7 10
25 43
13 27
19 10
54 53
28 46
50 35
53 7
38 39
8 40
34 46
6 46
45 5
29 24
31 54
48 57
43 2
16 11
19 2
28 6
12 14
60 18
6 20
56 29
36 17
40 33
23 54
7 23
48 11
43 30
53 14
4 56
51 46
25 10
8 2
37 27
22 44
13 2
52 37
36 41
17 35
58 25
1 16
47 45
26 23
52 56
19 56
1 23
45 43
50 24
44 56
25 7
13 6
9 44
55 56
6 3
22 1
28 48
42 52
2 55
39 57
1 37
37 29
58 24
59 25
49 22
13 16
42 34
22 59
57 37
20 39
9 54
9 34
10 60
42 50
35 49
37 57
46 33
6 56
25 45
49 26
57 48
51 32
14 58
52 34
25 48
29 20
48 31
23 38
1 39
22 11
24 9
20 35
3 17
49 57
56 1
12 45
14 5
29 2
57 53
36 11
46 16
11 33
13 18
24 56
11 59
58 14
53 1
53 30
49 15
22 48
27 49
59 23
42 59
37 40
25 11
7 45
3 13
40 16
4 6
22 40
32 3
55 11
59 58
18 25
39 34
32 17
59 45
9 50
42 42
36 7
36 25
48 28
10 50
11 42
31 45
43 15
60 7
6 52
53 54
16 31
38 33
5 53
48 12
28 18
52 51
23 45
31 10
24 52
32 50
29 12
2 44
25 55
31 55
47 24
42 49
40 5
51 6
8 31
43 31
18 7
41 21
20 53
59 52
13 59
14 27
50 20
44 37
59 56
7 31
43 32
16 42
40 54
60 39
10 45
48 11
44 20
29 39
25 59
58 51
28 57
4 39
52 48
35 16
38 7
4 32
37 48
29 56
26 8
60 38
48 25
25 15
41 21
60 17
32 35
2 7
14 34
52 13
56 17
33 23
8 33
17 30
23 36
58 15
39 50
16 29
49 27
1 16
1 16
12 27
16 11
44 43
14 14
30 28
50 40
9 43
56 39
54 10
57 5
55 6
10 11
35 2
22 11
48 47
11 15
26 40
39 50
37 4
24 18
2 60
1 1
60 4
6 50
10 24
39 40
32 41
37 27
25 10
7 54
36 55
19 50
50 38
52 26
1 17
19 57
7 31
11 8
20 40
2 33
47 1
43 42
38 46
55 10
27 17
22 36
4 46
27 59
38 36
42 16
48 50
50 46
50 13
40 15
45 52
11 17
17 10
18 16
53 12
30 37
51 28
34 47
