60
2520
49 55
10 44
15 58
51 24
11 10
48 32
44 52
27 18
18 19
21 2
7 19
24 38
6 31
31 4
59 8
3 36
18 3
13 57
22 50
51 23
44 43
39 7
29 54
50 48
27 58
15 22
17 38
55 60
1 18
1 56
16 1
30 21
31 20
13 9
35 24
54 4
20 43
52 3
7 50
53 48
9 41
53 11
7 21
39 5
36 38
43 41
37 11
22 38
60 2
57 25
58 24
21 58
25 22
23 29
23 57
49 19
56 25
32 4
35 4
15 13
56 6
18 16
11 3
19 41
6 33
28 8
19 7
20 37
45 13
23 22
56 22
16 37
53 33
25 52
53 53
21 1
55 23
45 14
4 11
26 19
46 18
1 30
20 34
46 46
46 19
27 46
3 42
38 9
58 59
27 11
4 59
46 18
35 34
5 49
33 49
9 12
6 28
30 38
25 29
46 22
8 22
41 29
57 33
56 40
1 38
42 32
12 26
18 40
8 60
14 8
7 50
28 35
4 36
25 41
24 7
54 57
35 24
17 46
17 10
58 3
29 35
7 15
22 5
7 59
43 8
16 40
60 14
20 47
59 35
17 22
56 16
16 36
55 54
5 25
12 36
58 6
58 58
15 50
22 58
11 46
54 43
26 42
48 36
8 59
49 49
32 38
28 29
20 50
29 54
4 49
13 19
59 3
37 45
36 8
16 21
15 24
1 39
45 19
6 35
59 59
15 6
1 24
33 5
22 35
54 6
47 52
51 45
31 20
8 34
4 9
2 16
6 35
40 13
30 20
7 3
28 40
5 24
4 49
15 52
14 40
2 42
60 21
58 55
57 41
50 42
31 18
47 42
8 52
32 9
10 10
32 18
46 40
7 2
60 36
22 25
49 12
48 20
37 47
52 15
22 41
19 13
3 23
24 40
30 51
21 15
33 38
59 59
8 46
42 24
17 35
6 34
32 7
49 29
33 60
14 39
15 18
9 12
5 28
56 55
40 7
3 45
21 59
53 34
57 54
29 16
58 31
2 27
60 26
39 17
49 44
57 50
21 25
5 26
7 58
51 19
36 22
39 53
37 44
3 35
27 39
12 59
18 48
13 46
35 37
45 10
56 17
4 52
52 6
27 44
52 43
43 36
33 33
16 14
27 55
54 8
51 1
26 47
12 23
6 24
42 5
3 4
23 34
23 30
15 28
15 5
25 25
40 50
32 33
37 32
50 19
33 51
46 36
23 58
34 58
1 56
30 57
2 46
28 8
28 19
59 41
15 37
12 16
58 29
52 28
17 57
58 3
57 48
45 45
55 14
52 36
54 51
42 8
47 42
9 1
48 40
50 58
35 23
44 9
11 47
2 55
8 3
38 52
17 60
36 36
3 42
35 36
32 7
15 38
1 14
59 55
38 8
22 57
14 54
12 55
37 12
8 25
32 60
13 13
57 16
6 14
14 4
49 19
9 28
35 16
43 49
16 52
36 55
16 19
14 60
26 17
7 1
25 8
7 46
24 10
19 11
28 42
24 12
36 34
26 49
60 52
39 27
23 25
1 8
47 9
37 50
51 23
36 16
37 47
40 15
24 17
25 27
18 14
37 40
4 43
40 35
35 53
31 49
20 55
25 60
51 34
12 4
19 6
54 24
49 54
52 22
8 3
50 40
46 42
26 52
27 42
15 10
1 48
31 56
35 52
50 49
54 17
9 39
37 34
48 9
30 57
11 16
38 43
30 44
50 53
23 45
7 7
54 36
3 14
14 38
59 29
27 44
17 4
40 50
42 34
15 36
38 29
25 46
19 13
22 60
39 3
13 55
16 38
16 38
44 2
57 15
25 43
42 9
41 60
29 45
41 57
23 58
14 34
33 20
5 11
58 60
42 28
19 59
4 50
54 47
14 10
45 35
14 11
16 8
3 30
33 6
8 25
38 19
1 1
37 22
42 8
17 44
59 8
49 41
2 36
15 52
18 53
23 25
41 35
3 56
7 9
41 56
46 44
30 8
57 51
50 45
7 6
48 52
42 54
7 42
8 1
55 31
56 16
50 22
36 3
16 2
7 54
41 4
6 36
4 24
44 50
59 6
30 53
47 40
43 4
18 15
10 6
30 35
58 23
37 58
1 41
31 41
36 9
46 18
10 19
48 13
58 15
59 41
1 33
34 4
31 26
19 49
40 35
57 36
28 18
13 12
1 37
28 33
55 17
28 1
7 38
56 29
46 55
43 28
37 14
49 43
49 35
1 32
54 35
43 10
31 55
45 46
10 45
47 56
25 48
44 10
52 49
14 10
47 45
39 26
8 15
40 56
53 38
43 22
42 25
38 38
48 46
1 58
39 8
31 13
52 39
12 38
14 52
26 51
2 47
40 1
57 6
30 6
20 45
27 27
3 28
1 42
24 36
18 14
60 40
32 56
3 12
17 34
4 30
37 23
54 30
20 16
19 9
22 59
24 52
27 48
44 19
29 20
4 23
10 22
13 3
44 10
27 39
10 18
16 11
13 40
30 34
4 27
2 28
3 43
44 28
15 50
30 59
31 12
42 37
3 24
13 36
18 3
55 12
49 60
15 60
5 9
33 18
59 49
51 41
37 4
1 12
12 5
28 11
45 4
40 13
6 37
29 5
50 21
23 3
60 47
18 5
52 23
20 11
55 3
43 47
58 26
9 53
8 37
11 5
19 11
42 3
43 14
60 43
29 14
32 16
14 30
28 41
4 44
55 37
59 37
41 47
23 15
14 58
52 51
37 30
29 12
33 20
29 5
14 52
19 10
12 5
7 28
45 60
37 56
36 55
47 47
17 28
11 5
8 19
36 53
4 29
7 26
10 42
7 50
37 6
13 20
5 42
1 31
22 21
16 11
30 40
47 50
4 8
14 25
27 43
53 11
55 45
16 28
10 44
30 43
1 6
9 32
35 7
39 31
44 58
45 24
55 6
31 16
9 30
56 52
17 9
15 48
24 24
7 32
35 25
51 47
50 2
54 32
48 11
51 53
49 56
13 52
36 30
51 58
13 41
1 56
23 57
52 56
24 23
40 8
35 14
53 41
3 6
59 11
20 18
55 34
49 1
9 49
10 45
3 18
44 6
5 36
18 39
15 2
55 6
49 58
52 2
39 59
13 13
60 45
20 46
41 49
19 31
52 32
11 42
35 5
48 37
3 47
3 11
39 23
9 13
35 14
38 11
22 54
22 48
28 3
42 13
37 9
21 29
28 44
8 43
42 53
34 52
24 39
29 3
19 4
30 26
21 51
5 57
5 10
12 49
3 16
1 56
4 54
16 15
48 37
8 31
4 19
14 26
18 39
57 33
7 27
1 55
12 56
1 44
55 51
20 52
46 60
38 52
57 35
1 37
15 19
50 58
51 56
14 20
39 52
43 13
31 51
21 37
41 19
2 40
28 34
2 15
4 40
6 50
60 28
19 10
41 29
9 60
15 10
39 7
58 8
50 21
54 17
2 57
14 24
38 34
28 2
45 51
40 59
36 37
42 47
19 14
56 47
14 2
10 4
16 20
23 59
10 30
7 5
49 43
11 16
59 37
11 46
26 30
44 12
1 13
25 33
13 50
9 49
1 33
34 22
50 2
34 18
50 58
31 14
26 25
47 32
16 29
30 22
6 54
11 49
57 47
33 9
37 53
23 52
59 42
4 11
43 3
5 35
38 2
10 2
4 50
19 56
41 18
41 23
16 5
34 37
35 32
15 42
57 29
16 3
36 48
46 36
24 48
45 32
37 8
20 14
9 36
46 21
40 45
58 44
27 16
35 5
30 55
33 59
18 18
15 2
32 25
3 29
16 45
19 20
23 54
13 5
29 6
39 17
19 5
27 57
15 39
16 9
6 54
35 21
42 16
53 52
58 55
6 4
35 59
55 42
48 46
47 58
3 38
18 47
23 41
45 28
9 18
59 19
29 31
21 11
26 20
34 60
13 10
55 19
31 11
36 38
29 31
36 22
13 39
41 16
55 31
40 20
52 57
20 20
13 33
19 1
4 31
4 4
23 1
17 42
40 6
33 32
4 42
58 5
41 16
35 2
36 17
42 11
32 4
60 13
45 43
6 54
38 26
53 47
10 5
32 4
24 41
54 8
29 2
38 9
30 48
47 59
12 51
24 19
42 30
22 51
16 52
37 38
38 36
60 13
36 11
26 17
57 49
4 34
49 49
21 50
49 50
44 3
2 33
17 27
10 57
39 4
39 4
29 53
38 36
31 33
43 6
58 55
60 25
56 3
7 55
40 1
9 13
33 7
58 41
27 38
34 42
10 39
59 21
39 56
52 23
55 54
36 29
42 17
39 3
52 36
25 26
12 40
33 20
53 42
45 58
46 33
38 22
15 26
14 13
15 50
3 16
42 37
46 16
43 57
55 39
44 11
30 6
59 10
59 9
9 2
16 44
36 17
24 2
43 60
10 46
4 57
39 12
47 57
54 60
56 59
2 42
19 15
49 25
3 8
9 19
51 56
42 7
3 34
3 42
36 38
32 43
34 50
37 43
18 5
20 35
41 26
11 29
4 3
19 56
15 14
16 24
44 9
60 40
3 30
36 33
22 60
39 31
21 14
32 56
48 12
38 52
60 24
3 60
36 28
32 7
51 14
42 47
28 15
47 2
25 10
24 57
11 60
5 57
37 27
10 60
25 51
28 24
37 34
52 43
44 53
4 60
20 56
8 4
40 27
3 22
16 29
55 50
49 59
14 4
12 5
23 22
28 38
44 52
17 57
41 23
38 41
30 5
37 17
35 9
17 25
9 29
39 49
10 6
7 49
17 44
19 9
7 10
8 38
21 23
25 26
30 21
19 6
47 46
12 5
12 4
18 8
7 49
44 51
17 57
17 21
28 25
21 19
52 4
29 52
32 51
60 53
9 8
16 51
21 44
20 18
1 46
47 32
22 48
58 55
5 19
28 1
34 15
37 58
33 19
34 18
58 23
56 38
52 19
26 15
54 34
2 23
35 25
56 30
42 43
5 50
23 7
34 29
13 6
45 30
16 25
39 48
48 54
60 42
13 10
54 54
52 2
57 34
34 15
43 21
25 11
26 48
56 21
2 28
44 22
10 47
24 18
35 44
2 59
1 48
38 10
18 4
26 32
52 58
2 13
33 37
39 28
12 18
13 41
34 21
59 24
21 12
43 49
6 44
17 44
29 31
46 35
39 16
56 37
53 30
33 13
36 57
20 54
55 57
8 54
28 24
28 14
11 13
25 4
18 40
18 20
41 52
33 40
1 15
58 42
17 12
15 48
15 60
24 32
4 13
11 38
30 30
20 5
11 1
1 5
56 22
44 52
32 42
7 3
25 48
41 18
48 57
40 19
23 16
31 1
47 37
37 17
19 28
19 15
54 24
2 19
20 56
32 34
45 7
49 44
43 41
26 52
27 43
9 24
15 45
38 3
37 31
37 36
38 14
17 30
33 3
57 59
12 7
6 13
14 22
44 42
30 19
35 1
24 26
25 44
39 20
46 21
3 1
55 3
20 56
34 22
7 46
23 14
21 56
44 27
11 24
16 11
36 36
37 3
32 17
5 60
48 57
47 14
43 34
45 22
10 41
50 28
36 60
50 8
48 4
40 33
48 15
23 11
6 4
60 19
3 12
41 43
45 45
37 8
11 25
14 55
30 52
6 10
11 47
17 27
10 8
52 57
6 60
46 56
4 49
38 42
18 17
32 30
41 1
10 20
28 14
38 24
48 29
25 43
60 21
7 47
18 12
43 47
36 53
6 40
40 7
54 58
8 34
5 34
12 2
17 14
48 37
17 22
60 25
12 23
42 33
45 51
1 17
25 26
12 18
34 8
38 10
58 36
57 2
31 27
55 17
45 20
10 25
35 50
51 56
41 39
49 53
25 26
32 35
51 53
12 5
33 45
39 45
41 50
26 11
4 54
24 38
52 25
23 25
41 15
50 19
38 18
56 28
22 60
7 2
23 38
21 42
4 10
46 29
37 43
5 8
32 48
9 13
30 47
19 10
14 12
39 45
25 4
5 32
4 15
13 2
31 60
27 35
46 7
29 38
10 22
38 43
53 27
16 17
5 27
57 9
32 22
38 50
4 51
17 33
31 48
14 19
10 55
59 23
39 5
1 14
41 16
25 6
15 29
31 15
6 38
19 20
27 32
51 38
11 22
45 25
42 54
41 31
46 57
16 8
19 37
1 32
2 43
12 36
12 49
33 45
15 1
7 31
14 6
51 31
52 9
56 29
8 40
30 7
13 35
4 31
16 4
22 28
28 16
33 60
57 27
12 8
50 55
35 57
59 28
12 23
42 14
28 9
32 14
4 15
48 7
33 12
48 17
25 17
19 14
35 8
48 55
29 23
14 48
32 29
58 42
27 2
42 10
29 56
42 33
41 26
22 36
60 35
12 51
60 32
41 59
54 30
5 34
15 2
18 1
28 45
55 24
9 46
50 6
32 17
11 27
49 3
14 43
10 14
51 17
26 20
6 24
50 39
22 43
49 58
6 4
19 15
9 2
33 20
33 38
31 23
19 7
44 51
17 9
29 39
20 16
3 24
54 3
60 50
12 2
16 45
50 29
58 48
32 17
38 27
30 2
24 25
52 49
12 18
49 15
4 3
43 41
53 28
16 19
15 25
28 49
14 17
48 32
27 19
11 57
39 9
24 32
14 60
46 57
55 8
56 39
50 30
49 54
28 11
7 47
43 17
47 4
19 25
11 31
23 22
15 52
48 10
12 5
13 43
9 56
7 55
44 46
33 12
42 28
17 40
42 10
26 34
2 55
37 22
27 44
53 55
45 30
1 11
60 56
53 50
29 18
29 47
27 55
27 21
39 2
5 8
42 55
33 16
16 21
18 51
25 58
21 31
43 19
5 51
57 60
26 1
3 24
27 35
12 27
20 25
46 18
34 46
45 45
1 25
31 39
13 18
47 55
18 13
54 17
11 42
15 38
55 29
11 36
1 58
11 59
47 6
29 29
42 33
32 44
38 29
22 43
27 15
43 46
3 36
39 34
37 20
46 14
46 53
33 51
17 9
44 2
58 13
1 37
60 18
34 19
46 26
56 39
38 24
41 24
13 57
46 54
60 34
41 47
47 53
43 25
16 8
28 47
8 9
53 30
34 53
28 39
34 3
45 29
3 29
37 14
35 8
58 7
9 11
34 54
12 44
57 16
1 54
51 9
5 53
47 28
55 21
3 22
15 46
15 36
59 59
60 4
27 54
13 47
57 10
14 14
51 53
31 36
1 10
22 48
20 54
25 46
4 36
23 3
33 1
3 28
15 20
23 24
28 20
15 32
18 48
45 54
39 47
39 29
22 2
51 43
12 47
37 28
16 48
3 3
12 16
48 49
22 8
45 21
57 24
16 28
19 15
27 24
13 54
19 47
42 33
57 1
36 20
23 11
20 13
20 52
52 57
7 50
31 41
10 41
19 55
44 10
32 15
60 56
5 58
49 28
44 33
48 34
47 43
20 21
43 1
19 26
36 15
10 11
7 3
44 2
28 60
20 32
16 35
24 12
36 20
55 19
52 19
24 14
60 12
35 41
30 40
52 56
3 59
8 44
7 46
34 53
7 3
23 34
25 30
21 23
51 17
20 29
46 43
55 47
21 21
43 42
19 8
2 13
19 34
24 27
23 56
3 27
14 16
25 38
15 2
20 11
36 31
1 24
19 34
23 49
4 35
59 28
23 52
17 34
36 53
46 50
34 39
11 37
37 51
32 13
4 14
53 54
56 21
4 32
44 2
10 23
30 30
27 9
39 21
42 55
23 19
13 54
49 20
11 43
38 1
39 20
46 34
48 4
10 38
54 42
57 26
55 7
58 36
14 41
16 22
49 39
23 35
22 54
57 52
38 53
9 56
14 38
7 29
13 23
25 3
15 51
3 13
47 37
27 13
40 59
19 30
22 35
5 14
49 6
15 43
26 21
46 21
47 58
43 20
39 24
22 4
60 54
40 5
23 10
16 29
59 29
44 43
31 54
35 41
56 55
53 59
59 27
25 41
2 60
38 31
9 9
35 49
18 33
8 17
50 7
10 25
37 26
38 16
48 42
60 37
11 17
53 22
12 45
4 14
17 48
33 4
44 7
20 22
58 50
44 11
4 39
51 4
33 13
14 33
33 19
44 52
36 42
57 43
38 52
10 14
46 27
21 21
51 35
2 46
20 23
23 50
7 3
25 16
1 8
1 21
51 6
3 59
57 47
59 31
36 27
56 25
51 11
43 7
59 17
51 49
23 40
45 16
45 59
54 27
19 38
48 24
7 12
12 38
8 7
38 20
47 16
55 32
1 30
35 6
41 60
4 45
35 40
37 15
4 20
14 27
41 51
24 55
21 10
7 23
37 52
53 44
52 28
34 58
29 48
39 8
53 51
17 32
13 33
24 35
57 14
4 11
35 33
54 4
58 35
13 8
47 43
22 35
17 22
50 27
22 45
5 17
27 32
52 4
46 26
41 1
34 35
52 35
24 52
47 43
46 35
10 2
35 40
24 34
49 49
22 8
19 56
35 7
32 35
34 48
34 44
6 37
60 39
50 28
53 44
37 13
34 43
31 35
6 26
50 53
12 18
39 1
23 24
51 12
28 32
21 31
28 25
33 53
38 34
3 8
60 50
41 31
44 54
33 56
8 57
12 29
49 48
27 7
24 36
22 19
7 53
27 21
20 60
18 44
39 27
18 19
24 26
37 17
50 13
10 23
21 5
59 9
51 58
35 40
19 32
59 10
44 52
2 11
53 60
39 45
6 47
25 39
25 32
12 51
59 39
40 8
34 1
57 46
36 27
29 23
53 39
55 42
48 3
58 54
18 24
23 28
14 9
51 9
1 35
37 58
31 7
7 14
8 4
60 14
3 3
3 49
31 4
42 6
49 37
50 43
20 44
58 34
58 36
26 20
42 33
6 6
32 31
32 5
9 38
27 1
35 51
15 43
23 53
39 29
8 4
16 18
17 1
52 46
4 53
24 2
51 55
42 19
39 18
33 5
42 59
13 20
58 20
8 57
38 6
38 37
60 51
21 11
19 2
47 36
43 51
1 49
26 58
9 5
43 27
56 6
36 25
24 53
20 33
32 19
27 16
26 27
10 47
5 53
37 5
42 4
16 36
33 20
36 48
8 32
50 24
15 50
28 30
24 22
4 8
59 13
29 2
4 27
11 45
45 55
33 16
54 50
60 15
52 55
53 51
9 47
24 20
60 44
35 54
19 51
44 43
29 46
17 47
30 7
7 22
5 30
29 31
51 48
40 24
6 25
57 50
40 33
11 42
33 16
33 59
55 27
48 41
49 53
40 24
50 19
1 24
24 42
47 4
29 21
52 41
19 2
17 11
50 49
2 16
26 3
40 1
25 8
57 9
57 42
21 6
32 24
51 17
49 42
19 52
26 25
17 51
18 16
34 26
35 48
40 37
16 14
36 5
45 17
53 29
2 39
17 7
25 24
12 19
45 35
27 27
26 23
11 9
53 7
14 30
24 16
4 10
9 48
25 50
38 56
54 44
4 31
17 5
49 52
43 43
60 16
10 47
15 25
16 50
38 60
60 7
22 13
51 12
3 11
41 42
15 47
18 15
10 11
32 27
49 10
39 19
59 36
57 22
14 49
41 60
53 28
3 19
59 43
9 41
14 5
53 8
16 25
30 37
41 18
1 12
36 15
58 26
8 19
54 59
9 24
42 12
5 25
18 46
39 35
7 31
3 37
23 41
54 14
16 13
21 30
35 33
26 21
34 59
29 42
21 31
59 13
29 47
34 37
34 2
50 36
34 40
46 42
24 19
39 4
12 59
16 44
28 42
49 8
37 15
53 44
27 49
37 26
13 44
39 50
38 5
57 21
57 22
9 9
19 28
51 56
38 46
37 20
23 56
55 25
58 56
4 56
39 46
2 15
12 51
46 55
26 34
54 55
48 16
57 50
39 59
13 31
55 31
55 34
19 59
39 11
22 36
6 57
51 36
38 45
36 31
32 33
59 7
55 26
21 59
41 43
53 16
58 49
24 50
14 14
55 37
37 57
44 11
38 3
42 35
38 26
57 12
11 33
25 58
23 3
32 2
58 53
56 54
57 50
46 40
49 19
52 59
43 15
42 17
44 12
38 20
36 31
4 46
56 22
53 58
21 31
56 38
8 38
56 52
34 53
36 53
56 7
32 35
20 18
30 16
50 34
52 4
56 47
56 41
52 23
52 15
45 37
25 39
3 49
7 1
11 54
15 48
53 23
56 16
49 51
18 43
2 23
42 3
31 13
56 28
10 53
14 16
48 50
43 57
60 45
14 57
39 9
60 58
2 26
20 57
9 37
38 40
60 28
34 19
42 43
25 31
22 30
47 53
10 41
31 53
40 47
47 33
20 42
25 60
32 32
28 41
33 5
28 1
8 38
38 10
53 8
23 35
1 32
7 50
8 34
36 7
5 1
19 54
11 10
33 35
46 37
27 47
24 7
54 57
44 35
15 58
11 13
39 17
57 28
60 46
12 22
42 9
1 40
1 39
47 16
57 40
41 58
2 48
32 46
44 39
25 54
33 59
14 4
39 5
18 50
20 32
57 59
9 3
42 23
58 43
45 20
41 32
11 35
22 18
48 52
52 36
15 39
9 15
27 58
35 6
7 50
48 34
35 30
9 41
11 36
32 10
48 5
35 38
19 27
48 57
30 40
37 13
28 12
21 47
51 14
19 33
16 58
42 41
3 59
43 57
18 37
26 42
9 15
51 21
14 56
58 52
51 5
38 26
59 15
31 12
21 40
58 21
39 29
35 19
27 14
32 45
12 40
58 31
17 20
12 48
39 4
13 20
2 43
15 6
46 51
23 54
11 5
36 52
32 52
50 54
12 38
22 31
43 37
49 2
23 34
44 57
42 22
56 43
25 12
13 28
60 47
53 59
37 18
57 48
20 55
38 44
46 44
9 9
46 33
6 3
44 8
15 20
22 2
18 23
44 42
26 20
6 52
2 19
19 35
5 36
3 2
3 18
40 50
26 30
39 40
44 31
17 51
34 33
1 37
50 6
60 44
15 24
51 17
12 4
45 32
45 36
30 46
15 2
7 46
3 6
49 40
7 13
29 50
34 32
16 14
46 40
46 14
29 17
9 31
8 36
55 47
40 54
2 47
21 37
29 60
15 38
41 32
3 60
32 49
50 28
40 7
3 52
28 47
26 17
58 12
11 58
60 38
40 44
15 1
23 59
45 51
7 52
45 14
15 33
11 37
5 3
5 39
45 34
50 35
51 37
42 45
37 12
35 52
34 9
44 50
16 1
47 39
24 20
52 26
55 22
33 19
31 11
31 60
7 48
7 2
35 36
