60
252
30 15
37 9
37 40
48 2
18 37
31 30
23 18
23 44
39 23
31 54
44 56
17 38
31 31
56 38
5 50
25 37
25 11
24 60
12 59
18 49
18 39
10 29
10 55
53 41
11 10
12 51
39 18
12 24
60 50
60 16
59 36
7 29
47 51
51 15
15 52
10 28
58 21
59 52
51 19
51 53
31 5
56 53
48 24
59 26
29 27
28 40
28 23
39 60
23 48
6 43
25 31
51 17
34 47
28 36
57 4
6 21
34 50
19 42
42 60
42 53
28 8
13 43
25 39
10 2
38 50
13 38
33 12
25 31
55 38
56 44
6 8
24 60
8 54
52 12
1 30
48 51
26 46
48 10
2 19
41 15
13 49
55 39
15 2
11 6
26 53
2 13
41 40
43 12
52 42
24 11
18 48
20 17
42 56
26 9
54 9
27 7
39 34
12 15
51 36
33 2
28 3
21 23
7 33
30 41
53 51
33 11
20 47
23 43
27 31
16 35
50 15
60 12
35 47
43 52
6 10
56 40
44 8
28 43
13 47
27 6
34 42
11 53
54 9
38 36
49 16
10 14
22 32
4 49
60 30
10 2
21 11
15 9
45 56
35 38
12 60
40 46
39 8
6 34
28 7
21 9
27 58
46 9
16 47
33 12
41 50
46 27
42 48
46 32
46 32
39 17
29 54
34 55
14 17
16 13
59 11
43 20
40 35
60 46
47 59
48 38
12 28
5 34
21 58
12 55
42 8
30 10
56 42
56 38
5 37
25 9
53 50
39 53
58 15
28 23
16 54
14 36
22 31
23 59
60 5
50 40
49 34
13 43
25 38
31 42
45 24
41 55
41 55
43 34
15 60
45 26
18 18
35 32
31 43
28 22
18 36
11 50
22 36
15 40
35 20
41 28
27 18
35 13
50 20
2 12
12 17
15 7
41 49
39 27
46 31
37 56
40 34
19 4
32 11
28 17
18 10
16 37
16 45
14 17
21 2
28 10
14 56
17 9
59 46
23 34
41 26
56 33
22 13
12 50
39 28
11 37
30 23
17 32
52 11
57 47
34 37
16 10
51 4
27 7
56 40
60 50
40 42
13 35
29 45
2 37
1 38
31 29
37 30
50 14
25 10
46 29
29 6
15 28
