60
216
6 2
44 3
21 57
9 43
29 2
29 16
32 23
10 59
24 53
8 54
2 26
31 18
24 29
16 15
57 35
13 45
49 51
59 29
1 30
44 27
31 58
36 48
10 26
26 43
16 12
30 25
31 10
37 53
25 60
60 51
18 26
39 39
40 9
6 38
18 5
39 45
53 21
22 12
54 44
58 13
60 9
51 16
50 30
45 36
10 20
41 60
31 14
29 51
35 52
25 3
20 43
20 43
55 22
56 11
34 55
4 5
30 38
46 53
10 44
1 51
41 1
53 11
60 25
17 16
7 40
47 42
8 4
52 38
36 6
32 30
12 16
14 5
39 39
47 15
45 41
36 28
57 18
57 17
45 25
4 57
15 56
39 7
7 51
13 37
10 29
26 37
14 4
27 38
12 52
52 52
22 26
32 27
20 15
15 20
40 10
8 31
49 55
25 21
57 33
35 44
52 2
13 52
46 43
27 58
50 58
18 54
38 4
39 25
28 47
2 59
8 19
42 6
57 53
55 56
52 41
8 38
26 17
26 18
14 1
25 25
33 13
56 10
35 11
31 22
51 43
10 11
42 16
3 56
16 46
58 30
21 54
10 17
26 14
8 49
26 12
57 1
15 59
34 28
57 46
46 34
54 35
56 18
26 24
6 52
15 15
12 50
1 29
49 14
57 25
47 54
50 56
40 8
43 8
32 47
35 56
41 39
34 51
1 25
43 8
58 39
53 17
7 58
50 29
51 7
9 50
56 24
48 5
55 58
17 34
25 1
36 13
57 57
46 35
45 20
46 37
25 26
18 23
7 13
25 40
27 7
16 36
37 59
38 17
25 14
36 12
45 15
18 59
59 58
38 27
24 27
38 29
55 45
55 20
44 60
48 4
59 31
36 20
59 39
19 51
51 21
35 18
50 32
55 15
25 23
46 5
46 41
47 23
32 8
16 55
17 52
34 57
54 16
10 36
39 19
7 57
16 51
