60
3600
11 55
51 51
31 44
23 52
5 33
59 46
1 52
60 55
26 55
45 34
4 53
14 5
47 31
47 26
35 42
40 9
55 51
16 20
56 29
51 2
49 53
14 42
37 57
15 5
40 12
54 20
23 54
16 2
20 9
38 46
35 56
27 31
24 14
59 43
50 49
1 30
57 14
8 46
33 51
25 32
9 27
40 5
29 52
57 52
26 15
3 53
15 36
59 14
42 46
54 52
60 9
33 9
11 2
31 41
42 22
24 15
16 52
8 49
39 15
28 60
35 38
44 35
41 33
10 5
21 22
50 2
30 29
38 14
45 36
26 52
21 33
27 39
36 31
2 25
5 9
9 45
60 9
1 30
20 7
23 35
6 20
60 9
36 30
21 42
57 27
48 43
43 57
7 24
49 46
42 24
53 5
42 42
50 48
55 21
17 31
44 6
29 4
26 49
23 31
36 30
36 9
31 6
56 40
36 47
14 60
32 21
47 12
12 29
36 42
43 40
6 33
39 54
28 42
45 11
1 1
27 8
7 27
9 39
48 32
16 30
1 43
55 11
1 10
14 24
41 27
25 32
11 24
50 16
14 51
6 28
60 38
19 53
13 20
22 45
7 60
28 39
9 53
59 14
3 6
35 5
2 24
5 15
20 15
30 31
33 30
51 48
28 18
33 8
41 51
17 53
8 9
54 56
41 34
11 57
39 41
17 29
44 4
27 3
18 11
27 43
9 33
24 3
59 18
16 45
29 1
46 18
58 9
54 26
33 29
53 51
6 28
53 59
26 51
37 37
53 11
54 29
19 59
47 42
13 47
22 11
50 44
36 54
29 55
14 33
8 33
53 42
26 1
15 18
23 27
32 19
33 47
42 24
54 56
23 60
59 48
13 48
5 46
51 54
37 28
10 45
30 13
53 60
60 8
56 22
44 14
49 2
31 26
41 5
56 13
3 60
22 32
43 34
44 50
10 25
28 9
55 31
14 27
15 37
27 9
34 12
40 56
6 13
51 38
12 16
18 16
52 5
24 30
6 27
47 57
32 14
54 32
24 46
15 20
45 36
11 39
24 10
45 52
44 53
9 22
43 32
58 6
1 41
19 40
41 40
27 38
24 12
31 43
31 31
16 27
49 58
52 42
10 48
32 17
26 4
24 42
36 11
38 29
58 34
49 9
42 44
52 1
26 18
31 37
29 22
10 53
53 11
17 16
55 46
16 42
35 49
45 58
23 42
7 40
2 2
32 39
4 46
8 50
29 43
16 25
48 44
42 12
34 33
19 59
17 30
46 8
24 9
46 10
23 58
37 40
47 58
6 15
50 30
56 21
12 18
1 6
44 36
54 60
29 9
57 27
57 59
33 20
15 45
26 22
16 5
35 48
40 19
8 9
12 45
27 55
5 45
15 2
24 59
56 50
25 40
7 16
52 5
53 51
17 40
54 36
16 34
35 25
45 30
33 56
24 50
34 27
27 4
36 31
28 34
56 55
53 24
33 26
11 9
54 28
15 34
3 28
30 57
2 49
38 44
59 12
30 35
51 31
12 19
4 12
15 14
10 50
48 60
44 4
36 15
26 52
26 49
17 51
9 10
6 5
41 30
49 39
60 19
20 52
24 28
55 34
56 55
48 26
39 3
24 26
36 16
50 40
3 40
10 58
51 26
21 17
25 5
27 52
7 35
16 10
21 48
38 45
26 57
36 39
40 51
22 4
20 3
52 10
30 23
52 21
57 2
14 19
25 24
42 59
18 23
43 16
29 47
17 41
24 11
34 44
25 57
33 22
57 22
28 41
41 26
49 42
48 7
2 56
36 38
5 52
31 59
11 33
54 47
56 56
22 35
10 25
31 46
24 20
16 50
27 22
43 49
35 33
27 24
5 50
18 60
48 16
38 2
49 55
5 33
49 46
29 19
40 59
6 37
47 59
53 39
9 25
58 48
22 10
17 34
60 2
17 38
23 15
15 27
50 43
51 43
26 38
21 46
15 29
29 22
55 37
57 41
52 50
56 40
48 37
54 23
42 32
50 2
59 43
46 40
25 10
52 7
48 56
2 1
34 39
11 37
51 36
7 34
2 16
13 29
24 58
30 56
17 3
5 56
10 31
31 47
52 13
60 43
2 10
10 16
59 52
27 56
33 1
30 57
41 16
53 51
60 23
48 52
37 51
51 9
49 53
29 55
27 17
14 44
36 37
33 9
42 33
38 23
34 42
5 6
44 42
22 51
22 10
56 53
24 23
23 36
19 42
38 53
6 17
28 60
60 5
38 7
19 45
7 17
21 8
15 51
50 36
51 11
2 31
53 1
25 15
54 51
54 49
5 31
49 52
2 44
26 19
11 27
51 5
4 60
48 45
36 32
8 34
58 10
50 23
40 22
21 31
58 55
44 5
33 10
34 30
40 37
25 58
9 46
51 32
54 8
19 20
44 59
6 7
36 28
40 27
6 43
28 13
30 27
4 59
17 1
39 54
32 55
45 21
51 12
10 55
7 20
50 2
27 54
23 38
3 48
44 42
48 29
11 20
51 45
50 50
43 25
50 25
56 19
13 33
43 52
5 32
52 50
27 42
36 47
47 43
44 26
7 8
60 1
34 16
1 25
34 27
35 3
44 11
46 33
47 41
23 35
44 30
43 56
50 35
26 31
49 17
36 25
31 30
8 59
21 16
25 18
35 9
13 46
46 19
8 48
14 14
58 27
17 34
56 44
9 31
31 27
39 45
56 3
38 6
33 4
29 22
41 10
24 26
18 31
7 1
40 36
10 60
8 57
14 50
42 13
10 26
27 26
32 52
6 13
33 21
15 58
23 2
46 33
30 10
23 23
27 52
30 27
14 1
19 28
47 5
56 35
16 48
37 32
51 27
42 4
41 42
47 26
4 26
26 8
5 36
45 21
2 4
59 1
4 21
56 37
6 7
27 34
53 33
58 48
2 6
26 29
18 29
23 2
37 15
24 36
49 52
48 50
58 42
30 14
4 23
40 46
32 12
57 2
49 35
19 30
5 2
1 16
31 31
35 60
23 17
35 26
15 52
36 52
21 25
51 29
35 42
37 60
41 27
14 2
45 21
14 13
47 53
11 1
21 4
17 35
7 21
2 17
59 54
11 50
32 43
6 9
3 34
46 52
36 51
20 5
3 59
17 56
24 58
25 16
45 10
53 30
14 23
3 13
7 53
38 29
26 3
56 53
8 18
4 47
45 53
57 22
31 15
15 17
19 52
47 54
57 32
21 41
8 29
18 11
17 16
42 53
49 9
3 15
38 20
22 15
19 36
21 19
12 2
23 42
26 2
57 14
54 54
43 37
11 38
11 28
52 27
6 54
39 59
17 60
44 43
53 54
29 2
37 9
57 34
29 43
23 11
30 12
7 35
60 43
51 40
1 9
23 56
22 29
55 48
23 25
41 14
2 1
7 45
57 5
48 5
14 17
47 52
8 37
57 40
49 14
37 13
22 43
27 46
21 28
3 17
22 8
11 46
34 31
21 14
28 37
40 20
20 3
13 18
33 43
21 39
37 13
5 41
24 8
46 20
45 42
23 59
31 37
28 48
6 31
19 58
17 38
29 6
44 7
14 22
18 45
47 32
3 24
41 11
58 38
49 38
15 55
11 54
17 9
27 9
15 27
8 53
21 47
45 58
18 40
38 60
53 30
40 49
28 32
13 51
44 28
59 38
7 33
45 31
5 51
55 48
55 14
34 55
37 28
7 49
1 15
4 21
27 50
7 3
36 28
52 4
47 13
26 59
44 26
22 52
41 35
30 23
3 31
36 11
29 4
37 43
44 35
37 3
18 44
16 43
25 22
46 49
34 17
44 32
5 56
6 39
4 37
55 45
56 35
14 33
58 7
30 40
12 24
18 6
21 50
17 20
21 50
30 32
15 58
56 40
55 16
28 12
47 57
9 26
38 24
33 43
24 47
6 44
25 43
38 21
48 19
15 23
17 22
51 15
27 52
22 18
59 21
14 41
11 11
36 42
4 18
27 40
2 54
37 3
45 32
7 6
7 27
38 2
37 26
51 29
52 39
13 22
21 21
6 40
46 38
14 44
15 29
25 27
1 35
45 34
44 41
56 19
56 45
44 35
10 2
49 20
30 25
18 33
11 32
27 27
27 57
32 31
16 11
35 21
38 51
23 5
32 43
50 27
33 58
19 40
26 11
7 31
47 26
55 6
19 43
38 2
23 14
37 15
59 60
26 2
38 6
22 21
27 15
38 1
39 11
5 18
26 26
48 39
35 21
56 34
8 55
36 16
26 42
12 29
31 44
13 57
4 47
32 27
60 21
59 48
54 13
27 16
41 33
31 33
55 7
25 33
52 57
44 8
44 18
2 7
20 14
11 10
1 46
43 13
13 58
34 47
12 40
26 60
14 40
35 52
34 17
45 44
57 23
29 36
31 58
4 40
3 2
20 23
35 49
3 14
45 22
31 13
7 17
10 38
44 58
54 12
3 8
25 23
42 6
35 34
12 43
51 46
29 21
4 53
53 44
9 33
19 7
29 50
31 40
3 57
42 16
12 5
57 20
15 49
14 27
20 55
13 36
51 14
23 51
51 54
60 38
31 9
10 38
40 20
49 45
27 6
58 43
15 54
6 43
11 9
60 20
57 51
33 6
40 5
58 45
55 4
55 50
19 5
46 20
28 34
15 52
52 43
46 1
23 49
52 3
56 41
48 3
6 8
10 33
22 43
22 56
16 42
36 42
37 26
43 15
1 37
23 11
28 20
30 9
10 30
4 2
54 9
29 59
49 48
22 24
6 28
37 19
30 12
39 11
53 21
23 8
37 22
47 48
24 31
58 24
32 29
7 12
50 27
3 51
57 41
38 33
32 44
38 54
59 33
47 51
20 38
24 12
22 6
31 21
7 38
29 21
39 37
40 30
7 24
12 7
37 30
10 13
22 44
40 2
54 49
25 29
41 21
16 51
14 37
13 16
13 2
9 43
27 53
54 60
14 42
1 29
55 35
36 48
14 14
36 18
50 56
15 11
26 24
14 54
53 59
29 54
55 46
24 8
36 46
37 11
20 11
9 18
42 55
21 4
29 57
29 13
55 20
27 54
32 45
31 23
60 28
8 7
30 44
21 44
19 47
1 10
42 26
15 49
24 37
25 59
35 25
55 21
26 55
32 14
23 57
3 7
33 1
51 20
36 14
22 36
21 42
13 6
18 3
21 7
19 32
29 57
51 33
28 36
19 51
16 6
30 43
8 44
41 8
15 49
48 48
17 59
17 57
40 7
44 25
22 5
57 11
1 43
37 48
4 28
44 41
9 50
29 46
24 15
19 49
5 28
48 26
48 12
13 19
8 9
1 36
58 9
51 50
34 57
55 14
41 26
48 8
47 9
57 8
57 51
3 60
6 3
43 52
21 54
20 60
16 17
8 43
14 46
49 20
20 7
21 59
46 57
40 27
21 40
36 15
43 32
24 56
37 5
28 28
14 2
56 49
35 50
60 2
46 56
48 19
28 4
34 45
58 31
48 28
22 13
58 14
5 55
30 1
8 1
15 25
33 38
57 48
17 43
14 59
56 60
12 42
32 22
29 29
20 35
4 50
6 25
57 20
24 42
21 10
35 13
50 11
1 1
9 49
45 55
31 16
46 57
3 1
50 9
10 7
51 54
2 28
15 13
35 4
54 18
12 7
11 18
9 60
32 41
17 12
44 38
4 1
36 38
43 49
6 52
46 26
17 28
54 41
43 41
41 45
4 45
21 25
21 36
50 11
42 14
19 57
17 30
29 20
48 30
52 2
43 21
49 14
58 13
46 31
30 10
4 55
14 27
16 46
50 44
51 47
2 11
17 8
47 13
17 47
21 21
43 14
27 15
3 23
9 47
18 42
51 24
9 46
31 59
39 34
40 9
37 13
44 40
34 59
46 44
26 10
1 24
26 14
15 23
6 23
59 28
11 46
17 30
28 20
45 16
15 16
56 41
30 36
51 44
44 55
20 41
53 8
1 10
15 16
47 37
16 42
6 51
16 10
21 24
8 45
8 10
31 47
32 56
3 23
13 35
49 53
59 32
40 32
43 10
39 11
2 17
35 55
24 36
28 29
11 50
21 59
39 46
24 21
54 36
2 38
45 14
7 22
32 42
20 23
41 10
29 9
27 7
9 35
39 31
48 12
55 41
22 27
4 7
33 53
39 8
35 15
8 9
19 29
35 7
4 3
10 46
21 29
31 10
35 16
13 55
11 51
41 31
5 15
24 19
7 13
60 46
42 59
58 8
50 36
31 35
14 14
3 53
22 4
4 1
56 34
44 19
55 57
25 19
27 51
14 25
25 30
12 22
40 4
42 4
23 36
30 1
27 45
13 32
19 50
2 21
4 49
9 44
44 39
23 2
19 5
16 13
55 16
5 55
3 52
33 43
41 16
41 39
29 52
26 2
5 21
11 33
14 6
23 53
43 59
56 19
4 25
20 40
1 26
33 42
9 28
59 22
2 24
39 48
23 30
26 39
36 2
4 2
18 25
12 35
55 14
32 44
19 37
11 49
19 45
58 15
52 59
60 52
60 41
30 59
8 23
9 32
38 31
8 22
10 28
24 7
9 14
6 44
3 19
52 34
49 25
51 35
22 59
9 7
45 41
29 2
43 35
52 25
18 35
60 24
25 20
53 6
16 19
2 37
30 28
11 50
6 28
59 33
3 5
30 49
8 60
14 14
28 9
54 22
31 60
27 21
32 16
1 7
55 59
44 35
9 45
31 22
1 3
20 26
10 36
59 43
23 40
13 15
50 53
53 50
7 15
57 17
3 2
55 37
9 33
10 17
5 3
3 31
3 18
14 59
33 21
52 49
21 7
43 54
37 57
7 2
1 22
54 60
54 35
8 50
10 41
28 60
13 9
19 16
34 10
11 32
28 20
2 22
8 4
40 24
21 32
57 13
46 29
46 28
19 42
8 13
18 15
28 2
51 43
18 34
52 55
28 1
36 56
14 32
53 43
27 6
49 44
41 43
1 39
54 49
60 21
33 6
27 53
26 21
11 57
55 48
24 1
16 24
28 44
18 52
17 2
36 9
10 40
1 57
59 34
23 8
37 14
4 20
5 56
8 25
37 47
10 5
27 54
59 49
41 2
52 14
4 22
60 47
19 19
1 26
44 49
42 17
14 14
27 38
13 54
20 55
2 3
10 24
15 26
55 13
59 59
41 6
41 22
20 56
11 23
13 35
40 23
52 13
42 3
19 39
31 40
17 53
45 15
60 41
14 20
19 28
58 33
53 57
46 7
60 23
53 19
47 45
55 48
11 5
10 1
35 7
38 33
47 16
5 1
57 49
54 2
43 59
14 22
5 2
36 50
50 34
58 53
2 12
23 50
4 36
54 2
18 14
1 45
5 40
3 19
7 56
37 23
55 15
30 39
22 36
39 4
56 34
1 24
13 27
26 28
48 33
7 21
50 4
19 24
22 48
33 10
35 35
27 33
7 13
44 25
43 33
40 13
4 36
59 47
14 10
5 2
21 40
57 3
13 55
48 25
47 12
48 33
23 44
36 33
37 5
40 5
51 44
44 2
23 18
24 35
26 17
7 40
60 28
21 4
33 39
5 15
42 45
14 9
25 10
58 3
5 14
16 17
21 31
42 10
23 35
25 18
60 33
53 22
18 32
42 17
29 8
48 53
43 34
40 17
57 44
24 42
35 41
60 43
33 41
34 44
19 13
48 30
26 22
19 13
47 47
57 25
19 18
58 13
6 18
32 38
33 46
21 36
59 48
4 7
53 55
4 45
13 38
38 53
18 2
17 30
51 8
41 51
21 13
48 8
26 7
23 33
18 5
33 53
8 13
11 37
12 41
32 53
31 60
18 1
28 25
52 14
54 55
38 60
50 55
35 38
49 43
12 60
58 29
39 10
7 56
59 41
40 59
55 53
39 36
34 38
55 13
13 34
9 35
39 41
21 21
27 35
20 17
20 55
19 53
5 36
34 52
54 50
52 53
54 11
15 47
4 48
12 13
16 21
35 54
54 57
7 34
5 2
36 37
7 14
20 51
38 14
35 59
31 23
39 54
19 40
6 19
28 26
22 15
41 54
38 23
23 17
1 24
2 58
55 31
29 48
16 51
34 42
17 8
18 30
25 4
10 5
42 23
55 54
19 42
20 52
10 16
2 17
16 24
26 32
26 44
41 56
31 38
2 23
4 45
50 4
23 29
6 41
22 49
34 25
57 38
15 51
24 43
9 27
27 11
54 29
47 49
54 34
15 14
11 48
21 43
6 49
8 58
54 22
7 45
36 10
9 46
9 51
14 49
36 38
32 32
46 37
21 51
45 55
44 43
11 15
27 17
31 40
1 48
18 59
36 35
23 10
52 3
45 34
51 47
26 38
17 26
53 43
25 58
7 50
11 47
40 44
29 6
27 52
54 34
7 18
53 38
10 53
18 5
14 55
1 11
42 57
55 10
50 13
48 14
7 17
50 10
30 40
32 13
59 60
8 8
4 36
15 49
8 40
10 26
25 7
58 40
9 8
28 3
51 28
35 10
43 40
17 26
34 42
35 55
30 53
45 39
4 56
42 49
14 43
57 20
51 43
59 13
38 11
23 37
30 42
14 54
47 54
27 45
6 3
42 54
17 21
12 21
26 32
34 59
18 10
51 46
58 16
54 58
21 50
30 58
40 14
20 6
14 32
46 19
59 37
30 44
54 42
4 53
10 33
46 29
39 25
10 24
52 12
46 36
39 47
53 7
49 51
56 7
12 27
37 16
60 17
15 5
43 25
45 18
24 58
3 1
18 43
33 2
19 25
34 26
17 8
6 26
60 49
57 43
14 19
50 55
56 28
58 41
46 5
3 30
5 36
9 4
48 31
58 41
58 35
34 12
44 11
44 28
53 38
25 31
32 10
48 42
25 22
45 35
24 50
49 47
20 20
52 14
33 60
9 57
32 6
8 53
50 38
20 46
3 6
3 48
46 47
15 40
11 53
49 26
8 9
52 19
29 52
54 22
50 54
8 9
51 16
31 42
49 25
19 46
34 1
9 47
37 10
2 37
52 15
20 47
58 22
59 46
8 41
2 35
34 4
41 12
21 19
34 19
54 29
33 50
4 34
13 36
25 54
9 25
40 26
1 9
35 32
15 14
55 33
20 36
8 18
32 25
34 47
34 53
42 27
32 21
8 36
11 5
40 35
56 50
44 4
25 40
41 37
52 11
58 27
59 42
55 22
43 16
27 37
19 53
40 33
48 17
35 16
31 22
31 19
7 33
32 12
24 21
13 45
12 52
37 5
48 13
7 43
53 51
23 22
15 20
49 9
37 34
24 6
21 7
18 30
9 3
17 4
57 58
41 58
3 58
52 24
39 56
39 42
9 58
27 52
29 36
34 9
21 12
20 25
5 10
19 35
33 33
13 24
31 3
48 2
16 44
24 35
21 12
3 33
28 7
31 44
28 49
43 37
27 29
46 46
27 23
44 42
27 24
24 58
55 39
24 8
23 37
28 10
57 47
36 59
17 40
48 41
7 3
39 50
47 44
4 23
45 51
15 33
50 21
21 36
42 27
6 24
3 30
10 24
26 50
42 22
13 15
23 58
28 19
31 17
29 40
31 22
2 39
16 23
37 25
14 19
58 53
55 15
57 31
39 24
42 9
6 19
47 22
57 53
11 12
27 10
23 55
24 38
48 55
22 23
5 25
23 58
48 7
9 60
28 14
11 43
59 37
1 18
36 33
5 3
15 34
59 36
59 24
55 11
17 20
57 28
13 8
20 11
33 50
18 4
34 43
34 27
54 6
40 22
42 26
14 57
21 6
15 2
14 35
27 28
44 27
5 33
4 60
20 24
7 53
7 45
51 22
1 41
21 13
59 5
43 57
47 51
36 59
16 26
59 12
47 45
4 3
44 43
29 41
31 6
3 21
28 10
5 54
13 49
56 13
48 8
58 47
26 42
60 48
58 29
19 5
47 28
32 21
59 4
28 48
55 58
20 23
8 44
9 48
39 50
17 35
34 45
40 41
3 11
51 15
54 24
38 12
19 25
35 16
58 48
25 50
36 41
55 42
19 60
47 27
10 23
13 42
60 8
19 23
16 2
8 1
38 9
31 3
38 55
51 47
25 26
16 51
10 19
8 35
33 7
23 25
21 46
12 48
19 15
34 52
37 4
3 3
49 34
9 59
60 1
41 27
24 24
23 58
56 56
10 56
12 22
37 33
5 60
42 23
20 31
60 25
7 22
49 6
6 19
18 24
21 27
57 47
22 53
42 55
5 24
4 46
21 34
29 48
57 3
26 56
13 41
51 27
15 26
34 9
41 42
17 48
40 12
60 22
21 43
7 49
29 59
12 32
32 13
59 22
29 12
32 34
48 28
53 43
56 32
42 17
33 31
43 22
38 27
23 40
18 13
42 43
19 18
6 42
53 33
14 16
19 46
54 28
37 28
44 41
42 44
27 5
36 4
40 1
29 25
9 6
1 5
33 29
17 53
42 2
48 13
55 18
58 59
26 45
13 30
58 12
20 7
59 20
30 39
7 13
14 24
31 49
48 56
22 2
27 32
56 56
52 17
36 51
42 22
27 5
35 48
18 48
30 24
5 15
56 24
24 56
11 5
14 24
42 14
12 36
23 41
34 57
12 32
19 15
14 15
52 9
30 34
30 13
7 40
14 31
15 46
39 48
58 39
7 55
56 23
29 5
39 59
47 9
49 1
4 33
13 5
29 15
42 21
52 53
46 15
7 9
47 30
10 47
41 42
42 41
33 13
42 49
35 51
17 49
54 49
35 17
39 49
49 13
37 9
49 14
56 4
44 6
48 60
11 11
23 53
54 60
58 21
41 5
31 3
5 44
15 57
57 42
55 6
14 6
11 38
1 21
3 34
9 50
53 19
42 39
60 60
12 3
26 5
48 9
26 20
19 52
31 45
34 33
8 6
44 11
54 20
4 19
54 4
54 34
8 32
38 58
57 43
40 42
17 24
40 59
10 22
25 29
37 47
26 17
15 21
25 20
51 9
42 3
40 41
39 1
41 22
21 25
44 9
34 26
17 1
50 3
60 51
38 23
57 48
45 60
17 22
23 41
5 42
27 36
39 33
19 2
55 53
2 47
28 29
13 10
46 53
22 52
36 32
36 5
54 34
19 46
10 5
24 18
17 1
33 16
16 30
58 36
29 11
15 45
27 22
49 28
17 54
18 31
4 44
33 21
29 15
29 15
54 6
15 42
30 31
3 19
19 16
37 8
26 2
11 56
5 40
25 8
33 12
28 29
57 3
6 35
28 35
27 8
51 39
40 20
5 27
45 9
16 16
6 17
50 20
27 16
57 17
60 2
26 15
12 59
8 34
5 57
40 29
13 55
13 30
5 34
26 17
41 14
35 41
13 39
42 7
60 44
9 55
33 11
18 29
50 39
45 50
60 38
14 29
8 52
60 14
20 56
42 2
29 25
19 23
50 28
20 5
4 7
60 44
25 47
17 2
56 9
43 57
12 22
15 2
44 25
30 34
16 41
59 54
34 46
14 48
49 28
45 4
3 33
12 14
46 28
44 30
59 46
31 52
7 39
47 44
2 25
32 11
9 47
7 29
17 50
29 26
12 45
16 15
19 47
39 33
2 25
47 6
46 45
55 59
41 37
40 8
18 14
28 20
16 49
39 36
20 42
56 40
10 36
2 32
25 11
17 48
43 26
10 42
57 15
57 31
43 58
7 33
12 9
42 55
37 25
11 25
38 32
19 45
43 28
35 16
27 9
55 30
1 23
35 20
26 35
45 6
19 12
39 7
14 48
45 12
17 13
19 56
15 35
44 26
5 17
16 12
48 23
8 44
55 27
9 23
15 40
20 47
36 38
29 35
44 27
17 39
50 31
14 33
3 21
27 6
43 5
4 51
43 43
1 33
40 51
16 6
17 15
7 28
32 33
9 25
41 23
51 30
18 17
44 2
11 31
28 32
32 46
29 12
36 40
46 4
24 28
9 36
15 17
28 15
14 8
14 21
55 13
43 34
39 19
50 52
35 25
30 51
17 2
8 22
2 8
55 54
18 57
14 8
26 8
41 14
26 19
13 58
12 44
58 10
10 53
59 38
12 6
17 18
35 48
55 3
37 3
34 59
25 17
16 18
54 3
53 21
1 29
27 38
19 13
39 51
36 5
8 21
1 21
9 3
60 54
16 45
43 49
35 19
48 31
5 12
31 56
30 15
4 14
53 2
10 14
51 44
58 24
47 45
49 53
43 13
50 20
39 30
59 44
44 23
47 19
32 51
44 5
54 33
12 7
38 11
34 46
53 22
38 57
13 28
20 17
57 3
27 2
48 47
20 29
18 42
24 40
27 26
41 10
23 47
25 5
51 28
56 9
42 6
48 48
55 8
5 23
29 45
43 13
22 30
19 30
2 45
32 7
21 43
55 59
22 12
7 3
35 34
50 19
10 18
9 8
10 37
27 12
53 45
22 60
51 13
50 6
28 28
51 4
21 29
48 33
26 44
16 2
3 30
40 18
19 36
44 22
10 39
38 60
59 24
43 56
4 53
24 2
1 35
57 3
4 25
32 16
44 27
19 19
27 16
2 44
43 47
55 10
10 53
12 54
25 47
32 12
49 33
2 16
23 25
34 38
40 38
59 19
16 8
14 36
13 43
11 1
23 31
46 20
6 25
25 2
13 17
7 10
29 32
42 59
17 46
32 15
16 16
16 24
56 16
12 25
37 4
5 27
7 29
20 20
44 36
4 8
40 26
49 36
10 36
60 32
18 34
2 11
26 48
17 59
50 43
2 48
52 32
9 40
30 58
42 28
38 44
59 20
2 18
7 33
33 56
33 17
53 19
32 48
11 49
49 24
3 33
47 56
53 46
25 60
38 57
52 34
48 20
25 22
11 53
9 54
41 3
3 17
35 44
20 11
45 33
35 31
3 15
28 21
57 35
50 51
3 9
27 14
20 15
18 58
49 44
9 32
52 55
10 45
25 8
54 60
46 58
52 31
49 5
16 20
8 12
8 52
6 43
46 43
49 39
54 30
13 4
29 32
43 43
33 31
36 13
5 31
9 30
52 14
5 36
58 11
52 44
1 24
16 15
44 39
37 22
24 44
43 1
7 19
42 9
59 60
23 56
51 51
34 25
59 23
29 7
52 22
40 53
39 43
7 6
51 50
40 8
23 8
6 43
50 60
53 17
19 6
19 20
9 32
12 29
20 21
28 16
17 44
19 49
16 55
11 48
29 28
52 4
43 25
21 4
48 29
5 41
24 11
6 31
20 52
47 12
35 27
29 58
53 3
45 31
42 50
36 45
24 19
44 11
17 28
5 9
19 24
44 57
39 21
30 57
54 59
59 6
49 11
23 60
13 44
43 54
4 40
52 9
12 32
4 15
5 38
1 18
43 28
30 36
57 45
39 37
46 33
22 42
51 17
5 45
26 33
49 2
16 9
9 49
20 30
57 42
34 17
46 3
38 39
24 49
28 4
28 50
33 17
36 21
27 51
29 39
17 12
15 4
5 13
30 54
59 57
31 17
28 22
11 29
30 28
48 16
58 38
32 57
3 59
38 3
27 48
53 29
12 50
38 22
32 16
4 25
17 35
18 4
46 16
40 21
9 28
10 52
1 58
43 41
26 11
43 31
36 47
25 17
35 44
45 26
35 32
18 2
35 45
6 30
1 28
15 5
45 47
23 48
29 6
48 29
2 15
57 26
29 24
49 9
54 34
2 54
27 11
54 46
42 40
60 10
27 49
31 38
26 31
40 28
39 57
26 40
53 45
46 51
40 55
48 4
1 19
47 55
39 33
9 29
2 56
59 19
34 23
17 17
8 31
37 3
1 9
33 52
25 50
52 29
37 33
15 30
48 28
56 53
14 44
38 18
36 49
59 3
34 14
21 24
20 45
45 55
42 36
42 49
44 8
56 9
47 39
48 19
8 12
17 50
33 50
39 20
12 8
24 45
12 17
30 25
52 21
5 33
46 3
8 52
37 25
3 22
55 43
38 38
55 27
20 10
41 54
46 5
8 52
34 12
49 43
16 59
58 7
46 40
15 5
52 8
45 40
18 56
23 58
22 43
45 27
51 22
43 2
11 56
55 2
23 17
17 4
59 34
21 41
37 2
44 8
13 38
17 26
36 13
27 34
1 9
4 11
49 36
27 18
59 26
15 7
11 8
60 37
56 16
13 6
12 28
38 28
52 20
34 8
60 11
11 7
25 41
24 60
8 31
33 38
20 36
20 6
10 49
15 19
41 17
24 1
23 27
50 27
34 50
13 12
48 37
17 36
56 33
4 58
35 2
27 45
1 5
46 7
11 17
12 40
16 55
16 39
48 37
8 20
23 26
15 39
15 38
8 39
49 21
47 10
47 59
42 42
26 56
32 3
35 29
20 47
26 50
20 21
21 47
18 3
25 53
53 28
39 29
37 6
16 36
15 37
12 56
40 52
43 36
20 19
47 35
31 52
13 42
34 32
45 14
54 58
11 22
31 35
40 40
48 19
21 55
11 28
41 25
2 54
57 17
58 43
38 30
41 37
39 57
51 49
24 42
52 22
20 60
40 19
15 60
23 21
60 41
1 26
31 52
29 19
36 53
34 33
31 29
8 56
60 24
20 4
51 28
5 13
29 59
6 24
7 47
31 53
28 50
12 27
9 52
30 37
13 20
57 32
6 3
5 2
33 54
24 60
14 14
8 45
60 27
16 30
21 49
5 21
18 50
8 11
23 50
13 11
30 42
11 46
41 12
36 39
54 17
44 60
29 28
15 10
57 51
27 10
46 18
32 25
33 57
10 42
37 21
58 8
46 40
39 16
2 55
30 58
32 12
45 45
23 53
48 20
54 35
2 49
38 34
19 41
49 1
51 44
55 22
60 15
26 43
9 7
52 43
30 47
2 59
27 60
52 25
23 8
36 30
29 17
19 36
40 44
33 16
16 34
40 3
43 35
54 48
29 41
41 22
60 47
21 13
2 26
29 50
21 24
35 2
14 38
33 32
57 40
56 41
43 55
20 25
17 35
1 24
32 39
57 22
22 28
12 21
48 57
56 29
34 41
28 12
25 30
34 50
28 47
36 56
48 46
37 47
48 49
31 44
32 59
33 59
7 37
53 46
50 20
51 13
9 38
54 44
27 39
55 53
53 18
39 27
37 4
40 58
43 9
4 18
60 2
39 50
16 60
41 57
29 10
4 6
59 31
29 9
22 52
4 50
13 59
8 9
55 16
2 16
5 44
59 43
59 60
21 30
24 25
34 46
48 43
36 6
56 21
23 10
1 39
38 49
34 36
20 28
8 58
29 20
42 38
35 56
4 24
22 10
29 20
38 24
1 41
19 37
58 4
19 54
56 55
17 46
9 53
35 20
24 54
26 5
14 40
32 44
4 60
14 24
32 14
53 20
19 32
26 37
29 25
31 45
55 55
27 51
27 54
55 14
59 45
5 57
46 32
22 1
1 59
4 29
5 44
40 19
44 51
34 46
60 9
33 23
36 30
36 50
55 33
36 6
22 34
14 50
7 42
31 29
52 30
31 15
31 52
52 33
48 41
10 54
37 37
15 60
37 48
36 27
39 41
28 3
42 17
40 43
49 25
19 10
24 53
53 13
34 51
36 27
9 59
32 4
30 21
42 6
11 20
28 43
4 27
55 55
15 44
10 40
12 17
50 28
27 5
43 33
56 20
47 16
52 20
7 11
48 47
4 39
46 12
15 13
48 2
49 51
13 18
28 17
41 58
53 21
41 23
46 52
28 44
39 11
53 9
13 54
17 18
39 7
59 43
52 43
6 2
45 19
60 9
41 59
52 31
30 57
8 60
3 27
9 60
28 11
29 1
43 10
39 24
21 43
51 40
50 57
52 16
39 30
27 46
1 49
23 9
39 36
59 59
3 49
59 26
17 18
16 8
41 58
27 21
40 47
3 48
15 20
14 34
16 38
28 35
53 39
48 1
60 32
31 25
2 52
30 59
56 53
49 31
36 31
27 25
14 25
44 57
55 47
52 28
4 6
48 29
8 22
42 40
56 21
60 24
40 34
2 36
13 47
48 17
20 4
35 26
51 53
33 3
56 47
36 52
35 6
60 17
43 50
18 26
58 8
35 34
12 18
54 14
17 51
48 9
26 31
15 11
38 46
3 3
40 26
13 6
4 9
3 5
56 59
25 28
