80
3200
23 2
52 67
59 51
56 14
50 43
60 12
79 69
2 51
68 6
59 8
11 17
43 57
69 79
27 20
77 36
27 1
11 64
12 80
4 30
23 12
45 1
16 53
60 62
60 71
75 33
71 40
70 59
30 66
47 73
59 59
2 28
59 1
36 80
47 11
18 24
32 73
76 20
5 80
16 71
5 8
66 40
73 9
31 3
65 21
65 10
2 17
61 1
76 63
37 61
7 69
39 10
9 6
9 75
23 62
48 48
53 79
72 30
67 72
24 41
55 37
9 10
8 40
48 49
74 7
4 25
38 68
68 70
10 23
52 3
10 36
72 14
39 24
6 67
51 61
80 24
8 22
53 26
36 6
40 78
15 44
64 53
26 62
47 69
65 65
22 71
36 28
19 52
9 58
68 66
10 76
48 3
29 68
60 17
80 61
49 62
5 6
16 67
59 64
14 41
44 16
26 40
23 14
67 41
56 28
47 54
10 10
23 55
67 47
18 31
70 69
38 58
16 67
37 36
39 48
4 26
66 35
43 15
27 16
36 40
71 62
56 27
79 41
46 68
22 45
57 62
63 38
21 3
31 3
13 29
77 65
24 72
29 62
62 55
41 49
54 11
66 80
67 19
73 47
67 11
6 50
20 67
61 8
59 31
26 33
32 14
59 25
3 55
78 20
13 74
46 1
77 66
8 25
60 20
16 38
11 40
19 28
14 61
39 76
20 61
6 64
11 32
38 56
46 73
7 16
49 68
44 4
9 60
71 10
3 6
54 73
32 56
40 50
23 52
20 14
52 51
20 78
28 73
70 45
33 71
46 14
45 48
56 52
14 59
21 45
70 45
28 71
2 28
11 7
2 58
39 32
16 76
15 3
50 46
30 32
11 1
69 52
18 41
66 14
59 42
26 71
31 48
80 31
9 79
26 40
66 19
38 42
48 8
33 36
41 45
1 64
32 17
69 46
33 19
29 60
53 51
6 19
35 10
64 43
18 14
21 54
6 77
40 8
56 53
56 3
71 76
54 35
64 66
69 14
22 18
51 66
21 78
28 1
73 26
59 72
59 30
44 72
10 4
23 1
20 9
12 41
49 11
75 39
2 68
4 79
38 33
4 21
52 72
39 22
1 13
19 32
18 31
67 28
53 77
45 79
72 33
15 13
45 19
16 50
7 28
18 41
15 2
63 56
35 7
41 8
65 59
7 79
57 79
62 46
64 70
60 68
72 50
21 47
21 20
31 38
75 58
18 6
44 48
56 18
39 60
40 39
36 49
50 59
2 24
46 45
2 27
46 16
7 12
11 27
69 77
69 33
46 51
66 41
52 31
24 28
3 63
38 67
5 76
54 52
10 42
7 65
46 16
65 49
5 25
70 73
25 59
38 29
32 25
7 71
25 31
39 56
68 32
39 66
56 29
59 41
23 38
70 79
56 4
15 4
60 34
34 34
62 31
30 28
52 9
31 40
62 31
38 28
15 74
12 45
8 13
48 55
51 66
26 2
43 17
5 72
43 80
36 22
26 46
6 28
45 5
80 46
52 78
6 24
5 39
18 69
29 18
37 9
26 37
34 22
8 58
29 39
27 68
36 57
37 18
77 60
20 35
5 47
40 27
30 33
66 73
16 74
47 41
25 26
76 7
42 80
58 9
46 34
2 52
79 61
70 7
70 79
75 1
41 17
44 60
40 39
7 39
10 62
65 61
80 24
41 65
58 44
55 75
64 36
75 3
28 24
1 37
47 71
22 16
45 16
21 24
66 13
73 44
67 57
5 15
3 60
20 69
7 56
32 72
46 59
75 56
7 21
40 13
44 45
1 3
5 38
55 17
2 56
40 74
14 71
16 43
63 32
75 26
23 45
78 30
27 68
62 59
29 11
55 68
41 79
39 38
68 11
5 75
52 47
80 41
12 22
23 51
50 80
21 18
61 64
36 11
33 45
67 57
38 62
32 17
58 45
63 52
59 32
15 39
42 80
62 31
52 67
74 76
32 4
68 16
40 51
40 31
45 9
49 40
58 8
14 59
36 4
25 6
6 19
49 13
16 45
58 74
70 77
55 30
23 64
80 20
9 63
68 30
70 29
7 78
27 13
10 55
36 42
17 25
40 43
15 55
5 79
74 60
56 46
30 27
62 78
23 39
71 1
23 62
36 5
54 28
11 13
55 49
47 7
73 77
24 55
20 20
38 37
75 21
15 3
6 71
44 68
66 30
76 24
15 56
35 20
39 11
55 61
64 25
44 21
47 64
24 73
24 13
8 75
3 47
31 6
40 7
44 43
21 56
22 78
34 54
69 64
6 37
76 12
18 35
25 63
72 5
35 37
39 1
17 63
24 72
61 53
6 14
53 79
28 5
23 35
52 56
21 23
13 67
16 28
38 70
39 77
5 61
2 52
25 3
36 55
79 65
37 45
60 73
78 27
54 37
71 59
10 66
68 11
45 72
56 77
79 38
65 6
48 12
78 10
58 7
56 72
26 53
28 51
21 9
77 76
79 70
51 47
79 22
3 60
1 19
42 21
43 50
27 32
2 10
26 33
53 66
5 16
65 61
57 33
52 72
25 34
5 60
15 76
64 77
45 12
30 32
54 18
76 25
61 32
68 4
42 50
10 1
7 39
56 73
62 44
24 78
1 69
25 8
15 17
11 59
46 73
64 25
7 32
74 52
54 46
40 15
10 45
5 2
34 67
8 45
56 66
76 42
43 70
58 56
12 1
61 68
64 46
33 42
22 20
49 39
46 23
55 50
8 46
35 39
61 11
3 3
27 70
41 42
66 16
44 7
69 53
14 37
28 52
52 43
58 19
71 28
60 30
44 76
58 19
18 54
77 28
79 57
17 30
58 69
9 68
55 50
34 61
8 65
4 8
9 18
38 27
40 65
73 43
42 37
31 45
10 10
40 21
28 23
14 1
59 66
36 66
25 9
1 50
29 38
15 66
32 33
37 78
53 68
33 21
8 65
61 15
56 21
16 34
50 37
70 25
78 41
32 75
57 62
32 7
45 10
35 31
6 54
44 26
5 68
43 34
79 12
19 39
32 53
66 42
61 49
18 76
49 54
43 4
60 34
57 64
8 75
36 39
16 21
80 68
25 53
45 28
54 41
64 22
70 26
24 53
39 8
70 16
59 24
23 17
54 66
42 56
65 57
53 1
54 67
27 11
63 20
51 70
71 47
15 9
62 40
51 12
71 52
10 51
69 54
79 22
9 79
19 49
31 36
56 33
57 30
66 47
3 37
23 50
26 18
72 19
80 56
62 47
35 61
69 64
22 50
38 38
33 25
4 6
65 16
12 20
61 28
74 51
79 80
74 36
7 21
64 16
77 28
47 51
78 50
15 46
14 31
33 36
61 46
29 22
73 41
67 41
16 12
43 74
46 4
56 62
23 44
52 3
76 30
51 24
73 69
57 44
78 32
41 34
38 68
16 75
64 2
30 21
51 63
1 31
41 80
1 65
47 20
61 53
71 38
51 61
76 59
51 30
11 20
26 27
71 15
46 47
13 35
44 8
65 54
12 17
37 38
76 23
16 57
24 3
66 66
27 50
16 32
39 45
50 4
13 50
21 4
80 32
32 7
41 39
33 55
80 18
43 61
13 29
58 35
19 70
67 70
59 9
66 29
77 23
30 7
50 48
42 71
29 7
75 48
24 14
17 53
46 15
45 58
30 26
62 25
25 18
26 55
63 58
63 66
61 17
55 14
49 12
53 18
39 79
80 31
6 42
77 70
71 53
12 40
36 27
36 2
69 77
63 31
67 36
77 62
19 77
11 27
59 44
39 59
52 63
5 71
20 65
64 7
23 80
75 5
33 62
16 14
9 32
3 23
3 39
51 78
79 7
43 67
70 20
55 79
13 40
41 32
32 13
37 43
50 52
70 38
55 22
36 68
74 20
3 20
64 39
31 64
60 26
27 49
12 65
70 20
17 51
73 18
22 75
18 45
65 66
46 12
37 1
67 52
6 7
29 57
52 49
21 15
12 24
59 50
27 8
45 34
58 9
36 8
9 17
42 6
1 8
34 59
67 50
20 60
9 20
66 51
1 39
9 6
64 5
2 68
64 15
56 63
62 2
3 33
23 78
51 29
15 14
67 23
66 35
13 21
57 11
11 50
31 50
76 60
49 22
13 57
67 75
46 36
59 34
65 5
40 59
15 69
58 41
33 75
31 60
76 80
80 9
75 65
55 26
72 11
20 47
77 15
61 13
52 38
51 63
59 9
31 35
65 27
5 35
8 59
28 80
79 7
16 43
10 31
32 13
62 5
33 15
79 30
58 45
69 65
12 54
63 73
16 39
33 34
24 12
34 36
14 21
14 79
46 69
4 68
62 38
53 65
45 1
56 79
2 57
9 2
10 64
22 62
51 16
23 47
72 69
6 80
66 32
15 30
7 72
47 75
31 26
18 79
9 15
58 51
26 27
26 59
31 69
35 51
9 51
63 38
31 28
26 80
33 65
17 70
3 37
39 76
14 1
5 39
30 43
54 78
23 28
72 53
48 6
79 57
74 47
53 13
21 79
33 76
10 42
67 57
45 25
1 60
60 71
22 68
22 13
10 3
35 63
34 21
68 27
22 8
52 61
41 74
21 7
41 66
8 70
67 24
71 41
32 4
45 46
17 38
6 36
9 78
39 41
31 23
34 41
50 67
74 18
20 36
39 22
10 80
32 58
10 66
77 19
79 8
51 37
20 75
54 16
64 75
20 80
30 49
21 37
23 31
3 57
42 62
72 3
25 54
79 78
77 29
79 4
33 38
41 38
6 59
74 60
1 12
74 18
10 61
54 75
28 34
34 56
52 63
60 25
27 55
51 71
73 55
40 44
42 42
2 77
56 78
76 2
52 50
15 8
30 11
27 76
69 6
31 19
29 12
16 40
35 33
13 76
61 47
70 44
9 32
32 22
36 48
57 75
6 28
61 26
27 70
54 29
66 22
8 72
65 19
78 50
1 46
34 17
34 10
21 77
26 46
63 74
36 21
47 57
42 75
4 64
43 50
72 47
67 23
54 7
62 76
54 7
14 12
38 69
41 19
41 50
56 37
47 48
58 20
80 47
71 32
77 42
61 49
61 26
30 35
62 74
41 50
47 13
18 51
38 16
23 33
79 24
25 71
54 35
24 50
7 62
78 32
11 22
62 20
46 30
5 17
55 71
47 37
36 23
37 24
23 8
44 49
77 53
69 8
72 52
21 15
73 38
65 51
72 34
42 29
35 75
58 30
60 62
54 54
6 76
2 71
2 42
49 16
33 59
40 17
32 75
76 72
27 49
43 28
36 33
77 34
51 60
78 35
63 65
77 75
5 41
68 59
5 23
46 75
72 68
46 72
39 63
44 21
57 38
68 2
32 18
35 46
22 59
12 15
15 18
5 62
24 30
22 25
69 14
6 8
52 31
49 48
24 63
76 39
33 77
69 72
19 6
23 48
18 20
70 14
76 5
72 3
43 24
60 15
62 70
75 14
58 8
25 1
32 76
13 11
61 15
58 40
68 45
6 35
56 48
64 66
76 63
70 29
19 36
57 40
21 42
13 18
38 50
37 52
57 11
67 62
71 2
42 1
5 77
40 26
34 14
79 71
79 7
38 34
32 72
17 32
66 35
75 23
68 47
62 69
24 55
71 32
65 68
57 60
5 35
4 20
75 49
18 25
27 11
37 77
38 79
14 2
15 58
49 42
68 49
38 31
15 53
5 69
7 44
28 23
31 50
80 2
45 42
9 73
67 16
59 68
43 69
29 71
63 67
33 16
44 31
74 56
75 31
40 34
74 62
68 2
22 73
2 18
7 28
71 34
32 51
64 4
21 50
73 37
26 63
11 10
47 18
56 43
49 13
48 64
77 49
32 26
53 16
40 8
73 1
3 39
61 18
72 72
71 55
33 11
17 46
79 2
32 50
74 58
59 62
17 2
56 21
79 37
25 80
71 40
4 33
41 8
4 76
3 71
74 7
68 61
6 36
3 1
19 68
58 70
39 14
8 76
33 59
17 61
42 76
74 58
17 1
15 66
46 4
23 22
3 26
49 23
60 69
50 27
72 18
17 68
36 74
29 40
23 44
33 23
11 42
37 72
27 54
14 60
52 17
28 67
20 1
27 76
76 8
65 3
64 32
70 59
60 23
32 11
16 74
12 15
19 52
58 23
42 64
79 70
9 9
17 26
25 68
5 46
66 58
54 55
25 10
62 47
25 24
21 26
43 80
21 11
47 8
34 68
68 24
63 80
34 80
20 27
39 49
17 37
7 14
73 41
69 27
26 74
1 27
33 40
65 34
32 66
25 22
44 66
13 3
4 3
12 29
37 63
38 16
39 2
31 71
16 72
38 69
20 19
70 65
7 45
34 10
13 60
30 33
65 78
57 31
47 8
72 61
6 74
53 28
73 11
21 9
69 48
51 25
9 65
65 76
7 28
25 37
72 6
1 4
75 7
47 38
76 75
9 8
29 14
46 49
24 20
41 12
62 49
16 64
22 63
40 12
69 14
20 37
75 19
23 10
3 73
11 21
70 77
36 34
64 37
34 1
38 79
6 39
38 48
58 61
49 2
73 73
12 40
36 19
52 72
18 22
74 64
32 79
73 39
33 40
58 54
32 4
59 28
73 19
61 47
34 57
67 5
76 70
22 39
65 14
13 25
21 46
9 40
42 9
71 14
71 63
55 46
54 72
59 35
69 40
64 56
48 64
50 19
43 73
53 64
38 18
36 53
19 14
24 59
65 56
9 35
67 16
64 76
50 10
8 17
21 26
75 17
42 11
50 13
56 62
61 68
25 62
54 20
62 11
71 50
75 17
41 1
18 33
16 68
15 60
69 62
14 15
49 69
43 27
31 58
26 27
22 53
60 15
76 21
79 8
78 1
70 22
68 22
47 9
39 79
79 66
55 49
53 62
14 54
31 75
2 12
39 68
76 69
57 41
12 77
7 27
56 38
17 57
49 72
8 6
7 31
25 64
29 8
29 24
66 24
50 4
72 76
2 40
8 57
48 25
45 6
44 35
17 66
66 22
43 74
19 47
11 3
15 71
27 67
60 9
43 8
51 60
30 6
71 80
75 69
67 49
78 39
60 39
19 39
54 73
63 45
62 41
58 24
3 20
38 61
37 67
26 39
5 42
9 56
25 19
14 60
8 52
34 2
44 18
74 74
36 46
52 14
5 55
70 47
10 9
65 53
17 67
37 80
5 54
51 24
75 4
14 57
3 58
78 39
43 26
46 48
63 53
31 72
67 55
32 67
20 2
66 65
67 9
22 69
51 52
14 32
39 76
16 19
42 14
68 65
5 58
16 30
20 72
21 77
5 18
77 57
22 80
64 66
64 6
24 57
2 11
54 80
54 42
65 23
48 17
21 76
41 19
60 22
65 79
66 19
39 43
57 61
32 57
70 50
79 42
27 56
26 48
76 43
68 42
26 38
59 72
60 73
17 49
18 48
1 14
53 8
56 42
54 42
73 32
13 51
17 12
25 49
43 9
33 73
22 56
14 78
19 72
67 49
53 47
32 33
70 75
29 25
67 62
53 39
48 49
38 59
36 51
66 30
51 27
52 56
13 22
76 67
35 73
44 52
6 29
51 30
59 55
24 11
55 32
45 67
35 36
61 58
33 3
75 8
43 29
3 36
64 4
76 13
80 74
23 14
42 31
46 15
77 16
19 62
27 46
41 31
57 8
64 25
4 37
26 51
65 68
17 45
52 45
44 45
62 37
33 30
79 65
75 34
66 48
59 19
49 44
52 49
45 78
44 39
5 35
39 33
30 13
53 40
50 5
47 14
60 73
34 60
36 60
57 77
58 36
51 25
34 30
78 20
42 39
14 29
27 32
22 44
19 61
34 62
46 33
42 17
53 39
72 74
38 48
38 16
30 62
51 53
26 79
38 39
7 63
78 27
42 45
49 46
27 16
30 58
6 18
40 51
19 76
50 68
25 58
1 77
8 25
73 11
4 41
26 49
33 41
18 12
32 9
73 68
48 24
69 26
56 42
79 21
5 74
8 1
58 21
62 79
32 46
22 56
65 20
8 54
37 19
53 54
51 71
46 14
47 49
11 72
23 9
51 78
3 69
32 29
65 43
50 47
12 2
9 57
67 37
37 57
45 58
17 25
33 26
56 57
69 44
1 70
79 34
51 34
76 69
27 45
42 58
74 9
11 19
42 78
5 70
22 2
20 21
69 37
52 79
65 73
51 47
11 5
23 64
22 74
38 9
49 58
70 17
30 50
77 49
64 35
35 43
60 30
75 78
44 53
30 25
36 16
15 6
76 71
48 3
51 32
80 8
71 21
60 22
19 2
41 77
41 8
60 57
33 56
3 28
56 70
2 6
68 17
40 3
50 9
52 29
76 67
43 17
64 36
17 27
25 1
1 60
11 62
42 62
46 14
56 76
10 31
42 22
34 29
38 5
7 8
17 74
19 31
6 41
5 24
22 53
43 27
79 14
80 36
71 51
58 64
76 37
2 44
3 49
42 32
6 46
25 71
44 77
8 80
1 7
42 77
39 11
25 79
74 12
24 78
76 4
62 13
4 2
22 53
2 61
10 76
33 29
14 10
57 53
71 64
71 17
37 13
38 75
59 56
70 15
16 2
15 67
61 63
55 52
71 45
58 17
27 7
34 29
70 55
71 5
16 30
18 66
40 11
64 1
39 43
43 57
44 35
3 15
38 43
5 1
78 43
31 61
80 45
72 75
5 54
63 64
10 66
72 45
27 37
18 4
17 5
6 21
72 54
14 26
77 60
59 43
13 56
52 27
38 13
32 23
36 77
19 51
59 17
69 53
7 66
1 35
9 60
75 12
39 4
27 28
57 43
29 41
61 29
28 7
74 72
37 14
36 15
58 51
24 65
5 64
76 54
29 63
1 61
55 53
67 19
20 56
56 30
25 11
45 14
38 19
73 57
55 41
31 72
44 9
61 2
63 61
68 41
20 45
63 74
73 14
46 11
35 6
72 28
20 6
42 35
51 2
2 79
42 65
40 21
24 75
64 17
50 40
59 7
30 3
62 74
63 67
44 71
9 51
24 11
44 79
72 57
9 61
44 71
12 70
35 15
41 6
77 75
47 64
66 8
33 34
57 60
53 27
68 60
34 63
39 43
1 30
79 67
78 35
22 78
71 7
48 33
25 17
20 68
63 79
72 33
17 79
30 37
76 12
45 58
48 64
4 13
56 24
79 62
43 80
54 21
74 36
56 54
24 36
22 27
12 79
28 34
46 2
36 9
76 5
59 55
80 8
43 77
59 40
2 24
23 14
56 29
48 58
43 76
11 11
63 16
3 66
12 64
12 12
74 8
42 11
43 22
39 12
23 69
49 13
12 21
73 77
6 65
75 48
58 26
31 30
74 79
54 72
73 36
22 60
62 42
25 43
22 31
71 17
54 19
52 39
65 45
13 22
17 12
50 13
22 75
76 19
57 3
38 24
20 29
40 67
71 54
80 68
24 68
39 23
61 34
64 29
78 10
77 68
43 46
3 63
65 40
21 63
53 35
48 58
60 51
59 12
45 67
27 56
63 28
56 22
42 47
76 65
25 76
24 61
30 47
42 14
59 19
11 22
33 29
60 20
47 10
71 27
72 35
75 39
12 79
45 6
37 61
6 24
49 41
49 33
71 66
59 68
42 74
45 79
63 49
16 29
35 32
8 49
70 64
41 25
25 35
17 71
45 60
54 14
67 60
30 64
13 78
36 27
18 18
20 71
29 69
59 57
25 48
52 4
71 25
22 15
38 28
53 26
41 65
79 27
24 71
51 17
9 16
4 8
36 32
25 40
12 33
16 36
71 14
47 61
42 61
27 62
38 13
39 70
73 29
51 1
71 18
77 74
74 11
55 43
30 77
20 77
55 38
23 21
78 14
48 53
53 38
18 24
45 6
47 10
14 9
43 78
72 22
64 21
1 54
54 52
55 55
70 59
62 62
4 48
22 55
8 35
32 46
33 57
56 20
15 40
73 41
34 64
38 23
12 17
50 38
33 63
75 61
7 56
36 44
58 56
59 69
71 59
56 37
18 30
58 37
8 68
44 50
56 51
10 73
69 9
9 46
71 73
36 77
12 14
43 76
20 66
66 61
59 48
74 34
53 1
18 23
71 22
26 40
37 47
42 61
51 67
78 1
57 70
30 36
37 37
6 54
20 51
25 1
21 77
57 79
46 65
72 28
36 51
74 2
3 56
25 47
35 11
19 52
32 57
35 68
50 56
18 42
69 60
40 78
70 63
36 31
5 32
75 40
80 44
6 56
79 64
44 24
47 51
18 76
72 15
37 24
48 57
39 67
76 39
36 11
37 69
19 35
68 53
46 58
32 4
28 72
68 45
31 56
56 57
76 65
4 51
46 79
4 44
38 37
16 13
34 31
25 25
40 57
75 76
21 72
74 67
2 11
56 67
13 47
49 30
80 48
75 18
63 52
53 40
44 53
79 47
70 49
80 19
27 12
33 34
23 2
22 27
18 59
39 7
54 16
36 64
64 74
33 47
46 35
51 76
7 29
39 10
2 25
76 13
28 30
75 41
65 9
17 26
23 27
58 36
15 71
69 33
21 57
59 26
69 74
3 62
54 30
56 11
45 73
33 65
80 67
65 29
62 56
53 52
72 26
73 8
52 37
51 11
47 6
36 69
71 42
76 69
34 52
54 74
52 57
41 23
41 8
64 39
53 38
5 80
48 43
41 10
7 43
7 30
13 58
62 53
79 16
11 71
34 25
66 24
50 37
78 29
46 52
74 46
58 74
61 58
61 61
71 57
59 58
44 67
78 57
14 68
7 78
61 69
68 2
54 33
26 63
20 43
69 79
42 3
12 80
22 16
59 25
37 10
71 29
51 23
58 7
63 65
59 75
13 13
67 68
78 26
25 58
4 10
69 28
3 69
46 59
77 34
41 11
76 1
40 39
2 74
40 38
2 68
61 56
57 65
4 76
34 45
77 61
14 71
34 29
41 20
2 47
26 80
1 53
2 55
45 9
11 33
42 27
64 8
19 58
36 15
12 51
65 55
7 58
7 63
77 11
50 34
64 16
9 65
61 9
23 34
39 5
60 57
46 23
79 1
40 54
47 67
37 55
8 46
75 52
10 59
44 47
2 75
48 13
16 78
47 4
30 66
31 22
51 38
24 43
9 31
29 78
53 79
47 4
3 38
71 79
42 23
26 54
60 68
7 25
6 9
30 78
65 74
19 46
72 1
47 55
25 77
66 24
70 15
64 20
30 32
74 65
19 54
30 8
1 2
12 70
59 4
65 75
38 49
28 10
69 50
10 51
21 42
60 17
55 18
45 9
32 57
52 37
2 42
18 26
56 5
57 44
70 71
54 67
15 45
34 77
2 70
35 17
5 28
65 64
60 56
18 70
73 80
3 23
56 6
17 3
72 56
56 53
34 80
27 28
79 39
42 56
38 52
46 57
37 52
75 29
11 59
5 27
10 1
62 11
28 11
22 16
10 41
40 12
12 65
41 73
50 77
23 45
37 38
10 50
30 27
74 40
65 72
39 31
49 10
21 25
51 12
68 13
17 29
48 64
24 36
61 59
4 52
67 63
8 76
14 17
3 24
61 12
52 17
74 64
56 39
37 14
71 19
61 31
25 51
10 80
1 6
64 53
31 31
7 32
69 48
63 17
58 50
7 75
14 55
4 64
71 15
48 59
30 73
55 49
44 64
66 7
15 71
2 76
35 61
8 13
17 46
18 59
61 26
70 57
36 16
15 35
42 24
60 30
60 64
52 36
35 73
12 64
34 52
68 68
41 36
27 58
1 14
51 23
65 62
57 43
42 3
6 46
43 58
42 69
61 6
9 39
24 26
22 46
19 63
59 71
39 60
64 66
22 69
17 72
54 60
44 70
78 53
51 27
31 52
22 28
60 58
2 39
20 69
57 60
62 8
8 9
14 32
77 6
10 55
68 50
50 9
43 25
51 5
70 33
7 61
70 70
61 55
67 45
43 31
63 6
33 26
18 29
70 58
76 64
41 30
49 9
33 63
44 10
24 44
19 13
53 23
67 42
25 49
42 55
6 31
32 57
65 70
73 5
55 80
39 50
71 63
41 22
38 21
43 42
61 61
79 78
58 1
35 74
4 71
22 18
63 30
45 67
55 24
63 12
26 45
62 30
13 14
74 29
62 30
48 51
26 53
30 77
65 18
4 1
4 56
5 12
21 12
78 14
27 55
78 70
63 38
25 59
52 68
26 80
35 25
19 1
80 29
80 66
41 35
50 55
46 58
60 4
65 20
19 31
18 76
21 7
25 39
29 61
26 53
33 46
38 7
45 65
53 73
42 74
50 60
49 71
39 75
62 39
36 49
65 14
61 21
30 67
17 31
42 34
76 46
79 16
65 76
63 12
27 80
15 2
78 45
25 44
77 8
53 32
71 41
53 75
4 12
26 23
45 34
74 57
38 22
32 61
31 27
80 17
56 76
73 5
5 50
24 47
78 40
13 66
6 72
3 29
78 58
33 9
12 54
75 40
47 47
58 74
25 21
16 32
46 77
1 53
1 79
23 66
59 69
55 45
49 13
49 11
28 57
3 5
22 11
2 50
45 17
25 80
3 4
2 31
1 66
68 66
64 76
55 60
4 16
16 67
66 4
18 58
1 76
80 43
61 31
24 28
15 9
21 55
69 41
74 72
9 7
9 60
66 67
33 12
63 66
58 13
24 62
16 78
67 43
34 60
71 59
21 53
7 13
51 78
69 53
14 32
23 60
28 25
49 77
8 27
73 44
37 37
55 67
27 80
12 13
26 58
52 2
57 73
61 65
68 5
2 3
26 78
27 68
47 9
17 9
57 62
66 38
59 22
78 59
49 17
46 3
22 33
38 79
71 44
39 34
25 38
63 17
56 21
11 4
53 54
51 74
64 71
41 51
28 46
75 61
42 45
64 8
71 80
62 66
16 38
59 79
18 72
34 16
54 39
73 80
51 2
15 66
32 70
38 30
59 5
79 26
31 4
75 52
62 54
74 47
18 34
47 45
59 35
8 40
5 49
70 38
2 46
35 19
11 6
25 28
53 26
56 77
25 20
60 62
53 18
53 57
64 31
26 3
22 26
62 35
49 2
71 40
74 69
34 67
69 7
20 46
58 56
9 67
39 6
56 18
48 63
46 29
54 42
38 16
23 72
41 15
62 61
80 23
71 61
42 6
38 1
33 6
74 11
64 53
64 38
77 15
63 66
30 32
15 57
28 26
39 59
35 5
54 66
1 59
79 29
28 60
40 59
3 52
14 79
39 5
35 34
22 43
23 22
8 43
80 25
41 32
71 41
2 65
29 20
61 7
4 52
20 75
53 23
19 19
17 54
21 13
76 31
18 80
51 33
32 39
8 61
39 8
2 17
48 77
30 10
76 12
72 3
19 40
20 30
39 71
74 40
58 71
59 14
77 30
12 69
38 80
79 78
20 31
47 48
53 24
35 39
68 15
65 10
43 78
22 40
39 68
68 49
28 48
58 77
31 4
7 42
54 44
23 28
70 53
6 16
10 26
40 1
54 43
25 12
13 7
43 68
67 45
35 3
70 39
31 41
78 43
45 79
1 23
22 66
52 49
71 62
56 52
59 36
10 18
66 11
76 3
40 4
43 49
54 43
71 32
55 34
20 61
65 52
13 38
75 18
59 17
39 73
32 31
37 10
47 38
60 19
33 29
51 67
16 3
5 58
77 21
17 4
76 63
72 79
66 40
42 19
26 72
49 74
4 43
5 6
72 73
46 41
14 78
13 65
42 23
18 7
24 54
8 41
45 41
44 2
36 3
60 33
57 19
10 75
12 56
33 38
56 6
12 4
3 30
27 32
2 40
31 42
33 31
3 32
45 56
58 29
72 54
53 63
29 18
72 23
62 4
79 1
20 79
63 54
3 55
12 27
38 23
25 64
7 3
21 17
31 20
33 19
45 71
66 22
78 41
58 4
37 67
22 11
70 27
52 17
25 17
75 52
74 10
43 57
23 76
53 55
57 23
9 76
29 43
38 26
58 16
19 23
46 47
57 78
62 62
68 30
32 75
67 30
57 9
66 58
41 56
45 66
64 33
22 10
27 24
32 2
44 10
48 75
13 40
50 80
33 32
4 20
2 77
73 54
42 77
58 65
55 15
55 42
13 35
5 5
67 39
31 50
41 24
31 49
39 37
13 48
9 31
35 33
43 45
18 29
14 33
73 18
43 17
15 71
77 66
11 59
73 25
2 1
64 33
19 79
63 16
24 49
13 13
15 4
32 5
79 18
61 40
12 67
60 47
1 70
40 49
7 9
77 45
56 11
46 29
32 11
3 14
56 50
61 43
62 46
19 4
15 72
53 75
48 75
74 52
22 25
59 22
80 16
79 26
