80
1920
19 5
15 45
79 63
5 40
79 56
42 62
54 32
23 46
8 54
23 37
55 74
11 7
44 76
37 3
32 44
41 65
27 55
1 66
78 29
47 68
18 57
41 52
5 51
5 57
64 32
60 42
58 79
3 63
15 26
42 32
42 11
44 15
45 57
14 71
50 36
15 21
60 35
23 18
39 73
65 80
32 47
17 74
6 42
58 2
69 38
6 13
1 47
80 9
38 20
23 60
8 17
13 26
21 74
1 7
70 15
69 26
15 64
1 74
69 21
63 68
34 55
47 35
62 6
33 37
12 1
40 30
25 39
30 75
19 32
61 7
75 27
8 71
8 39
6 2
7 26
21 25
1 56
32 4
34 43
68 7
50 25
17 71
23 15
44 23
55 17
25 68
70 6
2 15
46 69
15 12
78 20
23 34
53 55
1 5
28 66
71 18
58 37
40 36
26 34
69 36
8 46
4 17
4 77
70 78
52 66
44 11
4 41
38 68
64 35
61 17
49 42
11 69
31 66
31 78
3 69
67 35
3 70
62 73
31 32
80 19
40 68
33 20
77 40
17 54
8 46
57 13
37 56
1 77
75 80
76 27
23 71
49 3
14 34
13 51
40 4
74 65
39 43
19 57
27 58
45 14
41 72
60 68
68 31
6 62
79 66
36 11
26 37
38 34
52 41
64 9
56 2
68 3
53 34
66 65
64 49
75 67
69 41
40 64
76 71
12 26
71 14
73 15
36 72
56 19
53 61
8 79
15 54
5 64
37 77
19 39
40 21
58 40
28 48
52 79
78 22
14 34
9 78
70 7
56 64
4 33
22 42
72 28
9 38
24 72
70 53
78 44
67 27
36 42
73 43
75 67
43 45
62 34
71 10
18 19
49 46
17 62
68 77
57 12
56 19
21 43
30 36
7 74
29 76
24 66
23 33
55 15
7 47
2 34
55 76
31 78
34 73
33 26
80 68
56 75
58 62
29 25
79 20
39 41
9 14
47 70
32 33
43 35
27 39
70 31
64 49
1 46
56 7
67 3
60 2
77 37
13 13
7 46
56 57
14 9
4 10
24 59
52 23
13 70
5 15
12 6
39 25
69 23
30 61
47 11
24 42
64 54
57 18
63 14
33 50
53 6
4 23
10 18
39 13
44 70
78 76
29 46
23 5
74 71
41 12
72 17
43 17
7 56
20 25
35 21
5 72
6 42
79 41
68 35
71 36
39 65
10 17
53 48
50 74
47 40
41 60
49 67
23 43
43 51
61 58
78 19
62 43
42 54
18 54
77 24
4 52
44 4
53 22
22 68
16 66
70 11
55 79
25 66
6 63
14 71
45 13
25 68
55 59
59 24
58 26
49 12
50 69
43 57
53 53
66 8
63 50
5 32
28 27
47 22
74 40
50 25
51 21
72 41
47 57
35 35
7 58
74 68
71 1
46 9
56 26
10 46
40 80
32 16
17 53
74 59
26 27
59 30
62 70
41 23
58 15
66 39
65 30
75 66
42 28
47 4
63 41
43 76
66 45
9 60
10 40
2 8
58 62
64 58
54 37
16 25
46 14
77 34
53 13
17 38
40 68
47 78
45 68
78 31
54 11
65 80
9 77
49 33
15 80
58 32
63 71
79 7
34 63
47 39
35 34
71 39
46 2
73 25
49 28
23 43
33 30
59 80
31 24
71 3
21 37
35 58
7 31
79 68
33 53
13 69
38 56
73 71
7 54
22 62
76 21
73 79
22 27
24 69
37 11
14 44
6 35
75 18
20 56
39 7
65 47
64 37
13 39
54 8
28 21
57 58
56 17
24 74
6 26
72 26
11 74
13 10
22 10
76 49
30 17
66 38
14 53
59 6
57 61
77 12
13 5
75 53
24 68
3 9
65 65
71 69
71 14
33 51
10 4
73 50
67 45
70 61
9 45
71 13
53 32
38 57
3 29
14 52
23 43
5 3
71 46
77 17
33 68
73 19
65 39
26 70
34 23
27 60
69 63
29 5
5 53
52 56
55 63
51 56
53 43
12 11
13 43
37 68
10 7
40 16
75 30
20 12
33 46
49 28
80 16
60 18
74 42
41 69
23 3
16 24
63 16
27 68
77 69
24 63
66 28
65 59
34 22
65 41
69 11
18 60
43 64
1 12
11 3
5 38
44 28
5 16
73 75
67 79
33 47
14 11
45 2
74 3
38 13
52 75
72 44
72 63
41 68
2 57
56 78
65 16
17 36
54 38
30 33
30 13
30 7
79 29
51 33
16 72
10 64
11 44
7 21
2 11
71 4
36 46
60 13
35 28
64 48
49 63
22 71
15 24
27 80
59 56
24 12
27 6
58 54
3 25
48 44
74 64
77 24
15 57
41 58
34 19
67 64
67 37
51 1
1 11
19 24
67 24
22 57
57 11
72 10
12 73
30 47
47 31
61 56
25 38
15 18
11 75
26 24
79 55
30 8
11 58
38 29
39 71
15 54
56 50
72 54
16 10
28 77
27 29
18 12
7 18
12 69
70 25
74 47
19 80
77 54
53 50
34 49
74 29
79 80
23 12
58 58
29 3
69 40
50 80
23 26
70 63
76 42
37 34
67 73
55 18
3 45
53 76
39 28
72 10
21 17
60 14
22 52
80 75
29 26
9 60
72 45
40 48
79 15
33 62
63 6
38 68
67 36
28 69
26 44
75 72
25 17
10 17
13 34
80 74
21 75
53 68
53 8
76 68
30 40
8 12
32 24
22 22
17 37
23 51
16 59
48 70
49 21
5 9
35 30
76 54
19 50
48 41
29 18
49 35
45 47
54 18
46 28
66 14
79 17
46 76
19 36
75 60
41 19
10 62
21 57
37 55
33 70
41 60
75 45
2 24
7 5
80 37
20 5
13 24
74 65
42 73
42 7
29 22
41 63
42 10
61 30
24 54
75 28
26 9
46 16
71 57
45 57
21 29
42 36
53 4
47 55
16 22
33 20
65 23
4 74
30 76
21 10
75 62
50 70
73 77
11 26
80 65
20 19
63 44
62 48
29 46
17 74
45 15
73 8
14 27
18 51
35 70
74 10
68 14
29 2
49 34
55 59
3 76
35 35
21 80
2 77
26 65
26 35
26 34
24 79
33 55
65 76
6 5
2 44
16 34
56 67
51 60
43 56
23 12
79 42
3 51
40 7
8 27
19 32
6 49
72 23
77 4
6 18
33 67
56 47
26 54
61 80
73 69
26 63
41 64
25 45
27 54
54 25
42 37
53 37
22 7
53 18
32 55
53 12
70 56
79 37
30 70
12 52
19 66
21 78
32 11
50 60
36 14
21 26
3 77
23 49
17 15
8 33
77 42
75 12
18 47
24 32
10 42
5 40
35 47
79 74
27 9
29 6
37 15
20 46
41 65
4 58
63 17
52 28
78 2
64 66
24 31
15 59
46 67
78 26
63 66
53 60
80 13
13 22
28 66
28 71
45 52
80 60
62 59
53 74
51 75
16 45
68 70
6 61
41 26
73 40
36 46
54 76
13 13
7 57
80 26
16 59
60 8
71 3
43 51
10 15
16 21
54 3
57 16
48 44
27 33
68 35
59 1
34 36
72 38
10 69
40 22
15 57
68 17
19 20
1 11
63 73
16 31
49 72
33 80
20 65
13 9
24 53
3 76
5 62
74 47
12 66
44 52
49 60
60 62
56 24
29 36
64 54
49 37
11 61
9 12
17 26
8 23
23 25
7 67
42 48
8 2
52 77
33 15
74 10
31 26
78 14
60 33
46 74
57 57
55 51
63 5
36 76
30 45
76 43
48 37
59 28
33 66
64 5
23 15
62 18
12 71
20 43
2 64
12 47
67 22
7 21
25 55
9 22
28 50
65 71
61 3
52 68
6 11
52 57
1 27
57 33
54 10
68 62
16 26
61 35
57 52
66 28
32 72
36 72
75 62
64 44
67 20
75 73
62 59
61 63
14 21
20 73
29 47
80 42
50 67
46 28
8 36
29 8
3 3
70 65
22 57
15 50
10 53
43 63
37 21
16 43
24 43
34 14
50 27
62 74
41 47
13 8
29 45
73 42
50 4
16 61
8 32
75 71
34 73
10 7
37 37
30 64
44 2
40 50
21 17
43 37
33 24
3 35
54 66
41 31
30 14
38 78
41 59
22 34
53 15
44 19
31 11
66 19
8 64
72 45
42 17
72 58
22 63
56 52
3 56
57 46
73 49
79 19
62 34
10 33
24 40
62 25
50 79
44 3
5 68
79 43
21 3
77 75
80 70
48 69
75 44
33 70
65 62
13 68
65 59
27 8
46 79
50 45
80 70
15 13
4 74
12 38
53 14
30 72
4 20
60 30
68 64
17 5
57 48
39 28
32 40
39 19
4 69
10 72
52 18
8 62
73 8
64 34
5 12
15 5
44 8
52 79
64 7
8 43
51 52
79 56
6 58
21 51
63 26
13 44
63 13
45 2
34 49
38 59
25 4
37 67
16 11
67 50
43 72
44 6
51 75
45 15
1 31
75 14
38 15
38 33
8 55
47 34
24 38
3 30
65 34
44 6
14 51
21 24
20 33
21 9
24 28
38 77
70 13
6 20
65 13
4 57
51 67
38 7
70 20
49 61
15 4
73 23
13 21
34 34
17 9
27 37
35 31
28 9
1 49
79 14
38 48
17 37
31 40
80 75
18 74
41 35
59 14
20 79
41 22
44 41
47 31
65 77
69 50
29 78
11 3
47 65
2 17
31 52
76 23
30 37
24 59
71 65
3 37
60 33
35 44
78 59
47 21
15 58
41 56
28 64
50 2
30 33
17 20
13 34
17 28
26 77
78 59
57 16
8 11
40 74
54 71
31 7
77 47
78 64
8 20
44 46
34 41
43 63
27 75
29 30
26 30
51 22
26 36
38 2
37 18
23 13
76 67
2 78
10 58
50 60
12 42
55 51
75 35
68 5
73 58
25 36
44 48
55 53
19 7
57 58
13 62
73 28
22 31
78 61
60 68
48 43
30 79
30 52
57 28
53 20
23 51
18 62
25 24
66 41
15 22
74 60
73 56
77 5
4 7
45 6
35 46
79 51
1 45
68 24
44 24
64 34
21 56
26 14
56 33
7 48
14 6
63 30
28 9
78 27
53 9
15 29
75 79
42 60
1 65
11 39
49 21
73 64
1 47
60 50
6 62
69 25
23 17
26 44
52 9
70 64
47 60
16 76
22 55
53 22
1 77
3 18
29 66
3 55
24 61
41 20
29 54
37 48
39 10
10 25
2 10
9 62
37 47
11 26
60 20
26 60
15 71
20 38
74 64
49 29
58 30
3 21
5 64
11 62
36 33
25 57
2 51
38 61
62 67
32 69
67 19
19 73
12 58
39 29
23 59
55 18
65 60
56 40
5 8
40 41
19 28
79 2
46 35
60 78
22 20
71 80
51 74
18 65
71 10
43 11
48 25
39 46
25 47
29 34
17 67
14 38
10 15
13 71
14 66
74 43
40 58
23 62
30 80
16 78
25 59
15 62
24 60
41 32
12 14
6 53
26 15
4 34
75 12
56 73
18 6
16 2
12 36
32 30
78 33
64 68
62 37
75 30
6 14
47 23
25 23
9 28
42 79
28 34
59 9
60 2
10 40
11 72
69 68
33 20
13 6
31 75
31 67
22 72
21 36
73 24
1 50
56 15
60 54
7 62
48 18
55 68
14 35
29 20
32 56
48 55
62 14
61 38
48 30
24 10
51 30
10 61
23 8
52 20
54 75
34 10
33 47
48 44
27 70
56 40
6 64
11 31
42 15
49 14
39 78
16 21
35 75
44 41
55 46
41 64
8 78
23 53
50 21
8 45
76 22
71 69
38 22
43 22
64 32
10 10
21 25
43 16
28 49
69 30
31 62
57 46
51 3
39 30
23 38
34 53
4 49
25 54
36 32
48 6
28 77
16 33
48 72
54 57
23 2
50 46
50 46
48 66
28 25
58 54
77 68
73 27
35 47
45 43
48 13
45 75
17 53
20 27
49 10
5 11
25 19
78 61
17 64
16 13
68 73
3 30
30 15
23 39
39 33
66 60
77 60
2 2
19 37
19 9
8 31
21 42
70 65
22 44
21 33
66 42
35 71
10 31
18 56
53 73
68 22
79 69
17 48
14 70
78 10
14 33
58 58
61 60
30 48
55 56
59 19
18 79
68 23
61 46
26 21
70 19
46 77
18 13
16 35
37 20
73 27
34 28
55 24
30 41
57 7
47 24
24 20
23 45
53 5
11 50
41 57
78 58
13 1
12 11
67 20
54 43
17 31
12 61
21 63
9 22
64 14
66 30
20 8
14 68
2 69
30 9
55 42
18 37
31 51
66 59
34 35
11 32
36 29
11 59
4 31
65 56
79 48
32 60
10 38
68 58
10 73
73 79
63 55
4 45
22 47
23 18
68 32
53 3
63 34
33 48
42 53
74 6
68 4
33 33
51 75
53 28
78 26
8 33
35 18
73 25
13 22
17 69
50 58
6 80
23 52
12 71
15 12
53 38
27 54
50 18
69 2
79 39
79 63
35 23
44 71
62 16
37 52
29 5
13 72
64 36
77 57
34 46
11 79
4 49
21 63
76 15
51 23
50 54
49 6
48 73
71 35
67 3
14 27
69 9
5 12
35 68
20 5
68 79
64 10
6 30
64 19
67 6
15 43
30 18
58 43
67 75
51 21
8 67
64 37
52 63
71 24
22 42
75 42
52 32
8 64
44 13
24 37
61 75
46 51
68 3
37 4
68 41
28 67
23 14
48 21
39 64
30 67
15 34
5 7
25 49
69 18
5 67
35 58
32 80
51 19
56 29
63 51
16 39
61 64
31 4
34 6
17 48
79 1
14 43
15 61
17 29
43 58
16 24
36 13
71 26
16 59
79 23
7 57
74 4
7 75
32 73
74 56
79 1
75 9
24 72
65 31
71 34
33 77
44 41
74 7
75 64
75 43
3 72
79 40
48 8
48 26
53 46
28 4
54 10
76 7
78 15
5 60
43 40
18 51
80 75
79 3
32 1
39 74
27 50
68 46
27 59
48 73
6 49
2 25
42 66
42 68
77 53
37 36
38 33
34 36
4 59
70 74
42 25
64 63
11 45
21 40
54 50
55 3
54 49
63 60
59 62
44 71
24 59
32 28
60 2
12 30
10 34
63 35
75 80
17 22
56 67
34 25
74 34
35 45
5 62
30 29
24 48
74 57
21 63
44 25
63 36
63 74
61 61
38 8
11 47
46 59
53 9
26 23
68 62
62 11
39 10
39 24
14 54
24 79
12 62
76 3
53 38
16 51
61 74
77 3
74 45
20 64
41 63
32 39
23 6
7 27
68 75
27 51
9 6
4 25
68 57
23 7
78 78
12 21
66 49
2 75
65 46
6 6
16 28
15 44
13 68
55 67
19 38
18 72
49 59
1 22
63 19
31 39
31 3
8 49
15 19
34 44
66 42
70 52
60 50
20 32
54 15
18 18
6 33
62 16
41 57
25 42
60 15
4 17
32 35
70 54
39 5
61 4
24 63
36 56
2 79
8 54
65 32
76 20
33 30
58 41
11 58
72 9
33 13
48 50
52 59
57 19
17 67
30 16
52 52
78 24
54 59
18 42
27 32
62 49
31 3
31 23
2 44
76 16
37 8
28 67
36 1
12 79
41 22
66 33
1 20
4 5
52 32
75 30
31 71
27 19
36 40
53 1
41 66
48 56
1 68
41 65
63 12
28 79
28 5
35 33
27 63
75 42
2 22
32 69
6 48
53 22
70 3
50 28
50 36
42 30
3 38
65 2
20 13
52 5
16 54
34 1
46 41
31 77
23 1
55 44
20 65
57 36
4 30
4 43
67 40
38 40
70 49
48 77
4 19
28 34
32 51
36 31
27 73
72 8
31 10
77 54
50 12
51 56
42 55
13 75
34 76
45 65
15 48
55 49
69 22
67 58
22 50
14 7
51 55
74 4
35 40
15 51
17 77
40 39
78 48
30 70
37 72
63 56
63 14
11 12
63 1
70 4
47 59
68 24
13 4
60 39
34 65
58 5
75 12
37 50
4 45
50 18
40 80
66 38
74 64
38 23
18 37
68 59
34 1
20 17
41 79
27 56
19 56
65 41
78 51
66 48
22 21
73 16
6 20
67 4
13 16
51 32
6 46
35 74
41 46
24 53
24 49
24 15
2 76
55 56
57 62
58 4
26 68
43 77
27 51
8 11
40 69
80 2
12 30
71 58
57 63
54 70
67 20
72 25
46 10
11 77
27 37
30 66
43 74
61 77
3 32
62 43
54 24
27 43
70 22
70 49
75 62
59 68
4 40
53 38
55 80
71 59
75 68
75 29
60 30
22 34
5 59
37 49
40 62
43 54
24 64
21 36
33 10
40 4
48 61
50 54
58 72
16 48
71 65
21 57
48 67
59 79
23 67
4 33
62 21
70 58
58 65
56 6
62 57
13 59
32 49
8 35
28 67
28 36
33 44
3 48
75 61
11 22
58 1
31 39
59 4
8 48
73 54
11 38
77 67
29 62
77 57
31 26
70 35
33 55
42 65
13 12
72 16
68 9
69 77
24 50
33 74
4 73
26 74
4 67
29 61
21 2
51 31
53 65
33 27
17 7
77 70
53 34
70 15
40 12
10 67
24 47
