80
512
2 56
47 3
53 42
46 44
30 33
60 50
57 14
36 29
36 70
29 43
32 40
2 42
12 60
60 50
61 22
8 31
75 72
71 6
37 74
27 34
17 64
60 26
52 9
54 28
17 21
76 37
54 68
55 68
6 37
44 8
70 31
55 39
53 36
73 69
48 18
59 62
71 73
74 67
43 77
17 53
3 30
30 62
72 57
28 77
19 42
36 34
14 67
71 74
76 25
5 59
23 53
7 35
75 9
35 37
31 61
76 63
36 79
40 46
78 80
57 61
20 39
68 49
57 51
65 77
15 58
10 67
5 12
60 67
29 63
27 73
36 4
55 42
17 68
3 19
24 64
57 15
54 7
24 79
58 38
67 6
28 70
38 49
4 48
27 6
18 63
21 17
57 7
57 49
71 58
54 28
71 14
61 9
44 57
23 18
48 62
18 62
9 22
3 17
35 19
55 7
23 54
69 13
71 36
16 2
43 12
73 3
5 73
44 17
52 22
73 66
35 47
60 66
54 41
31 45
54 40
30 80
5 78
57 21
61 19
57 79
18 71
30 73
50 31
64 6
36 80
19 53
11 55
20 74
14 57
9 23
39 52
2 27
78 62
16 72
47 43
41 7
44 21
39 79
60 10
57 56
56 68
60 37
20 8
19 44
31 49
24 22
7 58
69 66
20 65
57 76
28 69
59 71
43 42
38 16
68 9
64 46
22 43
6 14
60 8
25 24
10 8
18 23
10 32
78 10
40 12
20 53
60 31
31 13
76 76
59 63
56 68
40 7
78 23
68 72
7 6
58 60
8 49
46 54
58 3
4 46
15 35
12 19
76 65
55 74
58 46
49 49
31 37
45 10
26 43
46 71
39 8
77 51
19 55
24 37
10 34
49 66
58 46
27 39
77 73
9 73
51 47
77 21
2 54
7 71
51 62
14 1
55 44
29 61
14 53
18 11
73 70
1 62
79 71
25 77
60 32
21 16
40 69
56 80
78 6
40 7
68 23
45 59
49 41
55 47
76 37
78 40
28 11
7 10
67 34
7 24
3 20
3 62
74 12
64 75
63 3
57 3
71 74
41 30
63 49
45 15
75 77
49 37
60 45
59 50
57 69
49 4
36 65
30 35
1 18
55 7
13 9
7 28
21 27
80 55
41 18
59 39
16 28
5 69
68 51
30 8
15 26
24 46
40 31
66 27
26 9
5 25
33 13
26 26
76 11
32 37
42 73
20 51
66 79
37 70
67 64
56 12
63 35
16 52
65 41
44 36
55 7
14 75
74 61
76 70
70 70
62 5
33 10
26 75
63 2
76 47
34 24
13 42
29 4
6 16
3 10
73 7
75 2
26 53
65 10
56 69
3 18
40 76
51 41
14 39
64 17
15 60
20 34
30 80
73 16
32 35
50 69
21 27
39 58
6 54
58 56
77 11
6 20
74 76
75 25
66 2
40 71
65 12
32 56
63 16
62 48
79 22
40 71
8 29
60 26
40 4
2 63
63 48
45 49
2 37
71 17
25 32
60 75
44 24
54 34
64 63
39 33
25 62
20 18
46 38
8 39
56 5
56 5
1 73
59 31
42 63
27 29
27 28
38 64
55 41
77 13
13 54
44 12
27 31
38 52
44 40
63 44
66 36
53 45
50 30
10 68
55 57
9 17
8 35
35 1
52 19
78 56
39 2
36 10
39 38
73 59
40 35
55 57
67 32
50 8
45 47
34 29
2 30
25 17
51 19
72 73
64 55
72 31
20 6
49 76
20 21
13 70
19 61
20 58
60 41
75 14
39 53
28 59
20 12
60 40
1 58
61 55
60 35
67 22
1 43
62 32
35 7
17 61
63 35
30 38
48 3
74 55
20 56
75 13
47 33
43 52
58 13
64 68
12 75
52 79
80 38
48 20
50 18
69 4
34 14
47 78
68 52
65 67
22 23
1 38
63 1
57 57
31 40
57 1
34 41
73 42
60 71
66 72
47 7
65 14
36 63
6 47
12 25
70 24
79 64
23 71
29 14
64 77
74 35
33 32
74 30
31 69
36 57
28 65
11 64
31 69
39 31
24 36
57 9
25 51
33 29
14 56
43 39
17 71
58 49
72 10
62 57
75 48
28 39
59 45
3 50
17 48
3 63
17 22
33 69
74 80
47 21
11 45
49 62
48 26
13 71
75 36
35 56
40 75
6 34
38 39
70 57
23 32
24 56
78 71
34 72
2 22
77 72
14 34
43 42
46 79
74 71
21 33
14 78
74 18
60 2
23 11
36 20
50 17
77 32
14 42
70 5
46 71
4 6
1 44
60 74
71 48
28 42
