80
1280
60 48
18 17
29 17
5 15
37 73
43 36
57 13
1 52
76 2
58 43
66 5
69 38
1 73
46 69
13 24
79 11
67 55
8 48
42 59
67 19
71 9
9 44
18 1
60 15
27 25
44 23
3 17
32 51
80 55
71 60
80 17
75 66
47 47
31 80
21 57
73 45
16 50
17 12
41 17
68 38
65 78
5 2
6 72
34 69
57 32
72 46
28 47
16 68
76 79
61 66
18 75
8 19
6 32
74 6
41 2
38 5
68 58
71 63
76 9
25 46
17 22
66 20
78 21
58 43
73 58
7 57
21 57
33 38
13 30
46 34
38 67
41 50
28 46
33 68
57 64
4 37
34 60
17 42
62 53
70 19
53 28
7 70
68 39
55 31
24 20
63 11
64 53
9 68
66 13
10 80
58 25
36 11
53 35
76 53
33 18
78 76
31 33
72 29
38 33
23 8
69 73
75 36
63 58
72 56
18 26
77 45
25 2
48 50
74 53
14 76
54 28
37 19
34 12
61 24
9 58
38 17
62 63
29 63
43 72
29 65
31 48
78 52
51 26
4 39
51 38
56 24
11 52
45 1
7 35
69 27
80 9
74 54
54 75
28 15
74 66
56 61
10 36
60 22
36 78
7 25
12 71
19 5
4 5
6 59
22 8
30 15
14 16
49 14
57 57
58 12
67 46
3 41
48 59
36 1
3 27
34 11
65 17
67 6
62 38
62 29
49 66
78 64
58 36
75 80
38 62
9 76
25 70
53 17
2 70
30 21
58 68
29 54
17 58
49 13
42 9
18 43
54 33
42 38
68 64
53 3
13 56
80 71
19 33
52 55
67 52
26 67
18 32
18 61
37 76
28 6
23 62
62 27
63 47
36 4
29 47
46 72
10 63
76 48
76 3
27 16
49 79
9 53
7 76
10 23
45 53
12 2
50 53
64 35
35 76
8 62
22 46
12 24
52 59
37 63
4 26
37 36
39 7
45 15
9 27
40 74
71 41
11 22
77 43
3 76
52 30
46 16
68 44
71 14
31 38
65 50
30 49
49 44
49 43
32 30
52 72
65 49
34 26
41 16
6 74
39 20
70 70
17 42
22 13
79 38
63 6
43 35
13 11
24 58
7 73
47 72
35 16
43 17
34 19
24 75
53 54
4 13
70 21
13 30
73 70
12 39
49 37
60 18
80 32
59 47
66 69
13 28
15 10
31 29
13 32
76 29
23 17
38 6
20 34
39 7
11 56
25 11
26 1
50 4
66 72
5 15
30 43
73 28
73 20
61 18
48 80
36 6
53 63
65 53
51 69
56 23
70 58
43 80
13 73
66 74
79 5
11 37
11 3
23 35
72 36
2 68
25 73
3 5
64 39
80 49
38 36
55 20
38 51
16 12
10 6
47 35
37 75
4 63
16 59
43 21
21 73
46 69
34 44
13 49
15 79
46 41
49 17
63 29
23 7
24 65
72 7
62 45
18 2
49 11
7 45
5 13
77 60
38 55
67 73
38 50
12 26
9 49
21 6
75 19
60 27
70 53
4 13
21 68
65 57
62 63
4 66
70 15
19 10
18 37
66 40
21 26
46 20
8 56
49 76
45 22
7 29
50 34
56 55
27 63
5 2
34 8
25 79
71 57
47 60
24 2
79 25
79 47
73 64
28 46
62 71
64 9
24 35
18 67
36 43
51 26
61 35
9 3
11 35
32 68
75 20
58 79
56 57
21 59
63 10
29 19
50 69
78 1
54 5
4 8
27 74
25 44
16 9
36 22
10 48
55 37
25 73
61 58
7 76
51 70
32 16
59 18
13 3
6 53
8 38
28 11
11 80
45 68
78 73
4 54
34 14
5 38
10 13
68 2
5 40
51 52
66 35
34 24
67 15
72 50
20 3
15 74
51 65
48 14
25 32
58 8
18 63
5 39
58 57
3 49
58 27
74 25
53 55
7 31
56 64
49 44
16 7
74 52
26 23
53 59
73 19
45 74
30 13
53 45
76 48
20 34
14 3
3 22
37 64
75 32
57 76
76 48
60 8
39 3
42 64
20 62
67 80
72 1
44 59
15 74
33 13
74 56
54 28
3 75
19 36
29 11
35 3
27 74
61 26
63 17
22 58
17 71
9 39
24 68
33 64
76 17
53 6
60 74
70 13
78 29
72 77
73 19
33 25
39 15
66 32
76 68
68 5
61 25
43 26
14 15
75 1
14 32
45 68
36 53
45 26
68 5
8 37
60 1
11 74
26 8
62 55
21 33
79 64
65 20
14 46
69 37
10 12
13 49
68 59
44 18
1 36
60 57
61 72
51 49
49 14
67 59
9 31
10 75
62 32
56 79
36 50
56 52
37 51
80 22
65 17
76 50
67 9
21 23
63 80
24 12
78 40
14 8
28 21
32 22
34 3
32 22
64 55
19 21
44 64
67 13
35 80
5 71
10 1
52 48
4 5
63 49
13 63
8 28
61 78
77 8
80 25
18 76
52 13
16 43
5 23
15 39
28 59
30 43
25 14
8 2
61 63
73 73
7 40
26 44
50 4
11 67
29 74
60 39
74 69
65 29
45 60
12 79
33 54
67 17
11 27
17 39
58 18
75 55
78 37
75 62
23 79
4 64
1 20
34 55
76 68
53 29
24 69
44 13
40 70
61 52
15 29
4 35
73 5
26 44
20 75
22 31
60 13
12 34
19 3
14 76
78 55
5 28
47 29
79 1
43 59
14 37
56 25
12 23
70 7
51 62
25 22
23 75
53 1
8 69
33 79
53 59
37 3
42 22
57 31
5 52
20 64
37 29
38 18
74 8
70 9
69 51
27 14
17 37
26 79
72 34
29 23
23 55
3 15
66 26
29 21
7 34
61 6
44 64
67 2
28 24
49 27
60 1
58 64
51 31
77 51
26 58
1 69
75 21
48 61
17 22
39 52
22 11
66 5
48 15
30 80
78 61
35 74
35 29
14 70
23 42
38 65
47 64
22 32
32 13
10 6
79 54
62 6
46 4
15 25
40 77
19 66
10 66
28 39
22 28
34 50
77 80
40 45
28 40
3 21
8 22
10 6
52 5
53 61
60 65
29 63
3 72
78 25
78 62
8 4
72 66
12 45
80 25
75 33
38 12
43 52
45 58
12 43
42 78
22 72
27 80
27 22
42 59
38 57
71 40
62 23
45 11
35 74
74 28
20 24
22 72
58 78
37 43
29 45
70 46
17 44
64 56
72 24
62 47
17 42
34 35
53 32
9 54
8 54
50 64
21 58
45 58
74 62
64 29
44 71
37 7
67 8
76 73
75 24
77 53
47 55
73 67
19 53
2 19
6 54
8 18
24 16
6 3
29 28
70 45
28 16
24 52
52 55
5 65
69 69
42 46
27 74
7 56
45 42
31 45
47 23
31 64
1 35
35 44
45 46
12 57
3 4
25 74
53 18
73 7
54 41
78 40
17 34
46 71
4 30
59 78
42 10
62 5
25 27
55 74
52 37
52 33
45 39
72 19
65 64
26 71
29 66
41 3
25 52
57 28
1 60
34 45
39 5
64 49
10 5
42 16
24 75
74 55
65 64
38 11
47 40
57 46
61 48
15 30
5 20
34 4
30 12
76 19
4 17
12 69
65 34
12 76
5 8
58 2
55 78
24 34
37 68
28 23
5 71
67 52
25 45
52 29
56 47
18 35
78 19
56 12
29 52
10 7
7 51
40 18
27 58
25 77
46 13
35 22
48 11
32 52
59 26
39 42
29 32
71 52
23 22
10 70
52 69
27 41
72 29
56 78
15 61
48 24
24 16
38 21
12 62
49 12
8 62
66 62
17 77
62 6
66 39
38 46
60 49
79 40
79 57
46 77
40 11
41 75
79 54
49 47
27 20
2 72
7 11
55 24
77 63
59 72
32 2
16 17
15 68
26 20
23 44
42 71
26 2
53 16
63 71
68 2
45 18
77 52
14 64
61 16
58 66
5 50
7 10
43 70
61 76
26 43
7 2
9 44
22 41
13 48
11 61
3 4
10 17
25 74
5 55
12 9
8 37
51 5
70 21
39 59
43 73
9 60
46 69
67 6
59 47
3 79
11 20
73 47
48 52
47 48
34 6
9 72
10 32
34 63
5 41
75 14
39 37
71 32
54 73
71 50
73 75
33 14
49 45
40 37
60 76
30 13
60 62
79 80
4 74
43 39
52 8
3 47
46 73
37 47
30 60
16 48
38 61
29 7
77 59
8 75
38 19
36 49
21 57
45 69
31 60
79 11
80 21
32 10
37 73
21 70
67 56
45 67
5 27
69 77
71 47
35 17
53 34
67 68
47 69
31 49
51 38
56 55
55 45
52 18
57 8
20 47
49 23
33 47
61 4
62 34
6 9
8 52
10 31
34 44
50 21
36 40
44 34
28 35
47 21
35 54
8 32
3 15
60 74
27 5
42 72
40 22
58 31
22 4
7 31
4 35
48 12
43 68
73 10
47 18
53 15
5 30
7 38
18 55
44 61
63 23
39 65
26 45
43 34
18 10
28 23
42 46
25 56
61 58
56 49
79 2
14 52
61 75
58 2
73 64
30 32
12 66
77 73
29 48
34 26
47 66
46 61
30 69
29 17
7 79
68 64
4 57
44 35
6 79
60 4
76 30
23 10
3 48
18 63
20 30
8 27
55 77
24 79
24 80
52 71
55 80
63 18
66 9
74 60
43 77
30 45
51 78
28 57
40 75
45 60
47 3
29 57
54 15
60 57
29 33
37 52
23 58
38 55
50 31
8 75
10 9
77 51
73 58
63 2
41 66
40 33
6 12
71 31
19 79
59 51
43 2
62 76
16 68
76 2
52 59
3 33
43 22
1 48
5 19
4 59
40 11
8 28
23 24
7 49
69 5
79 50
4 39
77 1
57 34
49 61
31 34
28 6
35 33
5 38
21 68
42 43
11 73
48 52
74 43
2 9
4 73
80 80
28 31
30 10
28 42
76 45
47 19
22 38
46 18
48 67
44 43
63 30
41 17
11 6
62 60
11 74
41 61
14 47
32 14
67 65
46 70
26 35
47 66
4 31
60 79
29 74
75 11
54 71
43 3
63 55
1 28
74 32
42 56
24 18
2 56
28 67
33 78
38 8
29 77
44 64
54 80
39 30
41 58
66 4
71 61
74 51
21 61
75 60
70 64
45 66
72 79
7 41
18 58
70 52
59 38
30 2
8 46
80 57
2 55
3 36
78 72
25 6
23 56
36 3
76 42
23 1
22 56
40 43
40 11
15 20
20 67
64 34
28 67
40 74
5 34
65 73
26 76
57 63
67 60
18 16
23 10
32 6
48 70
28 20
49 77
59 55
21 74
54 24
13 16
42 70
60 29
62 30
78 73
70 21
32 66
35 8
56 46
58 3
23 6
46 61
76 18
54 72
40 74
54 25
22 56
29 71
60 5
34 70
32 24
23 47
67 9
43 66
44 6
70 73
80 9
65 36
43 50
74 12
61 16
61 12
29 62
72 51
20 23
64 45
80 62
76 33
51 51
65 20
33 27
69 79
31 12
64 13
48 71
45 35
7 51
41 19
54 25
54 80
35 65
73 14
4 76
4 46
3 33
42 27
42 43
2 74
15 54
69 40
63 72
16 61
28 72
22 37
19 26
44 55
79 68
32 60
47 70
43 13
77 52
56 77
7 72
51 21
9 9
75 7
31 6
11 71
63 56
38 54
31 46
41 80
75 70
73 43
80 23
10 22
73 34
2 32
25 46
14 28
11 2
14 1
14 6
66 35
10 49
