80
640
18 22
37 27
73 48
14 41
79 12
6 74
73 53
46 71
27 42
42 2
56 38
56 45
67 4
56 62
21 71
8 26
6 16
29 68
2 67
18 55
48 54
48 14
7 40
53 72
15 9
1 23
9 11
30 53
35 43
64 72
12 44
47 51
74 79
16 11
68 5
78 49
62 10
65 70
11 14
45 65
22 62
34 38
22 36
20 28
4 64
17 11
31 71
22 51
34 43
63 19
21 28
78 8
62 49
37 64
31 38
65 4
41 21
42 4
46 61
47 50
75 21
34 56
50 20
42 70
33 25
13 74
41 16
15 54
4 62
22 64
23 40
25 15
6 72
60 7
28 20
38 19
40 74
50 57
76 61
59 72
33 21
62 33
64 21
54 6
19 52
68 51
45 72
42 35
11 29
11 3
23 64
14 47
58 64
69 22
25 45
20 37
12 68
76 41
57 39
8 76
65 57
67 72
38 36
43 50
58 41
18 42
53 37
20 7
59 21
28 65
47 57
25 74
14 63
48 69
71 14
11 78
44 76
2 22
20 62
5 23
58 55
70 10
47 80
80 49
52 1
42 50
61 46
72 79
3 51
65 45
22 32
53 4
67 14
69 34
45 20
42 67
6 10
35 61
57 41
8 14
48 24
4 62
23 60
5 48
3 69
45 65
41 40
72 3
62 37
24 18
6 44
22 30
32 39
29 6
77 8
9 61
9 65
45 79
66 61
61 5
25 37
52 72
68 26
1 68
53 39
54 10
11 49
19 6
8 75
23 30
58 69
16 62
62 20
59 15
80 76
24 72
75 80
20 44
32 40
14 22
3 2
41 75
17 14
2 12
17 30
40 32
65 64
73 74
17 63
3 46
45 6
70 44
79 23
49 11
54 48
64 38
69 28
46 28
46 53
67 3
43 10
51 50
40 40
35 61
51 15
60 14
32 79
51 25
20 16
57 36
79 49
44 49
76 50
26 12
53 54
4 71
60 2
78 18
9 21
64 29
70 64
32 12
11 66
77 19
47 29
32 24
44 51
19 31
6 9
68 49
3 32
23 43
57 10
47 8
37 67
69 32
62 50
45 38
40 77
57 12
50 37
29 21
6 49
2 25
68 37
52 69
55 49
20 47
65 10
6 65
62 69
56 18
19 48
65 25
3 55
31 22
33 16
14 18
1 60
64 70
76 73
68 17
9 3
74 37
34 75
37 35
48 51
67 4
60 29
33 21
69 55
78 20
58 29
43 58
36 56
76 19
39 80
8 59
55 54
11 51
57 77
65 7
21 77
7 72
32 79
75 17
24 16
44 3
62 22
13 29
34 1
44 18
55 38
68 47
57 10
54 78
36 43
40 58
22 76
63 60
75 15
75 42
18 12
36 36
3 20
71 64
56 62
34 46
3 41
32 23
65 39
61 26
60 68
26 34
33 68
6 16
72 77
66 37
9 31
68 50
1 28
6 72
29 40
76 35
33 71
74 18
42 30
31 53
54 71
7 17
72 23
22 30
60 68
27 4
36 66
34 44
23 35
70 36
73 46
57 12
60 15
65 61
61 78
30 27
78 1
19 63
1 73
26 45
7 48
61 36
59 28
69 50
64 29
9 24
43 13
37 45
8 41
7 7
19 10
48 7
69 18
53 8
79 55
22 26
77 11
58 58
21 62
41 42
33 57
42 55
47 56
57 46
66 77
30 67
55 61
33 30
61 38
40 37
45 24
20 49
50 40
7 76
39 80
73 67
5 67
6 6
24 43
68 38
2 12
42 48
65 71
54 18
36 71
75 63
20 73
23 47
16 20
50 14
78 55
2 38
71 49
59 18
49 1
12 21
2 15
78 75
33 8
70 43
22 31
24 80
43 49
42 56
51 13
38 22
22 23
28 44
23 75
21 67
37 42
75 53
37 21
18 74
44 47
72 1
9 74
75 40
72 8
78 31
38 62
61 23
19 34
75 34
67 62
47 70
36 28
28 2
17 79
11 13
9 71
12 63
54 33
55 78
15 70
58 27
78 26
13 66
61 24
14 11
35 31
3 10
34 2
67 27
79 75
31 48
34 71
65 45
79 28
31 1
65 22
26 21
20 62
69 32
22 66
35 13
25 72
42 42
50 20
28 75
44 72
11 60
28 62
67 63
5 18
65 9
15 56
4 27
15 28
23 47
66 79
25 14
27 32
41 9
52 27
6 46
4 78
77 39
36 4
18 20
55 29
78 71
69 50
40 47
45 78
55 41
57 53
60 8
7 25
9 68
13 58
24 56
76 26
49 7
63 23
79 65
8 49
10 54
68 54
75 1
11 21
77 9
6 73
44 49
13 7
72 35
53 80
77 54
15 64
11 43
10 71
7 23
64 44
42 25
69 61
5 5
35 28
33 61
52 4
78 32
36 33
47 30
61 48
7 23
45 65
57 4
48 73
60 63
66 24
50 41
73 69
76 58
9 59
32 78
21 14
9 59
51 35
14 39
30 15
79 15
38 73
37 41
26 38
56 18
20 47
80 80
64 21
47 21
29 80
2 43
45 7
4 32
74 19
23 20
40 39
70 46
38 75
73 36
70 41
24 20
5 73
27 32
26 15
37 22
39 61
64 10
69 47
37 76
31 11
28 12
73 38
15 16
58 24
80 62
53 50
18 2
26 40
73 36
16 16
68 54
63 43
28 31
79 9
34 43
49 32
36 66
15 61
76 1
28 64
30 12
16 63
74 49
16 23
41 38
53 50
69 1
63 14
24 25
55 16
4 53
3 25
19 61
44 25
62 59
51 50
19 2
51 52
21 35
43 42
77 58
21 56
29 11
60 46
44 54
29 41
76 45
41 48
19 15
26 34
38 78
15 72
5 67
3 60
69 78
53 76
19 16
66 4
50 34
37 41
64 71
50 9
30 14
