80
256
66 74
15 18
2 60
62 77
51 44
4 26
71 30
31 46
32 23
5 75
35 58
11 72
54 32
21 55
2 80
1 62
16 65
58 39
68 61
66 3
13 45
11 26
68 7
56 66
23 19
48 45
43 36
80 24
43 57
3 32
10 15
12 9
70 32
14 80
76 17
77 69
59 1
68 63
28 49
20 13
19 77
38 3
25 7
69 73
4 37
6 49
5 27
71 35
67 5
37 11
39 29
80 46
37 79
72 42
10 46
26 51
30 22
50 30
7 77
67 59
12 28
68 68
79 75
27 10
74 29
17 72
75 7
5 23
39 54
26 70
44 43
40 37
22 79
68 27
16 72
66 46
43 35
71 49
29 31
70 79
66 79
59 6
31 5
62 17
69 22
77 25
32 55
20 18
28 11
24 54
33 53
32 44
17 50
72 52
16 27
20 56
52 7
10 36
20 23
74 80
61 16
43 35
54 35
33 36
34 55
22 54
43 38
39 8
49 61
67 30
76 40
45 19
41 60
7 45
2 41
43 55
13 22
56 20
43 21
42 48
70 74
48 57
48 6
31 43
59 16
46 48
12 2
52 24
57 1
39 59
37 68
53 66
62 16
34 4
35 20
47 36
19 42
61 29
71 67
1 40
9 42
7 17
64 32
56 11
65 44
6 79
52 75
67 11
15 11
74 56
2 2
70 63
52 77
71 20
10 4
43 34
17 26
7 48
49 71
21 39
76 11
45 34
50 6
50 67
61 61
16 29
70 11
71 20
45 52
56 29
1 11
71 33
21 51
2 18
48 8
22 80
51 77
30 33
4 34
1 45
41 8
36 69
64 31
28 31
26 51
12 46
73 70
77 59
6 51
58 19
46 75
28 10
62 64
60 45
76 53
46 3
64 74
9 17
35 55
32 68
5 24
12 70
73 40
34 40
31 64
34 14
49 48
15 64
13 66
26 78
68 65
76 25
47 32
47 33
21 2
72 21
4 4
7 55
44 48
63 49
16 12
39 64
56 62
14 37
5 17
70 26
10 45
5 6
77 32
18 80
74 58
26 42
67 48
4 71
14 41
46 34
20 7
75 53
73 33
52 21
25 30
65 9
66 37
27 40
18 42
54 3
6 25
21 52
68 31
13 71
70 50
77 52
14 43
61 56
11 58
22 80
