80
128
36 68
33 1
59 21
11 64
19 1
63 59
42 18
39 73
32 49
21 15
72 80
29 45
50 48
7 71
17 1
51 26
61 54
66 74
37 12
57 5
55 40
33 29
42 56
79 67
37 4
6 31
54 5
72 23
60 54
58 15
25 1
7 14
12 21
72 77
15 61
44 9
77 54
43 73
26 26
19 16
68 35
14 7
52 31
47 6
24 75
34 2
1 43
58 64
68 7
11 10
1 54
39 78
8 65
20 58
71 7
54 15
43 39
45 10
9 77
21 50
21 36
75 58
53 24
51 17
11 5
7 38
25 32
22 45
62 63
17 35
26 37
16 43
65 79
16 40
30 10
27 44
66 63
75 52
10 75
68 50
53 69
19 28
25 1
20 46
51 40
26 30
12 56
58 11
40 43
25 28
52 17
75 68
9 63
49 61
41 27
52 78
71 64
21 27
71 47
8 17
33 34
15 3
61 76
39 65
2 6
70 55
50 73
63 10
60 27
41 24
26 19
54 7
12 69
5 13
50 16
46 14
36 16
20 29
32 28
17 38
38 43
72 27
11 8
7 70
40 42
62 46
50 23
22 40
