80
6400
70 54
57 16
48 76
37 4
32 55
63 48
4 73
16 37
62 22
19 74
55 39
77 76
25 54
33 25
74 59
35 5
71 5
55 36
64 78
58 17
4 19
10 35
71 35
32 73
29 65
34 78
29 52
77 2
5 51
69 6
38 50
18 69
79 12
27 47
23 36
60 46
76 69
9 40
72 12
52 55
22 12
59 7
2 5
72 1
62 40
34 25
68 59
42 33
19 31
18 26
59 20
2 59
62 10
16 75
13 79
6 38
73 72
21 7
20 70
39 5
1 73
41 66
80 35
46 61
25 7
7 61
62 7
67 73
15 26
74 67
9 26
48 2
43 69
41 56
22 30
45 15
20 55
44 66
38 72
53 7
71 74
73 17
58 55
31 45
77 66
46 13
7 69
61 66
61 26
75 52
73 74
72 66
36 30
70 4
57 12
12 45
10 75
40 36
23 3
3 50
76 62
34 58
59 62
78 17
64 36
31 18
45 47
24 7
48 56
66 79
32 42
64 65
71 14
65 5
21 9
8 11
50 23
61 80
69 62
46 56
34 39
2 54
28 30
13 22
34 36
43 38
23 34
75 69
60 70
80 43
16 21
63 32
23 12
61 10
61 55
35 28
48 26
6 6
43 9
63 56
67 23
57 58
64 6
73 25
42 7
53 72
19 4
1 31
47 17
21 30
47 5
80 47
65 61
28 18
13 37
45 28
55 34
40 74
37 19
1 51
26 17
31 36
26 79
60 54
41 20
8 6
41 31
26 36
43 50
63 69
60 24
64 71
57 35
41 16
1 9
53 42
4 18
51 65
80 28
57 63
37 18
67 5
40 18
55 48
35 6
18 75
70 15
75 32
44 12
54 33
42 10
58 19
73 25
52 62
68 33
2 64
73 31
7 10
10 41
71 36
68 27
42 25
73 9
57 8
24 35
46 8
35 2
5 3
67 39
71 17
77 35
54 72
42 49
15 19
12 3
28 30
60 68
57 24
28 7
42 12
16 18
72 75
13 32
7 54
62 53
80 59
16 4
63 17
37 14
12 68
24 53
4 27
12 35
48 74
63 44
79 2
46 48
47 37
48 67
26 13
12 32
18 26
2 52
59 14
46 33
71 32
74 67
71 7
3 70
37 68
29 74
20 60
30 76
63 59
41 66
69 33
4 64
47 69
70 21
25 32
67 73
22 76
9 54
56 63
51 3
48 6
36 9
45 73
77 17
70 58
74 34
54 16
70 11
62 14
42 40
55 77
8 34
31 3
50 67
39 70
22 20
79 24
75 79
2 22
64 37
59 49
50 36
63 65
17 74
59 6
15 77
80 14
5 26
10 26
71 53
27 56
22 38
80 20
36 42
62 12
19 23
23 51
36 29
41 62
79 38
52 73
51 48
26 56
3 58
13 15
4 65
41 68
45 5
67 29
68 23
78 49
36 11
53 38
60 52
6 60
64 34
13 24
45 32
22 79
6 16
26 39
9 39
79 26
64 31
42 42
49 19
12 69
10 68
62 6
39 43
48 21
32 3
9 25
66 65
50 27
59 24
47 28
62 10
62 80
7 45
7 29
7 62
28 11
41 2
40 37
26 41
65 19
37 36
31 69
45 39
22 13
9 60
67 31
68 6
22 44
27 17
2 77
62 14
4 35
72 5
55 4
19 78
80 6
24 56
80 43
51 29
68 44
45 30
17 62
23 14
20 45
4 16
73 3
63 22
59 44
50 80
34 18
48 44
63 40
16 70
24 51
10 80
67 28
4 9
73 1
62 6
34 19
40 58
37 73
74 57
33 6
66 71
49 25
49 4
77 34
37 65
57 24
4 22
9 47
44 48
22 22
44 24
35 78
20 18
7 61
38 63
52 46
63 40
49 29
77 8
56 8
71 24
31 50
19 6
75 28
17 45
59 76
79 77
67 38
52 25
43 63
40 38
39 22
27 50
4 61
7 61
15 44
41 3
5 47
47 60
68 35
72 13
28 1
23 63
12 14
54 72
58 53
69 15
62 78
47 57
20 51
62 48
50 73
16 20
37 38
67 32
56 16
22 36
17 27
46 35
25 30
50 30
64 50
42 68
8 43
12 38
34 7
17 56
59 60
58 66
55 68
75 19
8 35
53 9
60 60
21 37
77 13
61 22
44 8
70 47
59 36
55 42
66 3
41 16
64 56
11 78
64 41
40 68
67 76
64 16
39 72
80 41
18 28
78 18
69 17
51 33
4 32
50 3
76 3
45 63
19 6
56 50
28 14
75 7
36 41
80 22
8 75
75 46
30 3
44 11
33 64
23 43
74 49
16 15
5 22
38 65
29 76
69 2
40 51
68 46
80 73
11 13
50 17
17 76
80 47
74 21
2 19
50 47
33 43
74 80
15 2
26 51
25 6
35 50
39 51
13 70
53 64
52 17
38 33
30 25
22 61
26 10
51 21
48 52
38 6
27 51
59 70
49 8
22 61
7 42
36 24
53 47
32 3
69 44
7 72
5 31
19 18
76 69
36 23
24 4
30 60
1 32
35 12
62 3
28 22
29 79
4 77
40 22
65 21
30 11
12 33
67 46
60 34
76 53
44 23
12 77
19 63
37 64
36 11
14 56
57 60
71 18
9 19
58 28
24 36
61 29
78 14
51 30
55 39
26 39
19 4
38 73
58 29
15 23
67 40
48 13
23 25
65 80
48 51
6 18
4 62
71 3
46 26
60 2
71 21
67 5
47 8
30 63
24 23
50 17
37 28
70 31
63 22
62 2
80 9
36 37
57 6
14 30
36 15
74 27
56 48
28 32
20 67
65 76
39 4
42 13
44 42
19 79
2 40
21 67
62 39
10 41
8 47
55 56
14 77
77 65
2 21
53 48
44 68
58 3
76 46
60 42
41 39
69 21
20 10
41 22
34 63
68 34
48 38
20 30
55 27
70 51
17 70
54 40
48 74
6 44
5 59
44 56
63 40
57 66
5 57
33 37
70 18
5 10
59 40
12 26
31 35
79 48
25 44
36 33
49 30
31 70
24 6
16 73
47 24
71 4
58 68
60 21
51 48
71 21
53 5
34 54
62 28
18 5
3 13
62 53
45 31
66 57
37 71
2 50
38 49
59 78
2 57
43 23
77 78
49 11
13 63
16 49
23 78
4 72
40 59
1 30
35 39
64 43
61 37
19 41
7 47
45 46
15 37
18 65
42 26
42 65
21 51
60 43
19 57
31 13
1 53
36 4
41 35
47 56
44 2
4 38
49 28
1 50
21 41
30 27
9 31
40 7
64 30
20 48
53 71
35 3
74 31
12 56
20 68
73 53
60 38
80 44
73 19
29 63
2 37
17 48
64 18
78 73
31 69
18 72
71 50
18 16
33 76
60 58
48 46
65 65
73 69
59 17
68 2
78 70
15 23
55 57
14 14
74 63
19 9
80 78
43 44
21 65
1 39
29 14
71 19
47 67
11 77
77 40
41 70
63 20
8 32
36 67
46 52
12 4
33 10
8 21
2 47
53 79
45 40
10 68
59 46
23 64
12 64
60 55
75 5
70 72
61 29
40 9
78 12
44 80
53 78
68 27
10 25
6 3
76 62
66 18
50 47
17 37
77 66
70 67
36 36
37 28
57 36
26 2
56 3
70 78
70 33
37 5
20 60
34 61
55 21
41 23
30 68
53 4
49 59
7 5
7 1
21 80
49 54
49 46
38 66
76 72
63 45
36 20
54 42
57 64
11 17
78 6
44 43
40 1
6 38
8 59
4 22
66 25
61 55
19 30
69 68
8 78
28 46
71 14
7 34
36 8
16 2
76 74
61 5
69 26
11 52
24 68
62 38
58 67
18 47
40 26
71 4
27 14
63 40
55 75
16 4
21 70
11 26
29 32
33 27
79 47
2 54
28 9
33 26
50 39
44 61
19 78
72 25
58 75
51 13
4 74
57 30
14 15
46 66
75 75
15 70
56 7
32 14
24 32
36 52
74 41
76 15
52 71
51 33
80 33
28 36
11 20
46 78
13 50
5 26
6 69
57 26
40 48
76 61
36 70
29 78
75 25
40 9
15 41
57 13
3 9
55 33
23 63
62 9
80 22
33 69
42 57
8 7
2 12
37 46
7 26
10 78
41 79
65 30
8 13
34 28
41 7
44 38
45 41
4 64
23 48
53 65
52 30
20 46
65 54
32 57
40 50
52 44
40 73
30 27
15 17
13 42
9 57
62 70
75 45
14 59
4 26
43 69
49 52
78 80
59 24
43 57
34 62
54 39
58 20
79 72
5 43
26 6
7 15
4 77
7 57
28 21
23 76
58 48
35 5
36 75
14 1
37 55
62 7
14 42
18 78
15 48
6 3
73 6
55 61
68 7
64 41
38 39
43 29
66 28
17 40
14 47
20 74
25 34
26 5
23 41
54 52
18 35
56 45
23 49
22 42
15 47
41 70
42 35
80 52
52 67
68 24
16 6
5 42
54 48
11 25
16 56
43 39
54 14
46 42
49 40
44 64
38 59
76 21
27 62
75 49
27 52
19 33
33 71
49 38
54 23
49 71
80 66
4 50
63 35
71 49
36 58
39 19
43 33
45 43
77 64
69 75
52 9
72 57
71 28
28 56
46 46
64 8
15 46
14 41
54 38
79 31
35 46
55 21
41 65
26 27
58 50
18 41
1 78
35 47
74 60
64 72
57 12
56 28
73 43
68 45
23 9
40 4
12 48
4 2
28 46
34 63
4 56
66 45
62 4
79 59
7 66
40 71
13 23
27 13
31 31
23 70
52 67
56 72
68 10
2 37
8 39
49 80
48 67
44 65
59 35
57 13
7 54
1 65
1 13
51 49
72 10
10 34
31 13
16 1
22 14
75 80
27 7
24 52
36 35
60 58
75 57
74 56
13 68
7 51
68 30
56 48
71 7
17 32
8 78
52 57
53 66
19 38
60 72
42 60
56 24
67 65
47 54
61 68
35 26
32 3
19 49
80 59
34 26
35 1
23 71
66 8
49 54
30 9
24 20
55 66
27 15
41 55
80 7
77 48
4 39
41 13
15 73
33 74
18 14
19 14
53 20
14 74
46 24
54 31
16 43
57 34
10 11
30 61
14 73
78 50
9 71
58 35
30 13
69 30
22 18
40 30
34 9
2 64
14 68
42 27
74 45
49 77
45 1
62 33
7 51
40 48
80 39
10 22
44 47
33 33
47 67
78 66
39 72
61 54
3 1
52 29
20 26
30 26
41 54
1 76
7 67
1 37
38 3
26 70
31 65
44 14
13 58
24 54
12 54
1 20
22 39
26 56
6 33
42 59
76 22
64 41
56 2
9 19
4 34
7 28
36 50
23 25
12 34
55 15
18 32
44 41
59 17
27 69
5 62
70 79
23 48
61 50
13 55
9 23
41 46
10 77
43 58
51 69
48 51
9 6
47 2
35 66
74 18
62 72
29 71
7 54
11 6
31 80
61 52
52 65
39 72
47 78
17 77
11 54
30 29
52 22
8 1
55 37
27 64
36 42
6 14
60 38
23 10
36 52
68 59
48 2
53 25
62 5
76 16
42 4
48 77
21 34
46 80
20 32
63 79
21 62
73 26
12 48
55 46
6 52
20 12
59 32
6 39
9 5
66 45
78 38
6 8
53 6
25 14
15 49
12 19
7 48
6 31
4 54
42 3
55 57
72 68
8 59
14 67
16 18
52 32
75 36
58 34
32 3
38 27
12 25
45 16
33 25
43 30
74 48
57 80
51 4
24 76
66 34
29 46
68 62
23 71
2 40
49 20
30 14
28 35
57 44
2 5
72 58
70 56
30 39
39 63
21 30
23 35
10 71
25 75
51 47
57 17
24 45
58 15
54 74
40 43
62 25
67 9
13 43
26 80
15 48
65 1
57 13
32 6
36 46
25 71
80 5
27 50
13 38
20 60
42 38
55 4
59 69
80 27
51 41
57 10
29 79
76 2
2 77
11 9
18 21
63 32
33 25
27 20
40 41
50 80
39 57
39 73
48 47
38 53
44 52
2 63
66 46
40 72
6 67
19 33
18 29
42 69
39 13
26 41
8 71
20 72
65 36
3 37
63 9
77 39
78 28
5 33
72 77
5 8
17 19
61 53
24 23
38 74
9 15
24 40
46 62
69 23
49 67
22 23
45 78
64 51
23 37
71 71
28 52
77 31
18 39
63 20
29 54
40 36
75 72
22 67
21 79
21 39
1 69
13 61
45 26
45 68
33 78
10 77
47 26
53 10
68 55
6 4
56 4
17 9
80 28
70 13
57 52
32 23
64 60
70 35
22 6
65 67
37 60
51 79
49 17
52 31
79 7
20 48
14 28
49 20
44 51
43 14
63 6
55 74
75 12
49 64
4 56
50 71
30 44
25 41
44 65
68 10
51 55
70 48
49 42
51 6
51 54
2 20
49 11
79 58
33 53
49 6
69 61
2 75
28 48
12 51
76 13
47 14
62 66
49 35
19 73
37 61
51 25
63 62
41 72
75 58
6 50
37 41
17 11
8 22
57 59
79 28
76 32
7 59
20 16
20 28
74 32
22 10
63 58
46 75
5 10
25 29
30 41
57 55
19 64
30 13
15 9
50 50
62 37
51 68
56 12
24 8
5 53
31 5
41 71
1 9
15 8
3 65
9 70
8 53
55 8
17 80
75 49
76 33
40 2
23 19
4 22
40 61
37 36
6 69
8 28
55 21
76 23
52 32
66 22
44 80
67 77
39 48
17 21
42 79
17 38
35 67
45 59
36 6
33 71
53 30
33 73
47 6
25 63
34 66
55 39
71 19
64 60
31 23
12 62
13 29
43 51
19 57
72 64
16 77
73 62
12 34
73 32
38 11
47 23
26 23
79 32
10 31
56 40
15 29
75 7
32 72
14 66
46 21
69 71
4 1
63 7
43 77
44 8
5 80
45 14
1 13
48 2
58 43
55 66
11 74
23 16
34 53
57 80
6 51
61 23
64 3
36 38
69 30
62 73
45 26
77 62
54 56
3 10
4 51
72 65
44 52
1 28
50 62
31 76
10 60
29 14
6 45
25 68
49 44
80 69
6 72
32 30
39 34
26 7
42 57
41 72
59 28
72 24
23 78
14 6
18 59
34 48
60 78
4 27
35 36
2 2
63 27
26 3
20 13
31 6
37 25
73 10
79 72
75 75
36 27
76 69
53 11
4 18
28 2
45 23
13 56
60 62
24 43
52 11
19 34
14 55
3 67
20 76
72 57
9 19
22 5
39 3
69 59
57 39
33 54
66 16
73 18
1 10
45 44
20 34
3 10
25 53
75 29
78 43
58 70
26 16
48 51
1 39
38 72
44 25
80 80
68 42
2 23
62 14
51 33
22 53
9 78
59 19
60 59
39 75
46 28
56 13
44 74
8 72
58 75
61 61
37 57
3 46
49 48
2 41
44 26
72 74
24 66
52 56
8 27
47 46
2 41
24 18
25 63
76 12
11 69
4 38
45 50
19 77
16 73
16 64
27 57
52 73
26 20
56 26
51 45
9 47
25 57
62 39
50 27
16 76
17 52
38 17
23 50
5 14
25 45
62 76
3 76
72 41
69 9
46 74
59 35
14 31
64 15
34 72
3 22
78 61
20 24
52 12
17 64
44 2
33 24
10 68
80 6
16 27
58 4
17 61
27 8
19 26
53 74
6 19
68 75
75 10
78 14
75 66
78 5
62 73
69 38
44 36
59 52
12 25
15 57
79 67
18 60
46 23
36 38
4 41
32 71
68 53
8 31
51 20
75 34
48 7
58 62
51 10
24 28
60 70
19 25
4 13
20 68
4 79
11 72
46 68
71 51
67 54
69 48
51 57
8 47
51 66
36 70
37 13
17 8
58 47
72 24
79 22
57 67
9 52
41 57
79 50
7 64
24 29
51 3
15 35
79 26
1 72
25 67
46 6
64 62
67 19
32 4
70 46
78 75
73 17
16 14
9 66
17 18
55 46
50 41
57 9
1 56
54 39
43 10
56 45
6 70
70 40
75 49
3 80
14 28
41 71
33 59
9 49
78 17
48 33
30 58
64 55
33 30
46 56
26 19
14 59
10 29
57 2
44 74
63 71
18 21
66 52
77 35
44 25
66 32
42 66
11 23
74 22
53 29
27 13
22 79
22 23
68 18
19 62
24 36
38 58
57 57
69 20
69 21
36 65
46 38
51 5
25 25
25 35
50 6
35 75
29 78
19 53
60 22
33 76
44 37
59 26
45 59
48 49
46 62
25 56
76 21
21 26
38 54
72 15
24 68
58 67
18 9
6 65
49 49
51 18
7 14
67 40
52 41
80 64
10 73
27 62
42 4
13 27
12 42
4 74
65 51
59 39
61 27
21 80
49 72
7 73
72 60
34 21
79 72
26 44
10 9
20 24
70 34
58 72
26 44
51 55
78 60
27 10
46 33
51 77
32 46
40 59
74 7
70 79
71 13
4 8
8 21
14 22
21 28
10 66
63 3
71 70
76 35
34 30
41 49
25 5
49 58
35 54
23 15
80 7
63 55
67 27
42 80
20 79
18 70
13 58
38 38
27 75
14 80
61 8
62 6
68 16
62 3
62 8
79 70
51 28
50 25
36 21
28 47
73 31
21 43
55 67
35 45
65 72
18 51
47 77
28 37
27 47
51 25
30 6
20 58
76 60
52 57
50 16
54 7
42 63
41 56
12 45
74 43
25 7
18 51
78 36
37 48
7 69
14 75
4 75
19 44
34 43
47 9
7 75
22 16
19 5
10 28
39 59
80 2
57 36
48 7
3 5
80 79
77 72
7 28
52 7
15 16
12 10
78 58
17 44
6 55
24 4
49 80
26 4
16 64
1 46
27 49
51 80
11 21
48 63
10 57
5 36
77 54
20 65
62 18
39 61
50 74
70 57
31 31
80 6
71 59
63 65
32 14
46 35
50 5
61 63
24 78
18 72
56 61
70 43
45 12
68 48
69 1
25 71
32 79
71 16
5 38
10 58
7 71
9 63
25 8
41 30
2 17
54 60
75 64
15 3
12 78
22 78
23 2
2 44
57 3
76 54
24 47
55 8
75 3
68 28
36 11
51 23
74 59
63 27
53 30
71 72
77 49
12 35
61 30
69 80
45 28
52 77
25 13
21 48
25 17
49 24
51 43
51 19
26 59
71 21
20 60
26 58
77 31
26 76
31 71
71 22
60 10
45 19
1 17
11 30
78 59
66 58
22 42
16 32
28 16
73 5
33 31
4 60
63 14
10 28
22 50
38 37
6 71
65 58
52 64
70 7
39 68
49 59
31 72
8 66
56 5
45 63
29 18
72 41
58 21
40 21
63 10
41 6
62 23
33 23
74 79
78 46
71 66
22 51
72 53
5 37
71 76
35 42
31 41
72 32
5 23
43 54
20 77
29 18
22 40
3 7
1 8
55 7
37 43
29 60
36 9
80 65
70 25
40 42
45 72
70 57
45 52
63 59
30 33
30 9
30 14
56 74
70 54
80 5
33 64
58 14
29 49
48 58
5 27
62 3
54 67
55 80
31 18
22 57
6 19
77 24
50 11
13 17
74 80
75 23
22 36
4 32
68 24
64 26
13 2
68 72
28 51
26 14
17 1
51 35
56 18
58 56
23 2
38 42
70 19
3 15
64 58
60 26
56 26
73 55
24 6
14 42
45 14
74 29
1 51
55 10
24 29
21 71
34 6
58 2
6 50
46 72
34 44
68 52
29 72
8 26
40 41
69 59
24 31
37 19
42 28
21 21
26 47
78 3
20 80
59 36
78 10
31 71
75 70
58 39
72 15
49 9
54 62
66 19
14 61
37 3
26 54
7 54
4 46
71 70
46 11
37 1
58 58
44 67
50 31
3 52
5 79
6 31
23 15
51 23
43 77
6 38
69 12
34 41
6 57
15 34
3 16
76 52
47 16
7 74
46 72
72 47
24 43
35 79
10 44
26 79
52 69
36 20
24 66
63 14
61 1
25 70
76 64
50 7
14 41
66 57
38 75
68 16
69 73
32 3
18 16
34 73
6 44
63 10
49 5
45 31
42 74
27 17
77 58
8 29
38 52
44 41
32 56
53 62
21 14
39 28
75 69
8 47
29 50
22 53
58 18
65 19
44 61
48 74
1 53
55 17
26 28
53 8
22 63
19 53
41 8
33 43
46 12
76 9
41 43
34 5
78 32
71 30
70 40
42 14
57 61
24 18
72 32
22 10
28 4
30 70
76 58
80 47
46 20
28 18
62 49
37 65
31 59
34 57
49 13
71 1
67 42
61 12
35 40
78 38
35 57
30 17
21 25
55 20
74 37
11 67
14 13
41 76
46 62
3 56
19 72
73 72
29 72
46 16
14 44
49 32
76 13
22 33
7 65
38 69
31 67
60 42
59 12
23 40
55 77
9 33
29 68
62 29
15 37
20 13
22 4
68 4
72 61
63 51
43 8
26 37
20 50
11 31
79 71
63 10
80 2
54 48
16 71
10 32
16 10
54 30
35 5
26 50
22 73
25 18
58 59
75 24
25 45
2 62
61 39
43 64
80 76
70 45
72 51
62 9
46 13
4 46
77 72
73 29
11 21
6 29
21 70
58 79
33 73
62 41
61 30
71 78
1 68
52 44
68 15
7 35
37 25
80 14
24 52
49 24
41 11
76 14
27 73
61 1
65 56
29 35
42 38
64 58
76 58
41 46
2 65
14 38
10 4
35 4
57 29
19 33
73 77
48 24
26 53
47 20
36 22
38 59
27 21
6 72
68 41
27 12
75 41
63 76
45 78
54 63
23 13
58 57
42 72
11 31
67 72
62 33
3 55
4 19
11 43
19 2
37 47
78 49
26 39
63 34
27 26
5 11
5 60
3 59
69 71
6 63
13 3
3 16
25 51
15 70
57 37
51 7
32 63
65 11
63 74
51 30
60 36
77 54
72 79
52 37
60 78
5 39
70 11
38 12
8 23
45 24
60 34
58 44
74 44
44 45
42 59
28 48
34 40
59 63
3 31
61 55
41 71
53 13
11 2
59 62
37 68
30 23
46 46
9 73
46 71
58 34
16 30
10 9
60 17
53 36
2 28
20 12
30 17
69 56
59 28
77 65
23 7
66 74
12 70
80 65
68 39
34 61
28 64
42 44
15 69
62 26
34 4
31 69
37 53
79 18
75 49
22 47
31 53
29 1
6 56
69 20
77 17
40 38
53 77
16 44
28 54
21 10
7 34
19 77
43 4
39 13
12 42
53 30
58 50
37 41
29 76
68 70
70 42
77 21
39 27
60 65
2 61
52 24
80 78
64 50
37 6
39 3
73 16
40 39
35 6
79 40
6 29
73 38
52 53
73 24
20 49
75 33
37 55
52 64
46 60
30 53
3 48
33 15
77 23
11 53
77 39
28 59
40 70
28 68
17 73
6 8
24 20
54 36
67 45
55 7
55 5
28 34
9 6
40 73
13 17
8 44
62 21
21 37
5 16
16 52
1 1
70 62
59 70
28 63
62 22
24 56
45 37
57 35
80 53
42 68
10 53
30 27
69 35
59 42
2 6
35 76
52 43
48 74
20 27
1 36
20 49
76 41
37 23
69 80
62 21
6 27
64 45
73 41
42 30
46 11
7 42
53 59
21 76
55 28
69 7
51 40
13 47
59 56
3 72
52 4
71 42
40 69
32 41
34 34
33 10
30 8
64 63
9 27
69 28
26 35
6 8
60 72
64 11
13 74
67 31
35 39
71 4
19 10
57 76
7 1
40 9
66 15
14 56
67 33
67 8
16 28
20 69
54 2
14 73
77 14
42 51
50 56
25 14
23 64
56 78
35 66
23 2
8 43
74 21
61 68
19 59
10 21
62 60
64 18
32 69
10 72
63 36
65 10
32 59
43 78
56 76
80 29
31 52
22 46
24 39
38 54
56 57
53 57
19 77
18 6
70 39
41 79
33 49
59 45
41 1
36 78
37 34
18 29
46 7
19 39
25 58
41 55
29 15
68 42
30 54
72 34
8 36
65 50
65 14
58 72
35 7
53 50
72 74
52 20
78 45
24 3
3 31
32 28
36 15
19 42
4 80
8 37
7 78
18 75
38 13
38 73
2 56
26 72
24 56
21 25
43 54
3 50
12 44
76 5
46 58
62 57
12 59
58 45
4 11
77 80
48 56
65 10
68 23
6 42
76 13
79 72
80 71
20 5
71 73
56 60
37 53
41 7
23 26
40 7
73 24
52 22
68 15
26 15
28 25
18 25
58 30
62 43
21 79
7 26
35 37
2 49
11 73
2 18
65 26
46 47
2 18
30 28
8 37
12 76
42 60
50 31
54 52
18 46
77 22
17 66
53 78
28 61
10 68
26 28
1 34
35 50
58 61
43 51
3 16
53 39
74 41
59 40
63 63
34 68
22 64
60 69
57 30
15 63
2 38
49 43
10 51
54 74
12 76
14 64
28 46
55 18
76 66
43 47
17 59
80 80
26 65
62 77
1 12
48 47
29 59
38 48
18 72
16 25
18 28
16 48
54 19
67 65
68 22
4 25
76 13
13 2
4 21
69 66
10 20
52 66
8 70
3 72
18 47
21 76
26 23
13 56
49 31
66 34
47 55
79 38
52 6
70 33
68 45
14 65
21 58
58 72
80 20
72 35
76 12
46 19
20 44
9 78
58 34
71 71
2 16
46 15
28 65
7 21
26 41
4 31
80 14
47 68
22 69
17 10
21 71
4 51
39 67
41 17
54 53
22 3
42 68
11 58
16 68
14 65
46 23
62 22
25 53
37 5
17 17
27 31
20 68
65 42
12 31
39 4
35 4
61 46
61 68
75 36
40 64
42 72
58 4
22 33
50 5
5 7
68 31
35 24
66 1
12 76
62 37
52 60
76 39
35 56
13 64
38 25
28 1
67 73
17 31
29 38
78 77
39 44
58 27
66 15
6 53
44 29
55 40
71 54
43 38
48 55
80 42
41 31
53 73
46 33
29 27
58 27
1 50
63 55
68 67
46 57
53 10
38 4
8 14
30 10
61 49
1 15
36 59
32 5
65 65
48 55
58 67
57 14
33 19
7 37
48 42
45 44
31 53
14 69
77 27
72 52
18 5
29 62
7 43
63 68
45 20
4 59
23 45
1 30
73 29
33 68
28 72
43 10
61 40
6 70
10 35
18 15
60 73
37 59
54 24
13 64
15 28
78 56
37 37
48 8
49 73
48 78
45 80
60 19
60 28
67 64
25 42
63 79
24 50
7 71
57 47
26 72
80 3
71 37
8 35
19 64
35 5
28 37
20 8
1 29
39 8
68 10
9 6
56 62
61 22
42 7
3 29
62 61
66 54
23 23
7 75
28 43
27 43
38 23
41 59
50 55
30 11
10 69
59 46
16 63
4 67
79 46
61 65
45 24
42 19
20 80
59 31
60 72
21 8
73 80
8 59
26 50
23 29
65 27
36 20
72 33
4 59
46 75
22 13
71 57
42 44
5 67
16 6
56 72
38 61
77 27
75 63
1 9
40 22
39 79
80 73
12 27
58 77
44 65
40 34
31 6
29 12
19 33
31 68
37 80
19 55
74 79
56 19
23 61
4 69
2 10
19 9
56 33
56 52
61 29
79 38
9 66
15 18
44 8
69 27
51 24
9 36
3 17
67 17
23 38
34 65
78 50
66 33
49 77
6 36
2 33
13 59
24 70
16 59
7 4
59 4
34 14
4 1
37 69
16 6
59 9
79 1
55 31
41 35
70 68
11 35
26 21
62 2
58 71
37 17
69 24
68 71
32 1
61 29
54 42
59 45
13 15
16 42
22 30
5 61
23 69
42 14
41 21
27 10
21 13
66 4
35 27
26 44
60 53
34 59
8 13
5 39
22 31
39 76
77 66
47 36
75 46
2 80
53 28
78 59
59 11
42 73
50 63
33 69
62 40
28 43
73 18
51 80
79 78
51 69
71 25
76 12
39 72
9 44
32 13
33 37
38 26
4 72
34 32
56 27
14 73
50 32
26 6
63 10
75 57
67 46
3 8
69 2
12 45
29 2
44 14
73 8
77 50
14 33
44 38
6 72
64 73
78 5
76 7
6 25
56 57
22 4
3 14
53 21
35 71
5 75
42 61
78 60
47 80
58 20
1 71
44 6
70 50
59 36
13 59
17 8
59 2
41 47
29 59
40 48
21 74
43 62
71 15
6 11
27 51
36 65
4 74
53 5
35 61
44 72
44 21
72 40
27 73
55 39
47 79
15 78
42 44
39 49
55 49
51 16
19 38
29 8
40 63
76 64
72 55
67 17
7 62
5 8
59 52
27 17
44 72
66 76
12 12
19 68
58 58
44 74
61 48
32 66
75 57
62 68
27 67
6 1
77 38
19 42
27 29
62 80
42 45
34 1
21 22
36 35
17 72
77 64
52 25
63 12
13 30
57 44
60 43
12 62
68 1
11 14
31 10
62 21
35 10
19 43
50 40
25 13
6 29
44 57
38 29
74 32
76 61
80 61
33 78
40 48
68 18
63 34
48 1
53 22
49 71
5 38
35 59
37 42
4 6
53 38
75 44
67 76
13 50
69 43
18 61
70 62
1 65
36 10
3 29
9 33
35 71
12 71
17 23
69 6
11 60
45 33
63 59
79 6
67 19
68 58
8 79
78 43
34 53
57 60
43 43
48 54
16 12
21 62
73 61
42 72
67 79
45 2
3 71
76 55
31 18
76 73
46 14
25 30
6 25
32 16
21 38
77 49
12 37
29 15
7 7
20 76
38 54
35 27
76 29
44 50
72 23
72 2
11 69
20 25
9 10
9 35
11 27
31 12
34 2
27 25
75 24
8 11
57 76
17 72
35 8
55 57
36 21
80 18
75 62
59 78
60 59
73 8
66 60
37 40
61 21
51 11
63 1
24 18
51 23
2 30
10 68
24 7
56 26
14 58
39 23
71 18
57 63
71 62
57 53
51 64
43 29
7 61
29 44
21 4
6 39
27 77
75 36
39 9
40 26
64 21
74 54
32 68
15 55
37 78
36 8
1 9
22 74
40 52
19 46
75 26
42 68
76 9
40 34
9 61
46 27
50 45
36 37
44 70
31 47
60 49
54 58
25 79
67 41
71 75
11 18
43 72
60 29
70 52
67 35
26 16
34 31
29 2
69 61
68 77
45 36
53 2
53 20
27 43
13 9
51 63
15 37
26 38
69 31
23 42
58 49
29 25
76 57
6 52
28 64
59 4
75 24
10 23
11 78
32 17
34 35
41 64
29 78
45 45
80 6
78 17
32 30
29 21
25 5
61 21
80 62
18 63
33 64
51 76
57 25
12 32
34 9
37 5
62 49
36 74
37 67
3 52
51 26
32 2
50 66
68 10
15 52
67 80
77 14
24 61
25 11
21 75
32 1
1 16
79 78
23 56
20 66
43 58
18 1
64 60
22 59
41 9
24 33
34 13
40 48
57 40
42 14
74 36
68 13
49 1
80 18
28 23
62 29
23 35
18 55
8 24
75 20
26 5
3 62
48 34
46 30
39 67
72 42
8 74
56 77
24 12
41 21
13 49
62 70
79 23
5 78
14 53
19 9
38 72
36 71
2 52
33 46
44 1
27 51
30 30
1 50
13 4
51 17
18 12
46 67
15 50
76 64
58 5
5 50
67 57
44 27
36 61
21 57
74 13
62 6
18 38
70 12
27 41
80 54
34 40
59 67
33 52
19 20
15 67
74 7
43 30
38 19
25 67
72 5
3 40
39 9
30 24
31 29
45 14
39 61
79 48
46 2
65 63
70 46
23 3
60 63
2 69
32 20
35 22
66 41
7 37
68 26
71 6
20 73
78 58
67 66
73 15
46 63
25 38
58 42
65 49
43 79
38 55
1 32
62 56
50 15
44 18
54 54
80 72
51 80
28 80
50 58
18 71
43 8
6 56
1 61
21 14
68 27
48 13
3 8
51 67
58 37
9 75
1 63
8 37
73 24
74 13
75 48
5 70
68 25
72 27
26 30
54 55
14 71
20 31
65 19
73 28
32 62
20 67
40 44
23 45
21 43
16 69
3 35
62 16
30 80
72 47
50 24
44 13
48 40
9 26
11 66
40 44
11 13
47 32
39 45
15 21
7 58
58 71
23 10
2 79
19 61
74 12
23 8
35 5
38 38
38 18
9 46
66 43
46 60
29 76
6 68
14 20
71 12
35 4
73 3
38 11
15 41
45 78
14 13
22 4
49 2
77 76
8 32
56 48
58 59
70 14
62 52
33 27
38 58
24 15
76 21
4 49
20 57
5 20
22 76
76 37
56 60
37 10
3 35
24 32
18 7
26 32
58 43
46 47
12 48
61 21
15 20
60 59
73 70
54 27
37 40
7 26
37 70
16 76
27 68
28 38
1 72
32 27
11 7
1 46
40 62
80 17
54 1
75 70
18 28
15 73
50 76
41 53
64 35
24 24
77 19
47 26
56 11
12 44
51 79
5 54
8 6
7 19
27 31
74 41
43 36
46 37
43 69
27 75
47 46
78 53
77 65
59 75
45 9
45 13
47 41
56 58
10 44
58 52
52 58
70 1
37 28
17 30
35 64
51 14
22 78
59 66
7 70
60 57
43 29
28 28
74 11
55 36
67 59
36 11
39 46
9 53
15 30
10 58
21 75
30 55
27 15
65 60
35 38
72 41
63 8
48 24
29 39
54 43
68 79
37 66
7 41
15 52
79 23
8 12
30 10
39 44
31 78
64 29
22 57
68 40
78 23
31 62
38 7
49 3
65 6
23 69
29 20
11 5
8 34
4 76
2 20
13 44
1 41
66 66
21 19
62 45
34 55
7 31
43 75
42 34
26 56
7 13
9 68
56 48
41 49
32 63
44 62
31 20
51 10
50 80
28 12
60 41
71 4
50 72
72 55
39 33
50 53
13 64
66 55
46 53
41 9
78 21
32 78
7 46
1 33
44 35
24 19
23 79
45 73
2 80
49 43
56 49
62 78
48 49
62 29
39 32
8 68
61 8
16 16
12 16
13 9
6 50
78 21
53 17
50 19
12 21
31 15
68 6
54 3
74 3
55 55
3 28
37 43
41 37
43 34
67 14
50 3
21 15
18 13
21 20
77 44
50 43
13 56
42 64
77 40
58 26
75 22
27 8
58 61
67 48
36 46
34 42
46 55
42 44
21 58
39 72
59 60
11 19
17 74
70 38
46 43
41 75
66 8
68 31
42 23
71 37
2 78
41 63
39 45
62 34
47 36
29 54
2 35
78 3
62 8
16 20
70 9
47 13
32 27
55 38
44 4
30 70
20 12
6 49
24 27
37 15
71 61
16 5
62 9
3 63
48 54
31 66
5 15
67 7
25 64
33 53
30 3
3 75
48 9
57 19
51 45
6 29
72 40
69 28
79 22
21 72
14 24
76 54
49 63
56 10
3 43
78 62
75 44
75 47
63 21
63 43
80 77
5 73
60 52
44 7
30 24
18 29
55 15
7 16
51 40
7 30
48 62
29 8
14 61
36 5
5 74
4 34
5 54
36 75
60 55
43 16
18 44
18 9
1 51
79 33
27 52
43 71
15 79
33 75
26 14
2 44
68 67
71 56
57 34
22 20
26 67
32 6
69 19
76 36
75 35
34 16
63 74
12 15
26 56
45 28
44 40
6 56
20 36
59 68
40 42
43 46
8 50
47 35
50 54
70 38
50 42
33 71
47 24
15 16
57 23
8 26
28 43
64 69
75 43
48 14
30 26
5 35
77 74
78 10
59 47
59 57
25 67
73 4
21 44
72 76
73 31
35 76
32 25
54 35
8 14
4 45
30 13
54 60
55 18
53 46
45 62
67 64
61 78
16 47
25 13
10 1
73 19
42 58
23 59
78 60
78 58
80 59
28 68
77 59
30 68
26 16
57 58
44 65
39 49
35 70
49 41
46 22
49 43
34 65
21 28
28 34
39 21
50 50
69 13
28 59
25 51
5 17
8 56
1 2
58 77
55 28
75 58
1 45
34 75
62 75
19 36
67 4
31 78
4 24
3 71
51 28
76 41
79 7
61 60
54 39
80 78
57 53
27 69
79 79
53 43
79 42
42 77
66 13
30 32
45 12
56 62
5 6
2 65
44 3
35 46
40 43
8 56
72 15
13 5
19 56
19 2
47 55
49 65
38 67
52 38
70 44
71 39
18 79
36 37
64 14
10 55
79 74
57 51
51 10
37 27
23 36
42 31
78 65
58 5
67 65
48 56
50 21
70 52
20 3
7 41
65 31
39 17
31 65
20 16
70 51
13 4
41 14
49 59
79 29
26 39
77 14
1 37
18 20
79 4
53 20
49 51
59 73
73 66
65 27
49 59
57 2
10 35
43 79
7 69
79 24
66 31
14 7
4 52
58 18
49 67
27 65
19 55
24 13
9 51
47 40
29 65
31 37
41 66
16 39
52 71
31 30
17 75
39 62
25 70
58 44
67 1
1 16
22 52
38 25
46 55
37 55
54 35
41 22
1 22
58 6
33 70
66 72
32 42
26 4
20 73
45 28
46 77
31 6
63 17
64 40
42 63
30 72
52 18
65 60
45 51
34 20
27 25
68 65
30 34
56 80
75 22
3 66
36 18
2 58
25 52
63 45
4 76
56 46
48 15
13 28
50 66
70 31
27 63
22 2
9 70
39 75
13 23
21 73
74 53
35 13
61 39
8 41
76 55
4 37
26 11
60 55
36 13
62 43
15 33
44 68
70 42
23 29
38 52
37 18
26 12
34 69
15 17
72 65
27 1
64 72
58 49
26 9
26 54
20 51
56 35
70 67
45 72
4 42
74 64
16 13
74 49
28 15
71 55
10 52
73 66
66 49
25 60
41 9
76 74
51 78
69 46
72 20
76 4
55 56
49 19
31 69
64 63
26 10
68 64
59 17
5 21
45 12
16 50
20 47
3 17
30 56
42 28
33 46
54 5
32 39
54 71
53 47
12 71
56 10
65 27
20 50
68 15
34 47
17 3
51 30
49 9
70 76
63 36
52 77
3 63
21 63
21 70
30 18
47 59
48 45
31 38
24 33
30 65
57 37
64 5
47 44
58 31
72 60
13 78
69 66
16 13
19 80
13 13
68 7
13 20
12 64
45 40
49 78
39 13
32 75
68 47
78 29
53 8
45 26
27 27
39 57
10 42
34 13
64 5
12 31
25 11
60 73
58 80
14 50
21 78
20 67
13 75
42 39
67 10
14 43
43 56
55 69
47 54
23 45
66 55
61 9
75 17
14 35
74 19
2 14
2 78
30 21
55 46
21 48
65 26
21 69
1 24
77 73
60 52
18 72
72 52
28 66
52 35
56 74
2 9
55 43
34 57
37 77
19 10
34 55
7 61
65 14
16 43
65 59
62 55
74 8
80 6
1 62
30 45
38 38
21 5
19 12
11 46
46 45
19 75
7 21
21 1
51 16
40 71
33 20
61 58
76 35
16 73
60 69
19 6
56 55
72 33
70 7
11 54
51 65
57 49
62 14
70 68
39 29
76 57
52 14
48 78
61 28
43 34
33 9
58 55
8 18
44 60
8 79
55 62
40 18
28 33
37 77
3 77
60 42
75 18
24 1
19 72
77 70
24 2
16 51
40 23
26 11
38 76
78 32
26 26
59 12
68 15
66 17
52 22
30 16
3 26
16 4
75 62
40 27
78 38
76 29
23 29
6 7
80 78
64 16
31 1
24 63
51 59
27 54
42 78
39 27
51 60
19 14
52 22
68 67
78 44
71 29
32 67
41 75
61 66
33 30
31 57
67 67
44 42
2 67
79 41
43 36
24 39
4 25
74 50
55 71
52 53
23 60
29 16
60 73
67 38
35 14
31 20
62 73
31 44
75 8
3 51
55 58
67 65
55 54
79 80
36 69
31 72
22 6
9 41
42 2
14 28
18 35
33 35
73 76
76 40
52 42
63 37
10 35
61 73
25 47
13 76
1 78
37 8
6 40
1 19
74 20
71 54
74 78
47 73
37 4
41 33
65 78
19 53
52 63
15 14
47 58
72 31
14 69
41 28
40 16
23 18
24 2
77 13
65 52
15 42
18 65
36 7
79 36
30 28
50 27
13 28
14 71
70 79
10 15
24 4
60 18
15 1
30 69
9 67
20 56
78 61
41 59
26 60
24 79
51 44
11 16
69 77
8 77
35 77
65 5
6 9
2 70
15 23
45 68
10 70
28 44
28 26
55 34
79 53
24 28
10 10
80 8
56 74
14 61
24 47
65 3
35 4
26 15
64 61
15 18
32 51
40 41
26 21
20 8
21 26
6 43
23 52
5 71
9 24
61 2
80 24
76 80
9 48
4 26
19 13
29 42
8 38
41 38
19 69
36 50
51 75
51 29
72 56
50 17
25 19
79 11
72 4
5 8
61 4
47 25
21 30
77 71
3 28
55 44
57 2
22 9
4 41
58 9
74 77
67 26
64 53
59 59
10 9
78 53
40 69
39 20
2 8
11 64
37 20
37 3
39 9
10 40
62 71
17 20
53 32
7 44
40 55
58 28
56 30
36 40
3 55
48 71
50 34
71 25
43 75
33 4
55 57
72 48
11 46
25 7
1 18
28 9
70 4
13 35
18 52
28 65
2 8
21 51
20 71
70 40
38 60
29 40
71 80
16 35
16 78
69 58
66 51
26 12
42 36
52 76
4 32
51 57
79 15
51 68
65 5
16 28
25 35
47 30
64 34
42 68
71 27
60 1
71 45
76 75
68 68
28 53
31 35
69 3
74 33
64 49
2 23
3 49
68 10
39 2
33 7
6 77
53 21
47 4
4 33
74 78
53 25
26 55
20 16
34 60
9 11
62 71
69 31
1 30
76 78
74 31
9 57
1 52
39 74
8 50
72 14
70 59
28 28
15 38
15 70
58 64
79 11
50 60
2 80
32 38
23 38
15 47
20 66
5 34
11 10
73 24
20 78
51 41
52 16
4 31
12 25
73 34
80 70
7 42
58 69
53 32
31 36
37 80
53 2
69 16
54 18
63 20
69 60
34 10
21 69
73 57
64 9
32 41
48 57
37 69
78 29
32 51
44 43
19 71
41 63
22 45
36 19
36 34
6 39
68 29
18 68
21 61
79 52
78 29
8 68
45 53
33 36
11 57
47 62
75 68
58 30
70 63
43 31
6 32
69 28
22 5
51 64
50 26
2 45
44 79
59 49
76 45
4 61
27 78
41 13
18 7
27 49
35 70
23 57
56 12
48 34
38 18
40 6
68 76
8 32
37 4
42 8
12 70
20 43
51 5
40 65
65 53
6 24
36 55
10 58
18 57
31 2
80 41
44 27
76 61
10 80
78 73
6 53
62 25
13 66
78 39
68 1
75 24
29 29
17 17
30 77
33 39
57 48
69 71
80 3
71 33
75 39
62 43
68 55
45 40
48 31
8 33
56 44
59 25
46 38
33 6
59 75
74 74
73 2
37 56
14 71
5 13
58 74
2 43
26 44
74 28
9 55
47 51
55 77
69 42
30 25
21 67
49 1
41 7
64 37
48 47
45 80
46 7
8 6
38 41
15 59
50 22
32 67
60 58
37 21
34 74
58 80
65 77
6 8
25 76
30 44
6 8
18 15
48 70
33 48
14 56
25 28
43 29
67 32
22 48
76 51
24 2
77 39
73 8
79 74
66 33
68 34
64 23
22 36
5 64
54 21
62 25
22 22
22 28
20 78
45 6
74 71
47 27
39 46
58 46
52 16
65 23
13 39
17 2
67 49
13 63
80 54
68 22
45 55
40 10
50 76
30 33
61 79
2 74
76 38
24 56
22 64
42 36
54 14
77 28
35 39
21 46
19 65
6 26
28 51
75 22
30 76
12 61
29 36
62 76
44 21
54 20
22 10
40 48
52 25
46 3
1 38
62 58
24 52
20 54
42 79
37 52
44 37
12 32
28 77
50 56
41 9
6 62
45 20
61 12
69 38
70 22
76 62
75 46
60 62
29 18
66 4
20 57
24 74
5 31
50 38
45 72
29 49
34 5
64 54
29 15
41 59
16 33
48 64
7 73
72 62
20 40
13 78
1 75
27 62
47 70
53 71
67 70
67 64
13 61
39 4
79 41
57 25
65 22
73 16
29 14
25 23
67 41
48 74
30 30
15 78
30 25
1 49
61 37
51 31
3 65
24 37
16 10
30 16
63 24
52 4
19 78
72 80
76 24
24 52
50 41
6 25
33 41
14 68
55 39
72 60
31 19
13 67
32 72
40 12
79 59
40 77
74 68
48 58
40 69
72 65
41 60
69 74
23 22
11 56
47 56
75 71
44 39
58 62
19 42
69 29
23 64
39 80
60 57
29 33
62 21
68 47
73 73
44 14
79 2
26 11
40 50
23 57
65 77
40 17
45 58
78 64
14 45
16 60
65 10
53 46
62 38
15 16
9 60
25 35
70 11
16 40
22 54
53 20
39 74
55 49
14 73
56 71
51 59
50 48
23 10
61 18
70 31
51 41
8 50
79 51
77 16
75 35
75 43
18 73
70 10
38 13
32 78
74 18
22 48
28 10
53 3
21 18
3 3
30 53
51 43
80 54
12 10
67 28
34 65
76 79
18 69
38 40
22 40
22 73
77 6
59 44
70 73
20 59
50 65
9 29
10 12
14 21
24 2
15 8
46 65
69 77
41 43
7 25
75 31
10 42
27 35
42 71
79 13
28 61
2 64
33 40
10 31
48 59
65 55
23 64
48 60
79 24
34 78
26 49
44 7
40 31
79 35
7 36
6 59
21 1
39 66
13 37
72 55
33 79
11 22
56 1
14 6
25 51
47 12
56 55
64 35
33 51
12 43
34 18
43 21
5 2
51 2
64 70
2 19
32 52
53 29
30 6
33 61
31 51
48 71
13 11
60 45
11 7
4 58
58 63
7 78
50 47
71 69
27 40
37 76
5 63
10 32
47 33
8 38
38 14
68 67
53 66
37 19
78 3
39 69
11 29
9 3
15 12
17 67
76 1
1 77
45 39
25 55
59 38
35 69
68 78
22 78
35 50
50 21
11 30
60 10
66 23
76 77
39 31
67 20
60 22
8 49
32 51
10 41
54 16
33 79
51 65
14 48
45 24
2 62
77 34
48 39
69 9
49 38
25 48
28 67
27 61
29 34
28 53
64 13
79 35
7 26
78 69
9 51
29 56
80 63
34 66
65 2
9 68
31 20
56 56
38 72
44 65
66 45
62 50
75 67
54 16
73 56
45 46
62 52
73 75
56 2
80 72
13 65
51 73
63 61
30 57
9 11
66 25
29 47
21 33
14 1
15 25
78 32
67 75
12 9
45 62
21 18
51 19
5 37
41 37
71 3
38 76
76 36
39 45
52 80
80 66
42 5
4 64
76 48
60 8
21 54
30 47
57 76
70 70
56 57
35 78
38 37
61 60
9 26
7 40
9 17
80 34
71 19
36 39
16 10
58 73
7 21
19 46
77 23
30 79
2 39
72 8
46 64
33 2
25 11
42 80
40 15
54 78
73 30
13 77
60 75
80 74
20 72
56 47
77 6
3 21
11 55
49 14
64 74
80 18
21 29
79 7
49 34
23 32
32 76
76 3
79 7
58 23
79 63
45 41
78 61
39 74
17 22
5 18
42 69
47 64
36 60
23 54
52 7
64 35
40 28
12 2
79 62
55 56
75 74
29 56
63 63
42 74
74 30
13 14
27 21
19 55
12 28
64 26
42 75
71 22
34 12
58 31
25 43
41 69
1 21
18 4
10 59
42 47
55 44
74 41
78 79
18 24
10 32
30 68
73 48
44 38
74 30
18 14
57 13
23 51
34 65
44 72
55 56
30 22
52 65
38 67
5 8
22 11
54 69
52 11
43 34
58 52
46 64
35 58
56 25
75 64
69 55
60 29
16 65
46 26
37 8
79 28
62 75
35 9
33 44
79 59
60 77
7 7
69 7
44 29
54 51
69 44
27 63
69 71
9 69
78 47
74 45
67 75
66 33
73 20
30 29
73 38
32 52
67 62
55 27
63 36
11 69
10 28
35 69
63 26
2 25
56 13
8 22
30 35
23 18
63 20
75 26
36 16
6 75
53 24
75 68
42 39
36 55
65 79
6 15
52 64
42 60
52 13
40 11
35 59
79 41
1 11
74 39
15 7
33 11
4 22
26 68
1 16
80 68
71 16
23 16
43 55
26 11
72 16
58 68
37 51
4 26
39 9
68 78
8 15
41 69
34 26
66 24
60 63
5 55
22 52
52 74
66 4
64 44
74 52
19 3
55 25
21 37
70 47
16 42
24 40
5 30
7 48
45 59
48 71
24 25
67 78
21 70
52 3
26 64
65 2
68 58
30 62
25 18
10 73
9 30
8 11
12 23
69 4
57 27
30 1
52 51
16 78
14 25
22 4
65 51
1 40
2 53
28 39
56 70
69 23
32 72
51 64
69 18
33 55
68 44
8 21
50 71
14 21
26 49
21 31
5 34
1 3
20 74
71 15
8 15
57 49
36 48
60 36
78 30
38 20
12 33
31 30
7 63
38 52
76 60
68 28
58 60
17 39
28 53
9 73
13 77
8 23
52 75
43 70
30 61
25 51
7 12
41 79
70 47
38 50
67 3
35 68
36 48
67 25
33 57
34 61
52 42
13 58
51 40
54 65
61 80
70 55
62 75
14 13
38 19
68 8
55 76
73 3
80 43
49 5
25 51
28 71
26 37
65 2
23 49
76 33
48 77
8 73
17 48
20 8
79 43
31 16
27 57
14 72
73 56
55 70
60 69
15 50
53 63
8 39
18 27
25 13
59 2
42 75
52 78
60 53
58 36
4 4
78 50
17 58
36 9
13 50
40 51
32 6
21 53
80 34
80 70
61 47
60 31
2 67
60 38
66 24
59 5
76 63
66 50
15 49
3 80
26 21
16 27
44 37
79 49
7 19
14 46
33 22
33 43
23 28
52 58
28 62
18 61
61 4
61 71
51 58
50 8
70 47
11 75
46 9
59 54
33 46
13 40
12 32
45 12
2 29
37 41
47 73
19 60
1 80
74 13
37 58
70 59
48 25
12 51
3 9
10 34
57 69
33 28
46 67
64 68
54 6
4 39
14 6
80 38
32 39
74 58
56 42
39 14
47 26
12 35
61 62
32 33
48 8
24 1
39 45
1 68
46 73
2 68
80 49
42 22
73 21
35 58
7 75
77 16
36 54
61 65
2 17
75 2
65 56
59 12
34 3
53 38
5 25
44 40
13 22
79 48
41 56
45 54
34 74
43 63
43 58
24 36
34 61
55 10
67 8
66 19
12 18
6 4
73 65
74 24
43 14
79 11
1 22
46 42
30 62
41 75
14 46
61 11
1 60
72 1
1 38
70 77
25 29
76 46
21 57
70 42
70 15
47 69
75 10
19 30
54 17
49 62
24 69
2 17
51 69
56 60
51 1
30 76
18 64
78 27
32 41
11 17
39 57
26 55
26 19
62 50
12 21
49 13
38 16
62 38
30 10
62 80
67 71
23 24
39 32
43 21
3 39
11 69
78 72
18 30
20 60
14 53
11 38
45 69
37 14
36 60
4 63
69 3
36 41
25 54
64 53
60 21
78 68
64 15
57 12
1 25
45 44
19 21
5 10
51 23
1 37
62 18
17 68
76 64
39 47
54 19
70 21
70 39
72 42
63 30
25 67
14 5
48 32
75 45
8 30
23 24
31 53
46 41
43 43
37 52
15 25
80 22
31 16
27 66
39 74
13 77
54 6
34 40
39 52
48 47
49 58
37 34
42 20
79 58
23 35
63 75
38 35
60 32
25 77
80 46
5 10
39 7
33 1
21 51
66 44
4 43
43 71
78 71
16 16
28 12
34 76
45 11
54 23
54 11
13 16
56 58
49 28
26 13
46 39
16 5
10 40
75 15
52 60
73 44
23 42
35 18
77 50
39 7
20 8
45 38
17 80
60 59
26 6
6 71
40 15
48 62
12 50
59 65
48 44
8 21
29 36
54 12
51 30
30 55
8 6
6 30
66 26
6 40
19 38
3 9
43 16
78 5
70 26
71 45
10 21
21 51
64 78
73 13
49 37
60 45
53 34
24 1
46 27
75 45
39 48
74 56
34 27
33 27
8 76
79 55
18 17
36 39
1 66
30 58
2 75
28 80
64 33
41 43
37 19
38 31
26 13
76 53
21 22
37 77
9 68
69 72
55 21
78 2
7 71
28 16
61 3
25 37
27 8
45 70
37 57
41 8
9 43
5 63
61 9
4 35
9 34
21 16
58 78
37 72
53 65
32 59
14 20
54 60
73 57
36 57
1 16
63 22
44 75
53 72
56 11
15 10
15 25
69 34
66 9
72 14
5 27
78 76
58 62
48 4
22 80
52 1
11 33
20 41
74 11
6 42
46 80
6 56
19 6
26 23
37 70
50 6
10 79
69 40
17 11
79 76
20 75
23 5
78 54
46 45
78 79
35 32
1 74
22 16
55 57
32 71
78 27
56 51
61 41
29 25
41 73
27 9
68 39
21 4
72 10
45 35
60 42
12 45
40 78
58 60
78 5
73 57
71 70
23 48
74 9
36 37
10 43
35 60
16 38
73 43
10 62
60 16
9 71
77 45
41 58
24 31
55 38
32 2
16 71
61 29
5 33
34 38
33 39
50 74
9 26
80 50
68 28
21 79
63 42
64 47
13 43
27 42
25 10
35 75
8 46
77 17
60 34
70 2
76 12
25 23
27 23
1 37
74 65
23 60
52 31
13 69
27 42
14 79
64 63
73 7
3 31
1 48
69 69
57 69
47 7
30 9
14 10
48 50
18 74
71 77
51 11
45 35
71 10
40 51
79 71
66 23
32 2
79 72
17 42
23 20
31 46
2 2
28 80
26 15
13 9
47 73
60 36
78 21
33 55
65 33
40 23
50 71
19 45
46 25
26 72
74 75
37 61
66 36
6 11
1 70
26 28
60 10
56 69
76 17
12 3
14 49
47 49
68 26
43 19
51 33
38 79
59 41
62 24
72 56
56 35
16 15
59 66
39 30
68 32
7 61
20 58
14 38
59 34
47 17
42 10
47 61
30 11
36 28
3 73
9 7
39 50
5 73
40 44
17 34
32 70
13 56
57 26
1 44
44 2
52 14
12 33
78 20
57 37
19 16
58 36
27 19
1 70
14 31
42 64
6 41
73 64
78 9
46 52
54 3
19 35
58 24
47 79
12 79
54 19
56 52
44 38
32 27
54 79
30 18
56 66
73 3
46 38
52 47
74 50
51 3
67 72
60 50
25 20
40 59
21 10
30 55
40 67
55 79
35 52
63 9
21 80
47 45
13 17
45 2
64 41
21 35
5 38
74 36
71 6
11 14
51 28
7 23
52 65
60 21
3 78
27 64
31 69
29 76
73 51
27 22
65 45
41 47
6 67
9 10
11 4
39 74
4 38
67 30
13 44
53 14
66 1
15 79
20 23
51 56
18 21
20 49
77 29
76 9
13 39
36 60
38 42
34 4
20 54
11 64
51 76
47 52
2 64
6 36
5 68
25 69
50 39
37 56
54 23
7 80
42 20
79 78
57 57
58 23
53 21
9 34
24 9
57 31
6 49
12 13
46 30
10 18
66 64
55 67
73 68
51 33
57 23
47 75
46 7
22 75
43 76
24 60
12 30
65 73
9 18
67 8
80 46
75 21
20 31
45 21
51 45
38 37
34 22
29 64
74 67
77 21
55 39
32 46
28 64
35 37
48 73
33 68
66 18
35 44
5 55
2 69
33 25
21 18
73 46
27 59
68 7
3 56
4 31
9 47
13 57
68 32
18 10
71 43
69 72
14 43
53 65
39 43
11 32
20 34
8 17
75 15
75 70
7 54
42 23
11 6
38 79
49 59
19 72
20 70
74 63
52 20
55 24
15 21
72 32
67 64
56 66
4 76
80 1
55 37
30 2
59 23
21 31
67 59
39 17
34 43
55 7
49 78
35 62
18 14
35 6
48 11
1 24
33 71
79 47
75 70
76 34
7 79
39 29
45 21
23 3
70 63
64 24
45 20
62 3
30 56
73 72
13 40
45 73
14 19
33 1
79 55
61 65
71 59
69 71
63 77
57 54
23 13
52 66
69 30
64 79
80 18
28 78
32 44
40 6
13 7
74 38
7 17
71 75
65 29
10 43
50 59
21 41
59 7
69 1
7 33
59 67
30 69
41 51
12 2
33 65
13 41
22 70
15 20
21 69
20 35
23 8
32 62
68 44
5 33
26 45
44 1
4 31
20 26
66 73
26 21
41 38
79 57
37 20
35 1
43 79
50 62
4 14
80 5
57 6
61 50
1 43
41 21
12 57
16 77
4 2
40 44
26 39
60 71
80 9
8 20
57 10
25 11
78 64
66 64
37 37
24 29
2 26
78 75
63 10
63 10
29 2
75 33
51 14
35 8
34 36
75 25
13 42
41 43
72 21
74 33
69 42
31 1
24 60
76 31
45 51
57 42
63 58
35 74
60 21
5 77
65 68
18 29
4 57
75 7
18 66
57 69
12 76
75 6
20 9
36 22
1 73
18 67
5 60
59 37
13 49
37 59
48 56
55 53
4 20
55 27
30 42
9 73
30 69
9 6
12 37
30 77
50 9
61 66
46 35
23 8
60 35
68 55
44 9
59 44
62 57
8 7
49 20
55 2
48 68
65 1
77 6
42 24
75 51
18 45
68 33
71 45
56 74
37 45
50 61
4 4
22 47
61 41
73 47
6 46
6 21
16 20
39 64
66 34
27 39
23 20
54 31
60 8
4 15
20 20
45 19
31 10
20 79
60 25
15 37
76 58
16 37
35 73
18 4
73 74
36 79
12 11
6 14
52 73
12 1
10 24
